Ticker,Use SMA,Short Window,Long Window,Total Trades,Win Rate [%],Profit Factor,Trades Per Day,Expectancy,Expectancy Adjusted,Trades per Month,Signals per Month,Expectancy per Month,Sortino Ratio,Signal Window,Start,End,Period,Start Value,End Value,Total Return [%],Benchmark Return [%],Max Gross Exposure [%],Total Fees Paid,Max Drawdown [%],Max Drawdown Duration,Total Closed Trades,Total Open Trades,Open Trade PnL,Best Trade [%],Worst Trade [%],Avg Winning Trade [%],Avg Losing Trade [%],Avg Winning Trade Duration,Avg Losing Trade Duration,Sharpe Ratio,Calmar Ratio,Omega Ratio,Beats BNH [%],Avg Trade Duration,Current
LRCX,false,35,87,48,42.5531914893617,4.1295815108948855,4.575545171339564,2735.6110171173714,1256.0197507425949,0.09813084112149532,1,268.447810090957,0.9035640106752169,0,0,10272,10273 days 00:00:00,1000.0,129444.27353098552,12844.427353098552,37578.53912803767,100.0,2080.066621586422,79.6465289179724,3555 days 00:00:00,47,1,-129.44427353097126,459.48004601447775,-30.385172689878015,70.06635646172032,-11.630290267910384,247 days 07:12:00,51 days 23:06:40,0.6009293975653274,0.2368190788782669,1.122889004204647,-0.658197799831042,135 days 02:02:33.191489361,1
LRCX,false,35,88,46,42.22222222222222,3.8779931678397035,4.380841121495327,3193.8753131464855,1393.1044754312034,0.09404205607476634,1,300.3586012947337,0.9171631116693478,0,0,10272,10273 days 00:00:00,1000.0,144579.80928230958,14357.980928230958,37578.53912803767,100.0,2311.844776295608,76.12491569851856,2430 days 00:00:00,45,1,-144.57980928229517,459.4800460144777,-26.41231630662933,73.26426040680222,-11.520607847016736,254 days 11:22:06.315789476,58 days 00:55:23.076923077,0.6094601399148545,0.2539213159712007,1.124811967110464,-0.6179207265266375,140 days 23:28:00,1
LRCX,false,36,85,49,43.75,4.278272415077552,4.672897196261682,3226.4920289637166,1555.4713638254832,0.1001752336448598,1,323.2145928547181,0.925741968597973,0,0,10272,10273 days 00:00:00,1000.0,155715.9014887696,15471.59014887696,37578.53912803767,100.0,2598.805181361629,81.1525992194631,3566 days 00:00:00,48,1,-155.7159014887584,449.00101923498806,-30.385172689878008,66.02400007158396,-10.9497190877158,237 days 17:08:34.285714288,50 days 07:06:40,0.6144827072705916,0.24207176223846436,1.1259411905549532,-0.5882865457818324,132 days 07:00:00.000000001,1
LRCX,false,36,86,48,40.42553191489361,3.4171122053888445,4.575545171339564,2409.1780634105153,1050.8352434527042,0.09813084112149532,1,236.41466977392906,0.8887758204596958,0,0,10272,10273 days 00:00:00,1000.0,114117.25172856564,11311.725172856564,37578.53912803767,100.0,1955.1745401204844,80.87025798419339,3582 days 00:00:00,47,1,-114.1172517285595,459.48004601447786,-30.385172689878022,73.49134397446126,-11.469226084678018,255 days 21:28:25.263157896,53 days 02:34:17.142857143,0.5914274935319744,0.22666908353784465,1.1208433645303764,-0.6989844353896986,135 days 02:02:33.191489361,1
LRCX,false,36,87,46,40.0,3.7216579079309198,4.380841121495327,2934.7676399987827,1212.7139008259433,0.09404205607476634,1,275.9915829671752,0.9076542160292831,0,0,10272,10273 days 00:00:00,1000.0,132931.61218775748,13193.161218775747,37578.53912803767,100.0,2151.807824431358,77.10637478344466,2739 days 00:00:00,45,1,-132.93161218773457,442.40809272279523,-26.41231630662934,76.27465139394336,-11.161193714688018,264 days 04:00:00,58 days 20:26:40,0.6031716263048106,0.24607745735427933,1.1235155376974497,-0.6489176661757929,140 days 23:28:00,1
LRCX,false,36,88,45,40.909090909090914,3.9316492714509956,4.283489096573208,3703.8950820881773,1530.5351578876766,0.09199766355140186,1,340.7496935916401,0.9329856007854017,0,0,10272,10273 days 00:00:00,1000.0,163807.576035844,16280.7576035844,37578.53912803767,100.0,2611.136519146102,73.25778636663391,1523 days 00:00:00,44,1,-163.80757603581878,442.4080927227953,-26.412316306629318,76.03463738421098,-10.76730525198356,264 days 02:39:59.999999996,60 days 22:09:13.846153846,0.6191152304711318,0.2711015309929886,1.127029087712787,-0.5667538445783491,144 days 01:05:27.272727271,1
LRCX,false,37,83,48,42.5531914893617,4.308301510772821,4.575545171339564,3511.7041960872575,1612.35270711077,0.09813084112149532,1,344.60648653192715,0.93325457949827,0,0,10272,10273 days 00:00:00,1000.0,165884.213003098,16488.4213003098,37578.53912803767,100.0,2733.5835992878137,80.22524168082758,3557 days 00:00:00,47,1,-165.884213003068,449.00101923498806,-30.385172689878015,69.50706611145615,-10.818183134956465,245 days 07:12:00,53 days 10:40:00,0.6192300839262634,0.24822559984494266,1.1269822783747188,-0.5612277197862743,135 days 02:02:33.191489362,1
LRCX,false,37,84,47,41.30434782608695,3.7990216336321896,4.478193146417445,3222.982771257951,1405.8005659756905,0.09608644859813083,1,309.68496838313837,0.9206278203252,0,0,10272,10273 days 00:00:00,1000.0,149108.09937848727,14810.809937848728,37578.53912803767,100.0,2434.0527982235017,79.6457711359368,3562 days 00:00:00,46,1,-149.1080993784708,459.48004601447786,-30.385172689878008,73.49970245088869,-11.03664176941793,255 days 20:12:37.894736840,55 days 04:26:40,0.6112479571926007,0.2443389613952657,1.125229037513236,-0.6058705239342779,138 days 01:33:54.782608694,1
LRCX,false,37,85,47,39.130434782608695,3.7050250080448928,4.478193146417445,2681.5527342502905,1108.0796422521862,0.09608644859813083,1,257.66087896271773,0.8994736195236639,0,0,10272,10273 days 00:00:00,1000.0,124227.19857693644,12322.719857693644,37578.53912803767,100.0,2046.704830758319,78.63862488328414,3556 days 00:00:00,46,1,-124.22719857691845,442.4080927227951,-26.412316306629325,76.31093410904106,-10.998076477891093,263 days 22:40:00,56 days 23:08:34.285714286,0.5979544215529916,0.23764671145868935,1.1223260466194849,-0.6720809232177002,137 days 22:57:23.478260870,1
LRCX,false,37,86,46,40.0,3.775650327541861,4.380841121495327,3245.120167166584,1340.9587467630513,0.09404205607476634,1,305.17777273003503,0.919888354289764,0,0,10272,10273 days 00:00:00,1000.0,146883.52399849775,14588.352399849777,37578.53912803767,100.0,2365.1227598943083,75.86433548439872,2452 days 00:00:00,45,1,-146.883523998491,442.4080927227953,-26.41231630662933,76.13117893859129,-10.790539615124379,264 days 04:00:00,58 days 21:20:00,0.6107247984991552,0.25567720490221213,1.1250813708089131,-0.6117903266504237,141 days 00:00:00,1
LRCX,false,37,87,44,41.86046511627907,4.037197388738367,4.18613707165109,5191.896143720123,2145.411629636414,0.08995327102803738,1,467.02804096547834,0.9711050601260214,0,0,10272,10273 days 00:00:00,1000.0,224027.50667329197,22302.750667329194,37578.53912803767,100.0,3501.4917726854,73.25778636663391,1451 days 00:00:00,43,1,-224.027506673272,442.40809272279523,-20.933613514953233,75.98802111203624,-10.094210232580988,264 days 08:00:00,63 days 06:43:12,0.6429294499370697,0.2894029682942497,1.1322064944927313,-0.4065029885451582,147 days 10:36:16.744186047,1
LRCX,false,37,88,44,41.86046511627907,4.112870669753981,4.18613707165109,4821.45380767501,1992.3362841632268,0.08995327102803738,1,433.70554111095294,0.9612029198264105,0,0,10272,10273 days 00:00:00,1000.0,208114.39933069466,20711.439933069465,37578.53912803767,100.0,3146.3654678055764,73.25778636663391,1451 days 00:00:00,43,1,-208.1143993306614,442.40809272279523,-20.933613514953237,75.65611945339967,-10.238241732376702,264 days 17:20:00,63 days 02:52:48,0.6370859108800203,0.28507748399006183,1.1309536282136827,-0.44884925242832335,147 days 12:16:44.651162791,1
LRCX,false,38,82,48,42.5531914893617,3.695658651438216,4.575545171339564,3482.7493124678203,1599.0584538419744,0.09813084112149532,1,341.7651194477767,0.9322965548561263,0,0,10272,10273 days 00:00:00,1000.0,164524.69299299456,16352.469299299457,37578.53912803767,100.0,2843.1900782796256,79.1727479141619,3557 days 00:00:00,47,1,-164.5246929929708,459.48004601447775,-30.385172689878022,70.09716272432908,-10.869260641877608,245 days 10:48:00,53 days 08:00:00,0.6186877087370845,0.25108263634509065,1.12688150222138,-0.5648455294235017,135 days 02:02:33.191489363,1
LRCX,false,38,83,46,40.0,3.924499837378624,4.380841121495327,3413.203299911464,1410.4145867402744,0.09404205607476634,1,320.9846561248514,0.924779357903034,0,0,10272,10273 days 00:00:00,1000.0,154439.70878722865,15343.970878722865,37578.53912803767,100.0,2476.1161024530124,76.64005306860682,2740 days 00:00:00,45,1,-154.4397087872203,459.4800460144777,-26.41231630662933,77.24956862747342,-10.77501993240271,263 days 22:40:00,59 days 02:40:00,0.6143836312594253,0.25586849084465113,1.125880751503227,-0.5916826136736487,141 days 01:04:00,1
LRCX,false,38,84,46,40.0,3.8095027366687675,4.380841121495327,3610.217108596229,1491.825251486045,0.09404205607476634,1,339.5122397686874,0.9324020099531883,0,0,10272,10273 days 00:00:00,1000.0,163296.47341341694,16229.647341341695,37578.53912803767,100.0,2645.8041066661003,74.09216155863,2430 days 00:00:00,45,1,-163.29647341338568,442.40809272279523,-20.93361351495322,76.13117893859129,-10.478271278101376,264 days 04:00:00,59 days 01:46:40,0.6185895614573886,0.26786896259089393,1.126726045382224,-0.5681139363602185,141 days 02:40:00,1
LRCX,false,38,85,45,40.909090909090914,3.987724867737507,4.283489096573208,4582.685687142554,1893.6717715465102,0.09199766355140186,1,421.5963760075656,0.9587185149388645,0,0,10272,10273 days 00:00:00,1000.0,202435.7344997726,20143.57344997726,37578.53912803767,100.0,3187.791088965641,72.12565066174407,1523 days 00:00:00,44,1,-202.43573449974065,442.4080927227953,-20.933613514953237,75.98802111203624,-10.061708959259017,264 days 08:00:00,60 days 22:09:13.846153846,0.6350929084347716,0.2879056205922359,1.130432145666077,-0.46396070955967617,144 days 03:16:21.818181817,1
LRCX,false,38,86,46,40.0,3.7812138034394027,4.380841121495327,3910.961753901237,1616.0998983062962,0.09404205607476634,1,367.79488456664666,0.9416334479217771,0,0,10272,10273 days 00:00:00,1000.0,176816.46246309258,17581.646246309258,37578.53912803767,100.0,2875.120774712642,71.77216775253883,1523 days 00:00:00,45,1,-176.816462463059,442.40809272279523,-20.933613514953237,75.82855981783898,-10.097560128600774,264 days 10:40:00,58 days 14:13:20,0.624733804712298,0.281253659643114,1.1282511275588538,-0.5321359836154078,140 days 22:24:00,1
LRCX,false,38,87,44,41.86046511627907,4.070470337468015,4.18613707165109,3972.0451631516053,1641.3409765089277,0.08995327102803738,1,357.2984550965813,0.9378115642515937,0,0,10272,10273 days 00:00:00,1000.0,171626.31569981918,17062.631569981917,37578.53912803767,100.0,2609.206624597558,73.78859780295622,1456 days 00:00:00,43,1,-171.62631569980294,379.0613022320015,-20.180051394456942,71.83144521939052,-10.330816047827126,264 days 18:40:00,63 days 02:52:48,0.6227617011243837,0.27184458408657936,1.1277414746717562,-0.5459474485730782,147 days 12:50:13.953488371,1
LRCX,false,39,80,48,42.5531914893617,4.363317881247051,4.575545171339564,4500.62622545081,2066.4032256431638,0.09813084112149532,1,441.65023707694866,0.9628586587000332,0,0,10272,10273 days 00:00:00,1000.0,212317.11548070743,21131.711548070743,37578.53912803767,100.0,3459.9522492757314,78.50405758726905,3551 days 00:00:00,47,1,-212.31711548069143,459.48004601447786,-30.385172689878004,70.67438290778433,-10.216217957331162,247 days 02:24:00,52 days 08:53:20,0.6373327920078596,0.26712054265846175,1.1309744144138103,-0.4376654324940431,135 days 05:37:01.276595746,1
LRCX,false,39,81,46,40.0,3.8632299652956403,4.380841121495327,4122.3817784523,1703.4635448149998,0.09404205607476634,1,387.6772583708062,0.9473679393968977,0,0,10272,10273 days 00:00:00,1000.0,186320.85917118235,18532.085917118235,37578.53912803767,100.0,2961.9400435214593,77.13224040316284,2740 days 00:00:00,45,1,-186.3208591711591,459.48004601447775,-23.555004784480875,77.42005079592406,-10.24954743813843,264 days 00:00:00,59 days 06:13:20,0.6281570804296321,0.26461014022750734,1.1289070984207228,-0.5068438968855156,141 days 03:44:00,1
LRCX,false,39,82,46,40.0,3.787180881585849,4.380841121495327,3454.4357421842824,1427.4527860265628,0.09404205607476634,1,324.8622397731714,0.9263688276583749,0,0,10272,10273 days 00:00:00,1000.0,156293.31508320954,15529.331508320953,37578.53912803767,100.0,2527.6267030391277,77.13224040316283,2740 days 00:00:00,45,1,-156.29331508319592,442.40809272279523,-23.55500478448088,76.06028738725502,-10.561831339324526,263 days 22:40:00,59 days 02:40:00,0.6151796728551787,0.25489325398717744,1.1260319870660702,-0.5867499943143244,141 days 01:04:00,1
LRCX,false,39,83,46,40.0,3.958268217681796,4.380841121495327,4104.270809771213,1695.9796734591787,0.09404205607476634,1,385.9740656385311,0.9472144828948551,0,0,10272,10273 days 00:00:00,1000.0,185506.67975994464,18450.667975994464,37578.53912803767,100.0,2964.990398083731,73.79588441545488,2390 days 00:00:00,45,1,-185.50667975991382,442.4080927227953,-20.933613514953237,76.16243054685845,-10.059151278578112,264 days 05:20:00,59 days 02:40:00,0.6281952991044839,0.2763194584884947,1.1287999517774219,-0.5090105042899802,141 days 03:44:00,1
LRCX,false,39,84,44,41.86046511627907,4.121743637849142,4.18613707165109,5094.923755473423,2105.3403948237283,0.08995327102803738,1,458.30505744328684,0.9684174616276584,0,0,10272,10273 days 00:00:00,1000.0,219861.85962573145,21886.185962573145,37578.53912803767,100.0,3411.51425020278,70.57713815636816,1519 days 00:00:00,43,1,-219.86185962570016,442.4080927227953,-20.933613514953237,75.85586836450419,-10.111436897062871,264 days 09:20:00.000000004,63 days 10:33:36,0.6412595711179091,0.2992501834233038,1.1317157174186403,-0.4175881641379807,147 days 13:23:43.255813954,1
LRCX,false,39,85,45,40.909090909090914,3.8190928354653253,4.283489096573208,3721.072457111657,1537.633246740354,0.09199766355140186,1,342.32997195974644,0.9326759791051231,0,0,10272,10273 days 00:00:00,1000.0,164562.6254874255,16356.262548742552,37578.53912803767,100.0,2927.986019399284,72.67893408142062,1457 days 00:00:00,44,1,-164.56262548739323,379.06130223200154,-20.933613514953215,71.34926990895102,-9.875744037073817,264 days 12:00:00,60 days 22:09:13.846153846,0.6194986614235775,0.2735302110749737,1.1269823349945445,-0.5647445875154044,144 days 04:54:32.727272727,1
LRCX,false,40,78,48,42.5531914893617,4.422788537737226,4.575545171339564,4539.493199704281,2084.24848471271,0.09813084112149532,1,445.4642859522893,0.9642815306740293,0,0,10272,10273 days 00:00:00,1000.0,214142.03834775346,21314.203834775348,37578.53912803767,100.0,3494.263978888695,78.05479700368201,3555 days 00:00:00,47,1,-214.14203834772343,449.001019234988,-22.88498203571026,70.25933288073122,-10.261203942592413,246 days 18:00:00,52 days 12:26:40,0.6378613166940768,0.269129356109624,1.1311362269863028,-0.43280914241627244,135 days 04:05:06.382978723,1
LRCX,false,40,79,45,40.909090909090914,3.861252086934543,4.283489096573208,5130.553421452474,2120.0633972944106,0.09199766355140186,1,471.9989274992784,0.970562370187517,0,0,10272,10273 days 00:00:00,1000.0,226517.8327111977,22551.78327111977,37578.53912803767,100.0,3555.321918753528,78.29171146218759,2740 days 00:00:00,44,1,-226.51783271116437,459.48004601447775,-30.385172689878015,79.16024386738424,-10.438219330910146,265 days 16:00:00,60 days 12:55:23.076923077,0.6423173402374933,0.2714033827254205,1.1320952789069005,-0.3998759985245491,144 days 10:54:32.727272728,1
LRCX,false,40,80,44,41.86046511627907,3.953135037096243,4.18613707165109,5848.808983903653,2416.863216489113,0.08995327102803738,1,526.1194997203052,0.9840810931828194,0,0,10272,10273 days 00:00:00,1000.0,252246.53976808896,25124.653976808895,37578.53912803767,100.0,3950.18524434282,77.13224040316281,2740 days 00:00:00,43,1,-252.2465397680644,442.40809272279523,-23.555004784480875,77.69763767880113,-10.17888608176676,265 days 16:00:00,62 days 20:09:36,0.6504805967688221,0.2815033943171144,1.1339764720208374,-0.3314095076659546,147 days 17:51:37.674418605,1
LRCX,false,40,81,45,40.909090909090914,3.9859147062879665,4.283489096573208,4679.915823251753,1933.8495137403938,0.09199766355140186,1,430.5413213563966,0.9602006785187136,0,0,10272,10273 days 00:00:00,1000.0,206709.58663644068,20570.95866364407,37578.53912803767,100.0,3269.1677888103955,74.05605546673712,2430 days 00:00:00,44,1,-206.70958663642523,442.40809272279523,-20.933613514953237,76.38201679477707,-10.12555454156838,264 days 02:39:59.999999996,61 days 08:18:27.692307692,0.63644836681272,0.2816117911187553,1.130648282763008,-0.45258759012545274,144 days 07:05:27.272727271,1
LRCX,false,40,82,44,41.86046511627907,4.053255729635827,4.18613707165109,5419.719777419229,2239.553627032739,0.08995327102803738,1,487.5215220342063,0.9757343142800675,0,0,10272,10273 days 00:00:00,1000.0,233814.13629273413,23281.413629273415,37578.53912803767,100.0,3680.891495661302,70.57713815636816,1519 days 00:00:00,43,1,-233.8141362926981,442.40809272279523,-20.933613514953237,76.24064058875292,-10.021127084761648,264 days 05:20:00,63 days 12:28:48,0.6459417631689196,0.30300586894777914,1.1327566461420135,-0.38045985369604346,147 days 12:50:13.953488371,1
LRCX,false,40,83,43,42.857142857142854,4.0785559704549685,4.0887850467289715,4573.284698282453,1889.787065405972,0.08790887850467288,1,402.03232890859175,0.9527251069276829,0,0,10272,10273 days 00:00:00,1000.0,192885.07225560743,19188.507225560745,37578.53912803767,100.0,2985.7915052177036,72.67893408142062,1465 days 00:00:00,42,1,-192.88507225559442,379.06130223200154,-20.933613514953215,72.4862084052448,-10.563759100813614,264 days 05:20:00,65 days 23:00:00,0.631777056955484,0.2828631566495684,1.1296742853728554,-0.4893759131992432,150 days 22:17:08.571428570,1
LRCX,false,41,77,47,43.47826086956522,3.756929710141915,4.478193146417445,4606.674647672748,2115.093961282253,0.09608644859813083,1,442.6390067419199,0.9634750182172108,0,0,10272,10273 days 00:00:00,1000.0,212694.3394534929,21169.43394534929,37578.53912803767,100.0,3584.467242668862,77.63599543197822,2740 days 00:00:00,46,1,-212.69433945347555,459.4800460144777,-22.884982035710248,70.84511666748482,-10.735765939424734,247 days 02:24:00,54 days 12:00:00,0.6373567422054509,0.2702055431213676,1.1309559328327803,-0.4366616042943885,138 days 05:44:20.869565217,1
LRCX,false,41,78,44,44.18604651162791,3.9718677638897155,4.18613707165109,6519.577970318573,2843.7093993584226,0.08995327102803738,1,586.4573641524884,0.9966323406119426,0,0,10272,10273 days 00:00:00,1000.0,281060.79193176684,28006.079193176687,37578.53912803767,100.0,4375.874458325336,76.87520210782853,2452 days 00:00:00,43,1,-281.0607919317554,459.48004601447775,-23.555004784480868,74.9674680056887,-10.559800817005609,255 days 22:44:12.631578948,62 days 06:00:00,0.6585107069174482,0.28854088940929573,1.1356415837547893,-0.2547320932898876,147 days 20:05:34.883720930,1
LRCX,false,41,79,44,44.18604651162791,3.970675713031211,4.18613707165109,5988.4784205790065,2612.0544075069124,0.08995327102803738,1,538.6832224118966,0.9868967629660234,0,0,10272,10273 days 00:00:00,1000.0,258246.3257591382,25724.63257591382,37578.53912803767,100.0,4038.5197017501155,76.87072902700159,2739 days 00:00:00,43,1,-258.2463257591007,442.40809272279523,-23.55500478448088,73.69347061677797,-10.552865632780927,256 days 00:00:00,61 days 22:00:00,0.6522201425026669,0.28378402526166985,1.1343786133796947,-0.315443517155768,147 days 16:11:09.767441861,1
LRCX,false,41,80,45,40.909090909090914,3.962494786659182,4.283489096573208,5422.224177506706,2240.5885031019448,0.09199766355140186,1,498.8319555825386,0.9785671863163669,0,0,10272,10273 days 00:00:00,1000.0,239338.52528501014,23833.852528501015,37578.53912803767,100.0,3812.4278307748373,70.57713815636816,1523 days 00:00:00,44,1,-239.33852528498392,442.40809272279523,-20.933613514953237,76.24064058875292,-9.568204980959079,264 days 05:20:00,61 days 07:23:04.615384615,0.647702085098846,0.3044334818351298,1.1330768839115626,-0.36575893897061124,144 days 07:38:10.909090909,1
LRCX,false,41,81,44,41.86046511627907,3.9870605946646323,4.18613707165109,4881.062616125829,2016.968023192491,0.08995327102803738,1,439.06754841318786,0.9635075223104718,0,0,10272,10273 days 00:00:00,1000.0,210675.01747593473,20967.501747593473,37578.53912803767,100.0,3343.639028858502,72.67893408142062,1465 days 00:00:00,43,1,-210.67501747590723,442.4080927227953,-20.933613514953215,76.00798292565976,-10.293948550453255,264 days 04:00:00,63 days 10:33:36,0.63815313107437,0.2880708156727389,1.1311004565914993,-0.4420352085494074,147 days 11:09:46.046511628,1
LRCX,false,41,82,44,41.86046511627907,4.0403530735088315,4.18613707165109,4109.326349167934,1698.068739325592,0.08995327102803738,1,369.64734682935847,0.9416184391506369,0,0,10272,10273 days 00:00:00,1000.0,177523.50950471644,17652.350950471642,37578.53912803767,100.0,2807.1074191311554,71.51645495677795,1519 days 00:00:00,43,1,-177.5235095047101,379.0613022320015,-20.18005139445694,72.0253484772887,-10.27320777202411,264 days 08:00:00,63 days 08:38:24,0.625305039399792,0.28249760984727973,1.1282686784919413,-0.5302544654456492,147 days 11:43:15.348837210,1
LRCX,false,42,75,47,43.47826086956522,5.167655486290621,4.478193146417445,5000.106432693079,2295.732981034472,0.09608644859813083,1,480.44246973014685,0.9730774538813356,0,0,10272,10273 days 00:00:00,1000.0,230774.1217820996,22977.41217820996,37578.53912803767,100.0,3291.178999111,77.4133915644068,3551 days 00:00:00,46,1,-230.77412178207305,449.001019234988,-21.59397227947527,70.18665205617211,-10.355414234624552,248 days 04:48:00,53 days 16:36:55.384615385,0.6433968150051375,0.2755189689212122,1.1322488215399797,-0.3885496160475723,138 days 06:15:39.130434782,1
LRCX,false,42,76,46,44.44444444444444,3.7700269887823263,4.380841121495327,5222.327643571549,2397.762921750022,0.09404205607476634,1,491.11842909755796,0.9753239570103736,0,0,10272,10273 days 00:00:00,1000.0,235768.9749857341,23476.89749857341,37578.53912803767,100.0,3912.192221173161,79.80829691520024,3557 days 00:00:00,45,1,-235.7689749856945,459.48004601447775,-30.385172689878004,71.34487767309207,-10.791768237263057,245 days 15:36:00,57 days 20:09:36,0.6451654986927144,0.2684081897246003,1.1326895161403097,-0.37525784547975966,141 days 07:28:00,1
LRCX,false,42,77,44,44.18604651162791,3.9057236364424757,4.18613707165109,5844.721434234432,2549.3504878433014,0.08995327102803738,1,525.7518112570692,0.9838890978018493,0,0,10272,10273 days 00:00:00,1000.0,252070.95072135923,25107.095072135922,37578.53912803767,100.0,3962.124688496957,77.57652473164137,3551 days 00:00:00,43,1,-252.07095072133234,442.4080927227953,-23.55500478448086,73.76278260221835,-10.686893019051187,255 days 21:28:25.263157896,62 days 05:00:00,0.6503404606465297,0.27985239457556055,1.133873096571358,-0.331876766507847,147 days 18:58:36.279069767,1
LRCX,false,42,78,44,41.86046511627907,3.8843658009758406,4.18613707165109,5162.16463946879,2133.125884078012,0.08995327102803738,1,464.3535949054869,0.9688107121099858,0,0,10272,10273 days 00:00:00,1000.0,222750.32916798987,22175.032916798988,37578.53912803767,100.0,3500.638147300398,76.87072902700159,2732 days 00:00:00,43,1,-222.75032916796044,442.4080927227953,-23.555004784480875,77.8657576720634,-10.680640913844657,265 days 18:40:00,62 days 18:14:24,0.6414846386063646,0.2754807106878047,1.1318741841872388,-0.4099016770916993,147 days 17:51:37.674418605,1
LRCX,false,42,79,43,42.857142857142854,3.930998390373934,4.0887850467289715,6401.022706492446,2645.050705162167,0.08790887850467288,1,562.7067274106968,0.9934318187246763,0,0,10272,10273 days 00:00:00,1000.0,269573.3802923904,26857.338029239043,37578.53912803767,100.0,4260.573033612662,71.51645495677798,1467 days 00:00:00,42,1,-269.57338029233506,442.4080927227953,-20.933613514953215,76.25533731093701,-9.887425240507435,265 days 18:40:00,65 days 01:00:00,0.656309769791128,0.3076301403021107,1.1351842039862863,-0.2853011678359643,151 days 01:42:51.428571428,1
LRCX,false,42,80,44,41.86046511627907,3.9684090672845485,4.18613707165109,4421.922242735712,1827.2405961717816,0.08995327102803738,1,397.7663699657124,0.9514096514777945,0,0,10272,10273 days 00:00:00,1000.0,190951.70473290267,18995.170473290265,37578.53912803767,100.0,3036.672382631463,71.51645495677798,1519 days 00:00:00,43,1,-190.95170473286998,379.06130223200154,-20.933613514953215,72.4862084052448,-10.201589778728172,264 days 05:20:00,63 days 11:31:12,0.630956893884819,0.28685774704177475,1.1294367843271071,-0.49452078462736715,147 days 12:16:44.651162790,1
LRCX,false,43,74,46,46.666666666666664,5.142616082734656,4.380841121495327,5992.177635316556,2888.7908710203783,0.09404205607476634,1,563.5167051904003,0.9916081078760292,0,0,10272,10273 days 00:00:00,1000.0,270377.6159732717,26937.76159732717,37578.53912803767,100.0,3939.674238682356,77.36086828275748,2739 days 00:00:00,45,1,-270.37761597323697,459.48004601447775,-22.88498203571026,67.61339129424202,-10.636049671446024,240 days 08:00:00,54 days 22:00:00,0.655168412109826,0.28455640351274253,1.1348039643613983,-0.2831610216260729,141 days 10:40:00,1
LRCX,false,43,75,44,44.18604651162791,5.532667891129832,4.18613707165109,6735.5018894597215,2937.8910904438635,0.08995327102803738,1,605.8804269724282,1.000255669748483,0,0,10272,10273 days 00:00:00,1000.0,290336.24500176637,28933.624500176637,37578.53912803767,100.0,3911.762608207406,77.30066596013016,2732 days 00:00:00,43,1,-290.3362450017594,459.48004601447775,-23.55500478448086,74.6316508752039,-10.22649656846096,257 days 08:50:31.578947368,61 days 07:00:00,0.6608384804591386,0.28877721568563297,1.1360897033060382,-0.230049246949331,147 days 22:19:32.093023256,1
LRCX,false,43,76,44,44.18604651162791,3.731286050746258,4.18613707165109,5549.106231667493,2420.409054216767,0.08995327102803738,1,499.1602568205572,0.9779199218890853,0,0,10272,10273 days 00:00:00,1000.0,239372.19576593637,23837.219576593638,37578.53912803767,100.0,3817.6782752549266,77.57652473164138,2740 days 00:00:00,43,1,-239.37219576589996,442.4080927227953,-23.55500478448088,73.7857129765628,-10.888102317681133,255 days 22:44:12.631578948,62 days 04:00:00,0.6464500186910782,0.2769736228539013,1.1330225013727415,-0.3656693386782435,147 days 18:58:36.279069768,1
LRCX,false,43,77,44,41.86046511627907,3.988860030966578,4.18613707165109,7197.196496952478,2974.048139236561,0.08995327102803738,1,647.4113671324075,1.0099300346134734,0,0,10272,10273 days 00:00:00,1000.0,310169.2800888676,30916.92800888676,37578.53912803767,100.0,4882.904510874503,69.32523009456713,1457 days 00:00:00,43,1,-310.1692800888559,442.4080927227953,-20.933613514953215,77.41519056853949,-9.329502720655531,265 days 18:40:00,62 days 15:21:36,0.6667873561219697,0.3261466865535532,1.1374342309022747,-0.1772716894729052,147 days 16:11:09.767441860,1
LRCX,false,43,78,43,42.857142857142854,3.828781141365356,4.0887850467289715,6351.663519501348,2624.654346901383,0.08790887850467288,1,558.367616638407,0.9925542081307013,0,0,10272,10273 days 00:00:00,1000.0,267502.36545360304,26650.236545360305,37578.53912803767,100.0,4253.178943213541,71.51645495677798,1465 days 00:00:00,42,1,-267.5023654535762,442.4080927227953,-20.933613514953215,76.22427939124842,-9.920604424174744,265 days 18:40:00,65 days 01:00:00,0.6557333436441366,0.30716275834426965,1.1350855749971092,-0.2908123316194499,151 days 01:42:51.428571428,1
LRCX,false,43,79,43,42.857142857142854,4.017285813617969,4.0887850467289715,5635.143520341023,2328.571702620257,0.08790887850467288,1,495.3791470860536,0.9780400057620365,0,0,10272,10273 days 00:00:00,1000.0,237438.58926505793,23643.858926505793,37578.53912803767,100.0,3779.3352611515074,71.51645495677795,1519 days 00:00:00,42,1,-237.43858926504618,390.72627057528257,-20.180051394456942,72.67340227413767,-9.701841287678887,266 days 00:00:00,64 days 21:00:00,0.6470173561221881,0.2999540071444584,1.1331022721095765,-0.37081484604959253,151 days 01:42:51.428571428,1
LRCX,false,44,73,44,46.51162790697674,5.07294355658099,4.18613707165109,7434.508385640139,3413.4565590634243,0.08995327102803738,1,668.758347773704,1.01324728720034,0,0,10272,10273 days 00:00:00,1000.0,320363.49708544055,31936.349708544054,37578.53912803767,100.0,4613.438290667896,77.3600256278386,2732 days 00:00:00,43,1,-320.36349708540365,459.48004601447775,-22.88498203571025,70.96240488429942,-10.351271595175993,246 days 19:12:00,62 days 02:05:13.043478261,0.6681339586291923,0.29409440605811293,1.1375894294877218,-0.150143926571215,148 days 00:00:00.000000001,1
LRCX,false,44,74,44,44.18604651162791,5.169765193983859,4.18613707165109,6387.198203042788,2785.9679948992875,0.08995327102803738,1,574.5493710681012,0.9941552261333235,0,0,10272,10273 days 00:00:00,1000.0,275374.1485822577,27437.41485822577,37578.53912803767,100.0,3758.2031345909,77.30066596013017,2732 days 00:00:00,43,1,-275.37414858222473,442.40809272279523,-23.55500478448088,73.78050965251737,-10.32775891969775,257 days 06:18:56.842105260,61 days 06:00:00,0.656873046304988,0.2858052708953652,1.1352422753756124,-0.2698647820038731,147 days 20:39:04.186046511,1
LRCX,false,44,75,44,44.18604651162791,3.706569546011355,4.18613707165109,5866.765980449614,2558.9658776065808,0.08995327102803738,1,527.7347902974536,0.9844012100573566,0,0,10272,10273 days 00:00:00,1000.0,253017.9192400933,25201.791924009332,37578.53912803767,100.0,4046.9464543467675,77.02177571343566,2732 days 00:00:00,43,1,-253.01791924005374,442.40809272279523,-23.555004784480875,73.77375150405274,-10.676820065458122,256 days 01:15:47.368421052,62 days 05:00:00,0.650610615052806,0.28207857066087394,1.1339184422953061,-0.3293567948945078,147 days 20:39:04.186046511,1
LRCX,false,44,76,43,42.857142857142854,3.931376906345862,4.0887850467289715,6506.401482729392,2688.5956540204093,0.08790887850467288,1,571.9704574478816,0.9953060745843355,0,0,10272,10273 days 00:00:00,1000.0,273994.8674072272,27299.48674072272,37578.53912803767,100.0,4324.861184885626,71.51645495677798,1458 days 00:00:00,42,1,-273.99486740719294,442.4080927227953,-20.933613514953215,76.22427939124843,-9.830369635456597,265 days 18:40:00,65 days 04:00:00,0.6575235994451378,0.3086164902066825,1.1354346120740617,-0.27353517794537313,151 days 03:25:42.857142856,1
LRCX,false,44,77,43,42.857142857142854,4.001815251872032,4.0887850467289715,5815.991983704986,2403.3024726053654,0.08790887850467288,1,511.277332679673,0.9816612545871142,0,0,10272,10273 days 00:00:00,1000.0,245026.63667893052,24402.66366789305,37578.53912803767,100.0,3846.417684413721,71.51645495677798,1458 days 00:00:00,42,1,-245.0266366789001,379.0613022320015,-20.933613514953215,72.72981341749869,-9.80259546631903,265 days 18:40:00,65 days 00:00:00,0.6494026443869243,0.3018531846735835,1.1336347751073446,-0.35062234365342815,151 days 01:08:34.285714285,1
LRCX,false,45,71,46,44.44444444444444,4.777963832487252,4.380841121495327,6320.287611057591,2901.8767727537142,0.09404205607476634,1,594.3728419277289,0.9996642386428402,0,0,10272,10273 days 00:00:00,1000.0,285127.81468290865,28412.781468290865,37578.53912803767,100.0,4263.894485432956,77.25366681522587,3552 days 00:00:00,45,1,-285.12781468289904,459.48004601447786,-22.577597713470446,70.97821994566822,-9.99472733210933,250 days 00:00:00,54 days 15:21:36,0.6594144246203592,0.28793483818977594,1.1356639394642927,-0.2439093661549008,141 days 11:12:00,1
LRCX,false,45,72,43,45.23809523809524,5.466602444425799,4.0887850467289715,7749.577409759257,3380.2105322641387,0.08790887850467288,1,681.256658977084,1.0156937470940945,0,0,10272,10273 days 00:00:00,1000.0,326156.0951147741,32515.609511477414,37578.53912803767,100.0,4396.635418985348,77.55648090636936,2732 days 00:00:00,42,1,-326.1560951147112,459.48004601447775,-23.555004784480868,74.57528911369117,-10.174003384210014,257 days 07:34:44.210526316,64 days 01:02:36.521739130,0.6697802483807476,0.29435747979350413,1.1379163724988992,-0.13472928256497235,151 days 11:25:42.857142856,1
LRCX,false,45,73,43,45.23809523809524,4.9505982788568685,4.0887850467289715,6650.114699741585,2900.646907600784,0.08790887850467288,1,584.6041251817222,0.9962296181474318,0,0,10272,10273 days 00:00:00,1000.0,280024.7925965501,27902.479259655007,37578.53912803767,100.0,3860.313927031418,77.30066596013017,2732 days 00:00:00,42,1,-280.0247925965232,442.40809272279523,-23.555004784480875,73.78050965251738,-10.69116397857199,257 days 06:18:56.842105260,63 days 20:52:10.434782609,0.6581342550839309,0.2867453844143508,1.1355359177785944,-0.2574889842155485,151 days 08:34:17.142857141,1
LRCX,false,45,74,44,44.18604651162791,3.942558536430234,4.18613707165109,7296.930250198543,3182.774902520025,0.08995327102803738,1,656.3827444687942,1.012060794657597,0,0,10272,10273 days 00:00:00,1000.0,314453.547211326,31345.3547211326,37578.53912803767,100.0,4963.0044504009265,71.00796220443647,1523 days 00:00:00,43,1,-314.4535472113057,442.40809272279523,-20.933613514953215,72.6746896387887,-9.545789248222343,256 days 02:31:34.736842104,62 days 02:00:00,0.6674080225242937,0.3192595439205004,1.1375886396781665,-0.1658708547894146,147 days 19:32:05.581395349,1
LRCX,false,45,75,43,42.857142857142854,3.940713437965973,4.0887850467289715,6589.5128950362705,2722.9392128249046,0.08790887850467288,1,579.2766884947188,0.9967681708803918,0,0,10272,10273 days 00:00:00,1000.0,277482.05953199137,27648.205953199136,37578.53912803767,100.0,4377.685777062061,71.51645495677798,1457 days 00:00:00,42,1,-277.48205953196157,442.4080927227953,-20.933613514953215,76.22427939124843,-9.785680413795426,265 days 18:40:00,65 days 05:00:00,0.6584790095405286,0.3093836477329457,1.1356340111410939,-0.2642554342254733,151 days 03:59:59.999999999,1
LRCX,false,45,76,43,42.857142857142854,3.9762514695526407,4.0887850467289715,5884.207376668435,2431.490651515882,0.08790887850467288,1,517.2740713718454,0.9830752334841701,0,0,10272,10273 days 00:00:00,1000.0,247888.82099907522,24688.88209990752,37578.53912803767,100.0,3903.066113012333,71.51645495677795,1467 days 00:00:00,42,1,-247.88882099904004,390.72627057528257,-20.180051394456942,73.18990631269399,-9.75037386901919,265 days 22:40:00,64 days 22:00:00,0.6502861682962595,0.3025548468386475,1.1338247330432767,-0.34300580403651365,151 days 01:42:51.428571427,1
LRCX,false,46,70,44,44.18604651162791,5.023863172115066,4.18613707165109,7224.2485923903205,3151.0726183520683,0.08995327102803738,1,649.844791605204,1.009908272546572,0,0,10272,10273 days 00:00:00,1000.0,311331.35811466916,31033.135811466916,37578.53912803767,100.0,4478.575966831854,76.97391539031058,2452 days 00:00:00,43,1,-311.3313581146067,459.48004601447786,-22.577597713470446,74.60480615240611,-9.987892807040529,257 days 07:34:44.210526316,61 days 14:00:00,0.665970264017462,0.2939500479596712,1.1370793710636853,-0.1741792913840861,148 days 01:40:27.906976744,1
LRCX,false,46,71,43,45.23809523809524,5.385087905089999,4.0887850467289715,7819.74145002929,3410.8146820605266,0.08790887850467288,1,687.4247010685793,1.0167166394723834,0,0,10272,10273 days 00:00:00,1000.0,329100.04086037003,32810.004086037006,37578.53912803767,100.0,4447.432306907404,77.28361081716632,2732 days 00:00:00,42,1,-329.1000408603577,442.4080927227953,-23.55500478448088,73.73143916671764,-10.039206111083304,257 days 07:34:44.210526316,64 days 02:05:13.043478260,0.6704347427646216,0.2959042805442855,1.1380232477635732,-0.12689516816375707,151 days 11:59:59.999999999,1
LRCX,false,46,72,43,45.23809523809524,4.95454531357433,4.0887850467289715,6706.697153094426,2925.327041065062,0.08790887850467288,1,589.5782251990133,0.9972633575780595,0,0,10272,10273 days 00:00:00,1000.0,282398.8815484175,28139.88815484175,37578.53912803767,100.0,3905.021635898295,77.00123601086283,2452 days 00:00:00,42,1,-282.39888154837536,442.40809272279523,-23.555004784480875,73.62180788291838,-10.585540567792428,257 days 07:34:44.210526316,63 days 21:54:46.956521739,0.6587768311279454,0.28833640168918784,1.1356850325546117,-0.25117131192983666,151 days 09:42:51.428571428,1
LRCX,false,46,73,43,45.23809523809524,3.956171794397717,4.0887850467289715,6738.099769534581,2939.0242337272052,0.08790887850467288,1,592.3387939923799,0.9991824673614341,0,0,10272,10273 days 00:00:00,1000.0,283716.47384660586,28271.647384660588,37578.53912803767,100.0,4441.188869712986,71.00796220443647,1519 days 00:00:00,42,1,-283.7164738465799,442.4080927227954,-20.933613514953215,72.65662130429845,-10.309326726453529,256 days 01:15:47.368421052,64 days 14:36:31.304347826,0.6601095008005136,0.3129574630042942,1.1359200782863816,-0.24766507584732403,151 days 05:08:34.285714286,1
LRCX,false,46,74,43,42.857142857142854,4.06380421238107,4.0887850467289715,5734.535956039455,2369.642957041097,0.08790887850467288,1,504.11662464015063,0.9800098403842045,0,0,10272,10273 days 00:00:00,1000.0,241608.9012524047,24060.890125240472,37578.53912803767,100.0,3780.986602939889,71.51645495677798,1465 days 00:00:00,42,1,-241.60890125238802,379.0613022320015,-20.933613514953215,72.7298134174987,-9.857832698378646,265 days 18:40:00,65 days 03:00:00,0.6483183558454991,0.3010048996395767,1.1333547854478472,-0.3597172566165981,151 days 02:51:25.714285713,1
LRCX,false,47,69,44,44.18604651162791,5.020241401702002,4.18613707165109,7502.661522687551,3272.5107651759286,0.08995327102803738,1,674.8889453819409,1.0143036372598897,0,0,10272,10273 days 00:00:00,1000.0,323291.1543212435,32229.115432124352,37578.53912803767,100.0,4651.27559627843,77.06521619114781,2452 days 00:00:00,43,1,-323.2911543212249,459.48004601447786,-22.884982035710244,74.6048061524061,-9.840619742595749,257 days 07:34:44.210526316,61 days 13:00:00,0.6687900746283701,0.2957343629419166,1.1377002115507124,-0.14235315741484128,148 days 01:06:58.604651163,1
LRCX,false,47,70,43,45.23809523809524,5.262040573577079,4.0887850467289715,7887.479751871057,3440.360773313822,0.08790887850467288,1,693.3794992153001,1.0177967539725625,0,0,10272,10273 days 00:00:00,1000.0,331942.20737121336,33094.22073712134,37578.53912803767,100.0,4516.219532287304,77.2836108171663,2732 days 00:00:00,42,1,-331.94220737117575,442.4080927227953,-23.555004784480868,73.73143916671765,-10.000204076600674,257 days 07:34:44.210526316,64 days 00:00:00,0.6711076697735398,0.29639009253276755,1.1382125260631304,-0.11933189780574907,151 days 10:51:25.714285714,1
LRCX,false,47,71,43,45.23809523809524,5.035409837000518,4.0887850467289715,6886.328427149012,3003.678606883178,0.08790887850467288,1,605.3694090455176,1.0006499027335634,0,0,10272,10273 days 00:00:00,1000.0,289935.85808217636,28893.58580821764,37578.53912803767,100.0,4023.8705830002586,75.1716141844475,2445 days 00:00:00,42,1,-289.93585808214266,442.40809272279523,-23.555004784480875,73.26112945497232,-10.277561381020325,257 days 08:50:31.578947368,63 days 19:49:33.913043479,0.6608424068519382,0.296876338633393,1.1361793491298138,-0.2311147139123382,151 days 09:08:34.285714287,1
LRCX,false,47,72,42,46.34146341463415,5.2262716708516,3.991433021806853,7094.554444824123,3094.502627448538,0.0858644859813084,1,609.1702706712301,1.0024996637725514,0,0,10272,10273 days 00:00:00,1000.0,291585.14709069836,29058.514709069834,37578.53912803767,100.0,3998.130593316812,71.00796220443647,1467 days 00:00:00,41,1,-291.58514709066367,442.40809272279523,-20.933613514953215,72.1356438578056,-10.36942784242625,257 days 11:22:06.315789472,66 days 08:43:38.181818181,0.6621161108810555,0.31463130192709454,1.13635437273061,-0.2267258019248272,154 days 22:14:38.048780488,1
LRCX,false,47,73,43,42.857142857142854,3.8897331642670103,4.0887850467289715,5320.623596135472,2198.604791791517,0.08790887850467288,1,467.73005328176896,0.9711581240754357,0,0,10272,10273 days 00:00:00,1000.0,224241.94908860125,22324.194908860125,37578.53912803767,100.0,3558.091373114376,71.51645495677798,1523 days 00:00:00,42,1,-224.24194908858044,379.06130223200154,-20.933613514953215,72.89556783658455,-10.112515570910146,265 days 18:40:00,65 days 03:00:00,0.6426326925909517,0.29650716002237604,1.1320612608393499,-0.40593233726310957,151 days 02:51:25.714285713,1
LRCX,false,48,67,46,44.44444444444444,4.319552510269374,4.380841121495327,5068.511960604403,2327.140477779799,0.09404205607476634,1,476.65328601478313,0.9729554239037311,0,0,10272,10273 days 00:00:00,1000.0,228854.1840431551,22785.41840431551,37578.53912803767,100.0,3531.517039283687,79.43668612316353,3631 days 00:00:00,45,1,-228.85418404312804,449.00101923498806,-27.987570579235367,70.37241871718464,-10.609686404140874,249 days 21:36:00,54 days 19:12:00,0.6426973730115079,0.2680480531925678,1.1319552049971962,-0.3936587495676458,141 days 12:16:00,1
LRCX,false,48,68,44,44.18604651162791,4.878745545143494,4.18613707165109,7617.981688893041,3322.8111131535297,0.08995327102803738,1,685.2623715476217,1.0168798621269857,0,0,10272,10273 days 00:00:00,1000.0,328244.967654746,32724.4967654746,37578.53912803767,100.0,4768.856809342002,75.36308253214023,2434 days 00:00:00,43,1,-328.24496765469667,459.48004601447786,-19.411060029774653,74.6030882252588,-9.825949723424056,257 days 08:50:31.578947368,61 days 12:00:00,0.6700358666036743,0.30329431436993237,1.1379651785214717,-0.12917059777189233,148 days 01:06:58.604651163,1
LRCX,false,48,69,44,44.18604651162791,5.2642178228430065,4.18613707165109,7369.970209923435,3214.633470811415,0.08995327102803738,1,662.9529277618043,1.012754992303078,0,0,10272,10273 days 00:00:00,1000.0,317591.1278988089,31659.11278988089,37578.53912803767,100.0,4334.848621118925,76.72161521008312,2452 days 00:00:00,43,1,-317.5911278987769,442.4080927227951,-23.555004784480865,73.6542923180447,-9.700170839805688,257 days 07:34:44.210526316,61 days 04:00:00,0.6678035062618747,0.29604759951927223,1.137560222041989,-0.15752145973498594,147 days 20:05:34.883720930,1
LRCX,false,48,70,43,45.23809523809524,5.386819596198505,4.0887850467289715,7942.838526860153,3464.507162771876,0.08790887850467288,1,698.2460270399841,1.0192930594800078,0,0,10272,10273 days 00:00:00,1000.0,334264.95317495154,33326.49531749515,37578.53912803767,100.0,4579.1110512922105,71.00796220443647,1523 days 00:00:00,42,1,-334.26495317491936,442.40809272279523,-20.933613514953215,72.2608411975728,-9.457881980566599,257 days 08:50:31.578947368,63 days 15:39:07.826086956,0.6719437396408774,0.3230137865075891,1.1385816564483071,-0.11315085442930467,151 days 06:51:25.714285715,1
LRCX,false,48,71,42,43.90243902439025,5.181492027996869,3.991433021806853,6920.594184424912,2859.749662985501,0.0858644859813084,1,594.2332623308773,0.9996695368441068,0,0,10272,10273 days 00:00:00,1000.0,284459.9016597617,28345.990165976167,37578.53912803767,100.0,3914.504670403925,71.51645495677798,1519 days 00:00:00,41,1,-284.45990165974945,442.4080927227953,-20.933613514953215,76.31783582777591,-10.007754040218714,267 days 04:00:00,67 days 00:00:00,0.6602619357345436,0.3108911967199085,1.1359874130096996,-0.24568674504893193,154 days 21:04:23.414634147,1
LRCX,false,49,66,45,45.45454545454545,4.444936770447339,4.283489096573208,5674.627307901912,2605.430352572044,0.09199766355140186,1,522.0524538519574,0.9833414857423334,0,0,10272,10273 days 00:00:00,1000.0,250433.16837930479,24943.316837930477,37578.53912803767,100.0,3776.6644718185657,79.01236078249953,3627 days 00:00:00,44,1,-250.43316837926977,459.48004601447786,-27.987570579235353,70.85912824341139,-10.741069371662086,250 days 03:36:00,57 days 00:00:00,0.6494368908376106,0.2744101162896002,1.1333844860168663,-0.33623505818191707,144 days 19:05:27.272727271,1
LRCX,false,49,67,43,45.23809523809524,4.975445848481098,4.0887850467289715,7290.567457414341,3179.9995796802687,0.08790887850467288,1,640.9056088439593,1.008632578462393,0,0,10272,10273 days 00:00:00,1000.0,306896.9362751273,30589.69362751273,37578.53912803767,100.0,4193.022031514137,77.75616075722593,2740 days 00:00:00,42,1,-306.89693627506495,459.48004601447786,-23.555004784480875,74.6030882252588,-10.467108055745177,257 days 07:34:44.210526316,64 days 02:05:13.043478260,0.6651658782259565,0.29018920391740094,1.136865556853135,-0.18597970178437576,151 days 11:59:59.999999999,1
LRCX,false,49,68,44,44.18604651162791,5.206697734755085,4.18613707165109,7389.1219745402705,3222.9870871502553,0.08995327102803738,1,664.6756916350477,1.0130417199270614,0,0,10272,10273 days 00:00:00,1000.0,318413.83107415744,31741.383107415742,37578.53912803767,100.0,4353.673496535144,76.95581184777541,2452 days 00:00:00,43,1,-318.41383107414003,442.40809272279523,-23.555004784480857,73.65429231804474,-9.695507058523392,257 days 07:34:44.210526316,61 days 05:00:00,0.6679932754152489,0.2952932306110637,1.13758105981113,-0.1553321697986598,147 days 20:39:04.186046511,1
LRCX,false,49,69,41,47.5,5.569889290279768,3.8940809968847354,10483.157444382887,4572.543421562784,0.08382009345794392,1,878.6992367225141,1.0480878491109895,0,0,10272,10273 days 00:00:00,1000.0,419906.3913839316,41890.63913839316,37578.53912803767,100.0,5662.39272435978,71.00796220443647,1519 days 00:00:00,40,1,-419.90639138390543,442.40809272279523,-20.933613514953215,72.57006866774842,-9.422331560376012,257 days 07:34:44.210526316,69 days 11:25:42.857142858,0.6894410733928767,0.33710186544930487,1.142428129267612,0.11474900595957963,158 days 16:48:00,1
LRCX,false,49,70,42,43.90243902439025,5.247994469204939,3.991433021806853,6135.591327620943,2535.3683171987373,0.0858644859813084,1,526.8293955375459,0.9850621619483715,0,0,10272,10273 days 00:00:00,1000.0,252306.93749496381,25130.693749496382,37578.53912803767,100.0,3435.364826450821,71.51645495677798,1523 days 00:00:00,41,1,-252.3069374949264,379.06130223200154,-20.933613514953215,72.77534768415354,-10.01629199561406,267 days 01:20:00,66 days 21:54:46.956521740,0.6515085874961964,0.30362275123060106,1.1340268609204245,-0.33124878367753907,154 days 18:43:54.146341464,1
LRCX,false,50,65,45,45.45454545454545,4.355593869211379,4.283489096573208,5562.54581761319,2553.969613229196,0.09199766355140186,1,511.7412186180358,0.9810239928683184,0,0,10272,10273 days 00:00:00,1000.0,245506.50946551483,24450.650946551483,37578.53912803767,100.0,3726.4627731117293,79.01236078249953,3627 days 00:00:00,44,1,-245.50650946548558,459.48004601447775,-27.98757057923537,70.85912824341139,-10.821635745445853,250 days 03:36:00,57 days 00:00:00,0.647937156200919,0.2733233384550115,1.1330401355594628,-0.3493453573795624,144 days 19:05:27.272727271,1
LRCX,false,50,66,43,45.23809523809524,5.025029716578116,4.0887850467289715,7191.18785899311,3136.6521882660495,0.08790887850467288,1,632.169259800504,1.0070916296313155,0,0,10272,10273 days 00:00:00,1000.0,302727.1629147959,30172.716291479595,37578.53912803767,100.0,4126.586409609841,77.20585587212781,2732 days 00:00:00,42,1,-302.7271629147581,442.4080927227953,-23.555004784480875,73.70320502042125,-10.37334015199355,257 days 05:03:09.473684212,64 days 00:00:00,0.664161690444865,0.2914861851271473,1.1367045263558628,-0.19707585788060952,151 days 09:42:51.428571430,1
LRCX,false,50,67,43,45.23809523809524,5.244910720951632,4.0887850467289715,7333.782785370057,3198.849240634323,0.08790887850467288,1,644.7046198587578,1.009290259483528,0,0,10272,10273 days 00:00:00,1000.0,308710.1668187236,30771.016681872363,37578.53912803767,100.0,4202.655227040363,77.10455828917037,2452 days 00:00:00,42,1,-308.71016681869514,442.4080927227953,-23.555004784480868,72.80705285429522,-9.976240239192142,257 days 07:34:44.210526316,63 days 20:52:10.434782609,0.6657768059895616,0.2929743018364418,1.137118287744744,-0.1811545260706039,151 days 09:08:34.285714285,1
LRCX,false,50,68,41,47.5,5.3859446616498134,3.8940809968847354,9629.893292755914,4200.36667957673,0.08382009345794392,1,807.178555788828,1.0382168409283663,0,0,10272,10273 days 00:00:00,1000.0,385809.92178844835,38480.99217884484,37578.53912803767,100.0,5246.08422650903,71.00796220443647,1523 days 00:00:00,40,1,-385.80992178840097,442.40809272279523,-20.933613514953215,72.4448713279812,-9.74456605483909,257 days 08:50:31.578947368,69 days 10:17:08.571428572,0.6830572445525309,0.33185798599160315,1.1410277662837423,0.024015117983493973,158 days 16:48:00,1
LRCX,false,50,69,42,43.90243902439025,5.196949780481315,3.991433021806853,5850.646907603314,2417.622689092279,0.0858644859813084,1,502.36278937949004,0.979234142227266,0,0,10272,10273 days 00:00:00,1000.0,240635.88732441154,23963.588732441152,37578.53912803767,100.0,3285.8545676904882,73.01553162482188,1523 days 00:00:00,41,1,-240.63588732437347,379.0613022320015,-20.933613514953215,72.8034722759379,-10.230427518293967,267 days 04:00:00,67 days 01:02:36.521739130,0.6478441971640374,0.2945863714407476,1.1331261102690386,-0.3623065374949152,154 days 21:39:30.731707317,1
LRCX,false,51,64,44,44.18604651162791,4.515550128486971,4.18613707165109,6253.734760629063,2727.753913038388,0.08995327102803738,1,562.5438978603246,0.9924262186684384,0,0,10272,10273 days 00:00:00,1000.0,269640.9537532964,26864.09537532964,37578.53912803767,100.0,4007.9178803243526,77.43783944692451,2739 days 00:00:00,43,1,-269.64095375325996,459.48004601447775,-22.57759771347045,74.43683247198591,-10.401522720086632,257 days 05:03:09.473684212,61 days 19:00:00,0.6550000162730539,0.28412083376431235,1.1346087859995706,-0.2851213485495473,148 days 03:20:55.813953489,1
LRCX,false,51,65,43,45.23809523809524,5.025029716578116,4.0887850467289715,7191.18785899311,3136.6521882660495,0.08790887850467288,1,632.169259800504,1.0070916296313155,0,0,10272,10273 days 00:00:00,1000.0,302727.1629147959,30172.716291479595,37578.53912803767,100.0,4126.586409609841,77.20585587212781,2732 days 00:00:00,42,1,-302.7271629147581,442.4080927227953,-23.555004784480875,73.70320502042125,-10.37334015199355,257 days 05:03:09.473684212,64 days 00:00:00,0.664161690444865,0.2914861851271473,1.1367045263558628,-0.19707585788060952,151 days 09:42:51.428571430,1
LRCX,false,51,66,43,45.23809523809524,5.350159126336003,4.0887850467289715,7872.915426695237,3434.0081062261143,0.08790887850467288,1,692.0991657229165,1.0179071123301136,0,0,10272,10273 days 00:00:00,1000.0,331331.1168043956,33033.11168043956,37578.53912803767,100.0,4508.377233251801,75.55134946323872,2430 days 00:00:00,42,1,-331.3311168043874,442.40809272279523,-23.555004784480865,73.00596963019575,-9.712226513449538,257 days 06:18:56.842105260,63 days 19:49:33.913043479,0.6711668408838438,0.30307930158698826,1.1383323780879435,-0.12095806683998346,151 days 07:59:59.999999999,1
LRCX,false,51,67,41,47.5,5.191365529613352,3.8940809968847354,9349.992727462562,4078.2796561475825,0.08382009345794392,1,783.717264247008,1.034772007676154,0,0,10272,10273 days 00:00:00,1000.0,374625.084014488,37362.508401448795,37578.53912803767,100.0,5142.685071806992,71.00796220443647,1523 days 00:00:00,40,1,-374.62508401443483,442.40809272279523,-20.933613514953215,72.4448713279812,-9.871761434791125,257 days 08:50:31.578947368,69 days 11:25:42.857142858,0.6808235903333291,0.33004002566491736,1.1405080236145113,-0.005748779266081009,158 days 17:24:00,1
LRCX,false,51,68,42,43.90243902439025,5.349499834537871,3.991433021806853,6045.492956861427,2498.137585479929,0.0858644859813084,1,519.0931452445267,0.9830012908214846,0,0,10272,10273 days 00:00:00,1000.0,248616.5946366818,24761.65946366818,37578.53912803767,100.0,3375.5768242245304,73.01553162482188,1523 days 00:00:00,41,1,-248.6165946366673,390.72627057528257,-20.933613514953215,73.45152607278686,-10.19727012614451,267 days 05:20:00,67 days 03:07:49.565217392,0.650304086579266,0.2965166444882094,1.133639631241161,-0.3410691304603352,154 days 23:24:52.682926830,1
LRCX,false,52,63,44,44.18604651162791,4.515056997954047,4.18613707165109,6252.399043288995,2727.1712998735284,0.08995327102803738,1,562.4237457164165,0.9924081516153003,0,0,10272,10273 days 00:00:00,1000.0,269583.57528614067,26858.357528614066,37578.53912803767,100.0,4007.1697291715027,77.43783944692451,2739 days 00:00:00,43,1,-269.5835752860876,459.48004601447775,-22.57759771347045,74.43683247198591,-10.402384349551781,257 days 06:18:56.842105260,61 days 18:00:00,0.6549821157638888,0.2841089209080626,1.134604283780323,-0.28527403800604867,148 days 03:20:55.813953488,1
LRCX,false,52,64,43,45.23809523809524,5.025029716578116,4.0887850467289715,7191.18785899311,3136.6521882660495,0.08790887850467288,1,632.169259800504,1.0070916296313155,0,0,10272,10273 days 00:00:00,1000.0,302727.1629147959,30172.716291479595,37578.53912803767,100.0,4126.586409609841,77.20585587212781,2732 days 00:00:00,42,1,-302.7271629147581,442.4080927227953,-23.555004784480875,73.70320502042125,-10.37334015199355,257 days 05:03:09.473684212,64 days 00:00:00,0.664161690444865,0.2914861851271473,1.1367045263558628,-0.19707585788060952,151 days 09:42:51.428571430,1
LRCX,false,52,65,42,46.34146341463415,5.437404132440051,3.991433021806853,9191.961253919795,4009.349490920021,0.0858644859813084,1,789.2630282279263,1.0342661115638572,0,0,10272,10273 days 00:00:00,1000.0,377492.91849221935,37649.29184922193,37578.53912803767,100.0,5120.3299422904265,72.79398338859237,2368 days 00:00:00,41,1,-377.49291849217843,442.40809272279523,-20.933613514953215,73.00596963019575,-9.650218771144283,257 days 06:18:56.842105260,66 days 15:16:21.818181819,0.6811610591772544,0.32240191369680515,1.140533187364214,0.0018827959475271757,154 days 23:24:52.682926829,1
LRCX,false,52,66,41,47.5,5.362922082939092,3.8940809968847354,9805.60385223187,4277.008108181945,0.08382009345794392,1,821.9066313056503,1.040300046766521,0,0,10272,10273 days 00:00:00,1000.0,392831.3227665084,39183.13227665084,37578.53912803767,100.0,5284.586952264122,71.00796220443647,1523 days 00:00:00,40,1,-392.8313227664912,442.40809272279523,-20.933613514953215,72.598056583641,-9.76681636882271,257 days 08:50:31.578947368,69 days 12:34:17.142857142,0.6844069702440538,0.3329734350622231,1.1412937145931243,0.042699721326206794,158 days 17:59:59.999999999,1
LRCX,false,53,61,47,43.47826086956522,4.045818244896517,4.478193146417445,4521.017043917198,2075.765401247566,0.09608644859813083,1,434.40847180162325,0.9623748534604688,0,0,10272,10273 days 00:00:00,1000.0,208758.02599419694,20775.802599419694,37578.53912803767,100.0,3321.4511376501573,79.57987180733703,3631 days 00:00:00,46,1,-208.7580259941751,449.00101923498806,-27.98757057923537,71.04872836232126,-10.578781740703812,245 days 20:24:00,55 days 17:32:18.461538462,0.6357960734028804,0.2625966616321893,1.130459453725381,-0.4471365018040659,138 days 09:23:28.695652174,1
LRCX,false,53,62,44,44.18604651162791,4.6495399117234415,4.18613707165109,6689.143461364988,2917.670472128897,0.08995327102803738,1,601.7103347255888,1.0009642970670176,0,0,10272,10273 days 00:00:00,1000.0,288344.82401467976,28734.482401467976,37578.53912803767,100.0,4259.136574765227,75.02092068268065,2428 days 00:00:00,43,1,-288.344824014639,459.48004601447775,-19.411060029774653,74.4368324719859,-10.190811260944875,257 days 05:03:09.473684212,61 days 17:00:00,0.6601544313497046,0.29715393617441693,1.1357547639838763,-0.23534860406457547,148 days 02:13:57.209302326,1
LRCX,false,53,63,43,45.23809523809524,4.971295123919278,4.0887850467289715,7389.83270034987,3223.2970915208343,0.08790887850467288,1,649.6319050249155,1.0102116244167134,0,0,10272,10273 days 00:00:00,1000.0,311061.9115031914,31006.191150319144,37578.53912803767,100.0,4251.130591154085,76.66252346538178,2452 days 00:00:00,42,1,-311.0619115031441,442.4080927227953,-23.55500478448086,74.06879425210961,-10.365053281700094,257 days 05:03:09.473684212,64 days 01:02:36.521739130,0.6662051769447013,0.29509482281774924,1.137145536738489,-0.17489631396593708,151 days 10:17:08.571428572,1
LRCX,false,53,64,42,46.34146341463415,5.315646772365519,3.991433021806853,9058.96646283053,3951.3398253852174,0.0858644859813084,1,777.8434988528551,1.0325696694974689,0,0,10272,10273 days 00:00:00,1000.0,372045.57939665514,37104.557939665516,37578.53912803767,100.0,5065.946042380462,72.79398338859237,2370 days 00:00:00,41,1,-372.0455793965957,442.40809272279523,-20.933613514953215,72.95352571291211,-9.705601756007484,257 days 08:50:31.578947368,66 days 16:21:49.090909091,0.6800524965405753,0.3215261766788755,1.1402437231770137,-0.012613081811328702,155 days 01:10:14.634146341,1
LRCX,false,53,65,41,45.0,5.363194802509875,3.8940809968847354,9601.783794909421,3967.679254094802,0.08382009345794392,1,804.8224150522791,1.0375818481924315,0,0,10272,10273 days 00:00:00,1000.0,384686.66513124557,38368.66651312455,37578.53912803767,100.0,5173.8437060020615,72.5338006263192,1523 days 00:00:00,40,1,-384.6866651311866,442.4080927227953,-20.933613514953215,76.73209052924685,-9.490739708791809,267 days 04:00:00,70 days 05:27:16.363636364,0.6827621354321483,0.32470047415421693,1.1408860811824406,0.021026027179895376,158 days 20:24:00,1
LRCX,false,54,60,46,44.44444444444444,4.084263497069443,4.380841121495327,4698.330175753537,2157.176389234865,0.09404205607476634,1,441.84062984598097,0.9642523408676605,0,0,10272,10273 days 00:00:00,1000.0,212212.64526364574,21121.26452636457,37578.53912803767,100.0,3314.6119173198736,79.57987180733703,3630 days 00:00:00,45,1,-212.21264526361483,449.00101923498806,-27.98757057923537,71.03156656971204,-10.923384587346126,246 days 02:24:00,57 days 19:12:00,0.6370263291176852,0.2634828459617352,1.1307159531614985,-0.43794343749233683,141 days 11:44:00,1
LRCX,false,54,61,44,44.18604651162791,4.684033105361816,4.18613707165109,6855.205896523828,2990.1035820466655,0.08995327102803738,1,616.6481939630079,1.0038204964824478,0,0,10272,10273 days 00:00:00,1000.0,295478.37517534936,29447.837517534936,37578.53912803767,100.0,4360.169968264254,74.40294690470347,2390 days 00:00:00,43,1,-295.4783751753275,459.48004601447775,-19.411060029774653,74.43683247198591,-10.100088723717743,257 days 05:03:09.473684212,61 days 16:00:00,0.6620005267084201,0.3010498397211972,1.1361784287826215,-0.21636555861843892,148 days 01:40:27.906976745,1
LRCX,false,54,62,43,45.23809523809524,4.970455425122934,4.0887850467289715,7198.050867611494,3139.6456952391736,0.08790887850467288,1,632.7725791913141,1.0071903043137478,0,0,10272,10273 days 00:00:00,1000.0,303015.12131836446,30201.512131836444,37578.53912803767,100.0,4138.776897589042,77.10455828917037,2452 days 00:00:00,42,1,-303.0151213183417,442.4080927227953,-23.555004784480875,74.06879425210961,-10.455498707640789,257 days 05:03:09.473684212,64 days 00:00:00,0.6642410500551582,0.2919228025104609,1.1367366820202458,-0.1963095736922132,151 days 09:42:51.428571430,1
LRCX,false,54,63,42,46.34146341463415,5.546304476536963,3.991433021806853,10197.463235757916,4447.929326891653,0.0858644859813084,1,875.5999390516433,1.047660100439595,0,0,10272,10273 days 00:00:00,1000.0,418677.31535072374,41767.73153507237,37578.53912803767,100.0,5643.368150379177,71.00796220443647,1523 days 00:00:00,41,1,-418.67731535068015,442.40809272279523,-20.933613514953215,72.9535257129121,-9.21333185762388,257 days 08:50:31.578947368,66 days 15:16:21.818181819,0.6891353520767931,0.3369200925078784,1.14222200142435,0.11147831991981585,155 days 00:35:07.317073171,1
LRCX,false,54,64,41,45.0,5.488311464060505,3.8940809968847354,8519.090455090842,3520.285312021009,0.08382009345794392,1,714.0709581223923,1.0229789984279642,0,0,10272,10273 days 00:00:00,1000.0,341422.1960076261,34042.21960076261,37578.53912803767,100.0,4606.996754494702,72.5338006263192,1523 days 00:00:00,40,1,-341.4221960075665,379.0613022320015,-20.933613514953215,73.04067063229262,-9.407456662024,267 days 01:20:00,70 days 07:38:10.909090909,0.6740864791581126,0.31749507104135555,1.1389046955217168,-0.09410476323270857,158 days 20:24:00,1
LRCX,false,55,59,46,44.44444444444444,4.163949986520486,4.380841121495327,4992.687195927425,2292.326536238487,0.09404205607476634,1,469.5225692431748,0.9712420979127122,0,0,10272,10273 days 00:00:00,1000.0,225445.4783383958,22444.547833839577,37578.53912803767,100.0,3467.177110688722,79.19017471577152,3627 days 00:00:00,45,1,-225.44547833836987,459.48004601447786,-27.98757057923537,72.00170272597747,-10.924211751632669,246 days 04:48:00,57 days 18:14:24,0.6415412515541122,0.26806601226998833,1.1316634984416976,-0.4027296335984092,141 days 12:16:00,1
LRCX,false,55,60,44,44.18604651162791,4.607462454572813,4.18613707165109,6797.29960366361,2964.8460162903716,0.08995327102803738,1,611.4393335071237,1.002822564742675,0,0,10272,10273 days 00:00:00,1000.0,292990.89206546976,29199.089206546978,37578.53912803767,100.0,4348.35867240777,74.07816449707376,2390 days 00:00:00,43,1,-292.99089206545614,459.48004601447775,-19.411060029774653,74.43683247198591,-10.133058533928988,257 days 05:03:09.473684212,61 days 15:00:00,0.6613600810292701,0.30187350420447223,1.1360328821667482,-0.2229849833422267,148 days 01:06:58.604651163,1
LRCX,false,55,61,43,45.23809523809524,4.971362316180395,4.0887850467289715,7299.775780157189,3184.0160657251286,0.08790887850467288,1,641.715102169192,1.0088085073954176,0,0,10272,10273 days 00:00:00,1000.0,307283.2994671349,30628.32994671349,37578.53912803767,100.0,4197.036822709236,77.10455828917036,2452 days 00:00:00,42,1,-307.2832994671189,442.40809272279523,-23.555004784480865,74.06879425210958,-10.403786264306804,257 days 05:03:09.473684212,64 days 01:02:36.521739130,0.665293458409402,0.2927126210309995,1.1369558224813665,-0.18495155326936516,151 days 10:17:08.571428572,1
LRCX,false,55,62,42,46.34146341463415,5.578119855298183,3.991433021806853,10308.512215256607,4496.366668729925,0.0858644859813084,1,885.1351025950473,1.0489432925420064,0,0,10272,10273 days 00:00:00,1000.0,423225.7750504705,42222.57750504705,37578.53912803767,100.0,5699.248780510037,71.00796220443647,1523 days 00:00:00,41,1,-423.2257750504068,442.40809272279523,-20.933613514953215,72.82832837314488,-9.119936511509307,257 days 10:06:18.947368424,66 days 14:10:54.545454546,0.6899566508283325,0.33759022985017795,1.1424093317887003,0.12358219570979594,155 days 00:35:07.317073172,1
LRCX,false,55,63,41,45.0,5.410687094092358,3.8940809968847354,7168.949726451168,2962.375920021144,0.08382009345794392,1,600.9020360664384,1.001905562266898,0,0,10272,10273 days 00:00:00,1000.0,287470.51853950723,28647.05185395072,37578.53912803767,100.0,3891.182207833316,72.5338006263192,1523 days 00:00:00,40,1,-287.47051853948506,379.0613022320014,-20.933613514953215,72.88001827730422,-9.969300227121796,267 days 02:39:59.999999996,70 days 06:32:43.636363636,0.661512731198925,0.30716117837307316,1.1360031589807502,-0.23767521253701668,158 days 20:23:59.999999998,1
LRCX,false,56,58,46,44.44444444444444,4.087428380554203,4.380841121495327,4909.999304403187,2254.361480442234,0.09404205607476634,1,461.7464299117483,0.9693266571547883,0,0,10272,10273 days 00:00:00,1000.0,221728.24045768578,22072.82404576858,37578.53912803767,100.0,3430.3959772952658,79.19017471577152,3627 days 00:00:00,45,1,-221.72824045765446,459.48004601447786,-27.98757057923537,72.07828078395208,-11.011653497342751,246 days 03:36:00,57 days 17:16:48,0.6403010954760487,0.2671619804276475,1.1314175130626656,-0.4126215505461239,141 days 11:12:00,1
LRCX,false,56,59,44,44.18604651162791,4.598790079578434,4.18613707165109,6904.8392269935,3011.7526472193867,0.08995327102803738,1,621.1128743907705,1.0048307072751579,0,0,10272,10273 days 00:00:00,1000.0,297610.47628443607,29661.047628443604,37578.53912803767,100.0,4418.761132445862,74.50444186080598,2390 days 00:00:00,43,1,-297.6104762844043,459.48004601447775,-19.41106002977467,74.35968562331298,-10.016593719103,257 days 03:47:22.105263156,61 days 13:00:00,0.6625775514057615,0.30105945614430524,1.1363495063692652,-0.2106918385682204,147 days 23:26:30.697674419,1
LRCX,false,56,60,43,45.23809523809524,4.9779189880560395,4.0887850467289715,7255.430854171515,3164.6736967231127,0.08790887850467288,1,637.8167894584187,1.0081119628923063,0,0,10272,10273 days 00:00:00,1000.0,305422.67320200166,30442.267320200164,37578.53912803767,100.0,4169.349217828734,77.10455828917037,2452 days 00:00:00,42,1,-305.42267320194514,442.4080927227953,-23.55500478448088,74.03616222752207,-10.4037862643068,257 days 05:03:09.473684212,64 days 01:02:36.521739130,0.6648386844799494,0.29236962478767325,1.1368624506204312,-0.18990285342181046,151 days 10:17:08.571428572,1
LRCX,false,56,61,41,47.5,5.619466416877017,3.8940809968847354,10889.143692183712,4749.626495672419,0.08382009345794392,1,912.7290419558192,1.052471315385052,0,0,10272,10273 days 00:00:00,1000.0,436129.61806927936,43512.96180692793,37578.53912803767,100.0,5822.440401343747,71.00796220443647,1523 days 00:00:00,40,1,-436.1296180692152,442.40809272279523,-20.933613514953215,72.86436599996773,-9.435083479269872,257 days 11:22:06.315789472,69 days 16:00:00,0.6922358664237859,0.339454253227865,1.1429303599922032,0.15792052635868795,158 days 20:59:59.999999998,1
LRCX,false,56,62,41,45.0,5.387084599128559,3.8940809968847354,6838.6967269544475,2825.9077384109282,0.08382009345794392,1,573.220198783857,0.9963010411670151,0,0,10272,10273 days 00:00:00,1000.0,274273.59548269527,27327.359548269527,37578.53912803767,100.0,3717.416761339069,73.65475952931835,1523 days 00:00:00,40,1,-274.27359548269305,379.0613022320015,-20.933613514953215,72.88001827730419,-10.1666541268969,267 days 02:39:59.999999996,70 days 08:43:38.181818181,0.6579234344295387,0.29971677886012016,1.1351858625149098,-0.27279345652156156,158 days 21:35:59.999999998,1
LRCX,false,57,58,44,44.18604651162791,4.598790079578434,4.18613707165109,6904.8392269935,3011.7526472193867,0.08995327102803738,1,621.1128743907705,1.0048307072751579,0,0,10272,10273 days 00:00:00,1000.0,297610.47628443607,29661.047628443604,37578.53912803767,100.0,4418.761132445862,74.50444186080598,2390 days 00:00:00,43,1,-297.6104762844043,459.48004601447775,-19.41106002977467,74.35968562331298,-10.016593719103,257 days 03:47:22.105263156,61 days 13:00:00,0.6625775514057615,0.30105945614430524,1.1363495063692652,-0.2106918385682204,147 days 23:26:30.697674419,1
LRCX,false,57,59,43,45.23809523809524,4.973417149650147,4.0887850467289715,6727.505632632132,2934.403283287661,0.08790887850467288,1,591.4074752985606,0.9992005100883696,0,0,10272,10273 days 00:00:00,1000.0,283271.9646059436,28227.196460594358,37578.53912803767,100.0,3868.6003861150753,77.10455828917037,2452 days 00:00:00,42,1,-283.27196460589767,442.4080927227953,-23.55500478448088,73.1047413522646,-10.403786264306804,257 days 02:31:34.736842104,64 days 01:02:36.521739130,0.6592656899568,0.28812385917925154,1.1356526214405076,-0.24884795642484667,151 days 09:08:34.285714284,1
LRCX,false,57,60,41,47.5,5.525981671515067,3.8940809968847354,10152.925279182302,4428.502761810462,0.08382009345794392,1,851.0191457725819,1.0443264868393627,0,0,10272,10273 days 00:00:00,1000.0,406710.3008664256,40571.03008664256,37578.53912803767,100.0,5513.576841531481,71.00796220443647,1523 days 00:00:00,40,1,-406.71030086639803,442.40809272279523,-20.933613514953215,72.28177829354007,-9.435083479269872,257 days 07:34:44.210526316,69 days 16:00:00,0.687002169149919,0.3351228422196005,1.1418242554750608,0.07963297743983255,158 days 19:12:00,1
LRCX,false,57,61,41,45.0,5.387084599128559,3.8940809968847354,6838.6967269544475,2825.9077384109282,0.08382009345794392,1,573.220198783857,0.9963010411670151,0,0,10272,10273 days 00:00:00,1000.0,274273.59548269527,27327.359548269527,37578.53912803767,100.0,3717.416761339069,73.65475952931835,1523 days 00:00:00,40,1,-274.27359548269305,379.0613022320015,-20.933613514953215,72.88001827730419,-10.1666541268969,267 days 01:20:00,70 days 08:43:38.181818181,0.6579234344295387,0.29971677886012016,1.1351858625149098,-0.27279345652156156,158 days 21:00:00,1
LRCX,false,58,59,41,47.5,5.525981671515067,3.8940809968847354,10152.925279182302,4428.502761810462,0.08382009345794392,1,851.0191457725819,1.0443264868393627,0,0,10272,10273 days 00:00:00,1000.0,406710.3008664256,40571.03008664256,37578.53912803767,100.0,5513.576841531481,71.00796220443647,1523 days 00:00:00,40,1,-406.71030086639803,442.40809272279523,-20.933613514953215,72.28177829354007,-9.435083479269872,257 days 07:34:44.210526316,69 days 17:08:34.285714285,0.687002169149919,0.3351228422196005,1.1418242554750608,0.07963297743983255,158 days 19:48:00,1
LRCX,false,58,60,41,45.0,5.387084599128559,3.8940809968847354,6838.6967269544475,2825.9077384109282,0.08382009345794392,1,573.220198783857,0.9963010411670151,0,0,10272,10273 days 00:00:00,1000.0,274273.59548269527,27327.359548269527,37578.53912803767,100.0,3717.416761339069,73.65475952931835,1523 days 00:00:00,40,1,-274.27359548269305,379.0613022320015,-20.933613514953215,72.88001827730419,-10.1666541268969,267 days 01:20:00,70 days 08:43:38.181818181,0.6579234344295387,0.29971677886012016,1.1351858625149098,-0.27279345652156156,158 days 21:00:00,1
