Ticker,Use SMA,Short Window,Long Window,Total Trades,Win Rate [%],Profit Factor,Trades Per Day,Expectancy per Trade,Expectancy Adjusted,Trades per Month,Signals per Month,Expectancy per Month,Sortino Ratio,Signal Window,Start,End,Period,Start Value,End Value,Total Return [%],Benchmark Return [%],Max Gross Exposure [%],Total Fees Paid,Max Drawdown [%],Max Drawdown Duration,Total Closed Trades,Total Open Trades,Open Trade PnL,Best Trade [%],Worst Trade [%],Avg Winning Trade [%],Avg Losing Trade [%],Avg Winning Trade Duration,Avg Losing Trade Duration,Expectancy,Sharpe Ratio,Calmar Ratio,Omega Ratio,Skew,Kurtosis,Tail Ratio,Common Sense Ratio,Value at Risk,Alpha,Beta,Daily Returns,Annual Returns,Cumulative Returns,Annualized Return,Annualized Volatility,Beats BNH [%],Avg Trade Duration,Signal Entry
XMR-USD,false,34,48,135,29.1044776119403,0.6689876424735096,0.18457300275482094,0.0001,0.00004477611940298508,5.578512396694215,11.115702479338843,0.0005578512396694215,-0.5917560635869046,0,0,17424,726 days 01:00:00,1000.0,551.3724633386995,-44.862753666130054,34.915698157888286,100.0,190.3639278388214,53.7984545013529,635 days 19:00:00,134,1,28.636241583344486,22.16640331110652,-8.059042385391509,3.824669252396584,-2.1492421072404224,6 days 09:52:18.461538461,1 days 14:37:53.684210526,-3.561669986900341,-0.422046617976207,-0.48079356029258313,0.982414768468334,0.1535682318978286,23.050679934441533,0.9915720287215357,0.39511609287429944,-0.007458196364188646,None,None,-0.000022128029664944423,-0.13383032341358386,-0.4486275366613032,-0.18668494387147871,0.3816280294639736,-2.284887773495501,3 days 00:10:17.910447759,false
XMR-USD,false,47,54,112,28.82882882882883,0.627510223246484,0.15289256198347106,0.0001,0.000044352044352044354,4.62809917355372,9.214876033057852,0.00046280991735537196,-0.6386623616646462,0,0,17424,726 days 01:00:00,1000.0,529.468356883216,-47.0531643116784,34.915698157888286,100.0,159.5699952789615,52.88134726970705,635 days 19:00:00,111,1,25.900740127004553,19.593689177557682,-8.306554725998131,3.989297825964204,-2.3637207770372926,7 days 14:13:07.500000,1 days 23:56:57.721518987,-4.472363813007093,-0.4589300114513915,-0.5174120082349888,0.9807383875756438,-0.09444000942630264,26.270578937349235,0.9855371075148525,0.39177316293929715,-0.0074601899883998185,None,None,-0.00002425237226449577,-0.14667834745567043,-0.47053164311678475,-0.19804811130555167,0.3846499773028543,-2.3476220380559103,3 days 14:39:27.567567566,false
XMR-USD,false,48,53,112,28.82882882882883,0.6251798396343902,0.15289256198347106,0.0001,0.000044352044352044354,4.62809917355372,9.214876033057852,0.00046280991735537196,-0.6478873956995084,0,0,17424,726 days 01:00:00,1000.0,526.2404447608087,-47.375955523919124,34.915698157888286,100.0,159.29268700483445,53.16860687334975,635 days 19:00:00,111,1,25.74283585954754,19.593689177557682,-8.306554725998124,3.9801357607669328,-2.367901878089133,7 days 14:09:22.500000,1 days 23:56:57.721518987,-4.500021541430072,-0.4655651918585612,-0.5188101104385713,0.9804618861291945,-0.09423749573194788,26.269864902950818,0.9864634891865036,0.3913286489939316,-0.007460189988399708,None,None,-0.000024603159083921578,-0.1487999061395577,-0.4737595552391951,-0.19974844987452745,0.3846522847740551,-2.3568669115446506,3 days 14:38:22.702702701,false
XMR-USD,false,49,52,112,28.82882882882883,0.6261710354123026,0.15289256198347106,0.0001,0.000044352044352044354,4.62809917355372,9.214876033057852,0.00046280991735537196,-0.6445646368161418,0,0,17424,726 days 01:00:00,1000.0,527.3966486194381,-47.260335138056185,34.915698157888286,100.0,159.60237590297842,53.06571353252602,635 days 19:00:00,111,1,25.799395492029703,19.593689177557682,-8.306554725998133,3.98013576076694,-2.3651631170591654,7 days 14:09:22.500000,1 days 23:55:26.582278481,-4.490114836690015,-0.46316351216753726,-0.5183095956581143,0.9805610990419636,-0.09414043643219536,26.26799844213404,0.9869660704992693,0.391106498483155,-0.007460189988399684,None,None,-0.00002447672941398439,-0.1480352594957776,-0.4726033513805614,-0.19913862592683707,0.38465996932200147,-2.353555495993396,3 days 14:37:17.837837837,false
XMR-USD,false,50,51,112,28.82882882882883,0.6263387572569461,0.15289256198347106,0.0001,0.000044352044352044354,4.62809917355372,9.214876033057852,0.00046280991735537196,-0.6439288887764879,0,0,17424,726 days 01:00:00,1000.0,527.6241821144885,-47.237581788551154,34.915698157888286,100.0,159.64001972993984,53.0454647837605,635 days 19:00:00,111,1,25.810526064515955,19.593689177557682,-8.306554725998133,3.980135760766939,-2.36462855352546,7 days 14:09:22.500000,1 days 23:56:12.151898734,-4.488165260811054,-0.46270298550475997,-0.5182110624435118,0.9805802134679119,-0.09413745047819694,26.26897255904316,0.9871854690393428,0.391106498483155,-0.007460189988399753,None,None,-0.000024452184596115563,-0.14788681243730692,-0.47237581788551775,-0.19901871930737491,0.3846567061259573,-2.3529038306764907,3 days 14:37:50.270270269,false
XMR-USD,false,39,43,133,28.78787878787879,0.6852301790312904,0.18181818181818182,0.0001,0.00004428904428904429,5.4958677685950414,10.950413223140496,0.0005495867768595042,-0.5326174550634447,0,0,17424,726 days 01:00:00,1000.0,573.4328795231423,-42.656712047685765,34.915698157888286,100.0,189.28689385572224,53.0977894529059,635 days 19:00:00,132,1,29.781977813009576,22.166403311106546,-8.05904238539151,3.9869385489964206,-2.1541331297832307,6 days 11:28:25.263157894,1 days 15:54:53.617021276,-3.4571901385595956,-0.37964125309332974,-0.45932906200076434,0.9841542798870366,0.15616123874272583,23.11150542133254,0.9919365217596248,0.3947810774033458,-0.007451626741492455,None,None,-0.000019892092022774175,-0.12030737255373822,-0.4265671204768575,-0.17553481368328983,0.3813862273958938,-2.221705831422666,3 days 01:10:54.545454544,false
XMR-USD,false,40,42,133,28.78787878787879,0.6827004349131109,0.18181818181818182,0.0001,0.00004428904428904429,5.4958677685950414,10.950413223140496,0.0005495867768595042,-0.5384006885659447,0,0,17424,726 days 01:00:00,1000.0,571.2628352582794,-42.873716474172056,34.915698157888286,100.0,188.63984414521713,53.095694053411066,635 days 19:00:00,132,1,29.669273759131215,22.16640331110654,-8.0590423853915,3.976696228936811,-2.15408658585685,6 days 11:30:00,1 days 15:54:15.319148936,-3.4727760492488775,-0.3837728359715079,-0.4620589424352303,0.9839842025827313,0.15623025906865998,23.108985071799257,0.9917650995617944,0.3947810774033458,-0.007451626741492421,None,None,-0.00002010907552602401,-0.12161968878139322,-0.4287371647417202,-0.17661907668858357,0.38139572264161353,-2.2279209277241923,3 days 01:10:54.545454544,false
XMR-USD,false,35,50,130,28.68217054263566,0.6442821729175461,0.17768595041322313,0.0001,0.00004412641621943948,5.371900826446281,10.702479338842975,0.0005371900826446281,-0.6651791089495163,0,0,17424,726 days 01:00:00,1000.0,525.6060296915955,-47.43939703084045,34.915698157888286,100.0,179.02764287446388,55.071339869853986,635 days 19:00:00,129,1,24.500345410875013,22.84250023892567,-8.059042385391505,3.8916999974274202,-2.2103984872535665,6 days 14:09:43.783783783,1 days 17:16:57.391304347,-3.8673977962734796,-0.4744494380343422,-0.5016822311982668,0.9802231499300081,0.15714474781301305,23.071026271220738,0.9903860652880951,0.39333120102350866,-0.0074581963641886,None,None,-0.00002487504792562851,-0.15044428985420125,-0.474393970308407,-0.20008343520496463,0.38162070887198446,-2.358683902476192,3 days 02:48:22.325581394,false
XMR-USD,false,36,47,130,28.68217054263566,0.6653009350113276,0.17768595041322313,0.0001,0.00004412641621943948,5.371900826446281,10.702479338842975,0.0005371900826446281,-0.6033661720772032,0,0,17424,726 days 01:00:00,1000.0,547.5301347455081,-45.24698652544919,34.915698157888286,100.0,181.74564884895017,55.159491624662905,635 days 19:00:00,129,1,25.522305046612814,22.166403311106542,-8.059042385391503,4.02521239770214,-2.2175321135789074,6 days 13:47:01.621621621,1 days 17:25:26.086956521,-3.7053656612488695,-0.43025472246631363,-0.4736468220178105,0.9820505288273631,0.15662240963899043,23.110628820370184,0.9908295258343539,0.39366552027513396,-0.007458196364188703,None,None,-0.00002254438302405152,-0.1363484285294636,-0.4524698652544933,-0.18865663063997917,0.3813911865874394,-2.2958923611048236,3 days 02:47:54.418604649,false
XMR-USD,false,36,49,130,28.68217054263566,0.636028925509325,0.17768595041322313,0.0001,0.00004412641621943948,5.371900826446281,10.702479338842975,0.0005371900826446281,-0.7168438112098238,0,0,17424,726 days 01:00:00,1000.0,508.0856092028149,-49.191439079718506,34.915698157888286,100.0,178.4699803852745,56.07634461159745,635 days 19:00:00,129,1,23.68365699888949,22.842500238925663,-8.059042385391502,3.8724909303284205,-2.2391402389536075,6 days 15:40:32.432432432,1 days 16:40:26.086956521,-3.9968840914424373,-0.5116291550319155,-0.5145007454604791,0.9786885336361423,0.153649225842521,23.073127712066054,0.9888355381523942,0.39333120102350866,-0.00746018998839981,None,None,-0.00002682227410314035,-0.16222111377579285,-0.49191439079718535,-0.2094408555798285,0.3815911167884876,-2.4088631095753987,3 days 02:48:22.325581394,false
XMR-USD,false,35,47,134,28.57142857142857,0.6689548258688044,0.18319559228650137,0.0001,0.000043956043956043955,5.537190082644628,11.03305785123967,0.0005537190082644628,-0.588294935794366,0,0,17424,726 days 01:00:00,1000.0,552.7690228032859,-44.723097719671415,34.915698157888286,100.0,189.57682513322624,53.28480127431073,635 days 19:00:00,133,1,28.708773704319924,22.16640331110654,-8.059042385391498,3.9004523155955506,-2.136896856200462,6 days 11:28:25.263157894,1 days 15:33:28.421052631,-3.5784943676769574,-0.4195251686926811,-0.4836578368107959,0.982513094550758,0.15446529337234194,23.07690529417875,0.991676841985743,0.3947810774033458,-0.007452411460490818,None,None,-0.0000219896526673317,-0.13299341933202213,-0.4472309771967182,-0.18597052418605786,0.3815208642687785,-2.280887969572718,3 days 00:40:36.090225563,false
XMR-USD,false,37,45,134,28.57142857142857,0.6858993756589017,0.18319559228650137,0.0001,0.000043956043956043955,5.537190082644628,11.03305785123967,0.0005537190082644628,-0.5345958263401961,0,0,17424,726 days 01:00:00,1000.0,572.7441249397999,-42.725587506020005,34.915698157888286,100.0,192.23308003289134,52.397636847559504,635 days 19:00:00,133,1,29.746206453444643,22.166403311106546,-8.059042385391498,3.967559348823996,-2.1258279283061428,6 days 11:28:25.263157894,1 days 15:31:34.736842105,-3.4361058760424426,-0.38110985515363793,-0.46633834572824717,0.984093804723144,0.15501684542706343,23.126402645370288,0.9918724140430091,0.3950044031702826,-0.007451626741492428,None,None,-0.000019965399574619817,-0.12075073662730065,-0.42725587506020035,-0.1758786593842525,0.3813166520389852,-2.223678452964495,3 days 00:39:14.887218044,false
XMR-USD,false,38,44,134,28.57142857142857,0.686682594710721,0.18319559228650137,0.0001,0.000043956043956043955,5.537190082644628,11.03305785123967,0.0005537190082644628,-0.5261353360314243,0,0,17424,726 days 01:00:00,1000.0,575.8506973234522,-42.414930267654775,34.915698157888286,100.0,191.21666993431805,52.90003134801849,635 days 19:00:00,133,1,29.90755030572143,22.16640331110656,-8.059042385391486,3.986938548996418,-2.127045031862096,6 days 11:28:25.263157894,1 days 15:29:41.052631578,-3.4139613006185696,-0.375007730992781,-0.4580196603116547,0.9843457057593199,0.15604135184440335,23.108854153770405,0.9923290448165738,0.3947810774033458,-0.007451626741492489,None,None,-0.00001964990450998045,-0.11884262247636175,-0.4241493026765506,-0.17432990126590886,0.3813977858842322,-2.2147811014935197,3 days 00:37:53.684210525,false
XMR-USD,false,44,58,113,28.57142857142857,0.6405078921240586,0.15426997245179064,0.0001,0.000043956043956043955,4.669421487603306,9.297520661157025,0.00046694214876033064,-0.6052421562990342,0,0,17424,726 days 01:00:00,1000.0,541.3711938360188,-45.862880616398115,34.915698157888286,100.0,164.15506558204592,52.016406427738474,635 days 19:00:00,112,1,26.483007759585007,21.40364500308669,-8.306554725998122,4.038299943638858,-2.3226617359283415,7 days 14:15:00,1 days 23:13:30,-4.331355481460409,-0.43478028995635704,-0.5103206539947632,0.9817341702566937,-0.09408235334233231,26.27195109420175,0.9877472419405852,0.39099544982837064,-0.007460189988399769,None,None,-0.000022976374293579066,-0.1389611117275662,-0.45862880616398116,-0.1918360184324207,0.384653416254709,-2.313531821961767,3 days 13:48:12.857142856,false
XMR-USD,false,46,55,113,28.57142857142857,0.6261251455088342,0.15426997245179064,0.0001,0.000043956043956043955,4.669421487603306,9.297520661157025,0.00046694214876033064,-0.6440299926181232,0,0,17424,726 days 01:00:00,1000.0,527.5962288980184,-47.24037711019817,34.915698157888286,100.0,160.9727172472531,53.047952407208534,635 days 19:00:00,112,1,25.80915863814181,19.593689177557682,-8.306554725998131,3.989297825964205,-2.3386446187837624,7 days 14:13:07.500000,1 days 23:20:15,-4.448329729822525,-0.4627897470853873,-0.5182231681916962,0.9805778807761925,-0.09434177309202413,26.272275201960507,0.9857767031457221,0.3916620078268509,-0.007461921798605236,None,None,-0.0000244559934773108,-0.1479098485507757,-0.4724037711019837,-0.19903344839919146,0.38464449873153483,-2.352983889841694,3 days 13:52:30,false
XMR-USD,false,37,46,131,28.46153846153846,0.6599679993180315,0.1790633608815427,0.0001,0.00004378698224852071,5.413223140495868,10.78512396694215,0.0005413223140495868,-0.6328951475102935,0,0,17424,726 days 01:00:00,1000.0,537.2696719076633,-46.27303280923367,34.915698157888286,100.0,181.99868599518538,55.32544801861092,635 days 19:00:00,130,1,25.044028791391383,22.842500238925677,-8.059042385391498,4.037960018663204,-2.217301424193795,6 days 13:47:01.621621621,1 days 17:00:38.709677419,-3.7521104375671364,-0.4513984730796826,-0.484864511088811,0.981180011630734,0.1564573259924433,23.15041984407913,0.9911493269287502,0.39355406269993604,-0.007452411460490779,None,None,-0.000023641206758618543,-0.14298201847612496,-0.46273032809234127,-0.19396644066572144,0.3812128222297321,-2.3252787499762335,3 days 02:14:46.153846153,false
XMR-USD,false,38,45,131,28.46153846153846,0.6576208576900823,0.1790633608815427,0.0001,0.00004378698224852071,5.413223140495868,10.78512396694215,0.0005413223140495868,-0.6417690468239741,0,0,17424,726 days 01:00:00,1000.0,534.1680171967773,-46.58319828032227,34.915698157888286,100.0,181.52365984511096,55.45391037597883,635 days 19:00:00,130,1,24.899449757915363,22.842500238925656,-8.05904238539149,4.029517116350659,-2.2203226177780313,6 days 13:48:38.918918918,1 days 16:58:42.580645161,-3.7748571735472183,-0.4577178528801008,-0.4875764722463849,0.9809175377848302,0.15700015808151563,23.14899579962017,0.991287066543686,0.39333120102350866,-0.007452411460490812,None,None,-0.000023972824748145768,-0.1449876440767856,-0.46583198280322513,-0.19558457124470385,0.3812231827073382,-2.3341620170295236,3 days 02:13:50.769230768,false
XMR-USD,false,39,44,131,28.46153846153846,0.6590422447759818,0.1790633608815427,0.0001,0.00004378698224852071,5.413223140495868,10.78512396694215,0.0005413223140495868,-0.6399594978037322,0,0,17424,726 days 01:00:00,1000.0,534.8242496996526,-46.51757503003474,34.915698157888286,100.0,181.92145793482686,55.12936577626921,635 days 19:00:00,130,1,24.930039062607534,22.84250023892565,-8.0590423853915,4.035344332167522,-2.221404337577937,6 days 13:48:38.918918918,1 days 16:59:21.290322580,-3.770044533561193,-0.4564094885403543,-0.4896296855254037,0.9809717959682511,0.1571622561042234,23.15281324834086,0.9915413233490857,0.39333120102350866,-0.0074498664509445485,None,None,-0.000023903339353626025,-0.14456739641073021,-0.46517575030034575,-0.19524170466935664,0.38120786898834236,-2.332282540067878,3 days 02:14:18.461538460,false
XMR-USD,false,40,43,131,28.46153846153846,0.6565169091491794,0.1790633608815427,0.0001,0.00004378698224852071,5.413223140495868,10.78512396694215,0.0005413223140495868,-0.6510387724674912,0,0,17424,726 days 01:00:00,1000.0,531.0098748957175,-46.89901251042824,34.915698157888286,100.0,181.47299802583993,55.472956260505654,635 days 19:00:00,130,1,24.752237639214854,22.842500238925684,-8.059042385391503,4.0353443321675275,-2.228784266627822,6 days 13:48:38.918918918,1 days 16:56:07.741935483,-3.798018174949984,-0.46434086510406436,-0.49132414603635116,0.9806399061504638,0.15731249079752926,23.162381444115457,0.9910107166283646,0.393108410617205,-0.007449866450944558,None,None,-0.00002431639298866063,-0.14706554479541947,-0.46899012510428584,-0.1972384869023701,0.3811712986304489,-2.343207066871514,3 days 02:11:59.999999998,false
XMR-USD,false,41,42,131,28.46153846153846,0.6565169091491794,0.1790633608815427,0.0001,0.00004378698224852071,5.413223140495868,10.78512396694215,0.0005413223140495868,-0.6510387724674912,0,0,17424,726 days 01:00:00,1000.0,531.0098748957175,-46.89901251042824,34.915698157888286,100.0,181.47299802583993,55.472956260505654,635 days 19:00:00,130,1,24.752237639214854,22.842500238925684,-8.059042385391503,4.0353443321675275,-2.228784266627822,6 days 13:48:38.918918918,1 days 16:56:07.741935483,-3.798018174949984,-0.46434086510406436,-0.49132414603635116,0.9806399061504638,0.15731249079752926,23.162381444115457,0.9910107166283646,0.393108410617205,-0.007449866450944558,None,None,-0.00002431639298866063,-0.14706554479541947,-0.46899012510428584,-0.1972384869023701,0.3811712986304489,-2.343207066871514,3 days 02:11:59.999999998,false
XMR-USD,false,36,46,135,28.35820895522388,0.6804027098427874,0.18457300275482094,0.0001,0.000043628013777267504,5.578512396694215,11.115702479338843,0.0005578512396694215,-0.5482843644781149,0,0,17424,726 days 01:00:00,1000.0,567.5335797664305,-43.24664202335695,34.915698157888286,100.0,191.5863709584691,53.10394453290731,635 days 19:00:00,134,1,29.47559005475466,22.166403311106535,-8.059042385391486,3.973464764559508,-2.115304157587262,6 days 11:28:25.263157894,1 days 15:08:45,-3.447328434987493,-0.39088787869256575,-0.46665861309385487,0.9836961183629593,0.1551168993157562,23.099410830687148,0.9918686697009306,0.39511609287429944,-0.007452411460490794,None,None,-0.00002048326834572211,-0.12388280695492733,-0.4324664202335702,-0.1784886988851766,0.38142134708224285,-2.2386016693063464,3 days 00:08:03.582089551,false
XMR-USD,false,39,46,128,28.346456692913385,0.6730795582286413,0.174931129476584,0.0001,0.0000436099333737129,5.289256198347108,10.537190082644628,0.0005289256198347108,-0.5925916955292296,0,0,17424,726 days 01:00:00,1000.0,550.6714252708332,-44.93285747291668,34.915698157888286,100.0,181.6845891274898,53.48086221666976,635 days 19:00:00,127,1,25.668731644784657,22.842500238925663,-8.059042385391512,4.176080164867724,-2.2468746389632006,6 days 15:25:00,1 days 19:00:39.560439560,-3.7401362706610284,-0.42207861004196934,-0.48453502626327116,0.9823665985692488,0.18371832126537954,23.19406589578683,0.9903452105373239,0.3940000000000001,-0.007460189988399792,None,None,-0.000022164418561964175,-0.13405040346275934,-0.4493285747291661,-0.1870440102060521,0.38222663196398304,-2.2868955754437716,3 days 04:00:28.346456691,false
XMR-USD,false,35,72,114,28.31858407079646,0.6378514949459502,0.15564738292011018,0.0001,0.00004356705241660994,4.710743801652892,9.3801652892562,0.00047107438016528926,-0.6066334171651935,0,0,17424,726 days 01:00:00,1000.0,541.4099687235265,-45.859003127647355,34.915698157888286,100.0,165.81574379645696,52.33992885218532,635 days 19:00:00,113,1,26.484904564694716,20.563418258195437,-8.039372144347578,4.005204092480998,-2.2826337521031235,7 days 16:33:45,1 days 21:36:17.777777777,-4.292698547266973,-0.43568536180420725,-0.5071157390665763,0.9816935857779092,-0.0914746002736917,26.3712795468241,0.9859025619521309,0.39099544982837064,-0.007445281664846178,None,None,-0.000022999072428832386,-0.13909839004957827,-0.45859003127648046,-0.1918159282567068,0.3842335616803976,-2.3134207690842556,3 days 12:57:20.707964600,false
XMR-USD,false,38,68,114,28.31858407079646,0.6440811377799989,0.15564738292011018,0.0001,0.00004356705241660994,4.710743801652892,9.3801652892562,0.00047107438016528926,-0.6010451178169306,0,0,17424,726 days 01:00:00,1000.0,543.505837565075,-45.649416243492496,34.915698157888286,100.0,167.39497476953994,52.34747405632346,635 days 19:00:00,113,1,26.58743109626073,20.563418258195433,-8.039372144347576,4.063064652010883,-2.2971799368780856,7 days 18:18:45,1 days 20:55:33.333333333,-4.2750583498334995,-0.4316364477821571,-0.5043143409523334,0.9818606875811685,-0.09156842433982625,26.389871034011207,0.9862708417516018,0.39099544982837064,-0.00744528166484613,None,None,-0.000022781481138524985,-0.1377823979257991,-0.45649416243492136,-0.19073140438441538,0.38416853447833227,-2.30741811425527,3 days 12:57:52.566371680,false
XMR-USD,false,39,66,114,28.31858407079646,0.6275304456273932,0.15564738292011018,0.0001,0.00004356705241660994,4.710743801652892,9.3801652892562,0.00047107438016528926,-0.6510643808949449,0,0,17424,726 days 01:00:00,1000.0,525.5699265811876,-47.44300734188124,34.915698157888286,100.0,164.59581084023887,54.036984693711496,635 days 19:00:00,113,1,25.710035189035295,20.58805707988818,-8.039372144347587,3.978016020886293,-2.3088497765213307,7 days 14:35:37.500000,1 days 22:21:28.888888888,-4.42601866024645,-0.46792417835900546,-0.5113314883149748,0.9803410739445529,-0.0976575530090108,26.388214611014607,0.9865533742904791,0.3903295300406926,-0.007446826610916452,None,None,-0.000024701864846907705,-0.1493968785940978,-0.47443007341881205,-0.20010250639112792,0.3842485161815614,-2.3587873032738638,3 days 12:56:16.991150441,false
XMR-USD,false,35,48,132,28.24427480916031,0.6637167935186092,0.18044077134986225,0.0001,0.00004345273047563124,5.454545454545455,10.867768595041323,0.0005454545454545455,-0.5976462733317113,0,0,17424,726 days 01:00:00,1000.0,549.4612534535374,-45.05387465464626,34.915698157888286,100.0,183.3473112716462,55.001103845497944,635 days 19:00:00,131,1,28.5369804275432,22.16640331110654,-8.059042385391486,4.036340770854178,-2.1767477362214094,6 days 13:45:24.324324324,1 days 16:37:01.276595744,-3.657066618122183,-0.42615962836627047,-0.47263137045383596,0.9822294118828055,0.15636890130920467,23.08380102720286,0.991202274963345,0.3941115289223138,-0.007460189988399738,None,None,-0.000022335839564761373,-0.1350871576876768,-0.450538746546465,-0.18766455389943848,0.3814941834506302,-2.2903615574551393,3 days 01:42:08.244274807,false
XMR-USD,false,35,49,132,28.24427480916031,0.6536518373223453,0.18044077134986225,0.0001,0.00004345273047563124,5.454545454545455,10.867768595041323,0.0005454545454545455,-0.6507614900544744,0,0,17424,726 days 01:00:00,1000.0,531.0346311846625,-46.89653688153375,34.915698157888286,100.0,181.54604546312046,56.062119021194356,635 days 19:00:00,131,1,24.753391616901638,22.842500238925656,-8.059042385391505,4.022821986780372,-2.202077696270741,6 days 13:40:32.432432432,1 days 16:33:11.489361702,-3.7688454994827376,-0.46411788268446874,-0.48613035665640403,0.9806474037102229,0.15783072899350617,23.146591297929515,0.9912177336668324,0.393108410617205,-0.007451626741492494,None,None,-0.000024309254649222275,-0.1470223721184963,-0.4689653688153398,-0.19722549712001958,0.38124247919677956,-2.3431361638386345,3 days 01:38:00.916030533,false
XMR-USD,false,39,45,132,28.24427480916031,0.666098556883692,0.18044077134986225,0.0001,0.00004345273047563124,5.454545454545455,10.867768595041323,0.0005454545454545455,-0.624695297131967,0,0,17424,726 days 01:00:00,1000.0,539.7030168065061,-46.02969831934939,34.915698157888286,100.0,185.71413647467656,53.766093613685605,635 days 19:00:00,131,1,25.157455554323406,22.84250023892567,-8.059042385391498,4.030764459067515,-2.187792384223088,6 days 15:22:42.162162162,1 days 15:54:15.319148936,-3.7057590744108246,-0.4451883168365514,-0.49583149597940196,0.9814272535242003,0.16364025717517655,23.049402320965235,0.9928066988966341,0.39299704212966663,-0.007452411460490909,None,None,-0.000023348566051269446,-0.1412121274780776,-0.46029698319349033,-0.1927012311149967,0.3817459158287266,-2.318309549796305,3 days 01:38:55.877862595,false
XMR-USD,false,40,44,132,28.24427480916031,0.6683079970671155,0.18044077134986225,0.0001,0.00004345273047563124,5.454545454545455,10.867768595041323,0.0005454545454545455,-0.616810992271488,0,0,17424,726 days 01:00:00,1000.0,542.5106944593177,-45.74893055406823,34.915698157888286,100.0,185.51970474729035,53.64993954704177,635 days 19:00:00,131,1,25.28833128331121,22.842500238925666,-8.05904238539152,4.053783673582647,-2.1908518511878823,6 days 15:22:42.162162162,1 days 15:54:53.617021276,-3.685325471938879,-0.4395489228394921,-0.49333438990965417,0.9816603751783161,0.1637066414140939,23.053198803424127,0.9924390779557931,0.39321979691372827,-0.007452411460490838,None,None,-0.00002305182391335554,-0.1394174310279743,-0.4574893055406827,-0.1912460079427728,0.3817297586149326,-2.310268245165605,3 days 01:39:23.358778625,false
XMR-USD,false,41,43,132,28.24427480916031,0.6648844967480533,0.18044077134986225,0.0001,0.00004345273047563124,5.454545454545455,10.867768595041323,0.0005454545454545455,-0.6338239393345192,0,0,17424,726 days 01:00:00,1000.0,536.4597892527089,-46.35402107472911,34.915698157888286,100.0,184.9201281066827,53.710010452597054,635 days 19:00:00,131,1,25.006277312778536,22.842500238925652,-8.05904238539151,4.056615528033117,-2.2034388028993166,6 days 15:22:42.162162162,1 days 15:56:10.212765957,-3.7293625042753327,-0.45172143085801986,-0.500480626575332,0.9811600517798661,0.16358137760070757,23.042831091811337,0.9923322687175793,0.39321979691372827,-0.007452411460490804,None,None,-0.000023692815959654037,-0.14329415092398762,-0.4635402107472939,-0.19438836612690302,0.38177187432634213,-2.3275982873123975,3 days 01:40:18.320610686,false
XMR-USD,false,49,53,111,28.18181818181818,0.6390538867807336,0.15151515151515152,0.0001,0.00004335664335664335,4.586776859504132,9.132231404958677,0.0004586776859504132,-0.5913600239526973,0,0,17424,726 days 01:00:00,1000.0,546.3262071669196,-45.36737928330803,34.915698157888286,100.0,160.30022563146807,51.378913144422455,635 days 19:00:00,110,1,24.802155299699166,20.65796676386936,-8.306554725998119,4.118547922664244,-2.317782810426034,7 days 18:27:05.806451612,2 days 00:24:18.227848101,-4.349781346661635,-0.4246373212778486,-0.5100891003797364,0.9821520514402939,-0.09148907480520287,26.243622273603137,0.9883745557514844,0.39044047239067986,-0.0074581963641886205,None,None,-0.00002244670624321397,-0.1357576793589581,-0.45367379283308507,-0.1892762828971044,0.3847622057991666,-2.2993404593589224,3 days 15:18:32.727272726,false
XMR-USD,false,50,52,111,28.18181818181818,0.6407132259261721,0.15151515151515152,0.0001,0.00004335664335664335,4.586776859504132,9.132231404958677,0.0004586776859504132,-0.5854611958126508,0,0,17424,726 days 01:00:00,1000.0,548.4622735893372,-45.15377264106628,34.915698157888286,100.0,160.73753726213494,51.18881083980813,635 days 19:00:00,110,1,24.899128592292982,20.65796676386936,-8.306554725998131,4.1185479226642485,-2.312914573035377,7 days 18:27:05.806451612,2 days 00:24:18.227848101,-4.331244136390507,-0.4203984997302117,-0.5091526517955426,0.9823286607536048,-0.09161911177211082,26.243320765017277,0.988149570267672,0.39055143244753016,-0.007458196364188654,None,None,-0.00002222269909059661,-0.13440288409992832,-0.45153772641066225,-0.18817747670793206,0.38476325713981013,-2.2932226769999433,3 days 15:18:32.727272726,false
XMR-USD,false,35,44,143,28.169014084507044,0.6736160460250491,0.19559228650137742,0.0001,0.000043336944745395453,5.909090909090909,11.776859504132231,0.0005909090909090909,-0.6207550578281861,0,0,17424,726 days 01:00:00,1000.0,540.821449935323,-45.917855006467704,34.915698157888286,100.0,199.26745986332412,52.38577585180696,635 days 19:00:00,142,1,24.00208924924334,23.03561238281167,-8.05904238539151,3.9145741159384753,-2.082826833038169,6 days 02:39:00,1 days 13:05:17.647058823,-3.4026805585487327,-0.4424995991924337,-0.5074384107914565,0.9815295000295803,0.16649486929461438,23.093908404851415,0.9940978655787404,0.39344262295081966,-0.007468294324475403,None,None,-0.00002321850341974219,-0.14042550868260076,-0.45917855006467434,-0.1921209547388555,0.3819260540993686,-2.3151063111734964,2 days 19:57:02.535211266,false
XMR-USD,false,40,41,136,28.14814814814815,0.6713625546573332,0.1859504132231405,0.0001,0.000043304843304843306,5.619834710743802,11.198347107438018,0.0005619834710743802,-0.5885472969196027,0,0,17424,726 days 01:00:00,1000.0,552.3691613543976,-44.76308386456024,34.915698157888286,100.0,192.2032675371883,53.70227180006643,635 days 19:00:00,135,1,28.688006383114043,22.166403311106542,-8.059042385391503,3.941292086446211,-2.1096084382602625,6 days 11:22:06.315789473,1 days 14:48:14.845360824,-3.5282877409534583,-0.4195677053528298,-0.480400729948727,0.9825078047957785,0.16098262322033388,23.042599805699684,0.9924683462069313,0.3947810774033458,-0.007461921798605257,None,None,-0.000022010768491248588,-0.13312112783507146,-0.4476308386455954,-0.18617495556252805,0.3818485076553181,-2.2820331892589465,2 days 23:36:53.333333331,false
XMR-USD,false,37,48,129,28.125,0.6534004365249103,0.1763085399449036,0.0001,0.000043269230769230766,5.330578512396694,10.619834710743802,0.0005330578512396694,-0.6471006866052346,0,0,17424,726 days 01:00:00,1000.0,531.707339221568,-46.8292660778432,34.915698157888286,100.0,181.60627424408287,54.60240032943749,635 days 19:00:00,128,1,24.784748904173455,22.842500238925677,-8.059042385391505,3.99692040239037,-2.1969767608611246,6 days 15:18:20,1 days 18:32:36.521739130,-3.8521672631453594,-0.4615493689897346,-0.49827816988763596,0.9807494964198836,0.15666673412206977,23.05028172359115,0.9893176045763366,0.39366552027513396,-0.007460189988399773,None,None,-0.00002420573253828693,-0.14639627039155934,-0.46829266077843457,-0.19687267417286147,0.38173151243782805,-2.3412095002678144,3 days 03:22:58.124999999,false
XMR-USD,false,38,47,129,28.125,0.6519734626715123,0.1763085399449036,0.0001,0.000043269230769230766,5.330578512396694,10.619834710743802,0.0005330578512396694,-0.6726529366083831,0,0,17424,726 days 01:00:00,1000.0,523.052446880775,-47.69475531192249,34.915698157888286,100.0,181.71337662239821,53.93976817356151,635 days 19:00:00,128,1,24.38131393603237,22.842500238925663,-8.059042385391502,4.02836108230937,-2.2250500488174403,6 days 15:25:00,1 days 18:33:15.652173913,-3.916631773869196,-0.48025200127347134,-0.5154877363655104,0.9799897896403736,0.14493188810927457,23.065184232272976,0.9887468064446322,0.39388848892088635,-0.007460189988399788,None,None,-0.0000251663764893659,-0.15220624500768495,-0.476947553119227,-0.20143446026214595,0.38142525952274253,-2.365997468996538,3 days 03:25:18.749999999,false
XMR-USD,false,40,64,115,28.07017543859649,0.6138068414866892,0.15702479338842976,0.0001,0.000043184885290148445,4.75206611570248,9.462809917355372,0.000475206611570248,-0.6910502730422071,0,0,17424,726 days 01:00:00,1000.0,511.8203607358854,-48.81796392641146,34.915698157888286,100.0,162.9842827517073,54.650642964397946,635 days 19:00:00,114,1,25.03742855034085,20.416486066616056,-8.039372144347578,3.953601859599967,-2.3039679311562216,7 days 14:24:22.500000,1 days 21:51:13.170731707,-4.501904103635571,-0.4967505067778406,-0.5231206571775027,0.9791375212357348,-0.09738676492650791,26.39029573564312,0.9865476436095781,0.3899968091895341,-0.007446826610916417,None,None,-0.00002622337502435439,-0.15859897214729535,-0.4881796392641147,-0.2074287119374978,0.3842449880194329,-2.3981666271044424,3 days 12:11:03.157894735,false
XMR-USD,false,42,61,115,28.07017543859649,0.6214216050508862,0.15702479338842976,0.0001,0.000043184885290148445,4.75206611570248,9.462809917355372,0.000475206611570248,-0.6651536769494187,0,0,17424,726 days 01:00:00,1000.0,520.4377015984937,-47.95622984015063,34.915698157888286,100.0,162.58399654155505,53.74975146959545,635 days 19:00:00,114,1,25.45897500041025,20.657966763869382,-8.039372144347572,4.007033238692836,-2.3036809145461095,7 days 14:24:22.500000,1 days 21:55:36.585365853,-4.4300111701922535,-0.478091105618704,-0.5206898491030805,0.9799215193205607,-0.09777636760241208,26.333026837280652,0.9869309722484606,0.39044047239067986,-0.007458196364188607,None,None,-0.000025252000606904123,-0.15272409967055614,-0.4795622984015081,-0.202822314447052,0.384452838057773,-2.3734862073584564,3 days 12:14:12.631578946,false
XMR-USD,false,34,49,133,28.030303030303028,0.6726186395171906,0.18181818181818182,0.0001,0.00004312354312354312,5.4958677685950414,10.950413223140496,0.0005495867768595042,-0.5712769126444112,0,0,17424,726 days 01:00:00,1000.0,559.0301101605438,-44.096988983945614,34.915698157888286,100.0,186.6361182821419,54.17234485621203,635 days 19:00:00,132,1,29.033951369252918,22.166403311106528,-8.059042385391505,4.07694805745318,-2.1512148090267593,6 days 13:47:01.621621621,1 days 16:13:53.684210526,-3.560635160672036,-0.4072670269676079,-0.4679531527561069,0.9830138400169857,0.15654682514057564,23.084529773605368,0.9923891749359788,0.3943346403136753,-0.007452411460490748,None,None,-0.000021345373094307324,-0.12909681647437068,-0.4409698898394555,-0.18278202498874996,0.3814893727927306,-2.262955957075229,3 days 01:10:54.545454544,false
XMR-USD,false,34,50,133,28.030303030303028,0.6495341104933054,0.18181818181818182,0.0001,0.00004312354312354312,5.4958677685950414,10.950413223140496,0.0005495867768595042,-0.6644733840312135,0,0,17424,726 days 01:00:00,1000.0,526.2033791098728,-47.37966208901272,34.915698157888286,100.0,181.65797236885516,56.897863364164934,635 days 19:00:00,132,1,24.528189967923538,22.842500238925663,-8.059042385391505,4.030877808523779,-2.1913401544665883,6 days 13:38:55.135135135,1 days 16:10:06.315789473,-3.77518796104584,-0.47397038480813813,-0.48485080829269833,0.9802437744061248,0.157273046960399,23.130601285150085,0.9908054576839299,0.39333120102350866,-0.007460189988399786,None,None,-0.0000248295754933823,-0.15016927258397617,-0.4737966208901291,-0.19976801411149336,0.38130810135699095,-2.356973069098105,3 days 01:05:54.545454544,false
XMR-USD,false,34,51,133,28.030303030303028,0.6475672649645213,0.18181818181818182,0.0001,0.00004312354312354312,5.4958677685950414,10.950413223140496,0.0005495867768595042,-0.6936885688904361,0,0,17424,726 days 01:00:00,1000.0,516.3163846371109,-48.36836153628891,34.915698157888286,100.0,180.88309049727187,56.22478277757863,635 days 19:00:00,132,1,24.06732238655229,22.84250023892567,-8.059042385391518,4.081295170532991,-2.22651189251215,6 days 13:17:50.270270270,1 days 16:15:09.473684210,-3.8465980132533444,-0.4947483890373795,-0.5028779744809642,0.9793775697738705,0.16031966585338506,23.13848755653852,0.9905362969167669,0.39288569144684243,-0.007452411460490781,None,None,-0.00002591812959879714,-0.1567528478135251,-0.48368361536289184,-0.20501909963497655,0.38130913758597834,-2.385289829164173,3 days 01:03:38.181818180,false
XMR-USD,false,38,46,133,28.030303030303028,0.6476901133893097,0.18181818181818182,0.0001,0.00004312354312354312,5.4958677685950414,10.950413223140496,0.0005495867768595042,-0.6874270273407243,0,0,17424,726 days 01:00:00,1000.0,518.2545081991378,-48.17454918008622,34.915698157888286,100.0,182.56143185480354,54.78965186400867,635 days 19:00:00,132,1,24.157665141460313,22.84250023892567,-8.059042385391498,4.003402888030452,-2.196372441750571,6 days 13:48:38.918918918,1 days 16:04:25.263157894,-3.8325996738054666,-0.49030212145189356,-0.5135819567378644,0.9795646212041499,0.15927569302758118,23.10813449216242,0.9915251171895482,0.39277435856446324,-0.007452411460490833,None,None,-0.000025694440262873885,-0.15539997470986125,-0.48174549180086135,-0.20398460124815287,0.38144623555732254,-2.379738963323649,3 days 01:04:32.727272726,false
XMR-USD,false,32,51,137,27.941176470588236,0.6602046648422477,0.18732782369146006,0.0001,0.000042986425339366516,5.661157024793389,11.28099173553719,0.0005661157024793389,-0.6526183363671453,0,0,17424,726 days 01:00:00,1000.0,530.0255981375257,-46.99744018624744,34.915698157888286,100.0,190.85971597004044,54.87084414416952,635 days 19:00:00,136,1,27.527564546326005,22.166403311106546,-8.059042385391498,4.0035670505979875,-2.150074437644164,6 days 11:25:15.789473684,1 days 14:17:08.571428571,-3.6581026941823493,-0.46558946044685795,-0.49795154037432804,0.9806061038257989,0.15468134581969606,23.083830985428737,0.990356448608158,0.3943346403136753,-0.007460189988399897,None,None,-0.000024402423993548822,-0.14758586031298326,-0.4699744018624724,-0.19775526388222842,0.38149405317454466,-2.3460260761141214,2 days 23:00:52.941176470,false
XMR-USD,false,33,49,137,27.941176470588236,0.668016679393542,0.18732782369146006,0.0001,0.000042986425339366516,5.661157024793389,11.28099173553719,0.0005661157024793389,-0.6140699812611619,0,0,17424,726 days 01:00:00,1000.0,543.3306747629285,-45.666932523707146,34.915698157888286,100.0,193.06890977524446,53.60777262204647,635 days 19:00:00,136,1,24.113450657460135,22.166403311106546,-8.05904238539152,3.9435438265551466,-2.0970129020222212,6 days 11:58:25.263157894,1 days 14:09:47.755102040,-3.5351674698127296,-0.4380515810415294,-0.4926805627767737,0.9817557511033247,0.15313321668153068,23.04230634596259,0.9911077009010283,0.3950044031702826,-0.007466933014796054,None,None,-0.000022969118543362433,-0.138917228950256,-0.4566693252370704,-0.19082193908149525,0.3816603298719806,-2.3079197877471027,2 days 23:04:51.176470587,false
XMR-USD,false,37,44,137,27.941176470588236,0.6651575861356194,0.18732782369146006,0.0001,0.000042986425339366516,5.661157024793389,11.28099173553719,0.0005661157024793389,-0.6175424002925767,0,0,17424,726 days 01:00:00,1000.0,541.940081542773,-45.8059918457227,34.915698157888286,100.0,192.24044961079042,54.580113851447244,635 days 19:00:00,136,1,28.14635864254808,22.166403311106556,-8.059042385391512,3.9558026882322945,-2.1127243944467087,6 days 11:15:47.368421052,1 days 14:26:56.326530612,-3.5750461551454036,-0.4403106424964966,-0.48563936855062534,0.9816527795199838,0.16103925407736883,23.030937453645155,0.9918036902571129,0.3947810774033458,-0.007466933014796156,None,None,-0.00002310172626933179,-0.13971924047691867,-0.4580599184572307,-0.19154135857897325,0.38189431667970297,-2.3119025040996934,2 days 23:05:17.647058823,false
XMR-USD,false,39,42,137,27.941176470588236,0.6671752782728102,0.18732782369146006,0.0001,0.000042986425339366516,5.661157024793389,11.28099173553719,0.0005661157024793389,-0.6048444394256982,0,0,17424,726 days 01:00:00,1000.0,546.4596036495676,-45.354039635043236,34.915698157888286,100.0,192.612769323431,54.19759108206471,635 days 19:00:00,136,1,28.38108586506428,22.166403311106535,-8.059042385391493,3.941292086446209,-2.0990096421142908,6 days 11:22:06.315789473,1 days 14:25:06.122448979,-3.543540310408055,-0.43123326790800004,-0.48339355267161405,0.982028204546233,0.16086251613431002,23.03180033789059,0.9923821110013036,0.3947810774033458,-0.007466933014796124,None,None,-0.000022625303077105375,-0.1368378330103333,-0.45354039635042975,-0.18920758086175138,0.3818915880935701,-2.2989584063292368,2 days 23:05:44.117647057,false
XMR-USD,false,45,57,112,27.927927927927925,0.6425699530053443,0.15289256198347106,0.0001,0.00004296604296604296,4.62809917355372,9.214876033057852,0.00046280991735537196,-0.5797863421013549,0,0,17424,726 days 01:00:00,1000.0,550.5338568439286,-44.94661431560714,34.915698157888286,100.0,162.6937918970455,51.204288046086454,635 days 19:00:00,111,1,26.931230491602832,20.982340608689917,-8.306554725998117,4.135999491274758,-2.290456340033586,7 days 18:25:09.677419354,1 days 23:53:15,-4.291868231060128,-0.416384190919278,-0.50625947828822,0.9825007613730327,-0.09308163079964454,26.251050727110073,0.9879156461570838,0.391106498483155,-0.007460189988399883,None,None,-0.00002200850968761469,-0.13310746659069364,-0.4494661431560677,-0.187114506726753,0.38472848953636835,-2.2872895770939246,3 days 14:34:35.675675674,false
XMR-USD,false,46,56,112,27.927927927927925,0.6451581896464736,0.15289256198347106,0.0001,0.00004296604296604296,4.62809917355372,9.214876033057852,0.00046280991735537196,-0.5619670269620928,0,0,17424,726 days 01:00:00,1000.0,557.0303601673205,-44.29696398326795,34.915698157888286,100.0,162.54472678138737,50.65101550874891,635 days 19:00:00,111,1,27.249028981589845,20.982340608689906,-8.306554725998131,4.134295733661134,-2.2754140910162004,7 days 18:27:05.806451612,1 days 23:52:30,-4.236204223551969,-0.403481069936457,-0.5031386794112193,0.9830390499188837,-0.09181967614522728,26.231964600854834,0.9884569013881241,0.391106498483155,-0.0074601899883996745,None,None,-0.00002133061769759163,-0.1290075758350342,-0.4429696398326832,-0.18379786492037853,0.38480279031530895,-2.2686833235571497,3 days 14:34:35.675675675,false
XMR-USD,false,47,55,112,27.927927927927925,0.6366855609195028,0.15289256198347106,0.0001,0.00004296604296604296,4.62809917355372,9.214876033057852,0.00046280991735537196,-0.5978752051450102,0,0,17424,726 days 01:00:00,1000.0,543.9581008880576,-45.60418991119424,34.915698157888286,100.0,160.92545729988916,51.495619120485415,635 days 19:00:00,111,1,24.694647845500413,20.657966763869364,-8.306554725998128,4.123832061247565,-2.296403474382564,7 days 18:25:09.677419354,1 days 23:52:30,-4.330959882499481,-0.42932471627871854,-0.5120590736093176,0.9819600130717436,-0.09140414862727216,26.24001282811837,0.9885799682160448,0.3906624102154829,-0.007460189988399726,None,None,-0.00002269521246591843,-0.13726064499387466,-0.4560418991119548,-0.19049773549153304,0.3847745204445434,-2.3061228134397527,3 days 14:34:03.243243242,false
XMR-USD,false,48,54,112,27.927927927927925,0.635492859144823,0.15289256198347106,0.0001,0.00004296604296604296,4.62809917355372,9.214876033057852,0.00046280991735537196,-0.6049133350972433,0,0,17424,726 days 01:00:00,1000.0,541.4013661376177,-45.859863386238224,34.915698157888286,100.0,160.97528866066278,51.74082837399068,635 days 19:00:00,111,1,24.57857702277829,20.65796676386936,-8.306554725998115,4.123832061247564,-2.3020275624753395,7 days 18:25:09.677419354,1 days 23:49:30,-4.352947845812252,-0.4344005567821675,-0.5129989084628732,0.9817478370603455,-0.09139420652720119,26.235193678252077,0.9883690671079614,0.39044047239067986,-0.007460189988399812,None,None,-0.000022964523028089686,-0.13888943527388642,-0.45859863386238586,-0.19182038537648782,0.3847910842121366,-2.3134454072452044,3 days 14:31:53.513513512,false
XMR-USD,false,53,67,98,27.835051546391753,0.5941618861649718,0.13360881542699724,0.0001,0.00004282315622521808,4.049586776859504,8.057851239669422,0.00040495867768595046,-0.8279238571433233,0,0,17424,726 days 01:00:00,1000.0,467.4052349737392,-53.25947650262608,34.915698157888286,100.0,140.87346203301348,59.43043431121298,635 days 19:00:00,97,1,20.846356782458997,20.487090550277337,-8.593290028177906,4.4933406323855385,-2.7387522950257255,8 days 17:40:00,2 days 06:16:17.142857142,-5.705578575347635,-0.5975223025704075,-0.5346512222586486,0.9747487396174239,-0.15315246869564414,26.958435645791162,0.9783888801388171,0.38238794129313763,-0.007458196364188557,None,None,-0.00003147955728149917,-0.19038836243850696,-0.532594765026257,-0.2320114205178223,0.38347092431112045,-2.5253733796697255,4 days 01:31:32.783505153,false
XMR-USD,false,54,66,98,27.835051546391753,0.5833503144576208,0.13360881542699724,0.0001,0.00004282315622521808,4.049586776859504,8.057851239669422,0.00040495867768595046,-0.867043064495745,0,0,17424,726 days 01:00:00,1000.0,455.2090293615752,-54.47909706384249,34.915698157888286,100.0,138.87074528641298,60.48903341903953,635 days 19:00:00,97,1,20.302403838505143,20.487090550277337,-8.593290028177913,4.449802192039623,-2.761161519325871,8 days 17:44:26.666666666,2 days 06:18:51.428571428,-5.825704891514738,-0.6258794232443692,-0.5401873125230322,0.9735794664410107,-0.15273697739477113,26.91183312576643,0.9786302003403708,0.38227828018403937,-0.007460189988399879,None,None,-0.00003298693414110919,-0.19950497768542838,-0.5447909706384239,-0.23902698138845302,0.38362705162380556,-2.5603038157074445,4 days 01:34:38.350515462,false
XMR-USD,false,33,75,116,27.82608695652174,0.6377879818699045,0.1584022038567493,0.0001,0.000042809364548494984,4.793388429752066,9.545454545454545,0.0004793388429752066,-0.6131978025380694,0,0,17424,726 days 01:00:00,1000.0,538.8111552168175,-46.11888447831825,34.915698157888286,100.0,166.72782636639167,52.068379757358066,635 days 19:00:00,115,1,26.35777478932522,20.398670625822774,-8.039372144347569,4.0616079650556305,-2.2550619336710667,7 days 16:22:30,1 days 20:36:52.048192771,-4.239535822369634,-0.4404427148619651,-0.513168959960703,0.9814935144106228,-0.09148347889776516,26.322873316257912,0.9859002199855275,0.3912175648702595,-0.007450925614534927,None,None,-0.00002326238983192594,-0.1406909337034881,-0.46118884478318234,-0.19316451835599335,0.3844349315103649,-2.3208638781836557,3 days 11:30:15.652173912,false
XMR-USD,false,36,48,134,27.819548872180448,0.6515478114584268,0.18319559228650137,0.0001,0.00004279930595720069,5.537190082644628,11.03305785123967,0.0005537190082644628,-0.6779090099429347,0,0,17424,726 days 01:00:00,1000.0,521.7263649397114,-47.82736350602886,34.915698157888286,100.0,183.78704492907107,55.29727593809148,635 days 19:00:00,133,1,24.31950059340727,22.842500238925652,-8.05904238539149,4.054863617392529,-2.1849988421447235,6 days 13:37:17.837837837,1 days 15:42:30,-3.778895756794703,-0.4834825697965056,-0.5044979571978879,0.9798433218592686,0.15963049851639555,23.151774042051912,0.9916078224676742,0.39277435856446324,-0.007451626741492508,None,None,-0.00002532383981737356,-0.1531585832154753,-0.4782736350602871,-0.2021377503299555,0.3812472154065816,-2.3697954223843443,3 days 00:30:40.601503759,false
XMR-USD,false,37,47,134,27.819548872180448,0.6455854048638374,0.18319559228650137,0.0001,0.00004279930595720069,5.537190082644628,11.03305785123967,0.0005537190082644628,-0.7000623087406688,0,0,17424,726 days 01:00:00,1000.0,514.2834180291482,-48.571658197085185,34.915698157888286,100.0,183.3979937890315,55.26840710069965,635 days 19:00:00,133,1,23.97255866374445,22.842500238925677,-8.059042385391514,4.010899033276228,-2.1840337004405366,6 days 13:37:17.837837837,1 days 15:40:37.500000,-3.8322491777037238,-0.4993483332990141,-0.5141512779314621,0.9791848050517786,0.15980675817689816,23.164741437773987,0.991145531497853,0.39255174618396876,-0.007451626741492505,None,None,-0.000026151495665289213,-0.15816424578366917,-0.48571658197086265,-0.20610694991117795,0.3811982269137128,-2.391112329401086,3 days 00:29:19.398496240,false
XMR-USD,false,36,45,138,27.73722627737226,0.6662242437115653,0.1887052341597796,0.0001,0.000042672655811341946,5.702479338842975,11.363636363636363,0.0005702479338842975,-0.6088235847900594,0,0,17424,726 days 01:00:00,1000.0,545.1434740385891,-45.48565259614109,34.915698157888286,100.0,193.35906067855623,54.64773605718784,635 days 19:00:00,137,1,28.312730972499025,22.166403311106553,-8.059042385391503,3.955016674646138,-2.0854907305937314,6 days 10:50:31.578947368,1 days 14:12:07.272727272,-3.5267828973278137,-0.434070118504084,-0.48104788969180845,0.981904463904931,0.16112706415449782,23.05339418622507,0.9922591652075194,0.39466944133183923,-0.007461921798605234,None,None,-0.000022769064655175096,-0.137707303034499,-0.454856525961409,-0.18988589529759559,0.381806435852786,-2.3027278558330875,2 days 22:33:17.080291969,false
XMR-USD,false,38,43,138,27.73722627737226,0.6645495523788125,0.1887052341597796,0.0001,0.000042672655811341946,5.702479338842975,11.363636363636363,0.0005702479338842975,-0.6212592090111463,0,0,17424,726 days 01:00:00,1000.0,540.6689815721318,-45.93310184278682,34.915698157888286,100.0,193.01523038574015,54.702243003377625,635 days 19:00:00,137,1,28.080342422558715,22.166403311106556,-8.059042385391503,3.9661441609729917,-2.097614099746821,6 days 11:17:22.105263157,1 days 14:03:38.181818181,-3.557747159492167,-0.44298777994658384,-0.48614022861054973,0.9815412685480689,0.1608325590408383,23.04279062630718,0.9920890559027019,0.3947810774033458,-0.007466933014796124,None,None,-0.00002323938159321162,-0.14055177987574388,-0.45933101842785984,-0.19220001370732942,0.38184821550829723,-2.3155429868558834,2 days 22:34:35.912408757,false
XMR-USD,false,36,70,113,27.67857142857143,0.6408591024989949,0.15426997245179064,0.0001,0.000042582417582417585,4.669421487603306,9.297520661157025,0.00046694214876033064,-0.5843086916082704,0,0,17424,726 days 01:00:00,1000.0,549.6810693870483,-45.03189306129517,34.915698157888286,100.0,164.54225653139378,51.125674156798596,635 days 19:00:00,112,1,26.889513501310375,20.398670625822774,-8.039372144347597,4.110306938160759,-2.256649805480516,7 days 20:29:01.935483870,1 days 22:20:44.444444444,-4.26078967959163,-0.4194934990378716,-0.50816669360222,0.9823623900627044,-0.08984473993987259,26.40524358957047,0.9865759542357678,0.3907734056987789,-0.0074427227547662215,None,None,-0.000022137079179614608,-0.13388505487830915,-0.4503189306129505,-0.1875517719009513,0.38410771289126766,-2.289731995552877,3 days 13:41:14.999999999,false
XMR-USD,false,37,69,113,27.67857142857143,0.6415077751452826,0.15426997245179064,0.0001,0.000042582417582417585,4.669421487603306,9.297520661157025,0.00046694214876033064,-0.5909638386933896,0,0,17424,726 days 01:00:00,1000.0,547.3984636378691,-45.26015363621309,34.915698157888286,100.0,165.40715335569826,52.16263933670244,635 days 19:00:00,112,1,26.777852100674636,20.563418258195448,-8.039372144347572,4.1229218811208685,-2.2657061415701416,7 days 20:36:46.451612903,1 days 22:17:46.666666666,-4.28017311127505,-0.42435738294416553,-0.5010300451326466,0.9821577651768678,-0.09099855560125214,26.4447820946899,0.986370451669662,0.3907734056987789,-0.007442722754766126,None,None,-0.000022385175319674875,-0.13538554033339364,-0.4526015363621342,-0.1887243573918297,0.3839606180113611,-2.296269472589301,3 days 13:41:14.999999998,false
XMR-USD,false,41,63,113,27.67857142857143,0.6239382849634378,0.15426997245179064,0.0001,0.000042582417582417585,4.669421487603306,9.297520661157025,0.00046694214876033064,-0.6416388177289695,0,0,17424,726 days 01:00:00,1000.0,528.796117779794,-47.1203882220206,34.915698157888286,100.0,161.97056088565438,53.34671951622402,635 days 19:00:00,112,1,25.86785527166876,20.416486066616052,-8.039372144347578,4.069171503665389,-2.288338110303205,7 days 18:34:50.322580645,1 days 23:02:57.777777777,-4.438140513320309,-0.46110311365645607,-0.5137677280066826,0.9806197733262737,-0.09729369282751987,26.37055496198613,0.9868363812962369,0.39010769844435583,-0.007446826610916453,None,None,-0.000024346228668781234,-0.1472459909887889,-0.47120388222021126,-0.19840166157185724,0.3843187615476849,-2.349547358581887,3 days 13:40:10.714285713,false
XMR-USD,false,42,62,113,27.67857142857143,0.6360226240490712,0.15426997245179064,0.0001,0.000042582417582417585,4.669421487603306,9.297520661157025,0.00046694214876033064,-0.6046113473320491,0,0,17424,726 days 01:00:00,1000.0,541.7726178847569,-45.82273821152431,34.915698157888286,100.0,163.0668702126117,52.20186183149592,635 days 19:00:00,112,1,26.50264477817541,20.416486066616052,-8.03937214434759,4.1417836233360426,-2.284085785860189,7 days 18:46:27.096774193,1 days 23:00:44.444444444,-4.327946668691243,-0.4342802145902322,-0.5079832202778214,0.9817456118959405,-0.09454830334650373,26.314297615782024,0.9873636125362597,0.39044047239067986,-0.007450925614535049,None,None,-0.00002294214180197842,-0.13875407361836548,-0.45822738211524583,-0.19162807671218096,0.3845225912640305,-2.3123821269251024,3 days 13:41:47.142857141,false
XMR-USD,false,44,59,113,27.67857142857143,0.6396996866217592,0.15426997245179064,0.0001,0.000042582417582417585,4.669421487603306,9.297520661157025,0.00046694214876033064,-0.5866053872780765,0,0,17424,726 days 01:00:00,1000.0,548.2858335363688,-45.17141664636311,34.915698157888286,100.0,164.6163250858752,51.74545126517243,635 days 19:00:00,112,1,24.89111855444844,20.41648606661606,-8.306554725998119,4.104636907952718,-2.2514048721501383,7 days 18:40:38.709677419,1 days 23:05:55.555555555,-4.255404330518569,-0.4212660082443618,-0.5039066565459462,0.9822881883261444,-0.09351489367463131,26.298706972856724,0.988914416906434,0.3903295300406926,-0.007450925614534987,None,None,-0.000022255472414708558,-0.13460109716415736,-0.4517141664636338,-0.188268132619141,0.38453718634388395,-2.293728008590824,3 days 13:43:55.714285713,false
XMR-USD,false,21,76,142,27.659574468085108,0.654757661179542,0.19421487603305784,0.0001,0.000042553191489361704,5.867768595041323,11.694214876033058,0.0005867768595041323,-0.5586739833582173,0,0,17424,726 days 01:00:00,1000.0,563.344303857635,-43.665569614236496,34.915698157888286,100.0,191.70327795872765,53.41109216675961,722 days 11:00:00,141,1,25.00167155141662,22.76651663290054,-7.00767591430373,3.686598233338651,-1.9280200032604051,6 days 07:58:27.692307692,1 days 12:47:03.529411764,-3.274165728324686,-0.3980909923637704,-0.46921069368655377,0.9834239394613862,0.1636248429784122,23.076992761635506,0.9941760942965595,0.39556303059426556,-0.007460189988399745,None,None,-0.000020883039064169403,-0.12630062026009656,-0.43665569614236643,-0.1805985387275998,0.381829337834734,-2.2505999283411553,2 days 20:38:43.404255318,false
XMR-USD,false,40,45,128,27.559055118110237,0.674849975849927,0.174931129476584,0.0001,0.00004239854633555421,5.289256198347108,10.537190082644628,0.0005289256198347108,-0.5732719759606902,0,0,17424,726 days 01:00:00,1000.0,557.5589618491607,-44.24410381508393,34.915698157888286,100.0,181.12569860146033,53.92894859839728,635 days 19:00:00,127,1,25.989783945684053,22.842500238925663,-8.059042385391512,4.290670285934456,-2.2074109090984617,6 days 17:00:00,1 days 19:40:26.086956521,-3.688431670051365,-0.40826750119130495,-0.47189765559144964,0.982941112250115,0.1836989417736383,23.168950071730205,0.9905236868066535,0.3941115289223138,-0.007461921798605179,None,None,-0.000021444782620626017,-0.12969804528954615,-0.442441038150837,-0.18352911279745288,0.3823268352554052,-2.2671693865324625,3 days 04:00:28.346456691,false
XMR-USD,false,41,44,128,27.559055118110237,0.6752815855824573,0.174931129476584,0.0001,0.00004239854633555421,5.289256198347108,10.537190082644628,0.0005289256198347108,-0.5714807180816864,0,0,17424,726 days 01:00:00,1000.0,558.2113910221808,-44.17886089778192,34.915698157888286,100.0,181.20382608073132,53.87503842920835,635 days 19:00:00,127,1,26.02019596379671,22.842500238925663,-8.05904238539151,4.290670285934457,-2.2061833661087005,6 days 17:00:00,1 days 19:39:46.956521739,-3.683533897178074,-0.4069911543038833,-0.47155606825132673,0.9829935617833098,0.18365959655063893,23.169103435834362,0.9903769888612597,0.3941115289223138,-0.007461921798605184,None,None,-0.000021377707433846362,-0.1292923745599028,-0.4417886089778146,-0.1831976334739175,0.3823262378651421,-2.265300802464431,3 days 03:59:59.999999998,false
XMR-USD,false,42,43,128,27.559055118110237,0.672977396722824,0.174931129476584,0.0001,0.00004239854633555421,5.289256198347108,10.537190082644628,0.0005289256198347108,-0.5781483066933101,0,0,17424,726 days 01:00:00,1000.0,555.7859978133779,-44.421400218662214,34.915698157888286,100.0,181.07428922232512,53.88916789003535,635 days 19:00:00,127,1,25.907139857100674,22.84250023892567,-8.05904238539152,4.271116192168448,-2.2036355766798117,6 days 17:00:00,1 days 19:39:07.826086956,-3.701741275934827,-0.41174741304136553,-0.4744592889572365,0.9827960825519281,0.18379040300536123,23.168993509655042,0.9903790777066455,0.3940000000000001,-0.0074619217986051515,None,None,-0.000021627563845782264,-0.13080350613929112,-0.4442140021866158,-0.18443118275117354,0.38232673483950264,-2.272247228676032,3 days 03:59:31.653543305,false
XMR-USD,false,51,69,99,27.55102040816326,0.5862072648796688,0.1349862258953168,0.0001,0.0000423861852433281,4.090909090909091,8.140495867768596,0.0004090909090909091,-0.8514538601937743,0,0,17424,726 days 01:00:00,1000.0,460.24895527654076,-53.975104472345926,34.915698157888286,100.0,141.31079692652415,60.05158088283652,635 days 19:00:00,98,1,20.527185432546275,20.487090550277337,-8.593290028177904,4.454365548517349,-2.708195705119432,8 days 16:51:06.666666666,2 days 05:49:51.549295774,-5.717124797510257,-0.6147555018665528,-0.5378993182886487,0.9740345779145785,-0.15606474293922754,26.992163744620257,0.9776712969360379,0.38249761980323704,-0.007458196364188683,None,None,-0.000032374548706426526,-0.19580127057646762,-0.5397510447234639,-0.23611318960753036,0.38331802627245004,-2.5458692599607,4 days 00:32:26.938775509,false
XMR-USD,false,52,68,99,27.55102040816326,0.5888167466158483,0.1349862258953168,0.0001,0.0000423861852433281,4.090909090909091,8.140495867768596,0.0004090909090909091,-0.8435498501621455,0,0,17424,726 days 01:00:00,1000.0,462.644733625227,-53.73552663747731,34.915698157888286,100.0,141.3673365093674,59.84363351763796,635 days 19:00:00,98,1,20.634037573881812,20.487090550277337,-8.593290028177904,4.472305276892942,-2.707961670121609,8 days 16:57:46.666666666,2 days 05:48:10.140845070,-5.693768407639336,-0.6089997644822167,-0.5368118940137108,0.9742762306489504,-0.15598696746837143,26.982181556035393,0.9781159419914792,0.38249761980323704,-0.0074581963641885745,None,None,-0.00003207438056217579,-0.1939858536400392,-0.5373552663747678,-0.23473539238422103,0.38335320407377327,-2.5390076519302585,4 days 00:33:03.673469386,false
XMR-USD,false,31,53,139,27.536231884057973,0.6434632371283082,0.19008264462809918,0.0001,0.000042363433667781496,5.743801652892562,11.446280991735538,0.0005743801652892562,-0.715303971574334,0,0,17424,726 days 01:00:00,1000.0,508.59093740818207,-49.14090625918179,34.915698157888286,100.0,189.33368890831792,55.7625319937479,635 days 19:00:00,138,1,26.41432773506824,22.166403311106546,-8.059042385391509,3.9787157884627167,-2.1385876106232593,6 days 11:28:25.263157894,1 days 13:24:35.999999999,-3.7523434081658413,-0.5105976162805368,-0.5167583805004268,0.9787447903470261,0.15250973745208146,23.0711337422725,0.9902828386885164,0.39344262295081966,-0.0074619217986052885,None,None,-0.000026766609549523504,-0.16188445455551814,-0.4914090625918197,-0.20916804007232792,0.3815685091424663,-2.4074158287474967,2 days 21:55:13.043478259,false
XMR-USD,false,38,41,143,27.464788732394368,0.6897810111580771,0.19559228650137742,0.0001,0.00004225352112676057,5.909090909090909,11.776859504132231,0.0005909090909090909,-0.5567732169117166,0,0,17424,726 days 01:00:00,1000.0,564.1882334160274,-43.58117665839726,34.915698157888286,100.0,202.77900435849014,51.329294657501215,635 days 19:00:00,142,1,25.039125821366724,23.03561238281169,-8.059042385391498,4.032468322054241,-2.0286976990129895,6 days 03:53:50.769230769,1 days 13:40:11.650485436,-3.2454288197559107,-0.39665020750345015,-0.4871416768027816,0.9834284019985412,0.17003474095034804,23.124078418121226,0.9946150748630392,0.3937769956806911,-0.00746192179860527,None,None,-0.000020802788683520488,-0.1258152659579319,-0.4358117665839769,-0.18017268961142918,0.3817436450423155,-2.2481828792689127,2 days 19:56:37.183098589,false
XMR-USD,false,34,73,114,27.43362831858407,0.6399612604551557,0.15564738292011018,0.0001,0.00004220558202859088,4.710743801652892,9.3801652892562,0.00047107438016528926,-0.6012858109252782,0,0,17424,726 days 01:00:00,1000.0,543.1504636621177,-45.68495363378823,34.915698157888286,100.0,166.6625766833863,52.15660080802507,635 days 19:00:00,113,1,26.570046776709432,20.398670625822774,-8.039372144347583,4.132334114235051,-2.2505364953436264,7 days 20:34:50.322580645,1 days 21:46:49.756097560,-4.27804940809373,-0.43185369475351226,-0.5066238708477063,0.9818470776929715,-0.09144210477067155,26.33836681117756,0.9856550169614284,0.391106498483155,-0.007446826610916551,None,None,-0.000022805534102960995,-0.1379278702547081,-0.45684953633789016,-0.19091510293434877,0.3843806816139424,-2.3084359197745816,3 days 12:57:20.707964600,false
XMR-USD,false,37,68,114,27.43362831858407,0.6218157568557746,0.15564738292011018,0.0001,0.00004220558202859088,4.710743801652892,9.3801652892562,0.00047107438016528926,-0.6501785515701494,0,0,17424,726 days 01:00:00,1000.0,526.4517983259584,-47.354820167404164,34.915698157888286,100.0,162.13706475592727,53.03063581653906,635 days 19:00:00,113,1,25.753174935895913,20.416486066616045,-8.03937214434757,4.089204236419211,-2.2736384027262577,7 days 18:34:50.322580645,1 days 22:27:04.390243902,-4.418596253185285,-0.467011404561219,-0.5198842225135932,0.9803725029540481,-0.09065829941486461,26.47044634003579,0.9863870581868955,0.39010769844435583,-0.007442722754766226,None,None,-0.000024629692105155533,-0.14896037785198066,-0.47354820167404377,-0.19963690902671594,0.38387465647419095,-2.356261586214497,3 days 12:53:37.699115043,false
XMR-USD,false,38,67,114,27.43362831858407,0.6297165307825243,0.15564738292011018,0.0001,0.00004220558202859088,4.710743801652892,9.3801652892562,0.00047107438016528926,-0.626137200322471,0,0,17424,726 days 01:00:00,1000.0,534.8859731380462,-46.51140268619538,34.915698157888286,100.0,164.0057613250236,52.66157642330054,635 days 19:00:00,113,1,26.165761197480265,20.883108602662674,-8.039372144347563,4.105427180297059,-2.259575932151765,7 days 18:42:34.838709677,1 days 22:27:48.292682926,-4.347608743888798,-0.44968292598790743,-0.5124939317658678,0.9810996142681686,-0.0907799848750275,26.46575926873496,0.9869144290676322,0.39044047239067986,-0.007442722754766245,None,None,-0.000023716693085158626,-0.14343855977903938,-0.4651140268619516,-0.19520946971077469,0.38388901032155553,-2.332105761593868,3 days 12:56:16.991150441,false
XMR-USD,false,42,60,114,27.43362831858407,0.6179555887991417,0.15564738292011018,0.0001,0.00004220558202859088,4.710743801652892,9.3801652892562,0.00047107438016528926,-0.6846081465538417,0,0,17424,726 days 01:00:00,1000.0,513.4853928542384,-48.65146071457616,34.915698157888286,100.0,161.4008747064092,54.303709384254105,635 days 19:00:00,113,1,25.118879242605885,20.760348098152683,-8.306554725998136,4.12147762544239,-2.3128856330177534,7 days 18:21:17.419354838,1 days 22:46:05.853658536,-4.5277299680386545,-0.49201739565875896,-0.524313823545871,0.9793559075520677,-0.09377400943745245,26.253809226549148,0.9855530974141015,0.391106498483155,-0.007461921798605202,None,None,-0.000026006294880479838,-0.15728607143714207,-0.4865146071457642,-0.20653474441343345,0.3847299261092114,-2.3933979064252116,3 days 13:03:43.008849556,false
XMR-USD,false,43,59,114,27.43362831858407,0.6258745643350154,0.15564738292011018,0.0001,0.00004220558202859088,4.710743801652892,9.3801652892562,0.00047107438016528926,-0.6551947162562508,0,0,17424,726 days 01:00:00,1000.0,523.5556681965128,-47.64443318034872,34.915698157888286,100.0,162.87477043623326,53.40753154740609,635 days 19:00:00,113,1,25.611500909711765,20.77137353312971,-8.306554725998117,4.134085087785037,-2.2946165795328883,7 days 18:27:05.806451612,1 days 22:46:49.756097560,-4.442971970913259,-0.47082669798239435,-0.5199712184595375,0.9802436470200442,-0.09424513484332829,26.237978192283293,0.9860427220432127,0.3914397508584205,-0.007466933014796072,None,None,-0.000024889006795017977,-0.15052871309626872,-0.4764443318034852,-0.2011678806081415,0.38477285810357037,-2.3645562223874563,3 days 13:05:50.442477874,false
XMR-USD,false,45,58,114,27.43362831858407,0.626332782462621,0.15564738292011018,0.0001,0.00004220558202859088,4.710743801652892,9.3801652892562,0.00047107438016528926,-0.6423902304604104,0,0,17424,726 days 01:00:00,1000.0,528.3366761590822,-47.166332384091774,34.915698157888286,100.0,164.20007299177036,53.44400919582205,635 days 19:00:00,113,1,23.985465314902513,20.416486066616066,-8.306554725998122,4.085128906802051,-2.2614878987001865,7 days 18:34:50.322580645,1 days 22:34:23.414634146,-4.386272470405493,-0.4614819376555108,-0.513425877602857,0.980616425182962,-0.09328157407397832,26.291726221108156,0.9884372923776725,0.39010769844435583,-0.007458196364188618,None,None,-0.000024381229093820834,-0.1474576735594284,-0.47166332384091836,-0.19864346424958002,0.3845553273461296,-2.350863218338247,3 days 12:58:56.283185839,false
XMR-USD,false,33,50,136,27.40740740740741,0.6527115002176177,0.1859504132231405,0.0001,0.00004216524216524217,5.619834710743802,11.198347107438018,0.0005619834710743802,-0.6563717873182928,0,0,17424,726 days 01:00:00,1000.0,528.7332415902084,-47.12667584097916,34.915698157888286,100.0,189.39772853894831,54.50859932320302,635 days 19:00:00,135,1,27.460444338550985,22.16640331110655,-8.059042385391507,3.9828374561320325,-2.108131929325497,6 days 13:47:01.621621621,1 days 15:00:00,-3.6942755759136485,-0.4682540467624159,-0.5028961052995522,0.9804985744257171,0.1551015394545889,23.081343682852864,0.9912470362647336,0.3941115289223138,-0.007460189988399734,None,None,-0.000024542310048588755,-0.1484318911738648,-0.47126675840979604,-0.19843474500870362,0.38149762915031055,-2.3497274385828693,2 days 23:33:19.999999998,false
XMR-USD,false,33,52,136,27.40740740740741,0.6346779945856712,0.1859504132231405,0.0001,0.00004216524216524217,5.619834710743802,11.198347107438018,0.0005619834710743802,-0.7480499333805597,0,0,17424,726 days 01:00:00,1000.0,498.2837099733579,-50.17162900266421,34.915698157888286,100.0,182.6023453052812,58.59828436761555,635 days 19:00:00,135,1,23.22675600605794,22.842500238925656,-8.059042385391502,4.072561336661766,-2.192082728619916,6 days 13:11:21.081081081,1 days 15:06:44.081632653,-3.8884670076496235,-0.5338423425019939,-0.5041905091952956,0.9777754004984268,0.1575061259666589,23.144253086180708,0.990106986102761,0.39299704212966663,-0.0074601899883998115,None,None,-0.000027961804980094388,-0.16911299651961087,-0.5017162900266396,-0.21476809908148353,0.38125024302571,-2.4369361533539675,2 days 23:28:26.666666666,false
XMR-USD,false,33,66,129,27.34375,0.5980366571590294,0.1763085399449036,0.0001,0.0000420673076923077,5.330578512396694,10.619834710743802,0.0005330578512396694,-0.8207860121121209,0,0,17424,726 days 01:00:00,1000.0,466.93986610983256,-53.30601338901675,34.915698157888286,100.0,175.642422836841,57.473718543465445,635 days 19:00:00,128,1,21.994859931805024,18.666461141192787,-7.780175558306763,3.7348215192890546,-2.1822229734124594,6 days 21:54:51.428571428,1 days 17:08:23.225806451,-4.336367139234151,-0.5906234797097842,-0.5534479563890076,0.9752648691703456,-0.09347684159118674,26.10991584509342,0.9832051489926152,0.39266304347826086,-0.007508325370423857,None,None,-0.00003135311793106196,-0.18962365724706273,-0.5330601338901659,-0.23227690474446427,0.38639186328143804,-2.526706215295129,3 days 03:15:28.124999998,false
XMR-USD,false,21,78,140,27.33812949640288,0.6524196432257675,0.19146005509641872,0.0001,0.00004205866076369674,5.785123966942149,11.52892561983471,0.0005785123966942149,-0.5823955735615312,0,0,17424,726 days 01:00:00,1000.0,554.5507210638714,-44.544927893612865,34.915698157888286,100.0,191.3846959686643,51.82020567683554,722 days 11:00:00,139,1,24.611405301692685,23.77183148973773,-7.007675914303727,3.7619345616876987,-1.9526499320662674,6 days 09:23:41.052631578,1 days 14:02:58.217821782,-3.3817315412792857,-0.41499549376279254,-0.49500823219427903,0.9827281335733837,0.1673385553920054,23.06504327561339,0.9936827438989897,0.3950044031702826,-0.007466933014796019,None,None,-0.0000217775090485079,-0.13171037472537578,-0.4454492789361236,-0.18506079281141474,0.3819642933511168,-2.275785112248976,2 days 21:34:57.841726617,false
XMR-USD,false,36,43,144,27.27272727272727,0.6768833295992679,0.19696969696969696,0.0001,0.000041958041958041954,5.9504132231404965,11.859504132231406,0.0005950413223140497,-0.6016362825300545,0,0,17424,726 days 01:00:00,1000.0,547.6607167911851,-45.23392832088149,34.915698157888286,100.0,200.43711878629838,52.748714416633,635 days 19:00:00,143,1,24.30562139186361,23.035612382811667,-8.05904238539149,4.028467964845429,-2.036001845186945,6 days 03:50:46.153846153,1 days 13:21:20.769230769,-3.3331811510536973,-0.42877518217355653,-0.4951260234685536,0.9821001671921351,0.1679952427600373,23.087873417921166,0.9948728578445036,0.39355406269993604,-0.007466933014796138,None,None,-0.000022497902245000762,-0.1360673127777646,-0.45233928320880856,-0.18858947456299624,0.38191817783530363,-2.295518368738735,2 days 19:29:22.237762236,false
XMR-USD,false,37,42,144,27.27272727272727,0.6811650010561451,0.19696969696969696,0.0001,0.000041958041958041954,5.9504132231404965,11.859504132231406,0.0005950413223140497,-0.5894417687585123,0,0,17424,726 days 01:00:00,1000.0,552.0509980659615,-44.794900193403855,34.915698157888286,100.0,201.7706786087774,52.39916128066394,635 days 19:00:00,143,1,24.50046559229054,23.035612382811674,-8.059042385391487,4.033729589335062,-2.030378038817461,6 days 03:52:18.461538461,1 days 13:19:36.923076923,-3.3038424302540514,-0.42008969457078044,-0.49275788842084306,0.9824585468847065,0.16762489797029165,23.093121777643212,0.9940333174959832,0.3937769956806911,-0.007466933014796007,None,None,-0.00002204098692436724,-0.1333038889185731,-0.4479490019340354,-0.186337687341124,0.3818976214384229,-2.282944422043115,2 days 19:28:31.888111887,false
XMR-USD,false,37,49,133,27.27272727272727,0.6456248047660141,0.18181818181818182,0.0001,0.000041958041958041954,5.4958677685950414,10.950413223140496,0.0005495867768595042,-0.6875281316273536,0,0,17424,726 days 01:00:00,1000.0,517.9387096304685,-48.20612903695316,34.915698157888286,100.0,182.8798660111956,56.450153193777155,635 days 19:00:00,132,1,24.142944659624902,22.842500238925663,-8.72126779679831,4.110524302507999,-2.169089287144338,6 days 15:33:20,1 days 16:34:22.500000,-3.8348805684027045,-0.4907307629941901,-0.4988647858777848,0.979549134475886,0.1530881745862992,23.09991583484807,0.9893127446445833,0.39299704212966663,-0.007466933014796063,None,None,-0.000025723244978908417,-0.1555741856324381,-0.48206129036952716,-0.20415299033681378,0.381540297675579,-2.3806434234528475,3 days 01:01:21.818181817,false
XMR-USD,false,37,60,122,27.27272727272727,0.6520294779784852,0.16666666666666666,0.0001,0.000041958041958041954,5.041322314049587,10.041322314049587,0.0005041322314049588,-0.5937675118453699,0,0,17424,726 days 01:00:00,1000.0,543.6207087204941,-45.637929127950585,34.915698157888286,100.0,176.64898356520763,51.30505916854698,635 days 19:00:00,121,1,25.606854784002053,19.030357656560135,-8.039372144347574,4.080256472812143,-2.169481065414957,7 days 04:52:43.636363636,1 days 20:34:05.454545454,-3.983356579037256,-0.4263811129952167,-0.5144085692237256,0.9820644083442518,-0.0856172667686932,26.139781359103434,0.9862595573628076,0.39299704212966663,-0.007468294324475298,None,None,-0.000022631238145030318,-0.13687372830114336,-0.4563792912795025,-0.1906720423881909,0.38633877648141357,-2.3070891185270455,3 days 07:33:43.140495866,false
XMR-USD,false,39,40,144,27.27272727272727,0.6867142804190092,0.19696969696969696,0.0001,0.000041958041958041954,5.9504132231404965,11.859504132231406,0.0005950413223140497,-0.5675024445153313,0,0,17424,726 days 01:00:00,1000.0,560.2346760922819,-43.97653239077181,34.915698157888286,100.0,203.61546020116228,51.67035533931246,635 days 19:00:00,143,1,24.863663779785497,23.035612382811678,-8.059042385391487,4.0205306734176345,-2.011668800337161,6 days 03:55:23.076923076,1 days 13:17:53.076923076,-3.2491537600524723,-0.4043077931190033,-0.48904828635137915,0.9831135042808969,0.17018349150978576,23.119735119636985,0.994898083060373,0.39366552027513396,-0.007461921798605293,None,None,-0.000021205310721557304,-0.12824971924397857,-0.43976532390771716,-0.1821712699739415,0.38176004427650695,-2.2595060305513743,2 days 19:28:06.713286712,false
XMR-USD,false,40,65,111,27.27272727272727,0.6545760973984822,0.15151515151515152,0.0001,0.000041958041958041954,4.586776859504132,9.132231404958677,0.0004586776859504132,-0.5479837788673224,0,0,17424,726 days 01:00:00,1000.0,562.4882628617972,-43.75117371382027,34.915698157888286,100.0,163.97290909753985,50.80834094960209,635 days 19:00:00,110,1,27.5160207998739,20.563418258195423,-8.039372144347581,4.322515649312061,-2.278894578763414,8 days 02:58:00,1 days 22:52:30,-4.227525072164347,-0.3935105481864169,-0.4943740472682657,0.9834436657478991,-0.09536220689420331,26.314714912346552,0.9872593548737335,0.39088441890166026,-0.007446826610916473,None,None,-0.000020788544475137294,-0.12572911698563036,-0.4375117371382047,-0.18103092505726337,0.3845259457778499,-2.253051665069909,3 days 15:15:49.090909090,false
XMR-USD,false,43,61,111,27.27272727272727,0.643375121778864,0.15151515151515152,0.0001,0.000041958041958041954,4.586776859504132,9.132231404958677,0.0004586776859504132,-0.5893297487347261,0,0,17424,726 days 01:00:00,1000.0,547.2218520870975,-45.27781479129025,34.915698157888286,100.0,163.06082967852038,52.169145423598785,635 days 19:00:00,110,1,24.84281585032295,20.41648606661605,-8.039372144347587,4.2454804417962695,-2.2829466552654285,7 days 21:08:00,2 days 01:03:45,-4.342008761483864,-0.4233205688161245,-0.5011972320927952,0.9821993993848047,-0.09582853554190743,26.307254414108613,0.9866137787078829,0.3906624102154829,-0.007450925614534969,None,None,-0.00002236536712145916,-0.135265740350585,-0.45277814791290016,-0.18881521655056166,0.3845604388337692,-2.296775295356966,3 days 15:15:49.090909090,false
XMR-USD,false,57,62,100,27.27272727272727,0.5778191782188737,0.13636363636363635,0.0001,0.000041958041958041954,4.132231404958678,8.223140495867769,0.0004132231404958678,-0.9072883436791422,0,0,17424,726 days 01:00:00,1000.0,443.37588501778396,-55.66241149822161,34.915698157888286,100.0,140.9665675633901,61.55642779885952,635 days 19:00:00,99,1,19.774643491826794,20.487090550277333,-8.593290028177918,4.461777112493657,-2.724325698127325,8 days 16:57:46.666666666,2 days 05:03:20,-5.822209681555981,-0.6552190586690415,-0.5452069294582853,0.9723523890423581,-0.15544242778577644,26.96866461950222,0.9780044270106351,0.3820590101522842,-0.007458196364188557,None,None,-0.00003451275814676957,-0.20873316127166236,-0.5566241149822222,-0.24595199728763362,0.38339910164813484,-2.594194429294152,3 days 23:34:32.727272726,false
XMR-USD,false,58,61,100,27.27272727272727,0.5770175582275995,0.13636363636363635,0.0001,0.000041958041958041954,4.132231404958678,8.223140495867769,0.0004132231404958678,-0.9109496449266704,0,0,17424,726 days 01:00:00,1000.0,442.3024840918581,-55.76975159081419,34.915698157888286,100.0,140.8036075301542,61.64949863872929,635 days 19:00:00,99,1,19.726769619225195,20.487090550277333,-8.593290028177913,4.461777112493656,-2.7276308812844894,8 days 16:57:46.666666666,2 days 05:02:30,-5.832568540680487,-0.6578678562452538,-0.5456962739858192,0.9722408189630165,-0.15536814475873353,26.96950085062726,0.9780952591104269,0.3819494012213498,-0.007458196364188616,None,None,-0.00003465203206706069,-0.20957548994158307,-0.5576975159081454,-0.2465861172870405,0.38339635960810436,-2.5972686938300407,3 days 23:33:56.363636363,false
XMR-USD,false,59,60,100,27.27272727272727,0.5770175582275995,0.13636363636363635,0.0001,0.000041958041958041954,4.132231404958678,8.223140495867769,0.0004132231404958678,-0.9109496449266704,0,0,17424,726 days 01:00:00,1000.0,442.3024840918581,-55.76975159081419,34.915698157888286,100.0,140.8036075301542,61.64949863872929,635 days 19:00:00,99,1,19.726769619225195,20.487090550277333,-8.593290028177913,4.461777112493656,-2.7276308812844894,8 days 16:57:46.666666666,2 days 05:02:30,-5.832568540680487,-0.6578678562452538,-0.5456962739858192,0.9722408189630165,-0.15536814475873353,26.96950085062726,0.9780952591104269,0.3819494012213498,-0.007458196364188616,None,None,-0.00003465203206706069,-0.20957548994158307,-0.5576975159081454,-0.2465861172870405,0.38339635960810436,-2.5972686938300407,3 days 23:33:56.363636363,false
XMR-USD,false,38,40,148,27.2108843537415,0.6360675316851931,0.2024793388429752,0.0001,0.00004186289900575615,6.115702479338843,12.190082644628099,0.0006115702479338843,-0.7493434027751643,0,0,17424,726 days 01:00:00,1000.0,496.4438777477746,-50.35561222522254,34.915698157888286,100.0,196.82852283111254,56.19117287900885,722 days 11:00:00,147,1,22.032577040662034,23.03561238281168,-8.222010603968494,3.826935047743079,-2.0342344264070293,6 days 01:41:59.999999999,1 days 11:43:10.654205607,-3.575433328523048,-0.5347090622526018,-0.5281185489289454,0.9777250009915616,0.15978205966036282,23.011625825864364,0.9934402146392404,0.39288569144684243,-0.00748994143163186,None,None,-0.000028097016613561217,-0.16993075647881825,-0.503556122252224,-0.2157756400324321,0.3824728464821406,-2.442205508751828,2 days 17:38:46.530612243,false
XMR-USD,false,32,52,137,27.205882352941174,0.6530972976288824,0.18732782369146006,0.0001,0.0000418552036199095,5.661157024793389,11.28099173553719,0.0005661157024793389,-0.6734473479616856,0,0,17424,726 days 01:00:00,1000.0,523.0448012229913,-47.69551987770087,34.915698157888286,100.0,187.96341153548948,55.54198688442584,635 days 19:00:00,136,1,27.165007835244694,22.166403311106546,-8.059042385391505,4.120769816001591,-2.143988314784745,6 days 13:09:43.783783783,1 days 14:41:12.727272727,-3.7067662250900986,-0.48041977570149674,-0.500627022602292,0.9799798259054083,0.1565359550584441,23.11601751845462,0.9915394821800715,0.393108410617205,-0.007460189988399762,None,None,-0.000025171330520670576,-0.15223620698901563,-0.4769551987770143,-0.2014385118125932,0.38136711421721714,-2.366019366475859,2 days 22:55:08.823529411,false
XMR-USD,false,32,53,137,27.205882352941174,0.6484929435221399,0.18732782369146006,0.0001,0.0000418552036199095,5.661157024793389,11.28099173553719,0.0005661157024793389,-0.678660393412695,0,0,17424,726 days 01:00:00,1000.0,521.3570205479107,-47.86429794520893,34.915698157888286,100.0,186.80127893535112,57.085124775547925,635 days 19:00:00,136,1,27.077350764271955,22.842500238925663,-8.059042385391507,4.088257025038577,-2.136653482445947,6 days 13:11:21.081081081,1 days 14:43:01.818181818,-3.718531839826184,-0.4841338657067094,-0.48914718565908133,0.9798291700936834,0.1571680733925623,23.13124501395985,0.99018088013937,0.39366552027513396,-0.00746018998839972,None,None,-0.000025361255982505904,-0.1533848761821957,-0.47864297945209366,-0.20233384059529547,0.3812968687713581,-2.3708532399600677,2 days 22:56:54.705882352,false
XMR-USD,false,34,65,126,27.200000000000003,0.6361278204453185,0.1721763085399449,0.0001,0.00004184615384615385,5.206611570247934,10.37190082644628,0.0005206611570247934,-0.6631469693244849,0,0,17424,726 days 01:00:00,1000.0,518.8746040142696,-48.112539598573036,34.915698157888286,100.0,179.14519422163744,53.39817636927384,635 days 19:00:00,125,1,24.441207671011398,19.444522749107417,-8.039372144347587,3.970292269293844,-2.1521063015819974,7 days 03:00:00,1 days 17:59:20.439560439,-4.044532829253929,-0.4766863645789633,-0.5261558696428177,0.9799886577598798,-0.09277911258454737,26.119187766551224,0.9849682749232918,0.39344262295081966,-0.007487835016430269,None,None,-0.0000253029445306039,-0.1530322085210924,-0.48112539598572823,-0.20365415059349712,0.3863636662378136,-2.377962983326549,3 days 05:04:47.999999999,false
XMR-USD,false,46,48,126,27.200000000000003,0.6420311140462156,0.1721763085399449,0.0001,0.00004184615384615385,5.206611570247934,10.37190082644628,0.0005206611570247934,-0.6345991897664899,0,0,17424,726 days 01:00:00,1000.0,529.2140191313639,-47.07859808686361,34.915698157888286,100.0,177.72250868552592,52.275443854944506,635 days 19:00:00,125,1,24.928238237006724,18.5279922989838,-8.039372144347583,4.00239543131753,-2.145180337555568,6 days 20:19:24.705882352,1 days 20:29:40.219780219,-3.9657137528451463,-0.45576687843982366,-0.5237447216334318,0.9808425471815173,-0.08453122366291115,26.134511137949264,0.9864257127275802,0.39333120102350866,-0.007477415365825886,None,None,-0.000024181879446230088,-0.14625200689079956,-0.4707859808686381,-0.19818184050544196,0.3861937447970362,-2.3483504718701274,3 days 05:05:16.799999998,false
XMR-USD,false,35,71,115,27.192982456140353,0.6443873046046963,0.15702479338842976,0.0001,0.000041835357624831314,4.75206611570248,9.462809917355372,0.000475206611570248,-0.5678349899715782,0,0,17424,726 days 01:00:00,1000.0,555.53904721054,-44.446095278946,34.915698157888286,100.0,168.7328816121843,50.90210952704033,635 days 19:00:00,114,1,27.17607635120237,20.693259147012725,-8.03937214434756,4.091905038377988,-2.184348750497326,7 days 20:25:09.677419354,1 days 21:18:04.337349397,-4.1371669222865135,-0.4076387484158148,-0.5026283689467987,0.9828557547296367,-0.08950292417559798,26.372530607541698,0.9866668280643015,0.3912175648702595,-0.007442722754766068,None,None,-0.0000215195815186838,-0.13015042902499963,-0.44446095278946596,-0.1845569782507981,0.38425215018620223,-2.27295450539071,3 days 12:13:09.473684209,false
XMR-USD,false,36,69,115,27.192982456140353,0.6480386645378563,0.15702479338842976,0.0001,0.000041835357624831314,4.75206611570248,9.462809917355372,0.000475206611570248,-0.5484574980028548,0,0,17424,726 days 01:00:00,1000.0,562.849993738651,-43.715000626134895,34.915698157888286,100.0,167.89628933709045,50.02084534465544,635 days 19:00:00,114,1,27.533716092360237,20.41648606661606,-8.039372144347578,4.134217797252466,-2.1840034245110074,7 days 18:32:54.193548387,1 days 21:57:49.879518072,-4.076173003102708,-0.3935923123291399,-0.5016732469839202,0.9834382536118058,-0.08792777253861468,26.391760433244006,0.9878563956537628,0.39088441890166026,-0.007442722754766172,None,None,-0.00002077406151134867,-0.12564152402063675,-0.4371500062613478,-0.1808481624010171,0.3841782291693077,-2.2520156529150954,3 days 12:11:34.736842104,false
XMR-USD,false,40,63,115,27.192982456140353,0.6192656644291636,0.15702479338842976,0.0001,0.000041835357624831314,4.75206611570248,9.462809917355372,0.000475206611570248,-0.6755085472980203,0,0,17424,726 days 01:00:00,1000.0,517.0392635619907,-48.29607364380094,34.915698157888286,100.0,162.39611384918365,54.03539101221452,635 days 19:00:00,114,1,25.292728879604567,20.982340608689913,-8.039372144347562,4.124948296992737,-2.278637344131111,7 days 18:34:50.322580645,1 days 22:05:03.614457831,-4.45836373085626,-0.48548033534965596,-0.5223194948893327,0.9796177294722335,-0.09585848145167045,26.36129985624111,0.9866207156919113,0.3907734056987789,-0.007458196364188582,None,None,-0.00002563499131158095,-0.1550404274524416,-0.48296073643801263,-0.2046329577119076,0.3843434424340251,-2.383219474100354,3 days 12:17:22.105263157,false
XMR-USD,false,41,62,115,27.192982456140353,0.6190514780232782,0.15702479338842976,0.0001,0.000041835357624831314,4.75206611570248,9.462809917355372,0.000475206611570248,-0.6743072236999557,0,0,17424,726 days 01:00:00,1000.0,517.2872999003573,-48.27127000996427,34.915698157888286,100.0,162.39959163201027,54.07518066242453,635 days 19:00:00,114,1,25.30486241819773,20.657966763869354,-8.039372144347581,4.123558819521372,-2.2783918514686983,7 days 18:30:58.064516129,1 days 22:02:53.493975903,-4.456294408051231,-0.4847123202955297,-0.5216150844864653,0.9796466978005458,-0.09789110194922988,26.335910070298606,0.9860509254470466,0.3906624102154829,-0.007460189988399784,None,None,-0.00002560106135922658,-0.15483521910060236,-0.48271270009964184,-0.204500544789056,0.3844429102174098,-2.382509087794329,3 days 12:14:44.210526314,false
XMR-USD,false,43,58,115,27.192982456140353,0.6122711317637017,0.15702479338842976,0.0001,0.000041835357624831314,4.75206611570248,9.462809917355372,0.000475206611570248,-0.6980957256821754,0,0,17424,726 days 01:00:00,1000.0,508.9875176821298,-49.10124823178702,34.915698157888286,100.0,163.16109306534412,55.083593659063425,635 days 19:00:00,114,1,24.89885042607318,19.59368917755768,-8.306554725998122,4.0311681160204484,-2.266339053872156,7 days 12:29:01.935483870,2 days 00:28:11.566265060,-4.5255380065258235,-0.5018272012491632,-0.5226212470917552,0.9789559879457046,-0.09444726321708309,26.27918385453566,0.9849459287244853,0.3915508704679764,-0.007477354898302183,None,None,-0.000026517707071223383,-0.160379092366759,-0.4910124823178702,-0.208954059088871,0.384626953383155,-2.406280006481665,3 days 12:22:06.315789472,false
XMR-USD,false,43,60,115,27.192982456140353,0.6315260875422372,0.15702479338842976,0.0001,0.000041835357624831314,4.75206611570248,9.462809917355372,0.000475206611570248,-0.6141108372581889,0,0,17424,726 days 01:00:00,1000.0,538.2451444477648,-46.175485555223524,34.915698157888286,100.0,165.29530443916397,52.35008417055161,635 days 19:00:00,114,1,26.330086453190063,20.657966763869364,-8.039372144347576,4.123623752750553,-2.2312394355677387,7 days 18:30:58.064516129,1 days 21:58:33.253012048,-4.281446859696707,-0.44122541028900525,-0.5111469513100411,0.9814553654446723,-0.09700843246815581,26.29700448044286,0.9878753514819242,0.3903295300406926,-0.007458196364188508,None,None,-0.000023312878490773178,-0.1409962891121962,-0.46175485555223805,-0.1934587985922357,0.3845858743772597,-2.322484956377462,3 days 12:11:34.736842104,false
XMR-USD,false,48,52,115,27.192982456140353,0.6181498382238141,0.15702479338842976,0.0001,0.000041835357624831314,4.75206611570248,9.462809917355372,0.000475206611570248,-0.7176194100307898,0,0,17424,726 days 01:00:00,1000.0,502.3766613443485,-49.762333865565154,34.915698157888286,100.0,163.99629373351033,55.6669791041163,635 days 19:00:00,114,1,24.575457970611353,19.59368917755768,-8.306554725998126,4.137005350269715,-2.31960558534915,7 days 11:42:34.838709677,2 days 00:48:26.024096385,-4.580691198475987,-0.51595036066782,-0.5255242893060411,0.9783679219434962,-0.09509217566871987,26.274133337340363,0.9855529984816377,0.3914397508584205,-0.007468294324475423,None,None,-0.00002726606137443386,-0.16490513919257596,-0.4976233386556479,-0.2125353704665982,0.3846559298503557,-2.42521377176938,3 days 12:24:12.631578946,false
XMR-USD,false,49,51,115,27.192982456140353,0.6166620247282918,0.15702479338842976,0.0001,0.000041835357624831314,4.75206611570248,9.462809917355372,0.000475206611570248,-0.7244697695071853,0,0,17424,726 days 01:00:00,1000.0,500.0939779501525,-49.99060220498475,34.915698157888286,100.0,163.7289198913909,55.868418100790166,635 days 19:00:00,114,1,24.463792771706267,19.59368917755768,-8.30655472599812,4.137005350269712,-2.3250288839151723,7 days 11:42:34.838709677,2 days 00:48:26.024096385,-4.59973521773292,-0.5208825450521167,-0.5265252860805321,0.9781650951850693,-0.09490727394606611,26.272407040161088,0.9857493175105196,0.3913286489939316,-0.007468294324475423,None,None,-0.00002752708060463974,-0.16648378349686113,-0.49990602204984647,-0.21377911624763124,0.3846611224677609,-2.4317514711843353,3 days 12:24:12.631578946,false
XMR-USD,false,25,67,141,27.142857142857142,0.6243558622446327,0.1928374655647383,0.0001,0.00004175824175824176,5.8264462809917354,11.611570247933885,0.0005826446280991736,-0.716871535875281,0,0,17424,726 days 01:00:00,1000.0,507.49640699581073,-49.25035930041893,34.915698157888286,100.0,184.85408025066468,58.57059341808246,635 days 19:00:00,140,1,22.523097143873485,22.766516632900515,-7.007675914303728,3.8640131535762277,-2.0548219466573876,6 days 11:00:00,1 days 12:47:38.823529411,-3.67876207248617,-0.5117794254410379,-0.49329894291637094,0.9786831535014715,0.15188161445131151,23.09413326852067,0.9912252687721356,0.39299704212966663,-0.007468294324475329,None,None,-0.00002686105031230152,-0.1624556322887996,-0.49250359300419033,-0.20975917660153054,0.3820305663046166,-2.41055060900428,2 days 20:52:42.857142855,false
XMR-USD,false,31,52,141,27.142857142857142,0.6491423184533053,0.1928374655647383,0.0001,0.00004175824175824176,5.8264462809917354,11.611570247933885,0.0005826446280991736,-0.714698975824513,0,0,17424,726 days 01:00:00,1000.0,508.556686328661,-49.1443313671339,34.915698157888286,100.0,193.7334695912376,55.761510571133186,635 days 19:00:00,140,1,22.57015319015136,22.16640331110652,-8.059042385391505,3.9947179888976843,-2.0949887966036416,6 days 11:22:06.315789473,1 days 12:46:28.235294117,-3.6715247632963592,-0.5102063904405607,-0.5168110672035413,0.9787734075085855,0.15160773874218791,23.027408753246622,0.990101343392442,0.3940000000000001,-0.007468294324475441,None,None,-0.000026758912719988988,-0.1618379041304934,-0.4914433136713434,-0.20918652587884257,0.3817512901053547,-2.4075139252523017,2 days 20:57:51.428571427,false
XMR-USD,false,35,45,141,27.142857142857142,0.6902443914330414,0.1928374655647383,0.0001,0.00004175824175824176,5.8264462809917354,11.611570247933885,0.0005826446280991736,-0.535176295334536,0,0,17424,726 days 01:00:00,1000.0,571.8350795573558,-42.81649204426442,34.915698157888286,100.0,200.55165723804333,51.542226991266624,635 days 19:00:00,140,1,25.378498979700794,22.166403311106546,-8.059042385391498,4.056602243611664,-2.0081922959504808,6 days 08:41:03.157894736,1 days 13:50:00,-3.23959585301675,-0.381166396848431,-0.4752481004734808,0.9840829347639769,0.1707089794989661,23.041231975237878,0.993458952995056,0.39489273134806274,-0.007466933014796018,None,None,-0.00002000864607172915,-0.12101229144181791,-0.4281649204426323,-0.17633289401699848,0.38208592493569726,-2.226281996443229,2 days 21:00:25.714285713,false
XMR-USD,false,31,69,130,27.131782945736433,0.5949869718772279,0.17768595041322313,0.0001,0.000041741204531902203,5.371900826446281,10.702479338842975,0.0005371900826446281,-0.8203336901078639,0,0,17424,726 days 01:00:00,1000.0,467.4576117565864,-53.25423882434136,34.915698157888286,100.0,176.6020237566363,57.24075072505571,635 days 19:00:00,129,1,22.019247960772304,19.444522749107417,-7.780175558306753,3.705718209272954,-2.1464625861002258,6 days 21:51:25.714285714,1 days 16:40:51.063829787,-4.298927412435551,-0.590229827441629,-0.5550365881535511,0.9752769802681718,-0.09343331617044956,26.185029113503077,0.9850158374177814,0.39199552644192365,-0.007487835016430324,None,None,-0.00003130834179630905,-0.18935285118407713,-0.5325423882434124,-0.2319815513503669,0.38609738288448714,-2.5252233704028044,3 days 02:38:36.279069766,false
XMR-USD,false,32,67,130,27.131782945736433,0.5941456190843563,0.17768595041322313,0.0001,0.000041741204531902203,5.371900826446281,10.702479338842975,0.0005371900826446281,-0.8259145469780994,0,0,17424,726 days 01:00:00,1000.0,465.66286093881354,-53.433713906118655,34.915698157888286,100.0,177.31894055572067,57.447756445763744,635 days 19:00:00,129,1,21.93470753980057,18.666461141192787,-7.780175558306753,3.6803603609258975,-2.143652366440781,6 days 21:51:25.714285714,1 days 16:45:19.148936170,-4.31218485737199,-0.5942595632797454,-0.5553311798634165,0.9751190102804134,-0.09268485764920925,26.172673018998978,0.9850489391020073,0.39232920495405516,-0.007492505718021574,None,None,-0.00003152603802852804,-0.1906694779965376,-0.5343371390611891,-0.23300630087475016,0.38614566170914005,-2.530363610788825,3 days 02:41:51.627906975,false
XMR-USD,false,33,65,130,27.131782945736433,0.5986127423257673,0.17768595041322313,0.0001,0.000041741204531902203,5.371900826446281,10.702479338842975,0.0005371900826446281,-0.8054348124897931,0,0,17424,726 days 01:00:00,1000.0,472.27946950800435,-52.77205304919956,34.915698157888286,100.0,177.1669012503144,56.703233908371494,635 days 19:00:00,129,1,22.24637803372383,18.66646114119278,-7.780175558306757,3.7104870026357566,-2.139486401500363,6 days 21:39:25.714285714,1 days 16:48:30.638297872,-4.263309368416422,-0.5794371002097464,-0.5540742241471285,0.9757302416958141,-0.09428031481309673,26.1861858391398,0.9848696412311433,0.39244046667732146,-0.0074774153658259445,None,None,-0.00003072672574928656,-0.1858352373316851,-0.527720530491993,-0.22924107429669327,0.3859827799565433,-2.511413370873041,3 days 02:40:55.813953487,false
XMR-USD,false,43,44,130,27.131782945736433,0.6333425577892093,0.17768595041322313,0.0001,0.000041741204531902203,5.371900826446281,10.702479338842975,0.0005371900826446281,-0.7380646107512576,0,0,17424,726 days 01:00:00,1000.0,499.89309996695755,-50.01069000330425,34.915698157888286,100.0,180.36219422703329,55.783497990605355,635 days 19:00:00,129,1,23.301775333304136,22.842500238925666,-8.721267796798312,4.068212177813631,-2.1959011392635825,6 days 17:49:42.857142857,1 days 18:19:08.936170212,-4.05743159198718,-0.5282616532692018,-0.527582361709314,0.9780044325612972,0.11414633250103268,23.064686689734195,0.9837620713238397,0.3941115289223138,-0.007489941431631898,None,None,-0.000027725965581893125,-0.1676866398392896,-0.5001069000330418,-0.21388874418527937,0.38202830176462593,-2.432326794015592,3 days 02:44:39.069767440,false
XMR-USD,false,19,80,145,27.083333333333332,0.6506415352779314,0.19834710743801653,0.0001,0.000041666666666666665,5.991735537190083,11.942148760330578,0.0005991735537190083,-0.5857343959174887,0,0,17424,726 days 01:00:00,1000.0,553.1121547736625,-44.68878452263375,34.915698157888286,100.0,197.27636138143453,53.38872566745734,722 days 11:00:00,144,1,24.54756057716736,23.77183148973773,-7.172505688054681,3.6407528563163774,-1.8730683356518234,6 days 07:20:00,1 days 11:53:08.571428571,-3.27385698474657,-0.4176883516134615,-0.4822825547858509,0.9826119235046705,0.15771839107839408,23.039047800004717,0.9937621297288366,0.39511609287429944,-0.007466933014796065,None,None,-0.000021922330255614076,-0.13258625338595392,-0.44688784522633873,-0.18579517303308712,0.3820254503957218,-2.279905225453368,2 days 19:09:09.999999999,false
XMR-USD,false,33,53,134,27.06766917293233,0.6316261831260693,0.18319559228650137,0.0001,0.000041642567958357434,5.537190082644628,11.03305785123967,0.0005537190082644628,-0.7274498752761562,0,0,17424,726 days 01:00:00,1000.0,505.24727019108775,-49.475272980891226,34.915698157888286,100.0,179.85444663772927,57.492685309059745,635 days 19:00:00,133,1,23.551352036137587,22.84250023892567,-8.059042385391514,4.082633831728923,-2.164131095873065,6 days 15:25:00,1 days 16:14:50.721649484,-3.8970231717672945,-0.5199999127598298,-0.5053062504485053,0.9783628524889488,0.12337452888488169,23.02156288304154,0.9883096078009558,0.39321979691372827,-0.007460189988399754,None,None,-0.000027198125860988664,-0.16449426520725943,-0.49475272980890717,-0.21097651347306046,0.3807094462203762,-2.4169922296029926,3 days 00:30:13.533834585,false
XMR-USD,false,34,53,134,27.06766917293233,0.6625385196830086,0.18319559228650137,0.0001,0.000041642567958357434,5.537190082644628,11.03305785123967,0.0005537190082644628,-0.6215457619208935,0,0,17424,726 days 01:00:00,1000.0,540.9727324264677,-45.90272675735323,34.915698157888286,100.0,185.407016449255,55.873791768284505,635 days 19:00:00,133,1,25.21664146450189,22.84250023892566,-8.059042385391509,4.205136800867439,-2.1344170926392683,6 days 15:01:40,1 days 16:22:16.082474226,-3.6409316469025077,-0.44338835831033285,-0.4755759419734753,0.9815045158468952,0.15462570033459425,23.127711781033653,0.9894809848907533,0.39366552027513396,-0.007466933014796055,None,None,-0.00002323411380792056,-0.14051992031030355,-0.4590272675735291,-0.19204252505876218,0.38141675824804055,-2.314673031877574,3 days 00:29:19.398496239,false
XMR-USD,false,38,48,134,27.06766917293233,0.6583189621902922,0.18319559228650137,0.0001,0.000041642567958357434,5.537190082644628,11.03305785123967,0.0005537190082644628,-0.6433967712124615,0,0,17424,726 days 01:00:00,1000.0,531.6042194928127,-46.83957805071873,34.915698157888286,100.0,185.5616144171505,55.98277116201691,635 days 19:00:00,133,1,24.779942130981226,22.842500238925663,-8.72126779679831,4.193747904092248,-2.150207994701897,6 days 15:13:20,1 days 16:17:19.175257731,-3.7080881401366064,-0.45887693233009763,-0.48611887400536635,0.9808315212167705,0.16224740637553026,23.172464339095992,0.9902050636114821,0.39321979691372827,-0.007468294324475364,None,None,-0.000024141226684891115,-0.14600613899022147,-0.46839578050719377,-0.1969267396455202,0.3829314639607471,-2.3415048394252587,3 days 00:28:52.330827066,false
XMR-USD,false,40,46,134,27.06766917293233,0.6568983790432553,0.18319559228650137,0.0001,0.000041642567958357434,5.537190082644628,11.03305785123967,0.0005537190082644628,-0.6584104739218558,0,0,17424,726 days 01:00:00,1000.0,526.3178320565072,-47.36821679434928,34.915698157888286,100.0,185.68375279297922,56.01932673367407,635 days 19:00:00,133,1,24.5335250222559,22.842500238925663,-8.721267796798308,4.190295803204039,-2.1587739675066646,6 days 15:13:20,1 days 16:16:04.948453608,-3.7459826538778094,-0.4697030911193175,-0.492313259934957,0.9803843542455272,0.16112828830069237,23.165914665813812,0.9885542238642401,0.39344262295081966,-0.007477354898302152,None,None,-0.000024712760028295,-0.14946277265112815,-0.4736821679434995,-0.19970760570041957,0.38296208419914685,-2.356645271137094,3 days 00:27:58.195488721,false
XMR-USD,false,35,63,123,27.049180327868854,0.6388280976481766,0.16804407713498623,0.0001,0.0000416141235813367,5.082644628099174,10.12396694214876,0.0005082644628099174,-0.6340622691844617,0,0,17424,726 days 01:00:00,1000.0,529.1671515846836,-47.08328484153165,34.915698157888286,100.0,175.6601459955656,52.23560152836975,635 days 19:00:00,122,1,24.9260305755937,19.03035765656015,-8.03937214434759,4.021103156043469,-2.154081242411967,7 days 04:54:32.727272727,1 days 20:04:43.146067415,-4.06359736877795,-0.4554024260742055,-0.5242061022451631,0.9808619107941459,-0.08457293961885416,26.120242759393513,0.9856504962007888,0.39299704212966663,-0.007468588115302609,None,None,-0.00002417461984908469,-0.1462081008472642,-0.4708328484153169,-0.19820648774693284,0.38638677910531566,-2.3484847024573794,3 days 06:55:34.426229507,false
XMR-USD,false,37,41,149,27.027027027027028,0.6367327924701202,0.20385674931129477,0.0001,0.000041580041580041586,6.15702479338843,12.272727272727273,0.000615702479338843,-0.7485131546374738,0,0,17424,726 days 01:00:00,1000.0,496.61365331548404,-50.3386346684516,34.915698157888286,100.0,197.7428943915572,56.40234135779482,722 days 11:00:00,148,1,22.040111816379692,23.035612382811667,-8.222010603968508,3.853164192840889,-2.0243423823546043,6 days 01:45:00,1 days 11:22:46.666666666,-3.550178773654701,-0.5341495714367034,-0.5259269482356147,0.9777539200190515,0.159283314725321,22.993380108696645,0.9930655026591718,0.393108410617205,-0.0075059153835619384,None,None,-0.000028072860297091007,-0.1697846590768064,-0.5033863466845147,-0.2156825644254844,0.3825442905053877,-2.441719264521678,2 days 17:12:34.054054052,false
XMR-USD,false,41,64,112,27.027027027027028,0.6340462006348939,0.15289256198347106,0.0001,0.000041580041580041586,4.62809917355372,9.214876033057852,0.00046280991735537196,-0.6158159010281934,0,0,17424,726 days 01:00:00,1000.0,537.4568626447337,-46.25431373552662,34.915698157888286,100.0,162.6638250924007,52.65694042760517,635 days 19:00:00,111,1,24.39950417778698,20.563418258195444,-8.039372144347585,4.237876049524347,-2.2711762935246314,8 days 01:00:00,1 days 23:00:44.444444444,-4.386870644441918,-0.4424603334664029,-0.5091927154589941,0.9814060519409538,-0.0964989623154822,26.258527035198696,0.9862188319259524,0.39055143244753016,-0.007458196364188552,None,None,-0.00002338735024152944,-0.14144669426077006,-0.4625431373552604,-0.19386897879170828,0.38473759118707396,-2.3247426279825563,3 days 14:28:06.486486485,false
XMR-USD,false,48,55,112,27.027027027027028,0.6372529909669192,0.15289256198347106,0.0001,0.000041580041580041586,4.62809917355372,9.214876033057852,0.00046280991735537196,-0.6306108657277089,0,0,17424,726 days 01:00:00,1000.0,532.2080830013527,-46.779191699864725,34.915698157888286,100.0,164.91272653032863,53.37898602740737,635 days 19:00:00,111,1,24.16121971304534,20.416486066616038,-8.980670771710084,4.24416678218975,-2.286379309281804,7 days 21:06:00,2 days 00:37:46.666666666,-4.432010240645878,-0.45307041045913204,-0.5090529144312914,0.9809809131517175,-0.09331384325343133,26.22321739366988,0.9865876626043073,0.391106498483155,-0.0074601899883996545,None,None,-0.000023949406089057066,-0.14484600802661712,-0.4677919169986535,-0.1966102324781157,0.3847574099299451,-2.339775349423915,3 days 14:35:40.540540539,false
XMR-USD,false,49,54,112,27.027027027027028,0.6396018086112654,0.15289256198347106,0.0001,0.000041580041580041586,4.62809917355372,9.214876033057852,0.00046280991735537196,-0.6199054326616844,0,0,17424,726 days 01:00:00,1000.0,536.0239965385358,-46.39760034614642,34.915698157888286,100.0,165.45262415819727,53.20373637084648,635 days 19:00:00,111,1,24.334454822249143,20.416486066616073,-8.980670771710074,4.242469455313539,-2.2771235162434675,7 days 21:08:00,2 days 00:37:46.666666666,-4.399193317871295,-0.4453532519739648,-0.5058044533737928,0.9813013039610626,-0.09342146897873338,26.22809423830729,0.987110191043093,0.391106498483155,-0.007460189988399829,None,None,-0.00002354046488415202,-0.1423727316193514,-0.4639760034614647,-0.19461557365937843,0.3847408956099232,-2.3288464156247755,3 days 14:36:12.972972971,false
XMR-USD,false,50,53,112,27.027027027027028,0.6396018086112654,0.15289256198347106,0.0001,0.000041580041580041586,4.62809917355372,9.214876033057852,0.00046280991735537196,-0.6199054326616844,0,0,17424,726 days 01:00:00,1000.0,536.0239965385358,-46.39760034614642,34.915698157888286,100.0,165.45262415819727,53.20373637084648,635 days 19:00:00,111,1,24.334454822249143,20.416486066616073,-8.980670771710074,4.242469455313539,-2.2771235162434675,7 days 21:08:00,2 days 00:37:46.666666666,-4.399193317871295,-0.4453532519739648,-0.5058044533737928,0.9813013039610626,-0.09342146897873338,26.22809423830729,0.987110191043093,0.391106498483155,-0.007460189988399829,None,None,-0.00002354046488415202,-0.1423727316193514,-0.4639760034614647,-0.19461557365937843,0.3847408956099232,-2.3288464156247755,3 days 14:36:12.972972971,false
XMR-USD,false,51,52,112,27.027027027027028,0.6389186520327592,0.15289256198347106,0.0001,0.000041580041580041586,4.62809917355372,9.214876033057852,0.00046280991735537196,-0.6223549789798324,0,0,17424,726 days 01:00:00,1000.0,535.1565775936617,-46.48434224063383,34.915698157888286,100.0,165.22865732514325,53.27946425967865,635 days 19:00:00,111,1,24.29507567642304,20.416486066616073,-8.980670771710098,4.242469455313536,-2.279092315320951,7 days 21:08:00,2 days 00:37:02.222222222,-4.40665313588073,-0.44711447549901245,-0.5062020009188674,0.9812274163652731,-0.09336805151021862,26.22845712820503,0.9872373842074442,0.39099544982837064,-0.007460189988399847,None,None,-0.000023633484651436278,-0.14293531517188662,-0.4648434224063437,-0.19506817566059265,0.3847396759980566,-2.331330739268976,3 days 14:35:40.540540539,false
XMR-USD,false,33,51,138,27.00729927007299,0.6434104668651808,0.1887052341597796,0.0001,0.00004154969118472768,5.702479338842975,11.363636363636363,0.0005702479338842975,-0.7083661736166469,0,0,17424,726 days 01:00:00,1000.0,511.23475155864736,-48.87652484413527,34.915698157888286,100.0,187.2504152559352,57.00672230991738,635 days 19:00:00,137,1,26.551637640346712,22.166403311106542,-8.059042385391507,4.102839483865344,-2.14016518039364,6 days 13:06:29.189189189,1 days 14:22:11.999999999,-3.7614371246839333,-0.505506778938899,-0.5022209088959478,0.9789495691225789,0.1556728149124883,23.121694482098466,0.9908904055013865,0.39333120102350866,-0.007461921798605175,None,None,-0.000026483726751644972,-0.1601735793939488,-0.48876524844135827,-0.20774358096066448,0.38133797739534675,-2.3998438359478396,2 days 22:26:16.642335765,false
XMR-USD,false,35,46,138,27.00729927007299,0.6720601958580222,0.1887052341597796,0.0001,0.00004154969118472768,5.702479338842975,11.363636363636363,0.0005702479338842975,-0.5907770794365866,0,0,17424,726 days 01:00:00,1000.0,551.618128810493,-44.8381871189507,34.915698157888286,100.0,194.34375227321894,54.157916257267644,635 days 19:00:00,137,1,28.649000537167467,22.16640331110655,-8.059042385391487,4.089879678935552,-2.0629571464022542,6 days 12:24:19.459459459,1 days 14:46:12,-3.481977165888127,-0.421179014753063,-0.47729581843777436,0.9824360876013394,0.16084336098186577,23.056291376572787,0.9923979217891467,0.39466944133183923,-0.007461921798605235,None,None,-0.00002209220941117355,-0.13361368251877762,-0.448381871189508,-0.1865591864288415,0.38179511839453795,-2.284184177449154,2 days 22:32:24.525547444,false
XMR-USD,false,50,67,101,27.0,0.5634090429818862,0.13774104683195593,0.0001,0.000041538461538461544,4.1735537190082646,8.305785123966942,0.0004173553719008265,-0.9600128407333869,0,0,17424,726 days 01:00:00,1000.0,428.07178377624336,-57.19282162237567,34.915698157888286,100.0,140.80448847387743,62.81836531308356,635 days 19:00:00,100,1,19.09207784890259,20.564604478564068,-9.192802668893414,4.3765012034177975,-2.7056527424444248,8 days 14:04:26.666666666,2 days 05:41:55.068493150,-5.910202940726584,-0.6935647782103045,-0.5527675821855946,0.9707803342050066,-0.15524533014703246,26.962945692150512,0.9770148878325927,0.38315605651690754,-0.0074669330147959885,None,None,-0.0000365301517910615,-0.22093435803233996,-0.5719282162237636,-0.25508964383700394,0.3833737660915542,-2.638026006633192,3 days 22:50:23.999999998,false
XMR-USD,false,34,64,127,26.984126984126984,0.6075200901300659,0.17355371900826447,0.0001,0.000041514041514041515,5.247933884297521,10.454545454545455,0.0005247933884297522,-0.7781445204416124,0,0,17424,726 days 01:00:00,1000.0,480.66989233350523,-51.93301076664948,34.915698157888286,100.0,174.56866842764276,56.22326425165702,635 days 19:00:00,126,1,22.641602747246395,18.666461141192787,-8.721267796798301,3.860354296076751,-2.1792750426561494,6 days 23:44:07.058823529,1 days 18:38:28.695652173,-4.3013627810614405,-0.5597293432970178,-0.5479573713994234,0.9765327502391252,-0.09159983786599883,26.143327500612088,0.9838915510046773,0.39232920495405516,-0.007489941431631776,None,None,-0.00002970056798090789,-0.17962903514853093,-0.5193301076664949,-0.22451565104573046,0.3862287726276531,-2.487382853747021,3 days 04:23:48.571428570,false
XMR-USD,false,39,65,116,26.956521739130434,0.6109723170717143,0.1584022038567493,0.0001,0.00004147157190635452,4.793388429752066,9.545454545454545,0.0004793388429752066,-0.6963084126496129,0,0,17424,726 days 01:00:00,1000.0,510.056393416533,-48.9943606583467,34.915698157888286,100.0,162.35642489273482,54.51935960750382,635 days 19:00:00,115,1,24.95113810722529,20.416486066616052,-8.039372144347569,4.102038433209778,-2.2603485840447726,7 days 18:34:50.322580645,1 days 21:25:42.857142857,-4.477345606006025,-0.5004654747658204,-0.5266517304795622,0.978988205929837,-0.09559436468506868,26.38376365774313,0.9863941686408191,0.3902186053933302,-0.0074524114604907305,None,None,-0.00002642056812712736,-0.15979159603286627,-0.48994360658346225,-0.20837787230102833,0.3842607038656542,-2.4032187022809888,3 days 11:28:41.739130433,false
XMR-USD,false,42,59,116,26.956521739130434,0.6182507735607231,0.1584022038567493,0.0001,0.00004147157190635452,4.793388429752066,9.545454545454545,0.0004793388429752066,-0.6872293507873052,0,0,17424,726 days 01:00:00,1000.0,512.6738371700825,-48.732616282991756,34.915698157888286,100.0,165.1627722462662,54.75828858129369,635 days 19:00:00,115,1,25.079179244295062,19.59368917755768,-8.306554725998128,4.075783516234358,-2.2466142875867523,7 days 12:29:01.935483870,1 days 23:57:08.571428571,-4.455698626732286,-0.49398771827426025,-0.5209994880522104,0.9792841511595267,-0.09452672557149573,26.278767069875745,0.9852724358180632,0.39188433580956944,-0.0074682943244752335,None,None,-0.000026103520998776287,-0.15787409500059899,-0.4873261628299186,-0.2069702375913074,0.3846279891495687,-2.395722235386031,3 days 11:40:41.739130433,false
XMR-USD,false,44,57,116,26.956521739130434,0.6095423990119683,0.1584022038567493,0.0001,0.00004147157190635452,4.793388429752066,9.545454545454545,0.0004793388429752066,-0.722296481518959,0,0,17424,726 days 01:00:00,1000.0,500.7254162492267,-49.92745837507733,34.915698157888286,100.0,163.2951847725649,55.66916343730093,635 days 19:00:00,115,1,24.494681717340086,19.59368917755767,-8.306554725998122,4.078070074280261,-2.274688447645172,7 days 12:27:05.806451612,1 days 23:52:51.428571428,-4.554515351896634,-0.5193013393875959,-0.5276052870702895,0.9782284631190585,-0.09457085229523585,26.24899850586387,0.9848151881308796,0.3913286489939316,-0.007477354898302156,None,None,-0.00002744941915816132,-0.16601408706855966,-0.49927458375077804,-0.2134346997555049,0.38474382706245697,-2.4299430058452813,3 days 11:37:02.608695651,false
XMR-USD,false,22,73,142,26.95035460992908,0.6414069626284699,0.19421487603305784,0.0001,0.0000414620840152755,5.867768595041323,11.694214876033058,0.0005867768595041323,-0.6201902213604714,0,0,17424,726 days 01:00:00,1000.0,540.9196069844131,-45.90803930155869,34.915698157888286,100.0,191.03087790112522,54.9943942034946,635 days 19:00:00,141,1,24.006445537724517,22.766516632900526,-7.00767591430374,3.7665409786298447,-1.9419989372218525,6 days 10:06:18.947368421,1 days 13:00:34.951456310,-3.426147791158236,-0.4423172949171252,-0.4832466420549192,0.9815872673605397,0.15956534344770368,23.056498899482836,0.993332075467265,0.39466944133183923,-0.007466933014796081,None,None,-0.0000232083900404432,-0.14036434296460046,-0.45908039301559067,-0.19207006535480198,0.3819170420156445,-2.3148251853353523,2 days 20:34:02.553191488,false
XMR-USD,false,25,66,142,26.95035460992908,0.6394547414926125,0.19421487603305784,0.0001,0.0000414620840152755,5.867768595041323,11.694214876033058,0.0005867768595041323,-0.6635908071486719,0,0,17424,726 days 01:00:00,1000.0,525.6583754103701,-47.43416245896299,34.915698157888286,100.0,188.85151501719224,58.07842402533253,635 days 19:00:00,141,1,23.329139853311744,22.766516632900526,-7.00767591430373,3.921616039545267,-2.020908141930896,6 days 11:00:00,1 days 12:27:22.718446601,-3.52957988966625,-0.4735683501713392,-0.475644609443202,0.980265119632661,0.15324316397293644,23.109471733300744,0.991019755240171,0.39366552027513396,-0.007466933014796077,None,None,-0.00002484932008452263,-0.15028868787119287,-0.47434162458963247,-0.20005578550674552,0.38193528724123876,-2.3585339821780558,2 days 20:24:15.319148935,false
XMR-USD,false,41,46,131,26.923076923076923,0.6301050300210601,0.1790633608815427,0.0001,0.00004142011834319526,5.413223140495868,10.78512396694215,0.0005413223140495868,-0.7536465933835883,0,0,17424,726 days 01:00:00,1000.0,494.783905908116,-50.52160940918839,34.915698157888286,100.0,181.15378772484212,56.235415989441684,635 days 19:00:00,130,1,23.063617831027614,22.842500238925663,-8.721267796798305,4.065138828715735,-2.1823542147569603,6 days 17:49:42.857142857,1 days 17:53:03.157894736,-4.063690091714709,-0.5394520758810426,-0.52980692560036,0.9775461171641184,0.1143273376969107,23.060465531276957,0.9836979502197589,0.3941115289223138,-0.007487835016430338,None,None,-0.00002831449070080155,-0.17124603975844777,-0.5052160940918848,-0.21668677888986732,0.3820443927572596,-2.446959736584112,3 days 02:10:36.923076921,false
XMR-USD,false,41,47,131,26.923076923076923,0.6308073322544734,0.1790633608815427,0.0001,0.00004142011834319526,5.413223140495868,10.78512396694215,0.0005413223140495868,-0.7305499009196003,0,0,17424,726 days 01:00:00,1000.0,502.190935661232,-49.7809064338768,34.915698157888286,100.0,180.29634907594715,55.16662846045123,635 days 19:00:00,130,1,23.40888553567413,22.842500238925656,-8.721267796798308,4.037948454134553,-2.15871946192307,6 days 18:01:42.857142857,1 days 17:46:44.210526315,-4.009368845188014,-0.5227588935687535,-0.5305290549233893,0.9782226073653743,0.11711112690296652,23.06301065098803,0.9849785628092976,0.3937769956806911,-0.007477354898302114,None,None,-0.000027450852068465416,-0.16602275331007885,-0.49780906433877103,-0.2126364271364085,0.38221906312083154,-2.4257456977880913,3 days 02:09:13.846153844,false
XMR-USD,false,42,45,131,26.923076923076923,0.6321820616450312,0.1790633608815427,0.0001,0.00004142011834319526,5.413223140495868,10.78512396694215,0.0005413223140495868,-0.7463969513811541,0,0,17424,726 days 01:00:00,1000.0,497.13491555711727,-50.286508444288266,34.915698157888286,100.0,181.401240993062,56.027464683700444,635 days 19:00:00,130,1,23.173206658421122,22.842500238925663,-8.721267796798324,4.076321726414223,-2.1814874818861147,6 days 17:48:00,1 days 17:53:03.157894736,-4.04644839308695,-0.5342546728828188,-0.5287836260154085,0.977759212890808,0.11413593901059388,23.059080144472905,0.9837138975003764,0.3941115289223138,-0.007489941431631893,None,None,-0.00002804210226851533,-0.1695986345199807,-0.5028650844428836,-0.21539692396617793,0.3820499821533395,-2.440226347956538,3 days 02:10:09.230769229,false
XMR-USD,false,34,45,146,26.89655172413793,0.6559443794903163,0.19972451790633608,0.0001,0.00004137931034482758,6.033057851239669,12.024793388429753,0.000603305785123967,-0.7057380608861605,0,0,17424,726 days 01:00:00,1000.0,511.8043041405096,-48.81956958594904,34.915698157888286,100.0,200.5770497427004,53.9948556901968,635 days 19:00:00,145,1,22.71428507060233,22.166403311106546,-8.222010603968483,3.975844694289742,-2.0433895577045043,6 days 03:38:27.692307692,1 days 12:43:01.132075471,-3.5235171098627136,-0.5035482975256504,-0.529495007469402,0.9790151321466034,0.16095447389732606,23.138085199809385,0.9931489414964232,0.39321979691372827,-0.007468294324475314,None,None,-0.000026401478469025044,-0.15967614178066347,-0.4881956958594953,-0.20743734207437559,0.38163224327086753,-2.398212613856027,2 days 18:33:06.206896550,false
XMR-USD,false,39,47,135,26.865671641791046,0.6571495451999804,0.18457300275482094,0.0001,0.00004133180252583238,5.578512396694215,11.115702479338843,0.0005578512396694215,-0.6509613048055264,0,0,17424,726 days 01:00:00,1000.0,528.9791889293082,-47.10208110706918,34.915698157888286,100.0,187.20059715585109,55.79014826483974,635 days 19:00:00,134,1,24.657580225129948,22.842500238925663,-8.721267796798307,4.179230991053924,-2.1280184591814586,6 days 15:13:20,1 days 15:50:48.979591836,-3.6990924723568765,-0.4643449560574435,-0.49103991430608523,0.9806032337792908,0.1615758078922349,23.180513605587954,0.9887749273941193,0.39344262295081966,-0.007468294324475301,None,None,-0.000024427075699757384,-0.14773495383213267,-0.4710208110706936,-0.19830535002081984,0.38290293054736796,-2.349023035256928,2 days 23:55:04.477611939,false
XMR-USD,false,21,77,139,26.811594202898554,0.662211247644021,0.19008264462809918,0.0001,0.00004124860646599777,5.743801652892562,11.446280991735538,0.0005743801652892562,-0.5247573909857566,0,0,17424,726 days 01:00:00,1000.0,575.8205160708463,-42.41794839291536,34.915698157888286,100.0,189.41186465001178,52.623762453981,722 days 11:00:00,138,1,25.555375845264052,22.76651663290051,-7.007675914303733,3.870021796141807,-1.9199597536578943,6 days 11:16:12.972972972,1 days 14:57:37.425742574,-3.258948259234905,-0.3738129945827652,-0.4604621513713007,0.9844349149132597,0.16485261116158662,23.027667345321557,0.9943988310561057,0.39567480977172603,-0.007466933014796113,None,None,-0.00001961690371937905,-0.1186430336948045,-0.4241794839291593,-0.17434492162609105,0.38197418287639245,-2.214867541846135,2 days 22:08:41.739130434,false
XMR-USD,false,25,68,139,26.811594202898554,0.641242589673011,0.19008264462809918,0.0001,0.00004124860646599777,5.743801652892562,11.446280991735538,0.0005743801652892562,-0.643082231511745,0,0,17424,726 days 01:00:00,1000.0,532.7217189674282,-46.72782810325719,34.915698157888286,100.0,186.9539423465874,56.35597216246555,635 days 19:00:00,138,1,23.64261669945921,22.766516632900537,-7.00767591430373,3.9382728342682047,-2.0171179216635196,6 days 12:48:38.918918918,1 days 13:58:13.069306930,-3.5573978096523984,-0.45867999183445707,-0.4815355198410453,0.9808760320139248,0.15761254019059037,23.08194894938952,0.9926529318691988,0.39277435856446324,-0.007460189988399782,None,None,-0.000024075800996020558,-0.14561044442393234,-0.46727828103256963,-0.19634120138725064,0.3820576439139519,-2.3383042748266014,2 days 21:49:59.999999999,false
XMR-USD,false,29,56,139,26.811594202898554,0.638578375274772,0.19008264462809918,0.0001,0.00004124860646599777,5.743801652892562,11.446280991735538,0.0005743801652892562,-0.7360189319126786,0,0,17424,726 days 01:00:00,1000.0,501.7340124496489,-49.826598755035114,34.915698157888286,100.0,186.74935969827172,55.88427620423959,635 days 19:00:00,138,1,22.26735745713796,22.166403311106546,-8.05904238539151,4.069050144567106,-2.1201437819624225,6 days 12:50:16.216216216,1 days 14:03:33.861386138,-3.77198076092383,-0.5253755180668059,-0.5242952459509365,0.9781332290950858,0.15610703655858477,23.089141510158953,0.990665747588677,0.393108410617205,-0.007466933014796068,None,None,-0.000027543646929395437,-0.1665839766289836,-0.4982659875503509,-0.21288515114526751,0.38160104537132594,-2.4270543447168076,2 days 21:54:20.869565216,false
XMR-USD,false,30,55,139,26.811594202898554,0.6371473189161043,0.19008264462809918,0.0001,0.00004124860646599777,5.743801652892562,11.446280991735538,0.0005743801652892562,-0.7218791100720003,0,0,17424,726 days 01:00:00,1000.0,506.6008851421803,-49.339911485781975,34.915698157888286,100.0,185.8465846879959,57.048009651625996,635 days 19:00:00,138,1,26.310971798307037,22.16640331110655,-8.059042385391514,4.087040609399615,-2.1229890078118405,6 days 12:50:16.216216216,1 days 14:04:45.148514851,-3.766015120696574,-0.5155453849506995,-0.5075710645612768,0.978545101585642,0.14688128571163295,23.106395211776235,0.98968074996784,0.39355406269993604,-0.0074619217986051905,None,None,-0.00002700767020267577,-0.16334238938578305,-0.49339911485782506,-0.21024345157389202,0.38130997152558455,-2.413115420538567,2 days 21:55:13.043478260,false
XMR-USD,false,31,54,139,26.811594202898554,0.6570758460223147,0.19008264462809918,0.0001,0.00004124860646599777,5.743801652892562,11.446280991735538,0.0005743801652892562,-0.6482769184393598,0,0,17424,726 days 01:00:00,1000.0,531.7732037416908,-46.822679625830915,34.915698157888286,100.0,190.76379195279006,55.550926645128385,635 days 19:00:00,138,1,27.618328702320014,22.842500238925652,-8.059042385391503,4.138127305375329,-2.0919736580913275,6 days 13:09:43.783783783,1 days 13:54:03.564356435,-3.593080615656734,-0.46241343065638585,-0.489688521045729,0.980723071007397,0.1562559089257872,23.125665876947988,0.9914892929700715,0.39333120102350866,-0.0074601899883997526,None,None,-0.000024224727520821914,-0.14651115204593093,-0.46822679625831,-0.19683814511618458,0.38131720899915617,-2.3410208615648878,2 days 21:52:36.521739128,false
XMR-USD,false,50,69,98,26.804123711340207,0.5915194479356588,0.13360881542699724,0.0001,0.000041237113402061855,4.049586776859504,8.057851239669422,0.00040495867768595046,-0.832961847425573,0,0,17424,726 days 01:00:00,1000.0,466.1767003784039,-53.382329962159616,34.915698157888286,100.0,141.66270487870818,60.122532334500576,635 days 19:00:00,97,1,20.791563920553244,20.487090550277326,-8.593290028177902,4.618991227967248,-2.6872387351110967,8 days 21:00:00,2 days 07:16:03.380281690,-5.717679005589167,-0.6011451872424798,-0.5299970460518817,0.9746046860533293,-0.15242150361365503,27.014567146200026,0.9782435336677152,0.38249761980323704,-0.007446826610916488,None,None,-0.0000316479113495005,-0.19140656784177904,-0.533823299621595,-0.23271265071197778,0.3831983436686778,-2.5288919534349703,4 days 01:32:47.010309277,false
XMR-USD,false,50,70,98,26.804123711340207,0.5932487237807795,0.13360881542699724,0.0001,0.000041237113402061855,4.049586776859504,8.057851239669422,0.00040495867768595046,-0.8103444274991334,0,0,17424,726 days 01:00:00,1000.0,473.28868372582474,-52.67113162741752,34.915698157888286,100.0,141.09811008166,59.20178939750341,635 days 19:00:00,97,1,21.108759645371265,20.487090550277323,-8.59329002817792,4.6241677120273454,-2.66892790456898,8 days 21:02:18.461538461,2 days 07:13:31.267605633,-5.6476296486551245,-0.5847673339760393,-0.5294462142082986,0.9752868171649102,-0.15274075700936057,27.02790947604923,0.978118425510058,0.3826073157184797,-0.007446826610916413,None,None,-0.00003078196737161631,-0.18616933866353547,-0.5267113162741763,-0.22866980729708453,0.3831521029750391,-2.508522939717242,4 days 01:31:32.783505153,false
XMR-USD,false,50,71,98,26.804123711340207,0.5804710384255007,0.13360881542699724,0.0001,0.000041237113402061855,4.049586776859504,8.057851239669422,0.00040495867768595046,-0.8814250769069504,0,0,17424,726 days 01:00:00,1000.0,450.74383375127763,-54.925616624872234,34.915698157888286,100.0,139.4767830139327,60.876600851046206,635 days 19:00:00,97,1,20.103255318482752,20.217563635414496,-8.593290028177906,4.5850141504676,-2.724127484508073,8 days 19:02:18.461538461,2 days 08:06:45.633802816,-5.869684758424796,-0.6364584234691811,-0.5422152194244477,0.9731438349033392,-0.15401972043104753,26.893861002622184,0.9769759038905226,0.3829365079365079,-0.007466933014796045,None,None,-0.00003354917124619327,-0.2029053876969769,-0.5492561662487223,-0.24162614675865068,0.38368047760696966,-2.573092320150649,4 days 01:38:21.030927833,false
XMR-USD,false,51,68,98,26.804123711340207,0.5937869021260342,0.13360881542699724,0.0001,0.000041237113402061855,4.049586776859504,8.057851239669422,0.00040495867768595046,-0.8139433015607463,0,0,17424,726 days 01:00:00,1000.0,472.27963736134416,-52.77203626386559,34.915698157888286,100.0,141.56073974179083,59.74730226239412,635 days 19:00:00,97,1,21.063755997679607,20.48709055027732,-8.593290028177908,4.638514421033587,-2.6760363714229856,8 days 21:00:00,2 days 07:12:40.563380281,-5.657568233364284,-0.5873780582257163,-0.5258444631115906,0.9751691515391185,-0.15285392544553944,27.058526150136608,0.978406227560826,0.38238794129313763,-0.007445281664846195,None,None,-0.00003091101884449636,-0.18694984197151399,-0.5277203626386584,-0.22924097921685926,0.38304830507327714,-2.511412890134151,4 days 01:30:18.556701029,false
XMR-USD,false,55,65,98,26.804123711340207,0.5791968164782956,0.13360881542699724,0.0001,0.000041237113402061855,4.049586776859504,8.057851239669422,0.00040495867768595046,-0.8822681520165696,0,0,17424,726 days 01:00:00,1000.0,450.6551024997607,-54.93448975002393,34.915698157888286,100.0,138.2450330251732,60.88430249421943,635 days 19:00:00,97,1,20.09929788885114,20.487090550277337,-8.593290028177918,4.5953927685687255,-2.727149276395299,8 days 21:55:23.076923077,2 days 06:54:05.070422535,-5.87055871535145,-0.6369075425326761,-0.5422555280830864,0.9731128271561436,-0.15255172362231093,26.920380810472018,0.978771634873769,0.3818398096748612,-0.007460189988399879,None,None,-0.00003356570640310199,-0.20300539232596082,-0.549344897500246,-0.24167796671845498,0.38359889178214635,-2.5733464501156744,4 days 01:31:32.783505154,false
XMR-USD,false,40,62,113,26.785714285714285,0.6234468642711316,0.15426997245179064,0.0001,0.00004120879120879121,4.669421487603306,9.297520661157025,0.00046694214876033064,-0.6478147436220616,0,0,17424,726 days 01:00:00,1000.0,526.469416811783,-47.353058318821695,34.915698157888286,100.0,161.255544467068,53.75481209720792,635 days 19:00:00,112,1,25.754036803875124,19.593689177557675,-8.306554725998136,4.217890422627997,-2.2702982084555114,7 days 18:30:00,2 days 00:58:32.195121951,-4.457898392786537,-0.4654410177906036,-0.512857755536056,0.9804516365318875,-0.09288483272410286,26.312689018311975,0.9858541251413498,0.3912175648702595,-0.0074601899883997725,None,None,-0.000024587399695397395,-0.14870459335776345,-0.47353058318822094,-0.19962761227416714,0.3845084532054203,-2.3562111261442302,3 days 13:48:44.999999999,false
XMR-USD,false,45,56,113,26.785714285714285,0.6254696815656792,0.15426997245179064,0.0001,0.00004120879120879121,4.669421487603306,9.297520661157025,0.00046694214876033064,-0.6539799171870803,0,0,17424,726 days 01:00:00,1000.0,524.1582004824061,-47.584179951759396,34.915698157888286,100.0,162.22627137089452,53.59458344926807,635 days 19:00:00,112,1,25.64097581968923,19.59368917755767,-8.306554725998136,4.236237641175191,-2.2826133057285194,7 days 18:28:00,2 days 00:59:16.097560975,-4.47752477979717,-0.4700132180840505,-0.5173769477191773,0.9802668877558326,-0.09508151098177234,26.28946257034289,0.9852672289502618,0.3913286489939316,-0.007461921798605338,None,None,-0.000024834402060211984,-0.15019846366016207,-0.47584179951759165,-0.20084891131247584,0.3845931817260941,-2.362830545062694,3 days 13:48:44.999999998,false
XMR-USD,false,47,56,113,26.785714285714285,0.62715756458686,0.15426997245179064,0.0001,0.00004120879120879121,4.669421487603306,9.297520661157025,0.00046694214876033064,-0.6624849922529557,0,0,17424,726 days 01:00:00,1000.0,521.1097214182452,-47.88902785817549,34.915698157888286,100.0,164.16847168763638,54.32938599654648,635 days 19:00:00,112,1,23.65737551896234,20.416486066616045,-8.980670771710084,4.2295380102917,-2.27890633956402,7 days 21:02:00,2 days 00:00:00,-4.487032625899261,-0.4760454955268981,-0.5142744988011752,0.9800186345891299,-0.09309834043661179,26.235457204830045,0.9864252936916535,0.3906624102154829,-0.0074601899883996875,None,None,-0.000025161283852479616,-0.15217544473979672,-0.4788902785817577,-0.2024651859713612,0.3847178007455176,-2.3715615148699585,3 days 13:46:36.428571427,false
XMR-USD,false,32,68,128,26.77165354330709,0.608498121844847,0.174931129476584,0.0001,0.00004118715929739552,5.289256198347108,10.537190082644628,0.0005289256198347108,-0.7869222562015566,0,0,17424,726 days 01:00:00,1000.0,477.60151165372713,-52.23984883462729,34.915698157888286,100.0,175.00179017941477,56.44952690956867,635 days 19:00:00,127,1,22.497068925725785,19.612282223409533,-7.780175558306736,3.965458449734228,-2.1897864552139454,7 days 02:58:14.117647058,1 days 17:05:48.387096774,-4.290516198992118,-0.5661502598500869,-0.5497008896862698,0.9762805511122253,-0.09367873783028122,26.10425502999945,0.9836299672650545,0.39288569144684243,-0.007500231718143117,None,None,-0.000030055935787217158,-0.18177829964108938,-0.5223984883462758,-0.22623744686368963,0.3864172340756549,-2.496170822602471,3 days 03:51:58.110236219,false
XMR-USD,false,44,50,128,26.77165354330709,0.62555535559954,0.174931129476584,0.0001,0.00004118715929739552,5.289256198347108,10.537190082644628,0.0005289256198347108,-0.7023455974101397,0,0,17424,726 days 01:00:00,1000.0,505.8527438117039,-49.414725618829614,34.915698157888286,100.0,177.3840881458099,53.902335519534425,635 days 19:00:00,127,1,23.82782249661375,18.527992298983804,-8.03937214434757,3.9602018638078134,-2.132236823698797,6 days 20:17:38.823529411,1 days 19:34:11.612903225,-4.078543926652832,-0.504701130323739,-0.5381711675473106,0.9788114066549725,-0.08547063207821659,26.14432900566392,0.9851789539233099,0.39333120102350866,-0.007487835016430332,None,None,-0.000026775323126095637,-0.16193715426662642,-0.49414725618829525,-0.210648455684182,0.38615208807436824,-2.4152581281742367,3 days 03:53:23.149606297,false
XMR-USD,false,45,49,128,26.77165354330709,0.6348010412039579,0.174931129476584,0.0001,0.00004118715929739552,5.289256198347108,10.537190082644628,0.0005289256198347108,-0.6685199966489682,0,0,17424,726 days 01:00:00,1000.0,517.411753036879,-48.258824696312104,34.915698157888286,100.0,178.8629353856299,53.33977301196426,635 days 19:00:00,127,1,24.37230114860006,18.5279922989838,-8.039372144347583,4.002395431317533,-2.1228481143188658,6 days 20:19:24.705882352,1 days 19:33:32.903225806,-3.9918153394623648,-0.48022834429148664,-0.5286439261947207,0.9798279523813958,-0.08456167696606573,26.14146625290032,0.986202112673366,0.39333120102350866,-0.007477415365825842,None,None,-0.00002547792256971533,-0.15409047570163834,-0.48258824696312685,-0.20443412174026643,0.3861661195505963,-2.3821526488769145,3 days 03:53:23.149606297,false
XMR-USD,false,21,74,143,26.76056338028169,0.6430965377228347,0.19559228650137742,0.0001,0.00004117009750812568,5.909090909090909,11.776859504132231,0.0005909090909090909,-0.6321197046847739,0,0,17424,726 days 01:00:00,1000.0,536.9253795366761,-46.30746204633239,34.915698157888286,100.0,192.9716569422555,54.080178987074234,722 days 11:00:00,142,1,23.829178523456108,22.766516632900526,-7.172505688054681,3.79127227986217,-1.9393536523226618,6 days 07:18:56.842105263,1 days 13:38:39.230769230,-3.4288999928646495,-0.45080024505735933,-0.49646514170823797,0.9812364160171917,0.15987719594385907,23.099309802250513,0.9937806315628639,0.3943346403136753,-0.007466933014796044,None,None,-0.00002364369679126635,-0.14299707819357887,-0.46307462046332715,-0.19414575626418018,0.38175891014378127,-2.3262648175308054,2 days 20:03:48.169014083,false
XMR-USD,false,26,65,143,26.76056338028169,0.6252254319517031,0.19559228650137742,0.0001,0.00004117009750812568,5.909090909090909,11.776859504132231,0.0005909090909090909,-0.7170389353518817,0,0,17424,726 days 01:00:00,1000.0,507.5376661455437,-49.246233385445635,34.915698157888286,100.0,186.94577318729378,59.17401323413814,635 days 19:00:00,142,1,22.524928257995157,22.766516632900537,-7.007675914303735,3.897207109513657,-2.0261718574288174,6 days 10:50:31.578947368,1 days 12:06:55.384615384,-3.6266708599468407,-0.511829532382692,-0.48821947430204565,0.9786825703269597,0.153140848290448,23.105027342015234,0.9914263515072067,0.39288569144684243,-0.007466933014795998,None,None,-0.00002685986213695917,-0.16244844620432905,-0.4924623338544595,-0.20973687817426234,0.3819762692475983,-2.4104324410972646,2 days 19:53:14.366197182,false
XMR-USD,false,34,46,143,26.76056338028169,0.665093581593025,0.19559228650137742,0.0001,0.00004117009750812568,5.909090909090909,11.776859504132231,0.0005909090909090909,-0.6443125545494897,0,0,17424,726 days 01:00:00,1000.0,532.1248897811943,-46.787511021880576,34.915698157888286,100.0,198.74109803545682,52.857452715355215,635 days 19:00:00,142,1,23.616128942000046,22.166403311106535,-8.059042385391505,4.014875120495391,-2.023738971161383,6 days 08:28:25.263157894,1 days 13:08:39.230769230,-3.4612059095831444,-0.4594001501609217,-0.5141839104875904,0.9808418038146529,0.16573205900648746,23.007214626887972,0.9933911607684148,0.39388848892088635,-0.007477354898302098,None,None,-0.00002412702492389351,-0.14592024673970794,-0.46787511021880324,-0.19665382318622937,0.3822703237558082,-2.3400136182386535,2 days 20:00:25.352112675,false
XMR-USD,false,53,62,102,26.732673267326735,0.5923789028886037,0.13911845730027547,0.0001,0.00004112718964204113,4.214876033057851,8.388429752066116,0.0004214876033057851,-0.835729277659961,0,0,17424,726 days 01:00:00,1000.0,465.56198652850094,-53.44380134714991,34.915698157888286,100.0,146.1809111157976,59.51661712324999,635 days 19:00:00,101,1,20.76414757329104,20.401051514359672,-9.192802668893405,4.488820262140171,-2.598808550247596,8 days 14:11:06.666666666,2 days 04:55:56.756756756,-5.4970510994533655,-0.6033127004150349,-0.5361518907356303,0.974516628593852,-0.15568755806868517,27.08460018885544,0.9801671702382133,0.38337567481740237,-0.007458196364188598,None,None,-0.000031740194689107424,-0.1919646974797217,-0.534438013471497,-0.23306397365846332,0.3829350004069504,-2.530652519261617,3 days 21:54:03.564356434,false
XMR-USD,false,54,61,102,26.732673267326735,0.5849477178641377,0.13911845730027547,0.0001,0.00004112718964204113,4.214876033057851,8.388429752066116,0.0004214876033057851,-0.8640671737859293,0,0,17424,726 days 01:00:00,1000.0,456.87834387297994,-54.312165612702,34.915698157888286,100.0,145.13862212293358,60.27171148352982,635 days 19:00:00,101,1,20.37685556322498,20.401051514359672,-9.19280266889341,4.4535538128363745,-2.6105604201245565,8 days 14:17:46.666666666,2 days 04:55:08.108108108,-5.579193185051929,-0.6238730655002754,-0.5400776459184009,0.9736615782789374,-0.15560335430247496,27.08649523536375,0.9797104180694477,0.38337567481740237,-0.0074581963641885485,None,None,-0.000032821174944191074,-0.19850246606246763,-0.5431216561270205,-0.2380595584678975,0.3829268614035662,-2.5555228300778396,3 days 21:55:14.851485147,false
XMR-USD,false,54,62,102,26.732673267326735,0.5832065909704823,0.13911845730027547,0.0001,0.00004112718964204113,4.214876033057851,8.388429752066116,0.0004214876033057851,-0.8650833204225573,0,0,17424,726 days 01:00:00,1000.0,456.406259738567,-54.3593740261433,34.915698157888286,100.0,144.81300481454102,60.259040228913626,635 days 19:00:00,101,1,20.355800526693656,20.56460447856405,-9.192802668893398,4.443892151145805,-2.6095258561933217,8 days 13:33:20,2 days 05:05:40.540540540,-5.583658819684418,-0.6245963919863594,-0.5407727973307332,0.9736309887549752,-0.15475872867460405,27.047274371652108,0.9782682868998002,0.38337567481740237,-0.007461921798605243,None,None,-0.00003287148335669354,-0.19880673134128254,-0.5435937402614315,-0.23833291245239807,0.383069677115914,-2.556874898515017,3 days 21:51:05.346534652,false
XMR-USD,false,55,60,102,26.732673267326735,0.5846111590673891,0.13911845730027547,0.0001,0.00004112718964204113,4.214876033057851,8.388429752066116,0.0004214876033057851,-0.8613472848217911,0,0,17424,726 days 01:00:00,1000.0,457.66356761525776,-54.23364323847423,34.915698157888286,100.0,144.9062050961247,60.17054743679019,635 days 19:00:00,101,1,20.411876682076013,20.40105151435967,-9.192802668893394,4.450452073734193,-2.607306992140794,8 days 14:15:33.333333333,2 days 04:53:30.810810810,-5.571765436305132,-0.6219395109831801,-0.5400175556574576,0.9737398561537481,-0.1559645579502643,27.08056222645177,0.9795887492416644,0.38326585695006754,-0.007460189988399765,None,None,-0.00003272127052203448,-0.19789824411726456,-0.5423364323847406,-0.2376052933778744,0.3829481315411623,-2.5532739168849057,3 days 21:53:27.920792078,false
XMR-USD,false,56,59,102,26.732673267326735,0.5837215625674951,0.13911845730027547,0.0001,0.00004112718964204113,4.214876033057851,8.388429752066116,0.0004214876033057851,-0.8684297803711063,0,0,17424,726 days 01:00:00,1000.0,455.50253388024385,-54.44974661197561,34.915698157888286,100.0,144.89783156639143,60.35861744438276,635 days 19:00:00,101,1,20.315494192347217,20.40105151435967,-9.192802668893394,4.450452073734193,-2.6135334916706086,8 days 14:15:33.333333333,2 days 04:54:19.459459459,-5.592207527842607,-0.6270705832930723,-0.5409929941261341,0.9735281948597019,-0.15585200614842917,27.077118297439707,0.9795774587051432,0.38326585695006754,-0.007460189988399765,None,None,-0.00003299218110496766,-0.1995367113228444,-0.5444974661197559,-0.23885671819026155,0.38295923241792296,-2.5594632066572074,3 days 21:54:03.564356435,false
XMR-USD,false,57,58,102,26.732673267326735,0.5837215625674951,0.13911845730027547,0.0001,0.00004112718964204113,4.214876033057851,8.388429752066116,0.0004214876033057851,-0.8684297803711063,0,0,17424,726 days 01:00:00,1000.0,455.50253388024385,-54.44974661197561,34.915698157888286,100.0,144.89783156639143,60.35861744438276,635 days 19:00:00,101,1,20.315494192347217,20.40105151435967,-9.192802668893394,4.450452073734193,-2.6135334916706086,8 days 14:15:33.333333333,2 days 04:54:19.459459459,-5.592207527842607,-0.6270705832930723,-0.5409929941261341,0.9735281948597019,-0.15585200614842917,27.077118297439707,0.9795774587051432,0.38326585695006754,-0.007460189988399765,None,None,-0.00003299218110496766,-0.1995367113228444,-0.5444974661197559,-0.23885671819026155,0.38295923241792296,-2.5594632066572074,3 days 21:54:03.564356435,false
XMR-USD,false,38,66,117,26.72413793103448,0.609103879155855,0.15977961432506887,0.0001,0.00004111405835543766,4.834710743801653,9.62809917355372,0.00048347107438016535,-0.7171803780632808,0,0,17424,726 days 01:00:00,1000.0,502.96722360836185,-49.703277639163815,34.915698157888286,100.0,164.12183235886744,55.062374019483464,635 days 19:00:00,116,1,24.604347326377706,20.416486066616063,-8.039372144347578,4.116479588547114,-2.255017373721154,7 days 18:34:50.322580645,1 days 20:55:03.529411764,-4.496871756189785,-0.5155588965978828,-0.5305356625684996,0.9783649085529483,-0.09581108224148827,26.370417879758683,0.9859646359701632,0.3903295300406926,-0.007458196364188636,None,None,-0.00002722073628582203,-0.16463101305665162,-0.49703277639163335,-0.2122141969704,0.384308090096228,-2.423522377081114,3 days 10:46:33.103448275,false
XMR-USD,false,31,68,132,26.717557251908396,0.6037276033208218,0.18044077134986225,0.0001,0.000041103934233705224,5.454545454545455,10.867768595041323,0.0005454545454545455,-0.7764121798861433,0,0,17424,726 days 01:00:00,1000.0,481.52667670244375,-51.84733232975562,34.915698157888286,100.0,178.98230506266464,55.8591416652758,635 days 19:00:00,131,1,24.60059738583493,18.666461141192777,-7.780175558306734,3.7613511334002108,-2.096712224293756,6 days 19:37:42.857142857,1 days 16:39:22.500000,-4.145602447964816,-0.5582331072521065,-0.5504197829103327,0.9766053126789884,-0.0901476036859153,26.173235023898293,0.9867534118938682,0.3921067348406168,-0.007468588115302557,None,None,-0.000029608766017091635,-0.1790738168713702,-0.5184733232975556,-0.22403615602098725,0.3860669837841871,-2.4849289879670375,3 days 01:30:41.221374045,false
XMR-USD,false,33,55,132,26.717557251908396,0.6647731797888066,0.18044077134986225,0.0001,0.000041103934233705224,5.454545454545455,10.867768595041323,0.0005454545454545455,-0.6143626695527067,0,0,17424,726 days 01:00:00,1000.0,543.6927419492382,-45.630725805076175,34.915698157888286,100.0,184.3943548038981,54.97450965875704,635 days 19:00:00,131,1,25.343430673651255,22.84250023892567,-8.059042385391516,4.28782752865373,-2.1365788474289675,6 days 17:15:25.714285714,1 days 17:31:52.500000,-3.6767228146901765,-0.4383558124172461,-0.4799835239379052,0.9817074719272029,0.1519084686287937,23.165636006370313,0.9876922766737609,0.39355406269993604,-0.0074619217986052555,None,None,-0.000022958571000455017,-0.13885343741075196,-0.45630725805076033,-0.19063482193623238,0.38122030792765316,-2.3068828123881326,3 days 01:31:08.702290075,false
XMR-USD,false,35,51,132,26.717557251908396,0.6535201988392417,0.18044077134986225,0.0001,0.000041103934233705224,5.454545454545455,10.867768595041323,0.0005454545454545455,-0.6486988747249252,0,0,17424,726 days 01:00:00,1000.0,531.0967787038477,-46.89032212961523,34.915698157888286,100.0,181.76120241659126,56.37984510370323,635 days 19:00:00,131,1,24.75628853132133,22.842500238925663,-8.059042385391493,4.2482261624025925,-2.1521909183458674,6 days 17:15:25.714285714,1 days 17:40:00,-3.768393204789877,-0.462553854551746,-0.4833148793332016,0.9807047224493902,0.16378755494668681,23.08850320170229,0.9900751477299606,0.39333120102350866,-0.007466933014796034,None,None,-0.000024265200746861207,-0.1467559341170166,-0.4689032212961479,-0.197192889663252,0.3818383358212859,-2.342958170779741,3 days 01:37:05.954198472,false
XMR-USD,false,36,51,132,26.717557251908396,0.6459417860864286,0.18044077134986225,0.0001,0.000041103934233705224,5.454545454545455,10.867768595041323,0.0005454545454545455,-0.684818938068949,0,0,17424,726 days 01:00:00,1000.0,517.7787628373301,-48.22212371626699,34.915698157888286,100.0,181.14685403863237,56.913143019756774,635 days 19:00:00,131,1,24.13548897712161,22.84250023892566,-8.721267796798308,4.235351879355066,-2.1707619440598966,6 days 17:15:25.714285714,1 days 17:33:45,-3.8653185201510833,-0.48940696904002584,-0.4950024875279674,0.9795922927349113,0.13007728063457596,23.090732620178798,0.9865609370937986,0.39344262295081966,-0.007477354898302205,None,None,-0.000025698315283713925,-0.1554234108359018,-0.4822212371626712,-0.20423830222211214,0.3822015535711749,-2.381101517667132,3 days 01:32:31.145038167,false
XMR-USD,false,36,52,132,26.717557251908396,0.6240141592885075,0.18044077134986225,0.0001,0.000041103934233705224,5.454545454545455,10.867768595041323,0.0005454545454545455,-0.7999509864622454,0,0,17424,726 days 01:00:00,1000.0,479.793472104717,-52.0206527895283,34.915698157888286,100.0,179.7267501156107,57.5722032724004,635 days 19:00:00,131,1,22.36486099549893,22.842500238925684,-8.721267796798317,4.142084056349661,-2.2165225352328957,6 days 17:18:51.428571428,1 days 17:35:00,-4.141766327410544,-0.5728777300523475,-0.5362206589334059,0.9761648062526433,0.11195977024380041,23.050118048830903,0.9827082632110702,0.3937769956806911,-0.007506553366003857,None,None,-0.000030075006501397144,-0.18189363932044994,-0.5202065278952848,-0.22500671289752117,0.3821217291656119,-2.489892957439707,3 days 01:34:21.068702289,false
XMR-USD,false,39,49,132,26.717557251908396,0.6206964315783815,0.18044077134986225,0.0001,0.000041103934233705224,5.454545454545455,10.867768595041323,0.0005454545454545455,-0.7771232674463643,0,0,17424,726 days 01:00:00,1000.0,487.0937647192775,-51.29062352807225,34.915698157888286,100.0,179.7300294756146,56.48277353921765,635 days 19:00:00,131,1,22.705153306761247,22.842500238925673,-8.72126779679831,4.0144925486487635,-2.159329092677675,6 days 18:01:42.857142857,1 days 17:23:07.500000,-4.088636554102929,-0.5564042209801305,-0.5372365469088244,0.9768447924769766,0.11262174366007019,23.050990388297762,0.9837868366874717,0.3940000000000001,-0.007489941431631863,None,None,-0.00002920923572659967,-0.1766574576744748,-0.5129062352807229,-0.22093405188147397,0.3821094003333671,-2.4689846182120374,3 days 01:37:05.954198472,false
XMR-USD,false,40,47,132,26.717557251908396,0.6291445594571209,0.18044077134986225,0.0001,0.000041103934233705224,5.454545454545455,10.867768595041323,0.0005454545454545455,-0.755343747057354,0,0,17424,726 days 01:00:00,1000.0,494.2075803581025,-50.57924196418975,34.915698157888286,100.0,182.14320848923182,56.28639308802917,635 days 19:00:00,131,1,23.036753270412305,22.842500238925677,-8.721267796798317,4.063384783627486,-2.1604302507851325,6 days 17:48:00,1 days 17:26:15,-4.036863915361146,-0.5406853970582766,-0.5300576953916614,0.9774960708173321,0.11407447852531771,23.05723291951553,0.9834491528564134,0.3941115289223138,-0.007487835016430311,None,None,-0.000028380380395037836,-0.17164454062918882,-0.5057924196419039,-0.21700358385501006,0.38205995158683437,-2.448610356736135,3 days 01:35:43.511450381,false
XMR-USD,false,40,48,132,26.717557251908396,0.6236634125506004,0.18044077134986225,0.0001,0.000041103934233705224,5.454545454545455,10.867768595041323,0.0005454545454545455,-0.7655118966177258,0,0,17424,726 days 01:00:00,1000.0,490.8344061213023,-50.91655938786977,34.915698157888286,100.0,181.0709281645949,56.180488871119785,635 days 19:00:00,131,1,22.87951775699713,22.842500238925652,-8.721267796798312,4.005465342767599,-2.1485612716755766,6 days 18:05:08.571428571,1 days 17:21:52.500000,-4.0614130659213314,-0.5479939187452302,-0.5353496299959689,0.9771872589530063,0.115544876241013,23.080805085819215,0.9841317369354118,0.3940000000000001,-0.0074878350164303276,None,None,-0.00002876914467457649,-0.1739957869918386,-0.5091655938786963,-0.21886266526667286,0.3821282589024963,-2.458271266913404,3 days 01:37:05.954198472,false
XMR-USD,false,42,46,132,26.717557251908396,0.6272393246288385,0.18044077134986225,0.0001,0.000041103934233705224,5.454545454545455,10.867768595041323,0.0005454545454545455,-0.74935121168942,0,0,17424,726 days 01:00:00,1000.0,495.98138360917585,-50.40186163908241,34.915698157888286,100.0,181.15648813646087,55.72098962962973,635 days 19:00:00,131,1,22.5887587025141,22.540374606636263,-8.721267796798305,4.029316293212001,-2.1455944791034502,6 days 18:03:25.714285714,1 days 17:21:15,-4.019903626666703,-0.5362510387301188,-0.5331661319832074,0.9776715068005445,0.11731095215269173,23.052481006220297,0.9856184404059144,0.39355406269993604,-0.007477354898302117,None,None,-0.000028162311362390564,-0.17032565911973813,-0.5040186163908251,-0.2160292974275695,0.3822593294493077,-2.4435301110453502,3 days 01:36:10.992366411,false
XMR-USD,false,43,45,132,26.717557251908396,0.6288756189714287,0.18044077134986225,0.0001,0.000041103934233705224,5.454545454545455,10.867768595041323,0.0005454545454545455,-0.7398824944505169,0,0,17424,726 days 01:00:00,1000.0,499.10087254442817,-50.089912745557186,34.915698157888286,100.0,181.31993635809022,55.442495541990496,635 days 19:00:00,131,1,22.730831339032875,22.540374606636284,-8.721267796798307,4.028519712175218,-2.138900739585417,6 days 18:01:42.857142857,1 days 17:20:37.500000,-3.9971752579740825,-0.5294494270180907,-0.5318417849278249,0.9779492807926338,0.11724160832470286,23.057492281543592,0.985900087953549,0.39344262295081966,-0.0074773548983020416,None,None,-0.000027803718413933748,-0.1681568889674713,-0.500899127455577,-0.21432137810535423,0.38224018550551464,-2.4345957660377096,3 days 01:35:16.030534350,false
XMR-USD,false,33,46,147,26.71232876712329,0.6381268711436732,0.20110192837465565,0.0001,0.00004109589041095891,6.074380165289257,12.107438016528926,0.0006074380165289257,-0.7699930012701877,0,0,17424,726 days 01:00:00,1000.0,490.6390009255157,-50.93609990744843,34.915698157888286,100.0,196.48722246499113,55.477660243287154,722 days 11:00:00,146,1,21.77495195647697,22.16640331110654,-8.22201060396848,3.951173001807679,-2.0553194893886557,6 days 03:39:59.999999999,1 days 12:22:59.439252336,-3.637917472814796,-0.5495559644144739,-0.5423840818987151,0.9771279426946216,0.1614957925130349,23.11685896923463,0.9930323649561843,0.39288569144684243,-0.007487835016430373,None,None,-0.000028819921444351874,-0.17430288489544013,-0.5093609990744861,-0.21897061559123943,0.381714635136316,-2.4588309154557386,2 days 18:06:34.520547944,false
XMR-USD,false,26,67,136,26.666666666666668,0.6459062050881874,0.1859504132231405,0.0001,0.000041025641025641023,5.619834710743802,11.198347107438018,0.0005619834710743802,-0.6125856286207547,0,0,17424,726 days 01:00:00,1000.0,543.8905205170835,-45.61094794829165,34.915698157888286,100.0,183.1854602653574,56.262154759876594,635 days 19:00:00,135,1,28.247657211801425,22.766516632900522,-7.667891305518003,4.08458670390071,-2.054787624503743,6 days 12:20:00,1 days 16:30:18.181818181,-3.5878306421830937,-0.4371537478084107,-0.4687591173263357,0.9817623268871244,0.14760785156125308,23.149923135171008,0.9909432715988139,0.39333120102350866,-0.007452411460490756,None,None,-0.00002291606388663468,-0.13859635438636655,-0.4561094794829168,-0.19053264388008861,0.38156081049301344,-2.3063163664103064,2 days 23:23:33.333333332,false
XMR-USD,false,41,45,136,26.666666666666668,0.6456838167761626,0.1859504132231405,0.0001,0.000041025641025641023,5.619834710743802,11.198347107438018,0.0005619834710743802,-0.7164687377656923,0,0,17424,726 days 01:00:00,1000.0,506.35700730787624,-49.364299269212374,34.915698157888286,100.0,186.8302300557226,56.44393051270803,635 days 19:00:00,135,1,23.603080785696477,22.842500238925663,-8.721267796798307,4.173725365966749,-2.1478933429028273,6 days 15:15:00,1 days 15:29:05.454545454,-3.831452396131998,-0.5113619394455435,-0.5133078851389031,0.9786727082407829,0.15963345300761136,23.118823420622974,0.9880218174455222,0.39344262295081966,-0.007489941431631867,None,None,-0.000026918705902922753,-0.16280433330087682,-0.4936429926921241,-0.2103754311963244,0.38316313816732916,-2.413813896717394,2 days 23:25:19.999999999,false
XMR-USD,false,42,44,136,26.666666666666668,0.6462076585675175,0.1859504132231405,0.0001,0.000041025641025641023,5.619834710743802,11.198347107438018,0.0005619834710743802,-0.7141161220727297,0,0,17424,726 days 01:00:00,1000.0,507.1372262606381,-49.28627737393619,34.915698157888286,100.0,186.95982063636944,56.47454070518896,635 days 19:00:00,135,1,23.639449534833602,22.84250023892566,-8.721267796798305,4.1737253659667495,-2.1463712655922245,6 days 15:15:00,1 days 15:28:29.090909090,-3.825942394623673,-0.5096785420144687,-0.5120558072037283,0.9787416553063102,0.1595915669753582,23.118292664809776,0.9878924919209625,0.39344262295081966,-0.007489941431631855,None,None,-0.000026830226165694932,-0.16226920785012294,-0.49286277373936893,-0.20995334515326936,0.38316508500775326,-2.41157931744811,2 days 23:24:53.333333332,false
XMR-USD,false,34,41,155,26.623376623376622,0.5724608414049606,0.21212121212121213,0.0001,0.000040959040959040954,6.404958677685951,12.768595041322314,0.0006404958677685951,-1.0117596909820366,0,0,17424,726 days 01:00:00,1000.0,417.5587363353784,-58.244126366462154,34.915698157888286,100.0,186.5297914823304,62.93686603545746,722 days 11:00:00,154,1,18.53159126273863,22.18521442516038,-8.222010603968503,3.7096624227655,-2.0674836122209395,5 days 19:07:19.024390243,1 days 10:43:32.389380530,-3.9024211358919487,-0.7244169051604659,-0.564611337843055,0.9699166876727106,0.12906289887588132,23.217120335650918,0.9921270064253868,0.3902186053933302,-0.007517332111407915,None,None,-0.000038041369083865694,-0.23007420021921973,-0.5824412636646208,-0.2614909794769438,0.38223064764651515,-2.668135808228237,2 days 14:31:10.129870128,false
XMR-USD,false,35,40,155,26.623376623376622,0.5645068785118283,0.21212121212121213,0.0001,0.000040959040959040954,6.404958677685951,12.768595041322314,0.0006404958677685951,-1.0387442524718509,0,0,17424,726 days 01:00:00,1000.0,410.2682762729778,-58.97317237270222,34.915698157888286,100.0,185.24175652976444,63.58397810483325,722 days 11:00:00,154,1,18.208034804120473,22.185214425160368,-8.222010603968497,3.6747884921272456,-2.072079807089437,5 days 21:30:43.902439024,1 days 09:53:05.840707964,-3.947660769682755,-0.7439860984387896,-0.5678031969500243,0.9691206695076254,0.12759789605435015,23.23821344178054,0.9911056264492448,0.39044047239067986,-0.007517332111407885,None,None,-0.00003905855181108644,-0.23622612135345078,-0.589731723727021,-0.265992139933914,0.38212835112546795,-2.689015986620871,2 days 14:32:20.259740258,false
XMR-USD,false,37,38,155,26.623376623376622,0.5642644102015616,0.21212121212121213,0.0001,0.000040959040959040954,6.404958677685951,12.768595041322314,0.0006404958677685951,-1.0468001038471992,0,0,17424,726 days 01:00:00,1000.0,408.090541290184,-59.1909458709816,34.915698157888286,100.0,185.10341215047174,63.458235580778364,722 days 11:00:00,154,1,18.111385180803097,22.185214425160364,-8.222010603968481,3.6903496719331144,-2.082180161202636,5 days 21:32:11.707317073,1 days 09:53:37.699115044,-3.961174310978053,-0.7498531059282607,-0.5716188051010656,0.9688867011103044,0.12697103941342527,23.240613499185145,0.990861859227029,0.39055143244753016,-0.007517332111407885,None,None,-0.000039364939255325295,-0.23807915261620738,-0.5919094587098165,-0.267346801844743,0.38211257946570126,-2.695253109455838,2 days 14:33:07.012987012,false
XMR-USD,false,18,86,140,26.618705035971225,0.5971726092546416,0.19146005509641872,0.0001,0.00004095185390149419,5.785123966942149,11.52892561983471,0.0005785123966942149,-0.7524838575865914,0,0,17424,726 days 01:00:00,1000.0,494.851370285126,-50.514862971487396,34.915698157888286,100.0,180.00688077815386,56.40078363086665,722 days 11:00:00,139,1,21.961900283567502,22.841261583819325,-7.1725056880547,3.6548222399692194,-1.9715368060328204,6 days 11:09:43.783783783,1 days 14:32:21.176470588,-3.792162086319725,-0.5375950586657096,-0.5281682037707538,0.9776812225878827,0.14475333950599603,22.993347167387334,0.9897758392128804,0.39466944133183923,-0.007508325370423783,None,None,-0.000028265977489605488,-0.170952631857134,-0.5051486297148788,-0.21664970961663,0.3827072458559517,-2.446766515825057,2 days 21:34:57.841726617,false
XMR-USD,false,18,87,140,26.618705035971225,0.6076325928572816,0.19146005509641872,0.0001,0.00004095185390149419,5.785123966942149,11.52892561983471,0.0005785123966942149,-0.7141808302120619,0,0,17424,726 days 01:00:00,1000.0,507.7213844795643,-49.22786155204357,34.915698157888286,100.0,182.38263548431277,55.471768573459315,722 days 11:00:00,139,1,22.53308182485239,22.841261583819335,-7.172505688054688,3.6673306089211315,-1.9508788056349158,6 days 11:06:29.189189189,1 days 14:33:31.764705882,-3.7036812758653808,-0.5099329189558323,-0.5205705022136187,0.9788187892951676,0.14854513859433371,23.02249577097569,0.9905280976018197,0.3947810774033458,-0.007500231718143193,None,None,-0.000026801650965013813,-0.16209638503640353,-0.49227861552044294,-0.20963760232336648,0.38256606376491603,-2.4099062642091784,2 days 21:34:57.841726617,false
XMR-USD,false,20,80,140,26.618705035971225,0.652133200121852,0.19146005509641872,0.0001,0.00004095185390149419,5.785123966942149,11.52892561983471,0.0005785123966942149,-0.5799862667463175,0,0,17424,726 days 01:00:00,1000.0,555.422895424916,-44.457710457508405,34.915698157888286,100.0,190.46322813614583,52.527535294404856,722 days 11:00:00,139,1,24.6501130986137,22.841261583819314,-7.007675914303723,3.8564580860971893,-1.9307773374731232,6 days 11:30:48.648648648,1 days 14:28:49.411764705,-3.3757353789474642,-0.4133317912291738,-0.48722382084486643,0.9828029901374105,0.16553853397042967,23.08074410449169,0.9931503793836425,0.39556303059426556,-0.007466933014796081,None,None,-0.000021688806023402454,-0.13117389882953803,-0.4445771045750887,-0.1846161580602682,0.38193967903836085,-2.2732871688966747,2 days 21:37:59.136690646,false
XMR-USD,false,20,81,140,26.618705035971225,0.6435785101614789,0.19146005509641872,0.0001,0.00004095185390149419,5.785123966942149,11.52892561983471,0.0005785123966942149,-0.6146428255185333,0,0,17424,726 days 01:00:00,1000.0,542.8388107614606,-45.716118923853934,34.915698157888286,100.0,190.86235924135397,52.1136735418461,722 days 11:00:00,139,1,24.091621338998152,22.841261583819342,-7.007675914303747,3.8033521501964853,-1.9349255262023362,6 days 11:43:47.027027027,1 days 14:20:35.294117647,-3.4622504358096267,-0.43814796687097696,-0.5074485036343931,0.9817768225643912,0.16507083826511246,23.056707530441873,0.9925196692550673,0.39511609287429944,-0.007487835016430377,None,None,-0.000022997304555509105,-0.13908769795171907,-0.45716118923853866,-0.19107626598424188,0.38204461290028885,-2.30932850653956,2 days 21:35:23.741007194,false
XMR-USD,false,20,82,140,26.618705035971225,0.6209497880879951,0.19146005509641872,0.0001,0.00004095185390149419,5.785123966942149,11.52892561983471,0.0005785123966942149,-0.6668587447208416,0,0,17424,726 days 01:00:00,1000.0,524.4911239482909,-47.550887605170914,34.915698157888286,100.0,188.19784689194935,53.34810746369135,722 days 11:00:00,139,1,23.277336298233763,22.841261583819314,-7.0076759143037295,3.652269851006693,-1.9149983860784319,6 days 12:25:56.756756756,1 days 14:08:14.117647058,-3.588390016906068,-0.4755362889298246,-0.5193347981013302,0.9802443024886364,0.16497001161001706,23.03524252451413,0.9915639794014899,0.39522780046440864,-0.007492505718021488,None,None,-0.00002496518388053201,-0.1509894321094576,-0.475508876051705,-0.20067277054504473,0.3821281654051906,-2.361877038521369,2 days 21:37:33.237410070,false
XMR-USD,false,20,84,140,26.618705035971225,0.6357640097483354,0.19146005509641872,0.0001,0.00004095185390149419,5.785123966942149,11.52892561983471,0.0005785123966942149,-0.6333026491512306,0,0,17424,726 days 01:00:00,1000.0,536.4122181856793,-46.35877818143207,34.915698157888286,100.0,191.9876254932029,50.564715881945475,722 days 11:00:00,139,1,23.80640401155881,22.53913899546883,-7.00767591430373,3.695325362657946,-1.9075227600630245,6 days 11:22:42.162162162,1 days 14:30:00,-3.506432991553085,-0.4511956324779592,-0.5316766626290242,0.9812485516723903,0.17320139609732818,23.0445365549624,0.9917825142485767,0.3953395259449071,-0.0074773548983020684,None,None,-0.00002368161072115108,-0.14322638164152174,-0.4635877818143249,-0.19441316220616534,0.38203600518315306,-2.3277345328109535,2 days 21:36:41.438848919,false
XMR-USD,false,21,75,140,26.618705035971225,0.642189222673129,0.19146005509641872,0.0001,0.00004095185390149419,5.785123966942149,11.52892561983471,0.0005785123966942149,-0.6066519351864879,0,0,17424,726 days 01:00:00,1000.0,545.7198114839546,-45.42801885160454,34.915698157888286,100.0,188.29192277299305,54.77802118700681,635 days 19:00:00,139,1,24.21948245929343,22.76651663290053,-7.007675914303735,3.825277359333791,-1.9370296809057823,6 days 11:12:58.378378378,1 days 14:34:42.352941176,-3.4424436760815738,-0.43253366489946327,-0.479188742718703,0.9820040692931318,0.16064230848824676,23.04683521641272,0.9929439566358723,0.3953395259449071,-0.007466933014796027,None,None,-0.00002269813823899351,-0.13727834006943274,-0.45428018851604834,-0.1895887277504763,0.3819691303941852,-2.301077201612286,2 days 21:37:33.237410070,false
XMR-USD,false,26,66,140,26.618705035971225,0.6379442676153307,0.19146005509641872,0.0001,0.00004095185390149419,5.785123966942149,11.52892561983471,0.0005785123966942149,-0.6604426324946552,0,0,17424,726 days 01:00:00,1000.0,526.9272075553836,-47.30727924446164,34.915698157888286,100.0,186.41403019662437,57.751589965700454,635 days 19:00:00,139,1,27.366645626486388,22.76651663290051,-7.667891305518005,4.028919671338997,-2.0438114539685373,6 days 10:42:09.729729729,1 days 14:24:42.352941176,-3.6002837271302317,-0.47148099219553924,-0.4768165885733516,0.9803544937334427,0.1463055757308897,23.117876048306282,0.9911166695133985,0.39333120102350866,-0.007458196364188723,None,None,-0.00002472505444010542,-0.1495371292537576,-0.4730727924446191,-0.1993861208508625,0.38170778015227314,-2.354899994568025,2 days 21:22:00.863309351,false
XMR-USD,false,30,54,140,26.618705035971225,0.6418605197749659,0.19146005509641872,0.0001,0.00004095185390149419,5.785123966942149,11.52892561983471,0.0005785123966942149,-0.7429557367270054,0,0,17424,726 days 01:00:00,1000.0,499.64653557597643,-50.035346442402364,34.915698157888286,100.0,190.41034736669818,56.43005604582532,635 days 19:00:00,139,1,22.17471356101737,22.166403311106542,-8.059042385391496,4.0943062418206,-2.1097129779328165,6 days 12:45:24.324324324,1 days 13:47:38.823529411,-3.7591955250722418,-0.5307001578494108,-0.5218476177749645,0.9779323281232485,0.1464309276010902,23.10548246832652,0.9894514335316871,0.39388848892088635,-0.007461921798605334,None,None,-0.00002780119922577092,-0.16814165291746253,-0.5003534644240264,-0.21402334452842553,0.3813047869255995,-2.433032964603579,2 days 21:27:37.553956833,false
XMR-USD,false,32,50,140,26.618705035971225,0.6652717894371994,0.19146005509641872,0.0001,0.00004095185390149419,5.785123966942149,11.52892561983471,0.0005785123966942149,-0.6433537432719706,0,0,17424,726 days 01:00:00,1000.0,532.9592682317927,-46.70407317682073,34.915698157888286,100.0,195.11807127461552,54.403690868425194,635 days 19:00:00,139,1,23.653159326133903,22.166403311106546,-8.059042385391503,4.13921564008205,-2.0622906420502614,6 days 10:42:09.729729729,1 days 14:35:52.941176470,-3.5301718783765574,-0.4591401725345609,-0.498515263449125,0.9808759999398079,0.15048444680412706,23.05039117343994,0.9920223181209422,0.3943346403136753,-0.007466933014796052,None,None,-0.000024074957233853774,-0.1456053413503476,-0.4670407317682128,-0.19621683564223336,0.3816613442325937,-2.337623923933171,2 days 21:30:12.949640286,false
XMR-USD,false,34,47,140,26.618705035971225,0.6661662729208698,0.19146005509641872,0.0001,0.00004095185390149419,5.785123966942149,11.52892561983471,0.0005785123966942149,-0.6313718083690499,0,0,17424,726 days 01:00:00,1000.0,537.2026163692269,-46.279738363077314,34.915698157888286,100.0,195.57728017781503,54.0121353371058,635 days 19:00:00,139,1,23.841482516204337,22.166403311106542,-8.059042385391509,4.0966675375192425,-2.0429683254502233,6 days 10:19:27.567567567,1 days 14:45:52.941176470,-3.500999037028616,-0.45021961551469303,-0.4967390673428844,0.9812359160627392,0.16098745676837303,23.063428101392383,0.9929836674928731,0.3943346403136753,-0.00746693301479605,None,None,-0.000023613678641365332,-0.14281552842297754,-0.46279738363076894,-0.19400135888949432,0.3817659407540904,-2.325470799804747,2 days 21:31:30.647482013,false
XMR-USD,false,39,41,140,26.618705035971225,0.6780237045993798,0.19146005509641872,0.0001,0.00004095185390149419,5.785123966942149,11.52892561983471,0.0005785123966942149,-0.5943515438259199,0,0,17424,726 days 01:00:00,1000.0,550.3443718368649,-44.965562816313515,34.915698157888286,100.0,196.73287214800115,53.4714717056839,635 days 19:00:00,139,1,24.424724152910244,23.035612382811657,-8.059042385391507,4.193750162002983,-2.051535971128043,6 days 10:11:21.081081081,1 days 14:50:35.294117647,-3.4106500166621965,-0.423753526927475,-0.4850338703329262,0.9823345006216716,0.1608007664760754,23.05911028082808,0.9922892482972069,0.3950044031702826,-0.00746693301479605,None,None,-0.000022226109715837378,-0.13442351156138446,-0.44965562816313653,-0.18721162657453483,0.38177551554462646,-2.2878322699715152,2 days 21:32:48.345323740,false
XMR-USD,false,39,56,125,26.61290322580645,0.6292806086212965,0.17079889807162535,0.0001,0.00004094292803970223,5.1652892561983474,10.289256198347108,0.0005165289256198347,-0.672807739860361,0,0,17424,726 days 01:00:00,1000.0,515.9734018613457,-48.402659813865434,34.915698157888286,100.0,175.17363497523738,53.32936978775433,635 days 19:00:00,124,1,24.30454867138667,18.666461141192794,-8.039372144347587,4.006106993144065,-2.1333434515803003,6 days 23:34:32.727272727,1 days 21:07:54.725274725,-4.099444732339044,-0.48339661966571223,-0.5306299722725094,0.9796997934969063,-0.08562265597217242,26.154455660059742,0.9848770688283943,0.39344262295081966,-0.007477415365825945,None,None,-0.00002564173860346701,-0.15508123507376848,-0.48402659813865523,-0.20520243502212177,0.3861017800067454,-2.3862721459840013,3 days 05:43:03.870967741,false
XMR-USD,false,44,60,110,26.605504587155966,0.6443116475355376,0.15013774104683195,0.0001,0.000040931545518701485,4.545454545454546,9.049586776859504,0.0004545454545454546,-0.5865598572308824,0,0,17424,726 days 01:00:00,1000.0,548.1218917289889,-45.18781082710111,34.915698157888286,100.0,162.5679525955879,52.233308513680235,635 days 19:00:00,109,1,24.883675912829858,20.122572534850505,-8.980670771710088,4.3865426151567775,-2.276011402626352,8 days 03:45:31.034482758,2 days 01:06:45,-4.373961322787522,-0.4213965783281598,-0.49941294666221986,0.9822868481674503,-0.09679266117888459,26.289244473417778,0.9858952488341899,0.3912175648702595,-0.007452411460490764,None,None,-0.000022267196470781568,-0.13467200425528691,-0.4518781082710157,-0.18835238393321296,0.3846205464055045,-2.294197544690714,3 days 16:07:42.385321099,false
XMR-USD,false,41,49,129,26.5625,0.6302541457905189,0.1763085399449036,0.0001,0.000040865384615384615,5.330578512396694,10.619834710743802,0.0005330578512396694,-0.7125157793187871,0,0,17424,726 days 01:00:00,1000.0,507.4657441857365,-49.25342558142635,34.915698157888286,100.0,176.55987191064972,54.04902726655069,635 days 19:00:00,128,1,25.92579199413865,22.540374606636266,-8.72126779679832,4.152126291876765,-2.1708577018075603,6 days 20:12:21.176470588,1 days 19:06:22.978723404,-4.050469123503138,-0.5086835607939235,-0.5346066925523579,0.9787782943558488,0.15480209759345642,23.09568631336513,0.9885461429145939,0.39232920495405516,-0.007489941431631841,None,None,-0.000026785731338078024,-0.1620001031326959,-0.49253425581427024,-0.2097757490243335,0.3832778751405859,-2.410638428557352,3 days 03:16:24.374999998,false
XMR-USD,false,44,46,129,26.5625,0.6128577387660218,0.1763085399449036,0.0001,0.000040865384615384615,5.330578512396694,10.619834710743802,0.0005330578512396694,-0.7882630050766787,0,0,17424,726 days 01:00:00,1000.0,482.79552576575657,-51.720447423424346,34.915698157888286,100.0,172.65411447937413,56.220065445131794,635 days 19:00:00,128,1,24.665421302058405,22.54037460663627,-8.721267796798323,4.147776549487338,-2.220088043839862,6 days 20:12:21.176470588,1 days 19:03:11.489361702,-4.23335855887736,-0.563365375940873,-0.5452554153402136,0.976510136867757,0.14680010466626325,23.137494564566964,0.9872607071818984,0.39177316293929715,-0.007487835016430324,None,None,-0.000029654207375930363,-0.17934864620962684,-0.5172044742342443,-0.22332707333560164,0.3831370161231466,-2.4812949519022998,3 days 03:14:03.749999998,false
XMR-USD,false,34,75,114,26.548672566371685,0.6263104923876203,0.15564738292011018,0.0001,0.00004084411164057182,4.710743801652892,9.3801652892562,0.00047107438016528926,-0.6564359151199252,0,0,17424,726 days 01:00:00,1000.0,524.04484883737,-47.595515116263,34.915698157888286,100.0,161.56386977790382,53.65554600959362,635 days 19:00:00,113,1,25.635430839591947,20.563418258195433,-8.03937214434759,4.321059500932571,-2.280933855990742,8 days 03:16:00,1 days 20:54:56.385542168,-4.438854707984257,-0.471771713391607,-0.5169355565549667,0.9801772654008672,-0.09493620809879647,26.43879174295102,0.9847875061174757,0.39010769844435583,-0.007446826610916595,None,None,-0.00002488667924344506,-0.15051463606435572,-0.4759551511626312,-0.20090889925911204,0.3839662010283648,-2.3631551888504925,3 days 12:49:54.690265485,false
XMR-USD,false,35,73,114,26.548672566371685,0.6352411224328447,0.15564738292011018,0.0001,0.00004084411164057182,4.710743801652892,9.3801652892562,0.00047107438016528926,-0.6154450663213915,0,0,17424,726 days 01:00:00,1000.0,538.3048680766316,-46.169513192336844,34.915698157888286,100.0,164.16561941222355,51.80308578528305,635 days 19:00:00,113,1,26.3330080370215,20.563418258195444,-8.03937214434759,4.311372477550309,-2.2446547033531585,8 days 03:12:00,1 days 21:01:26.746987951,-4.318833096994601,-0.4421611748159809,-0.5164653813201491,0.9814180868868421,-0.09371121022110793,26.39507533607896,0.9850262416180422,0.3907734056987789,-0.007446826610916445,None,None,-0.000023335119432354488,-0.14113080232687994,-0.46169513192336853,-0.19342773755960385,0.38413808485803425,-2.3223139054404403,3 days 12:53:37.699115043,false
XMR-USD,false,36,71,114,26.548672566371685,0.6279341005943633,0.15564738292011018,0.0001,0.00004084411164057182,4.710743801652892,9.3801652892562,0.00047107438016528926,-0.6467742384131653,0,0,17424,726 days 01:00:00,1000.0,527.3788330089889,-47.262116699101114,34.915698157888286,100.0,163.07173183606824,52.50487034626088,635 days 19:00:00,113,1,25.798523981030996,20.563418258195433,-8.039372144347572,4.289637231229756,-2.26229731291002,8 days 03:06:00,1 days 21:05:46.987951807,-4.4107937254163065,-0.464719627272014,-0.5238694903715851,0.9804795442262985,-0.09335559181336198,26.42468601122504,0.9850864961194956,0.3906624102154829,-0.007446826610916392,None,None,-0.00002451874966786528,-0.1482893979912492,-0.4726211669910102,-0.1991480159026866,0.38403008531340554,-2.3536065206367205,3 days 12:55:13.274336282,false
XMR-USD,false,39,63,114,26.548672566371685,0.6403667483295925,0.15564738292011018,0.0001,0.00004084411164057182,4.710743801652892,9.3801652892562,0.00047107438016528926,-0.5718410096407784,0,0,17424,726 days 01:00:00,1000.0,553.3829933407662,-44.66170066592338,34.915698157888286,100.0,165.5286219406234,51.58218507693457,635 days 19:00:00,113,1,27.070605664890536,19.593689177557675,-8.039372144347581,4.205278780627123,-2.1823486965928103,7 days 15:30:00,2 days 01:32:31.807228915,-4.191925772779857,-0.41053972297391605,-0.49881901993657685,0.982745771222333,-0.09075496025668085,26.243365504400828,0.9875543132221969,0.39177316293929715,-0.007458196364188642,None,None,-0.000021705600457122066,-0.13127547156467426,-0.44661700665923565,-0.18565681621574048,0.3848350004711195,-2.2791295326235153,3 days 13:06:22.300884954,false
XMR-USD,false,41,61,114,26.548672566371685,0.6187199200613405,0.15564738292011018,0.0001,0.00004084411164057182,4.710743801652892,9.3801652892562,0.00047107438016528926,-0.6649050355596879,0,0,17424,726 days 01:00:00,1000.0,520.5154934316517,-47.94845065683482,34.915698157888286,100.0,161.29645906603315,53.91708405673155,635 days 19:00:00,113,1,25.46278045172477,19.59368917755767,-8.306554725998124,4.230564311781901,-2.2609221998644853,7 days 18:26:00,2 days 00:23:51.325301204,-4.4685600621245385,-0.4777464897860899,-0.518973518241956,0.9799420447877945,-0.09259173442054464,26.306489182046732,0.9865456975298809,0.39088441890166026,-0.007460189988399809,None,None,-0.000025238793231644596,-0.15264422146498652,-0.4794845065683475,-0.20278095847874456,0.38452893511004993,-2.373263408338926,3 days 13:02:39.292035397,false
XMR-USD,false,46,57,114,26.548672566371685,0.623798865277572,0.15564738292011018,0.0001,0.00004084411164057182,4.710743801652892,9.3801652892562,0.00047107438016528926,-0.6675256369943571,0,0,17424,726 days 01:00:00,1000.0,519.4392467883524,-48.05607532116476,34.915698157888286,100.0,164.68731402572604,54.22803320675364,635 days 19:00:00,113,1,23.581539195075038,20.416486066616066,-8.980670771710084,4.21293098222859,-2.249872562553013,7 days 20:58:00,1 days 23:24:34.698795180,-4.461436215988699,-0.47965756371296625,-0.5173788587347999,0.9798622627807422,-0.09400357848576191,26.265584789702068,0.9870730235043942,0.3903295300406926,-0.007460189988399868,None,None,-0.00002534878964850906,-0.15330947979418277,-0.48056075321164815,-0.20335347522114966,0.38466606481690024,-2.3763458231267744,3 days 12:59:28.141592919,false
XMR-USD,false,46,73,99,26.53061224489796,0.5602376661247884,0.1349862258953168,0.0001,0.000040816326530612245,4.090909090909091,8.140495867768596,0.0004090909090909091,-0.9520447685003804,0,0,17424,726 days 01:00:00,1000.0,430.36361355191355,-56.96363864480865,34.915698157888286,100.0,138.43144872031885,62.734072179367516,635 days 19:00:00,98,1,19.194293865355576,20.67440414997486,-9.192802668893401,4.480009181838147,-2.713972825084247,8 days 17:50:46.153846153,2 days 07:46:40,-6.008476329728995,-0.6877420913692731,-0.5507134544457111,0.9710179374712333,-0.15507796093027854,26.96211144659415,0.9772630735835995,0.38238794129313763,-0.007460189988399788,None,None,-0.00003622363511648228,-0.21908054518448483,-0.56963638644809,-0.25370782446838647,0.38337551278597864,-2.6314621116043533,4 days 00:39:11.020408162,false
XMR-USD,false,48,73,99,26.53061224489796,0.5748773657236228,0.1349862258953168,0.0001,0.000040816326530612245,4.090909090909091,8.140495867768596,0.0004090909090909091,-0.8965994574840747,0,0,17424,726 days 01:00:00,1000.0,446.40925218932364,-55.35907478106764,34.915698157888286,100.0,139.5723472350393,61.38599178116678,635 days 19:00:00,98,1,19.909932208295004,20.2175636354145,-8.593290028177899,4.59501727811248,-2.702014970166949,8 days 20:20:46.153846153,2 days 06:47:30,-5.852047755295628,-0.6474684672422467,-0.5430044586539208,0.9726924597630487,-0.15404349526602537,26.92289518780225,0.976928573752061,0.3826073157184797,-0.007460189988399768,None,None,-0.00003411445364927326,-0.2063242156708047,-0.5535907478106787,-0.24416541309119344,0.38351092687905125,-2.5855067405708083,4 days 00:35:30.612244896,false
XMR-USD,false,49,72,99,26.53061224489796,0.571224725300196,0.1349862258953168,0.0001,0.000040816326530612245,4.090909090909091,8.140495867768596,0.0004090909090909091,-0.9321712836557813,0,0,17424,726 days 01:00:00,1000.0,435.5424514856634,-56.44575485143366,34.915698157888286,100.0,140.22943951953218,62.45557252255479,635 days 19:00:00,98,1,19.425270960191767,20.217563635414482,-8.593290028177927,4.528437532433525,-2.7133818652333734,8 days 21:13:50.769230769,2 days 06:33:20,-5.957987953821715,-0.6733231959703773,-0.5468482178315,0.9716165671279559,-0.15418850452694782,26.848439094377525,0.9766529374738396,0.3827170290430091,-0.007468294324475323,None,None,-0.000035507508104680364,-0.21474940901710685,-0.5644575485143374,-0.2506029327477247,0.38384382909368775,-2.6166297061048804,4 days 00:39:11.020408162,false
XMR-USD,false,32,56,133,26.515151515151516,0.6585776096724453,0.18181818181818182,0.0001,0.00004079254079254079,5.4958677685950414,10.950413223140496,0.0005495867768595042,-0.6118072528962347,0,0,17424,726 days 01:00:00,1000.0,544.503388026082,-45.5496611973918,34.915698157888286,100.0,182.9892593614943,55.50283475582899,635 days 19:00:00,132,1,25.381217738043006,22.842500238925645,-8.05904238539151,4.2698723087051045,-2.108151892621524,6 days 15:34:17.142857142,1 days 17:40:49.484536082,-3.643013861454249,-0.43621473279210166,-0.47442084037557986,0.9817854280780177,0.16190998852561145,23.170549354580288,0.9893744936327303,0.39299704212966663,-0.007460189988399793,None,None,-0.000022859607353308037,-0.138254905272807,-0.45549661197392843,-0.19021617300013594,0.38144012969719626,-2.304561088580182,3 days 00:56:21.818181817,false
XMR-USD,false,34,52,133,26.515151515151516,0.6500741848652829,0.18181818181818182,0.0001,0.00004079254079254079,5.4958677685950414,10.950413223140496,0.0005495867768595042,-0.6557938021990697,0,0,17424,726 days 01:00:00,1000.0,528.9928799605219,-47.100712003947805,34.915698157888286,100.0,180.48763558110682,57.088980818280355,635 days 19:00:00,132,1,24.658218412241354,22.842500238925656,-8.059042385391505,4.310117495670964,-2.15277028502918,6 days 15:03:25.714285714,1 days 18:04:19.793814433,-3.755040442816056,-0.46779127684543226,-0.47985170755728546,0.9804937794723392,0.16065119255994567,23.16081147397542,0.9896572727384363,0.39366552027513396,-0.007461921798605235,None,None,-0.000024516182229152792,-0.1482738701219161,-0.47100712003947764,-0.19829814820706526,0.38146848636812764,-2.348983823578697,3 days 01:05:27.272727272,false
XMR-USD,false,36,50,133,26.515151515151516,0.647138960406638,0.18181818181818182,0.0001,0.00004079254079254079,5.4958677685950414,10.950413223140496,0.0005495867768595042,-0.6804892958184952,0,0,17424,726 days 01:00:00,1000.0,520.2838452103805,-47.97161547896195,34.915698157888286,100.0,183.18263874196595,56.25380890827898,635 days 19:00:00,132,1,24.25225967600113,22.842500238925663,-8.059042385391498,4.225886705185075,-2.1420382360932355,6 days 17:17:08.571428571,1 days 17:14:50.721649484,-3.8179425338304673,-0.4856800021370503,-0.49770235851590167,0.9797641784300888,0.15305133166966756,23.088614167153988,0.9893228533416024,0.39344262295081966,-0.007466933014796138,None,None,-0.00002546132287910175,-0.15399008077280738,-0.4797161547896205,-0.20290412000863667,0.38158270894875146,-2.3739268584014845,3 days 01:04:32.727272726,false
XMR-USD,false,38,50,133,26.515151515151516,0.614628399671129,0.18181818181818182,0.0001,0.00004079254079254079,5.4958677685950414,10.950413223140496,0.0005495867768595042,-0.806037291477657,0,0,17424,726 days 01:00:00,1000.0,477.73238097920284,-52.22676190207971,34.915698157888286,100.0,179.76807715218638,57.5245457820903,635 days 19:00:00,132,1,22.26878629002414,22.842500238925656,-8.721267796798308,4.02564483642587,-2.160786185533831,6 days 18:01:42.857142857,1 days 16:56:17.319587628,-4.125275797809249,-0.5772738479430718,-0.5392629278766978,0.9759911114635957,0.11139422632694862,23.022163099878824,0.98352466056691,0.3937769956806911,-0.007506553366003818,None,None,-0.00003031483365242037,-0.18334411392983838,-0.522267619020797,-0.2261638634333858,0.3822357033094872,-2.495796007455186,3 days 01:02:43.636363635,false
XMR-USD,false,38,39,152,26.490066225165563,0.5991871995996556,0.20798898071625344,0.0001,0.00004075394803871626,6.2809917355371905,12.520661157024794,0.000628099173553719,-0.8966956315568195,0,0,17424,726 days 01:00:00,1000.0,450.889483579974,-54.9110516420026,34.915698157888286,100.0,192.33469968774995,60.62796882441964,722 days 11:00:00,151,1,20.010836529738356,23.035612382811653,-8.222010603968494,3.786591308353683,-2.0319347185035928,5 days 22:43:30,1 days 11:24:51.891891891,-3.7690155824487723,-0.6410037311065172,-0.5442593310203988,0.9733582010480697,0.14368181497962068,23.187767605260152,0.9918133106703888,0.39177316293929715,-0.007487835016430328,None,None,-0.00003364585340844985,-0.2034901214143047,-0.5491105164200288,-0.24154110020417185,0.3820576810194216,-2.5726751730323594,2 days 15:50:27.814569535,false
XMR-USD,false,31,56,137,26.47058823529412,0.6500934460517193,0.18732782369146006,0.0001,0.00004072398190045249,5.661157024793389,11.28099173553719,0.0005661157024793389,-0.6486825783874083,0,0,17424,726 days 01:00:00,1000.0,531.1790776593107,-46.882092234068935,34.915698157888286,100.0,184.2133653609001,57.68739164476835,635 days 19:00:00,136,1,24.76012477505111,22.842500238925663,-8.059042385391505,4.235877402710639,-2.100538987501057,6 days 15:25:00,1 days 15:00:36,-3.6292724052627987,-0.4625794370616135,-0.47226178891677123,0.9807137695878057,0.16188677616716285,23.09249843979244,0.9914864594897045,0.39299704212966663,-0.007466933014796057,None,None,-0.000024261370205254554,-0.14673276700137955,-0.46882092234068795,-0.19714971301821338,0.38175694437160423,-2.3427224631759844,2 days 22:52:56.470588234,false
XMR-USD,false,32,54,137,26.47058823529412,0.6268677138088359,0.18732782369146006,0.0001,0.00004072398190045249,5.661157024793389,11.28099173553719,0.0005661157024793389,-0.7665322638877561,0,0,17424,726 days 01:00:00,1000.0,492.41405208001004,-50.758594791999,34.915698157888286,100.0,181.7217064688091,58.329233997969496,635 days 19:00:00,136,1,22.953150610178,22.84250023892565,-8.059042385391507,4.155315144800639,-2.1489844149847075,6 days 15:10:00,1 days 15:10:12,-3.901022783310056,-0.5480943503941605,-0.5136903298614192,0.9772169742392677,0.12284549335977854,23.007217557721713,0.9885429944775013,0.39321979691372827,-0.007461921798605207,None,None,-0.000028671366073087825,-0.17340442201003517,-0.5075859479199873,-0.21799102870341613,0.38075972511560996,-2.453747095718074,2 days 22:56:01.764705882,false
XMR-USD,false,50,66,103,26.47058823529412,0.5840960521444636,0.14049586776859505,0.0001,0.00004072398190045249,4.256198347107438,8.47107438016529,0.00042561983471074385,-0.8835475456756954,0,0,17424,726 days 01:00:00,1000.0,450.76076758498084,-54.92392324150192,34.915698157888286,100.0,145.9083289484502,60.838580877543066,635 days 19:00:00,102,1,20.104010570483922,20.719911688454648,-9.1928026688934,4.514896980531235,-2.61390005058481,8 days 14:06:40,2 days 04:16:00,-5.58179649985786,-0.6380100920626615,-0.5425332703062429,0.9730736103052895,-0.15510417052696465,27.032660660489476,0.9791187973645479,0.38337567481740237,-0.0074619217986052686,None,None,-0.00003358224013758689,-0.20310538835212552,-0.5492392324150196,-0.24161625798316222,0.3831246178709926,-2.5730438209523046,3 days 20:59:24.705882352,false
XMR-USD,false,52,63,103,26.47058823529412,0.5882556865145249,0.14049586776859505,0.0001,0.00004072398190045249,4.256198347107438,8.47107438016529,0.00042561983471074385,-0.8509703554844495,0,0,17424,726 days 01:00:00,1000.0,460.6526795759994,-53.93473204240006,34.915698157888286,100.0,146.4065533319509,60.000350476288624,635 days 19:00:00,102,1,22.367550658820505,20.401051514359683,-9.192802668893396,4.4937620444296345,-2.5854134903400405,8 days 14:13:20,2 days 04:16:00,-5.507008540027658,-0.6144177203065383,-0.5378611419291154,0.9740644962091017,-0.156157012431969,27.037993678463575,0.9797089096805097,0.383705233065989,-0.007461921798605278,None,None,-0.00003233818533197466,-0.19558134488778275,-0.539347320424,-0.23588068275253082,0.38309797590290834,-2.544712976911072,3 days 21:01:10.588235293,false
XMR-USD,false,53,63,103,26.47058823529412,0.5819844127461407,0.14049586776859505,0.0001,0.00004072398190045249,4.256198347107438,8.47107438016529,0.00042561983471074385,-0.8750970492385711,0,0,17424,726 days 01:00:00,1000.0,453.35405911314297,-54.6645940886857,34.915698157888286,100.0,145.93744131995348,60.524806483604664,635 days 19:00:00,102,1,20.219671834825647,20.56460447856405,-9.192802668893398,4.444290232436172,-2.5840627246747494,8 days 13:33:20,2 days 04:25:36,-5.5575060070753235,-0.6318527839153636,-0.5421491048657681,0.9733338296913132,-0.15463417470445773,27.040818965551487,0.9787759529884071,0.38337567481740237,-0.007461921798605239,None,None,-0.00003325520493795471,-0.20112747946475007,-0.5466459408868583,-0.24010471888627427,0.38309075336345544,-2.5656165270272755,3 days 20:57:38.823529411,false
XMR-USD,false,36,39,156,26.451612903225808,0.5593477090726865,0.21349862258953167,0.0001,0.00004069478908188586,6.446280991735537,12.851239669421489,0.0006446280991735538,-1.0659492426579662,0,0,17424,726 days 01:00:00,1000.0,403.0068885143643,-59.699311148563574,34.915698157888286,100.0,185.44575448320134,63.91344250994615,722 days 11:00:00,155,1,17.88576859763691,22.185214425160375,-8.222010603968494,3.6723287624777083,-2.0686063993463897,5 days 21:30:43.902439024,1 days 09:35:15.789473684,-3.9669605166662727,-0.763621249739407,-0.5738112432179043,0.9683212097958909,0.12728835087952314,23.24612986726493,0.991286914219592,0.3902186053933302,-0.007517332111407836,None,None,-0.00004008558512241668,-0.24243761882037607,-0.5969931114856338,-0.27052756654136756,0.3820921949394064,-2.709812900736057,2 days 14:08:07.741935482,false
XMR-USD,false,38,59,122,26.446280991735538,0.6503249397169615,0.16666666666666666,0.0001,0.0000406865861411316,5.041322314049587,10.041322314049587,0.0005041322314049588,-0.6034621127296637,0,0,17424,726 days 01:00:00,1000.0,540.096984747724,-45.99030152522759,34.915698157888286,100.0,176.8158691790592,51.56307492364831,635 days 19:00:00,121,1,25.440872350621248,19.030357656560145,-8.039372144347587,4.19500596478585,-2.1477686201458117,7 days 07:18:45,1 days 21:10:06.741573033,-4.0111065091148586,-0.43335897099864756,-0.5164938893919181,0.9817738530956844,-0.08541981077178687,26.13378838812046,0.9865668906209673,0.39299704212966663,-0.007468588115302508,None,None,-0.000023002968069066842,-0.13912195088171625,-0.4599030152522734,-0.19249673933350442,0.38636166552193985,-2.317181209359186,3 days 07:35:12.396694213,false
XMR-USD,false,43,52,122,26.446280991735538,0.6454062490804475,0.16666666666666666,0.0001,0.0000406865861411316,5.041322314049587,10.041322314049587,0.0005041322314049588,-0.5991575742929888,0,0,17424,726 days 01:00:00,1000.0,541.5488933932774,-45.84511066067227,34.915698157888286,100.0,174.6334318455647,50.91448647795103,635 days 19:00:00,121,1,25.509263442516612,18.666461141192787,-8.039372144347583,4.163934023695213,-2.1377688054461284,7 days 01:16:52.500000,1 days 23:21:34.382022471,-3.9996724797457794,-0.43012653611933904,-0.5211272513424442,0.9819067284072074,-0.0815164778794219,26.099715609464234,0.9875005002068803,0.39288569144684243,-0.007468588115302528,None,None,-0.000022839880557549046,-0.13813559761205663,-0.4584511066067256,-0.19174395584903003,0.3865053734187455,-2.3130228830986375,3 days 07:36:11.900826445,false
XMR-USD,false,44,51,122,26.446280991735538,0.6436686001846889,0.16666666666666666,0.0001,0.0000406865861411316,5.041322314049587,10.041322314049587,0.0005041322314049588,-0.6068857308746688,0,0,17424,726 days 01:00:00,1000.0,538.6943478887882,-46.13056521112118,34.915698157888286,100.0,174.70196369410493,51.17321996198042,635 days 19:00:00,121,1,25.374802170097837,18.666461141192787,-8.039372144347569,4.1532520991594,-2.139832749765597,7 days 03:54:22.500000,1 days 22:25:37.078651685,-4.022152514721564,-0.4356998080607325,-0.5223017651944096,0.981675506516842,-0.08153424656991641,26.0836567852967,0.9874676916010724,0.39288569144684243,-0.007477415365825884,None,None,-0.00002313937383415424,-0.13994693294896485,-0.46130565211120667,-0.19322523227034372,0.3865646868773686,-2.321198419190114,3 days 07:36:41.652892561,false
XMR-USD,false,22,74,141,26.42857142857143,0.6412055075032596,0.1928374655647383,0.0001,0.00004065934065934066,5.8264462809917354,11.611570247933885,0.0005826446280991736,-0.6194989455283819,0,0,17424,726 days 01:00:00,1000.0,541.1670078236891,-45.88329921763109,34.915698157888286,100.0,190.11731934391958,54.72006209480325,722 days 11:00:00,140,1,24.01742538518681,22.766516632900526,-7.007675914303727,3.868268776544348,-1.9411745245213183,6 days 13:12:58.378378378,1 days 13:24:27.961165048,-3.448931554010697,-0.4417432669824989,-0.485360846820774,0.9816132115337426,0.1609557898756412,23.04730795656842,0.9935573998712061,0.39466944133183923,-0.00746829432447541,None,None,-0.000023180199290922776,-0.14019384531150095,-0.4588329921763131,-0.19194182748172595,0.3819488186031083,-2.3141166191249414,2 days 21:04:17.142857141,false
XMR-USD,false,28,57,141,26.42857142857143,0.6529980027129069,0.1928374655647383,0.0001,0.00004065934065934066,5.8264462809917354,11.611570247933885,0.0005826446280991736,-0.6814774139310289,0,0,17424,726 days 01:00:00,1000.0,519.832028621652,-48.01679713783481,34.915698157888286,100.0,192.03097560759616,55.55284864663918,635 days 19:00:00,140,1,23.070561914813652,22.166403311106546,-8.059042385391518,4.134980862777129,-2.068358529088838,6 days 12:48:38.918918918,1 days 13:21:33.203883495,-3.594560952094013,-0.48635998832128624,-0.5045482788571056,0.9797440449323652,0.15449342431271795,23.069550600409443,0.9908888075803886,0.3937769956806911,-0.007468294324475357,None,None,-0.000025504309101577994,-0.1542500614463437,-0.4801679713783469,-0.20314444257508857,0.381692536689694,-2.3752208797516676,2 days 20:55:42.857142856,false
XMR-USD,false,36,44,141,26.42857142857143,0.6792031373639243,0.1928374655647383,0.0001,0.00004065934065934066,5.8264462809917354,11.611570247933885,0.0005826446280991736,-0.5857721966854635,0,0,17424,726 days 01:00:00,1000.0,553.5089312856828,-44.64910687143172,34.915698157888286,100.0,198.53373304007357,53.19842119593968,635 days 19:00:00,140,1,24.56516983666438,22.16640331110654,-8.059042385391493,4.169031195758663,-2.019519742109289,6 days 09:55:08.108108108,1 days 14:30:17.475728155,-3.364687418221304,-0.41762089407332303,-0.48350454270500015,0.9825802719419433,0.16084996899337597,23.075888234053078,0.9919419732963483,0.39489273134806274,-0.007466933014796018,None,None,-0.000021900938007894536,-0.13245687307174617,-0.44649106871430844,-0.18559249637024844,0.3817143099883728,-2.278768841153601,2 days 21:00:25.714285713,false
XMR-USD,false,37,43,141,26.42857142857143,0.6836083828341877,0.1928374655647383,0.0001,0.00004065934065934066,5.8264462809917354,11.611570247933885,0.0005826446280991736,-0.5701508540763166,0,0,17424,726 days 01:00:00,1000.0,559.0630660629672,-44.09369339370328,34.915698157888286,100.0,199.13193304845225,53.08878735004116,635 days 19:00:00,140,1,24.81166678800139,23.03561238281169,-8.059042385391498,4.203391595200154,-2.0201978559724556,6 days 10:04:51.891891891,1 days 14:30:17.475728155,-3.3267757194645293,-0.4064301169909404,-0.4774625394901322,0.9830532280564063,0.16082196097870013,23.045038980431293,0.9924137429913046,0.39522780046440864,-0.007466933014795975,None,None,-0.00002132059715128494,-0.12894697157097132,-0.4409369339370287,-0.18276530382282297,0.381831212354102,-2.262861570011066,2 days 21:02:59.999999998,false
XMR-USD,false,38,42,141,26.42857142857143,0.6774934420471497,0.1928374655647383,0.0001,0.00004065934065934066,5.8264462809917354,11.611570247933885,0.0005826446280991736,-0.599477458752563,0,0,17424,726 days 01:00:00,1000.0,548.5063537938805,-45.14936462061195,34.915698157888286,100.0,197.96428815676202,53.4913192998792,635 days 19:00:00,140,1,24.343151439559733,23.035612382811674,-8.059042385391498,4.203391595200151,-2.0382570110614293,6 days 10:04:51.891891891,1 days 14:29:42.524271844,-3.398834268897704,-0.42741095225556963,-0.48718057064531545,0.982184030837075,0.16091513772776878,23.058809297581544,0.9921372536870671,0.3950044031702826,-0.007466933014796037,None,None,-0.000022418014694720583,-0.1355841528736701,-0.4514936462061191,-0.18815483101891828,0.3817767242065882,-2.293096429475566,2 days 21:02:34.285714284,false
XMR-USD,false,36,61,126,26.400000000000002,0.6230359124898246,0.1721763085399449,0.0001,0.000040615384615384615,5.206611570247934,10.37190082644628,0.0005206611570247934,-0.6835490597303661,0,0,17424,726 days 01:00:00,1000.0,512.079408449376,-48.7920591550624,34.915698157888286,100.0,175.83702857998682,53.199872486742564,635 days 19:00:00,125,1,24.121124967634046,18.666461141192787,-8.039372144347572,3.9855464036727866,-2.1144578300044845,7 days 02:12:43.636363636,1 days 19:34:33.913043478,-4.09633373214606,-0.49114784552351715,-0.5370447526934472,0.9793695681417597,-0.08625324034372533,26.153013806568897,0.9853498423213358,0.39266304347826086,-0.0074682943244753055,None,None,-0.000026064989488507596,-0.15764105642649395,-0.4879205915506264,-0.2072895027842877,0.386280918273885,-2.3974247037657794,3 days 05:00:28.799999998,false
XMR-USD,false,40,55,126,26.400000000000002,0.6331179251797185,0.1721763085399449,0.0001,0.000040615384615384615,5.206611570247934,10.37190082644628,0.0005206611570247934,-0.6655598353435992,0,0,17424,726 days 01:00:00,1000.0,518.351444971539,-48.1648555028461,34.915698157888286,100.0,176.83794673513242,52.810594327212826,635 days 19:00:00,125,1,24.416564647996893,18.666461141192794,-8.039372144347599,4.067801358189615,-2.1252752295984325,6 days 23:38:10.909090909,1 days 20:36:31.304347826,-4.048520957411657,-0.47802530396885484,-0.5327003044153875,0.9799245689770785,-0.08157369902981029,26.14059663406975,0.9863019507560623,0.393108410617205,-0.007477415365825848,None,None,-0.000025367567530643042,-0.1534230484253291,-0.4816485550284576,-0.20393292637553628,0.386265467180999,-2.3794613324082854,3 days 05:05:16.799999998,false
XMR-USD,false,20,78,145,26.38888888888889,0.6514833804575313,0.19834710743801653,0.0001,0.0000405982905982906,5.991735537190083,11.942148760330578,0.0005991735537190083,-0.5849205328263184,0,0,17424,726 days 01:00:00,1000.0,553.8654310217177,-44.613456897828236,34.915698157888286,100.0,196.54802255063427,53.42901608324805,722 days 11:00:00,144,1,24.580991580573823,22.76651663290051,-7.172505688054686,3.7856527682256393,-1.8720286941511226,6 days 10:28:25.263157894,1 days 11:54:54.339622641,-3.268858059436508,-0.4169420851385127,-0.4809677087963875,0.9826471100650157,0.16202972623409634,23.104557099801845,0.9939899381884858,0.39545126932009295,-0.007460189988399709,None,None,-0.000021864717357833267,-0.1322378105801756,-0.44613456897828696,-0.18541047430013047,0.38170344357453334,-2.2777478112019076,2 days 19:12:04.999999998,false
XMR-USD,false,42,63,111,26.36363636363636,0.647603337993718,0.15151515151515152,0.0001,0.00004055944055944056,4.586776859504132,9.132231404958677,0.0004586776859504132,-0.5675741260174553,0,0,17424,726 days 01:00:00,1000.0,555.0055982929076,-44.499440170709235,34.915698157888286,100.0,164.27040633373747,51.28328382958863,635 days 19:00:00,110,1,25.196182904067314,20.563418258195448,-8.039372144347585,4.392519866180247,-2.2346466897293427,8 days 05:47:35.172413793,1 days 23:40:44.444444444,-4.274459860101453,-0.40768324040496806,-0.4995931192335557,0.9828540635334048,-0.09673445984529913,26.27186954616269,0.987070597820269,0.3906624102154829,-0.007450925614534988,None,None,-0.00002154650879029394,-0.13031328516369775,-0.4449944017070946,-0.18482883934228123,0.3846909743345545,-2.274482325098682,3 days 15:15:16.363636362,false
XMR-USD,false,45,59,111,26.36363636363636,0.6362358952800924,0.15151515151515152,0.0001,0.00004055944055944056,4.586776859504132,9.132231404958677,0.0004586776859504132,-0.6163929809754073,0,0,17424,726 days 01:00:00,1000.0,537.3603448790641,-46.26396551209359,34.915698157888286,100.0,162.8948722086037,52.968717296362854,635 days 19:00:00,110,1,24.39512245752178,20.122572534850498,-8.980670771710077,4.3773182895131795,-2.268186247462144,8 days 03:49:39.310344827,2 days 00:27:24.444444444,-4.4275888870768965,-0.4428749235733857,-0.506320325746483,0.9813936527024475,-0.09526874178530322,26.2674289611024,0.986003016396986,0.39088441890166026,-0.007452411460490836,None,None,-0.000023403616278440903,-0.14154507125201057,-0.4626396551209404,-0.19391922852248222,0.3846447621068455,-2.3250190588453536,3 days 15:18:32.727272726,false
XMR-USD,false,33,57,130,26.356589147286826,0.6179344669294977,0.17768595041322313,0.0001,0.00004054859868813358,5.371900826446281,10.702479338842975,0.0005371900826446281,-0.794598064914032,0,0,17424,726 days 01:00:00,1000.0,481.46665388255155,-51.85333461174484,34.915698157888286,100.0,175.0796538204714,57.092506536962674,635 days 19:00:00,129,1,22.44285388214098,22.842500238925652,-8.721267796798303,4.215727070804081,-2.2200275867912773,6 days 18:47:38.823529411,1 days 19:09:28.421052631,-4.193613953485183,-0.5688361023711279,-0.5386051244763823,0.9763326237376669,0.11619974438247752,23.06103543451349,0.9838764707693932,0.39321979691372827,-0.007489941431631795,None,None,-0.000029869779640064935,-0.18065242726311273,-0.5185333461174444,-0.22406972933387126,0.38221067361859384,-2.4851008957995,3 days 02:41:23.720930231,false
XMR-USD,false,34,54,130,26.356589147286826,0.6611376857903776,0.17768595041322313,0.0001,0.00004054859868813358,5.371900826446281,10.702479338842975,0.0005371900826446281,-0.634814598854317,0,0,17424,726 days 01:00:00,1000.0,535.0445240440101,-46.495547595598985,34.915698157888286,100.0,181.2599603223705,55.34866255624756,635 days 19:00:00,129,1,24.9403068244236,22.842500238925663,-8.721267796798303,4.427933227903883,-2.179372949806734,6 days 19:15:52.941176470,1 days 18:59:22.105263157,-3.797641726979945,-0.4535092074525836,-0.4874166405305074,0.9810752773340323,0.13050264418179813,23.086550151108842,0.985856151781955,0.3940000000000001,-0.007477354898302026,None,None,-0.000023814650019310333,-0.1440310033167889,-0.46495547595598963,-0.1951266779057732,0.38222231539183843,-2.331651665258039,3 days 02:41:23.720930231,false
XMR-USD,false,35,53,130,26.356589147286826,0.6420420067689363,0.17768595041322313,0.0001,0.00004054859868813358,5.371900826446281,10.702479338842975,0.0005371900826446281,-0.7116383020324862,0,0,17424,726 days 01:00:00,1000.0,508.346189378652,-49.1653810621348,34.915698157888286,100.0,178.57170620632536,56.169942810844695,635 days 19:00:00,129,1,23.695803557251736,22.842500238925666,-8.721267796798314,4.342967515922975,-2.204437477785007,6 days 17:37:03.529411764,1 days 19:36:00,-3.994958249446505,-0.5088013151200896,-0.5133168673142948,0.9787948600606723,0.12673436658040058,23.034358991779783,0.9847594844364245,0.3937769956806911,-0.007489941431631835,None,None,-0.00002673589175534444,-0.16169867333632318,-0.49165381062135094,-0.2093001520016634,0.38247618019230595,-2.408116797201352,3 days 02:42:19.534883720,false
XMR-USD,false,42,48,130,26.356589147286826,0.6194699851400365,0.17768595041322313,0.0001,0.00004054859868813358,5.371900826446281,10.702479338842975,0.0005371900826446281,-0.7559363878900403,0,0,17424,726 days 01:00:00,1000.0,493.2686711045261,-50.67313288954739,34.915698157888286,100.0,175.1175684941189,55.1555465480709,635 days 19:00:00,129,1,25.200481236030953,22.540374606636266,-8.721267796798308,4.147776549487336,-2.175746944000411,6 days 20:12:21.176470588,1 days 18:36:37.894736842,-4.123502404120188,-0.5397903894615055,-0.5421409705029254,0.977486273101511,0.15528377371679603,23.11416753092354,0.9886461571573102,0.39177316293929715,-0.007489941431631881,None,None,-0.00002841852404608242,-0.17187523343070646,-0.5067313288954757,-0.21752021732626858,0.38320777748515644,-2.45129943157385,3 days 02:39:32.093023255,false
XMR-USD,false,43,47,130,26.356589147286826,0.6137249937730238,0.17768595041322313,0.0001,0.00004054859868813358,5.371900826446281,10.702479338842975,0.0005371900826446281,-0.7936717108850599,0,0,17424,726 days 01:00:00,1000.0,481.3051766781041,-51.869482332189584,34.915698157888286,100.0,174.4299393658452,56.243181746403714,635 days 19:00:00,129,1,24.589281225830973,22.540374606636274,-8.721267796798312,4.147776549487338,-2.2010912005853247,6 days 20:12:21.176470588,1 days 18:36:00,-4.211504686416488,-0.5670632320085884,-0.5469461828003368,0.9763651857674757,0.15151579389413536,23.145842428835,0.9877136391909553,0.3916620078268509,-0.007489941431631839,None,None,-0.000029839453917786662,-0.18046901729477374,-0.5186948233219018,-0.22416006396092591,0.3830163616241735,-2.485563373174912,3 days 02:39:04.186046510,false
XMR-USD,false,11,22,381,26.31578947368421,0.4490329473137135,0.5234159779614325,0.0001,0.00004048582995951417,15.743801652892563,31.446280991735538,0.0015743801652892562,-2.932659407166909,0,0,17424,726 days 01:00:00,1000.0,115.15880200719766,-88.48411979928024,34.915698157888286,100.0,307.93933785468363,88.99564381098992,725 days 03:00:00,380,1,4.80427017526452,19.696810065100625,-11.52063710364104,2.0750236691134334,-1.4876557318865093,2 days 07:08:24,0 days 14:02:08.571428571,-2.3411722846528136,-2.1480046016078016,-0.7445791680119764,0.912598315956134,-0.4405883974541827,36.733723453247386,1.008804217064366,0.36988993710691825,-0.007624566622412809,None,None,-0.0001120852972605004,-0.6778918778315064,-0.8848411979928029,-0.5277326154243056,0.3798143638275126,-3.5342216959018353,1 days 00:51:09.473684210,false
XMR-USD,false,33,76,115,26.31578947368421,0.6198173917635904,0.15702479338842976,0.0001,0.00004048582995951417,4.75206611570248,9.462809917355372,0.000475206611570248,-0.6739592104838332,0,0,17424,726 days 01:00:00,1000.0,517.9435085848672,-48.20564914151328,34.915698157888286,100.0,161.37161109093606,53.07967746692266,635 days 19:00:00,114,1,25.33696309123252,20.563418258195433,-8.039372144347578,4.313918125213866,-2.265120669227955,8 days 03:06:00,1 days 20:36:25.714285714,-4.450819776371623,-0.4844078998770327,-0.5305356080571911,0.9796628257051849,-0.09439814892249591,26.42793614867284,0.9848652835214298,0.3907734056987789,-0.007446826610916495,None,None,-0.000025556069170527396,-0.1545631063433497,-0.48205649141513807,-0.20415043095238927,0.38400845098895137,-2.380629679049464,3 days 12:12:37.894736841,false
XMR-USD,false,34,74,115,26.31578947368421,0.6301969740179978,0.15702479338842976,0.0001,0.00004048582995951417,4.75206611570248,9.462809917355372,0.000475206611570248,-0.6300721200848123,0,0,17424,726 days 01:00:00,1000.0,533.1940540609874,-46.68059459390126,34.915698157888286,100.0,163.74201428157764,51.717161809551605,635 days 19:00:00,114,1,26.082995238455226,20.563418258195433,-8.039372144347572,4.321955000525001,-2.2342565330439346,8 days 03:08:00,1 days 20:33:34.285714285,-4.3235872033111225,-0.45267672629278055,-0.5240993670412654,0.9809799212240711,-0.09323278653898331,26.412426695804538,0.9851866964631368,0.39088441890166026,-0.007445281664846129,None,None,-0.000023886369981607476,-0.144464765648762,-0.4668059459390155,-0.19609395221486192,0.38407844334133695,-2.3369514876320756,3 days 12:11:03.157894735,false
XMR-USD,false,35,41,153,26.31578947368421,0.6011306739042434,0.209366391184573,0.0001,0.00004048582995951417,6.322314049586777,12.603305785123966,0.0006322314049586777,-0.872022514058754,0,0,17424,726 days 01:00:00,1000.0,458.5450379776364,-54.14549620223635,34.915698157888286,100.0,193.48388719749855,59.560244858568,722 days 11:00:00,152,1,20.35059616746554,23.035612382811692,-8.22201060396849,3.7715449282628564,-1.9942731027393548,5 days 22:39:00,1 days 11:03:45,-3.6960891986172957,-0.6229889861161823,-0.5444540903378265,0.9740811035357059,0.14862718475540512,23.22791830367582,0.9941673002398929,0.39099544982837064,-0.007487835016430389,None,None,-0.00003268854097504087,-0.19770029581704718,-0.541454962022365,-0.23709595385549143,0.3819206248408357,-2.550749349401269,2 days 15:22:29.999999999,false
XMR-USD,false,35,52,134,26.31578947368421,0.6546534443970455,0.18319559228650137,0.0001,0.00004048582995951417,5.537190082644628,11.03305785123967,0.0005537190082644628,-0.6633514083951624,0,0,17424,726 days 01:00:00,1000.0,526.1377383144941,-47.38622616855059,34.915698157888286,100.0,184.57323330695323,56.30453764541742,635 days 19:00:00,133,1,24.525130219615903,22.842500238925677,-8.721267796798305,4.317258081763694,-2.136136500829241,6 days 16:37:42.857142857,1 days 16:59:23.265306122,-3.7472736233467856,-0.47342184763969414,-0.490040723388588,0.9802672213628669,0.15280888963777917,23.088466057211797,0.9886353561793808,0.39344262295081966,-0.007468294324475367,None,None,-0.000024818979020925173,-0.15010518511855545,-0.47386226168551004,-0.19980266327793617,0.38158699087237374,-2.3571610670441348,3 days 00:28:25.263157893,false
XMR-USD,false,36,40,153,26.31578947368421,0.6009518794394616,0.209366391184573,0.0001,0.00004048582995951417,6.322314049586777,12.603305785123966,0.0006322314049586777,-0.8684604845841094,0,0,17424,726 days 01:00:00,1000.0,459.6032776052093,-54.03967223947907,34.915698157888286,100.0,192.92276919528058,59.93207030252374,722 days 11:00:00,152,1,20.397561689989004,23.03561238281169,-8.222010603968483,3.779131270155066,-1.9947352932813078,5 days 22:40:30,1 days 11:03:45,-3.6894360795051364,-0.6204267816449744,-0.5397688812296418,0.9741871188326097,0.14866355909072004,23.224340014204376,0.99407254685532,0.391106498483155,-0.007487835016430389,None,None,-0.000032555341174728635,-0.1968947034247588,-0.5403967223947916,-0.23648531556993224,0.38193517633775753,-2.547718507449355,2 days 15:22:53.684210526,false
XMR-USD,false,37,39,153,26.31578947368421,0.6009518794394616,0.209366391184573,0.0001,0.00004048582995951417,6.322314049586777,12.603305785123966,0.0006322314049586777,-0.8684604845841094,0,0,17424,726 days 01:00:00,1000.0,459.6032776052093,-54.03967223947907,34.915698157888286,100.0,192.92276919528058,59.93207030252374,722 days 11:00:00,152,1,20.397561689989004,23.03561238281169,-8.222010603968483,3.779131270155066,-1.9947352932813078,5 days 22:40:30,1 days 11:03:45,-3.6894360795051364,-0.6204267816449744,-0.5397688812296418,0.9741871188326097,0.14866355909072004,23.224340014204376,0.99407254685532,0.391106498483155,-0.007487835016430389,None,None,-0.000032555341174728635,-0.1968947034247588,-0.5403967223947916,-0.23648531556993224,0.38193517633775753,-2.547718507449355,2 days 15:22:53.684210526,false
XMR-USD,false,37,51,134,26.31578947368421,0.6103491398784796,0.18319559228650137,0.0001,0.00004048582995951417,5.537190082644628,11.03305785123967,0.0005537190082644628,-0.8355006817201077,0,0,17424,726 days 01:00:00,1000.0,468.5401109302451,-53.1459889069755,34.915698157888286,100.0,180.28670925992367,58.38871854139748,635 days 19:00:00,133,1,21.840302257141843,22.842500238925652,-8.721267796798312,4.0437542942290134,-2.164333789776207,6 days 17:51:25.714285714,1 days 16:31:50.204081632,-4.160151814487945,-0.5984546925963695,-0.5427645428925769,0.9751203262001544,0.11166283830879328,23.01780450819895,0.9830481337302377,0.39344262295081966,-0.007517332111407952,None,None,-0.000031428629622331334,-0.1900803519558599,-0.5314598890697537,-0.23136471783603396,0.3822540650445351,-2.5221230481100534,3 days 00:27:31.127819547,false
XMR-USD,false,39,64,115,26.31578947368421,0.6174072892628554,0.15702479338842976,0.0001,0.00004048582995951417,4.75206611570248,9.462809917355372,0.000475206611570248,-0.6868733169845707,0,0,17424,726 days 01:00:00,1000.0,513.1282727412381,-48.68717272587619,34.915698157888286,100.0,161.97646271492368,54.38307672295196,635 days 19:00:00,114,1,25.101409501268677,20.982340608689913,-8.03937214434758,4.2837946175975254,-2.2675225851747287,7 days 18:42:00,1 days 23:40:00,-4.490992427719566,-0.4936773950745462,-0.5240085762416353,0.9792763572948627,-0.09581920465322429,26.3550989972124,0.9866814717890184,0.39044047239067986,-0.007458196364188684,None,None,-0.000026069319494866934,-0.1576672443049552,-0.4868717272587658,-0.20672632511429545,0.38436549817115784,-2.394420713162128,3 days 12:15:15.789473683,false
XMR-USD,false,43,54,115,26.31578947368421,0.6579827007991041,0.15702479338842976,0.0001,0.00004048582995951417,4.75206611570248,9.462809917355372,0.000475206611570248,-0.5477706748010545,0,0,17424,726 days 01:00:00,1000.0,561.4341459573408,-43.85658540426592,34.915698157888286,100.0,168.2019504483787,50.094938464718965,635 days 19:00:00,114,1,26.445943680378946,19.030357656560145,-8.039372144347578,4.394696522498503,-2.1993379075092556,7 days 15:16:00,2 days 01:10:42.857142857,-4.079050857219631,-0.39327628687379423,-0.5028233672857614,0.9834744164183664,-0.09117849107000074,26.05898720813618,0.985874109992384,0.39321979691372827,-0.007487835016430415,None,None,-0.000020831329150948723,-0.12598787870493788,-0.43856585404266024,-0.18156395020688376,0.38554685485269874,-2.256070699372731,3 days 12:27:53.684210525,false
XMR-USD,false,46,54,115,26.31578947368421,0.6249043773239261,0.15702479338842976,0.0001,0.00004048582995951417,4.75206611570248,9.462809917355372,0.000475206611570248,-0.6798858354591236,0,0,17424,726 days 01:00:00,1000.0,515.1915291320488,-48.48084708679512,34.915698157888286,100.0,164.36017426137644,54.640391583320735,635 days 19:00:00,114,1,25.20234068421678,19.593689177557675,-8.306554725998136,4.2915310006923235,-2.26729576647509,7 days 14:26:00,2 days 01:23:34.285714285,-4.473779048703226,-0.4886527529419672,-0.518898275305695,0.9795049785409458,-0.09397270820768386,26.276387413468523,0.9858965281562216,0.3916620078268509,-0.007468294324475286,None,None,-0.0000258220232470827,-0.15617159659835617,-0.4848084708679449,-0.2056206689326021,0.3846341690874796,-2.3885114617375094,3 days 12:24:12.631578946,false
XMR-USD,false,47,53,115,26.31578947368421,0.6155693809654552,0.15702479338842976,0.0001,0.00004048582995951417,4.75206611570248,9.462809917355372,0.000475206611570248,-0.7266103642652161,0,0,17424,726 days 01:00:00,1000.0,499.3860181875682,-50.06139818124318,34.915698157888286,100.0,163.56243662954515,55.93089312672802,635 days 19:00:00,114,1,24.429160519197353,19.59368917755768,-8.306554725998119,4.263022226416021,-2.294837329230182,7 days 14:24:00,2 days 01:24:17.142857142,-4.60564159940026,-0.52242519647013,-0.5268356073175862,0.9781004853063873,-0.09490647998105739,26.273046268986853,0.9856842066778706,0.3913286489939316,-0.007468294324475362,None,None,-0.000027608483985710833,-0.16697611114557911,-0.5006139818124313,-0.21416560898746462,0.384659434936054,-2.4337790971518385,3 days 12:24:12.631578946,false
XMR-USD,false,20,85,138,26.277372262773724,0.6312320224542813,0.1887052341597796,0.0001,0.00004042672655811342,5.702479338842975,11.363636363636363,0.0005702479338842975,-0.6388339228084976,0,0,17424,726 days 01:00:00,1000.0,534.1943904531597,-46.58056095468403,34.915698157888286,100.0,188.0877939976088,51.86851959728575,722 days 11:00:00,137,1,23.707975039886605,22.53913899546882,-7.007675914303721,3.770697194778858,-1.9207168151288412,6 days 16:00:00,1 days 14:46:55.841584158,-3.5730918582972757,-0.4552197358340884,-0.521245087481729,0.9810838652801335,0.17102471712492082,23.001915817166825,0.9910178857872207,0.39545126932009295,-0.007477354898302093,None,None,-0.00002390598899528484,-0.1445834214434827,-0.4658056095468408,-0.19557078651473858,0.38224655247779926,-2.3340864829351946,2 days 22:38:06.131386860,false
XMR-USD,false,21,81,138,26.277372262773724,0.625590855159745,0.1887052341597796,0.0001,0.00004042672655811342,5.702479338842975,11.363636363636363,0.0005702479338842975,-0.6540217249374174,0,0,17424,726 days 01:00:00,1000.0,529.136726625164,-47.0863273374836,34.915698157888286,100.0,187.06712727984217,52.92981964713379,722 days 11:00:00,137,1,23.483511867046957,22.539138995468807,-7.007675914303733,3.77121270931311,-1.9294118112574237,6 days 12:40:00,1 days 15:56:26.138613861,-3.6083706951962355,-0.4660479539757418,-0.5173703648194972,0.9806338812851442,0.17141808633504493,23.045587564263148,0.9923649029793487,0.3947810774033458,-0.007461921798605293,None,None,-0.000024463195276002236,-0.14795340502926152,-0.4708632733748389,-0.19822248873558712,0.3820678730519715,-2.3485718407966503,2 days 22:36:47.299270071,false
XMR-USD,false,29,57,138,26.277372262773724,0.6160435756607343,0.1887052341597796,0.0001,0.00004042672655811342,5.702479338842975,11.363636363636363,0.0005702479338842975,-0.7911735177013275,0,0,17424,726 days 01:00:00,1000.0,484.61798734638217,-51.538201265361785,34.915698157888286,100.0,181.24725694870588,59.03016417033251,635 days 19:00:00,137,1,25.1692615863559,22.166403311106553,-8.059042385391518,4.106332778086015,-2.134317667360834,6 days 14:53:20,1 days 14:52:16.633663366,-3.9456297389779094,-0.566216319989323,-0.5170715994117804,0.9764796800767774,0.11482109283385819,23.033771872543227,0.9875963424236572,0.39333120102350866,-0.0074669330147960405,None,None,-0.000029601392498189667,-0.17902922182905112,-0.5153820126536246,-0.22231073594466333,0.38052895018572525,-2.476075346748239,2 days 22:24:31.532846714,false
XMR-USD,false,30,56,138,26.277372262773724,0.6185747380423091,0.1887052341597796,0.0001,0.00004042672655811342,5.702479338842975,11.363636363636363,0.0005702479338842975,-0.8041864979894908,0,0,17424,726 days 01:00:00,1000.0,480.1174296595167,-51.98825703404834,34.915698157888286,100.0,182.8595130159984,58.69198573987088,635 days 19:00:00,137,1,24.93551930550194,22.842500238925652,-8.05904238539151,4.149243606375226,-2.1562418424007563,6 days 15:11:40,1 days 14:45:44.554455445,-3.9767743769779935,-0.5753641536759012,-0.5255903885592575,0.9760982837302541,0.11908635005514176,22.973502059101456,0.988009184080835,0.393108410617205,-0.007468294324475291,None,None,-0.0000301115622538281,-0.18211472851115235,-0.5198825703404792,-0.2248251299714792,0.38093285494067586,-2.488965129637626,2 days 22:24:31.532846714,false
XMR-USD,false,30,58,138,26.277372262773724,0.6492840046089017,0.1887052341597796,0.0001,0.00004042672655811342,5.702479338842975,11.363636363636363,0.0005702479338842975,-0.6617650449261747,0,0,17424,726 days 01:00:00,1000.0,526.6971164778479,-47.33028835221521,34.915698157888286,100.0,185.71006711388654,57.67532207983873,635 days 19:00:00,137,1,24.55120480294113,22.842500238925652,-8.059042385391498,4.247155539208544,-2.091760466835384,6 days 14:46:40,1 days 14:49:54.059405940,-3.633971447628415,-0.4719584118346308,-0.47772295283056204,0.9803223319441895,0.16185240752601476,23.10403116990544,0.9908913074513167,0.39299704212966663,-0.007466933014796072,None,None,-0.000024750416537513183,-0.14969051921887974,-0.47330288352214644,-0.19950748018493913,0.3817128019103534,-2.355558984906684,2 days 22:21:01.313868612,false
XMR-USD,false,31,55,138,26.277372262773724,0.6319399740268381,0.1887052341597796,0.0001,0.00004042672655811342,5.702479338842975,11.363636363636363,0.0005702479338842975,-0.7374805351149061,0,0,17424,726 days 01:00:00,1000.0,501.81646340644915,-49.81835365935508,34.915698157888286,100.0,184.4186823434138,58.19844143322553,635 days 19:00:00,137,1,26.062486671154772,22.842500238925673,-8.059042385391503,4.185730489249708,-2.1256929521760846,6 days 15:21:40,1 days 14:43:57.623762376,-3.8266133085014973,-0.5271689314138954,-0.5033471521833449,0.9780834120696332,0.12365296575644516,22.992926791659166,0.9894148662338532,0.39344262295081966,-0.007461921798605209,None,None,-0.000027581678686873468,-0.16681399269821073,-0.4981835365935515,-0.21284025842099763,0.38082796486222664,-2.4268182017749496,2 days 22:25:50.364963502,false
XMR-USD,false,12,21,374,26.273458445040216,0.43842949081356397,0.5137741046831956,0.0001,0.00004042070530006187,15.454545454545455,30.867768595041323,0.0015454545454545456,-2.978041267898198,0,0,17424,726 days 01:00:00,1000.0,112.00372462679661,-88.79962753732033,34.915698157888286,100.0,297.8801126155855,89.2971370072777,725 days 03:00:00,373,1,4.6726445948042254,19.69681006510061,-11.52063710364105,2.0622970225469035,-1.5059224994718128,2 days 07:58:09.795918367,0 days 14:26:24,-2.3932142626488155,-2.179385134423524,-0.747304700764491,0.9115248792885707,-0.42307984973315826,36.67976120883079,1.0094028431500877,0.369674579468637,-0.0076315217993825945,None,None,-0.00011368745319279689,-0.6875817169100356,-0.8879962753732039,-0.5322643673879692,0.37969641589452496,-3.5432579676846125,1 days 01:21:04.343163538,false
XMR-USD,false,52,67,100,26.262626262626267,0.581150385858221,0.13636363636363635,0.0001,0.00004040404040404041,4.132231404958678,8.223140495867769,0.0004132231404958678,-0.871176950177378,0,0,17424,726 days 01:00:00,1000.0,454.502421456241,-54.549757854375905,34.915698157888286,100.0,141.1764829187093,60.63408216096743,635 days 19:00:00,99,1,20.270888999993133,20.487090550277337,-8.593290028177911,4.6297475291558765,-2.651545076146206,8 days 21:02:18.461538461,2 days 05:42:44.383561643,-5.714833005492439,-0.628897126880876,-0.539761886739284,0.9734457651447508,-0.1528168210997072,27.025658741628707,0.977889800594674,0.38227828018403937,-0.007458196364188636,None,None,-0.0000331056758107788,-0.20022312730359018,-0.5454975785437584,-0.2394371817972738,0.3831605531505888,-2.562327569900011,3 days 23:33:19.999999998,false
XMR-USD,false,53,66,100,26.262626262626267,0.5778507876929405,0.13636363636363635,0.0001,0.00004040404040404041,4.132231404958678,8.223140495867769,0.0004132231404958678,-0.8853335612942492,0,0,17424,726 days 01:00:00,1000.0,450.2184944720623,-54.97815055279377,34.915698157888286,100.0,140.73389052416596,61.045970133341875,635 days 19:00:00,99,1,20.079825093001887,20.48709055027732,-8.593290028177897,4.606136135713858,-2.656774927437905,8 days 21:04:36.923076923,2 days 05:41:55.068493150,-5.75617505677716,-0.6391442046077811,-0.5413540467857175,0.9730207898580037,-0.15254709438727557,27.017464567116406,0.9778677178274081,0.3821686364718014,-0.00745819636418861,None,None,-0.00003364744250111507,-0.20349973224674392,-0.5497815055279395,-0.24193304736250765,0.3831873369176477,-2.5745969135196254,3 days 23:33:19.999999999,false
XMR-USD,false,54,65,100,26.262626262626267,0.5749950976075052,0.13636363636363635,0.0001,0.00004040404040404041,4.132231404958678,8.223140495867769,0.0004132231404958678,-0.9095190482507948,0,0,17424,726 days 01:00:00,1000.0,442.7325216240463,-55.72674783759537,34.915698157888286,100.0,140.7695438083657,61.65227060289193,635 days 19:00:00,99,1,19.74594936980361,20.487090550277323,-8.593290028177908,4.600977607504235,-2.6778072682499614,8 days 21:02:18.461538461,2 days 05:42:44.383561643,-5.828418462078354,-0.6568678389751436,-0.5451457721396122,0.9722815330401418,-0.15565273526032763,26.97559738525617,0.9775294715618446,0.3820590101522842,-0.00746018998839976,None,None,-0.00003459753505715749,-0.2092458920256885,-0.5572674783759595,-0.2463319487425748,0.3833761604576866,-2.5960370485963025,3 days 23:33:19.999999998,false
XMR-USD,false,55,64,100,26.262626262626267,0.5758283766659317,0.13636363636363635,0.0001,0.00004040404040404041,4.132231404958678,8.223140495867769,0.0004132231404958678,-0.9102829070547276,0,0,17424,726 days 01:00:00,1000.0,442.5153820086981,-55.74846179913019,34.915698157888286,100.0,140.89275728245045,61.671078372378155,635 days 19:00:00,99,1,19.736264904259713,20.487090550277323,-8.593290028177904,4.61247007164561,-2.682473112970921,8 days 21:06:55.384615384,2 days 05:41:05.753424657,-5.830513968642025,-0.6574199349721507,-0.5452449840813426,0.9722573999750578,-0.15563801629259688,26.977457688292475,0.9775052082373267,0.3820590101522842,-0.0074601899883996545,None,None,-0.00003462606978592588,-0.20941847006527972,-0.5574846179913012,-0.24646026636061114,0.3833701327415803,-2.596658945412933,3 days 23:33:19.999999998,false
XMR-USD,false,56,63,100,26.262626262626267,0.5740893896316087,0.13636363636363635,0.0001,0.00004040404040404041,4.132231404958678,8.223140495867769,0.0004132231404958678,-0.9198097061328183,0,0,17424,726 days 01:00:00,1000.0,439.71201310851166,-56.02879868914884,34.915698157888286,100.0,140.5695153293298,61.87410931704621,635 days 19:00:00,99,1,19.611234151684982,20.487090550277333,-8.593290028177906,4.612470071645612,-2.6908129613340286,8 days 21:06:55.384615384,2 days 05:41:55.068493150,-5.857567889324985,-0.6643172768416892,-0.5468776755012548,0.9719724943363842,-0.15542954514467927,26.974487403572954,0.9778253187416491,0.3819494012213498,-0.007458196364188517,None,None,-0.0000349901911330274,-0.21162067597254974,-0.5602879868914901,-0.24812060785713863,0.3833793457362904,-2.6046879095983537,3 days 23:33:56.363636362,false
XMR-USD,false,18,85,142,26.24113475177305,0.6045097088191952,0.19421487603305784,0.0001,0.000040370976541189304,5.867768595041323,11.694214876033058,0.0005867768595041323,-0.7255043201135017,0,0,17424,726 days 01:00:00,1000.0,503.65692446617743,-49.63430755338226,34.915698157888286,100.0,182.71116982512976,56.23226220600594,722 days 11:00:00,141,1,22.352697833050684,22.841261583819307,-7.172505688054696,3.698134825324737,-1.9324407891995472,6 days 11:11:21.081081081,1 days 13:51:55.384615384,-3.6786934281338475,-0.5182195005396555,-0.5186305835954469,0.978488161757143,0.1447609711656689,22.979871691799197,0.9909794999923406,0.39511609287429944,-0.007517332111407847,None,None,-0.00002725072081020884,-0.16481235946014308,-0.4963430755338267,-0.21183941912066806,0.3827561585534529,-2.421547045370155,2 days 20:39:08.936170211,false
XMR-USD,false,19,87,142,26.24113475177305,0.6266427968797289,0.19421487603305784,0.0001,0.000040370976541189304,5.867768595041323,11.694214876033058,0.0005867768595041323,-0.6532762248352052,0,0,17424,726 days 01:00:00,1000.0,529.0869062626396,-47.091309373736046,34.915698157888286,100.0,190.99016155234065,53.24131958454748,722 days 11:00:00,141,1,23.48130079944258,22.539138995468825,-7.00767591430373,3.70852995127781,-1.8872497077523662,6 days 12:04:51.891891891,1 days 13:24:13.846153846,-3.5063432236652687,-0.4655983742355034,-0.5144079365877865,0.9806491669021453,0.16934598832466638,23.000154457629378,0.9917861276294861,0.39466944133183923,-0.007492505718021498,None,None,-0.000024454149985708044,-0.14789869911356224,-0.4709130937373657,-0.1982486913842112,0.3822953897299482,-2.3487145283703,2 days 20:32:45.957446808,false
XMR-USD,false,19,88,142,26.24113475177305,0.6063401922089213,0.19421487603305784,0.0001,0.000040370976541189304,5.867768595041323,11.694214876033058,0.0005867768595041323,-0.739840313248664,0,0,17424,726 days 01:00:00,1000.0,499.7248549679125,-50.02751450320875,34.915698157888286,100.0,187.51896088872763,54.1676538652723,722 days 11:00:00,141,1,22.17818943838023,22.53913899546882,-7.0076759143037295,3.6584077687284937,-1.9244191667788013,6 days 13:53:30.810810810,1 days 12:43:50.769230769,-3.7053427976628885,-0.5277537463400296,-0.543540817818921,0.9780844622958471,0.16533292401906488,22.995254238233855,0.9893952381836238,0.3944462227912933,-0.0074899414316318665,None,None,-0.00002772496208077281,-0.16768057066451394,-0.5002751450320885,-0.21398058500589534,0.3823821231632159,-2.4328086546339427,2 days 20:31:29.361702126,false
XMR-USD,false,23,71,142,26.24113475177305,0.6395930876902122,0.19421487603305784,0.0001,0.000040370976541189304,5.867768595041323,11.694214876033058,0.0005867768595041323,-0.6420785960510772,0,0,17424,726 days 01:00:00,1000.0,533.7133809272785,-46.628661907272146,34.915698157888286,100.0,190.01353362407556,55.23438680619924,635 days 19:00:00,141,1,23.68662745174771,22.76651663290051,-7.00767591430374,3.9134355690603395,-1.9515339501417535,6 days 12:17:50.270270270,1 days 13:10:23.076923076,-3.4749875640033245,-0.45807077932312606,-0.4900796191951377,0.9809140317512074,0.15890380959377565,23.168357884416107,0.9924729537019507,0.39366552027513396,-0.0074601899883997335,None,None,-0.000024006521527409885,-0.145191442197775,-0.4662866190727306,-0.1958222696643418,0.3814649080906299,-2.3354641140617614,2 days 20:25:57.446808509,false
XMR-USD,false,26,64,142,26.24113475177305,0.6323124103178172,0.19421487603305784,0.0001,0.000040370976541189304,5.867768595041323,11.694214876033058,0.0005867768595041323,-0.7121628892483394,0,0,17424,726 days 01:00:00,1000.0,508.91124637897315,-49.10887536210268,34.915698157888286,100.0,188.2126754585705,58.95933385054954,635 days 19:00:00,141,1,22.585888849254502,22.766516632900547,-7.007675914303735,4.033234248284921,-2.0328974749455657,6 days 13:38:55.135135135,1 days 12:41:32.307692307,-3.6430825707112104,-0.5084628416033428,-0.4883573025233493,0.978832528545943,0.1516423285411156,23.06270344270055,0.9899669225330576,0.3937769956806911,-0.0074773548983020615,None,None,-0.00002669449002090736,-0.16144827564644773,-0.49108875362102355,-0.20899520398624905,0.38213811102665357,-2.4064984506405414,2 days 20:25:57.446808510,false
XMR-USD,false,28,56,142,26.24113475177305,0.6568602816460609,0.19421487603305784,0.0001,0.000040370976541189304,5.867768595041323,11.694214876033058,0.0005867768595041323,-0.6929736640883151,0,0,17424,726 days 01:00:00,1000.0,516.0629503671777,-48.39370496328223,34.915698157888286,100.0,194.64198447919082,54.475719935818844,635 days 19:00:00,141,1,22.903287202129604,22.16640331110654,-8.059042385391502,4.168676918623657,-2.0657532169611375,6 days 10:42:09.729729729,1 days 13:44:25.384615384,-3.5946123179783838,-0.4946407492805172,-0.5193489204759969,0.97939843756566,0.1539039477377339,23.101804889918874,0.9905392688684584,0.3937769956806911,-0.007461921798605281,None,None,-0.000025929901922688775,-0.15682404682842171,-0.483937049632819,-0.20515456077595773,0.38156534787743784,-2.3860156753689012,2 days 20:25:57.446808509,false
XMR-USD,false,33,48,142,26.24113475177305,0.6808919519108125,0.19421487603305784,0.0001,0.000040370976541189304,5.867768595041323,11.694214876033058,0.0005867768595041323,-0.56730059650632,0,0,17424,726 days 01:00:00,1000.0,559.6683843893346,-44.033161561066535,34.915698157888286,100.0,200.38967487835146,52.905299746957624,635 days 19:00:00,141,1,24.83853130030093,22.16640331110652,-8.059042385391493,4.1443140185157175,-1.9824956703370842,6 days 10:16:12.972972972,1 days 14:02:53.076923076,-3.299079056106148,-0.40417932477885915,-0.47835063120872623,0.9831350338983731,0.16837862930606273,22.993976761243957,0.9938992860943415,0.3947810774033458,-0.007466933014796052,None,None,-0.000021228855006243093,-0.12839211507775822,-0.4403316156106726,-0.1824582918100497,0.38230539006285824,-2.261127913351445,2 days 20:32:45.957446806,false
XMR-USD,false,17,89,146,26.20689655172414,0.594608274225866,0.19972451790633608,0.0001,0.00004031830238726791,6.033057851239669,12.024793388429753,0.000603305785123967,-0.7851885325203491,0,0,17424,726 days 01:00:00,1000.0,484.90133831488333,-51.509866168511664,34.915698157888286,100.0,186.60463610611848,56.425096382174175,722 days 11:00:00,145,1,23.026552925404076,22.84126158381932,-5.570763989160796,3.5857211096502417,-1.9116962047584076,6 days 08:48:56.842105263,1 days 12:16:49.345794392,-3.7112083766242776,-0.561008810504047,-0.5405821931432948,0.9767109772592679,0.14611218112759589,23.098769607394555,0.990595983028594,0.39388848892088635,-0.0074995937357012574,None,None,-0.000029461111062485124,-0.17818079970591003,-0.5150986616851162,-0.22215294306798616,0.38224110143232143,-2.4752638178845743,2 days 18:49:14.482758620,false
XMR-USD,false,33,67,127,26.190476190476193,0.6358496555251444,0.17355371900826447,0.0001,0.000040293040293040296,5.247933884297521,10.454545454545455,0.0005247933884297522,-0.6650001320265815,0,0,17424,726 days 01:00:00,1000.0,519.0365191984047,-48.09634808015954,34.915698157888286,100.0,177.91390325696577,53.31554802262575,635 days 19:00:00,126,1,24.448834567008817,19.702048652753,-8.039372144347585,4.154975342742113,-2.1262362663558747,7 days 04:36:21.818181818,1 days 18:18:03.870967741,-4.011208852131781,-0.47757083895779345,-0.5267597500780397,0.9799631221425668,-0.07487431717712976,26.130638847421025,0.9845451818720401,0.39333120102350866,-0.00748783501643039,None,None,-0.000025317410209770704,-0.1531196969486932,-0.4809634808016029,-0.20356790803279567,0.38586858486874875,-2.377499251559242,3 days 04:25:42.857142856,false
XMR-USD,false,40,54,127,26.190476190476193,0.6162558475142617,0.17355371900826447,0.0001,0.000040293040293040296,5.247933884297521,10.454545454545455,0.0005247933884297522,-0.7366808553501301,0,0,17424,726 days 01:00:00,1000.0,494.7113137384407,-50.52886862615593,34.915698157888286,100.0,174.1547081659501,54.968730972094505,635 days 19:00:00,126,1,23.303013604318892,18.52799229898379,-8.721267796798312,4.04062655443964,-2.1432133476461814,6 days 21:00:00,1 days 21:07:05.806451612,-4.195172221157767,-0.5295018343340552,-0.5421098638225587,0.9777861230799962,-0.08524606461285213,26.21222164234449,0.9837470220217549,0.39355406269993604,-0.00747741536582588,None,None,-0.000028070989937109093,-0.1697733471396358,-0.5052886862615634,-0.21672666938868734,0.3858763873169427,-2.4471676435529117,3 days 04:30:57.142857141,false
XMR-USD,false,42,52,127,26.190476190476193,0.6201472874948818,0.17355371900826447,0.0001,0.000040293040293040296,5.247933884297521,10.454545454545455,0.0005247933884297522,-0.72507979033319,0,0,17424,726 days 01:00:00,1000.0,498.3530904041819,-50.16469095958181,34.915698157888286,100.0,175.23538257170566,54.63723698717785,635 days 19:00:00,126,1,23.474556823220325,18.52799229898379,-8.039372144347578,4.0545503880442375,-2.140795999807176,6 days 21:07:16.363636363,1 days 21:04:30.967741935,-4.167630685865372,-0.5212329183224441,-0.5406526543927324,0.9781271899453837,-0.08724931325523425,26.18186973338105,0.9836915055322338,0.39366552027513396,-0.0074878350164304264,None,None,-0.00002764181676824688,-0.16717770781435712,-0.50164690959582,-0.21473015207742885,0.3860047886970402,-2.4367374449377412,3 days 04:30:57.142857142,false
XMR-USD,false,43,51,127,26.190476190476193,0.618691394045689,0.17355371900826447,0.0001,0.000040293040293040296,5.247933884297521,10.454545454545455,0.0005247933884297522,-0.7193640362013425,0,0,17424,726 days 01:00:00,1000.0,500.208650115676,-49.9791349884324,34.915698157888286,100.0,175.21414684970674,54.37849391702454,635 days 19:00:00,126,1,23.561961602532506,18.527992298983794,-8.039372144347592,4.026094097772315,-2.127053108184225,6 days 23:20:00,1 days 20:14:11.612903225,-4.153597710213143,-0.5170561217693028,-0.5408020076603289,0.9782968600495698,-0.08654445251051049,26.166263510080135,0.9840644162482775,0.39333120102350866,-0.00748783501643031,None,None,-0.000027424663400148255,-0.16586436424409665,-0.4997913498843267,-0.2137165475012961,0.38606600882019365,-2.431423045371382,3 days 04:28:34.285714284,false
XMR-USD,false,46,47,127,26.190476190476193,0.6123373769526962,0.17355371900826447,0.0001,0.000040293040293040296,5.247933884297521,10.454545454545455,0.0005247933884297522,-0.7585058561859911,0,0,17424,726 days 01:00:00,1000.0,487.1823704660021,-51.28176295339979,34.915698157888286,100.0,171.40427466545367,55.55138493413907,635 days 19:00:00,126,1,22.948368253320155,17.960370026893163,-8.721267796798312,4.100797002806343,-2.1798675343685905,6 days 20:01:49.090909090,1 days 21:27:05.806451612,-4.252111093550147,-0.5455121754205906,-0.5461293287238955,0.9771177179875326,-0.08961765922742422,26.162230956620025,0.9828759813123936,0.39355406269993604,-0.0074925057180215155,None,None,-0.000028936559202493564,-0.17500831005668108,-0.5128176295339979,-0.22088486642013916,0.3861005184605632,-2.468730847697915,3 days 04:30:28.571428569,false
XMR-USD,false,30,50,150,26.174496644295303,0.6351300999778472,0.20523415977961432,0.0001,0.00004026845637583893,6.198347107438017,12.355371900826446,0.0006198347107438017,-0.790345079931773,0,0,17424,726 days 01:00:00,1000.0,484.198693533099,-51.5801306466901,34.915698157888286,100.0,197.26829693953994,56.86471169951993,722 days 11:00:00,149,1,21.489125954487122,22.166403311106546,-8.22201060396849,4.0392125974161806,-2.038491041308723,6 days 05:01:32.307692307,1 days 10:51:49.090909090,-3.6059760565193875,-0.5641804285407331,-0.5372936369433243,0.9765190785931157,0.16123728571297366,23.13258405843494,0.9924168250903578,0.39277435856446324,-0.007487835016430372,None,None,-0.000029582065849400045,-0.17891233425717148,-0.5158013064668976,-0.2225443434181169,0.38165277758031113,-2.4772762215277924,2 days 16:44:41.879194629,false
XMR-USD,false,43,62,108,26.168224299065418,0.6562808180904685,0.14738292011019283,0.0001,0.0000402588066139468,4.462809917355372,8.884297520661157,0.00044628099173553724,-0.5515771953520483,0,0,17424,726 days 01:00:00,1000.0,560.970015473518,-43.902998452648205,34.915698157888286,100.0,161.7850795616721,50.87757184113356,635 days 19:00:00,107,1,25.466955931692837,20.563418258195437,-8.980670771710072,4.58455158486211,-2.2879445357308086,8 days 12:53:34.285714285,2 days 00:53:55.443037974,-4.341092901478271,-0.3961048648886382,-0.4956998222042477,0.9833385186727442,-0.09435375022963444,26.25982375079895,0.9869537338149241,0.3907734056987789,-0.0074468266109164565,None,None,-0.000020933939409066433,-0.12660846554603378,-0.4390299845264799,-0.1817988497981583,0.38467922355370104,-2.257399988226484,3 days 17:43:10.654205606,false
XMR-USD,false,43,66,108,26.168224299065418,0.6160037619584703,0.14738292011019283,0.0001,0.0000402588066139468,4.462809917355372,8.884297520661157,0.00044628099173553724,-0.7312007424755325,0,0,17424,726 days 01:00:00,1000.0,498.9713945409895,-50.10286054590105,34.915698157888286,100.0,153.49642586179908,55.86455027805671,635 days 19:00:00,107,1,22.652338209599975,20.31978993118437,-9.1928026688934,4.597521663352485,-2.4391396110079033,8 days 11:45:00,2 days 00:44:48.607594936,-4.8942144268094365,-0.526023482899858,-0.527988366127528,0.9778742147551273,-0.095750977079427,26.391187396903934,0.9847068747020388,0.38745123019348676,-0.00744682661091658,None,None,-0.000027722816205836747,-0.16766759241290063,-0.5010286054590126,-0.2143921284208652,0.38361020993243505,-2.434966596381279,3 days 17:18:30.280373830,false
XMR-USD,false,32,66,131,26.153846153846157,0.6013161925044566,0.1790633608815427,0.0001,0.000040236686390532545,5.413223140495868,10.78512396694215,0.0005413223140495868,-0.7914779064590733,0,0,17424,726 days 01:00:00,1000.0,477.30896501082896,-52.269103498917104,34.915698157888286,100.0,177.75621090825322,56.069518763722115,635 days 19:00:00,130,1,24.385119755549738,18.666461141192794,-7.780175558306748,3.862294488300358,-2.1027816233798164,6 days 18:51:10.588235294,1 days 18:35:37.500000,-4.2082781134209295,-0.5690546987029603,-0.5538052998325265,0.9761544956755265,-0.08909192416837255,26.27639709064848,0.9865031264145941,0.39177316293929715,-0.007468588115302579,None,None,-0.000030144716287252515,-0.1823152441053032,-0.5226910349891709,-0.22640198364375408,0.3855805614913709,-2.497008688256983,3 days 02:02:46.153846153,false
XMR-USD,false,35,55,131,26.153846153846157,0.6193135807530304,0.1790633608815427,0.0001,0.000040236686390532545,5.413223140495868,10.78512396694215,0.0005413223140495868,-0.790423025816335,0,0,17424,726 days 01:00:00,1000.0,482.6461045656133,-51.73538954343867,34.915698157888286,100.0,177.23526448517606,56.71505101233777,635 days 19:00:00,130,1,22.49783222618146,22.540374606636277,-8.721267796798307,4.177285309,-2.182228812799963,6 days 19:24:42.352941176,1 days 18:29:22.500000,-4.1527055973889855,-0.5658796054410321,-0.540686905534977,0.9764495959733829,0.11525191377668005,23.04127479776714,0.9849905505353969,0.39299704212966663,-0.007489941431631955,None,None,-0.000029722699530842605,-0.17976288676253607,-0.5173538954343775,-0.22341051251619481,0.3823157180917683,-2.4817229003840042,3 days 02:06:55.384615384,false
XMR-USD,false,36,54,131,26.153846153846157,0.6224823262552593,0.1790633608815427,0.0001,0.000040236686390532545,5.413223140495868,10.78512396694215,0.0005413223140495868,-0.7802366979373857,0,0,17424,726 days 01:00:00,1000.0,485.6951955986643,-51.430480440133564,34.915698157888286,100.0,177.003234507435,56.361190967965,635 days 19:00:00,130,1,22.639961081786055,22.540374606636274,-8.721267796798307,4.226285136649728,-2.1923900648021926,6 days 19:28:14.117647058,1 days 18:30:37.500000,-4.130344349870166,-0.5584707470204067,-0.5401806786658834,0.9767618227768279,0.11652505155365461,22.9958498561699,0.9857010706972978,0.393108410617205,-0.007492505718021418,None,None,-0.000029348799342673037,-0.17750153842448652,-0.5143048044013399,-0.22171117909564597,0.3825144570262599,-2.472990177872591,3 days 02:08:46.153846152,false
XMR-USD,false,31,45,154,26.143790849673206,0.5725622258708543,0.21074380165289255,0.0001,0.00004022121669180493,6.363636363636364,12.685950413223141,0.0006363636363636364,-1.015590450933412,0,0,17424,726 days 01:00:00,1000.0,416.4556779590814,-58.35443220409186,34.915698157888286,100.0,183.6780449441596,63.2494588441932,722 days 11:00:00,153,1,18.482636648238383,22.18521442516036,-8.222010603968478,3.8594362846740076,-2.087730853642726,5 days 22:24:00,1 days 10:47:15.398230088,-3.9348167234585443,-0.7271098621587516,-0.5631753627129049,0.9697937354446524,0.1297179914435565,23.219552470277197,0.9912037361453944,0.3903295300406926,-0.007517332111407948,None,None,-0.00003818915710662837,-0.23096802218088838,-0.5835443220409215,-0.26216870000364056,0.3822944402069584,-2.671295012925531,2 days 14:55:17.647058822,false
XMR-USD,false,34,42,154,26.143790849673206,0.5870413858647646,0.21074380165289255,0.0001,0.00004022121669180493,6.363636363636364,12.685950413223141,0.0006363636363636364,-0.938967567584366,0,0,17424,726 days 01:00:00,1000.0,438.8977579204875,-56.110224207951255,34.915698157888286,100.0,190.86458555345635,61.26086975388429,722 days 11:00:00,153,1,19.478634137311303,23.035612382811678,-8.222010603968481,3.7715449282628564,-2.0143046401568205,5 days 22:39:00,1 days 10:44:36.106194690,-3.7946462497831632,-0.6712696736644157,-0.5533579773157349,0.9721050486427979,0.14552327247529945,23.251463827497876,0.9929528897595242,0.3907734056987789,-0.007487835016430324,None,None,-0.000035209735748636225,-0.2129484818077519,-0.5611022420795084,-0.24860415866498153,0.38178923848576374,-2.6070199700496213,2 days 14:57:15.294117646,false
XMR-USD,false,39,67,112,26.126126126126124,0.635708219852608,0.15289256198347106,0.0001,0.000040194040194040196,4.62809917355372,9.214876033057852,0.00046280991735537196,-0.6028577387403905,0,0,17424,726 days 01:00:00,1000.0,542.1106651258871,-45.78893348741129,34.915698157888286,100.0,163.21166517924854,52.247228146329775,635 days 19:00:00,111,1,26.519181505307984,20.563418258195448,-8.039372144347572,4.3821252832169675,-2.2366077661497283,8 days 05:43:26.896551724,1 days 23:08:02.926829268,-4.364040688102892,-0.43312499021771317,-0.5071010309762957,0.9817971852016689,-0.09667813631906759,26.26094278663248,0.9862088555600111,0.3907734056987789,-0.007452411460490859,None,None,-0.000022893265909248267,-0.13845847221913352,-0.4578893348741119,-0.19145304283290399,0.38472681298328576,-2.311413945680089,3 days 14:28:38.918918918,false
XMR-USD,false,39,72,112,26.126126126126124,0.5911133292794863,0.15289256198347106,0.0001,0.000040194040194040196,4.62809917355372,9.214876033057852,0.00046280991735537196,-0.8443942611615677,0,0,17424,726 days 01:00:00,1000.0,462.8235779794795,-53.717642202052055,34.915698157888286,100.0,155.31165367421193,58.81815087093314,635 days 19:00:00,111,1,21.0112971093518,20.75514806614526,-9.192802668893403,4.375339145002545,-2.41906459888389,8 days 07:47:35.172413793,1 days 21:45:21.951219512,-5.0287181903592115,-0.607906213258431,-0.5459468594852256,0.974471637510941,-0.09503668658666126,26.37940874222395,0.9845073907293858,0.38623707239459026,-0.0074581963641886075,None,None,-0.00003203834306737738,-0.19376789887149837,-0.5371764220205173,-0.23463272714175498,0.38361131586387764,-2.538495434321309,3 days 13:59:59.999999999,false
XMR-USD,false,21,83,135,26.119402985074625,0.6390942632902841,0.18457300275482094,0.0001,0.00004018369690011481,5.578512396694215,11.115702479338843,0.0005578512396694215,-0.5944460769446593,0,0,17424,726 days 01:00:00,1000.0,550.0299237564592,-44.99700762435408,34.915698157888286,100.0,186.90997685852534,51.08421150109797,722 days 11:00:00,134,1,24.410768695169054,22.539138995468814,-7.007675914303717,3.833945368962931,-1.914409940330468,6 days 15:34:17.142857142,1 days 17:16:58.181818181,-3.5401555592441003,-0.42346215499491136,-0.5081169204452287,0.9823950148301714,0.17244334289297267,23.01131700024793,0.989552719856257,0.3957866068567767,-0.007477354898302201,None,None,-0.000022234107842382195,-0.1344718842307275,-0.44997007624354357,-0.18737284397787513,0.38217568161455945,-2.2887328622466105,3 days 00:10:44.776119401,false
XMR-USD,false,26,68,135,26.119402985074625,0.6488439886691815,0.18457300275482094,0.0001,0.00004018369690011481,5.578512396694215,11.115702479338843,0.0005578512396694215,-0.6015736289997327,0,0,17424,726 days 01:00:00,1000.0,547.6261436841384,-45.237385631586164,34.915698157888286,100.0,181.82091787920368,56.52238078195786,635 days 19:00:00,134,1,28.441671629620487,22.766516632900533,-7.667891305518003,4.2330089646636875,-2.05827292188523,6 days 15:25:42.857142857,1 days 17:01:49.090909090,-3.588175581682701,-0.42916452989748766,-0.4621108605542498,0.982100574694685,0.15087642811284252,23.138273104392816,0.9914824297781489,0.39344262295081966,-0.007458196364188632,None,None,-0.00002250988495535003,-0.13613978420995698,-0.45237385631585414,-0.18860725389351363,0.3817749237058843,-2.295617387543659,2 days 23:57:18.805970147,false
XMR-USD,false,31,57,135,26.119402985074625,0.6589366369258345,0.18457300275482094,0.0001,0.00004018369690011481,5.578512396694215,11.115702479338843,0.0005578512396694215,-0.6212175294352098,0,0,17424,726 days 01:00:00,1000.0,541.0402109084051,-45.89597890915948,34.915698157888286,100.0,184.15315070121582,56.690446279029146,635 days 19:00:00,134,1,25.219786873842622,22.84250023892567,-8.059042385391496,4.364638447455127,-2.1048073491384005,6 days 15:00:00,1 days 17:05:27.272727272,-3.61328041765252,-0.44291557111019936,-0.4686438112230401,0.9815128159212658,0.16242254139490775,23.141738740974663,0.9900963121760192,0.393108410617205,-0.00746192179860525,None,None,-0.0000232181400453888,-0.14042331099451147,-0.4589597890915914,-0.19200754667457032,0.38156138994726513,-2.3144797707214253,2 days 23:53:17.014925372,false
XMR-USD,false,32,55,135,26.119402985074625,0.6584016566815563,0.18457300275482094,0.0001,0.00004018369690011481,5.578512396694215,11.115702479338843,0.0005578512396694215,-0.6109777991677058,0,0,17424,726 days 01:00:00,1000.0,544.5297303552277,-45.54702696447723,34.915698157888286,100.0,183.63678542144362,56.93130020655389,635 days 19:00:00,134,1,25.382445646641145,22.842500238925663,-8.059042385391507,4.343423516544368,-2.092487399729544,6 days 15:01:42.857142857,1 days 17:07:16.363636363,-3.5884530991896515,-0.4356363107692623,-0.46248565785564555,0.9818194833362709,0.16159758765514975,23.1161031173899,0.9904021704237814,0.39333120102350866,-0.007466933014796085,None,None,-0.000022842700170871483,-0.13815265063343074,-0.4554702696447738,-0.19020257563308052,0.3816641006827959,-2.3044856430627347,2 days 23:55:04.477611938,false
XMR-USD,false,33,54,135,26.119402985074625,0.647604446671193,0.18457300275482094,0.0001,0.00004018369690011481,5.578512396694215,11.115702479338843,0.0005578512396694215,-0.6517943004205098,0,0,17424,726 days 01:00:00,1000.0,530.3005298982413,-46.96994701017587,34.915698157888286,100.0,182.53894547278801,56.96279295506251,635 days 19:00:00,134,1,24.71917257437184,22.84250023892567,-8.059042385391516,4.283004667328431,-2.0974988970732884,6 days 14:58:17.142857142,1 days 17:05:27.272727272,-3.689691363254707,-0.4648968748697058,-0.4793316889473123,0.9806055387786808,0.16074702101218535,23.142750396774428,0.9897831287652149,0.39288569144684243,-0.007466933014796023,None,None,-0.000024369531182910584,-0.1473869245942432,-0.4696994701017615,-0.1976108528364794,0.3815473942610644,-2.3452386602088966,2 days 23:52:50.149253730,false
XMR-USD,false,33,42,158,26.11464968152866,0.5578609914492207,0.2162534435261708,0.0001,0.00004017638412542871,6.528925619834711,13.016528925619834,0.0006528925619834711,-1.0905639286353261,0,0,17424,726 days 01:00:00,1000.0,396.3986947800988,-60.360130521990115,34.915698157888286,100.0,187.20780876953825,64.10058225843447,722 days 11:00:00,157,1,17.5924916652869,22.18521442516037,-8.222010603968492,3.6979581656135476,-2.0542114849739415,5 days 19:08:46.829268292,1 days 09:52:45.517241379,-3.9566483878037415,-0.7811164224491591,-0.5803131605467177,0.9676141708241525,0.1298451655173533,23.206489250691995,0.9929526761157831,0.3898859376246311,-0.007520747578736268,None,None,-0.00004102315582706986,-0.2481080464421185,-0.6036013052198981,-0.2747016186446295,0.3822709029445154,-2.728739040217454,2 days 13:22:09.936305731,false
XMR-USD,false,30,57,139,26.08695652173913,0.6142131415442085,0.19008264462809918,0.0001,0.000040133779264214046,5.743801652892562,11.446280991735538,0.0005743801652892562,-0.802306310349373,0,0,17424,726 days 01:00:00,1000.0,481.0509367922858,-51.89490632077142,34.915698157888286,100.0,183.22606911425504,58.92963228283321,635 days 19:00:00,138,1,24.98400220508654,22.842500238925666,-8.059042385391498,4.096833317987059,-2.116103740502783,6 days 15:11:40,1 days 14:22:56.470588235,-3.9415439522666684,-0.5739060354947025,-0.5223243601928017,0.9761671402552385,0.12029024666699689,23.01586318814255,0.9894767044386115,0.39277435856446324,-0.007466933014796028,None,None,-0.000030015726777073107,-0.18153511554773816,-0.5189490632077067,-0.22430233260276444,0.3806852199986122,-2.486291526696771,2 days 21:53:54.782608694,false
XMR-USD,false,38,65,116,26.08695652173913,0.6229084928289933,0.1584022038567493,0.0001,0.000040133779264214046,4.793388429752066,9.545454545454545,0.0004793388429752066,-0.647062336112074,0,0,17424,726 days 01:00:00,1000.0,526.6641694728421,-47.33358305271579,34.915698157888286,100.0,164.37286511875718,53.28491805108011,635 days 19:00:00,115,1,25.76356379070552,20.352261490647464,-8.039372144347572,4.256106542943789,-2.2034797563687603,7 days 18:44:00,1 days 23:08:28.235294117,-4.339994733198819,-0.4648294065073748,-0.5171276319127965,0.9804808508511579,-0.09328626788573208,26.295999369970836,0.9868866056954275,0.39099544982837064,-0.007458196364188575,None,None,-0.000024560635078130996,-0.14854272095253626,-0.4733358305271602,-0.19952486060001662,0.3845952726666403,-2.3556533464882756,3 days 11:33:23.478260868,false
XMR-USD,false,44,53,116,26.08695652173913,0.6522846970234586,0.1584022038567493,0.0001,0.000040133779264214046,4.793388429752066,9.545454545454545,0.0004793388429752066,-0.5647900532593633,0,0,17424,726 days 01:00:00,1000.0,555.1210347212041,-44.48789652787959,34.915698157888286,100.0,168.8313871010211,50.76279171153898,635 days 19:00:00,115,1,26.14856920573925,19.03035765656014,-8.039372144347574,4.376486415297228,-2.180398523985512,7 days 15:18:00,2 days 00:35:17.647058823,-4.0958916042133495,-0.40553270302512384,-0.5045624556526471,0.9829632167149709,-0.09110686203182967,26.059859664005753,0.9859618842461337,0.393108410617205,-0.0074878350164303735,None,None,-0.000021480413087622032,-0.12991353835393804,-0.4448789652788052,-0.18476999511921632,0.3855446587782606,-2.2741517104056164,3 days 11:43:49.565217390,false
XMR-USD,false,18,84,143,26.056338028169012,0.6047225159018395,0.19559228650137742,0.0001,0.00004008667388949079,5.909090909090909,11.776859504132231,0.0005909090909090909,-0.7591334761022885,0,0,17424,726 days 01:00:00,1000.0,492.3621093033939,-50.76378906966062,34.915698157888286,100.0,184.0410572250405,56.3919665932424,722 days 11:00:00,142,1,21.851424886825612,22.84126158381932,-7.172505688054684,3.7674812575461654,-1.9582272135104934,6 days 11:09:43.783783783,1 days 13:34:51.428571428,-3.728797997066427,-0.5426506807422677,-0.5314033088747334,0.9774864497838601,0.13796778723037262,22.92443395721188,0.9887605751658278,0.3958984218537211,-0.0075207475787362294,None,None,-0.000028544408141014054,-0.172636580436853,-0.5076378906966093,-0.21801966127865824,0.3828764324646679,-2.4538958619732445,2 days 20:13:05.915492956,false
XMR-USD,false,19,86,143,26.056338028169012,0.6267555463409568,0.19559228650137742,0.0001,0.00004008667388949079,5.909090909090909,11.776859504132231,0.0005909090909090909,-0.6671490092143306,0,0,17424,726 days 01:00:00,1000.0,524.0938938266671,-47.59061061733329,34.915698157888286,100.0,193.45614715591935,52.43964573094906,722 days 11:00:00,142,1,23.259706907178952,22.5391389954688,-7.0076759143037295,3.7169071636823072,-1.8824551754573708,6 days 10:00:00,1 days 13:49:08.571428571,-3.515252204792339,-0.47568141093220123,-0.528856731358478,0.9802350937163681,0.16598856367929093,22.979636689372715,0.991961344837467,0.3947810774033458,-0.007508325370423814,None,None,-0.00002499105863552085,-0.1511459226276301,-0.47590610617332896,-0.2008829426349319,0.3824075144825058,-2.3630147219777546,2 days 20:05:29.577464788,false
XMR-USD,false,29,55,143,26.056338028169012,0.6482124690413364,0.19559228650137742,0.0001,0.00004008667388949079,5.909090909090909,11.776859504132231,0.0005909090909090909,-0.7271324318592096,0,0,17424,726 days 01:00:00,1000.0,504.53315948674197,-49.5466840513258,34.915698157888286,100.0,195.05307342032182,55.49355827638202,635 days 19:00:00,142,1,22.391585845294742,22.166403311106535,-8.059042385391502,4.12809636545405,-2.053602065921671,6 days 10:45:24.324324324,1 days 13:22:17.142857142,-3.646890326468683,-0.5190416237718549,-0.5244184043777421,0.9783949755753649,0.1549901306085658,23.072363536327583,0.9915224544100841,0.39333120102350866,-0.007466933014796012,None,None,-0.000027218352567900828,-0.1646165963306642,-0.4954668405132585,-0.21136376308520277,0.3816959859818902,-2.4190374721214627,2 days 19:57:27.887323942,false
XMR-USD,false,32,77,120,26.05042016806723,0.6259697412585579,0.16391184573002754,0.0001,0.0000400775694893342,4.958677685950414,9.87603305785124,0.0004958677685950413,-0.6639637363173652,0,0,17424,726 days 01:00:00,1000.0,521.1933697208441,-47.880663027915595,34.915698157888286,100.0,170.28365611881605,52.78728860043661,635 days 19:00:00,119,1,24.55043142899899,20.56341825819544,-8.039372144347578,4.177338946937695,-2.1574995410405506,7 days 20:44:30.967741935,1 days 18:38:10.909090909,-4.229891274858442,-0.4771767269380205,-0.5291880619885914,0.9799691719941959,-0.09349184139072124,26.384385003803096,0.9845671505653637,0.3914397508584205,-0.007450925614534983,None,None,-0.00002518604197426258,-0.15232518186034008,-0.4788066302791584,-0.20242075417760563,0.38418341548788043,-2.371321942680336,3 days 08:41:50.924369747,false
XMR-USD,false,46,49,120,26.05042016806723,0.6542240543720583,0.16391184573002754,0.0001,0.0000400775694893342,4.958677685950414,9.87603305785124,0.0004958677685950413,-0.570506794753608,0,0,17424,726 days 01:00:00,1000.0,551.9336517452602,-44.80663482547397,34.915698157888286,100.0,173.50717309880275,49.984420384757904,635 days 19:00:00,119,1,25.99842986833596,19.030357656560142,-8.03937214434758,4.344828784714642,-2.1488195246588417,7 days 09:32:54.193548387,1 days 22:55:13.636363636,-3.983737631286359,-0.4094953378244729,-0.5167215558225625,0.9827673022799024,-0.08165134135481805,26.08742047933525,0.9877651018236353,0.39299704212966663,-0.007468588115302523,None,None,-0.00002174693006247753,-0.1315254330178641,-0.4480663482547451,-0.18639772221654427,0.3865511240750863,-2.2832805067468227,3 days 08:56:58.487394957,false
XMR-USD,false,47,48,120,26.05042016806723,0.6542240543720583,0.16391184573002754,0.0001,0.0000400775694893342,4.958677685950414,9.87603305785124,0.0004958677685950413,-0.570506794753608,0,0,17424,726 days 01:00:00,1000.0,551.9336517452602,-44.80663482547397,34.915698157888286,100.0,173.50717309880275,49.984420384757904,635 days 19:00:00,119,1,25.99842986833596,19.030357656560142,-8.03937214434758,4.344828784714642,-2.1488195246588417,7 days 09:32:54.193548387,1 days 22:55:13.636363636,-3.983737631286359,-0.4094953378244729,-0.5167215558225625,0.9827673022799024,-0.08165134135481805,26.08742047933525,0.9877651018236353,0.39299704212966663,-0.007468588115302523,None,None,-0.00002174693006247753,-0.1315254330178641,-0.4480663482547451,-0.18639772221654427,0.3865511240750863,-2.2832805067468227,3 days 08:56:58.487394957,false
XMR-USD,false,36,62,124,26.01626016260163,0.6425964639140265,0.16942148760330578,0.0001,0.00004002501563477174,5.12396694214876,10.206611570247935,0.000512396694214876,-0.6248121169788666,0,0,17424,726 days 01:00:00,1000.0,532.4056334822803,-46.75943665177197,34.915698157888286,100.0,177.61403526885724,52.150576933168516,635 days 19:00:00,123,1,25.07857689022478,19.030357656560128,-8.039372144347574,4.178063341132966,-2.110689108467511,7 days 07:22:30,1 days 20:10:32.967032967,-4.00547108461743,-0.4487279008196123,-0.5207831088113972,0.9811420288460254,-0.08454056177900895,26.111015573795058,0.9867303072853412,0.39299704212966663,-0.007477415365825846,None,None,-0.000023822362311638177,-0.1440776472607877,-0.4675943665177167,-0.1965067398781034,0.3864200888837575,-2.339209556696431,3 days 06:18:32.195121950,false
XMR-USD,false,39,57,124,26.01626016260163,0.636215345492611,0.16942148760330578,0.0001,0.00004002501563477174,5.12396694214876,10.206611570247935,0.000512396694214876,-0.6569096464063959,0,0,17424,726 days 01:00:00,1000.0,520.8551671168985,-47.914483288310144,34.915698157888286,100.0,176.48114782550158,52.951248311134705,635 days 19:00:00,123,1,24.534500643383467,18.66646114119279,-8.039372144347569,4.16439233742867,-2.133673388290056,7 days 03:01:52.500000,1 days 21:40:52.747252747,-4.094953931109629,-0.47204057680768224,-0.5279935187965686,0.9801564733477374,-0.08929170153107803,26.0972622509957,0.9853403765835053,0.39299704212966663,-0.007468588115302572,None,None,-0.000025070498623301017,-0.15162637567372456,-0.4791448328831027,-0.20260042722260552,0.38658195997619454,-2.372290568890862,3 days 06:17:33.658536584,false
XMR-USD,false,42,53,124,26.01626016260163,0.6502883578627375,0.16942148760330578,0.0001,0.00004002501563477174,5.12396694214876,10.206611570247935,0.000512396694214876,-0.6031109960966679,0,0,17424,726 days 01:00:00,1000.0,540.4295397250546,-45.95704602749454,34.915698157888286,100.0,177.37182006893045,51.18608161386475,635 days 19:00:00,123,1,25.456537108927137,18.66646114119279,-8.039372144347578,4.24095664578606,-2.1186219540932174,6 days 23:16:52.500000,1 days 23:01:19.120879120,-3.9433089218200967,-0.43298029967461005,-0.5198543256317807,0.9817910822356529,-0.08101886880809991,26.151027520695788,0.9873830574802823,0.39299704212966663,-0.007468588115302413,None,None,-0.000022975616427269698,-0.13895652815212714,-0.4595704602749474,-0.19232420016393204,0.38623976112468855,-2.3162287581842826,3 days 06:18:32.195121950,false
XMR-USD,false,36,42,151,26.0,0.6224347644487835,0.2066115702479339,0.0001,0.00004,6.239669421487603,12.43801652892562,0.0006239669421487604,-0.8094295885183147,0,0,17424,726 days 01:00:00,1000.0,477.31812401651814,-52.268187598348185,34.915698157888286,100.0,195.9718922387005,58.285205935069385,722 days 11:00:00,150,1,21.183760766693013,23.035612382811667,-8.2220106039685,3.9588953484619003,-2.007472204442581,6 days 02:44:36.923076923,1 days 11:24:19.459459459,-3.6257709116678303,-0.5780839440867147,-0.5327412167273501,0.97595511752305,0.15360976412736044,23.024929776429545,0.9924327974975026,0.39299704212966663,-0.007505915383561919,None,None,-0.000030362338078795182,-0.18363142070055327,-0.5226818759834824,-0.2263968313530389,0.3822981961070016,-2.4969824564868266,2 days 16:21:11.999999998,false
XMR-USD,false,47,71,101,26.0,0.562234416881298,0.13774104683195593,0.0001,0.00004,4.1735537190082646,8.305785123966942,0.0004173553719008265,-0.9674727713209655,0,0,17424,726 days 01:00:00,1000.0,425.9243778014802,-57.40756221985198,34.915698157888286,100.0,140.16099270031518,62.868928314135644,635 days 19:00:00,100,1,18.996303159709782,20.56460447856407,-9.192802668893405,4.553486413971674,-2.6777536826520985,8 days 17:27:41.538461538,2 days 06:30:00,-5.930719253582292,-0.6989462507794861,-0.5549447513831073,0.9705586614708052,-0.15493295083662786,26.953062454629745,0.9778046406937315,0.3826073157184797,-0.007461921798605206,None,None,-0.00003681670511366479,-0.22266743252744464,-0.5740756221985206,-0.2563887755208015,0.3834061578122861,-2.6441762659379116,3 days 22:47:23.999999999,false
XMR-USD,false,13,19,382,25.984251968503933,0.42572620524836086,0.5247933884297521,0.0001,0.00003997577225923683,15.78512396694215,31.528925619834713,0.001578512396694215,-3.1588116892111473,0,0,17424,726 days 01:00:00,1000.0,98.60516234257034,-90.13948376574297,34.915698157888286,100.0,294.4738728451939,90.57747814687244,725 days 03:00:00,381,1,4.113674615509808,19.696810065100617,-11.520637103641034,2.0656913489831443,-1.5211177188201486,2 days 07:01:12.727272727,0 days 14:08:43.404255319,-2.376662761871235,-2.317448715794404,-0.7595289677691999,0.9060150810580239,-0.44491201582444284,36.6957504804504,1.0083164637431206,0.3677394034536891,-0.007633162839139283,None,None,-0.00012097957497417731,-0.7316844694438244,-0.9013948376574292,-0.5524978485838581,0.37997923720313603,-3.5816320028353297,1 days 00:45:59.055118110,false
XMR-USD,false,14,18,382,25.984251968503933,0.4228634290116657,0.5247933884297521,0.0001,0.00003997577225923683,15.78512396694215,31.528925619834713,0.001578512396694215,-3.154410245494425,0,0,17424,726 days 01:00:00,1000.0,99.14657098849602,-90.0853429011504,34.915698157888286,100.0,293.77609392279106,90.52574216595104,725 days 03:00:00,381,1,4.13626145529031,19.696810065100625,-11.520637103641032,2.054643535660679,-1.515397265967631,2 days 07:08:29.090909090,0 days 14:07:01.276595744,-2.3753010248472313,-2.312590315755299,-0.7590128751226298,0.9062388186058348,-0.43374023590021654,36.68786599143427,1.010157299406886,0.36752472139381576,-0.007633162839139193,None,None,-0.00012067576695052821,-0.7298470385167947,-0.9008534290115053,-0.5516465481543258,0.37982129425943767,-3.58008138613714,1 days 00:46:36.850393699,false
XMR-USD,false,26,78,128,25.984251968503933,0.6206629463490282,0.174931129476584,0.0001,0.00003997577225923683,5.289256198347108,10.537190082644628,0.0005289256198347108,-0.6557207398022411,0,0,17424,726 days 01:00:00,1000.0,523.26374680221,-47.673625319779,34.915698157888286,100.0,176.1620801744483,52.465657937892885,635 days 19:00:00,127,1,24.39116336843614,19.702048652753003,-7.677465801481967,3.934732853959623,-2.0298395695607154,7 days 03:00:00,1 days 18:24:53.617021276,-3.9458851698128035,-0.4709925909536468,-0.5296917953973757,0.9802611223875151,-0.080263488312381,26.287717927842987,0.9848417818379233,0.39366552027513396,-0.007468294324475277,None,None,-0.000024909766391242476,-0.1506542671342345,-0.476736253197787,-0.20132250451497768,0.3849581544268199,-2.3653922973041968,3 days 03:49:36.377952755,false
XMR-USD,false,29,73,128,25.984251968503933,0.6113855844836547,0.174931129476584,0.0001,0.00003997577225923683,5.289256198347108,10.537190082644628,0.0005289256198347108,-0.6659727729244591,0,0,17424,726 days 01:00:00,1000.0,519.4012735048541,-48.05987264951459,34.915698157888286,100.0,175.96260881830872,52.591492441128075,635 days 19:00:00,127,1,26.535563301882576,19.702048652753007,-7.780175558306741,3.8210323374293615,-2.003754946524102,6 days 22:40:00,1 days 19:56:48.510638297,-3.99318338422857,-0.4779550545444018,-0.5335289171162573,0.9799599319426846,-0.06838347722712666,26.239322591506156,0.9871391255832908,0.39277435856446324,-0.007468588115302566,None,None,-0.000025307132438815438,-0.15305753698995578,-0.48059872649514446,-0.20337368950771118,0.3854018751970166,-2.3764545801773327,3 days 03:50:04.724409447,false
XMR-USD,false,36,60,128,25.984251968503933,0.6176638139527114,0.174931129476584,0.0001,0.00003997577225923683,5.289256198347108,10.537190082644628,0.0005289256198347108,-0.7271127367603418,0,0,17424,726 days 01:00:00,1000.0,497.9320022787716,-50.206799772122835,34.915698157888286,100.0,177.40001047524777,54.71136041086283,635 days 19:00:00,127,1,23.45472177590574,18.666461141192784,-8.721267796798303,4.010191813427436,-2.1050678617970426,6 days 23:38:10.909090909,1 days 19:38:17.872340425,-4.13797416926877,-0.5226814903586697,-0.5404673469196869,0.9780742487315841,-0.08981463890587141,26.222586507294984,0.985238169983736,0.39288569144684243,-0.007468294324475333,None,None,-0.000027703595254767714,-0.16755134410083514,-0.5020679977212342,-0.21496051553733275,0.3857953219292447,-2.4379434587012527,3 days 03:51:29.763779526,false
XMR-USD,false,38,57,128,25.984251968503933,0.6259402385649765,0.174931129476584,0.0001,0.00003997577225923683,5.289256198347108,10.537190082644628,0.0005289256198347108,-0.6878030344058772,0,0,17424,726 days 01:00:00,1000.0,510.99560116718857,-48.900439883281145,34.915698157888286,100.0,177.21996306315611,53.57566624807988,635 days 19:00:00,127,1,24.070073020488564,18.527992298983808,-8.72126779679832,4.036392044064844,-2.0868204597836666,6 days 23:25:27.272727272,1 days 19:44:40.851063829,-4.0399564712858265,-0.49415672398194443,-0.5346971105698133,0.979253786215939,-0.08553706021189247,26.19062902501491,0.9858246229270248,0.39321979691372827,-0.00746829432447541,None,None,-0.000026205059429184803,-0.1584881994277097,-0.489004398832815,-0.2078722345257099,0.38599207150284226,-2.4005287725353237,3 days 03:52:54.803149605,false
XMR-USD,false,39,55,128,25.984251968503933,0.6126295187378494,0.174931129476584,0.0001,0.00003997577225923683,5.289256198347108,10.537190082644628,0.0005289256198347108,-0.746860493511277,0,0,17424,726 days 01:00:00,1000.0,491.31267867774017,-50.86873213222598,34.915698157888286,100.0,173.93946470288208,54.999076040062256,635 days 19:00:00,127,1,23.142923392398814,18.527992298983804,-8.721267796798319,4.05155111236312,-2.1315245294604446,6 days 20:56:21.818181818,1 days 20:39:34.468085106,-4.1876397221626664,-0.5368248005652067,-0.5462266192880886,0.9774880477526731,-0.08497514507947157,26.196438357767722,0.9840443700241853,0.39344262295081966,-0.007477415365825886,None,None,-0.00002846317006497251,-0.17214525255295374,-0.5086873213222527,-0.21859856505008157,0.3859300898527533,-2.4569014745802393,3 days 03:54:48.188976377,false
XMR-USD,false,41,53,128,25.984251968503933,0.6239634054583932,0.174931129476584,0.0001,0.00003997577225923683,5.289256198347108,10.537190082644628,0.0005289256198347108,-0.7114684802474358,0,0,17424,726 days 01:00:00,1000.0,503.02884755830246,-49.69711524416975,34.915698157888286,100.0,177.25093042739468,54.21162456945237,635 days 19:00:00,127,1,23.69480493468876,18.52799229898379,-8.028477078338533,4.064131307045758,-2.1116010506588014,6 days 21:01:49.090909090,1 days 20:36:22.978723404,-4.0997319478455685,-0.5113409602390877,-0.5387809964765357,0.9785389369111717,-0.08576258492860106,26.20015861649226,0.9839067856101964,0.39366552027513396,-0.007477415365825904,None,None,-0.00002711133143259073,-0.16396933250430876,-0.49697115244169865,-0.21218069737027323,0.38592081910153825,-2.4233458835461374,3 days 03:53:51.496062991,false
XMR-USD,false,45,48,128,25.984251968503933,0.6088770538597138,0.174931129476584,0.0001,0.00003997577225923683,5.289256198347108,10.537190082644628,0.0005289256198347108,-0.7759559977783611,0,0,17424,726 days 01:00:00,1000.0,481.5551165291282,-51.84448834708718,34.915698157888286,100.0,171.79400302797316,56.064793586177665,635 days 19:00:00,127,1,22.683300583743346,17.960370026893163,-8.72126779679832,4.100797002806341,-2.168874285557953,6 days 20:01:49.090909090,1 days 20:58:05.106382978,-4.2608518429497355,-0.5581015061030833,-0.5483641053404251,0.9765958307988988,-0.08938072288370172,26.16442018900376,0.9829476736008436,0.39344262295081966,-0.007492505718021545,None,None,-0.000029603762266500657,-0.17904355418779597,-0.5184448834708687,-0.2240202493718625,0.3860927599435152,-2.4848475351301054,3 days 03:54:19.842519683,false
XMR-USD,false,28,52,155,25.97402597402597,0.6049935008978564,0.21212121212121213,0.0001,0.00003996003996003996,6.404958677685951,12.768595041322314,0.0006404958677685951,-0.9286596339516722,0,0,17424,726 days 01:00:00,1000.0,442.35721617307604,-55.7642783826924,34.915698157888286,100.0,195.0055348608166,60.74240535437785,722 days 11:00:00,154,1,19.632167666246914,22.166403311106556,-8.22201060396849,3.9548761866168416,-2.0512131622560217,6 days 00:33:00,1 days 09:46:50.526315789,-3.7485386460595533,-0.6636010640216412,-0.5537774402177481,0.9724241376092133,0.1527551897863376,23.28038550008689,0.9920710742670337,0.3912175648702595,-0.007487835016430432,None,None,-0.000034779112876635393,-0.21034407467789085,-0.5576427838269233,-0.24655375958622383,0.3814778890298591,-2.597111938891416,2 days 14:33:07.012987012,false
XMR-USD,false,29,48,155,25.97402597402597,0.5652932767333144,0.21212121212121213,0.0001,0.00003996003996003996,6.404958677685951,12.768595041322314,0.0006404958677685951,-1.0579215445954626,0,0,17424,726 days 01:00:00,1000.0,404.8844250636048,-59.51155749363952,34.915698157888286,100.0,183.66205628188757,63.22743802911452,722 days 11:00:00,154,1,17.969095173957044,21.322008276614895,-8.222010603968478,3.8210764984174785,-2.0824632709127333,5 days 22:00:00,1 days 10:39:59.999999999,-3.9810692864308637,-0.7578302479562198,-0.577693934673406,0.9685421330232141,0.12714284940741996,23.21015358362756,0.9891115391564399,0.39088441890166026,-0.00752349948900868,None,None,-0.00003980478271191539,-0.24073932584166427,-0.5951155749363907,-0.26934978570933066,0.38231493699335345,-2.70443555859972,2 days 14:32:43.636363634,false
XMR-USD,false,32,43,155,25.97402597402597,0.5606594247432224,0.21212121212121213,0.0001,0.00003996003996003996,6.404958677685951,12.768595041322314,0.0006404958677685951,-1.0660454436671012,0,0,17424,726 days 01:00:00,1000.0,403.3384174679235,-59.666158253207655,34.915698157888286,100.0,183.6701910739639,64.54896682207766,722 days 11:00:00,154,1,17.900482118213745,22.18521442516039,-8.222010603968492,3.7925979497960274,-2.0753629703936003,5 days 20:37:30,1 days 11:11:03.157894736,-3.990662757469413,-0.7634208323754502,-0.5677560766600249,0.9683443067125992,0.13176674558968596,23.271386752455623,0.9921024986581146,0.3902186053933302,-0.007517332111407846,None,None,-0.00004005228642831931,-0.2422362283184752,-0.5966615825320769,-0.27031933798953256,0.38187502036277027,-2.708863388135564,2 days 14:34:17.142857141,false
XMR-USD,false,32,44,155,25.97402597402597,0.5749814978253817,0.21212121212121213,0.0001,0.00003996003996003996,6.404958677685951,12.768595041322314,0.0006404958677685951,-0.9771565398511547,0,0,17424,726 days 01:00:00,1000.0,427.15373294337314,-57.28462670566269,34.915698157888286,100.0,186.82844251594872,62.492326733614526,722 days 11:00:00,154,1,18.957424899623447,22.185214425160368,-8.222010603968478,3.7893676307917685,-2.0264322166824376,5 days 23:01:30,1 days 10:17:22.105263157,-3.8428811165990373,-0.6993326572068601,-0.556778296319456,0.9709385140030272,0.13060505124072283,23.21274596398333,0.9919639445411922,0.3906624102154829,-0.007505915383561951,None,None,-0.00003673231565252055,-0.22215704506644426,-0.5728462670566252,-0.2556445217623129,0.3823159727619849,-2.640655342093474,2 days 14:31:56.883116882,false
XMR-USD,false,33,43,155,25.97402597402597,0.5636607648832633,0.21212121212121213,0.0001,0.00003996003996003996,6.404958677685951,12.768595041322314,0.0006404958677685951,-1.0395366024256574,0,0,17424,726 days 01:00:00,1000.0,409.77942323077355,-59.02205767692264,34.915698157888286,100.0,184.81145057789917,63.14211046921929,722 days 11:00:00,154,1,18.186339114443,22.18521442516038,-8.222010603968492,3.747377083062512,-2.0487420710461755,5 days 23:04:29.999999999,1 days 10:17:22.105263157,-3.950694258984864,-0.7444137159031732,-0.5723830360381287,0.9691011746850605,0.12907834248210595,23.19000756832296,0.9904827736362334,0.3906624102154829,-0.007520747578736195,None,None,-0.00003910945260758816,-0.2365339693706932,-0.5902205767692268,-0.2662958219716195,0.3824065437287181,-2.6904160819017777,2 days 14:32:43.636363635,false
XMR-USD,false,22,83,132,25.954198473282442,0.6906992310442817,0.18044077134986225,0.0001,0.000039929536112742216,5.454545454545455,10.867768595041323,0.0005454545454545455,-0.417724411795185,0,0,17424,726 days 01:00:00,1000.0,616.747003744218,-38.325299625578204,34.915698157888286,100.0,191.2819684883623,47.2649327433656,635 days 19:00:00,131,1,32.031552841938264,22.539138995468818,-7.00767591430372,4.090638417711172,-1.888492127957065,6 days 19:31:45.882352941,1 days 18:09:53.814432989,-3.170111061814664,-0.2967877995535472,-0.456366965710494,0.9875970140726574,0.20282595427526945,23.12468869512264,0.9932038097729887,0.3947810774033458,-0.007460189988399718,None,None,-0.00001561528707242615,-0.09444125621403335,-0.3832529962557861,-0.15443153786664865,0.3829674589673945,-2.0976523926937323,3 days 01:39:50.839694654,false
XMR-USD,false,29,62,132,25.954198473282442,0.6584173455894924,0.18044077134986225,0.0001,0.000039929536112742216,5.454545454545455,10.867768595041323,0.0005454545454545455,-0.5789708160187825,0,0,17424,726 days 01:00:00,1000.0,555.8503114919083,-44.41496885080917,34.915698157888286,100.0,179.94755095612788,55.389068648611826,635 days 19:00:00,131,1,25.910137743824976,22.76651663290054,-7.430599770122925,4.3445341148081855,-2.073890246103014,6 days 15:45:52.941176470,1 days 19:23:30.309278350,-3.588242948487914,-0.4128223817647424,-0.46153306151960016,0.9827686293359341,0.15770452271132826,23.096861058165945,0.9895546028122568,0.39388848892088635,-0.007466933014795986,None,None,-0.000021653687172932852,-0.13096150002189788,-0.44414968850808867,-0.1843984276494791,0.3817917744675177,-2.272063031647407,3 days 01:35:43.511450380,false
XMR-USD,false,30,60,132,25.954198473282442,0.6549166046092849,0.18044077134986225,0.0001,0.000039929536112742216,5.454545454545455,10.867768595041323,0.0005454545454545455,-0.6100748760977561,0,0,17424,726 days 01:00:00,1000.0,544.526617946409,-45.5473382053591,34.915698157888286,100.0,179.81535711348394,55.697356916613,635 days 19:00:00,131,1,25.382300566320737,22.766516632900522,-8.059042385391498,4.373210355968464,-2.1024091196776453,6 days 15:40:35.294117647,1 days 19:25:21.649484536,-3.6706540658008437,-0.43498904540806815,-0.4727355654770181,0.9818559500021351,0.1605680836493937,23.053405217215502,0.9886356214684385,0.39388848892088635,-0.007468294324475323,None,None,-0.00002282541146568884,-0.1380480885444861,-0.4554733820535918,-0.19020418217195112,0.381942722546336,-2.304494557129996,3 days 01:35:43.511450380,false
XMR-USD,false,34,55,132,25.954198473282442,0.617152257468544,0.18044077134986225,0.0001,0.000039929536112742216,5.454545454545455,10.867768595041323,0.0005454545454545455,-0.817517758765438,0,0,17424,726 days 01:00:00,1000.0,474.22021263543184,-52.57797873645682,34.915698157888286,100.0,178.51953371778498,58.066315945845936,635 days 19:00:00,131,1,22.105071772490874,22.84250023892567,-8.721267796798312,4.227399217449265,-2.194083851782251,6 days 19:15:52.941176470,1 days 18:11:08.041237113,-4.1823271689851795,-0.5854459037423572,-0.5386300689723883,0.9756587948381173,0.11278889705115956,23.030244086895895,0.9827919623064707,0.39388848892088635,-0.007506553366003742,None,None,-0.000030740816338905735,-0.1859204572177019,-0.5257797873645664,-0.22814321959963046,0.3821963796608286,-2.505855002489137,3 days 01:36:38.473282442,false
XMR-USD,false,34,56,132,25.954198473282442,0.6131917148030946,0.18044077134986225,0.0001,0.000039929536112742216,5.454545454545455,10.867768595041323,0.0005454545454545455,-0.8226273110189114,0,0,17424,726 days 01:00:00,1000.0,472.65881320772246,-52.73411867922776,34.915698157888286,100.0,177.55626244473768,57.69586089939099,635 days 19:00:00,131,1,22.032289454286342,22.540374606636263,-8.721267796798317,4.195759473897397,-2.1872841292971854,6 days 18:37:03.529411764,1 days 18:19:10.515463917,-4.193690658370712,-0.5890363972345343,-0.5440617742235239,0.9754963651366272,0.11547832105439687,23.06544235217034,0.9848265094511196,0.39277435856446324,-0.007489941431631887,None,None,-0.00003092981229393911,-0.18706350475374375,-0.5273411867922781,-0.22902625290595846,0.38220212516091573,-2.5103269148669125,3 days 01:32:31.145038167,false
XMR-USD,false,35,54,132,25.954198473282442,0.6162532242399303,0.18044077134986225,0.0001,0.000039929536112742216,5.454545454545455,10.867768595041323,0.0005454545454545455,-0.8189851470229107,0,0,17424,726 days 01:00:00,1000.0,473.8302376044568,-52.616976239554326,34.915698157888286,100.0,178.48103111915677,57.928808821786895,635 days 19:00:00,131,1,22.086893664895513,22.842500238925673,-8.721267796798308,4.211740693763343,-2.190075537128816,6 days 19:15:52.941176470,1 days 18:09:16.701030927,-4.185165313438467,-0.5864566180676416,-0.5403991857297695,0.9756074551599625,0.11551763321690901,23.07549945167759,0.9829413592316646,0.39366552027513396,-0.007489941431631917,None,None,-0.00003079065976740116,-0.18622191027324222,-0.5261697623955444,-0.2283635878827428,0.3821563212033647,-2.5069719070665895,3 days 01:35:16.030534350,false
XMR-USD,false,37,53,132,25.954198473282442,0.6192035428071392,0.18044077134986225,0.0001,0.000039929536112742216,5.454545454545455,10.867768595041323,0.0005454545454545455,-0.7891297137927202,0,0,17424,726 days 01:00:00,1000.0,483.2482507976929,-51.67517492023072,34.915698157888286,100.0,177.707825044496,56.59611269056306,635 days 19:00:00,131,1,24.688550459332646,22.540374606636274,-8.721267796798319,4.203882427288065,-2.172810228425553,6 days 19:28:14.117647058,1 days 18:01:14.226804123,-4.133132058485795,-0.5647163954883053,-0.541055043403343,0.9764913900572139,0.11929304845218504,23.059288317064862,0.9862344318232094,0.39244046667732146,-0.007487835016430316,None,None,-0.00002965592922249089,-0.1793590599376249,-0.5167517492023049,-0.22307436734664687,0.3822425978300469,-2.479998328733291,3 days 01:32:31.145038166,false
XMR-USD,false,37,54,132,25.954198473282442,0.6397252771021079,0.18044077134986225,0.0001,0.000039929536112742216,5.454545454545455,10.867768595041323,0.0005454545454545455,-0.7039896326719478,0,0,17424,726 days 01:00:00,1000.0,510.4019130322417,-48.95980869677583,34.915698157888286,100.0,180.53058173383926,53.763355881045925,635 days 19:00:00,131,1,26.075797198719158,22.540374606636274,-8.721267796798307,4.322589164583837,-2.1511379443645704,6 days 19:05:17.647058823,1 days 18:14:13.608247422,-3.936441863866243,-0.5025672583817355,-0.5336058647754675,0.9790331768830105,0.154507624924476,23.109270106056243,0.9883933394772941,0.39299704212966663,-0.007487835016430367,None,None,-0.000026458960261066795,-0.160023791658932,-0.4895980869677504,-0.20819178556605566,0.3832097293670437,-2.402229119846903,3 days 01:36:10.992366410,false
XMR-USD,false,38,52,132,25.954198473282442,0.6234734344423946,0.18044077134986225,0.0001,0.000039929536112742216,5.454545454545455,10.867768595041323,0.0005454545454545455,-0.7598751258393462,0,0,17424,726 days 01:00:00,1000.0,492.5079715907134,-50.74920284092867,34.915698157888286,100.0,178.36706589722888,55.83272794007448,635 days 19:00:00,131,1,25.161618046562296,22.54037460663627,-8.721267796798308,4.220114039567093,-2.158796167913366,6 days 19:37:03.529411764,1 days 18:01:51.340206185,-4.0660583698919766,-0.5436553711487833,-0.5365392181492447,0.9773667624022416,0.11994683637157581,23.02705918883086,0.9855147976317028,0.39321979691372827,-0.0074878350164304655,None,None,-0.000028559044007482116,-0.17272509815725184,-0.5074920284092858,-0.21793926217099824,0.3823648194091442,-2.453478106364693,3 days 01:35:16.030534350,false
XMR-USD,false,40,50,132,25.954198473282442,0.6349784848021542,0.18044077134986225,0.0001,0.000039929536112742216,5.454545454545455,10.867768595041323,0.0005454545454545455,-0.7257185562090993,0,0,17424,726 days 01:00:00,1000.0,503.12951530591806,-49.6870484694082,34.915698157888286,100.0,179.9694833224651,54.420768972616685,635 days 19:00:00,131,1,25.704259468514636,22.540374606636274,-8.721267796798319,4.302004642250753,-2.159548758457637,6 days 19:45:52.941176470,1 days 17:59:22.886597938,-3.989120184447306,-0.5182098205945648,-0.5365795421661186,0.9783882711412163,0.15430052271875494,23.112660240915535,0.9875432468272412,0.39299704212966663,-0.007489941431631789,None,None,-0.000027282495369676378,-0.16500453199580273,-0.4968704846940789,-0.21212597880491324,0.3832096133737188,-2.423057566963836,3 days 01:35:43.511450381,false
XMR-USD,false,24,72,136,25.925925925925924,0.6457352670963666,0.1859504132231405,0.0001,0.00003988603988603988,5.619834710743802,11.198347107438018,0.0005619834710743802,-0.6109114199455383,0,0,17424,726 days 01:00:00,1000.0,543.9646756728002,-45.60353243271998,34.915698157888286,100.0,182.5115817179664,55.87207437819075,635 days 19:00:00,135,1,24.141588125795806,22.766516632900526,-7.007675914303725,4.181115065043111,-2.0222357668700734,6 days 14:54:51.428571428,1 days 16:52:12,-3.55686601817034,-0.4356630686020692,-0.47194151824252634,0.9818375039472826,0.15827926975681827,23.092411857758787,0.9922104316606642,0.39366552027513396,-0.007461921798605357,None,None,-0.000022872354562126553,-0.1383320003917414,-0.45603532432719907,-0.190494339462138,0.3821361052619321,-2.3061039829850016,2 days 23:28:26.666666665,false
XMR-USD,false,27,66,136,25.925925925925924,0.6405990504884083,0.1859504132231405,0.0001,0.00003988603988603988,5.619834710743802,11.198347107438018,0.0005619834710743802,-0.6342513629160332,0,0,17424,726 days 01:00:00,1000.0,536.1983779274194,-46.38016220725806,34.915698157888286,100.0,182.07100446447092,56.60899784359117,635 days 19:00:00,135,1,24.994092011617397,22.766516632900526,-7.667891305517998,4.184226766292918,-2.037551596562944,6 days 14:08:34.285714285,1 days 17:02:24,-3.6207089932162804,-0.45261385205091803,-0.47516711332754774,0.9811253182311013,0.15080343574248117,23.169189305929347,0.9907011651760158,0.39321979691372827,-0.0074581963641885355,None,None,-0.000023730014925535256,-0.14351913026963722,-0.46380162207258513,-0.19452464265146152,0.38161735270312996,-2.3283469801327654,2 days 23:23:59.999999999,false
XMR-USD,false,44,65,109,25.925925925925924,0.6116208929231011,0.1487603305785124,0.0001,0.00003988603988603988,4.5041322314049586,8.966942148760332,0.00045041322314049587,-0.7536698117327083,0,0,17424,726 days 01:00:00,1000.0,491.5436271187579,-50.84563728812421,34.915698157888286,100.0,155.06322993560025,56.616803902995905,635 days 19:00:00,108,1,22.315131905528347,20.31978993118437,-9.192802668893407,4.551618506305181,-2.4119381661699837,8 days 11:45:00,2 days 00:08:15,-4.91455097024787,-0.5422645337294371,-0.530327168039592,0.9771991552431771,-0.0958796455479166,26.382200841764057,0.9850344280751042,0.38723031605763863,-0.0074468266109163975,None,None,-0.00002858131367496376,-0.17285978510618083,-0.5084563728812417,-0.21847109632830064,0.38364445881691933,-2.456240028717197,3 days 16:28:53.333333332,false
XMR-USD,false,46,58,109,25.925925925925924,0.6493907419143312,0.1487603305785124,0.0001,0.00003988603988603988,4.5041322314049586,8.966942148760332,0.00045041322314049587,-0.5716996898591421,0,0,17424,726 days 01:00:00,1000.0,553.6054579019215,-44.63945420980785,34.915698157888286,100.0,161.58328943081656,51.405951853188746,635 days 19:00:00,108,1,25.132619232833804,20.122572534850487,-8.980670771710077,4.583103673711912,-2.275615943412425,8 days 10:49:17.142857142,2 days 01:00:45,-4.365992234545486,-0.41060395750063244,-0.5002371446572891,0.9827323847436694,-0.09452412218182045,26.278239164687356,0.9873508655056448,0.39055143244753016,-0.007446826610916454,None,None,-0.00002169649320750556,-0.13122039091899362,-0.44639454209808216,-0.18554320413775105,0.3846133531640365,-2.2784923849424086,3 days 16:53:19.999999999,false
XMR-USD,false,20,79,140,25.899280575539567,0.6717390893709018,0.19146005509641872,0.0001,0.00003984504703929165,5.785123966942149,11.52892561983471,0.0005785123966942149,-0.5013190512665183,0,0,17424,726 days 01:00:00,1000.0,584.8206438023769,-41.517935619762305,34.915698157888286,100.0,192.68527915455957,51.74596574570176,722 days 11:00:00,139,1,25.954808724808117,23.771831489737743,-7.0076759143037295,4.013035273674782,-1.8781831616749753,6 days 13:23:20,1 days 14:55:20.388349514,-3.173627085772887,-0.35715337380376877,-0.4568120783818293,0.985117575091955,0.16227446770261403,23.07326515172335,0.9938901258517295,0.3957866068567767,-0.007460189988399796,None,None,-0.00001873570504112915,-0.1133135440887491,-0.4151793561976259,-0.16988839508897358,0.3818327962807048,-2.1890908047153688,2 days 21:36:15.539568344,false
XMR-USD,false,20,83,140,25.899280575539567,0.6218345161343001,0.19146005509641872,0.0001,0.00003984504703929165,5.785123966942149,11.52892561983471,0.0005785123966942149,-0.6850910544083056,0,0,17424,726 days 01:00:00,1000.0,518.297944902838,-48.1702055097162,34.915698157888286,100.0,189.55176113039727,52.532353066337514,722 days 11:00:00,139,1,23.002478050279024,22.539138995468814,-7.007675914303743,3.76960814664127,-1.9119678551351191,6 days 11:58:20,1 days 15:27:57.669902912,-3.630967864370084,-0.4883957181795257,-0.535592775790155,0.979719090567297,0.16999100659542893,23.01771236639798,0.9914296712689716,0.39522780046440864,-0.00748994143163187,None,None,-0.0000256437620291978,-0.1550934727525883,-0.4817020550971636,-0.20396144531143467,0.382179893072503,-2.3796145588122344,2 days 21:38:25.035971221,false
XMR-USD,false,21,79,140,25.899280575539567,0.6509279394751081,0.19146005509641872,0.0001,0.00003984504703929165,5.785123966942149,11.52892561983471,0.0005785123966942149,-0.602881618305268,0,0,17424,726 days 01:00:00,1000.0,546.9911071833916,-45.30088928166084,34.915698157888286,100.0,192.09645600417895,51.19107749979164,722 days 11:00:00,139,1,24.275903580984618,23.77183148973775,-7.007675914303745,3.992635617511974,-1.933204631821312,6 days 11:56:40,1 days 15:23:53.009708737,-3.433703571205702,-0.4295302619404991,-0.5110790736052654,0.9821319122558382,0.17017123427342468,23.022495756488013,0.9934802842401429,0.39489273134806274,-0.00747735489830205,None,None,-0.000022552343446023262,-0.13639657316154868,-0.45300889281661305,-0.18893395387817258,0.38216935046289635,-2.29743615828075,2 days 21:34:57.841726617,false
XMR-USD,false,24,70,140,25.899280575539567,0.63826284433174,0.19146005509641872,0.0001,0.00003984504703929165,5.785123966942149,11.52892561983471,0.0005785123966942149,-0.6585843956838625,0,0,17424,726 days 01:00:00,1000.0,527.363860517795,-47.263613948220495,34.915698157888286,100.0,187.25478370532355,56.6368787930079,635 days 19:00:00,139,1,23.404830648798054,22.766516632900526,-7.007675914303728,4.063058975263726,-1.993076629338654,6 days 14:35:00,1 days 14:13:58.834951456,-3.56864007288491,-0.469960459233838,-0.4856682597101475,0.9804182573582044,0.15342213283725514,23.104573799148252,0.9919760335628333,0.39344262295081966,-0.007461921798605344,None,None,-0.0000246617425655183,-0.1491542190362547,-0.47263613948220407,-0.1991559075314714,0.38196219888265087,-2.353649402469202,2 days 21:24:10.359712229,false
XMR-USD,false,27,64,140,25.899280575539567,0.6272286084833337,0.19146005509641872,0.0001,0.00003984504703929165,5.785123966942149,11.52892561983471,0.0005785123966942149,-0.6959582006032122,0,0,17424,726 days 01:00:00,1000.0,514.6460480572766,-48.53539519427233,34.915698157888286,100.0,183.73866544580918,58.87918303439302,635 days 19:00:00,139,1,26.728807733418876,22.766516632900522,-7.667891305517996,4.126744143292242,-2.041948976212971,6 days 12:16:40,1 days 14:59:25.048543689,-3.6840486307636144,-0.49700660613632963,-0.48218997094985866,0.9792984297775154,0.14473296465748436,23.09466659226209,0.9904494489047091,0.39321979691372827,-0.007461921798605326,None,None,-0.0000260712790926814,-0.15767909595253712,-0.48535395194272546,-0.2059126993442736,0.38181951509450635,-2.3900737420399265,2 days 21:22:00.863309351,false
XMR-USD,false,10,23,395,25.888324873096447,0.44475532403213114,0.5426997245179064,0.0001,0.00003982819211245607,16.322314049586776,32.603305785123965,0.0016322314049586777,-3.0323588521321896,0,0,17424,726 days 01:00:00,1000.0,107.20634751718694,-89.27936524828131,34.915698157888286,100.0,312.26570467155324,89.7555652434784,725 days 03:00:00,394,1,4.472504480757593,19.69681006510062,-11.520637103641034,2.035147626826039,-1.4516286762594057,2 days 05:37:03.529411764,0 days 13:39:39.452054794,-2.2773252714811445,-2.2241590099522344,-0.7515558478790508,0.9096453723216879,-0.451347301345465,36.652809406793295,1.0068799996069717,0.3709677419354838,-0.007615482258610099,None,None,-0.00011616834271065967,-0.7025861367140697,-0.8927936524828135,-0.5393175790987835,0.3801718054510925,-3.5569978536462683,1 days 00:00:18.274111674,false
XMR-USD,false,18,88,144,25.874125874125873,0.6035123221064259,0.19696969696969696,0.0001,0.000039806347498655195,5.9504132231404965,11.859504132231406,0.0005950413223140497,-0.7384771221229118,0,0,17424,726 days 01:00:00,1000.0,499.6675777297046,-50.03324222702954,34.915698157888286,100.0,185.828599390643,55.814431058081425,722 days 11:00:00,143,1,22.17564742865858,22.841261583819325,-7.172505688054695,3.7073837187968,-1.9063883730462539,6 days 11:04:51.891891891,1 days 13:02:15.849056603,-3.6539025853073674,-0.5273942802590095,-0.5275767585153115,0.9780956544464052,0.14800186016887978,23.024281520831163,0.9905997182106349,0.3943346403136753,-0.007508325370423914,None,None,-0.000027719305451589684,-0.16764635937121442,-0.50033242227029,-0.21401185585244864,0.38256468127771087,-2.4329726990071894,2 days 19:34:49.510489509,false
XMR-USD,false,25,65,144,25.874125874125873,0.6147984712932436,0.19696969696969696,0.0001,0.000039806347498655195,5.9504132231404965,11.859504132231406,0.0005950413223140497,-0.8030000754991601,0,0,17424,726 days 01:00:00,1000.0,480.33771130215905,-51.96622886978409,34.915698157888286,100.0,189.13477976036341,58.46957941977122,635 days 19:00:00,143,1,21.317772469694944,22.766516632900547,-7.00767591430373,3.960071370069958,-2.025516428234724,6 days 12:55:08.108108108,1 days 12:14:43.018867924,-3.7830773508219284,-0.574695368071958,-0.527316862448909,0.9761309807035401,0.11333396135044209,23.013077400510277,0.9894292270856312,0.39321979691372827,-0.007461921798605161,None,None,-0.000030081259812145843,-0.18193145934385807,-0.5196622886978405,-0.224701704590219,0.38099236113189905,-2.4883342339251975,2 days 19:28:06.713286711,false
XMR-USD,false,32,49,144,25.874125874125873,0.6646967944472307,0.19696969696969696,0.0001,0.000039806347498655195,5.9504132231404965,11.859504132231406,0.0005950413223140497,-0.6573407369774675,0,0,17424,726 days 01:00:00,1000.0,528.1014495415886,-47.189855045841135,34.915698157888286,100.0,198.25696316941742,54.55948055310562,635 days 19:00:00,143,1,23.437565440623587,22.166403311106542,-8.059042385391493,4.2202982377652924,-2.022986442083669,6 days 09:25:56.756756756,1 days 13:35:05.660377358,-3.4638889223708746,-0.468821253162843,-0.503226563572899,0.9804608367059418,0.1624683933842016,23.087670885656284,0.9923982657242776,0.3943346403136753,-0.0074669330147960206,None,None,-0.000024591827976101694,-0.14873137559946303,-0.471898550458414,-0.19876731641851308,0.3818048713327626,-2.351536917075216,2 days 19:33:33.986013985,false
XMR-USD,false,37,63,117,25.862068965517242,0.6699934347800615,0.15977961432506887,0.0001,0.00003978779840848807,4.834710743801653,9.62809917355372,0.00048347107438016535,-0.5006193266743099,0,0,17424,726 days 01:00:00,1000.0,579.3136053460086,-42.068639465399144,34.915698157888286,100.0,170.49725018555367,47.87820543325763,635 days 19:00:00,116,1,27.288142501795505,19.702048652753,-8.039372144347578,4.520800345714622,-2.155157251155546,7 days 15:28:00,1 days 23:59:18.139534883,-3.8618494582395355,-0.35868275740240696,-0.5012829512468955,0.9849100837358126,-0.060019107184631236,26.13819808308693,0.9877132431528266,0.39333120102350866,-0.007477354898302016,None,None,-0.00001901402865060879,-0.11499684527888196,-0.42068639465399393,-0.17260991094386846,0.38585273994988856,-2.204863190051803,3 days 11:01:33.103448275,false
XMR-USD,false,37,67,117,25.862068965517242,0.6235551792267049,0.15977961432506887,0.0001,0.00003978779840848807,4.834710743801653,9.62809917355372,0.00048347107438016535,-0.6484676440383369,0,0,17424,726 days 01:00:00,1000.0,526.647516717826,-47.3352483282174,34.915698157888286,100.0,166.2113473830404,52.973443691507846,635 days 19:00:00,116,1,25.762749164723687,20.416486066616045,-8.039372144347578,4.255134475278597,-2.178555554315019,7 days 18:46:00,1 days 22:32:05.581395348,-4.302717521093944,-0.4656726014495032,-0.5201899886073049,0.9804411069644482,-0.088573393628192,26.368465258449472,0.9878535141891486,0.39055143244753016,-0.0074509256145350155,None,None,-0.00002458385091673817,-0.14868313034443245,-0.4733524832821744,-0.1995336456380722,0.38426176354695796,-2.3557010406656653,3 days 10:48:06.206896550,false
XMR-USD,false,42,55,117,25.862068965517242,0.6415315942455858,0.15977961432506887,0.0001,0.00003978779840848807,4.834710743801653,9.62809917355372,0.00048347107438016535,-0.6359874969806103,0,0,17424,726 days 01:00:00,1000.0,528.6658712451064,-47.13341287548937,34.915698157888286,100.0,169.0883110994935,52.52761123951041,635 days 19:00:00,116,1,24.902418132845185,19.030357656560135,-8.039372144347563,4.413646012218388,-2.2233062429835706,7 days 15:16:00,2 days 00:04:53.023255813,-4.277901266273611,-0.45732762774172825,-0.5219504852980748,0.9807924859645729,-0.10961019240294714,26.06173140009085,0.9839827034428049,0.39333120102350866,-0.0074899414316317945,None,None,-0.00002425261676384814,-0.14667982618775355,-0.471334128754901,-0.19847019597702242,0.38600160461420435,-2.3499203900306607,3 days 11:02:35.172413791,false
XMR-USD,false,17,85,148,25.850340136054424,0.5792152276832531,0.2024793388429752,0.0001,0.000039769754055468346,6.115702479338843,12.190082644628099,0.0006115702479338843,-0.8695193304002029,0,0,17424,726 days 01:00:00,1000.0,458.2801982669141,-54.17198017330859,34.915698157888286,100.0,185.89752183002201,58.44231248984866,722 days 11:00:00,147,1,21.76239248324191,22.16517146772854,-7.172505688054685,3.615126402064918,-1.9373008419599047,6 days 09:50:31.578947368,1 days 11:22:01.100917431,-3.833212205553248,-0.6221455483888331,-0.5552046185746885,0.974208310567934,0.13233966116531187,23.06285131074736,0.9900298016043607,0.3941115289223138,-0.007517332111407827,None,None,-0.000032688436959756236,-0.19769966673260572,-0.5417198017330864,-0.23724891880407784,0.38243717464405197,-2.551507861258958,2 days 17:59:35.510204080,false
XMR-USD,false,18,83,148,25.850340136054424,0.596890678315786,0.2024793388429752,0.0001,0.000039769754055468346,6.115702479338843,12.190082644628099,0.0006115702479338843,-0.8105731479554059,0,0,17424,726 days 01:00:00,1000.0,476.12675795358336,-52.38732420464166,34.915698157888286,100.0,188.0001972444168,57.66660383396063,722 days 11:00:00,147,1,21.130886986308496,22.84126158381932,-7.172505688054698,3.712707353661335,-1.9319747387026798,6 days 09:04:44.210526315,1 days 11:25:52.293577981,-3.7075110818552686,-0.5795452587243652,-0.5399572600475204,0.9759635214830882,0.1384980408990042,22.95433805253691,0.990208275901653,0.39489273134806274,-0.007517332111407897,None,None,-0.00003047591303131793,-0.18431832201341086,-0.5238732420464189,-0.22706756292668695,0.3827606757909344,-2.5003945780418575,2 days 17:50:36.734693876,false
XMR-USD,false,31,49,148,25.850340136054424,0.6447188522132101,0.2024793388429752,0.0001,0.000039769754055468346,6.115702479338843,12.190082644628099,0.0006115702479338843,-0.7588166027755878,0,0,17424,726 days 01:00:00,1000.0,494.42915829711984,-50.557084170288014,34.915698157888286,100.0,198.08906496832734,55.632136315609216,722 days 11:00:00,147,1,21.943162177267595,22.166403311106553,-8.22201060396849,4.1370644075115575,-2.0355948685749476,6 days 06:23:41.052631578,1 days 12:03:18.165137614,-3.5885306386404583,-0.5415270259853486,-0.5360071454397571,0.9774410051997806,0.1618470935759061,23.15582107673854,0.9933602398121546,0.39255174618396876,-0.007468294324475298,None,None,-0.000028387754152728386,-0.17168913711570127,-0.5055708417028826,-0.2168817543917616,0.38156527484040814,-2.447975748377409,2 days 17:36:44.081632652,false
XMR-USD,false,41,55,121,25.833333333333336,0.6470934976373366,0.1652892561983471,0.0001,0.000039743589743589747,5.0,9.958677685950413,0.0005,-0.5984150880593826,0,0,17424,726 days 01:00:00,1000.0,541.4906668059363,-45.85093331940637,34.915698157888286,100.0,173.70089949526061,50.95784219601535,635 days 19:00:00,120,1,25.50652072182436,19.030357656560124,-8.039372144347565,4.353117917250723,-2.1488839249812384,7 days 09:38:42.580645161,1 days 22:22:14.831460674,-4.033465449299068,-0.4297398183397195,-0.5207617988908914,0.9819215073656861,-0.0863745506242168,26.066279521715852,0.986113487779322,0.39333120102350866,-0.007477415365825915,None,None,-0.000022832067753176822,-0.13808834577121343,-0.45850933319406584,-0.19177411970547464,0.38672085473234535,-2.313189646446968,3 days 08:16:59.999999998,false
XMR-USD,false,45,50,121,25.833333333333336,0.6505600181914158,0.1652892561983471,0.0001,0.000039743589743589747,5.0,9.958677685950413,0.0005,-0.5815776297394383,0,0,17424,726 days 01:00:00,1000.0,547.8880595736747,-45.21119404263253,34.915698157888286,100.0,174.3763563357003,50.351027198292186,635 days 19:00:00,120,1,25.807865216196546,19.030357656560135,-8.039372144347565,4.333885681881039,-2.1292609484944514,7 days 09:30:58.064516129,1 days 22:24:16.179775280,-3.9826650470210128,-0.41745736496865243,-0.518397452706231,0.982435740733079,-0.08151949096265239,26.088785003006866,0.9880325262347144,0.39288569144684243,-0.007468588115302564,None,None,-0.000022169459274373118,-0.1340808896914086,-0.4521119404263245,-0.18847258106138276,0.3865457631448395,-2.2948672496304714,3 days 08:16:29.999999999,false
XMR-USD,false,32,47,152,25.82781456953642,0.6219077919287436,0.20798898071625344,0.0001,0.000039735099337748346,6.2809917355371905,12.520661157024794,0.000628099173553719,-0.8410427081280069,0,0,17424,726 days 01:00:00,1000.0,468.22415001365846,-53.17758499863415,34.915698157888286,100.0,198.56295681263538,57.38037587687474,722 days 11:00:00,151,1,20.780162914438677,22.166403311106546,-8.222010603968487,3.957726533727457,-2.0073404568668747,6 days 02:49:13.846153846,1 days 11:02:40.714285714,-3.6593113437137736,-0.6004685598023174,-0.5527061672235482,0.9750433041194424,0.1618733200400595,23.09391292817923,0.9929085112388956,0.39255174618396876,-0.007505915383562095,None,None,-0.00003149753322051168,-0.19049708091765463,-0.5317758499863411,-0.2315446635611571,0.3818072880428259,-2.523027973210384,2 days 15:54:50.066225165,false
XMR-USD,false,35,43,152,25.82781456953642,0.6197784031965632,0.20798898071625344,0.0001,0.000039735099337748346,6.2809917355371905,12.520661157024794,0.000628099173553719,-0.8256872412078624,0,0,17424,726 days 01:00:00,1000.0,472.22484254853885,-52.77751574514612,34.915698157888286,100.0,196.57944192335663,58.491918638109695,722 days 11:00:00,151,1,20.957716854454304,23.035612382811692,-8.22201060396849,3.9638459801566257,-2.00067490106264,6 days 02:46:09.230769230,1 days 11:06:25.714285714,-3.6339925450722914,-0.5897195068693345,-0.537198798394325,0.9754834170304094,0.15392915194213086,23.016407326107313,0.992746854231721,0.39299704212966663,-0.00750591538356205,None,None,-0.00003097600334791718,-0.18734286824820312,-0.527775157451454,-0.22927201868625313,0.3823295214274707,-2.5115698247386304,2 days 15:56:49.271523177,false
XMR-USD,false,27,51,156,25.806451612903224,0.57352700048769,0.21349862258953167,0.0001,0.00003970223325062034,6.446280991735537,12.851239669421489,0.0006446280991735538,-1.0090254289723835,0,0,17424,726 days 01:00:00,1000.0,418.0983724141554,-58.190162758584464,34.915698157888286,100.0,186.45194990166658,62.54273178162152,722 days 11:00:00,155,1,18.555540744266125,21.32200827661489,-7.1725056880547,3.8331865491873787,-2.0422679220854816,5 days 21:56:59.999999999,1 days 10:22:57.391304347,-3.8739172150329715,-0.722392061333997,-0.5674999699451154,0.9699848281607389,0.12794685809454193,23.201508527011175,0.991584081739801,0.3906624102154829,-0.007489941431631836,None,None,-0.00003795469353570347,-0.2295499865039346,-0.5819016275858423,-0.26115985211683757,0.3824286925459774,-2.6665902682354905,2 days 14:08:30.967741933,false
XMR-USD,false,38,58,125,25.806451612903224,0.6350435459621211,0.17079889807162535,0.0001,0.00003970223325062034,5.1652892561983474,10.289256198347108,0.0005165289256198347,-0.6546172499616884,0,0,17424,726 days 01:00:00,1000.0,521.991701469159,-47.800829853084096,34.915698157888286,100.0,177.83458216685335,52.896086955761504,635 days 19:00:00,124,1,24.588036260493936,18.666461141192784,-8.039372144347587,4.1379797959580245,-2.100740554950517,7 days 03:01:52.500000,1 days 21:14:20.869565217,-4.053196248317221,-0.4701871726571934,-0.5270509021841638,0.9802428030668245,-0.0843235294216762,26.13134640725247,0.9862235401203123,0.393108410617205,-0.007468294324475318,None,None,-0.000024958773951469604,-0.15095066485848815,-0.47800829853084703,-0.2019969352769948,0.38637624300106366,-2.36903548761733,3 days 05:42:05.806451611,false
XMR-USD,false,27,76,129,25.78125,0.6015116632514015,0.1763085399449036,0.0001,0.00003966346153846154,5.330578512396694,10.619834710743802,0.0005330578512396694,-0.7203968622091327,0,0,17424,726 days 01:00:00,1000.0,501.1349715681592,-49.88650284318408,34.915698157888286,100.0,173.69557719604916,54.03075578259724,635 days 19:00:00,128,1,25.60236071641009,19.702048652753028,-7.677465801481972,3.881727797976104,-2.0404109955275986,7 days 02:58:10.909090909,1 days 18:01:15.789473684,-4.097401477720701,-0.5173876397452194,-0.5430667871298366,0.9783382994387871,-0.0752205886907212,26.247182848391958,0.9859022578067753,0.39288569144684243,-0.007468588115302529,None,None,-0.000027377277023545663,-0.16557777143840416,-0.498865028431849,-0.2132114603864591,0.3851519894649911,-2.4287700225153177,3 days 03:15:56.249999998,false
XMR-USD,false,28,74,129,25.78125,0.5920664777776965,0.1763085399449036,0.0001,0.00003966346153846154,5.330578512396694,10.619834710743802,0.0005330578512396694,-0.7645177453294578,0,0,17424,726 days 01:00:00,1000.0,485.65133470992896,-51.43486652900711,34.915698157888286,100.0,172.27312260715956,55.37150181314223,635 days 19:00:00,128,1,24.811321019448087,19.44452274910744,-7.677465801481981,3.8621863416133326,-2.0665670548236106,7 days 03:00:00,1 days 18:04:25.263157894,-4.212187393043118,-0.549836044709905,-0.5498926915242015,0.976983476957635,-0.09507871363857479,26.21620014168434,0.9853303658982827,0.39299704212966663,-0.007477415365825845,None,None,-0.000029139389231155367,-0.17623502607002767,-0.5143486652900727,-0.221735574398372,0.3857493315465065,-2.4731157972674462,3 days 03:18:44.999999999,false
XMR-USD,false,37,58,129,25.78125,0.6114937316489784,0.1763085399449036,0.0001,0.00003966346153846154,5.330578512396694,10.619834710743802,0.0005330578512396694,-0.7527072639963986,0,0,17424,726 days 01:00:00,1000.0,489.4461806791017,-51.05538193208983,34.915698157888286,100.0,176.36933379742598,55.44799153614177,635 days 19:00:00,128,1,23.055003373092916,18.52799229898379,-8.721267796798303,4.014802309298016,-2.1020145696725394,6 days 23:20:00,1 days 19:18:56.842105263,-4.168818927296808,-0.5412745478618634,-0.5442162076371454,0.9773027395640744,-0.09136488034511774,26.223304160579897,0.9840592042133585,0.39321979691372827,-0.007468588115302589,None,None,-0.00002868954108890955,-0.17351434450572498,-0.5105538193208976,-0.21963019078567747,0.3858015248683674,-2.462247201852248,3 days 03:17:20.624999999,false
XMR-USD,false,43,50,129,25.78125,0.635309623460011,0.1763085399449036,0.0001,0.00003966346153846154,5.330578512396694,10.619834710743802,0.0005330578512396694,-0.6924714160626625,0,0,17424,726 days 01:00:00,1000.0,514.065248682243,-48.5934751317757,34.915698157888286,100.0,173.92609401759066,52.91366455444572,635 days 19:00:00,128,1,24.214666515355702,22.464577726885356,-8.721267796798319,4.378187844977376,-2.1587177052489177,6 days 19:56:21.818181818,1 days 20:29:41.052631578,-3.985542326821193,-0.49462506636614423,-0.5373203762495739,0.9793447856424075,0.1472779679574351,23.138039957344464,0.9861153677310287,0.39321979691372827,-0.007489941431631901,None,None,-0.000026044671460812753,-0.15751817299499554,-0.48593475131775876,-0.2062238600996661,0.383266363625884,-2.391737175411378,3 days 03:17:20.624999998,false
XMR-USD,false,44,49,129,25.78125,0.6376555930727531,0.1763085399449036,0.0001,0.00003966346153846154,5.330578512396694,10.619834710743802,0.0005330578512396694,-0.6827919456238847,0,0,17424,726 days 01:00:00,1000.0,517.3718445955213,-48.26281554044787,34.915698157888286,100.0,174.1107284284827,52.61079349915726,635 days 19:00:00,128,1,24.3704212907395,22.464577726885366,-8.721267796798305,4.392950779107215,-2.156701124383735,6 days 20:00:00,1 days 20:29:41.052631578,-3.960926380431408,-0.487676919990245,-0.5360217816294324,0.9796337295052815,0.1475832237655804,23.140179351149584,0.9864049323520346,0.39333120102350866,-0.007489941431631825,None,None,-0.000025677750575947933,-0.1552990354833331,-0.48262815540447757,-0.2044554205118726,0.3832504891545925,-2.3822669482994185,3 days 03:18:16.874999999,false
XMR-USD,false,48,72,98,25.773195876288657,0.5921076284774457,0.13360881542699724,0.0001,0.000039651070578905625,4.049586776859504,8.057851239669422,0.00040495867768595046,-0.8230445836087558,0,0,17424,726 days 01:00:00,1000.0,469.16412289989694,-53.083587710010306,34.915698157888286,100.0,141.38985848084394,59.72843521350909,635 days 19:00:00,97,1,20.924803497440962,20.48709055027732,-8.593290028177918,4.802132781107107,-2.6418939926391296,9 days 00:48:00,2 days 08:10:00,-5.688254439149933,-0.5939817763855846,-0.5298247922089762,0.9749104124400331,-0.1527069015926868,26.99303684178278,0.9777397544330193,0.3828267597809698,-0.007446826610916484,None,None,-0.000031276717370957915,-0.18916158665955346,-0.5308358771001092,-0.23100956382006155,0.3832710258721688,-2.5203358520848442,4 days 01:34:01.237113401,false
XMR-USD,false,49,71,98,25.773195876288657,0.5895068948971154,0.13360881542699724,0.0001,0.000039651070578905625,4.049586776859504,8.057851239669422,0.00040495867768595046,-0.8269359790771561,0,0,17424,726 days 01:00:00,1000.0,467.95195869928216,-53.20480413007178,34.915698157888286,100.0,140.63988033539533,59.60060184354548,635 days 19:00:00,97,1,20.87074075805731,20.48709055027732,-8.593290028177913,4.788018673941199,-2.6404823521776435,9 days 00:48:00,2 days 08:09:10,-5.700193629471906,-0.5968426345498722,-0.5324517847672905,0.9747896816003798,-0.15320981342049234,26.99818495223429,0.9774166023841273,0.3828267597809698,-0.007451445542635845,None,None,-0.000031426115777668655,-0.19006514822334003,-0.5320480413007191,-0.23169974524842685,0.3832558668794352,-2.5238075403642344,4 days 01:33:24.123711339,false
XMR-USD,false,56,64,98,25.773195876288657,0.5724673495880616,0.13360881542699724,0.0001,0.000039651070578905625,4.049586776859504,8.057851239669422,0.00040495867768595046,-0.9046134138406395,0,0,17424,726 days 01:00:00,1000.0,443.9799123056147,-55.60200876943854,34.915698157888286,100.0,137.51253605176612,61.46369174107237,635 days 19:00:00,97,1,19.801583216516008,20.217563635414496,-8.593290028177911,4.723014592874562,-2.6920905985035466,8 days 23:26:24,2 days 08:34:10,-5.936305885679404,-0.6530914886808086,-0.5452894636562392,0.9724414883142114,-0.15222457933551217,26.913554996776977,0.9787048762505776,0.38162067871868055,-0.007461921798605182,None,None,-0.000034420646672912355,-0.20817607107777392,-0.5560200876943815,-0.24559560406830805,0.3836215058174783,-2.5924644702221635,4 days 01:30:55.670103092,false
XMR-USD,false,33,64,133,25.757575757575758,0.5860943209205075,0.18181818181818182,0.0001,0.000039627039627039624,5.4958677685950414,10.950413223140496,0.0005495867768595042,-0.8607318091224817,0,0,17424,726 days 01:00:00,1000.0,455.77280260904877,-54.42271973909513,34.915698157888286,100.0,177.95404081299966,58.0516604112635,635 days 19:00:00,132,1,21.468843595706744,18.666461141192794,-8.721267796798308,3.8313158945633843,-2.090784588951023,6 days 20:31:45.882352941,1 days 17:09:47.755102040,-4.2855760680807435,-0.6191609348890241,-0.5621459102629615,0.9740891046877939,-0.08858146300531326,26.274461105957123,0.9858107561617043,0.3915508704679764,-0.007477415365825879,None,None,-0.00003279626467473931,-0.19835180875282335,-0.5442271973909494,-0.23869999750845872,0.3855482885540922,-2.558689145867752,3 days 00:56:21.818181817,false
XMR-USD,false,34,57,133,25.757575757575758,0.6147352566862747,0.18181818181818182,0.0001,0.000039627039627039624,5.4958677685950414,10.950413223140496,0.0005495867768595042,-0.8040640708604985,0,0,17424,726 days 01:00:00,1000.0,478.3672215595782,-52.16327784404218,34.915698157888286,100.0,178.0405230805072,57.09051617189499,635 days 19:00:00,132,1,22.2983784419809,22.46457772688535,-8.721267796798317,4.19218491394082,-2.1515283235280394,6 days 18:47:38.823529411,1 days 17:47:08.571428571,-4.120690582442437,-0.5755485761551388,-0.542555760716787,0.9760470349465555,0.11706415339938792,23.0352452946793,0.9863839892881486,0.39232920495405516,-0.007489941431631962,None,None,-0.00003023235599983815,-0.18284528908702113,-0.5216327784404184,-0.22580710052425756,0.3823384308401595,-2.4939777978421223,3 days 00:57:16.363636362,false
XMR-USD,false,36,53,133,25.757575757575758,0.6056318613668281,0.18181818181818182,0.0001,0.000039627039627039624,5.4958677685950414,10.950413223140496,0.0005495867768595042,-0.8699589750737609,0,0,17424,726 days 01:00:00,1000.0,458.13056738086266,-54.18694326191373,34.915698157888286,100.0,177.25395050920946,59.05783915924855,635 days 19:00:00,132,1,21.35507682569255,22.540374606636284,-8.721267796798308,4.189691314516064,-2.1949121886121814,6 days 19:17:38.823529411,1 days 17:42:51.428571428,-4.266852344279017,-0.6231662003622379,-0.5496058005799598,0.9740990861963085,0.11511850640178795,23.066604597882726,0.9836082902104284,0.393108410617205,-0.007492505718021448,None,None,-0.00003272160168889726,-0.19790024701445064,-0.54186943261914,-0.23733536746692407,0.38219817443777443,-2.551936410289754,3 days 01:01:49.090909089,false
XMR-USD,false,37,52,133,25.757575757575758,0.6056664954895397,0.18181818181818182,0.0001,0.000039627039627039624,5.4958677685950414,10.950413223140496,0.0005495867768595042,-0.8606533888460589,0,0,17424,726 days 01:00:00,1000.0,461.01339036593527,-53.89866096340648,34.915698157888286,100.0,177.31882934530012,58.79681842655168,635 days 19:00:00,132,1,21.48945534287617,22.540374606636277,-8.7212677967983,4.170108765321662,-2.181972038703965,6 days 19:12:21.176470588,1 days 17:39:47.755102040,-4.246030795279858,-0.6164603296669919,-0.5484174396959299,0.9743645030822577,0.11536268932747942,23.079585828738026,0.9834855383166443,0.39277435856446324,-0.007492505718021462,None,None,-0.000032364991104695876,-0.19574346620120064,-0.5389866096340568,-0.23567306010638156,0.38214510602244556,-2.543679886327276,3 days 00:58:10.909090907,false
XMR-USD,false,38,49,133,25.757575757575758,0.6329196521635275,0.18181818181818182,0.0001,0.000039627039627039624,5.4958677685950414,10.950413223140496,0.0005495867768595042,-0.7493245763901754,0,0,17424,726 days 01:00:00,1000.0,496.3165794609498,-50.368342053905025,34.915698157888286,100.0,183.30325944355917,56.293375453547846,635 days 19:00:00,132,1,23.13506113518571,22.842500238925666,-8.721267796798305,4.231816123986556,-2.12838620224944,6 days 18:03:31.764705882,1 days 18:06:07.346938775,-3.9910491035926894,-0.5363251348552843,-0.5273207811818861,0.9776657848972689,0.1147042797675044,23.085731731525748,0.9836223189238561,0.39388848892088635,-0.007477354898302109,None,None,-0.000028143176835853518,-0.17020993350324207,-0.5036834205390508,-0.21584544206713174,0.3819468329332164,-2.4425700962970898,3 days 00:59:59.999999999,false
XMR-USD,false,38,51,133,25.757575757575758,0.6261717387632137,0.18181818181818182,0.0001,0.000039627039627039624,5.4958677685950414,10.950413223140496,0.0005495867768595042,-0.7791805429104794,0,0,17424,726 days 01:00:00,1000.0,486.37238973497597,-51.362761026502405,34.915698157888286,100.0,180.6320062279746,56.569096541380006,635 days 19:00:00,132,1,22.67152748192717,22.540374606636263,-8.721267796798312,4.256419216655577,-2.156302891108668,6 days 19:17:38.823529411,1 days 17:41:01.224489795,-4.062872255658716,-0.5576322545060344,-0.5373338347023642,0.9767866953850258,0.11845062963333822,23.05621227546643,0.985726170937665,0.393108410617205,-0.007487835016430314,None,None,-0.000029285108252883892,-0.1771163347134418,-0.513627610265023,-0.22133470803443267,0.38225827164961734,-2.4710506659279945,3 days 01:00:27.272727271,false
XMR-USD,false,39,51,133,25.757575757575758,0.6196270690976318,0.18181818181818182,0.0001,0.000039627039627039624,5.4958677685950414,10.950413223140496,0.0005495867768595042,-0.7761367163757177,0,0,17424,726 days 01:00:00,1000.0,487.28429241111735,-51.27157075888826,34.915698157888286,100.0,179.31182487540724,56.493127160730296,635 days 19:00:00,132,1,24.894746791889418,22.540374606636266,-8.721267796798317,4.199614154314978,-2.1409343344106095,6 days 19:38:49.411764705,1 days 17:36:07.346938775,-4.072806472581612,-0.5553013160914307,-0.5368956522513755,0.9768865474590005,0.1208438525997957,23.030713857673874,0.9862261869485396,0.39299704212966663,-0.007487835016430358,None,None,-0.000029170908672709796,-0.17642565565254886,-0.5127157075888815,-0.22082829629799683,0.38236593952200715,-2.468438939042231,3 days 01:02:16.363636362,false
XMR-USD,false,40,49,133,25.757575757575758,0.615769572978015,0.18181818181818182,0.0001,0.000039627039627039624,5.4958677685950414,10.950413223140496,0.0005495867768595042,-0.7800282325379583,0,0,17424,726 days 01:00:00,1000.0,486.1132348479347,-51.388676515206534,34.915698157888286,100.0,179.78818193424587,56.32371441793993,635 days 19:00:00,132,1,24.834918921448775,22.540374606636288,-8.721267796798303,4.108275612455975,-2.1158202513256366,6 days 20:01:45.882352941,1 days 17:24:29.387755102,-4.081224879344802,-0.5582312256654809,-0.5400058740839164,0.9767581525286081,0.11855726407055625,23.057922562981634,0.9861022667498267,0.39266304347826086,-0.007477354898301993,None,None,-0.000029316089047407406,-0.17730370655872,-0.51388676515206,-0.2214787389967131,0.38225207416491563,-2.4717928962161286,3 days 00:59:32.727272726,false
XMR-USD,false,41,48,133,25.757575757575758,0.6138528546491231,0.18181818181818182,0.0001,0.000039627039627039624,5.4958677685950414,10.950413223140496,0.0005495867768595042,-0.7862132888667994,0,0,17424,726 days 01:00:00,1000.0,484.16014963956036,-51.58398503604397,34.915698157888286,100.0,179.48345289364278,56.445902293982485,635 days 19:00:00,132,1,24.735138233906298,22.540374606636277,-8.721267796798324,4.097209149277901,-2.11613007092116,6 days 20:03:31.764705882,1 days 17:23:15.918367346,-4.095265065108675,-0.5626542263337764,-0.5413294101914485,0.976576091506208,0.11885257253024313,23.059922208797722,0.986119180348288,0.39255174618396876,-0.007468294324475243,None,None,-0.000029547684918382013,-0.17870439838637442,-0.5158398503604391,-0.22256582458552432,0.3822432440455987,-2.477386612829047,3 days 00:59:05.454545453,false
XMR-USD,false,42,47,133,25.757575757575758,0.6163781230740217,0.18181818181818182,0.0001,0.000039627039627039624,5.4958677685950414,10.950413223140496,0.0005495867768595042,-0.767528877258018,0,0,17424,726 days 01:00:00,1000.0,490.25185716790145,-50.97481428320986,34.915698157888286,100.0,179.65038673860477,55.89790422953341,635 days 19:00:00,132,1,25.046355974371295,22.54037460663628,-8.721267796798305,4.096389139387094,-2.1035600017980784,6 days 20:01:45.882352941,1 days 17:24:29.387755102,-4.051473475806587,-0.5491227422412399,-0.5388026183026379,0.977135820533016,0.12080508356963554,23.071646325714934,0.9868833073420786,0.39255174618396876,-0.00746829432447535,None,None,-0.00002883335697633261,-0.17438414299285962,-0.5097481428320949,-0.21918457356119314,0.38219387476514116,-2.45993971114948,3 days 00:59:32.727272726,false
XMR-USD,false,43,46,133,25.757575757575758,0.6157107042431659,0.18181818181818182,0.0001,0.000039627039627039624,5.4958677685950414,10.950413223140496,0.0005495867768595042,-0.7703742580201397,0,0,17424,726 days 01:00:00,1000.0,489.3467846715374,-51.065321532846255,34.915698157888286,100.0,179.45547856558383,55.97932277661341,635 days 19:00:00,132,1,25.000116949276105,22.540374606636263,-8.721267796798323,4.09638913938709,-2.105409547700409,6 days 20:01:45.882352941,1 days 17:24:29.387755102,-4.057979789982865,-0.5511573987699444,-0.5391780946931843,0.9770509982128729,0.12089011130481489,23.073189800511013,0.9871975265999362,0.39244046667732146,-0.007468294324475338,None,None,-0.000028939760677630902,-0.1750276725783117,-0.510653215328464,-0.21968519959514532,0.3821881680712937,-2.4625318761185757,3 days 00:59:32.727272726,false
XMR-USD,false,51,66,102,25.742574257425744,0.5653853583449573,0.13911845730027547,0.0001,0.000039603960396039605,4.214876033057851,8.388429752066116,0.0004214876033057851,-0.9465225589025958,0,0,17424,726 days 01:00:00,1000.0,432.0617763345193,-56.79382236654806,34.915698157888286,100.0,142.77142817702136,62.47180090186123,635 days 19:00:00,101,1,19.27003222811237,20.564604478564068,-9.192802668893396,4.5384407559686295,-2.6195482180362375,8 days 17:34:36.923076923,2 days 05:47:12,-5.8139431276593365,-0.6836899715770072,-0.5509492020256761,0.9711883012924526,-0.15455287546341148,26.98443836686554,0.9778292490634113,0.38304627351377096,-0.007461921798605279,None,None,-0.00003600272187337439,-0.2177444618901683,-0.5679382236654817,-0.2526870423074995,0.38329580854478784,-2.62659850333587,3 days 21:53:27.920792078,false
XMR-USD,false,52,65,102,25.742574257425744,0.5631416425104687,0.13911845730027547,0.0001,0.000039603960396039605,4.214876033057851,8.388429752066116,0.0004214876033057851,-0.9536735224871361,0,0,17424,726 days 01:00:00,1000.0,429.97907278754064,-57.00209272124594,34.915698157888286,100.0,142.46019278544324,62.78559384593613,635 days 19:00:00,101,1,19.177143278730284,20.56460447856406,-9.192802668893393,4.512762148508301,-2.6181097247120606,8 days 17:36:55.384615384,2 days 05:45:36,-5.833644262289008,-0.6888893118259457,-0.5507299162960754,0.9709748141809729,-0.15451441314347214,26.97770847117498,0.9774131055307013,0.38304627351377096,-0.007461921798605266,None,None,-0.00003627860907664146,-0.21941302769552753,-0.5700209272124583,-0.2539393407028173,0.38331792230489514,-2.6325634522180623,3 days 21:52:52.277227722,false
XMR-USD,false,55,61,102,25.742574257425744,0.5815681918294909,0.13911845730027547,0.0001,0.000039603960396039605,4.214876033057851,8.388429752066116,0.0004214876033057851,-0.8821738870712837,0,0,17424,726 days 01:00:00,1000.0,451.28543078355676,-54.871456921644324,34.915698157888286,100.0,145.33038802693872,60.704929506620395,635 days 19:00:00,101,1,20.12741064264776,20.56460447856405,-9.192802668893401,4.608768916675516,-2.5871837224962007,8 days 17:00:00,2 days 05:56:00,-5.632098810486047,-0.6370418167544858,-0.5430821680513626,0.9731122818972012,-0.15529001815563506,27.060732678523134,0.978151181451351,0.38326585695006754,-0.007461921798605248,None,None,-0.000033522113026826066,-0.20274173958624406,-0.5487145692164435,-0.2413099928520147,0.3830199446010825,-2.5715411639061716,3 days 21:51:05.346534653,false
XMR-USD,false,55,63,102,25.742574257425744,0.5765888908503303,0.13911845730027547,0.0001,0.000039603960396039605,4.214876033057851,8.388429752066116,0.0004214876033057851,-0.9126172160028124,0,0,17424,726 days 01:00:00,1000.0,442.14262724461514,-55.78573727553848,34.915698157888286,100.0,144.41359405724057,62.15393381618437,635 days 19:00:00,101,1,19.71963997534789,20.674404149974876,-8.593290028177917,4.592895173277904,-2.6055504977685287,8 days 20:30:00,2 days 04:24:48,-5.718584284462701,-0.6589834468054584,-0.5414614596058127,0.9721828018521086,-0.1530121842550032,27.03102398352144,0.9778362013229002,0.3818398096748612,-0.007458196364188592,None,None,-0.00003468849325980981,-0.20979600723532973,-0.5578573727553828,-0.24668063990195666,0.38315003967959205,-2.5977265304355703,3 days 21:37:25.544554454,false
XMR-USD,false,56,60,102,25.742574257425744,0.5821659407488281,0.13911845730027547,0.0001,0.000039603960396039605,4.214876033057851,8.388429752066116,0.0004214876033057851,-0.8839843041659947,0,0,17424,726 days 01:00:00,1000.0,450.73871663921796,-54.92612833607821,34.915698157888286,100.0,145.1195569443152,60.75253390369608,635 days 19:00:00,101,1,20.103027094372976,20.56460447856405,-9.192802668893407,4.618586714826471,-2.5915124171360246,8 days 17:25:23.076923077,2 days 05:46:24,-5.637270400546086,-0.6383127031655965,-0.5433288079821806,0.9730561092558123,-0.1546795144480382,27.05700976178702,0.977893173593454,0.38326585695006754,-0.007461921798605242,None,None,-0.00003359056236350968,-0.20315572117450653,-0.5492612833607806,-0.2416291350235248,0.3830378857696609,-2.573106975770699,3 days 21:50:29.702970296,false
XMR-USD,false,56,62,102,25.742574257425744,0.5765888908503303,0.13911845730027547,0.0001,0.000039603960396039605,4.214876033057851,8.388429752066116,0.0004214876033057851,-0.9126172160028124,0,0,17424,726 days 01:00:00,1000.0,442.14262724461514,-55.78573727553848,34.915698157888286,100.0,144.41359405724057,62.15393381618437,635 days 19:00:00,101,1,19.71963997534789,20.674404149974876,-8.593290028177917,4.592895173277904,-2.6055504977685287,8 days 20:30:00,2 days 04:24:48,-5.718584284462701,-0.6589834468054584,-0.5414614596058127,0.9721828018521086,-0.1530121842550032,27.03102398352144,0.9778362013229002,0.3818398096748612,-0.007458196364188592,None,None,-0.00003468849325980981,-0.20979600723532973,-0.5578573727553828,-0.24668063990195666,0.38315003967959205,-2.5977265304355703,3 days 21:37:25.544554454,false
XMR-USD,false,57,61,102,25.742574257425744,0.5773254719854338,0.13911845730027547,0.0001,0.000039603960396039605,4.214876033057851,8.388429752066116,0.0004214876033057851,-0.9108552504419468,0,0,17424,726 days 01:00:00,1000.0,442.5692191485766,-55.743078085142336,34.915698157888286,100.0,144.69021234182514,62.117418844688785,635 days 19:00:00,101,1,19.738666050293318,20.674404149974876,-8.593290028177906,4.592895173277906,-2.604196405428522,8 days 20:30:00,2 days 04:26:24,-5.714548979224908,-0.6577383050703545,-0.5412618116975336,0.9722413269005611,-0.15325909606496466,27.011289185682458,0.9774890484076003,0.3820590101522842,-0.007460189988399751,None,None,-0.00003462893995357681,-0.20943582883923254,-0.5574307808514268,-0.2464284477279327,0.3832163294761242,-2.596504753623225,3 days 21:38:36.831683167,false
XMR-USD,false,58,60,102,25.742574257425744,0.578462429728903,0.13911845730027547,0.0001,0.000039603960396039605,4.214876033057851,8.388429752066116,0.0004214876033057851,-0.9073931793865617,0,0,17424,726 days 01:00:00,1000.0,443.59351795492546,-55.64064820450746,34.915698157888286,100.0,144.53893128172496,62.029741977478125,635 days 19:00:00,101,1,19.784349959610722,20.674404149974876,-8.593290028177904,4.619228973922121,-2.6093399866496463,8 days 20:32:18.461538461,2 days 04:25:36,-5.704859722818662,-0.6552196185315821,-0.540782487332544,0.9723463852874066,-0.15323914153153023,27.011363204835188,0.9775946738523765,0.3820590101522842,-0.007460189988399749,None,None,-0.000034496302217362074,-0.20863363581060582,-0.5564064820450765,-0.24582355117489707,0.38321596677496295,-2.5935711195835536,3 days 21:38:36.831683167,false
XMR-USD,false,24,73,137,25.735294117647058,0.6500293937757898,0.18732782369146006,0.0001,0.00003959276018099547,5.661157024793389,11.28099173553719,0.0005661157024793389,-0.5882036807857118,0,0,17424,726 days 01:00:00,1000.0,552.1342434995555,-44.78657565004445,34.915698157888286,100.0,185.64140739978762,54.15499398036088,635 days 19:00:00,136,1,28.675805620669735,22.76651663290053,-7.007675914303725,4.17083971319084,-1.9920557059261503,6 days 15:06:51.428571428,1 days 16:25:32.673267326,-3.503982074419958,-0.4194106263689088,-0.4766776798160756,0.9825137517428055,0.15808716630287595,23.092772764287094,0.9926900720797036,0.39388848892088635,-0.007460189988399716,None,None,-0.000022018049163522034,-0.13316516134098125,-0.4478657565004477,-0.18629510367590618,0.38211787304823003,-2.282706003686943,2 days 22:58:14.117647057,false
XMR-USD,false,27,65,137,25.735294117647058,0.6285721189727614,0.18732782369146006,0.0001,0.00003959276018099547,5.661157024793389,11.28099173553719,0.0005661157024793389,-0.6836039651546126,0,0,17424,726 days 01:00:00,1000.0,518.7956271976515,-48.12043728023485,34.915698157888286,100.0,182.2447974012701,57.78421976537119,635 days 19:00:00,136,1,26.94432148978865,22.76651663290052,-7.667891305517989,4.167983696299348,-2.048702325885804,6 days 14:06:51.428571428,1 days 16:40:23.762376237,-3.736387458030417,-0.4881731929518325,-0.48631384620068263,0.9796651755717728,0.14460854496372666,23.088124038955726,0.9898223058734912,0.39333120102350866,-0.007461921798605239,None,None,-0.000025609206799232823,-0.15488448272176011,-0.4812043728023486,-0.20369622320857095,0.38183887706481806,-2.378189176187597,2 days 22:53:49.411764704,false
XMR-USD,false,29,60,137,25.735294117647058,0.6482884586184058,0.18732782369146006,0.0001,0.00003959276018099547,5.661157024793389,11.28099173553719,0.0005661157024793389,-0.6599483334271203,0,0,17424,726 days 01:00:00,1000.0,527.1569960631018,-47.28430039368982,34.915698157888286,100.0,184.65242347802686,57.391328040294944,635 days 19:00:00,136,1,24.572641407640617,22.842500238925652,-8.059042385391518,4.345695291955497,-2.0818899295476876,6 days 14:58:17.142857142,1 days 16:19:36.237623762,-3.6574679804745536,-0.4706737872184388,-0.47953292531007763,0.9803750719064803,0.16064265033085684,23.078394054336716,0.990545765288749,0.39299704212966663,-0.007461921798605378,None,None,-0.000024691773146812842,-0.14933584399192407,-0.4728430039368946,-0.1992649556312971,0.3818477275460243,-2.3542418708018062,2 days 22:51:37.058823528,false
XMR-USD,false,29,61,137,25.735294117647058,0.626201599268824,0.18732782369146006,0.0001,0.00003959276018099547,5.661157024793389,11.28099173553719,0.0005661157024793389,-0.7121941330554145,0,0,17424,726 days 01:00:00,1000.0,509.3490160515574,-49.06509839484426,34.915698157888286,100.0,180.66079005761958,58.222287350333666,635 days 19:00:00,136,1,23.7425488350558,22.76651663290051,-7.667891305517976,4.187251471431373,-2.066855638162546,6 days 13:58:17.142857142,1 days 16:42:10.693069306,-3.782305388113957,-0.5082468830195391,-0.49401072727535145,0.9788290899414158,0.15642475775713127,23.088513060783963,0.9895810775038295,0.39299704212966663,-0.007466933014795986,None,None,-0.000026663292876143356,-0.16125959531491502,-0.4906509839484421,-0.20875910190383595,0.38185370041105793,-2.405244660237713,2 days 22:52:56.470588233,false
XMR-USD,false,12,20,386,25.71428571428571,0.4276877298863507,0.5303030303030303,0.0001,0.000039560439560439554,15.950413223140496,31.859504132231407,0.0015950413223140495,-3.0973013091415917,0,0,17424,726 days 01:00:00,1000.0,102.7165640360721,-89.72834359639279,34.915698157888286,100.0,299.8021103846719,90.18460041731288,725 days 03:00:00,385,1,4.285196758761913,19.69681006510063,-11.520637103641038,2.0623019430381913,-1.4845544349996485,2 days 06:21:49.090909090,0 days 14:10:41.958041958,-2.3417367083706266,-2.2710912796326888,-0.75565877760173,0.9077600981328557,-0.44333959758717084,36.63731493462323,1.009590298947075,0.36816896984924624,-0.0076331628391392925,None,None,-0.00011862286687815924,-0.717431098879107,-0.8972834359639286,-0.5461077697178353,0.3801821921022102,-3.5698567787658866,1 days 00:30:42.077922077,false
XMR-USD,false,19,84,141,25.71428571428571,0.6192564359196413,0.1928374655647383,0.0001,0.000039560439560439554,5.8264462809917354,11.611570247933885,0.0005826446280991736,-0.6791148072083829,0,0,17424,726 days 01:00:00,1000.0,519.7766459242627,-48.022335407573735,34.915698157888286,100.0,190.03155656072533,54.03757882878136,722 days 11:00:00,140,1,23.068103986331437,22.841261583819314,-7.007675914303742,3.7496074247166287,-1.885741445094747,6 days 12:55:00,1 days 14:41:32.307692307,-3.5949389861576355,-0.48452030936325724,-0.5187676734941844,0.9798757383948802,0.15996731415189727,22.959995017570797,0.990796339329372,0.39511609287429944,-0.007508325370423907,None,None,-0.000025460595514784163,-0.15398568167341461,-0.48022335407573813,-0.2031739101758261,0.3824850950506092,-2.3753794980818492,2 days 21:05:34.285714285,false
XMR-USD,false,21,80,141,25.71428571428571,0.6453406037845131,0.1928374655647383,0.0001,0.000039560439560439554,5.8264462809917354,11.611570247933885,0.0005826446280991736,-0.6100026433053424,0,0,17424,726 days 01:00:00,1000.0,544.614327556058,-45.538567244394194,34.915698157888286,100.0,193.0737594337564,51.15164305429801,722 days 11:00:00,140,1,24.17042019686994,22.841261583819325,-7.007675914303725,3.9178500602426447,-1.89570537135833,6 days 12:15:00,1 days 14:54:13.846153846,-3.4254006617200847,-0.4346217890015365,-0.5146297293782313,0.9819193663563692,0.1705323927848485,23.05695899192465,0.9932652824079202,0.39489273134806274,-0.007466933014796063,None,None,-0.00002281120556229069,-0.1379621712407341,-0.4553856724439411,-0.19015891120676287,0.38202755359174007,-2.3042433531894293,2 days 21:04:42.857142856,false
XMR-USD,false,28,58,141,25.71428571428571,0.623467963953815,0.1928374655647383,0.0001,0.000039560439560439554,5.8264462809917354,11.611570247933885,0.0005826446280991736,-0.77151403133713,0,0,17424,726 days 01:00:00,1000.0,490.6764311461135,-50.93235688538865,34.915698157888286,100.0,184.6259513244964,57.714568674218434,635 days 19:00:00,140,1,21.776613139655808,22.16640331110654,-7.007675914303732,4.154411829654021,-2.0714861564065137,6 days 14:10:00,1 days 13:57:41.538461538,-3.7935727285253096,-0.5516649096022462,-0.5213158368143932,0.9770674174492976,0.12398195694767018,23.020328908364966,0.9905908419122625,0.39266304347826086,-0.007461921798605241,None,None,-0.000028866952379649022,-0.1745873279921173,-0.5093235688538871,-0.2189499353370371,0.3808759232389925,-2.458723713759732,2 days 20:52:17.142857141,false
XMR-USD,false,28,61,141,25.71428571428571,0.6364545595445551,0.1928374655647383,0.0001,0.000039560439560439554,5.8264462809917354,11.611570247933885,0.0005826446280991736,-0.6915322700788977,0,0,17424,726 days 01:00:00,1000.0,516.7310434019302,-48.326895659806986,34.915698157888286,100.0,185.56825887430918,59.73602098335433,635 days 19:00:00,140,1,26.837094661692674,22.766516632900533,-7.667891305517991,4.236860458077582,-2.0525851841922993,6 days 14:36:40,1 days 13:45:34.615384615,-3.643614651855443,-0.49362671316674017,-0.47283450291227436,0.9794327480559921,0.1517528008489196,23.163913066982655,0.9913916338686403,0.39277435856446324,-0.007458196364188637,None,None,-0.00002586577017280525,-0.15643617800512613,-0.48326895659806335,-0.20479755726101578,0.38140352689724016,-2.384102229354643,2 days 20:50:08.571428570,false
XMR-USD,false,19,81,145,25.694444444444443,0.6346055371870655,0.19834710743801653,0.0001,0.000039529914529914526,5.991735537190083,11.942148760330578,0.0005991735537190083,-0.6686747974512005,0,0,17424,726 days 01:00:00,1000.0,523.6068437240351,-47.63931562759649,34.915698157888286,100.0,193.1908247113087,54.43882465167815,722 days 11:00:00,144,1,23.238091233404077,22.841261583819314,-7.1725056880547005,3.901299066324688,-1.910769349910187,6 days 10:19:27.567567567,1 days 13:03:21.869158878,-3.4696614410372915,-0.4772859100218994,-0.5100556485136338,0.9801602914655686,0.15354838886974354,23.01102737848471,0.99147670560645,0.3953395259449071,-0.007489941431631846,None,None,-0.000025059345163895297,-0.15155891955123876,-0.47639315627596723,-0.2011407799324626,0.382163361801833,-2.3644096535653443,2 days 19:11:14.999999998,false
XMR-USD,false,19,82,145,25.694444444444443,0.6359487973546484,0.19834710743801653,0.0001,0.000039529914529914526,5.991735537190083,11.942148760330578,0.0005991735537190083,-0.6720555788644665,0,0,17424,726 days 01:00:00,1000.0,522.432102314179,-47.756789768582095,34.915698157888286,100.0,194.19059068527935,54.47237898669998,635 days 19:00:00,144,1,23.185955268442854,22.84126158381932,-7.17250568805469,3.896920382926857,-1.9104845966036212,6 days 10:29:11.351351351,1 days 13:03:21.869158878,-3.4774573121823833,-0.4796436760222148,-0.5112379408923294,0.9800754745115958,0.15504201066216922,22.994574539476506,0.9913840376790365,0.39567480977172603,-0.007489941431631878,None,None,-0.00002518577279021285,-0.15232355383520732,-0.47756789768582486,-0.20176331608274378,0.38220336175001907,-2.367774161428094,2 days 19:13:44.999999998,false
XMR-USD,false,26,63,145,25.694444444444443,0.607724042140054,0.19834710743801653,0.0001,0.000039529914529914526,5.991735537190083,11.942148760330578,0.0005991735537190083,-0.8293973688739505,0,0,17424,726 days 01:00:00,1000.0,471.99845132960513,-52.80015486703948,34.915698157888286,100.0,187.4720301583936,59.50685097087549,635 days 19:00:00,144,1,20.947669430775534,22.766516632900533,-7.007675914303727,3.964781466105103,-2.0245687547058364,6 days 12:43:47.027027027,1 days 11:57:11.775700934,-3.8121473479247925,-0.5936139661972856,-0.5283142725118405,0.9753698318577584,0.11675393826916687,22.960320218844412,0.9892583363797368,0.39299704212966663,-0.007477354898301984,None,None,-0.00003107993420016413,-0.18797144204259267,-0.5280015486703913,-0.22940028684260105,0.3810955914087465,-2.512218218529612,2 days 18:59:09.999999998,false
XMR-USD,false,30,53,145,25.694444444444443,0.6525370576746038,0.19834710743801653,0.0001,0.000039529914529914526,5.991735537190083,11.942148760330578,0.0005991735537190083,-0.7112447950668527,0,0,17424,726 days 01:00:00,1000.0,509.79740724494053,-49.02025927550594,34.915698157888286,100.0,197.84281410597063,55.55751491143065,635 days 19:00:00,144,1,22.62521737846987,22.16640331110654,-8.059042385391518,4.167570263452244,-2.018136851459144,6 days 10:43:47.027027027,1 days 12:41:29.719626168,-3.5613042370384003,-0.5076619977907947,-0.5171382216891234,0.9788647446773057,0.15463324377598328,23.071405225138996,0.9913938952085272,0.39366552027513396,-0.007466933014795979,None,None,-0.000026622172566355787,-0.1610108996813198,-0.49020259275506595,-0.20851740863369528,0.3817040641318461,-2.4039604493611164,2 days 19:01:14.999999998,false
XMR-USD,false,41,69,110,25.688073394495415,0.6016089112413936,0.15013774104683195,0.0001,0.00003952011291460833,4.545454545454546,9.049586776859504,0.0004545454545454546,-0.7957805241195144,0,0,17424,726 days 01:00:00,1000.0,478.1132366622103,-52.18867633377897,34.915698157888286,100.0,153.33486981189375,57.46188729200522,635 days 19:00:00,109,1,21.705418101817145,20.31978993118436,-9.192802668893421,4.595342643326502,-2.430156478989114,8 days 11:38:34.285714285,1 days 23:28:53.333333333,-4.98708423339089,-0.5728074965966072,-0.5393699440368147,0.9759146124878434,-0.09718860262003354,26.423465489692365,0.9843501781854123,0.3866783383733885,-0.00744682661091647,None,None,-0.00003018000830141929,-0.18252869020698387,-0.5218867633377915,-0.22594979591680664,0.3835028591167837,-2.4947052210665395,3 days 15:35:46.788990824,false
XMR-USD,false,44,61,110,25.688073394495415,0.6509948220711471,0.15013774104683195,0.0001,0.00003952011291460833,4.545454545454546,9.049586776859504,0.0004545454545454546,-0.5751767777431418,0,0,17424,726 days 01:00:00,1000.0,552.3946940026295,-44.760530599737045,34.915698157888286,100.0,162.89462206891284,50.766453260913934,635 days 19:00:00,109,1,25.07765288879341,20.563418258195444,-8.98067077171008,4.61885015807416,-2.2633539440110795,8 days 12:47:08.571428571,1 days 23:37:02.222222222,-4.3365409072125125,-0.4131846797281234,-0.5081482878454051,0.9826198572282392,-0.09609686188187418,26.299793346812542,0.9868388343294042,0.3902186053933302,-0.007446826610916536,None,None,-0.000021827773861663538,-0.13201437631534108,-0.44760530599737236,-0.18616189896759983,0.3845237596749891,-2.2819600627010397,3 days 15:59:26.972477063,false
XMR-USD,false,46,62,110,25.688073394495415,0.6120685770345944,0.15013774104683195,0.0001,0.00003952011291460833,4.545454545454546,9.049586776859504,0.0004545454545454546,-0.758429930015358,0,0,17424,726 days 01:00:00,1000.0,489.81029068718374,-51.01897093128163,34.915698157888286,100.0,156.3474804808934,56.893569715604386,635 days 19:00:00,109,1,22.23644177717904,20.273199323916476,-9.192802668893412,4.5809105384690305,-2.3957673964502386,8 days 11:45:00,1 days 23:39:15.555555555,-4.884643587981611,-0.5456827897668961,-0.5299296057952645,0.9770718349693452,-0.09580556901506569,26.336122708185847,0.9848980419037899,0.38778273335457153,-0.007450925614535034,None,None,-0.00002877369369110226,-0.17402329944378647,-0.5101897093128158,-0.21942874337675378,0.383807364329331,-2.4612043757674433,3 days 15:45:08.256880732,false
XMR-USD,false,36,72,114,25.663716814159294,0.6219666614428734,0.15564738292011018,0.0001,0.00003948264125255276,4.710743801652892,9.3801652892562,0.00047107438016528926,-0.6761111795359265,0,0,17424,726 days 01:00:00,1000.0,517.1841772300057,-48.28158227699943,34.915698157888286,100.0,163.45223465980018,53.98833172018157,635 days 19:00:00,113,1,25.299817823084027,20.56341825819544,-8.039372144347569,4.379281081542424,-2.2393477984998196,8 days 05:53:47.586206896,1 days 21:45:00,-4.49659858931928,-0.4859956355086579,-0.5225874652325195,0.9795763486152873,-0.09573594108406303,26.433488416776683,0.984989480300226,0.38966424754765133,-0.007442722754766148,None,None,-0.000025640025053533784,-0.15507087152377233,-0.4828158227699917,-0.20455559126018252,0.38401131436601366,-2.3828044353766265,3 days 12:47:47.256637167,false
XMR-USD,false,37,70,114,25.663716814159294,0.6221488690502605,0.15564738292011018,0.0001,0.00003948264125255276,4.710743801652892,9.3801652892562,0.00047107438016528926,-0.6739789970934699,0,0,17424,726 days 01:00:00,1000.0,517.8998621469578,-48.21001378530422,34.915698157888286,100.0,162.61070447360765,53.222857848139924,635 days 19:00:00,113,1,25.334827977715292,20.56341825819546,-8.039372144347587,4.4192464063235954,-2.2497022826342223,8 days 05:49:39.310344827,1 days 21:52:51.428571428,-4.490574918856265,-0.4843699746229132,-0.5291655422144053,0.9796561274631429,-0.09402918498803499,26.418602774700375,0.9852656104015821,0.39010769844435583,-0.007445281664846267,None,None,-0.000025557573248261803,-0.15457220300548738,-0.48210013785303796,-0.20417370909584054,0.3840611203408935,-2.3807546842483065,3 days 12:52:33.982300884,false
XMR-USD,false,42,56,114,25.663716814159294,0.6442301751433128,0.15564738292011018,0.0001,0.00003948264125255276,4.710743801652892,9.3801652892562,0.00047107438016528926,-0.5830833718911884,0,0,17424,726 days 01:00:00,1000.0,548.5797872180973,-45.14202127819027,34.915698157888286,100.0,164.45324197107058,51.73019223015356,635 days 19:00:00,113,1,25.84044853956277,19.702048652753007,-8.039372144347578,4.467923121572139,-2.2017083329776344,7 days 18:08:16.551724138,2 days 02:17:51.428571428,-4.2235456754112,-0.41876350437653115,-0.5036701781252205,0.9824102487773486,-0.09200100461044386,26.096394828220284,0.9846089288865139,0.39288569144684243,-0.007489941431631824,None,None,-0.00002217144408359348,-0.13409289381757336,-0.45142021278190836,-0.18811710809536863,0.38537461121543515,-2.292886113119053,3 days 13:09:33.451327433,false
XMR-USD,false,44,54,114,25.663716814159294,0.6600600116063257,0.15564738292011018,0.0001,0.00003948264125255276,4.710743801652892,9.3801652892562,0.00047107438016528926,-0.5181562052374878,0,0,17424,726 days 01:00:00,1000.0,572.691145727611,-42.7308854272389,34.915698157888286,100.0,165.69590380875138,49.31429663343514,635 days 19:00:00,113,1,28.015129413671502,19.702048652753014,-8.039372144347581,4.5308859034688345,-2.172147782513014,7 days 18:10:20.689655172,2 days 02:21:25.714285714,-4.02941578483239,-0.3718630133579452,-0.4955670666690958,0.984371945176106,-0.0896195343088259,26.06812099869407,0.9871752826928798,0.39299704212966663,-0.007487835016430305,None,None,-0.000019694899320271883,-0.11911475108900435,-0.4273088542723905,-0.17590511927971675,0.3855038548513652,-2.2238301876139053,3 days 13:12:44.601769910,false
XMR-USD,false,45,53,114,25.663716814159294,0.6620492398828225,0.15564738292011018,0.0001,0.00003948264125255276,4.710743801652892,9.3801652892562,0.00047107438016528926,-0.5118806471285291,0,0,17424,726 days 01:00:00,1000.0,575.195322063529,-42.4804677936471,34.915698157888286,100.0,167.22428874382234,49.674604347422424,635 days 19:00:00,113,1,28.13762969091306,19.70204865275301,-8.039372144347583,4.506790340485088,-2.1594286185405194,7 days 18:08:16.551724138,2 days 02:20:00,-4.008339005552069,-0.36732506585405617,-0.4886323579230307,0.9845565146544607,-0.0892657678999928,26.092777250857615,0.9875618764208034,0.39277435856446324,-0.007477354898302104,None,None,-0.00001945012739445246,-0.11763437048164849,-0.42480467793647503,-0.1746561787670846,0.3854160795158924,-2.216658123275984,3 days 13:11:09.026548672,false
XMR-USD,false,46,52,114,25.663716814159294,0.6550657207002045,0.15564738292011018,0.0001,0.00003948264125255276,4.710743801652892,9.3801652892562,0.00047107438016528926,-0.5359015742874496,0,0,17424,726 days 01:00:00,1000.0,566.0727238817633,-43.39272761182367,34.915698157888286,100.0,166.24096416106258,50.472765155180355,635 days 19:00:00,113,1,27.691366865727673,19.70204865275301,-8.03937214434757,4.47895295470377,-2.16869955159669,7 days 18:10:20.689655172,2 days 02:18:34.285714285,-4.085120734371367,-0.38460587903200083,-0.49291555825607597,0.983835688486306,-0.0890037026426843,26.086776366480063,0.9874409495597498,0.39255174618396876,-0.007487835016430355,None,None,-0.000020366255590098763,-0.12317511380891731,-0.4339272761182419,-0.1792232696792213,0.38543683416662355,-2.2427856208288426,3 days 13:10:37.168141591,false
XMR-USD,false,47,51,114,25.663716814159294,0.6522242417991786,0.15564738292011018,0.0001,0.00003948264125255276,4.710743801652892,9.3801652892562,0.00047107438016528926,-0.5464553058544046,0,0,17424,726 days 01:00:00,1000.0,562.1365493848389,-43.786345061516116,34.915698157888286,100.0,165.68594552636634,50.77860659351751,635 days 19:00:00,113,1,27.498815542472812,19.70204865275302,-8.039372144347581,4.476208601345486,-2.17595755587402,7 days 18:08:16.551724138,2 days 02:17:08.571428571,-4.118250142987915,-0.39219038398643624,-0.49512716465273177,0.9835173580076049,-0.08880717395545727,26.08977267616441,0.9877247046195736,0.39221796100990736,-0.007487835016430407,None,None,-0.00002076733669311237,-0.1256008523199436,-0.4378634506151623,-0.1812087000691719,0.38542670941958607,-2.2540589869781464,3 days 13:09:01.592920353,false
XMR-USD,false,48,50,114,25.663716814159294,0.648909524740281,0.15564738292011018,0.0001,0.00003948264125255276,4.710743801652892,9.3801652892562,0.00047107438016528926,-0.5653548079477674,0,0,17424,726 days 01:00:00,1000.0,555.1880753967251,-44.481192460327485,34.915698157888286,100.0,165.54242355068402,51.38702384039093,635 days 19:00:00,113,1,27.158907374769,19.70204865275302,-8.039372144347581,4.476208601345486,-2.190238745919098,7 days 18:08:16.551724138,2 days 02:16:25.714285714,-4.176733026354374,-0.40582906018313664,-0.49834531759477513,0.982947295417852,-0.08935069705760991,26.1087462896602,0.9873533346393658,0.3921067348406168,-0.007487835016430407,None,None,-0.000021485588156864464,-0.1299448371727163,-0.44481192460327434,-0.18473582450952575,0.38535593206383356,-2.2739597031451058,3 days 13:08:29.734513273,false
XMR-USD,false,33,45,153,25.657894736842106,0.6060317158212593,0.209366391184573,0.0001,0.000039473684210526316,6.322314049586777,12.603305785123966,0.0006322314049586777,-0.8940196731975745,0,0,17424,726 days 01:00:00,1000.0,451.8620104592924,-54.813798954070755,34.915698157888286,100.0,193.3038021087913,60.1501929898247,722 days 11:00:00,152,1,20.053998051821964,23.035612382811664,-8.22201060396849,3.9885547806530135,-2.029161950686359,6 days 02:30:46.153846153,1 days 10:45:07.964601769,-3.738105181529808,-0.6392051634119807,-0.5473751922461773,0.9734289587317695,0.14177326662788295,23.230190297709086,0.9910807878530278,0.3921067348406168,-0.007487835016430288,None,None,-0.000033534393356270565,-0.20281601101872437,-0.5481379895407084,-0.24097369017482317,0.381863478295106,-2.569889815927596,2 days 15:25:39.473684209,false
XMR-USD,false,34,44,153,25.657894736842106,0.6210568739608798,0.209366391184573,0.0001,0.000039473684210526316,6.322314049586777,12.603305785123966,0.0006322314049586777,-0.8421590792178001,0,0,17424,726 days 01:00:00,1000.0,467.1877865176973,-53.28122134823027,34.915698157888286,100.0,198.1238594288106,58.335442604449575,722 days 11:00:00,152,1,20.734168272163174,23.035612382811653,-8.22201060396849,4.00477646530339,-2.0057433045988975,6 days 02:43:04.615384615,1 days 10:48:19.115044247,-3.64175251154254,-0.6017281413164932,-0.5449605141284775,0.9749879223751778,0.14793254467713926,23.09892063917583,0.9922425906515511,0.39299704212966663,-0.007489941431631925,None,None,-0.00003159792249037567,-0.19110423522179204,-0.5328122134823043,-0.23213544930139074,0.38222241390944783,-2.525996161018844,2 days 15:31:11.052631577,false
XMR-USD,false,37,40,153,25.657894736842106,0.5938062785710175,0.209366391184573,0.0001,0.000039473684210526316,6.322314049586777,12.603305785123966,0.0006322314049586777,-0.9182441159554965,0,0,17424,726 days 01:00:00,1000.0,444.6163740785595,-55.538362592144054,34.915698157888286,100.0,192.0291194808826,60.959795440583264,722 days 11:00:00,152,1,19.732430904108526,23.03561238281167,-8.222010603968483,3.880518376959742,-2.007257404410031,6 days 00:38:27.692307692,1 days 11:22:49.911504424,-3.7836582685891367,-0.6565230676419479,-0.5490111395164218,0.9727177505035592,0.1434715641389691,23.20506864879016,0.9915611816409656,0.3916620078268509,-0.00748783501643033,None,None,-0.00003445420955663588,-0.2083790593985338,-0.5553836259214457,-0.2452204159487239,0.38198846189352953,-2.590641617446696,2 days 15:24:52.105263156,false
XMR-USD,false,10,24,383,25.654450261780106,0.45245264327189116,0.5261707988980716,0.0001,0.00003946838501812324,15.826446280991735,31.611570247933884,0.0015826446280991736,-2.9194049788608347,0,0,17424,726 days 01:00:00,1000.0,116.25604662894148,-88.37439533710585,34.915698157888286,100.0,312.47013194566625,88.8907932009307,725 days 03:00:00,382,1,4.8500457436043405,19.69681006510061,-11.520637103641047,2.110508908235865,-1.461532655194709,2 days 07:57:33.061224489,0 days 13:55:59.154929577,-2.3261623013472894,-2.139230467435376,-0.7436438159262193,0.9129585588288842,-0.4501601835151592,36.8023316785461,1.0069680919566992,0.37042862760519074,-0.007611928139435854,None,None,-0.00011155606860846152,-0.6746911029439753,-0.8837439533710607,-0.526175619917434,0.3795714769611831,-3.5310791420374326,1 days 00:42:52.774869108,false
XMR-USD,false,28,49,157,25.64102564102564,0.5660525368881079,0.21487603305785125,0.0001,0.00003944773175542406,6.487603305785124,12.933884297520661,0.0006487603305785124,-1.0393243606539175,0,0,17424,726 days 01:00:00,1000.0,409.9750725590761,-59.002492744092386,34.915698157888286,100.0,187.81458878549319,62.903143107138796,722 days 11:00:00,156,1,18.19502218838545,21.322008276614877,-8.222010603968497,3.796328682806642,-2.02801007501635,5 days 21:56:59.999999999,1 days 10:06:43.448275862,-3.8988458309571143,-0.7440666451078806,-0.5743138605815281,0.9691070049619067,0.1305636653312168,23.205572012577473,0.9934833161296611,0.39010769844435583,-0.007505915383561973,None,None,-0.00003908559499995301,-0.2363896785597158,-0.5900249274409259,-0.2661742536214704,0.3823515326958921,-2.6898557341538454,2 days 13:45:46.153846152,false
XMR-USD,false,30,46,157,25.64102564102564,0.5544656015281993,0.21487603305785125,0.0001,0.00003944773175542406,6.487603305785124,12.933884297520661,0.0006487603305785124,-1.1062139514776952,0,0,17424,726 days 01:00:00,1000.0,392.33425443984447,-60.76657455601555,34.915698157888286,100.0,184.3851653328251,64.24040923612246,722 days 11:00:00,156,1,17.412108546594595,21.322008276614895,-8.222010603968483,3.77312598582454,-2.0574254253391775,5 days 21:37:30,1 days 10:09:18.620689655,-4.006909321197114,-0.7926258719223891,-0.5841021590267247,0.9671159570009673,0.12675200545256354,23.234516344298683,0.9914621016409826,0.38966424754765133,-0.00752074757873621,None,None,-0.0000416192909189393,-0.25171347147774487,-0.6076657455601564,-0.27729152323267836,0.3821944508091381,-2.7403797650337673,2 days 13:42:41.538461538,false
XMR-USD,false,30,47,157,25.64102564102564,0.5546583654993441,0.21487603305785125,0.0001,0.00003944773175542406,6.487603305785124,12.933884297520661,0.0006487603305785124,-1.1136816757610837,0,0,17424,726 days 01:00:00,1000.0,390.1398188997408,-60.98601811002592,34.915698157888286,100.0,184.08765102098397,64.39465803049833,722 days 11:00:00,156,1,17.314717739163484,21.322008276614874,-8.222010603968494,3.804892985422323,-2.0734645876320146,5 days 22:25:30,1 days 09:54:49.655172413,-4.02035191563732,-0.798053912360167,-0.5854349767313306,0.9669052496676093,0.12656991118362362,23.188982235394448,0.9896350337460574,0.3903295300406926,-0.007524405358265838,None,None,-0.00004192768457213082,-0.2535786362922472,-0.6098601811002602,-0.2786971288212221,0.38240766856922487,-2.7466647189538644,2 days 13:44:13.846153844,false
XMR-USD,false,41,56,118,25.64102564102564,0.6684007566095705,0.16115702479338842,0.0001,0.00003944773175542406,4.87603305785124,9.710743801652892,0.00048760330578512403,-0.5346545869175624,0,0,17424,726 days 01:00:00,1000.0,565.1283430334595,-43.48716569665405,34.915698157888286,100.0,173.19665619349175,49.25340586697829,635 days 19:00:00,117,1,26.619956124265286,19.030357656560124,-8.039372144347585,4.564390746062951,-2.1714619627596345,7 days 14:34:00,1 days 23:47:35.172413793,-3.9443727614598814,-0.3836802373921762,-0.5063983092306616,0.9838477779466092,-0.08297015404122605,26.06992268275326,0.986446319416194,0.39366552027513396,-0.00747735489830205,None,None,-0.000020382820353718383,-0.12327529749928878,-0.4348716569665333,-0.1796987971987435,0.3866809625494123,-2.2454903665395927,3 days 10:21:01.538461537,false
XMR-USD,false,39,58,122,25.6198347107438,0.6446938688588286,0.16666666666666666,0.0001,0.00003941513032422123,5.041322314049587,10.041322314049587,0.0005041322314049588,-0.633881435538407,0,0,17424,726 days 01:00:00,1000.0,528.6864992599234,-47.13135007400766,34.915698157888286,100.0,174.8137180089321,51.82424602400837,635 days 19:00:00,121,1,24.90338980035426,19.030357656560135,-8.039372144347578,4.37050047961004,-2.157165537910882,7 days 10:13:32.903225806,1 days 21:38:40,-4.100966037524222,-0.4553827452400633,-0.5290069902234437,0.9808586119331004,-0.08844982069079631,26.03614594849401,0.9862457523973371,0.39299704212966663,-0.007489941431631943,None,None,-0.000024199799454494266,-0.14636038710078134,-0.47131350074007794,-0.19845934099022644,0.38680594507194666,-2.349861310545199,3 days 07:36:41.652892561,false
XMR-USD,false,15,17,380,25.593667546174142,0.41884813123904874,0.522038567493113,0.0001,0.00003937487314796022,15.702479338842975,31.363636363636363,0.0015702479338842977,-3.204039504560722,0,0,17424,726 days 01:00:00,1000.0,95.5892356785946,-90.44107643214055,34.915698157888286,100.0,291.24558765181075,90.86567436524099,725 days 03:00:00,379,1,3.9878542155926624,19.69681006510062,-11.595387641454277,2.083895119496833,-1.5237033087628693,2 days 07:54:25.979381443,0 days 14:16:10.212765957,-2.396830128065955,-2.349510307721869,-0.7624410855859791,0.9048809410720822,-0.4308418909322605,36.51873222929511,1.0087925624801453,0.3677394034536891,-0.0076509134710113095,None,None,-0.00012274472499919232,-0.7423600967951152,-0.9044107643214059,-0.5572967740148524,0.38026243675320814,-3.5902697412254883,1 days 00:55:34.036939312,false
XMR-USD,false,24,78,130,25.581395348837212,0.7038574290425809,0.17768595041322313,0.0001,0.00003935599284436494,5.371900826446281,10.702479338842975,0.0005371900826446281,-0.37330722789578125,0,0,17424,726 days 01:00:00,1000.0,635.6894872322813,-36.43105127677187,34.915698157888286,100.0,188.70337310297623,49.15512575906125,635 days 19:00:00,129,1,29.63172249068657,22.539138995468825,-7.677465801481986,4.291495127044422,-1.8947809855435624,6 days 22:10:54.545454545,1 days 19:17:30,-3.05381577719694,-0.26533838172315133,-0.41436710340407357,0.9888937832545508,0.19551209194841482,23.266754579165916,0.990697236962613,0.39511609287429944,-0.007446826610916522,None,None,-0.000013930741072966441,-0.08425312200930103,-0.3643105127677101,-0.14550641712057089,0.38214843768795576,-2.0434003384962023,3 days 02:43:43.255813953,false
XMR-USD,false,30,62,130,25.581395348837212,0.6296526633641879,0.17768595041322313,0.0001,0.00003935599284436494,5.371900826446281,10.702479338842975,0.0005371900826446281,-0.7053450831395539,0,0,17424,726 days 01:00:00,1000.0,511.6933371270625,-48.83066628729375,34.915698157888286,100.0,175.19970386049692,56.03166337036613,635 days 19:00:00,129,1,23.851825884517325,22.46457772688538,-8.721267796798305,4.338529087198958,-2.1338037314650804,6 days 20:25:27.272727272,1 days 19:50:37.500000,-3.970220843081039,-0.5036600491482578,-0.5103862497073048,0.9790186356724364,0.14989129092520248,23.09695260398765,0.9877829937537353,0.39288569144684243,-0.007468294324475319,None,None,-0.0000264105569748865,-0.15973104858411355,-0.488306662872935,-0.2074969897202772,0.3816787673614445,-2.3985304279605746,3 days 02:41:23.720930232,false
XMR-USD,false,30,71,130,25.581395348837212,0.5962646421294884,0.17768595041322313,0.0001,0.00003935599284436494,5.371900826446281,10.702479338842975,0.0005371900826446281,-0.7671489383549698,0,0,17424,726 days 01:00:00,1000.0,484.58094669604316,-51.541905330395686,34.915698157888286,100.0,177.03333085941404,55.674446254489396,635 days 19:00:00,129,1,24.75663623073291,19.444522749107417,-7.78017555830675,3.8398577761958927,-2.038818462015337,6 days 22:45:27.272727272,1 days 19:01:15,-4.187408446005348,-0.551548148158141,-0.5482854908241491,0.9768924472863726,-0.08823050142024477,26.202236455655743,0.9856431125307951,0.39255174618396876,-0.00748783501643031,None,None,-0.000029249748144312168,-0.1769024767768,-0.5154190533039605,-0.22233136764444628,0.38600830130233504,-2.476181432698952,3 days 02:40:27.906976743,false
XMR-USD,false,31,60,130,25.581395348837212,0.6403959745438204,0.17768595041322313,0.0001,0.00003935599284436494,5.371900826446281,10.702479338842975,0.0005371900826446281,-0.6813045044437082,0,0,17424,726 days 01:00:00,1000.0,519.6254120361067,-48.03745879638933,34.915698157888286,100.0,177.88154488588177,55.51962360558027,635 days 19:00:00,129,1,24.221567790276083,22.766516632900537,-8.721267796798317,4.3991071220951445,-2.1355196593255563,6 days 20:27:16.363636363,1 days 19:51:52.500000,-3.911598106621468,-0.4864799996600652,-0.5051092715545186,0.9797369317357177,0.14943285606090084,23.062836191750893,0.9867051887181894,0.39355406269993604,-0.007487835016430329,None,None,-0.000025518997429448966,-0.15433889645330734,-0.4803745879638973,-0.2032543879864397,0.3818181441456014,-2.375812638176806,3 days 02:42:47.441860464,false
XMR-USD,false,31,61,130,25.581395348837212,0.6234293665591967,0.17768595041322313,0.0001,0.00003935599284436494,5.371900826446281,10.702479338842975,0.0005371900826446281,-0.7416731823456809,0,0,17424,726 days 01:00:00,1000.0,498.79329716073937,-50.12067028392606,34.915698157888286,100.0,174.98273467869944,55.42462311164633,635 days 19:00:00,129,1,23.25050965689627,22.464577726885356,-8.7212677967983,4.311448284986374,-2.150977856033852,6 days 21:12:43.636363636,1 days 19:32:30,-4.065559786791918,-0.5305154303017382,-0.5324074965841527,0.9779044626712388,0.11992337309642205,23.086526466988403,0.987261447554288,0.39255174618396876,-0.007466933014796114,None,None,-0.000027848716742092474,-0.16842903885617527,-0.501206702839259,-0.21448946527728974,0.3820895077936835,-2.435476674625869,3 days 02:39:59.999999999,false
XMR-USD,false,32,58,130,25.581395348837212,0.6472656466536968,0.17768595041322313,0.0001,0.00003935599284436494,5.371900826446281,10.702479338842975,0.0005371900826446281,-0.659648536686863,0,0,17424,726 days 01:00:00,1000.0,526.1918602111018,-47.38081397888982,34.915698157888286,100.0,178.83444692584206,55.59120423496119,635 days 19:00:00,129,1,24.527653031543935,22.842500238925666,-8.721267796798307,4.4569414600052335,-2.141851032445219,6 days 20:20:00,1 days 19:50:37.500000,-3.86306816139878,-0.471310970225309,-0.49626145590859133,0.980337061154873,0.13145335036829217,23.084920551530804,0.986513981662148,0.39344262295081966,-0.007477354898302059,None,None,-0.000024760924473354087,-0.14975407121484552,-0.47380813978889624,-0.1997740942760684,0.3823994432367588,-2.357006059699407,3 days 02:39:59.999999999,false
XMR-USD,false,34,63,130,25.581395348837212,0.5944248492270362,0.17768595041322313,0.0001,0.00003935599284436494,5.371900826446281,10.702479338842975,0.0005371900826446281,-0.8236916044174655,0,0,17424,726 days 01:00:00,1000.0,466.89935867407223,-53.31006413259277,34.915698157888286,100.0,175.8449384520607,57.398833545860754,635 days 19:00:00,129,1,21.99295185875235,18.666461141192784,-8.721267796798314,3.953085622538039,-2.1112821395737122,6 days 20:50:54.545454545,1 days 19:40:00,-4.303051109958759,-0.5925751842564994,-0.5542218216868227,0.9751815986222987,-0.09163142643930743,26.23973391994113,0.9843177195055217,0.39232920495405516,-0.007487835016430384,None,None,-0.00003140149965036733,-0.18991626988542162,-0.5331006413259287,-0.2323000216500164,0.38571353013099513,-2.5268222302623142,3 days 02:39:59.999999998,false
XMR-USD,false,39,52,130,25.581395348837212,0.6300640637495525,0.17768595041322313,0.0001,0.00003935599284436494,5.371900826446281,10.702479338842975,0.0005371900826446281,-0.7444628484236189,0,0,17424,726 days 01:00:00,1000.0,497.23601684748934,-50.27639831525107,34.915698157888286,100.0,176.38997288770864,54.63135320123703,635 days 19:00:00,129,1,25.403167982238756,22.54037460663628,-8.721267796798319,4.4130113758393135,-2.1865478571013974,6 days 18:21:49.090909091,1 days 20:30:37.500000,-4.094319001044574,-0.5317345386885691,-0.5421650697128269,0.9778161977094396,0.15164274240249814,23.163834978394334,0.9877776504163397,0.3921067348406168,-0.007487835016430421,None,None,-0.000027975261089637942,-0.16919437907013027,-0.5027639831525088,-0.21534154528567706,0.38294572181302655,-2.439936789689896,3 days 02:39:32.093023254,false
XMR-USD,false,40,51,130,25.581395348837212,0.6297224862390594,0.17768595041322313,0.0001,0.00003935599284436494,5.371900826446281,10.702479338842975,0.0005371900826446281,-0.7522057806011171,0,0,17424,726 days 01:00:00,1000.0,494.65788555380163,-50.534211444619835,34.915698157888286,100.0,176.71635411638766,55.10881061638441,635 days 19:00:00,129,1,25.271454469711898,22.540374606636266,-8.721267796798319,4.4079898235463375,-2.1902500732364047,6 days 18:56:21.818181818,1 days 20:17:30,-4.113283479968299,-0.5372696163654681,-0.5408010534408996,0.977590139591715,0.15208882158248557,23.15281941146383,0.9875513189231965,0.39199552644192365,-0.007489941431631789,None,None,-0.000028270305137387768,-0.17097880547092123,-0.5053421144462005,-0.21675603142852018,0.3829976942095069,-2.4473206640779415,3 days 02:38:36.279069767,false
XMR-USD,false,23,80,134,25.563909774436087,0.6917110473028805,0.18319559228650137,0.0001,0.000039329091960670906,5.537190082644628,11.03305785123967,0.0005537190082644628,-0.41348119149769524,0,0,17424,726 days 01:00:00,1000.0,619.4524285027835,-38.05475714972165,34.915698157888286,100.0,192.42138639905406,49.58936470621582,635 days 19:00:00,133,1,32.172062573785865,22.539138995468814,-7.667891305517978,4.15562803497168,-1.8672762075413993,6 days 20:00:00,1 days 17:06:03.636363636,-3.1031551433910023,-0.29386165416283955,-0.4314913917784632,0.9877141606444023,0.19842412836923673,23.287057059115224,0.9927208220426404,0.3947810774033458,-0.007446826610916501,None,None,-0.000015423360894338564,-0.09328048668895964,-0.38054757149721796,-0.15314596909405398,0.3820269896312174,-2.0899039445706795,3 days 00:31:07.669172931,false
XMR-USD,false,28,64,134,25.563909774436087,0.6316229872571488,0.18319559228650137,0.0001,0.000039329091960670906,5.537190082644628,11.03305785123967,0.0005537190082644628,-0.6756366990690992,0,0,17424,726 days 01:00:00,1000.0,521.5629115251512,-47.843708847484876,34.915698157888286,100.0,178.82144747563646,57.29790638824297,635 days 19:00:00,133,1,24.311881454947866,22.76651663290051,-7.430599770122945,4.263661856579404,-2.0705270647058764,6 days 15:51:10.588235294,1 days 18:30:54.545454545,-3.780067443081169,-0.48237332672693634,-0.4870809704986557,0.9798960472056087,0.1482697365289384,23.125749565357857,0.9888566897831849,0.39355406269993604,-0.007461921798605252,None,None,-0.00002530449400418195,-0.15304157973729243,-0.47843708847484767,-0.20222451892192228,0.3818319950949969,-2.3702635597070496,3 days 00:30:40.601503758,false
XMR-USD,false,30,59,134,25.563909774436087,0.6604003804902894,0.18319559228650137,0.0001,0.000039329091960670906,5.537190082644628,11.03305785123967,0.0005537190082644628,-0.6080812531441304,0,0,17424,726 days 01:00:00,1000.0,545.6083477779327,-45.439165222206725,34.915698157888286,100.0,183.38988374117915,56.40391952169418,635 days 19:00:00,133,1,25.432723797822064,22.842500238925656,-8.0590423853915,4.451836990905017,-2.0821560361338247,6 days 16:52:56.470588235,1 days 18:06:40,-3.6077020753375058,-0.4334650533691843,-0.46550992591950296,0.981912855359151,0.16316509946425384,23.115419698817888,0.9894936535110508,0.39366552027513396,-0.007460189988399752,None,None,-0.00002272902111277123,-0.13746511969004038,-0.4543916522220649,-0.18964618398859656,0.3816669783876587,-2.3013964382648595,3 days 00:28:25.263157893,false
XMR-USD,false,35,56,134,25.563909774436087,0.6085164909117717,0.18319559228650137,0.0001,0.000039329091960670906,5.537190082644628,11.03305785123967,0.0005537190082644628,-0.8194109874188055,0,0,17424,726 days 01:00:00,1000.0,473.47626972635203,-52.652373027364796,34.915698157888286,100.0,176.2890049720425,57.12130299061753,635 days 19:00:00,133,1,24.189312133339342,22.464577726885377,-8.721267796798314,4.214831645445343,-2.152194240939118,6 days 18:54:42.352941176,1 days 17:28:29.090909090,-4.140699566969833,-0.5864119914900715,-0.5484903717737071,0.975615750033208,0.11991104033916315,23.002648048818106,0.9867338782387133,0.39277435856446324,-0.007489941431631902,None,None,-0.00003081376338749192,-0.18636164096755112,-0.5265237302736525,-0.22856371167927436,0.3824721746443657,-2.507985685672717,3 days 00:31:07.669172931,false
XMR-USD,false,39,48,134,25.563909774436087,0.6302317944133858,0.18319559228650137,0.0001,0.000039329091960670906,5.537190082644628,11.03305785123967,0.0005537190082644628,-0.7615621298690834,0,0,17424,726 days 01:00:00,1000.0,492.3285380141613,-50.767146198583866,34.915698157888286,100.0,184.29147305385405,56.4559990067482,635 days 19:00:00,133,1,22.949164498846528,22.842500238925666,-8.721267796798314,4.230321612967873,-2.1144799131355274,6 days 19:56:28.235294117,1 days 17:01:12.727272727,-3.9896287705615547,-0.5450993671384539,-0.5308431132339418,0.9773070890546366,0.11491783764204545,23.080808590078114,0.9840580929205175,0.39366552027513396,-0.00747735489830209,None,None,-0.000028604986963016467,-0.17300296115232358,-0.50767146198584,-0.2180381679321216,0.38196539663852047,-2.4539920115306173,3 days 00:26:36.992481202,false
XMR-USD,false,39,50,134,25.563909774436087,0.6198779986188914,0.18319559228650137,0.0001,0.000039329091960670906,5.537190082644628,11.03305785123967,0.0005537190082644628,-0.7803930485998822,0,0,17424,726 days 01:00:00,1000.0,486.01105969225785,-51.39889403077421,34.915698157888286,100.0,182.13124188050415,56.601361716240184,635 days 19:00:00,133,1,24.829698920171097,22.54037460663628,-8.721267796798324,4.151383112603128,-2.1086876723449874,6 days 19:58:14.117647058,1 days 17:02:25.454545454,-4.0512679641196545,-0.5584845472138464,-0.5374868893293208,0.9767496137892304,0.11865758581643507,23.060123596982795,0.9860898440736832,0.39288569144684243,-0.007477354898302251,None,None,-0.000029328714350996986,-0.17738006439482978,-0.5139889403077424,-0.22153553884012978,0.38224323593056253,-2.4720855300773064,3 days 00:27:58.195488720,false
XMR-USD,false,44,45,134,25.563909774436087,0.6115928474409406,0.18319559228650137,0.0001,0.000039329091960670906,5.537190082644628,11.03305785123967,0.0005537190082644628,-0.7864859428800753,0,0,17424,726 days 01:00:00,1000.0,484.18794304846256,-51.58120569515374,34.915698157888286,100.0,180.10302333204697,56.44340205341574,635 days 19:00:00,133,1,24.736558164505027,22.540374606636266,-8.721267796798307,4.084295191020227,-2.090718302072975,6 days 20:00:00,1 days 17:00:36.363636363,-4.064275301624376,-0.5626975709142968,-0.5413178832456649,0.9765775153394954,0.12136582894940748,23.06958888698882,0.9875167746762908,0.39232920495405516,-0.007468294324475328,None,None,-0.00002954695022697979,-0.17869995497277377,-0.5158120569515351,-0.22255033473376873,0.38220429626387076,-2.477307011359311,3 days 00:27:04.060150374,false
XMR-USD,false,21,82,138,25.547445255474454,0.6261792950831297,0.1887052341597796,0.0001,0.00003930376193149916,5.702479338842975,11.363636363636363,0.0005702479338842975,-0.6561042885766751,0,0,17424,726 days 01:00:00,1000.0,528.3033149282019,-47.169668507179814,34.915698157888286,100.0,187.76993456964118,52.11786988747518,722 days 11:00:00,137,1,23.44652438821413,22.53913899546883,-7.007675914303723,3.868950456289292,-1.9092845908724208,6 days 15:56:34.285714285,1 days 15:54:42.352941176,-3.6141840106570164,-0.46765420716541795,-0.526534196119114,0.9805669040856652,0.1697591482860501,23.03609864369856,0.9901043329399938,0.39511609287429944,-0.007468294324475209,None,None,-0.00002455057413643061,-0.14848187237713234,-0.4716966850717975,-0.1986610275058308,0.3821155852536388,-2.3509587662798337,2 days 22:34:35.912408758,false
XMR-USD,false,22,79,138,25.547445255474454,0.6394554516162352,0.1887052341597796,0.0001,0.00003930376193149916,5.702479338842975,11.363636363636363,0.0005702479338842975,-0.6305097835650699,0,0,17424,726 days 01:00:00,1000.0,537.1320647256008,-46.28679352743992,34.915698157888286,100.0,188.50554506791156,51.59925275071351,635 days 19:00:00,137,1,23.838351377734966,22.539138995468814,-7.007675914303722,3.994868034168225,-1.9351868989524939,6 days 12:51:25.714285714,1 days 16:57:03.529411764,-3.5526006324973283,-0.4494244885306115,-0.5200611912638745,0.9813046215476218,0.167608515781514,23.03406886463584,0.9908511602250198,0.3950044031702826,-0.007466933014796045,None,None,-0.000023596451750631788,-0.14271134018782106,-0.46286793527440384,-0.19403810073299288,0.3821623629456256,-2.3256728626227576,2 days 22:33:43.357664232,false
XMR-USD,false,13,20,377,25.53191489361702,0.4218636108077174,0.5179063360881543,0.0001,0.00003927986906710311,15.578512396694215,31.115702479338843,0.0015578512396694215,-3.184207270274513,0,0,17424,726 days 01:00:00,1000.0,97.32590183472144,-90.26740981652786,34.915698157888286,100.0,291.92521817093524,90.6997218489738,725 days 03:00:00,376,1,4.060305589459389,19.69681006510061,-11.59538764145428,2.044276029856846,-1.5085495096330896,2 days 08:32:30,0 days 14:21:12.857142857,-2.411527669560477,-2.3347860058696903,-0.7607564116763351,0.9054829839718256,-0.4316827697405018,36.73913275059174,1.0076588582297341,0.3680615529559551,-0.007638748123339167,None,None,-0.00012175486837252462,-0.7363734439170289,-0.9026740981652787,-0.5545215300471846,0.3795746482585598,-3.585295857706752,1 days 01:07:29.999999999,false
XMR-USD,false,19,83,142,25.53191489361702,0.6166963464851629,0.19421487603305784,0.0001,0.00003927986906710311,5.867768595041323,11.694214876033058,0.0005867768595041323,-0.701704117208634,0,0,17424,726 days 01:00:00,1000.0,512.2120897652666,-48.778791023473346,34.915698157888286,100.0,188.89255790563732,54.91245973811131,722 days 11:00:00,141,1,22.732382923343152,22.841261583819332,-7.172505688054693,3.8015079984571023,-1.8984986426837145,6 days 12:58:20,1 days 14:23:25.714285714,-3.620711298993455,-0.5007200463267666,-0.5201261949624123,0.9792139122774121,0.15950708634868938,22.979584093324675,0.9917119828757651,0.39522780046440864,-0.0075059153835620295,None,None,-0.000026306657425711345,-0.1591026641107022,-0.48778791023473567,-0.20721821923245598,0.3824094667309218,-2.397044699003192,2 days 20:39:59.999999999,false
XMR-USD,false,19,85,142,25.53191489361702,0.6145651776605895,0.19421487603305784,0.0001,0.00003927986906710311,5.867768595041323,11.694214876033058,0.0005867768595041323,-0.7031773521945665,0,0,17424,726 days 01:00:00,1000.0,511.6335980963683,-48.83664019036317,34.915698157888286,100.0,190.12480942189896,53.789150768653215,722 days 11:00:00,141,1,22.706708999595264,22.841261583819307,-7.00767591430372,3.749621303523166,-1.8823950174936623,6 days 12:55:00,1 days 14:20:00,-3.6246319922214685,-0.5018021771120165,-0.5317425724664807,0.9791649707178374,0.15953549167042919,22.964492883090987,0.990474474938894,0.39511609287429944,-0.007517332111407805,None,None,-0.000026367682593562514,-0.15947174432586608,-0.48836640190363045,-0.20752910449492923,0.38246999068352655,-2.3987015230090654,2 days 20:36:35.744680850,false
XMR-USD,false,22,72,142,25.53191489361702,0.6381118411296167,0.19421487603305784,0.0001,0.00003927986906710311,5.867768595041323,11.694214876033058,0.0005867768595041323,-0.6383665534785488,0,0,17424,726 days 01:00:00,1000.0,534.7645855680507,-46.52354144319493,34.915698157888286,100.0,188.82463855282367,56.43726934814922,722 days 11:00:00,141,1,23.733280755920475,22.76651663290051,-7.007675914303746,4.023311166172109,-1.9314456631151045,6 days 14:05:00,1 days 13:48:34.285714285,-3.467863086438796,-0.45527237105538704,-0.47835533023681504,0.9810433135703339,0.1609272989400704,23.100450745302886,0.9929902587325461,0.39422307569211074,-0.00746693301479605,None,None,-0.000023876706738365665,-0.14440632235363554,-0.46523541443195393,-0.19527286646738373,0.3817342033120271,-2.332453420602279,2 days 20:31:03.829787233,false
XMR-USD,false,24,68,142,25.53191489361702,0.6373674901441134,0.19421487603305784,0.0001,0.00003927986906710311,5.867768595041323,11.694214876033058,0.0005867768595041323,-0.6496915854878785,0,0,17424,726 days 01:00:00,1000.0,530.3951063644947,-46.96048936355053,34.915698157888286,100.0,189.43108760441453,56.777402140530405,635 days 19:00:00,141,1,23.539359768080544,22.76651663290053,-7.007675914303728,4.039251650713536,-1.9426365214732473,6 days 13:55:00,1 days 13:43:25.714285714,-3.4974769744935132,-0.46371655464923295,-0.48078202230455747,0.9806684207627338,0.1519996326808422,23.09933517097695,0.9908256282076782,0.39388848892088635,-0.007466933014796064,None,None,-0.000024333430790206332,-0.14716858941916788,-0.46960489363550695,-0.19756118676834977,0.3819519122338676,-2.344967789307717,2 days 20:24:40.851063828,false
XMR-USD,false,24,69,142,25.53191489361702,0.6221919360115031,0.19421487603305784,0.0001,0.00003927986906710311,5.867768595041323,11.694214876033058,0.0005867768595041323,-0.7132351156688783,0,0,17424,726 days 01:00:00,1000.0,508.91606897654697,-49.1083931023453,34.915698157888286,100.0,186.75060348403878,58.13093798919359,635 days 19:00:00,141,1,22.58610287999852,22.76651663290054,-7.007675914303733,4.026113354428783,-1.9773625958665813,6 days 14:00:00,1 days 13:41:08.571428571,-3.643049885840073,-0.5093106271366046,-0.4953108105020631,0.9787898680512629,0.15012084662253816,23.13813425654525,0.9911292279168934,0.39321979691372827,-0.0074682943244753905,None,None,-0.000026715280101499115,-0.16157401405386665,-0.4910839310234564,-0.20899260229507766,0.3817991332863915,-2.4064846385221297,2 days 20:24:15.319148935,false
XMR-USD,false,27,59,142,25.53191489361702,0.6293521151662415,0.19421487603305784,0.0001,0.00003927986906710311,5.867768595041323,11.694214876033058,0.0005867768595041323,-0.7634009041102495,0,0,17424,726 days 01:00:00,1000.0,493.23751706344433,-50.67624829365557,34.915698157888286,100.0,187.26417435127814,57.044154737394514,635 days 19:00:00,141,1,21.890276184585105,22.166403311106542,-7.007675914303727,4.188307967701358,-2.058783981088549,6 days 12:05:00,1 days 14:20:00,-3.7493103483768833,-0.5459614368841578,-0.5242308771204724,0.9773070901284066,0.12219282821245961,23.018398013949316,0.9902291732973126,0.39299704212966663,-0.0074669330147960145,None,None,-0.000028568305532530914,-0.17278111186074696,-0.506762482936558,-0.21753737079404012,0.38087323804304013,-2.451388658032794,2 days 20:23:49.787234042,false
XMR-USD,false,27,62,142,25.53191489361702,0.606760286635477,0.19421487603305784,0.0001,0.00003927986906710311,5.867768595041323,11.694214876033058,0.0005867768595041323,-0.8305205500540096,0,0,17424,726 days 01:00:00,1000.0,472.11838572913894,-52.78816142708611,34.915698157888286,100.0,185.17433671253897,59.95076083105424,635 days 19:00:00,141,1,20.952992215517156,22.766516632900537,-7.667891305517981,4.044334105319533,-2.0506514091110626,6 days 14:26:40,1 days 13:24:34.285714285,-3.892444017633892,-0.5948001375264605,-0.5242562492169855,0.97530895498497,0.10749366940466026,23.033385848951408,0.9878205542853263,0.39244046667732146,-0.0074682943244753,None,None,-0.00003109851763293732,-0.1880838346440049,-0.5278816142708669,-0.22933232971592432,0.3805630089033392,-2.5118747214613553,2 days 20:18:43.404255318,false
XMR-USD,false,27,63,142,25.53191489361702,0.6306603029993262,0.19421487603305784,0.0001,0.00003927986906710311,5.867768595041323,11.694214876033058,0.0005867768595041323,-0.705065597837283,0,0,17424,726 days 01:00:00,1000.0,512.063436017892,-48.79365639821081,34.915698157888286,100.0,185.76017997063863,59.81892530396262,635 days 19:00:00,141,1,26.59467643888877,22.76651663290053,-7.667891305517989,4.196489549094772,-2.0281878935999296,6 days 15:20:00,1 days 13:13:42.857142857,-3.649157733482249,-0.5032530935273571,-0.477638678506059,0.9790470888288211,0.15259664946290244,23.133039138440143,0.9919921784899012,0.39299704212966663,-0.007458196364188628,None,None,-0.000026378733055237847,-0.15953857751807848,-0.4879365639821065,-0.20729808484827938,0.3815271286630529,-2.3974704494685057,2 days 20:24:15.319148935,false
XMR-USD,false,28,60,142,25.53191489361702,0.6060319917144198,0.19421487603305784,0.0001,0.00003927986906710311,5.867768595041323,11.694214876033058,0.0005867768595041323,-0.8350514338540304,0,0,17424,726 days 01:00:00,1000.0,470.59239731900357,-52.94076026809964,34.915698157888286,100.0,184.3867451027185,60.539551880191,635 days 19:00:00,141,1,24.44082443891307,22.842500238925673,-7.667891305517974,4.108035859060341,-2.080621077427108,6 days 14:31:40,1 days 13:29:42.857142857,-3.9280030292192203,-0.5979095877802231,-0.5209994311071691,0.9751908472622879,0.10964251112485725,22.997862194046,0.9882859837667239,0.39288569144684243,-0.007477354898302114,None,None,-0.00003127428294467721,-0.18914686324940777,-0.5294076026810004,-0.2301978261659534,0.3807235906735292,-2.516245215223888,2 days 20:23:49.787234042,false
XMR-USD,false,29,58,142,25.53191489361702,0.6119448379354163,0.19421487603305784,0.0001,0.00003927986906710311,5.867768595041323,11.694214876033058,0.0005867768595041323,-0.8245391752385631,0,0,17424,726 days 01:00:00,1000.0,473.8007935819908,-52.619920641800924,34.915698157888286,100.0,185.7247010750758,59.97975842993783,635 days 19:00:00,141,1,24.607456645979937,22.84250023892566,-8.05904238539151,4.152920082133567,-2.088401726416699,6 days 14:16:40,1 days 13:37:08.571428571,-3.906430234496388,-0.5901567764970146,-0.521956539766734,0.9755079874559339,0.11438661204747118,22.96984015606828,0.9890015885842921,0.39299704212966663,-0.007477354898302134,None,None,-0.00003087765409330991,-0.1867480519563383,-0.5261992064180063,-0.22838023100822502,0.380833236642275,-2.5070562359616697,2 days 20:25:31.914893615,false
XMR-USD,false,21,73,146,25.517241379310345,0.6100661684256444,0.19972451790633608,0.0001,0.00003925729442970822,6.033057851239669,12.024793388429753,0.000603305785123967,-0.781604598811415,0,0,17424,726 days 01:00:00,1000.0,487.5574943332076,-51.24425056667924,34.915698157888286,100.0,192.44510608710664,56.03749839196311,722 days 11:00:00,145,1,21.63819222503588,22.090837561254002,-7.172505688054691,3.8083667600010878,-1.9296151331708387,6 days 08:38:55.135135135,1 days 13:06:40,-3.683315157874679,-0.5590225786710485,-0.5409106592614584,0.9767983709794065,0.12023440002710913,23.02710579866309,0.9908915805586657,0.39355406269993604,-0.007466933014795941,None,None,-0.000029241394802182757,-0.17685195576360133,-0.5124425056667997,-0.2206766981017354,0.3807383991790713,-2.4676564774661953,2 days 18:35:35.172413792,false
XMR-USD,false,25,64,146,25.517241379310345,0.6081033345344996,0.19972451790633608,0.0001,0.00003925729442970822,6.033057851239669,12.024793388429753,0.000603305785123967,-0.8464875640869332,0,0,17424,726 days 01:00:00,1000.0,466.51194571598626,-53.34880542840137,34.915698157888286,100.0,188.2200548699487,58.93639852987484,722 days 11:00:00,145,1,20.70417391590587,22.09083756125398,-7.00767591430374,4.018772329080679,-2.03513581416094,6 days 12:45:24.324324324,1 days 11:36:40,-3.822015366895993,-0.6060337988928403,-0.5402457030197704,0.9748478037369213,0.11336324482291399,22.962392789365836,0.9901263058512605,0.39266304347826086,-0.007477354898302078,None,None,-0.0000317419014711976,-0.1919750200978031,-0.5334880542840097,-0.23252117782437098,0.38123611731526696,-2.5279317969573127,2 days 18:31:26.896551723,false
XMR-USD,false,27,58,146,25.517241379310345,0.641516175760988,0.19972451790633608,0.0001,0.00003925729442970822,6.033057851239669,12.024793388429753,0.000603305785123967,-0.7398804787269895,0,0,17424,726 days 01:00:00,1000.0,500.4494121005313,-49.95505878994687,34.915698157888286,100.0,195.12955710487273,56.10647056355668,635 days 19:00:00,145,1,22.210345864434316,22.166403311106535,-7.007675914303745,4.146595554723236,-2.012452978764449,6 days 10:09:43.783783783,1 days 12:34:26.666666666,-3.5983512673372653,-0.528289921876816,-0.5238418854311822,0.9780184984949678,0.15258239770701876,23.113177641455817,0.9913316312457127,0.39366552027513396,-0.007466933014796065,None,None,-0.000027693325436765238,-0.16748923224155615,-0.49955058789946694,-0.21358521064382563,0.3815581442270415,-2.430733493113923,2 days 18:34:45.517241377,false
XMR-USD,false,32,48,146,25.517241379310345,0.6543802727606357,0.19972451790633608,0.0001,0.00003925729442970822,6.033057851239669,12.024793388429753,0.000603305785123967,-0.7356571187332085,0,0,17424,726 days 01:00:00,1000.0,501.5389019725657,-49.84610980274343,34.915698157888286,100.0,198.8185615183713,54.577660753723976,635 days 19:00:00,145,1,22.258698297844376,22.166403311106546,-8.0590423853915,4.262391224646064,-2.047375345262127,6 days 08:30:48.648648648,1 days 13:09:59.999999999,-3.591171009139848,-0.5251459168937537,-0.5371003974751142,0.9781311505219741,0.15870810883800207,23.08319111544824,0.9920419958158664,0.39366552027513396,-0.0075059153835620104,None,None,-0.000027549992253105117,-0.16662235314677976,-0.49846109802743754,-0.21299140367801306,0.3818558358774507,-2.4276131491726165,2 days 18:35:59.999999999,false
XMR-USD,false,33,47,146,25.517241379310345,0.6571354472442789,0.19972451790633608,0.0001,0.00003925729442970822,6.033057851239669,12.024793388429753,0.000603305785123967,-0.7036937007442174,0,0,17424,726 days 01:00:00,1000.0,512.2655161548184,-48.773448384518154,34.915698157888286,100.0,199.44986861513675,53.721772369979384,635 days 19:00:00,145,1,22.73475402931615,22.166403311106553,-8.059042385391505,4.212320198082423,-2.011540356121462,6 days 08:30:48.648648648,1 days 13:08:19.999999999,-3.5204775025827413,-0.5021707789118052,-0.531584524410744,0.9790724603404037,0.1594462440795235,23.100743236349114,0.9932013515363741,0.39344262295081966,-0.007468294324475342,None,None,-0.000026339950922220916,-0.1593040231775921,-0.48773448384518425,-0.20718951910201988,0.38178729154107216,-2.3968916836193657,2 days 18:34:45.517241378,false
XMR-USD,false,15,16,393,25.510204081632654,0.4125368532275436,0.5399449035812672,0.0001,0.00003924646781789639,16.239669421487605,32.43801652892562,0.0016239669421487606,-3.294981418227892,0,0,17424,726 days 01:00:00,1000.0,89.8801267621078,-91.01198732378923,34.915698157888286,100.0,294.53688137790317,91.41122595959455,725 days 03:00:00,392,1,3.749677878076568,19.696810065100617,-11.52063710364104,2.014958704553102,-1.4906752619304307,2 days 05:25:48,0 days 13:59:10.684931506,-2.331299875295839,-2.419157282324518,-0.7681358266866645,0.9020283204574806,-0.4445843184977433,36.70648962562894,1.0075253252234035,0.3668810793850016,-0.0076402341074820026,None,None,-0.00012629464583583763,-0.7638300180151459,-0.9101198732378932,-0.5666590585953586,0.3799957843567025,-3.6066208646962843,1 days 00:02:54.489795916,false
XMR-USD,false,47,72,99,25.510204081632654,0.5653306911685355,0.1349862258953168,0.0001,0.00003924646781789639,4.090909090909091,8.140495867768596,0.0004090909090909091,-0.9244901136497415,0,0,17424,726 days 01:00:00,1000.0,438.49394284875075,-56.150605715124925,34.915698157888286,100.0,140.4815451271877,62.31981779435447,635 days 19:00:00,98,1,19.55690800101081,20.674404149974873,-9.192802668893409,4.6339678944593965,-2.643529821869486,8 days 21:36:00,2 days 08:32:52.602739726,-5.929213930125104,-0.6676683302570203,-0.5444459487463001,0.9718461675590865,-0.15406094204397575,26.98983606658003,0.9768858178783106,0.38249761980323704,-0.007458196364188577,None,None,-0.00003515649079629809,-0.21262645633601082,-0.5615060571512505,-0.24884418419460086,0.38326811114912274,-2.6081765130747976,4 days 00:36:44.081632652,false
XMR-USD,false,47,73,99,25.510204081632654,0.5823978620829835,0.1349862258953168,0.0001,0.00003924646781789639,4.090909090909091,8.140495867768596,0.0004090909090909091,-0.8583049026825924,0,0,17424,726 days 01:00:00,1000.0,458.34089241789957,-54.165910758210046,34.915698157888286,100.0,141.35802884461816,60.553171836989335,635 days 19:00:00,98,1,20.44208548898905,20.48709055027731,-8.593290028177918,4.763453159650511,-2.6241564815457283,8 days 21:26:24,2 days 08:32:52.602739726,-5.73572645990907,-0.6194898149407162,-0.5357761335231204,0.973848082789832,-0.15126711735786935,26.992717586800204,0.9776853108223905,0.3826073157184797,-0.007451445542635796,None,None,-0.00003261772256104391,-0.19727198604919358,-0.5416591075820937,-0.2372138582479857,0.3832458036194794,-2.5513340307065486,4 days 00:34:17.142857142,false
XMR-USD,false,51,70,99,25.510204081632654,0.570552690863897,0.1349862258953168,0.0001,0.00003924646781789639,4.090909090909091,8.140495867768596,0.0004090909090909091,-0.9300704419177481,0,0,17424,726 days 01:00:00,1000.0,435.90335788908715,-56.40966421109128,34.915698157888286,100.0,139.31716791325272,62.16471577850917,635 days 19:00:00,98,1,19.441367450106497,20.217563635414496,-8.593290028177915,4.7289623619792085,-2.682397582551197,8 days 20:21:36,2 days 09:01:38.630136986,-5.9544694853165225,-0.6719893524977066,-0.5489656583294268,0.9716658258056932,-0.15852646663928277,26.828432726135464,0.9767024514837238,0.3827170290430091,-0.007477354898302158,None,None,-0.000035450574161592004,-0.21440507252930843,-0.5640966421109078,-0.25038745737706436,0.38398903758307174,-2.6155960552759847,4 days 00:39:11.020408162,false
XMR-USD,false,52,69,99,25.510204081632654,0.5666270518334818,0.1349862258953168,0.0001,0.00003924646781789639,4.090909090909091,8.140495867768596,0.0004090909090909091,-0.9469923877429699,0,0,17424,726 days 01:00:00,1000.0,431.04361737151453,-56.89563826284855,34.915698157888286,100.0,138.21779082588264,62.45908172486813,635 days 19:00:00,98,1,19.224622156902456,20.21756363541448,-8.59329002817791,4.729114838640178,-2.6975069936656375,8 days 20:19:12,2 days 08:57:32.054794520,-6.001846987606,-0.6842522952788375,-0.5523060254561425,0.971147722322295,-0.15822863623342992,26.835213384952493,0.976588890303764,0.38227828018403937,-0.007468294324475362,None,None,-0.00003609538190329879,-0.2183048697511511,-0.5689563826284899,-0.25329875241689037,0.3839664890091726,-2.6295145526108996,4 days 00:35:30.612244896,false
XMR-USD,false,54,67,99,25.510204081632654,0.5603343228380405,0.1349862258953168,0.0001,0.00003924646781789639,4.090909090909091,8.140495867768596,0.0004090909090909091,-0.9806183656746299,0,0,17424,726 days 01:00:00,1000.0,421.543795649877,-57.8456204350123,34.915698157888286,100.0,136.39448291137,63.2574236694124,635 days 19:00:00,98,1,18.800928415025282,20.217563635414482,-8.593290028177899,4.736830759999688,-2.729835082764935,8 days 20:16:48,2 days 08:50:08.219178082,-6.094460538419878,-0.7087743916029636,-0.5568722401675069,0.9701216186849307,-0.160404124653693,26.864200766676863,0.9771807157023886,0.38129211256440754,-0.007466933014796027,None,None,-0.0000373800041797471,-0.22607426527911048,-0.5784562043501236,-0.25905224843673824,0.38387450732332107,-2.656722433944618,4 days 00:29:23.265306122,false
XMR-USD,false,55,66,99,25.510204081632654,0.5630343856379046,0.1349862258953168,0.0001,0.00003924646781789639,4.090909090909091,8.140495867768596,0.0004090909090909091,-0.9650670161465124,0,0,17424,726 days 01:00:00,1000.0,426.00682066616423,-57.39931793338358,34.915698157888286,100.0,136.64423100348918,62.868417736888915,635 days 19:00:00,98,1,18.999980126167884,20.217563635414482,-8.593290028177915,4.7508161694803785,-2.7206631221103774,8 days 20:14:24,2 days 08:48:29.589041095,-6.050950606734727,-0.6974615270687808,-0.554848482947508,0.9705848188092682,-0.16041105450656265,26.878588458445805,0.977446928154145,0.3811826252377933,-0.007461921798605367,None,None,-0.000036778723972328016,-0.22243772258463984,-0.5739931793338431,-0.2563388206238011,0.38382596054407914,-2.6439401461722087,4 days 00:27:33.061224488,false
XMR-USD,false,57,63,99,25.510204081632654,0.5715426292401158,0.1349862258953168,0.0001,0.00003924646781789639,4.090909090909091,8.140495867768596,0.0004090909090909091,-0.9133993413445483,0,0,17424,726 days 01:00:00,1000.0,441.311753676074,-55.8688246323926,34.915698157888286,100.0,138.53310386177282,61.6952810102754,635 days 19:00:00,98,1,19.682582866109726,20.217563635414496,-8.593290028177893,4.723014592874558,-2.6638360517546356,8 days 23:26:24,2 days 07:49:18.904109589,-5.901743155000368,-0.6594620486858096,-0.5465031851260135,0.9721815978276617,-0.15211967208003532,26.89417051694997,0.9786439599237325,0.38173023550868285,-0.007466933014796117,None,None,-0.00003476237301430464,-0.21024283199051447,-0.5586882463239253,-0.24717229132909047,0.38368741305440346,-2.600106186614244,4 days 00:32:26.938775509,false
XMR-USD,false,57,64,99,25.510204081632654,0.5626624012043104,0.1349862258953168,0.0001,0.00003924646781789639,4.090909090909091,8.140495867768596,0.0004090909090909091,-0.9618843013189817,0,0,17424,726 days 01:00:00,1000.0,427.0622793433347,-57.29377206566652,34.915698157888286,100.0,137.10136033844992,62.59858251001942,635 days 19:00:00,98,1,19.04705377127732,20.2175636354145,-8.593290028177908,4.73935172792693,-2.7133407303899655,8 days 20:16:48,2 days 08:44:23.013698630,-6.040660963550437,-0.6951056185489872,-0.555945334661243,0.97067072745002,-0.1599489587710366,26.910872033712852,0.97753629947692,0.38096370264701224,-0.007460189988399833,None,None,-0.000036643831460042867,-0.22162189267033924,-0.5729377206566645,-0.2556998397459955,0.38371433347441875,-2.640917268976977,4 days 00:25:06.122448979,false
XMR-USD,false,58,62,99,25.510204081632654,0.5727898616801494,0.1349862258953168,0.0001,0.00003924646781789639,4.090909090909091,8.140495867768596,0.0004090909090909091,-0.9104783377960171,0,0,17424,726 days 01:00:00,1000.0,442.1751629062321,-55.782483709376784,34.915698157888286,100.0,138.71810999228063,61.620339321868386,635 days 19:00:00,98,1,19.721091071654655,20.217563635414496,-8.59329002817791,4.730872185619737,-2.6638360517546356,8 days 23:28:48,2 days 07:49:18.904109589,-5.893325797606354,-0.6573454934570874,-0.5461103549499885,0.9722698924920399,-0.15215916780501956,26.895345163707947,0.9785295740428712,0.3818398096748612,-0.007466933014796009,None,None,-0.00003465045388922461,-0.20956594512203042,-0.5578248370937708,-0.24666139990730773,0.38368355226574663,-2.597633346958414,4 days 00:33:03.673469387,false
XMR-USD,false,58,63,99,25.510204081632654,0.5607127706509285,0.1349862258953168,0.0001,0.00003924646781789639,4.090909090909091,8.140495867768596,0.0004090909090909091,-0.9803134062720821,0,0,17424,726 days 01:00:00,1000.0,421.8848059752198,-57.81151940247802,34.915698157888286,100.0,136.85046930790168,63.05201717833494,635 days 19:00:00,98,1,18.8161375363116,20.2175636354145,-8.593290028177895,4.747209973541491,-2.732205469953072,8 days 20:14:24,2 days 08:43:33.698630137,-6.091136036337682,-0.7085089525000862,-0.5582686760618767,0.9701094462437314,-0.1600219108397883,26.922795454262534,0.9773776959970669,0.3807448494453249,-0.007460189988399891,None,None,-0.0000373464040865717,-0.22587105191558562,-0.5781151940247814,-0.2588442611682693,0.3836731379326773,-2.6557457663041752,4 days 00:23:52.653061223,false
XMR-USD,false,59,61,99,25.510204081632654,0.5727898616801494,0.1349862258953168,0.0001,0.00003924646781789639,4.090909090909091,8.140495867768596,0.0004090909090909091,-0.9104783377960171,0,0,17424,726 days 01:00:00,1000.0,442.1751629062321,-55.782483709376784,34.915698157888286,100.0,138.71810999228063,61.620339321868386,635 days 19:00:00,98,1,19.721091071654655,20.217563635414496,-8.59329002817791,4.730872185619737,-2.6638360517546356,8 days 23:28:48,2 days 07:49:18.904109589,-5.893325797606354,-0.6573454934570874,-0.5461103549499885,0.9722698924920399,-0.15215916780501956,26.895345163707947,0.9785295740428712,0.3818398096748612,-0.007466933014796009,None,None,-0.00003465045388922461,-0.20956594512203042,-0.5578248370937708,-0.24666139990730773,0.38368355226574663,-2.597633346958414,4 days 00:33:03.673469387,false
XMR-USD,false,59,62,99,25.510204081632654,0.5594640967945438,0.1349862258953168,0.0001,0.00003924646781789639,4.090909090909091,8.140495867768596,0.0004090909090909091,-0.9826449449058325,0,0,17424,726 days 01:00:00,1000.0,421.22741513752135,-57.87725848624786,34.915698157888286,100.0,136.60472201010697,63.036363076826376,635 days 19:00:00,98,1,18.78681778778781,20.2175636354145,-8.593290028177899,4.740891218162771,-2.732205469953071,8 days 20:19:12,2 days 08:43:33.698630137,-6.097544925002726,-0.7101964353676852,-0.5592129024083424,0.9700415110492557,-0.15996853751898346,26.921739999607404,0.9777130151949087,0.3807448494453249,-0.007460189988399699,None,None,-0.00003743568155040714,-0.22641100201686237,-0.5787725848624773,-0.2592453118780135,0.38367650066494563,-2.6576285607845427,4 days 00:25:06.122448978,false
XMR-USD,false,60,61,99,25.510204081632654,0.5594640967945438,0.1349862258953168,0.0001,0.00003924646781789639,4.090909090909091,8.140495867768596,0.0004090909090909091,-0.9826449449058325,0,0,17424,726 days 01:00:00,1000.0,421.22741513752135,-57.87725848624786,34.915698157888286,100.0,136.60472201010697,63.036363076826376,635 days 19:00:00,98,1,18.78681778778781,20.2175636354145,-8.593290028177899,4.740891218162771,-2.732205469953071,8 days 20:19:12,2 days 08:43:33.698630137,-6.097544925002726,-0.7101964353676852,-0.5592129024083424,0.9700415110492557,-0.15996853751898346,26.921739999607404,0.9777130151949087,0.3807448494453249,-0.007460189988399699,None,None,-0.00003743568155040714,-0.22641100201686237,-0.5787725848624773,-0.2592453118780135,0.38367650066494563,-2.6576285607845427,4 days 00:25:06.122448978,false
XMR-USD,false,29,50,154,25.49019607843137,0.6007520966827239,0.21074380165289255,0.0001,0.0000392156862745098,6.363636363636364,12.685950413223141,0.0006363636363636364,-0.9339653905839115,0,0,17424,726 days 01:00:00,1000.0,440.93654253580416,-55.90634574641958,34.915698157888286,100.0,194.6878578494651,59.8238336892496,722 days 11:00:00,153,1,19.56911703199438,22.166403311106556,-8.22201060396849,3.9483063182746574,-2.0188191436550333,6 days 02:24:36.923076923,1 days 10:24:12.631578947,-3.781912251609085,-0.6675223372745172,-0.5640729246126801,0.9722593860866928,0.1517239382811373,23.313152331956346,0.9915061535255529,0.3912175648702595,-0.007487835016430454,None,None,-0.00003497220369800806,-0.21151188796555276,-0.5590634574641904,-0.2473945124854653,0.38134243957969843,-2.6011808067996203,2 days 14:57:15.294117646,false
XMR-USD,false,31,48,154,25.49019607843137,0.6141477670445192,0.21074380165289255,0.0001,0.0000392156862745098,6.363636363636364,12.685950413223141,0.0006363636363636364,-0.8957648382718961,0,0,17424,726 days 01:00:00,1000.0,451.70520129278293,-54.82947987072171,34.915698157888286,100.0,196.92958875593587,59.024516551668896,722 days 11:00:00,153,1,20.047038735378237,22.16640331110656,-8.2220106039685,4.050300119996188,-2.0318101245808107,6 days 02:10:46.153846153,1 days 10:38:25.263157894,-3.714652532304557,-0.6398125499188061,-0.558012642322894,0.9734272293017517,0.1603902399292385,23.10975962391474,0.9922613610295874,0.39232920495405516,-0.007517332111407898,None,None,-0.000033559742970689896,-0.2029693254867325,-0.5482947987072146,-0.24106512479170505,0.38178935543934417,-2.5703389238497705,2 days 15:04:18.823529410,false
XMR-USD,false,34,43,154,25.49019607843137,0.5847512863009532,0.21074380165289255,0.0001,0.0000392156862745098,6.363636363636364,12.685950413223141,0.0006363636363636364,-0.9544070873677002,0,0,17424,726 days 01:00:00,1000.0,434.3365337358099,-56.566346626419005,34.915698157888286,100.0,189.8952056959563,62.15888882882925,722 days 11:00:00,153,1,19.276203353584947,23.03561238281167,-8.222010603968492,3.89265458765022,-2.0135170095225194,6 days 00:32:18.461538461,1 days 11:02:37.894736842,-3.8231350955410175,-0.6824689648331462,-0.5509338407967151,0.9716438011882359,0.14409892170773886,23.236365117858693,0.9912789790444587,0.391106498483155,-0.007487835016430275,None,None,-0.00003580434436116397,-0.2165446746963197,-0.5656634662641917,-0.2513237599286713,0.3818657986916278,-2.620083504291588,2 days 14:57:15.294117645,false
XMR-USD,false,35,42,154,25.49019607843137,0.5853310604809294,0.21074380165289255,0.0001,0.0000392156862745098,6.363636363636364,12.685950413223141,0.0006363636363636364,-0.9543777638668676,0,0,17424,726 days 01:00:00,1000.0,434.2637231003323,-56.57362768996676,34.915698157888286,100.0,190.5679053476908,61.933808786101295,722 days 11:00:00,153,1,19.272971959247172,23.03561238281168,-8.222010603968501,3.8786051759662112,-2.008760916797158,6 days 00:35:23.076923076,1 days 11:03:41.052631578,-3.823589861822973,-0.6823976106690677,-0.5530255242389216,0.9716537570512264,0.14444520803871397,23.214669081355954,0.9920824847459148,0.391106498483155,-0.0074878350164303276,None,None,-0.00003580859687136258,-0.2165703938780009,-0.5657362768996703,-0.25136732368051684,0.3819510873179253,-2.6202920369554583,2 days 14:58:49.411764704,false
XMR-USD,false,36,41,154,25.49019607843137,0.5920770419489771,0.21074380165289255,0.0001,0.0000392156862745098,6.363636363636364,12.685950413223141,0.0006363636363636364,-0.9240515151617307,0,0,17424,726 days 01:00:00,1000.0,442.9951165786258,-55.70048834213742,34.915698157888286,100.0,192.2371132808552,61.4580723494469,722 days 11:00:00,153,1,19.66047819732512,23.035612382811664,-8.222010603968492,3.89856371566018,-1.997998324175615,6 days 00:35:23.076923076,1 days 11:04:12.631578947,-3.769054651102608,-0.6606328163352352,-0.5465462887399122,0.9725469107000939,0.1440521659799206,23.214875551503425,0.9923907570722652,0.3913286489939316,-0.0074773548983021534,None,None,-0.00003466633628944703,-0.20966200187857564,-0.557004883421377,-0.24617682439029576,0.38194932507238194,-2.595284965812816,2 days 14:59:12.941176469,false
XMR-USD,false,50,65,103,25.49019607843137,0.5960097889049043,0.14049586776859505,0.0001,0.0000392156862745098,4.256198347107438,8.47107438016529,0.00042561983471074385,-0.8122166748469307,0,0,17424,726 days 01:00:00,1000.0,474.80653340654715,-52.51934665934529,34.915698157888286,100.0,147.26186854259788,58.32272141154527,635 days 19:00:00,102,1,23.054808231844333,20.401051514359654,-9.192802668893394,4.661710418952783,-2.511191333505548,8 days 17:34:36.923076923,2 days 05:08:41.052631578,-5.374983086522519,-0.5848113798723306,-0.5355298906249646,0.9753492207019936,-0.09006364954210268,26.681345636934374,0.981001078768975,0.383705233065989,-0.007460189988399899,None,None,-0.000030681656496582126,-0.1855626584913287,-0.5251934665934601,-0.2278121222310029,0.3818747407283911,-2.504175755611518,3 days 21:01:10.588235292,false
XMR-USD,false,50,68,103,25.49019607843137,0.5629697514873813,0.14049586776859505,0.0001,0.0000392156862745098,4.256198347107438,8.47107438016529,0.00042561983471074385,-0.9640842485230512,0,0,17424,726 days 01:00:00,1000.0,427.055765326744,-57.29442346732561,34.915698157888286,100.0,143.8878294343549,63.315365673379944,635 days 19:00:00,102,1,19.046763244976432,20.56460447856408,-9.1928026688934,4.5285560244832626,-2.596596866281909,8 days 17:23:04.615384615,2 days 04:57:37.894736842,-5.803833312923848,-0.696423577934086,-0.5496594623668386,0.9706506262975239,-0.15429850447160584,26.987705641898284,0.977094779833108,0.38238794129313763,-0.0074601899883998506,None,None,-0.00003667220365944671,-0.2217934877323337,-0.5729442346732605,-0.25570378020594575,0.38328470238871426,-2.640935925389235,3 days 20:49:59.999999999,false
XMR-USD,false,51,64,103,25.49019607843137,0.5833924830662127,0.14049586776859505,0.0001,0.0000392156862745098,4.256198347107438,8.47107438016529,0.00042561983471074385,-0.8720810040929948,0,0,17424,726 days 01:00:00,1000.0,454.19125536284446,-54.58087446371556,34.915698157888286,100.0,145.35117786535776,60.26943580021021,635 days 19:00:00,102,1,22.05380835399137,20.40105151435966,-9.192802668893393,4.659057013716062,-2.5667078597117783,8 days 17:36:55.384615384,2 days 05:10:15.789473684,-5.567279931285754,-0.6297534663461712,-0.5434118285294883,0.9734311415666849,-0.15621201229455164,27.031040237178072,0.9792721312429582,0.3838151207115629,-0.007461921798605325,None,None,-0.000033147342611111885,-0.20047512811200469,-0.5458087446371607,-0.2396179521657824,0.383121121079695,-2.5632187624289116,3 days 21:02:56.470588234,false
XMR-USD,false,51,65,103,25.49019607843137,0.5813215873684264,0.14049586776859505,0.0001,0.0000392156862745098,4.256198347107438,8.47107438016529,0.00042561983471074385,-0.8909798842917774,0,0,17424,726 days 01:00:00,1000.0,448.4489084870132,-55.155109151298674,34.915698157888286,100.0,145.50567405429834,60.93351864788863,635 days 19:00:00,102,1,20.000901242686837,20.564604478564082,-9.192802668893393,4.665756234689078,-2.5792167133163697,8 days 17:50:46.153846153,2 days 05:01:34.736842105,-5.603450909369355,-0.6434171807867154,-0.5445263822968119,0.9728580103933998,-0.15512857217619513,27.011850978314293,0.978699186853318,0.38348551012306464,-0.007466933014796078,None,None,-0.000033872942834315426,-0.2048635582619397,-0.5515510915129913,-0.24296855429229014,0.3831935762608891,-2.5796650807865293,3 days 20:59:59.999999998,false
XMR-USD,false,51,67,103,25.49019607843137,0.5690141199196446,0.14049586776859505,0.0001,0.0000392156862745098,4.256198347107438,8.47107438016529,0.00042561983471074385,-0.9363106939275208,0,0,17424,726 days 01:00:00,1000.0,435.28126819086447,-56.471873180913555,34.915698157888286,100.0,145.90387299434107,62.763611548099284,635 days 19:00:00,102,1,19.413622138694677,20.564604478564075,-8.593290028177899,4.528556024483264,-2.57181151345982,8 days 17:23:04.615384615,2 days 04:52:53.684210526,-5.726787783802259,-0.6762884733591659,-0.5444806540108544,0.9714769530477094,-0.1547053952545318,27.046377428826165,0.9771215587097418,0.38227828018403937,-0.007458196364188665,None,None,-0.000035591407239328385,-0.21525683098345808,-0.5647187318091371,-0.2507589422064834,0.3830638054544217,-2.6173777458365164,3 days 20:46:28.235294117,false
XMR-USD,false,52,64,103,25.49019607843137,0.5829132451758023,0.14049586776859505,0.0001,0.0000392156862745098,4.256198347107438,8.47107438016529,0.00042561983471074385,-0.8798154050350923,0,0,17424,726 days 01:00:00,1000.0,451.9109151615737,-54.808908483842636,34.915698157888286,100.0,145.76851809933441,60.650466297639774,635 days 19:00:00,102,1,20.155307357383435,20.56460447856405,-9.192802668893403,4.643017360454442,-2.5630652662407005,8 days 17:53:04.615384615,2 days 04:59:12.631578947,-5.5710234529000875,-0.6352456371472922,-0.5428000148307595,0.9731965518391263,-0.15437327472889964,27.031910104429937,0.979040970974214,0.38337567481740237,-0.0074619217986052425,None,None,-0.00003343632648225192,-0.20222290256465963,-0.5480890848384248,-0.2409451783331401,0.3831199880453604,-2.5697497508426594,3 days 20:58:49.411764704,false
XMR-USD,false,53,64,103,25.49019607843137,0.5606791748306436,0.14049586776859505,0.0001,0.0000392156862745098,4.256198347107438,8.47107438016529,0.00042561983471074385,-0.9665454973112549,0,0,17424,726 days 01:00:00,1000.0,426.35211647892334,-57.36478835210767,34.915698157888286,100.0,143.1209949105586,63.09950453069785,635 days 19:00:00,102,1,19.015380380956742,20.56460447856406,-9.192802668893403,4.512229724414551,-2.5945028222285367,8 days 17:34:36.923076923,2 days 05:01:34.736842105,-5.810424155902286,-0.698316183294413,-0.5523960564138986,0.9705773081848287,-0.15524973424313296,26.997203709657015,0.9766107352974572,0.38304627351377096,-0.007461921798605141,None,None,-0.00003676881299436613,-0.22237778098992633,-0.5736478835210745,-0.25612966286223726,0.3832528978301826,-2.642951204719004,3 days 20:55:52.941176469,false
XMR-USD,false,29,47,158,25.477707006369428,0.5566231246190707,0.2162534435261708,0.0001,0.00003919647231749143,6.528925619834711,13.016528925619834,0.0006528925619834711,-1.0877988762745572,0,0,17424,726 days 01:00:00,1000.0,397.6551068689944,-60.23448931310056,34.915698157888286,100.0,187.38443947772592,63.72464298542781,722 days 11:00:00,157,1,17.648252240417662,21.322008276614905,-8.222010603968496,3.7621794137644873,-2.0248452476073555,5 days 19:39:00,1 days 10:35:23.076923076,-3.9490009259326326,-0.7789776751518465,-0.5821675721909565,0.9676892910387037,0.1321997283708945,23.286862749307137,0.9934362431130037,0.38966424754765133,-0.007505915383561996,None,None,-0.00004086732128214956,-0.24716555911444055,-0.6023448931310045,-0.2739045297276568,0.38186434082595266,-2.725140624160544,2 days 13:21:24.076433119,false
XMR-USD,false,47,59,107,25.471698113207548,0.6445735567899515,0.14600550964187328,0.0001,0.00003918722786647315,4.421487603305785,8.801652892561984,0.0004421487603305785,-0.6271153718374387,0,0,17424,726 days 01:00:00,1000.0,534.3307146319872,-46.56692853680128,34.915698157888286,100.0,155.50628412479207,52.66366781439788,635 days 19:00:00,106,1,24.257583092023708,20.273199323916458,-9.1928026688934,4.898777543413971,-2.3956262568267364,8 days 15:17:46.666666666,2 days 02:20:30.379746835,-4.621951589245624,-0.4507330307785058,-0.5131972755729348,0.9810337296812497,-0.09930967045782564,26.468649477297017,0.9864638056757942,0.38877819399059543,-0.007446826610916412,None,None,-0.00002377398983024986,-0.14378509049335114,-0.46566928536801566,-0.195499539902399,0.3839199068600451,-2.3336960448628665,3 days 18:19:14.716981131,false
XMR-USD,false,48,58,107,25.471698113207548,0.6443497478902668,0.14600550964187328,0.0001,0.00003918722786647315,4.421487603305785,8.801652892561984,0.0004421487603305785,-0.6324721558066717,0,0,17424,726 days 01:00:00,1000.0,532.4258472087612,-46.75741527912388,34.915698157888286,100.0,155.48541162781243,52.83241992736121,635 days 19:00:00,106,1,24.17110578773844,20.273199323916458,-9.19280266889341,4.909377949227435,-2.403322127134812,8 days 15:20:00,2 days 02:22:01.518987341,-4.639106213009224,-0.4545807568294989,-0.5140356873087438,0.9808771883962947,-0.09904848791090781,26.463523788594593,0.9865063257758995,0.38888888888888895,-0.007446826610916349,None,None,-0.000023977933388307875,-0.14501854113248602,-0.46757415279124714,-0.19649615174009205,0.3839358324062725,-2.339151663749856,3 days 18:20:56.603773584,false
XMR-USD,false,49,57,107,25.471698113207548,0.6445774948535583,0.14600550964187328,0.0001,0.00003918722786647315,4.421487603305785,8.801652892561984,0.0004421487603305785,-0.6355463419915623,0,0,17424,726 days 01:00:00,1000.0,531.2791184403151,-46.87208815596849,34.915698157888286,100.0,155.96391154193216,52.93400857353758,635 days 19:00:00,106,1,24.119046515039315,20.273199323916458,-9.192802668893394,4.909377949227436,-2.405982066053153,8 days 15:20:00,2 days 02:20:30.379746835,-4.64943328372382,-0.4568198159495796,-0.514539954678499,0.9807833903467726,-0.09927798673556264,26.451246676529127,0.9864131433048938,0.38877819399059543,-0.007450925614535047,None,None,-0.000024098829307577565,-0.1457497196522291,-0.4687208815596857,-0.19709723432940407,0.38398031046292985,-2.3424359422519228,3 days 18:19:48.679245282,false
XMR-USD,false,25,49,166,25.454545454545453,0.5395580611188413,0.22727272727272727,0.0001,0.000039160839160839156,6.859504132231405,13.677685950413224,0.0006859504132231406,-1.2337952070816214,0,0,17424,726 days 01:00:00,1000.0,361.06390372704595,-63.8936096272954,34.915698157888286,100.0,192.82351182212287,68.2241007055299,722 days 11:00:00,165,1,16.38357619175264,21.322008276614884,-7.1255631390876015,3.6344626714852337,-2.0218601533948504,5 days 13:48:34.285714285,1 days 08:43:24.878048780,-3.9716343785739863,-0.8848260087289269,-0.587446922586716,0.9634110818559158,0.130253979257698,23.261462976023555,0.9899865816619123,0.39055143244753016,-0.007536886087186878,None,None,-0.00004641133656370121,-0.28069576353726494,-0.6389360962729556,-0.2978288946086788,0.3817896404228396,-2.8299393395592265,2 days 10:27:16.363636362,false
XMR-USD,false,40,66,111,25.454545454545453,0.6385484779647591,0.15151515151515152,0.0001,0.000039160839160839156,4.586776859504132,9.132231404958677,0.0004586776859504132,-0.597563193318376,0,0,17424,726 days 01:00:00,1000.0,544.1487582622244,-45.58512417377756,34.915698157888286,100.0,160.98148635339754,50.90351355167043,635 days 19:00:00,110,1,24.703303322285365,20.563418258195444,-8.039372144347588,4.583283929805731,-2.2416916456240847,8 days 12:55:42.857142857,1 days 23:01:27.804878048,-4.36867768236419,-0.42930968530827746,-0.5177604469753718,0.9819482386851306,-0.09702882047380146,26.291797220932292,0.9873700387760299,0.39010769844435583,-0.007446826610916376,None,None,-0.00002268501699186361,-0.1371989827667911,-0.45585124173777647,-0.19039926739658086,0.38461513208298376,-2.3055767628544124,3 days 15:13:05.454545453,false
XMR-USD,false,42,68,111,25.454545454545453,0.5948034046653744,0.15151515151515152,0.0001,0.000039160839160839156,4.586776859504132,9.132231404958677,0.0004586776859504132,-0.830046232645209,0,0,17424,726 days 01:00:00,1000.0,467.29751281286804,-53.2702487187132,34.915698157888286,100.0,153.6014891768193,58.42417079482928,635 days 19:00:00,110,1,21.214405115306533,20.31978993118436,-9.192802668893396,4.574099009107021,-2.420562453480929,8 days 11:40:42.857142857,1 days 22:53:24.878048780,-5.03560811184036,-0.5975804940978189,-0.5439950474867359,0.9748910223076415,-0.09701676217433486,26.4075005085766,0.9847282669726064,0.38634736255867613,-0.0074524114604908424,None,None,-0.000031489666433875515,-0.19044950259207913,-0.5327024871871366,-0.23207285863816818,0.3835567159792459,-2.5256819003826276,3 days 14:47:59.999999999,false
XMR-USD,false,33,82,115,25.438596491228072,0.5978091257710602,0.15702479338842976,0.0001,0.00003913630229419704,4.75206611570248,9.462809917355372,0.000475206611570248,-0.7527267726703087,0,0,17424,726 days 01:00:00,1000.0,491.96956055930184,-50.80304394406981,34.915698157888286,100.0,158.20288702051715,56.43562626777552,635 days 19:00:00,114,1,24.066359344782597,20.23917047314161,-8.039372144347574,4.332477718768877,-2.2589269972601667,8 days 09:49:39.310344827,1 days 19:32:28.235294117,-4.667515778820001,-0.5412905147074315,-0.5314896862154578,0.9772634433553126,-0.08886885899040406,26.35023970998252,0.9848936079017482,0.38756171364867015,-0.007446826610916508,None,None,-0.000028531010724643736,-0.17255555286264532,-0.508030439440704,-0.21823611091949224,0.3836583763687753,-2.455020137771245,3 days 11:48:25.263157893,false
XMR-USD,false,38,74,115,25.438596491228072,0.5821163364638575,0.15702479338842976,0.0001,0.00003913630229419704,4.75206611570248,9.462809917355372,0.000475206611570248,-0.8863115782479867,0,0,17424,726 days 01:00:00,1000.0,449.96138709232673,-55.00386129076733,34.915698157888286,100.0,158.7626780859804,60.12870784960326,635 days 19:00:00,114,1,20.42737846936592,20.75514806614526,-9.192802668893389,4.3406131607204825,-2.3548092490761348,8 days 07:53:47.586206896,1 days 20:07:03.529411764,-5.004087643658235,-0.6382567894016317,-0.5499321119644723,0.9732256979890685,-0.09514229185788366,26.34564619140487,0.9836473899774207,0.38634736255867613,-0.007461921798605264,None,None,-0.000033648228438617544,-0.2035044855967589,-0.5500386129076721,-0.2420833334417799,0.3837290733048574,-2.5753332796623645,3 days 11:44:44.210526314,false
XMR-USD,false,40,58,115,25.438596491228072,0.6438575208818121,0.15702479338842976,0.0001,0.00003913630229419704,4.75206611570248,9.462809917355372,0.000475206611570248,-0.584853771800717,0,0,17424,726 days 01:00:00,1000.0,547.9249071105456,-45.20750928894544,34.915698157888286,100.0,166.03122963979368,50.84482473606585,635 days 19:00:00,114,1,25.809600892396247,19.702048652753003,-8.039372144347569,4.464163925695816,-2.1761106335875877,7 days 18:02:04.137931034,2 days 01:48:42.352941176,-4.191970998086415,-0.42002157111762356,-0.5133137129567281,0.9823609663821695,-0.09162547175683812,26.092325330193916,0.9855582355974066,0.39299704212966663,-0.00748783501643038,None,None,-0.000022238980724415703,-0.13450135542126618,-0.4520750928894539,-0.18845363803844795,0.3853906976151954,-2.294761716764698,3 days 12:27:53.684210525,false
XMR-USD,false,40,59,115,25.438596491228072,0.6391018483646259,0.15702479338842976,0.0001,0.00003913630229419704,4.75206611570248,9.462809917355372,0.000475206611570248,-0.6043898232721876,0,0,17424,726 days 01:00:00,1000.0,540.8580207292677,-45.91419792707324,34.915698157888286,100.0,164.89514895022504,52.356869947899355,635 days 19:00:00,114,1,25.476720392375682,19.70204865275301,-8.039372144347567,4.47274920283684,-2.1938619153984757,7 days 18:14:28.965517241,2 days 01:41:38.823529411,-4.251041225114982,-0.4340421627218615,-0.5076708960511156,0.9817839983635659,-0.09066357403439179,26.08213474553756,0.9853810087381931,0.39266304347826086,-0.007492505718021439,None,None,-0.00002298260934777257,-0.13899882133532848,-0.4591419792707315,-0.19210199395737526,0.3854121137053773,-2.3150015709108804,3 days 12:25:47.368421051,false
XMR-USD,false,41,57,115,25.438596491228072,0.6375002848926173,0.15702479338842976,0.0001,0.00003913630229419704,4.75206611570248,9.462809917355372,0.000475206611570248,-0.6044125610467468,0,0,17424,726 days 01:00:00,1000.0,540.7810026247944,-45.92189973752056,34.915698157888286,100.0,164.47972123118043,51.85064917755787,635 days 19:00:00,114,1,25.473092511050822,19.702048652753007,-8.039372144347585,4.457924477656995,-2.1894520289854333,7 days 18:06:12.413793103,2 days 01:45:10.588235294,-4.251684999002248,-0.43414827837460945,-0.5127286867796049,0.9817735212815974,-0.0921507412847097,26.080373819382025,0.9843697490636684,0.39299704212966663,-0.007492505718021334,None,None,-0.00002298943297216636,-0.13904009061566214,-0.4592189973752052,-0.19214192634457694,0.38543231263045974,-2.315222153939537,3 days 12:26:18.947368420,false
XMR-USD,false,43,55,115,25.438596491228072,0.6580905912659464,0.15702479338842976,0.0001,0.00003913630229419704,4.75206611570248,9.462809917355372,0.000475206611570248,-0.528151141761965,0,0,17424,726 days 01:00:00,1000.0,568.9285663644657,-43.107143363553426,34.915698157888286,100.0,167.04534180530518,49.64730157495774,635 days 19:00:00,114,1,27.831070085054193,19.702048652753014,-8.039372144347588,4.535503275332726,-2.155988305273487,7 days 18:10:20.689655172,2 days 01:44:28.235294117,-4.025460558952537,-0.37908786046294607,-0.4972782436426645,0.984067512112902,-0.09009366772890491,26.079037082643833,0.9862690054285914,0.393108410617205,-0.0074878350164302625,None,None,-0.000020075571118525173,-0.12141705412484025,-0.4310714336355361,-0.17778840093688175,0.3854659104098363,-2.234606370138255,3 days 12:26:50.526315788,false
XMR-USD,false,45,55,115,25.438596491228072,0.6207566310870136,0.15702479338842976,0.0001,0.00003913630229419704,4.75206611570248,9.462809917355372,0.000475206611570248,-0.6882992269457964,0,0,17424,726 days 01:00:00,1000.0,512.2903527705696,-48.77096472294304,34.915698157888286,100.0,163.46905575797436,54.89582323594539,635 days 19:00:00,114,1,25.06041980448066,19.593689177557675,-8.306554725998136,4.413108552245292,-2.2385428875250857,7 days 17:43:26.896551724,2 days 01:52:56.470588235,-4.497983044157118,-0.49470708361100235,-0.5201838648319944,0.9792589760801489,-0.09376982208636259,26.266931928388146,0.9860469078205619,0.39177316293929715,-0.007468294324475332,None,None,-0.000026144095191706994,-0.1581194877194439,-0.487709647229427,-0.20717617778200847,0.38466567233732296,-2.3968205505271998,3 days 12:26:18.947368420,false
XMR-USD,false,32,78,119,25.423728813559322,0.6107574419977554,0.162534435261708,0.0001,0.00003911342894393742,4.917355371900826,9.793388429752067,0.0004917355371900827,-0.7362124992899168,0,0,17424,726 days 01:00:00,1000.0,496.9717725454917,-50.302822745450825,34.915698157888286,100.0,165.60481350919434,55.33986871579555,635 days 19:00:00,118,1,24.311059506803986,20.27319932391647,-8.039372144347592,4.31033047604733,-2.2088068562872487,8 days 03:04:00,1 days 18:27:16.363636363,-4.468977008146714,-0.5293729371619611,-0.5355635574932434,0.9777842332810395,-0.09455565204401196,26.431202121430836,0.9845855147727657,0.3898859376246311,-0.0074509256145349635,None,None,-0.000027928136687336394,-0.16890937068501052,-0.5030282274545067,-0.21548630178332728,0.3840061416366434,-2.4406935962724328,3 days 09:15:15.254237286,false
XMR-USD,false,36,64,119,25.423728813559322,0.6635945093794832,0.162534435261708,0.0001,0.00003911342894393742,4.917355371900826,9.793388429752067,0.0004917355371900827,-0.5390013186094527,0,0,17424,726 days 01:00:00,1000.0,564.7933073178223,-43.52066926821777,34.915698157888286,100.0,172.94463326944228,49.671625722417886,635 days 19:00:00,118,1,26.60417451260082,19.702048652753017,-8.039372144347587,4.51236436756632,-2.1320781886060582,7 days 13:10:00,1 days 23:39:32.727272727,-3.9136514169049033,-0.38637715282081075,-0.502585022417219,0.9837557248993136,-0.06292638430830073,26.157935748750415,0.9877579857817353,0.39299704212966663,-0.00746829432447534,None,None,-0.000020476898400016464,-0.12384428152329957,-0.43520669268217793,-0.17986762362745534,0.3857542165646969,-2.246449922651351,3 days 09:36:06.101694914,false
XMR-USD,false,40,57,119,25.423728813559322,0.6547196174762913,0.162534435261708,0.0001,0.00003911342894393742,4.917355371900826,9.793388429752067,0.0004917355371900827,-0.5793391337965965,0,0,17424,726 days 01:00:00,1000.0,548.2292034088268,-45.17707965911731,34.915698157888286,100.0,171.44416357049602,49.80953194897963,635 days 19:00:00,118,1,25.823934546350984,19.030357656560124,-8.039372144347576,4.545740178831785,-2.174623595504196,7 days 14:32:00,1 days 23:18:24.545454545,-4.04741297574173,-0.4159687631940945,-0.5235687816640778,0.9825044470858695,-0.08556671488260278,26.016558568241535,0.9856976364324821,0.3937769956806911,-0.007489941431631801,None,None,-0.000022110771903858374,-0.13372594847453545,-0.45177079659117536,-0.18829723354127748,0.3869021381937757,-2.293890199612427,3 days 09:41:11.186440677,false
XMR-USD,false,47,49,119,25.423728813559322,0.6341489708325504,0.162534435261708,0.0001,0.00003911342894393742,4.917355371900826,9.793388429752067,0.0004917355371900827,-0.6504031108305515,0,0,17424,726 days 01:00:00,1000.0,523.2656625275889,-47.673433747241106,34.915698157888286,100.0,169.4671014610749,53.50667585491479,635 days 19:00:00,118,1,24.64804526180751,19.030357656560156,-8.039372144347565,4.402152489916602,-2.180363829805882,7 days 14:30:00,1 days 23:19:05.454545454,-4.249003243510329,-0.4678197374426757,-0.519383706838284,0.9803673609711053,-0.11147473137327167,25.996278389486715,0.984351784303644,0.39355406269993604,-0.007500231718143135,None,None,-0.000024825432841642906,-0.15014421782625628,-0.47673433747241367,-0.20132148961666885,0.3862568841426679,-2.3653868105876765,3 days 09:41:11.186440676,false
XMR-USD,false,15,18,367,25.40983606557377,0.4330327719254846,0.5041322314049587,0.0001,0.00003909205548549811,15.165289256198347,30.289256198347108,0.0015165289256198347,-3.1022809755624627,0,0,17424,726 days 01:00:00,1000.0,102.76440160791526,-89.72355983920848,34.915698157888286,100.0,291.9894347438201,90.18002914989242,725 days 03:00:00,366,1,4.287192477852983,19.696810065100596,-11.595387641454273,2.1241648202181835,-1.530308482399478,2 days 09:09:40.645161290,0 days 15:08:21.098901098,-2.4631770242348026,-2.2708712949344245,-0.7556143975642835,0.907865582643774,-0.4051668591547964,36.663198691587546,1.0067190479604058,0.36859880615771284,-0.007641655269443739,None,None,-0.00011859994399427489,-0.7172924612773746,-0.8972355983920839,-0.5460344105542909,0.38014554708632153,-3.5697197699865493,1 days 01:49:00.983606555,false
XMR-USD,false,40,56,123,25.40983606557377,0.6399533933819067,0.16804407713498623,0.0001,0.00003909205548549811,5.082644628099174,10.12396694214876,0.0005082644628099174,-0.6435552105131294,0,0,17424,726 days 01:00:00,1000.0,525.4745429685285,-47.45254570314715,34.915698157888286,100.0,176.19441104226115,52.91388213690343,635 days 19:00:00,122,1,24.752092954949035,19.03035765656014,-8.039372144347592,4.326346535353489,-2.125694683495243,7 days 07:29:01.935483870,1 days 22:03:17.802197802,-4.092438934314925,-0.4624062359036742,-0.5223093409789802,0.9805605668486473,-0.08931614391134961,26.086341867477014,0.9853467075044064,0.393108410617205,-0.007477415365825793,None,None,-0.000024561294250756696,-0.1485467076285765,-0.4745254570314732,-0.20015289615519583,0.3866210626575231,-2.359060485875649,3 days 06:56:33.442622950,false
XMR-USD,false,14,19,371,25.405405405405407,0.42763624039185355,0.509641873278237,0.0001,0.00003908523908523909,15.330578512396695,30.619834710743802,0.0015330578512396695,-3.17054450882386,0,0,17424,726 days 01:00:00,1000.0,98.2058180951966,-90.17941819048035,34.915698157888286,100.0,290.82753895989543,90.61563872394981,725 days 03:00:00,370,1,4.09701451116797,19.696810065100607,-11.595387641454275,2.0756019848676024,-1.5228375928215079,2 days 08:44:02.553191489,0 days 14:53:54.782608695,-2.4483545849080315,-2.325130412098692,-0.7599109231692308,0.9058316705858166,-0.43268484190124823,36.748467022864,1.005685609539518,0.3682764036120927,-0.0076416552694437475,None,None,-0.0001212405202741208,-0.7332626666178825,-0.901794181904805,-0.5531277273951891,0.37954075663285497,-3.5827757412350834,1 days 01:31:37.297297296,false
XMR-USD,false,35,62,127,25.396825396825395,0.6119125623972491,0.17355371900826447,0.0001,0.00003907203907203907,5.247933884297521,10.454545454545455,0.0005247933884297522,-0.7512144240810499,0,0,17424,726 days 01:00:00,1000.0,489.6274905763867,-51.037250942361325,34.915698157888286,100.0,177.0925064308556,55.610577202027955,635 days 19:00:00,126,1,23.063543842829006,18.666461141192777,-8.721267796798319,4.079242468952926,-2.1056912187232646,7 days 01:50:37.500000,1 days 20:38:56.170212765,-4.23361947036859,-0.5402486324796926,-0.5423913050775321,0.9773450173035345,-0.09181974343046626,26.19550157799071,0.9839070489558256,0.39288569144684243,-0.007468588115302515,None,None,-0.000028652957988395076,-0.17329308991381343,-0.5103725094236065,-0.21952986709274003,0.38604126592175736,-2.4617279228263347,3 days 04:26:39.999999999,false
XMR-USD,false,30,61,131,25.384615384615383,0.6542493890007951,0.1790633608815427,0.0001,0.00003905325443786982,5.413223140495868,10.78512396694215,0.0005413223140495868,-0.6419074630409624,0,0,17424,726 days 01:00:00,1000.0,533.2228982253963,-46.67771017746037,34.915698157888286,100.0,180.1760579418986,54.822630785089366,635 days 19:00:00,130,1,24.855394439016607,22.76651663290052,-8.721267796798315,4.506738146948978,-2.122709814818298,6 days 18:25:27.272727272,1 days 20:06:11.134020618,-3.7817884324124655,-0.458153526695096,-0.4943752052501472,0.9809011267571769,0.15089558422135776,23.059152698700636,0.9876769573767913,0.39366552027513396,-0.0074773548983022246,None,None,-0.000024034892604184672,-0.1453630304701089,-0.4667771017746115,-0.19607885804313951,0.38184674799554263,-2.3368688767552186,3 days 02:08:18.461538460,false
XMR-USD,false,31,59,131,25.384615384615383,0.651183907634962,0.1790633608815427,0.0001,0.00003905325443786982,5.413223140495868,10.78512396694215,0.0005413223140495868,-0.6591582085586757,0,0,17424,726 days 01:00:00,1000.0,527.4401477518484,-47.25598522481516,34.915698157888286,100.0,179.89052652302976,55.74501981278854,635 days 19:00:00,130,1,24.585840103595444,22.84250023892567,-8.721267796798296,4.504586971511206,-2.1326422743042603,6 days 18:18:10.909090909,1 days 20:09:53.814432989,-3.824197633474986,-0.47056511089680025,-0.4933438484806406,0.9803945100723888,0.14829862145561415,23.067828207531946,0.986765879756043,0.39388848892088635,-0.007477354898302023,None,None,-0.000024673117742761486,-0.14922301610822147,-0.47255985224815145,-0.1991156999483974,0.38164735023282775,-2.3534309126835806,3 days 02:09:13.846153844,false
XMR-USD,false,32,57,131,25.384615384615383,0.6482909868340598,0.1790633608815427,0.0001,0.00003905325443786982,5.413223140495868,10.78512396694215,0.0005413223140495868,-0.6650310987035114,0,0,17424,726 days 01:00:00,1000.0,525.7058085381202,-47.42941914618798,34.915698157888286,100.0,180.0073649133562,56.133113169155536,635 days 19:00:00,130,1,24.504996453797787,22.842500238925652,-8.72126779679832,4.475833848677156,-2.125857531393886,6 days 20:36:21.818181818,1 days 19:16:42.061855670,-3.8369168301205994,-0.47467920530772667,-0.492069735797539,0.9802111974938279,0.1502874504291533,23.11735358369669,0.9873878505566253,0.393108410617205,-0.007466933014796117,None,None,-0.00002487529274126317,-0.15044577049915966,-0.4742941914618768,-0.2000307322563436,0.38143974035198575,-2.358398131743287,3 days 02:04:36.923076922,false
XMR-USD,false,32,59,131,25.384615384615383,0.6118522217772655,0.1790633608815427,0.0001,0.00003905325443786982,5.413223140495868,10.78512396694215,0.0005413223140495868,-0.7979629906420893,0,0,17424,726 days 01:00:00,1000.0,480.55337247957823,-51.944662752042184,34.915698157888286,100.0,176.16597717750236,57.173896630154,635 days 19:00:00,130,1,22.40028262426688,22.46457772688537,-8.721267796798312,4.244555595852837,-2.145780096680833,6 days 21:09:05.454545454,1 days 19:08:39.587628865,-4.1680531549591375,-0.5711656416595078,-0.538993957172922,0.9762313119901371,0.1172244886120341,23.08439835180766,0.9851693402789589,0.39288569144684243,-0.007477354898302103,None,None,-0.00002998472002527317,-0.18134758671285212,-0.519446627520425,-0.22458090388542173,0.38211656737436994,-2.4877165714157905,3 days 02:06:55.384615382,false
XMR-USD,false,36,59,131,25.384615384615383,0.6020617805811562,0.1790633608815427,0.0001,0.00003905325443786982,5.413223140495868,10.78512396694215,0.0005413223140495868,-0.8059792919672214,0,0,17424,726 days 01:00:00,1000.0,472.58093754104675,-52.74190624589532,34.915698157888286,100.0,176.75037812597154,56.53158997088757,635 days 19:00:00,130,1,22.260578464318712,18.5279922989838,-8.721267796798307,4.048233233147295,-2.105054579800357,6 days 20:58:10.909090909,1 days 19:11:08.041237113,-4.228304930179013,-0.5797000805998627,-0.5553672844127813,0.9757101731458769,-0.09036147638933537,26.26703807437175,0.9844502479867587,0.39255174618396876,-0.007468588115302533,None,None,-0.00003071269068075866,-0.18575035323722838,-0.527419062458958,-0.22907034451663633,0.38563145358559886,-2.5105499539890963,3 days 02:05:59.999999999,false
XMR-USD,false,37,50,131,25.384615384615383,0.6469548096457208,0.1790633608815427,0.0001,0.00003905325443786982,5.413223140495868,10.78512396694215,0.0005413223140495868,-0.683521521124584,0,0,17424,726 days 01:00:00,1000.0,518.0845721261334,-48.191542787386666,34.915698157888286,100.0,181.57869244957217,55.84659363435437,635 days 19:00:00,130,1,24.149743823493736,22.842500238925677,-8.721267796798307,4.439584575618091,-2.1304441859553975,6 days 20:41:49.090909090,1 days 19:17:56.288659793,-3.892809013056617,-0.48853939255281614,-0.5040741363781971,0.9796256940056584,0.12872961858229554,23.074228627272163,0.985396391776566,0.3937769956806911,-0.0074682943244754425,None,None,-0.000025658745215274398,-0.15518409106197956,-0.48191542787386576,-0.20407520568167226,0.3822907330506787,-2.380225667247586,3 days 02:06:55.384615383,false
XMR-USD,false,38,53,131,25.384615384615383,0.6388739291392938,0.1790633608815427,0.0001,0.00003905325443786982,5.413223140495868,10.78512396694215,0.0005413223140495868,-0.7027887618783597,0,0,17424,726 days 01:00:00,1000.0,510.82291836127746,-48.917708163872256,34.915698157888286,100.0,178.70853505184562,53.78187146428631,635 days 19:00:00,130,1,26.097305835930683,22.54037460663627,-8.721267796798312,4.450951562087977,-2.1483021828171953,6 days 18:29:05.454545454,1 days 20:04:19.793814433,-3.9636491344204057,-0.5017003277031893,-0.5328724392397182,0.9790638585482557,0.15496686584005928,23.11578234039727,0.9884300302054416,0.39266304347826086,-0.007487835016430338,None,None,-0.000026412455473450816,-0.15974253070343053,-0.489177081638717,-0.2079651555707056,0.3831972092603362,-2.4010233432156243,3 days 02:07:50.769230768,false
XMR-USD,false,14,17,399,25.376884422110553,0.41478952049815515,0.5482093663911846,0.0001,0.00003904136064940085,16.487603305785125,32.93388429752066,0.0016487603305785127,-3.2778406994866764,0,0,17424,726 days 01:00:00,1000.0,90.94259578745266,-90.90574042125473,34.915698157888286,100.0,300.4537729409419,91.30969843941459,725 days 03:00:00,398,1,3.7940026553548876,19.69681006510061,-11.520637103641032,1.9949600394342084,-1.464091440291601,2 days 04:48:42.772277227,0 days 13:47:40.606060606,-2.293596499668103,-2.406196591555193,-0.7670571688867339,0.9025285334624392,-0.4440812328176237,36.7067087197092,1.0091962571223476,0.36709555939118155,-0.007638748123339087,None,None,-0.0001256199802850673,-0.759749640764087,-0.9090574042125477,-0.5648879181655861,0.38000171615501394,-3.603577909574664,0 days 23:41:45.527638190,false
XMR-USD,false,21,84,135,25.37313432835821,0.632513714500034,0.18457300275482094,0.0001,0.00003903559127439725,5.578512396694215,11.115702479338843,0.0005578512396694215,-0.6140678071245693,0,0,17424,726 days 01:00:00,1000.0,542.6989365287328,-45.73010634712672,34.915698157888286,100.0,186.33654353367103,51.210335501023394,722 days 11:00:00,134,1,24.08541360848369,22.539138995468832,-7.007675914303749,3.9068943396342557,-1.8949360654594631,6 days 18:35:17.647058823,1 days 17:22:48,-3.592436396117547,-0.4375924194288143,-0.5165858453628542,0.9818086748255164,0.16885445143723676,22.97101945959897,0.9897649849942793,0.39522780046440864,-0.007477354898302118,None,None,-0.00002298965241538671,-0.13904141780825882,-0.457301063471264,-0.19114861788356674,0.38240235617751817,-2.309729112112719,3 days 00:08:03.582089551,false
XMR-USD,false,21,85,135,25.37313432835821,0.630478751736621,0.18457300275482094,0.0001,0.00003903559127439725,5.578512396694215,11.115702479338843,0.0005578512396694215,-0.6202995792312006,0,0,17424,726 days 01:00:00,1000.0,540.524379282188,-45.947562071781206,34.915698157888286,100.0,186.4577705879235,50.94768102769027,722 days 11:00:00,134,1,23.988905015646992,22.53913899546883,-7.007675914303733,3.85574672569922,-1.8819871474434287,6 days 19:35:17.647058823,1 days 17:01:48,-3.6079442218914854,-0.44203957955630796,-0.5221598105887789,0.9816182764114494,0.16911887378958773,22.97864042357855,0.9905728319432792,0.39489273134806274,-0.007487835016430374,None,None,-0.000023221710897694993,-0.1404449075092593,-0.45947562071780657,-0.19227500735459624,0.38237633046629665,-2.315957133779969,3 days 00:07:36.716417909,false
XMR-USD,false,36,55,135,25.37313432835821,0.6222696567017575,0.18457300275482094,0.0001,0.00003903559127439725,5.578512396694215,11.115702479338843,0.0005578512396694215,-0.7757606992669529,0,0,17424,726 days 01:00:00,1000.0,486.73016842115385,-51.32698315788462,34.915698157888286,100.0,180.2677243833613,56.03195259564768,635 days 19:00:00,134,1,24.866437288307452,22.54037460663628,-8.72126779679832,4.305690812227144,-2.1283077189665813,6 days 19:01:45.882352941,1 days 17:01:12,-4.015942304978752,-0.5540746829299542,-0.5420256282474359,0.9769172006016663,0.1538543337763338,23.08711249041211,0.9882489630018071,0.39277435856446324,-0.0074925057180213585,None,None,-0.000029178018959718684,-0.1764686586683786,-0.513269831578846,-0.2211359470672355,0.3833058432838084,-2.470025973010327,2 days 23:58:39.402985073,false
XMR-USD,false,20,86,139,25.36231884057971,0.6210525331705783,0.19008264462809918,0.0001,0.00003901895206243032,5.743801652892562,11.446280991735538,0.0005743801652892562,-0.6928041473450722,0,0,17424,726 days 01:00:00,1000.0,515.3439201090565,-48.46560798909435,34.915698157888286,100.0,189.74913180436334,52.50635193345907,722 days 11:00:00,138,1,22.87137606319385,22.53913899546883,-7.007675914303735,3.8432665915899036,-1.9056823315650178,6 days 19:05:08.571428571,1 days 14:29:42.524271844,-3.677735188073452,-0.4940416696624726,-0.5397851972064899,0.9794816879600391,0.16637457491013813,22.974706795596546,0.9896019404085712,0.39522780046440864,-0.007487835016430428,None,None,-0.000025956480556230453,-0.15698479440408178,-0.4846560798909393,-0.20553912051489953,0.3824196235105291,-2.3880750076923443,2 days 22:05:39.130434781,false
XMR-USD,false,25,70,139,25.36231884057971,0.6204871735763058,0.19008264462809918,0.0001,0.00003901895206243032,5.743801652892562,11.446280991735538,0.0005743801652892562,-0.7145653104863112,0,0,17424,726 days 01:00:00,1000.0,508.5099421809239,-49.14900578190761,34.915698157888286,100.0,182.20104556819837,58.61203355511404,635 days 19:00:00,138,1,26.410121143246727,22.76651663290053,-7.667891305517993,4.19708979466485,-2.038892184349802,6 days 14:17:08.571428571,1 days 15:51:50.679611650,-3.752899847553069,-0.5102511936259125,-0.4917327261944072,0.9787659376448564,0.14858601457287998,23.124372386721802,0.9905079446235147,0.39321979691372827,-0.007466933014796148,None,None,-0.00002676273189862375,-0.16186100252287644,-0.49149005781906985,-0.20921175568799055,0.38177225085147226,-2.4076478024198886,2 days 21:53:54.782608694,false
XMR-USD,false,23,70,143,25.352112676056336,0.6359441387820974,0.19559228650137742,0.0001,0.000039003250270855905,5.909090909090909,11.776859504132231,0.0005909090909090909,-0.6508602185215608,0,0,17424,726 days 01:00:00,1000.0,530.7235364640194,-46.927646353598064,34.915698157888286,100.0,189.07955203767605,56.74148296036559,722 days 11:00:00,142,1,23.55393575903264,22.766516632900533,-7.007675914303737,4.032211860822807,-1.9235103765136874,6 days 13:58:20,1 days 13:20:56.603773584,-3.4706366147536114,-0.46428456095679976,-0.48068757174471705,0.9806527204856823,0.160232630694067,23.172722608653086,0.9934143662992407,0.39321979691372827,-0.007461921798605309,None,None,-0.000024330552931676762,-0.14715118413078107,-0.4692764635359745,-0.19738875924286248,0.38143951448655455,-2.3440271519530245,2 days 19:55:46.478873238,false
XMR-USD,false,23,72,143,25.352112676056336,0.6244934965603729,0.19559228650137742,0.0001,0.000039003250270855905,5.909090909090909,11.776859504132231,0.0005909090909090909,-0.6960512161428695,0,0,17424,726 days 01:00:00,1000.0,515.12790534042,-48.48720946595799,34.915698157888286,100.0,188.54471669105698,56.4509127855488,635 days 19:00:00,142,1,22.861789154692758,22.76651663290051,-7.007675914303728,3.980591394743624,-1.9337078544979391,6 days 15:31:40,1 days 12:53:46.415094339,-3.5755907310864297,-0.49667367133559215,-0.5023347163333023,0.9793314083347335,0.15980288935459208,23.146012776719708,0.9924661112305043,0.39355406269993604,-0.007461921798605248,None,None,-0.00002603529040160621,-0.15746143634891435,-0.4848720946595815,-0.20565472035631316,0.3815480443540467,-2.3886936829015855,2 days 19:59:09.295774646,false
XMR-USD,false,27,60,143,25.352112676056336,0.6014352415827068,0.19559228650137742,0.0001,0.000039003250270855905,5.909090909090909,11.776859504132231,0.0005909090909090909,-0.8595495909321387,0,0,17424,726 days 01:00:00,1000.0,462.87543373767903,-53.7124566262321,34.915698157888286,100.0,183.82040721755826,59.063874536935316,635 days 19:00:00,142,1,20.542782600769044,22.166403311106546,-7.007675914303735,4.0739184011398155,-2.061435475823656,6 days 14:13:20,1 days 13:13:35.094339622,-3.9272348511485236,-0.6152068703024457,-0.5436108143861782,0.9744643238535597,0.11892288792651001,22.98879902453278,0.9899477659518627,0.39221796100990736,-0.007477354898302098,None,None,-0.000032204504367473674,-0.19477284241448078,-0.5371245662623183,-0.23460296429198213,0.38102492583647535,-2.538346917290473,2 days 19:54:05.070422533,false
XMR-USD,false,28,59,143,25.352112676056336,0.6094252494653661,0.19559228650137742,0.0001,0.000039003250270855905,5.909090909090909,11.776859504132231,0.0005909090909090909,-0.8522327216247231,0,0,17424,726 days 01:00:00,1000.0,465.3346317456153,-53.46653682543847,34.915698157888286,100.0,186.43921863369002,59.09392893619864,635 days 19:00:00,142,1,20.65192377864787,22.842500238925645,-7.667891305517986,4.139054865284035,-2.0743985384219528,6 days 14:20:00,1 days 13:10:11.320754716,-3.910685155162194,-0.6102140161862409,-0.5402698003054679,0.9746763039659511,0.11167489533026607,23.00567985891729,0.9889659993203685,0.39244046667732146,-0.007468294324475243,None,None,-0.00003191858745627179,-0.19304361693553176,-0.5346653682543858,-0.2331939888100677,0.3807320428282712,-2.5313036727395097,2 days 19:53:14.366197182,false
XMR-USD,false,17,86,147,25.34246575342466,0.581962048639867,0.20110192837465565,0.0001,0.00003898840885142255,6.074380165289257,12.107438016528926,0.0006074380165289257,-0.8507880702655227,0,0,17424,726 days 01:00:00,1000.0,463.97506550431626,-53.60249344956838,34.915698157888286,100.0,186.68544951488786,57.529770825172236,722 days 11:00:00,146,1,22.032825149608527,22.84126158381931,-7.172505688054688,3.663832086520919,-1.9099503291075848,6 days 11:30:48.648648648,1 days 12:13:12.660550458,-3.8223134222280386,-0.6085830884641442,-0.5566982872021372,0.9747736614224355,0.13349201031600966,23.053774141052447,0.991003395480637,0.3940000000000001,-0.007520747578736121,None,None,-0.00003197808039233219,-0.1934034302128251,-0.5360249344956891,-0.2339723375095094,0.3824639046061732,-2.535197526544612,2 days 18:27:07.397260272,false
XMR-USD,false,18,82,147,25.34246575342466,0.589823833769895,0.20110192837465565,0.0001,0.00003898840885142255,6.074380165289257,12.107438016528926,0.0006074380165289257,-0.8226295280137003,0,0,17424,726 days 01:00:00,1000.0,472.4446653564678,-52.75553346435322,34.915698157888286,100.0,185.00570138681337,58.78302072120495,722 days 11:00:00,146,1,20.967472766790138,22.84126158381932,-7.172505688054686,3.785322749186966,-1.930354993516685,6 days 10:34:03.243243243,1 days 12:14:51.743119266,-3.7570055302076906,-0.5882901218305969,-0.5342655263911031,0.9755850116409428,0.1343581183645279,23.01629590149358,0.9906366683369863,0.3941115289223138,-0.007517332111407839,None,None,-0.00003092762673450059,-0.18705028649025957,-0.5275553346435317,-0.229147510457132,0.38265992625733297,-2.5109402431477514,2 days 18:13:58.356164383,false
XMR-USD,false,28,55,147,25.34246575342466,0.6310534609519993,0.20110192837465565,0.0001,0.00003898840885142255,6.074380165289257,12.107438016528926,0.0006074380165289257,-0.8089510624399855,0,0,17424,726 days 01:00:00,1000.0,478.2114012331506,-52.178859876684946,34.915698157888286,100.0,195.80682203708545,56.68472635589444,635 days 19:00:00,146,1,21.223405125252555,22.16640331110653,-8.059042385391503,4.111448306938493,-2.0217666080540964,6 days 10:17:50.270270270,1 days 12:09:21.467889908,-3.719260300630837,-0.5779192283623868,-0.5466391839225172,0.9759631744950528,0.1520074880038342,23.10097891104972,0.990251370624301,0.39321979691372827,-0.0074682943244752725,None,None,-0.00003029869933743279,-0.1832465335927935,-0.5217885987668469,-0.2258946386136912,0.3816056405352781,-2.494424073685506,2 days 18:05:45.205479451,false
XMR-USD,false,29,53,147,25.34246575342466,0.6377308581480307,0.20110192837465565,0.0001,0.00003898840885142255,6.074380165289257,12.107438016528926,0.0006074380165289257,-0.7900278726711408,0,0,17424,726 days 01:00:00,1000.0,484.1072928986521,-51.58927071013479,34.915698157888286,100.0,196.25829015914502,56.090916831093715,635 days 19:00:00,146,1,21.485069521101025,22.16640331110655,-8.222010603968494,4.1856582658734505,-2.0349528194515543,6 days 10:00:00,1 days 12:16:30.825688073,-3.680669702893481,-0.5643766030988013,-0.5448233006930122,0.9765250638301406,0.15130716329854285,23.08768914854132,0.9900190090324263,0.39355406269993604,-0.0074773548983021665,None,None,-0.00002959244163331851,-0.17897508699831033,-0.5158927071013488,-0.2225952843617378,0.38165393349404625,-2.477537996715656,2 days 18:06:34.520547944,false
XMR-USD,false,31,50,147,25.34246575342466,0.6526535319723054,0.20110192837465565,0.0001,0.00003898840885142255,6.074380165289257,12.107438016528926,0.0006074380165289257,-0.7132114479692495,0,0,17424,726 days 01:00:00,1000.0,508.92547922335746,-49.107452077664256,34.915698157888286,100.0,199.54702751728237,55.20520021464026,635 days 19:00:00,146,1,22.586520514291465,22.166403311106524,-8.059042385391502,4.217662019277029,-2.0000878485019475,6 days 09:12:58.378378378,1 days 12:32:28.623853211,-3.518226310211876,-0.50893915667284,-0.5215490565301759,0.9787934946620659,0.15986424988716863,23.064749106183417,0.9919183160045463,0.39366552027513396,-0.007477354898302048,None,None,-0.00002670568497763997,-0.16151598274476653,-0.49107452077664226,-0.2089875257088204,0.38194057732511577,-2.4064576871870376,2 days 18:06:34.520547944,false
XMR-USD,false,28,50,155,25.324675324675322,0.5636539859147733,0.21212121212121213,0.0001,0.00003896103896103896,6.404958677685951,12.768595041322314,0.0006404958677685951,-1.0690727148116912,0,0,17424,726 days 01:00:00,1000.0,401.7674406918816,-59.82325593081185,34.915698157888286,100.0,183.34833048626982,63.27884809946437,722 days 11:00:00,154,1,17.830760910241054,21.32200827661488,-8.222010603968481,3.921297279123835,-2.072679496731356,5 days 23:46:09.230769230,1 days 11:00:31.304347826,-4.000411170249088,-0.7660180173531838,-0.5811141966038705,0.9682063329122318,0.12535371352945837,23.194451092351734,0.988566735584743,0.39099544982837064,-0.007523499489008722,None,None,-0.00004024318741408859,-0.2433907974804078,-0.598232559308119,-0.271307038003207,0.3823942302589006,-2.7133627304340853,2 days 14:33:07.012987012,false
XMR-USD,false,29,49,155,25.324675324675322,0.5745100875530591,0.21212121212121213,0.0001,0.00003896103896103896,6.404958677685951,12.768595041322314,0.0006404958677685951,-1.0386332254784325,0,0,17424,726 days 01:00:00,1000.0,410.9948647725338,-58.90051352274662,34.915698157888286,100.0,189.5598195598762,62.38699142913278,722 days 11:00:00,154,1,18.240281383866716,22.16640331110654,-8.222010603968496,3.9063533941483146,-2.0477321190330398,6 days 00:52:18.461538461,1 days 10:38:36.521739130,-3.943152055917751,-0.7431927305647187,-0.5777858633320901,0.9691548051053259,0.14280574731240062,23.256053838792994,0.990533219923826,0.3907734056987789,-0.007489941431631852,None,None,-0.0000389802671058819,-0.23575265545637375,-0.5890051352274648,-0.2655412096830815,0.38176956406147056,-2.6869350071821376,2 days 14:33:30.389610388,false
XMR-USD,false,30,48,155,25.324675324675322,0.5811749356637604,0.21212121212121213,0.0001,0.00003896103896103896,6.404958677685951,12.768595041322314,0.0006404958677685951,-1.0199599868865885,0,0,17424,726 days 01:00:00,1000.0,416.18581908573447,-58.38141809142655,34.915698157888286,100.0,190.33386527003898,61.91193097021076,722 days 11:00:00,154,1,18.470660095230926,22.166403311106542,-8.222010603968496,3.934911170799492,-2.0464198729707634,6 days 00:00:00,1 days 10:56:20.869565217,-3.910940526035689,-0.7298120792790231,-0.5756808433003539,0.9696998751251142,0.14233964961056922,23.28280540603449,0.9902896642253626,0.39099544982837064,-0.0074899414316319055,None,None,-0.00003826712649493503,-0.23143958104136705,-0.5838141809142695,-0.2623346800492291,0.3816565754495884,-2.6720678998720464,2 days 14:33:30.389610388,false
XMR-USD,false,32,45,155,25.324675324675322,0.578360446645266,0.21212121212121213,0.0001,0.00003896103896103896,6.404958677685951,12.768595041322314,0.0006404958677685951,-0.9862611893622313,0,0,17424,726 days 01:00:00,1000.0,425.385765255004,-57.4614234744996,34.915698157888286,100.0,189.72228228003414,62.32155546007411,722 days 11:00:00,154,1,18.878961077134363,23.035612382811692,-8.222010603968503,3.880214405564826,-2.009955084340603,6 days 00:32:18.461538461,1 days 10:45:23.478260869,-3.8538519209229225,-0.7054042598206076,-0.5604832542936244,0.9707008144149699,0.1440197892546993,23.249593887375948,0.9913118566156949,0.39099544982837064,-0.007487835016430375,None,None,-0.000037002564996964615,-0.223791513101642,-0.5746142347449966,-0.2567152943850489,0.3818138662468739,-2.6457188744919224,2 days 14:33:30.389610388,false
XMR-USD,false,32,46,155,25.324675324675322,0.5891492112585676,0.21212121212121213,0.0001,0.00003896103896103896,6.404958677685951,12.768595041322314,0.0006404958677685951,-0.9591423577321883,0,0,17424,726 days 01:00:00,1000.0,433.0090560062722,-56.69909439937278,34.915698157888286,100.0,191.93439864656645,61.269943227442184,722 days 11:00:00,154,1,19.21728882838522,22.166403311106546,-8.222010603968492,3.9147894977087385,-2.0077442356222113,6 days 02:24:36.923076923,1 days 10:08:20.869565217,-3.806546966377362,-0.6859819927813133,-0.5605773769381384,0.9715052809178392,0.1424262541234202,23.244247811598715,0.9913278738767834,0.3913286489939316,-0.007487835016430316,None,None,-0.00003598342997554602,-0.21762778449210232,-0.5669909439937316,-0.2521187610934369,0.3818104293340747,-2.6238854552751687,2 days 14:34:17.142857142,false
XMR-USD,false,33,44,155,25.324675324675322,0.5818355863095317,0.21212121212121213,0.0001,0.00003896103896103896,6.404958677685951,12.768595041322314,0.0006404958677685951,-0.963122159432552,0,0,17424,726 days 01:00:00,1000.0,431.8699612948187,-56.81300387051813,34.915698157888286,100.0,190.2686001797888,62.21237604162001,722 days 11:00:00,154,1,19.166734892458862,23.03561238281166,-8.22201060396849,3.883466072928453,-1.9980458320367704,6 days 00:33:50.769230769,1 days 10:45:23.478260869,-3.813615412971691,-0.6887322620782473,-0.5534819518374575,0.9713867495033491,0.1441930470913054,23.239337272861437,0.9910087222029682,0.3913286489939316,-0.007487835016430407,None,None,-0.00003613187336009375,-0.21852557008184698,-0.5681300387051833,-0.2528022128125027,0.38185457366290815,-2.6271478695230592,2 days 14:33:53.766233765,false
XMR-USD,false,25,53,159,25.31645569620253,0.561148202708344,0.21763085399449036,0.0001,0.000038948393378773126,6.570247933884298,13.099173553719009,0.0006570247933884298,-1.062258052769724,0,0,17424,726 days 01:00:00,1000.0,404.56022862549014,-59.54397713745099,34.915698157888286,100.0,189.3673274443286,63.37643110949539,722 days 11:00:00,158,1,18.35725826209773,21.32200827661488,-7.1725056880547005,3.739790280000119,-1.9887755983490023,5 days 22:03:00,1 days 09:32:02.033898305,-3.8847913268139758,-0.7600580387005025,-0.576739059795554,0.968476352856103,0.1418612653384192,23.262409602029738,0.993420756057221,0.3903295300406926,-0.007489941431631883,None,None,-0.000039877888731691346,-0.24118147104926926,-0.5954397713745123,-0.2695528994193237,0.38189444826480895,-2.7053640705734705,2 days 13:00:22.784810126,false
XMR-USD,false,26,52,159,25.31645569620253,0.5665851906886548,0.21763085399449036,0.0001,0.000038948393378773126,6.570247933884298,13.099173553719009,0.0006570247933884298,-1.0366319283772798,0,0,17424,726 days 01:00:00,1000.0,410.6273959281059,-58.937260407189406,34.915698157888286,100.0,189.6791620339456,63.06256813468729,722 days 11:00:00,158,1,18.223972822138364,21.32200827661489,-7.172505688054698,3.782398089560996,-1.9892769641475798,5 days 22:00:00,1 days 09:30:00,-3.8455479550255243,-0.7421970874369285,-0.5720520968171755,0.9691806847970286,0.12867208396015825,23.209820486873912,0.9931575530980783,0.3902186053933302,-0.007487835016430278,None,None,-0.00003899164509715506,-0.2358214695475938,-0.5893726040718932,-0.26576920050490815,0.3823932852027929,-2.6879874531128083,2 days 12:58:06.075949366,false
XMR-USD,false,28,48,159,25.31645569620253,0.5557403776355165,0.21763085399449036,0.0001,0.000038948393378773126,6.570247933884298,13.099173553719009,0.0006570247933884298,-1.0949282495018844,0,0,17424,726 days 01:00:00,1000.0,395.8711405971112,-60.412885940288874,34.915698157888286,100.0,188.5168751489744,63.952623641451346,722 days 11:00:00,158,1,17.5690783879744,21.32200827661489,-8.222010603968492,3.7419266048675,-2.0056305391984495,5 days 19:39:00,1 days 10:17:17.288135593,-3.9347970746257106,-0.7840869142824846,-0.5823129906800191,0.9674762702100842,0.1326183466143656,23.30064992834584,0.9936189247991777,0.3895534290271132,-0.007505915383561873,None,None,-0.00004112905523294051,-0.2487485260488242,-0.6041288594028926,-0.27503679960768534,0.38180575646306925,-2.7302499771622113,2 days 12:57:43.291139239,false
XMR-USD,false,36,38,159,25.31645569620253,0.5643581562281164,0.21763085399449036,0.0001,0.000038948393378773126,6.570247933884298,13.099173553719009,0.0006570247933884298,-1.0604517734134433,0,0,17424,726 days 01:00:00,1000.0,404.7639239096353,-59.52360760903647,34.915698157888286,100.0,191.3424404997068,64.43876327595228,722 days 11:00:00,158,1,17.963747236199424,22.185214425160375,-8.222010603968478,3.811083617397863,-2.007598479627419,5 days 18:46:30,1 days 10:33:03.050847457,-3.8810115400415413,-0.7591668784176415,-0.5669817870964611,0.9685093390580009,0.13504450646495572,23.249604277480067,0.9930837524083571,0.389775083745414,-0.007523499489008702,None,None,-0.00003984209687583014,-0.24096500190502068,-0.5952360760903643,-0.2694252690039445,0.3819995747019276,-2.704780678876062,2 days 12:56:12.151898733,false
XMR-USD,false,22,56,163,25.308641975308642,0.5435661469089739,0.2231404958677686,0.0001,0.00003893637226970561,6.735537190082645,13.429752066115704,0.0006735537190082645,-1.2170311310580215,0,0,17424,726 days 01:00:00,1000.0,365.6742384414947,-63.432576155850526,34.915698157888286,100.0,189.13828835587876,66.63348336951648,722 days 11:00:00,162,1,16.59277397996675,21.322008276614905,-7.125563139087602,3.6897937124428783,-2.0366758027098544,5 days 16:04:23.414634146,1 days 09:26:46.611570247,-4.0180156514720435,-0.8730022939544674,-0.5957155391906667,0.9638650696023691,0.12333938226344071,23.375537077182713,0.9897128329837243,0.3895534290271132,-0.007477354898302168,None,None,-0.00004572024529461758,-0.2765160435418471,-0.6343257615585085,-0.29472984233534816,0.3811984369580573,-2.8167351507339,2 days 11:25:11.111111109,false
XMR-USD,false,23,55,163,25.308641975308642,0.5451247491060804,0.2231404958677686,0.0001,0.00003893637226970561,6.735537190082645,13.429752066115704,0.0006735537190082645,-1.2084701836284613,0,0,17424,726 days 01:00:00,1000.0,367.7852493509854,-63.221475064901455,34.915698157888286,100.0,189.0582667794934,66.34140491333541,722 days 11:00:00,162,1,16.68856286309864,21.32200827661488,-7.172505688054688,3.718461056765729,-2.041221796905056,5 days 18:07:19.024390243,1 days 08:47:36.198347107,-4.005576009334035,-0.8667423442711207,-0.5957038994522182,0.9641276933500796,0.12464475430393741,23.372846616783516,0.9901692025627262,0.389775083745414,-0.0074899414316317815,None,None,-0.000045390813041567845,-0.27452363727540235,-0.632214750649014,-0.2933193394895115,0.3811850785728389,-2.8106891283976294,2 days 11:27:02.222222221,false
XMR-USD,false,45,75,100,25.252525252525253,0.5713458757245095,0.13636363636363635,0.0001,0.00003885003885003886,4.132231404958678,8.223140495867769,0.0004132231404958678,-0.8860124616944014,0,0,17424,726 days 01:00:00,1000.0,450.15615699765317,-54.98438430023468,34.915698157888286,100.0,142.8031150224354,61.34961023377493,635 days 19:00:00,99,1,20.07704483053334,20.674404149974855,-9.192802668893398,4.633827983781687,-2.575631171794096,8 days 21:38:24,2 days 07:47:01.621621621,-5.756776644776567,-0.6395122703165929,-0.5387506687633874,0.9730312712579822,-0.14876609195979623,27.004843056591813,0.9776714784400128,0.3827170290430091,-0.00745819636418863,None,None,-0.000033660270181503275,-0.2035773140577318,-0.54984384300235,-0.24196948012170605,0.38311279824649885,-2.574775450618117,3 days 23:38:47.272727271,false
XMR-USD,false,46,75,100,25.252525252525253,0.5822349086077542,0.13636363636363635,0.0001,0.00003885003885003886,4.132231404958678,8.223140495867769,0.0004132231404958678,-0.8574233683097948,0,0,17424,726 days 01:00:00,1000.0,458.6049033837071,-54.13950966162929,34.915698157888286,100.0,143.2303088137031,60.59368334325712,635 days 19:00:00,99,1,20.453860425117,20.48709055027734,-8.59329002817791,4.734046888210685,-2.580780190359946,9 days 00:50:24,2 days 06:39:43.783783783,-5.675241990317276,-0.6187731745934035,-0.5350951170846067,0.9738933504573052,-0.14868759451699792,26.966396035651123,0.9779318880913813,0.3827170290430091,-0.007458196364188582,None,None,-0.0000325827347745045,-0.1970603799162032,-0.5413950966162955,-0.23706138505266305,0.3832780955580285,-2.5505778924084863,3 days 23:36:58.181818180,false
XMR-USD,false,46,76,100,25.252525252525253,0.5654304841435878,0.13636363636363635,0.0001,0.00003885003885003886,4.132231404958678,8.223140495867769,0.0004132231404958678,-0.9274962208054842,0,0,17424,726 days 01:00:00,1000.0,437.6092701305597,-56.23907298694403,34.915698157888286,100.0,140.35224803012386,62.00911174053062,635 days 19:00:00,99,1,19.517451440109937,20.217563635414475,-8.59329002817791,4.6671294233113345,-2.622842685512785,9 days 01:16:48,2 days 06:30:48.648648648,-5.877860417268188,-0.6697808052501579,-0.548255209149445,0.9717694119044986,-0.15038777690089924,26.96082985627791,0.976203034273202,0.3826073157184797,-0.0074619217986052035,None,None,-0.00003527057156766633,-0.21331641684124597,-0.5623907298694442,-0.24937053383534658,0.3832990515641664,-2.6107102522375967,3 days 23:36:58.181818180,false
XMR-USD,false,47,74,100,25.252525252525253,0.5830364312543298,0.13636363636363635,0.0001,0.00003885003885003886,4.132231404958678,8.223140495867769,0.0004132231404958678,-0.8434829301893279,0,0,17424,726 days 01:00:00,1000.0,462.9368510456627,-53.70631489543373,34.915698157888286,100.0,142.2998153319243,59.85370050904598,635 days 19:00:00,99,1,20.647066062895476,20.2175636354145,-8.5932900281779,4.766942574783652,-2.5793824798707297,9 days 00:48:00,2 days 06:38:55.135135135,-5.633436515325577,-0.6086745179142782,-0.5363616963831773,0.974310299311597,-0.14890769785438665,26.982012409151263,0.9775418425928941,0.3828267597809698,-0.007451445542635717,None,None,-0.000032046556901341066,-0.19381757613931078,-0.5370631489543405,-0.23456771636296359,0.3832253234294277,-2.538171015586586,3 days 23:35:45.454545454,false
XMR-USD,false,48,71,100,25.252525252525253,0.5626975538848233,0.13636363636363635,0.0001,0.00003885003885003886,4.132231404958678,8.223140495867769,0.0004132231404958678,-0.9387877716894872,0,0,17424,726 days 01:00:00,1000.0,434.3834539956083,-56.56165460043917,34.915698157888286,100.0,140.87235513442434,62.673035829555715,635 days 19:00:00,99,1,19.373579465574608,20.674404149974873,-9.1928026688934,4.643583719672818,-2.622844064436224,8 days 21:21:36,2 days 07:50:16.216216216,-5.908991166363293,-0.6781334929797755,-0.5463572011966568,0.9714107583839999,-0.1552212907143839,27.006833131578176,0.976650733429225,0.38238794129313763,-0.007460189988399877,None,None,-0.00003570122049960442,-0.21592098158160752,-0.5656165460043904,-0.2512956893233397,0.38320027582868005,-2.619949122731792,3 days 23:36:58.181818181,false
XMR-USD,false,49,70,100,25.252525252525253,0.5641871649521079,0.13636363636363635,0.0001,0.00003885003885003886,4.132231404958678,8.223140495867769,0.0004132231404958678,-0.9374100893673015,0,0,17424,726 days 01:00:00,1000.0,434.75848039125174,-56.524151960874825,34.915698157888286,100.0,141.73031676732705,62.769338304558985,635 days 19:00:00,99,1,19.390305709658833,20.67440414997487,-8.593290028177925,4.632183411159771,-2.6189483890567864,8 days 21:28:48,2 days 07:49:27.567567567,-5.905371972913207,-0.6771506138386053,-0.5450643655360253,0.9714569480831139,-0.1552755716323099,27.002195857711193,0.9762920718396437,0.3826073157184797,-0.007460189988399718,None,None,-0.00003565079595114948,-0.21561601391255206,-0.565241519608749,-0.2510713964227701,0.38321446899529515,-2.618875031662647,3 days 23:38:10.909090908,false
XMR-USD,false,56,65,100,25.252525252525253,0.5594528766672644,0.13636363636363635,0.0001,0.00003885003885003886,4.132231404958678,8.223140495867769,0.0004132231404958678,-0.979082983787031,0,0,17424,726 days 01:00:00,1000.0,422.0459087687941,-57.79540912312059,34.915698157888286,100.0,137.31197405078,63.03790805858189,635 days 19:00:00,99,1,18.82332274961732,20.2175636354145,-8.593290028177911,4.750816169480379,-2.6963317059331073,8 days 20:14:24,2 days 08:01:37.297297297,-6.028054686674971,-0.7076280467883254,-0.558196306805126,0.9701623206907536,-0.1601917162211545,26.878603887555595,0.9774264312450117,0.38107315526670366,-0.0074619217986052295,None,None,-0.00003731480100120464,-0.22567991645528565,-0.5779540912312089,-0.2587460403549433,0.3838256874211858,-2.6552843612569506,3 days 23:28:29.090909090,false
XMR-USD,false,44,76,104,25.24271844660194,0.5641814905834261,0.1418732782369146,0.0001,0.00003883495145631068,4.297520661157025,8.553719008264464,0.0004297520661157025,-0.9329444765523489,0,0,17424,726 days 01:00:00,1000.0,436.24263354341315,-56.375736645658684,34.915698157888286,100.0,146.13112002682004,61.86364398068933,635 days 19:00:00,103,1,21.182291209726202,20.674404149974855,-9.192802668893405,4.515939116611689,-2.540486970060813,8 days 17:53:04.615384615,2 days 04:12:28.051948051,-5.679025802585566,-0.6735374677212953,-0.5512207410585753,0.9716309146387978,-0.14839821586040233,26.984023777178727,0.9792878982050103,0.3826073157184797,-0.00746192179860521,None,None,-0.00003545756697045884,-0.21444736503733505,-0.5637573664565896,-0.2501850026105953,0.38318201457466194,-2.614624355804899,3 days 20:00:34.951456309,false
XMR-USD,false,45,74,104,25.24271844660194,0.5509904008968873,0.1418732782369146,0.0001,0.00003883495145631068,4.297520661157025,8.553719008264464,0.0004297520661157025,-0.9979621834579248,0,0,17424,726 days 01:00:00,1000.0,417.27533160943506,-58.27246683905649,34.915698157888286,100.0,142.75444402646207,63.52176660250763,635 days 19:00:00,103,1,20.261310814562023,20.564604478564082,-9.192802668893398,4.514117452476504,-2.5944312533979206,8 days 17:25:23.076923077,2 days 04:22:35.844155844,-5.854232807816762,-0.7211432474125304,-0.5597588015582732,0.9696423276996156,-0.15540808349563445,26.939195672395435,0.9778886117559701,0.38249761980323704,-0.007466933014796057,None,None,-0.00003799083202868108,-0.22976855210946318,-0.5827246683905635,-0.2616649920249653,0.38345570905741516,-2.668947491055434,3 days 20:01:09.902912620,false
XMR-USD,false,48,68,104,25.24271844660194,0.5765077661392833,0.1418732782369146,0.0001,0.00003883495145631068,4.297520661157025,8.553719008264464,0.0004297520661157025,-0.9194539783641202,0,0,17424,726 days 01:00:00,1000.0,440.0674698270234,-55.99325301729766,34.915698157888286,100.0,144.79218888094783,61.317135009213466,635 days 19:00:00,103,1,21.368010783558134,20.71991168845467,-9.192802668893393,4.699825457700913,-2.5861466734602425,8 days 17:20:46.153846153,2 days 04:30:23.376623376,-5.643694572393545,-0.6641454734287516,-0.5514068181566408,0.9719954007846113,-0.15604126823064998,27.025743634396065,0.979041763466356,0.38326585695006754,-0.007466933014796087,None,None,-0.00003495911115833279,-0.2114327042855967,-0.5599325301729732,-0.2479097008551463,0.3831378955019395,-2.603669866891877,3 days 20:05:49.514563105,false
XMR-USD,false,49,66,104,25.24271844660194,0.589387556327547,0.1418732782369146,0.0001,0.00003883495145631068,4.297520661157025,8.553719008264464,0.0004297520661157025,-0.855273878013829,0,0,17424,726 days 01:00:00,1000.0,461.41079810934025,-53.85892018906597,34.915698157888286,100.0,148.54146563490715,59.111129465648695,635 days 19:00:00,103,1,22.40436202550029,20.40105151435968,-9.192802668893398,4.6565624551427165,-2.5137405355674196,8 days 17:32:18.461538461,2 days 04:28:03.116883116,-5.446539455496697,-0.6159764364787151,-0.5450047161790025,0.974054738932856,-0.0901588227587802,26.667953019988403,0.9811145682686716,0.38337567481740237,-0.007461921798605333,None,None,-0.00003232085542672098,-0.1954765336208085,-0.5385892018906593,-0.23544443771045565,0.3819237728862814,-2.542541694154781,3 days 20:06:59.417475726,false
XMR-USD,false,49,67,104,25.24271844660194,0.5758984570946313,0.1418732782369146,0.0001,0.00003883495145631068,4.297520661157025,8.553719008264464,0.0004297520661157025,-0.9257671801316376,0,0,17424,726 days 01:00:00,1000.0,438.20276189878723,-56.179723810121274,34.915698157888286,100.0,145.71933341281823,61.764119420580435,635 days 19:00:00,103,1,21.277467624041265,20.71991168845465,-9.192802668893398,4.669796577654655,-2.5820943030383248,8 days 17:20:46.153846153,2 days 04:31:10.129870129,-5.660919473060718,-0.6687440549876562,-0.549701554563891,0.9718036464960722,-0.15612817303910462,27.022940938781332,0.9786459169414791,0.38337567481740237,-0.007468294324475388,None,None,-0.00003520212547806068,-0.212902454891311,-0.5617972381012096,-0.24901735016920534,0.38314829449831095,-2.6090104673284027,3 days 20:06:24.466019415,false
XMR-USD,false,53,65,104,25.24271844660194,0.564005816699962,0.1418732782369146,0.0001,0.00003883495145631068,4.297520661157025,8.553719008264464,0.0004297520661157025,-0.9630926514730442,0,0,17424,726 days 01:00:00,1000.0,427.7349142143046,-57.22650857856954,34.915698157888286,100.0,145.75407372272693,63.15622963747802,635 days 19:00:00,103,1,19.077053406401944,20.67440414997487,-8.593290028177902,4.52465146552307,-2.5603247384853267,8 days 17:20:46.153846153,2 days 04:08:34.285714285,-5.741185817399009,-0.6956988614806506,-0.5502194410565253,0.9706615370908773,-0.15436692059686913,27.07855289739333,0.9775170610337706,0.38173023550868285,-0.007458196364188581,None,None,-0.0000366021601948393,-0.22136986485838808,-0.5722650857856953,-0.2552931604110059,0.38295114215108245,-2.638990814956416,3 days 19:49:30.873786406,false
XMR-USD,false,54,63,104,25.24271844660194,0.564025567330012,0.1418732782369146,0.0001,0.00003883495145631068,4.297520661157025,8.553719008264464,0.0004297520661157025,-0.9545138225667963,0,0,17424,726 days 01:00:00,1000.0,429.97578342684596,-57.0024216573154,34.915698157888286,100.0,145.1619178770963,63.05463828238197,635 days 19:00:00,103,1,19.17699657265706,20.56460447856408,-9.192802668893417,4.521475710196689,-2.5532200931586044,8 days 17:20:46.153846153,2 days 04:17:55.324675324,-5.7204001276292304,-0.6894764753955576,-0.5483840267926164,0.970931612249153,-0.1543828083876615,27.03366330507008,0.9773762941806974,0.38249761980323704,-0.007458196364188562,None,None,-0.00003629127457683189,-0.21948962864067925,-0.5700242165731557,-0.2539413216751053,0.383125194818838,-2.632572873082797,3 days 19:56:30.291262134,false
XMR-USD,false,55,62,104,25.24271844660194,0.5590291831793864,0.1418732782369146,0.0001,0.00003883495145631068,4.297520661157025,8.553719008264464,0.0004297520661157025,-0.9701947443420804,0,0,17424,726 days 01:00:00,1000.0,425.45097184713666,-57.45490281528633,34.915698157888286,100.0,143.76621531841838,63.20058484765105,635 days 19:00:00,103,1,18.9751891697739,20.56460447856406,-8.593290028177922,4.506478728139677,-2.5624217864655052,8 days 17:20:46.153846153,2 days 04:17:08.571428571,-5.762371041967351,-0.7008697801437136,-0.5526083989103424,0.9704630428068797,-0.15438753363087784,27.020012798220357,0.9771072918551416,0.38238794129313763,-0.007460189988399776,None,None,-0.000036895429144297136,-0.22314355546470907,-0.5745490281528642,-0.25667575034738377,0.383171479468409,-2.645532120121903,3 days 19:55:55.339805823,false
XMR-USD,false,56,61,104,25.24271844660194,0.5606118911370218,0.1418732782369146,0.0001,0.00003883495145631068,4.297520661157025,8.553719008264464,0.0004297520661157025,-0.958819080884435,0,0,17424,726 days 01:00:00,1000.0,428.6690096362697,-57.133099036373025,34.915698157888286,100.0,143.9205188752928,62.92224041688357,635 days 19:00:00,103,1,19.118714228699446,20.56460447856406,-8.593290028177906,4.506478728139677,-2.5530127317664695,8 days 17:20:46.153846153,2 days 04:16:21.818181818,-5.73252140381,-0.6925835339722799,-0.5511276814987043,0.9708086018892397,-0.15422823378019235,27.012912191196655,0.9772538042254321,0.38238794129313763,-0.007460189988399737,None,None,-0.000036461498839865786,-0.22051914498350828,-0.57133099036373,-0.2547290923304214,0.3831954111689137,-2.6363155271310337,3 days 19:55:20.388349513,false
XMR-USD,false,57,59,104,25.24271844660194,0.5797778481906122,0.1418732782369146,0.0001,0.00003883495145631068,4.297520661157025,8.553719008264464,0.0004297520661157025,-0.899154659821814,0,0,17424,726 days 01:00:00,1000.0,446.2204454039236,-55.37795545960764,34.915698157888286,100.0,147.75253348181272,61.145956280285674,635 days 19:00:00,103,1,19.901511392016403,20.56460447856405,-9.192802668893405,4.605993731583432,-2.5333535456450504,8 days 17:30:00,2 days 04:21:49.090909090,-5.569719087263033,-0.6493129545175412,-0.5453679343749163,0.9725989751813459,-0.15461370241787564,27.058897925467807,0.9780381160947461,0.38326585695006754,-0.007461921798605288,None,None,-0.000034169011779754544,-0.20665418324395549,-0.5537795545960733,-0.244276384255385,0.3830330910579155,-2.586047490993573,3 days 20:01:44.854368930,false
XMR-USD,false,57,60,104,25.24271844660194,0.5622501160629958,0.1418732782369146,0.0001,0.00003883495145631068,4.297520661157025,8.553719008264464,0.0004297520661157025,-0.9482440186460493,0,0,17424,726 days 01:00:00,1000.0,431.6834909947336,-56.83165090052664,34.915698157888286,100.0,144.14004447755522,62.66150261553943,635 days 19:00:00,103,1,19.25316063453863,20.56460447856406,-8.593290028177906,4.506478728139677,-2.544117931277172,8 days 17:20:46.153846153,2 days 04:17:08.571428571,-5.704559899415583,-0.6849079973181323,-0.549742019566338,0.9711298623437954,-0.15431949483730845,27.009178589033933,0.9773744227529756,0.38249761980323704,-0.00746018998839973,None,None,-0.000036058578919067896,-0.21808228530252263,-0.5683165090052651,-0.2529142062232277,0.38320777683570795,-2.6276819281554884,3 days 19:55:55.339805823,false
XMR-USD,false,58,59,104,25.24271844660194,0.5622501160629958,0.1418732782369146,0.0001,0.00003883495145631068,4.297520661157025,8.553719008264464,0.0004297520661157025,-0.9482440186460493,0,0,17424,726 days 01:00:00,1000.0,431.6834909947336,-56.83165090052664,34.915698157888286,100.0,144.14004447755522,62.66150261553943,635 days 19:00:00,103,1,19.25316063453863,20.56460447856406,-8.593290028177906,4.506478728139677,-2.544117931277172,8 days 17:20:46.153846153,2 days 04:17:08.571428571,-5.704559899415583,-0.6849079973181323,-0.549742019566338,0.9711298623437954,-0.15431949483730845,27.009178589033933,0.9773744227529756,0.38249761980323704,-0.00746018998839973,None,None,-0.000036058578919067896,-0.21808228530252263,-0.5683165090052651,-0.2529142062232277,0.38320777683570795,-2.6276819281554884,3 days 19:55:55.339805823,false
XMR-USD,false,44,64,108,25.233644859813083,0.6262156530363802,0.14738292011019283,0.0001,0.000038820992092020126,4.462809917355372,8.884297520661157,0.00044628099173553724,-0.7074567156640975,0,0,17424,726 days 01:00:00,1000.0,506.7373576068504,-49.32626423931496,34.915698157888286,100.0,155.18954788695015,55.51730903033025,635 days 19:00:00,107,1,23.00489794311534,20.273199323916476,-9.1928026688934,4.863305309883186,-2.4172779489164142,8 days 15:35:33.333333333,2 days 01:27:00,-4.824930283516496,-0.5088474387057356,-0.5213923141991773,0.9785991931685597,-0.10146181251864066,26.514456665858113,0.9852317200477063,0.38778273335457153,-0.007450925614535053,None,None,-0.000026827393263806383,-0.16225207445950102,-0.4932626423931413,-0.21016961472866558,0.3837503876121951,-2.4127245577694683,3 days 17:21:18.504672896,false
XMR-USD,false,45,63,108,25.233644859813083,0.6194048835981657,0.14738292011019283,0.0001,0.000038820992092020126,4.462809917355372,8.884297520661157,0.00044628099173553724,-0.7184398555128768,0,0,17424,726 days 01:00:00,1000.0,502.9816719868664,-49.70183280131336,34.915698157888286,100.0,154.75831768259525,55.84699264316271,635 days 19:00:00,107,1,22.834397065101882,20.273199323916476,-9.192802668893405,4.762981759372706,-2.396761400485006,8 days 15:26:40,2 days 01:30:00,-4.8584366829741645,-0.5168427870863679,-0.5230636321588111,0.9782636268615305,-0.09671216717513981,26.34244545797277,0.9848938794157358,0.38778273335457153,-0.007446826610916448,None,None,-0.000027251872162744275,-0.16481932284027737,-0.4970183280131374,-0.21220634239888336,0.3837919202888661,-2.4234809963289976,3 days 17:21:18.504672897,false
XMR-USD,false,36,73,112,25.225225225225223,0.6190382709257823,0.15289256198347106,0.0001,0.000038808038808038805,4.62809917355372,9.214876033057852,0.00046280991735537196,-0.7089391444781522,0,0,17424,726 days 01:00:00,1000.0,506.04549031057456,-49.39545096894255,34.915698157888286,100.0,159.85805054122525,54.922977243870996,635 days 19:00:00,111,1,24.754931180651738,20.273199323916476,-8.03937214434758,4.589779745503927,-2.308867897903971,8 days 11:15:00,1 days 22:48:26.024096385,-4.673058025856554,-0.5096776644940795,-0.527922680719304,0.9785923154022796,-0.09550978078561048,26.42774609151766,0.9852112017331409,0.38888888888888895,-0.007450925614534994,None,None,-0.000026889452722698935,-0.16262741006688317,-0.49395450968942756,-0.2105440755543716,0.38401156642105644,-2.4147060942495555,3 days 14:16:12.972972971,false
XMR-USD,false,40,71,112,25.225225225225223,0.592768286122903,0.15289256198347106,0.0001,0.000038808038808038805,4.62809917355372,9.214876033057852,0.00046280991735537196,-0.8383788730813295,0,0,17424,726 days 01:00:00,1000.0,464.7053778186828,-53.52946221813172,34.915698157888286,100.0,155.24188201489818,58.93729723899658,635 days 19:00:00,111,1,21.096727189846945,20.755148066145246,-9.1928026688934,4.55602400471236,-2.392208424776181,8 days 11:40:42.857142857,1 days 22:11:33.975903614,-5.012534679019498,-0.6036569105918458,-0.5424910820235732,0.9746258267398393,-0.09755516038649698,26.41131491764144,0.9844705320604439,0.3857960871639891,-0.00745241146049084,None,None,-0.000031809291622617906,-0.1923825957335931,-0.5352946221813191,-0.2335540504749548,0.3835498041070143,-2.533105881946632,3 days 13:55:08.108108107,false
XMR-USD,false,33,74,116,25.217391304347824,0.6243151916715663,0.1584022038567493,0.0001,0.000038795986622073574,4.793388429752066,9.545454545454545,0.0004793388429752066,-0.6572897431620861,0,0,17424,726 days 01:00:00,1000.0,523.2808901968823,-47.67191098031177,34.915698157888286,100.0,164.18735289185568,53.49161681381642,635 days 19:00:00,115,1,24.648762550001265,20.398670625822795,-8.039372144347572,4.461459174415877,-2.2007410437814605,7 days 21:57:55.862068965,1 days 23:36:58.604651162,-4.35972062915756,-0.4721170210210662,-0.5195101753950474,0.9801731826028365,-0.0892396111822388,26.316862402109543,0.9861779192738758,0.39088441890166026,-0.007452411460490794,None,None,-0.000024938093183242078,-0.1508255875722481,-0.4767191098031197,-0.20131342250499495,0.3844780312065782,-2.3653431979145907,3 days 11:30:46.956521737,false
XMR-USD,false,33,77,116,25.217391304347824,0.6063780782374698,0.1584022038567493,0.0001,0.000038795986622073574,4.793388429752066,9.545454545454545,0.0004793388429752066,-0.7277597247924699,0,0,17424,726 days 01:00:00,1000.0,499.85722839009037,-50.01427716099096,34.915698157888286,100.0,161.67155089470808,55.22871688873601,635 days 19:00:00,115,1,24.452211364147843,20.273199323916472,-8.039372144347572,4.3797510400751385,-2.2267535800607536,8 days 06:26:53.793103448,1 days 20:30:41.860465116,-4.561695504122237,-0.5232646966113297,-0.5329281052784749,0.9780380657699499,-0.09488173434659644,26.44644372124443,0.9848466845734261,0.389442628179571,-0.007446826610916444,None,None,-0.000027600584226614433,-0.1669283334025641,-0.5001427716099143,-0.2139083239067926,0.3839324182368262,-2.432429531691651,3 days 11:19:49.565217390,false
XMR-USD,false,34,72,116,25.217391304347824,0.6396401478494113,0.1584022038567493,0.0001,0.000038795986622073574,4.793388429752066,9.545454545454545,0.0004793388429752066,-0.5990373820221089,0,0,17424,726 days 01:00:00,1000.0,543.9828982008012,-45.601710179919884,34.915698157888286,100.0,167.54238683381746,51.450505670184356,635 days 19:00:00,115,1,25.62391545383616,20.693259147012714,-8.039372144347581,4.483025857257571,-2.163738340839343,7 days 21:53:47.586206896,1 days 23:38:22.325581395,-4.188182758722045,-0.4300994146854011,-0.5124752661178209,0.9819187721727493,-0.08880790860074236,26.332719335256023,0.9867281702405335,0.3912175648702595,-0.0074468266109163125,None,None,-0.00002271523573507742,-0.13738174572574824,-0.4560171017992066,-0.19048492724225952,0.38442032453229336,-2.306051792913022,3 days 11:30:46.956521738,false
XMR-USD,false,39,59,116,25.217391304347824,0.6587931002645923,0.1584022038567493,0.0001,0.000038795986622073574,4.793388429752066,9.545454545454545,0.0004793388429752066,-0.538617593835208,0,0,17424,726 days 01:00:00,1000.0,564.5305732852142,-43.546942671478575,34.915698157888286,100.0,167.73554533247724,49.184872094422595,635 days 19:00:00,115,1,26.591798618688244,19.444522749107442,-8.039372144347585,4.620894733771033,-2.166443339499,7 days 18:04:08.275862068,2 days 01:13:15.348837209,-4.017923698551949,-0.3861662508323677,-0.5079156262812112,0.9837561039060081,-0.0652628527613494,26.099120729557377,0.9871580269667066,0.39299704212966663,-0.007489941431631799,None,None,-0.000020482869231923823,-0.12388039311467529,-0.43546942671478395,-0.18000006257096812,0.38607743651984117,-2.2472024037600487,3 days 11:43:49.565217389,false
XMR-USD,false,44,56,116,25.217391304347824,0.6291887618277775,0.1584022038567493,0.0001,0.000038795986622073574,4.793388429752066,9.545454545454545,0.0004793388429752066,-0.6480255142122238,0,0,17424,726 days 01:00:00,1000.0,526.0702327047993,-47.39297672952007,34.915698157888286,100.0,164.30409825344773,53.609235097048604,635 days 19:00:00,115,1,25.734509359631488,19.593689177557675,-8.306554725998126,4.49734171237338,-2.2094735963958065,7 days 17:37:14.482758620,2 days 01:23:01.395348837,-4.344906753520282,-0.46550607658200416,-0.5147655424158398,0.9804768107152363,-0.09067295462406573,26.224499467172368,0.9870692587090419,0.3921067348406168,-0.007477354898302102,None,None,-0.000024610977654314303,-0.1488471928532929,-0.47392976729520575,-0.19983829974968614,0.3848233854298816,-2.3573544058953,3 days 11:44:20.869565216,false
XMR-USD,false,46,51,116,25.217391304347824,0.6446473723260099,0.1584022038567493,0.0001,0.000038795986622073574,4.793388429752066,9.545454545454545,0.0004793388429752066,-0.5797448434347925,0,0,17424,726 days 01:00:00,1000.0,549.7470581307736,-45.02529418692264,34.915698157888286,100.0,166.7655264563344,51.00896119552839,635 days 19:00:00,115,1,25.895431979808905,19.03035765656016,-8.039372144347572,4.482799210952053,-2.152850199617579,7 days 18:02:04.137931034,2 days 01:13:15.348837209,-4.140420642165524,-0.41624318363018276,-0.5092418488629411,0.9825174613814887,-0.0899720923182347,26.079093733550742,0.9865163114481611,0.39277435856446324,-0.007487835016430375,None,None,-0.00002204346342151912,-0.13331886677334764,-0.45025294186922005,-0.18751792049179505,0.38547005046202365,-2.2895430010684277,3 days 11:43:18.260869564,false
XMR-USD,false,47,50,116,25.217391304347824,0.6443117822616236,0.1584022038567493,0.0001,0.000038795986622073574,4.793388429752066,9.545454545454545,0.0004793388429752066,-0.5809942740411557,0,0,17424,726 days 01:00:00,1000.0,549.2923513660563,-45.070764863394366,34.915698157888286,100.0,166.6913208596494,51.04948266158349,635 days 19:00:00,115,1,25.874013351146232,19.030357656560152,-8.039372144347588,4.482799210952051,-2.1537998755517425,7 days 18:02:04.137931034,2 days 01:12:33.488372093,-4.1441883650877385,-0.4171405971468819,-0.5094407032776281,0.9824797840841841,-0.08994385230758363,26.07918829983137,0.9866792702363856,0.39266304347826086,-0.007487835016430317,None,None,-0.000022090970144832023,-0.13360618743594407,-0.4507076486339462,-0.18775123330643173,0.385469725481393,-2.290845300001879,3 days 11:42:46.956521738,false
XMR-USD,false,48,49,116,25.217391304347824,0.6459519500022345,0.1584022038567493,0.0001,0.000038795986622073574,4.793388429752066,9.545454545454545,0.0004793388429752066,-0.571252760849791,0,0,17424,726 days 01:00:00,1000.0,552.847215070841,-44.7152784929159,34.915698157888286,100.0,166.39992891717895,50.58359896005828,635 days 19:00:00,115,1,27.04439625396992,19.03035765656014,-8.03937214434758,4.5030097282149795,-2.1552208415607996,7 days 18:04:08.275862068,2 days 01:12:33.488372093,-4.1234537494185135,-0.410135230740038,-0.5093811789134878,0.9827715067739778,-0.09011326699803746,26.0772675520211,0.9861707164617011,0.39288569144684243,-0.007487835016430435,None,None,-0.00002172035169717506,-0.13136468706451476,-0.44715278492915544,-0.1859305592444287,0.3854763344019367,-2.280664023692554,3 days 11:43:18.260869563,false
XMR-USD,false,31,80,120,25.210084033613445,0.5960862660177259,0.16391184573002754,0.0001,0.000038784744667097605,4.958677685950414,9.87603305785124,0.0004958677685950413,-0.7959279523432734,0,0,17424,726 days 01:00:00,1000.0,478.03977052318396,-52.196022947681605,34.915698157888286,100.0,164.59272198489512,57.577665368805064,635 days 19:00:00,119,1,22.517712788345307,20.27319932391646,-8.039372144347578,4.2354793764635374,-2.201130207931095,8 days 01:04:00,1 days 18:35:03.370786516,-4.575444892984542,-0.5726570692370421,-0.5383779557684978,0.9759797565617903,-0.0967449082411775,26.52146532526862,0.9835733746513363,0.389442628179571,-0.00744682661091642,None,None,-0.00003018134944007264,-0.18253680141355932,-0.5219602294768158,-0.22599108035327253,0.38362064542336377,-2.494915631119617,3 days 08:31:15.630252099,false
XMR-USD,false,38,60,120,25.210084033613445,0.6403743892074001,0.16391184573002754,0.0001,0.000038784744667097605,4.958677685950414,9.87603305785124,0.0004958677685950413,-0.6146277221778367,0,0,17424,726 days 01:00:00,1000.0,536.8502441289381,-46.31497558710619,34.915698157888286,100.0,170.91094685954354,51.819297429968046,635 days 19:00:00,119,1,25.287937014985744,19.030357656560113,-8.039372144347576,4.426714905033234,-2.1379697515225877,7 days 12:24:00,1 days 23:22:14.831460674,-4.104518427613847,-0.4409498791777682,-0.5182252826468167,0.9814728096333047,-0.06753402656922834,26.137161673262746,0.9866668444491944,0.39266304347826086,-0.007489941431631911,None,None,-0.00002337855572272322,-0.14139350501103004,-0.4631497558710652,-0.19418489853782428,0.38591032146108967,-2.32648000843834,3 days 08:54:27.226890756,false
XMR-USD,false,44,52,120,25.210084033613445,0.6507799216891387,0.16391184573002754,0.0001,0.000038784744667097605,4.958677685950414,9.87603305785124,0.0004958677685950413,-0.5982235396924144,0,0,17424,726 days 01:00:00,1000.0,541.5461721540722,-45.84538278459277,34.915698157888286,100.0,171.9886364921277,51.59764177326204,635 days 19:00:00,119,1,25.50913526053978,19.030357656560156,-8.039372144347572,4.562073224679098,-2.1687560665282377,7 days 13:30:00,1 days 23:04:43.146067415,-4.0669156563568665,-0.42955623610456284,-0.5142310979631294,0.9819322289233937,-0.08536075404071822,26.0568106831299,0.9869247661865772,0.393108410617205,-0.007487835016430343,None,None,-0.000022824191842496726,-0.1380407122634202,-0.4584538278459339,-0.19174536551986987,0.38675267395004415,-2.313030676839988,3 days 08:57:58.991596637,false
XMR-USD,false,35,64,124,25.203252032520325,0.6391714681021169,0.16942148760330578,0.0001,0.00003877423389618511,5.12396694214876,10.206611570247935,0.000512396694214876,-0.6486297092856551,0,0,17424,726 days 01:00:00,1000.0,523.7474761748977,-47.62525238251023,34.915698157888286,100.0,176.05326226545915,52.491050161747175,635 days 19:00:00,123,1,24.670740740294036,19.444522749107442,-8.039372144347565,4.363765602724164,-2.1207881967237805,7 days 09:48:23.225806451,1 days 20:50:52.173913043,-4.072546866385342,-0.4659708374096524,-0.5287963824907268,0.9804376989829044,-0.08554449822578007,26.056471823069284,0.9844207893708065,0.3937769956806911,-0.007492505718021461,None,None,-0.00002475050293076709,-0.14969104172527936,-0.4762525238251032,-0.20106631506797612,0.3866190373727825,-2.3640068764241664,3 days 06:21:27.804878047,false
XMR-USD,false,45,47,128,25.196850393700785,0.6358680294081015,0.174931129476584,0.0001,0.00003876438522107814,5.289256198347108,10.537190082644628,0.0005289256198347108,-0.7088271228891906,0,0,17424,726 days 01:00:00,1000.0,508.3206355594344,-49.167936444056565,34.915698157888286,100.0,173.81613965283066,53.48096328543019,635 days 19:00:00,127,1,23.94407072739864,22.46457772688536,-8.721267796798319,4.545540799743755,-2.1802742138201765,6 days 22:18:45,1 days 21:30:18.947368421,-4.060027048566648,-0.5063828749797018,-0.5391596526138163,0.9788657273707497,0.14673601829898636,23.094462473917574,0.9858277880206116,0.39355406269993604,-0.0075065533660039025,None,None,-0.0000266772648490087,-0.16134409780680461,-0.4916793644405706,-0.20931394802828773,0.3834601471779896,-2.408189984393835,3 days 03:56:41.574803149,false
XMR-USD,false,22,84,132,25.190839694656486,0.6961729542462487,0.18044077134986225,0.0001,0.00003875513799177921,5.454545454545455,10.867768595041323,0.0005454545454545455,-0.3932912254866441,0,0,17424,726 days 01:00:00,1000.0,627.7952407661558,-37.22047592338442,34.915698157888286,100.0,192.02048763545383,46.970370041491336,635 days 19:00:00,131,1,32.60535731253981,22.53913899546883,-7.0076759143037295,4.208064888479485,-1.847933973485125,6 days 19:30:54.545454545,1 days 19:19:35.510204081,-3.0901535614227837,-0.2790079522713386,-0.44425787451688276,0.9883352528285729,0.2260771685899754,23.190840663115264,0.9947556198790225,0.3941115289223138,-0.007452411460490854,None,None,-0.000014648665589710421,-0.08859512948656863,-0.3722047592338431,-0.14920455117087295,0.38215489549288056,-2.0660097860588085,3 days 01:36:10.992366411,false
XMR-USD,false,23,81,132,25.190839694656486,0.6973331568807369,0.18044077134986225,0.0001,0.00003875513799177921,5.454545454545455,10.867768595041323,0.0005454545454545455,-0.4001243657309866,0,0,17424,726 days 01:00:00,1000.0,624.4569419843106,-37.554305801568944,34.915698157888286,100.0,192.02398383645462,47.87058508405222,635 days 19:00:00,131,1,32.43197845024497,22.53913899546881,-7.667891305517982,4.279580970393015,-1.8758342880759213,6 days 20:18:10.909090909,1 days 19:05:30.612244897,-3.1143132554651514,-0.284378436202022,-0.4403284196091619,0.9881075980579319,0.1955080520859107,23.217832249125383,0.9927155613092161,0.3947810774033458,-0.007446826610916433,None,None,-0.00001493933789140649,-0.09035311556722646,-0.37554305801568855,-0.15077754421659795,0.3823777669987237,-2.0755708114942717,3 days 01:37:33.435114502,false
XMR-USD,false,24,77,132,25.190839694656486,0.6482917235724249,0.18044077134986225,0.0001,0.00003875513799177921,5.454545454545455,10.867768595041323,0.0005454545454545455,-0.5664491664815806,0,0,17424,726 days 01:00:00,1000.0,560.648917260251,-43.935108273974905,34.915698157888286,100.0,181.8584127931652,52.83567311054729,635 days 19:00:00,131,1,26.133817633654303,22.539138995468814,-7.430599770122943,4.200770503589195,-1.9583475734596723,6 days 19:00:00,1 days 19:34:17.142857142,-3.553319850178651,-0.40394455069088503,-0.47773641447541,0.9831680540832307,0.1578457800118736,23.122116331581097,0.9879513570019436,0.39489273134806274,-0.007460189988399781,None,None,-0.000021175097513386332,-0.12806698976096054,-0.439351082739743,-0.1819614340562713,0.3815589188465934,-2.2583196267564514,3 days 01:39:23.358778625,false
XMR-USD,false,24,79,132,25.190839694656486,0.6964448307412306,0.18044077134986225,0.0001,0.00003875513799177921,5.454545454545455,10.867768595041323,0.0005454545454545455,-0.4115659794611093,0,0,17424,726 days 01:00:00,1000.0,620.0907172454486,-37.99092827545515,34.915698157888286,100.0,192.15237608192095,48.379194925550955,635 days 19:00:00,131,1,28.904608966348746,22.539138995468825,-7.677465801481981,4.2695299237590385,-1.8741789434158247,6 days 22:07:16.363636363,1 days 18:23:15.918367346,-3.1207167306938937,-0.292566556158957,-0.44144341978905477,0.9877577241506446,0.19589076074351258,23.27973377929125,0.9915652706628914,0.3944462227912933,-0.007446826610916564,None,None,-0.000015358799828857514,-0.09289002136493024,-0.3799092827545564,-0.15284320055250278,0.3821118841653403,-2.0880758592785607,3 days 01:33:26.106870228,false
XMR-USD,false,26,77,132,25.190839694656486,0.582986224181145,0.18044077134986225,0.0001,0.00003875513799177921,5.454545454545455,10.867768595041323,0.0005454545454545455,-0.8283320719502849,0,0,17424,726 days 01:00:00,1000.0,465.6043153424164,-53.439568465758356,34.915698157888286,100.0,175.69832707699797,57.4201035978665,635 days 19:00:00,131,1,21.70345450065821,19.444522749107428,-7.6774658014819686,3.8558219377803216,-2.039181752262768,7 days 00:38:10.909090909,1 days 17:33:03.673469387,-4.245031596627804,-0.5963338587406233,-0.5556735816961793,0.9750636290314992,-0.10088712909528243,26.278835260563852,0.9833907279374197,0.39321979691372827,-0.007487835016430289,None,None,-0.00003157809938907753,-0.1909843451051409,-0.534395684657582,-0.23303977207224247,0.3854379414224897,-2.530531287792253,3 days 01:33:53.587786258,false
XMR-USD,false,27,70,132,25.190839694656486,0.6399193225375824,0.18044077134986225,0.0001,0.00003875513799177921,5.454545454545455,10.867768595041323,0.0005454545454545455,-0.6480744999685729,0,0,17424,726 days 01:00:00,1000.0,531.2418913633824,-46.87581086366176,34.915698157888286,100.0,179.70425210562146,53.83034672956626,635 days 19:00:00,131,1,24.76305274269106,22.46457772688536,-7.677465801481967,4.346685917980539,-2.055995175578631,6 days 16:45:27.272727272,1 days 20:14:04.897959183,-3.7673371097657125,-0.46295535121661946,-0.5060198801965053,0.980711637890845,0.13758461068155356,23.141872541957294,0.9876839936345322,0.3937769956806911,-0.007461921798605303,None,None,-0.00002426729759962298,-0.1467686158825198,-0.46875810863661704,-0.19711676189361504,0.38154015520659995,-2.342542562136092,3 days 01:35:16.030534349,false
XMR-USD,false,27,75,132,25.190839694656486,0.5888045871953361,0.18044077134986225,0.0001,0.00003875513799177921,5.454545454545455,10.867768595041323,0.0005454545454545455,-0.8017438400864937,0,0,17424,726 days 01:00:00,1000.0,473.93172136809085,-52.60682786319092,34.915698157888286,100.0,175.6674055343135,56.52239095226309,635 days 19:00:00,131,1,22.09162418000028,19.44452274910744,-7.677465801481969,3.8992685068333652,-2.035048329922421,7 days 00:32:43.636363636,1 days 17:31:13.469387755,-4.184426739022209,-0.5769567093755839,-0.5537148089819234,0.9758540706874084,-0.09911021709178908,26.26872249285843,0.9841930067950118,0.39288569144684243,-0.007477415365825872,None,None,-0.00003055692980308653,-0.18480831144906734,-0.5260682786319165,-0.2283062297322923,0.3855000447062467,-2.506681253380746,3 days 01:31:08.702290075,false
XMR-USD,false,31,66,132,25.190839694656486,0.6254797991894054,0.18044077134986225,0.0001,0.00003875513799177921,5.454545454545455,10.867768595041323,0.0005454545454545455,-0.715866554351979,0,0,17424,726 days 01:00:00,1000.0,506.831262278745,-49.316873772125504,34.915698157888286,100.0,179.25568642141167,53.27581850405018,635 days 19:00:00,131,1,25.893377104792535,22.464577726885377,-7.677465801481999,4.245339861952889,-2.0730453959665875,6 days 23:03:38.181818181,1 days 18:04:17.142857142,-3.9623062200461625,-0.5111628944874496,-0.5432047764806508,0.9786804986911815,0.1499056249308865,23.226242016101544,0.9896455480755783,0.39221796100990736,-0.007468294324475285,None,None,-0.00002688527456508942,-0.1626021405696608,-0.49316873772125236,-0.21011881623447348,0.3828362906971461,-2.4124556109150475,3 days 01:33:26.106870227,false
XMR-USD,false,13,18,402,25.187032418952622,0.42473572589139214,0.5523415977961432,0.0001,0.000038749280644542495,16.611570247933884,33.18181818181818,0.0016611570247933884,-3.2298599340162073,0,0,17424,726 days 01:00:00,1000.0,94.07823200802557,-90.59217679919745,34.915698157888286,100.0,303.53172440205907,91.01006300340002,725 days 03:00:00,401,1,3.9248171768018523,19.696810065100614,-11.520637103641029,2.045778834408308,-1.4547050750628672,2 days 04:25:32.673267326,0 days 13:45:00,-2.26894410266528,-2.3702203619774385,-0.7639244896310151,0.9038495464982313,-0.4444284008467698,36.777022389552016,1.0103553420757574,0.3667738646168327,-0.0076315217993825745,None,None,-0.0001236857165119607,-0.7480512134643382,-0.9059217679919755,-0.5597383103825548,0.3798295674127342,-3.5945973180756954,0 days 23:29:28.578553615,false
XMR-USD,false,28,63,136,25.185185185185183,0.6169196594004868,0.1859504132231405,0.0001,0.00003874643874643875,5.619834710743802,11.198347107438018,0.0005619834710743802,-0.7396477071603799,0,0,17424,726 days 01:00:00,1000.0,500.3720386417551,-49.96279613582449,34.915698157888286,100.0,176.63544446071518,58.95897018062336,635 days 19:00:00,135,1,23.324100349191042,22.76651663290054,-7.667891305517986,4.305031621798105,-2.082214163590808,6 days 15:49:24.705882352,1 days 17:40:59.405940594,-3.8737189756106325,-0.5281637775383806,-0.4985909280159618,0.9780197293555463,0.15030755919294364,23.10393141734316,0.9889595473572858,0.393108410617205,-0.007466933014796059,None,None,-0.00002769494940410337,-0.16749905399601717,-0.49962796135824383,-0.21362741375007144,0.3816716542508992,-2.4309550938919635,2 days 23:26:13.333333332,false
XMR-USD,false,28,65,136,25.185185185185183,0.6454090406469041,0.1859504132231405,0.0001,0.00003874643874643875,5.619834710743802,11.198347107438018,0.0005619834710743802,-0.6298980034157547,0,0,17424,726 days 01:00:00,1000.0,537.275302817778,-46.272469718222204,34.915698157888286,100.0,184.74256592845026,55.83094094839043,635 days 19:00:00,135,1,25.044291267913707,22.766516632900537,-7.430599770122938,4.310510928766424,-2.0144381189037084,6 days 15:00:00,1 days 17:59:24.356435643,-3.6131036181491574,-0.4496442566074471,-0.48046764575011847,0.981251054573472,0.14730777170265083,23.100856563637986,0.9892189884311519,0.3941115289223138,-0.007461921798605199,None,None,-0.000023594317297663856,-0.142698431016271,-0.46272469718222786,-0.19396350857838218,0.3819410251292468,-2.3252626228173576,2 days 23:27:33.333333332,false
XMR-USD,false,22,75,140,25.179856115107913,0.6464885032181407,0.19146005509641872,0.0001,0.000038738240177089094,5.785123966942149,11.52892561983471,0.0005785123966942149,-0.6047381246130459,0,0,17424,726 days 01:00:00,1000.0,546.5770488577937,-45.34229511422063,34.915698157888286,100.0,188.33323134799144,54.59801223003061,722 days 11:00:00,139,1,24.25752734075502,22.766516632900547,-7.00767591430374,4.138701044816106,-1.928935921142368,6 days 16:39:25.714285714,1 days 14:49:02.307692307,-3.436550204913389,-0.4311657226058846,-0.47970231021354676,0.9820405765915426,0.16149934293868187,23.07805288466942,0.9926001526839234,0.3944462227912933,-0.007466933014796001,None,None,-0.00002261751376599247,-0.13679072325672245,-0.45342295114220577,-0.18914710313671834,0.38181991816963057,-2.298622038407579,2 days 21:29:47.050359710,false
XMR-USD,false,22,78,140,25.179856115107913,0.655858828376947,0.19146005509641872,0.0001,0.000038738240177089094,5.785123966942149,11.52892561983471,0.0005785123966942149,-0.5830315889108535,0,0,17424,726 days 01:00:00,1000.0,554.3633235199155,-44.56366764800845,34.915698157888286,100.0,192.54355916996036,51.83517777704177,722 days 11:00:00,139,1,24.603088448550807,23.467422067943396,-7.007675914303739,4.122606092159178,-1.9083731945600049,6 days 14:30:51.428571428,1 days 15:34:36.923076923,-3.3830198915729177,-0.4153665273428659,-0.4951089441825021,0.9827025262864628,0.16961831993765322,23.079138086494634,0.9924638122763313,0.39489273134806274,-0.007458196364188679,None,None,-0.000021796985787760194,-0.13182817004437367,-0.4456366764800864,-0.18515638771631304,0.38196440195193265,-2.2763218265461047,2 days 21:31:30.647482013,false
XMR-USD,false,23,73,140,25.179856115107913,0.6457032154509357,0.19146005509641872,0.0001,0.000038738240177089094,5.785123966942149,11.52892561983471,0.0005785123966942149,-0.6094266995109168,0,0,17424,726 days 01:00:00,1000.0,544.8757591852623,-45.512424081473775,34.915698157888286,100.0,188.3135153757378,53.85567429826852,722 days 11:00:00,139,1,24.182022742030654,22.766516632900547,-7.0076759143037295,4.149558001299802,-1.934476925188488,6 days 16:44:34.285714285,1 days 14:42:06.923076923,-3.4482465004083993,-0.434418808183088,-0.48846066719193815,0.9818968847556631,0.16634002135501988,23.103235082996264,0.9930661363393135,0.3937769956806911,-0.007466933014795988,None,None,-0.00002279226238049915,-0.13784760287725886,-0.4551242408147371,-0.19002400254783292,0.381888658175247,-2.3034946022178118,2 days 21:25:53.956834531,false
XMR-USD,false,17,88,144,25.174825174825177,0.5882001659738555,0.19696969696969696,0.0001,0.00003873050026896181,5.9504132231404965,11.859504132231406,0.0005950413223140497,-0.8096338957995215,0,0,17424,726 days 01:00:00,1000.0,476.8924347218475,-52.31075652781525,34.915698157888286,100.0,184.05226363633915,56.60526781869114,722 days 11:00:00,143,1,22.646233409066213,22.84126158381933,-5.570763989160794,3.745025269782009,-1.914064779443635,6 days 12:51:40,1 days 13:48:13.457943925,-3.816460130679853,-0.5786835901066418,-0.5490982168743281,0.9759845400512935,0.14331281227718057,23.060246856823362,0.9908563077278175,0.39366552027513396,-0.007508325370423753,None,None,-0.00003040458092505662,-0.18388690543474243,-0.5231075652781534,-0.2266363661025047,0.3824333862779541,-2.4982016481889255,2 days 19:46:34.405594404,false
XMR-USD,false,19,89,144,25.174825174825177,0.5988774082989993,0.19696969696969696,0.0001,0.00003873050026896181,5.9504132231404965,11.859504132231406,0.0005950413223140497,-0.7657404742226852,0,0,17424,726 days 01:00:00,1000.0,491.28959663965185,-50.87104033603481,34.915698157888286,100.0,190.61914393821675,54.72317749160845,722 days 11:00:00,143,1,21.803825915521543,22.539138995468825,-7.0076759143037295,3.690473946733022,-1.8630800403421195,6 days 14:20:00,1 days 13:01:07.289719626,-3.7098897152158674,-0.5462510698610363,-0.5490107309451885,0.9773279750360168,0.1655670672965068,22.987961175994425,0.9908247870389504,0.39388848892088635,-0.007489941431631801,None,None,-0.000028699523113921728,-0.1735747157929986,-0.5087104033603514,-0.21861130700437859,0.3824197595551703,-2.4569675824895922,2 days 19:33:33.986013985,false
XMR-USD,false,20,76,144,25.174825174825177,0.61472485470498,0.19696969696969696,0.0001,0.00003873050026896181,5.9504132231404965,11.859504132231406,0.0005950413223140497,-0.7329137875354939,0,0,17424,726 days 01:00:00,1000.0,502.96223066021514,-49.70377693397849,34.915698157888286,100.0,193.1017282474051,54.78706374996803,635 days 19:00:00,143,1,22.321866765359914,22.090837561254013,-7.1725056880546925,3.7776409820678767,-1.8759032119081993,6 days 12:11:40,1 days 13:41:29.719626168,-3.6318855671688492,-0.5242899249602704,-0.533208103389743,0.9782298375575071,0.11616252209367417,22.973549437913494,0.9895468866220063,0.39422307569211074,-0.007468294324475308,None,None,-0.000027441432357451308,-0.1659657828978655,-0.49703776933977983,-0.21221691132088405,0.380972132263181,-2.4235366770905946,2 days 19:31:28.111888110,false
XMR-USD,false,20,77,144,25.174825174825177,0.6333485195443912,0.19696969696969696,0.0001,0.00003873050026896181,5.9504132231404965,11.859504132231406,0.0005950413223140497,-0.6565131875231194,0,0,17424,726 days 01:00:00,1000.0,528.2615267063037,-47.17384732936963,34.915698157888286,100.0,194.11380094187717,54.10533478410592,722 days 11:00:00,143,1,23.44466979344594,22.76651663290053,-7.172505688054702,3.8854273136088446,-1.862909934614567,6 days 12:36:40,1 days 13:41:29.719626168,-3.462819182427567,-0.46842154616977477,-0.507246210969966,0.9805228916024505,0.1575194293666659,23.080935836670797,0.9916493925000659,0.39511609287429944,-0.00746829432447531,None,None,-0.00002457256805941374,-0.1486148916233343,-0.471738473293697,-0.1986830282328199,0.38183138930611604,-2.351078449471357,2 days 19:37:45.734265733,false
XMR-USD,false,16,89,148,25.170068027210885,0.5844888927859944,0.2024793388429752,0.0001,0.000038723181580324434,6.115702479338843,12.190082644628099,0.0006115702479338843,-0.8117382701141261,0,0,17424,726 days 01:00:00,1000.0,476.05693669401944,-52.39430633059805,34.915698157888286,100.0,187.74278433302484,58.48587110696316,722 days 11:00:00,147,1,22.606558040003108,22.841261583819314,-5.57076398916078,3.63598961227037,-1.8612242787531663,6 days 12:56:45.405405405,1 days 11:25:05.454545454,-3.7180246350066923,-0.5804554865077285,-0.5324803695500744,0.9759326423253109,0.13425910716246744,23.047853117386904,0.9905815298571717,0.3945578231292517,-0.007505915383562028,None,None,-0.00003050167770839488,-0.18447414678037224,-0.5239430633059856,-0.22710690583051418,0.3824835412489009,-2.5005945490097816,2 days 18:00:24.489795917,false
XMR-USD,false,18,89,148,25.170068027210885,0.5912545883017599,0.2024793388429752,0.0001,0.000038723181580324434,6.115702479338843,12.190082644628099,0.0006115702479338843,-0.7997241349072608,0,0,17424,726 days 01:00:00,1000.0,480.1321584234063,-51.98678415765937,34.915698157888286,100.0,188.19048770006708,57.41626604422382,722 days 11:00:00,147,1,21.308649868248892,22.539138995468814,-7.007675914303723,3.7106418633797085,-1.873353539521868,6 days 10:38:55.135135135,1 days 11:45:49.090909090,-3.681472730917295,-0.5713327902050409,-0.5372497941348645,0.9762826273720576,0.14854089799786244,23.059767779480296,0.9907651780321187,0.39355406269993604,-0.007500231718143061,None,None,-0.000030017199415275007,-0.18154402206358325,-0.5198678415765928,-0.22481687618633972,0.3824185625612501,-2.4889229458501982,2 days 17:41:13.469387753,false
XMR-USD,false,19,79,148,25.170068027210885,0.6354746756885228,0.2024793388429752,0.0001,0.000038723181580324434,6.115702479338843,12.190082644628099,0.0006115702479338843,-0.6640838326154788,0,0,17424,726 days 01:00:00,1000.0,525.5595949215211,-47.44404050784789,34.915698157888286,100.0,198.87543694857717,54.78276890550945,722 days 11:00:00,147,1,23.324755896074578,23.090623896344233,-7.172505688054695,3.8528375664551673,-1.8399176048156103,6 days 10:16:12.972972972,1 days 11:57:16.363636363,-3.386157557650023,-0.47377039966045625,-0.504383541727655,0.9802925376755453,0.1581211042217542,23.062281561786456,0.9926207602588895,0.3945578231292517,-0.007466933014795938,None,None,-0.00002486011620714689,-0.1503539828208244,-0.4744404050784836,-0.20010796416708787,0.38193826896906785,-2.3588168935733895,2 days 17:44:04.897959182,false
XMR-USD,false,30,52,148,25.170068027210885,0.6401472614450385,0.2024793388429752,0.0001,0.000038723181580324434,6.115702479338843,12.190082644628099,0.0006115702479338843,-0.782005151550593,0,0,17424,726 days 01:00:00,1000.0,486.543834422946,-51.3456165577054,34.915698157888286,100.0,199.5167435215095,56.02146181294986,635 days 19:00:00,147,1,21.593205186083537,22.166403311106553,-8.059042385391514,4.1706559610768155,-2.006773116634858,6 days 10:09:43.783783783,1 days 12:00:32.727272727,-3.6397916378444712,-0.5586351918813429,-0.5423663588992459,0.9767737719909437,0.15091000668109777,23.063992693498456,0.9902519815070536,0.3943346403136753,-0.007487835016430393,None,None,-0.000029298493522146787,-0.17719728882194377,-0.5134561655770558,-0.22123945145910429,0.3817463940823825,-2.4705596412685566,2 days 17:44:53.877551019,false
XMR-USD,false,29,51,152,25.165562913907287,0.6205961574591923,0.20798898071625344,0.0001,0.00003871625063678044,6.2809917355371905,12.520661157024794,0.000628099173553719,-0.8578847612412901,0,0,17424,726 days 01:00:00,1000.0,463.23033601098814,-53.676966398901186,34.915698157888286,100.0,195.43510715118248,58.99952775359255,722 days 11:00:00,151,1,20.55853344800289,22.16640331110654,-8.222010603968487,4.169638070799357,-2.0307851850939063,6 days 05:20:31.578947368,1 days 11:07:26.017699115,-3.6909152148146696,-0.6128241670069641,-0.5437602232703888,0.9745167835225782,0.15495431645377117,23.19543548414575,0.992184739060063,0.39221796100990736,-0.007489941431631892,None,None,-0.0000321267422206907,-0.19430253695073735,-0.5367696639890043,-0.23439932492092497,0.38158276387816187,-2.537330462537931,2 days 15:52:03.178807946,false
XMR-USD,false,29,52,152,25.165562913907287,0.6240490603203082,0.20798898071625344,0.0001,0.00003871625063678044,6.2809917355371905,12.520661157024794,0.000628099173553719,-0.8733842565860717,0,0,17424,726 days 01:00:00,1000.0,458.28682223729277,-54.17131777627072,34.915698157888286,100.0,199.06278230668397,58.23892109324172,722 days 11:00:00,151,1,20.33913634602908,22.166403311106542,-8.222010603968497,4.143037290679867,-2.0320543745483564,6 days 07:12:37.894736842,1 days 10:36:06.371681415,-3.722200755686994,-0.6243401813575018,-0.5571351656951022,0.9740731648241417,0.14962817282514992,23.087684555619294,0.9909119321639961,0.393108410617205,-0.0075173321114077995,None,None,-0.00003273725185368469,-0.197994899211085,-0.5417131777627127,-0.23724509225694135,0.38166196122112556,-2.5514888899345163,2 days 15:56:49.271523177,false
XMR-USD,false,31,47,156,25.161290322580644,0.5852795402655752,0.21349862258953167,0.0001,0.000038709677419354835,6.446280991735537,12.851239669421489,0.0006446280991735538,-0.9979822583462008,0,0,17424,726 days 01:00:00,1000.0,422.24354810123,-57.775645189877004,34.915698157888286,100.0,192.87604974042333,61.612429629582145,722 days 11:00:00,155,1,18.739506962334644,22.166403311106546,-8.222010603968478,3.9420621513366623,-2.0187464316059174,6 days 00:00:00,1 days 10:36:12.413793103,-3.8483610249103597,-0.7139845174211457,-0.5708632372471787,0.97033975401499,0.14227182963586765,23.283412643963604,0.9903488016171776,0.39099544982837064,-0.007505915383562062,None,None,-0.00003743762301589032,-0.22642274400010468,-0.5777564518987692,-0.25862557745201686,0.38166067741896764,-2.6547183140550814,2 days 14:07:44.516129031,false
XMR-USD,false,30,43,164,25.153374233128833,0.5440743157704657,0.22451790633608815,0.0001,0.000038697498820198206,6.776859504132232,13.512396694214877,0.0006776859504132232,-1.1645283683833088,0,0,17424,726 days 01:00:00,1000.0,377.1895479308373,-62.281045206916275,34.915698157888286,100.0,190.69880094340317,67.82661814730902,722 days 11:00:00,163,1,17.115290765618283,22.18521442516038,-8.222010603968476,3.7337711106282785,-2.004327806405816,5 days 15:54:08.780487804,1 days 09:25:34.426229508,-3.9259248026673745,-0.83480750220771,-0.5712691911772879,0.965445609694907,0.12717775962123115,23.154166032059194,0.9902713539442051,0.3912175648702595,-0.007549268901077507,None,None,-0.00004386265484892657,-0.2652813365263079,-0.6228104520691624,-0.2870991379916096,0.38244282314873485,-2.783754829282871,2 days 11:12:08.834355827,false
XMR-USD,false,10,25,367,25.136612021857925,0.46585448230830845,0.5041322314049587,0.0001,0.00003867171080285835,15.165289256198347,30.289256198347108,0.0015165289256198347,-2.7527907020041096,0,0,17424,726 days 01:00:00,1000.0,130.61061048838633,-86.93893895116138,34.915698157888286,100.0,308.9742903107046,87.51909836828251,725 days 03:00:00,366,1,5.448898821500691,19.69681006510062,-11.520637103641041,2.273768209199071,-1.4784640686829342,2 days 11:16:57.391304347,0 days 14:34:35.912408759,-2.3902685473582332,-2.010367167376938,-0.7319532550945586,0.9180306512349121,-0.4056703691412653,36.77903901672425,1.0067217480491313,0.37150728059818966,-0.007615090235589308,None,None,-0.00010486954904171227,-0.6342510326042758,-0.8693893895116142,-0.5066363394942488,0.37969245035630605,-3.4899670789346597,1 days 01:48:51.147540983,false
XMR-USD,false,16,17,367,25.136612021857925,0.4307274613001656,0.5041322314049587,0.0001,0.00003867171080285835,15.165289256198347,30.289256198347108,0.0015165289256198347,-3.096345125457857,0,0,17424,726 days 01:00:00,1000.0,103.20726704744334,-89.67927329525567,34.915698157888286,100.0,290.7844830974988,90.13770977043191,725 days 03:00:00,366,1,4.305668227736533,19.696810065100603,-11.595387641454263,2.143234063782264,-1.5218157655317954,2 days 09:26:05.217391304,0 days 15:12:02.627737226,-2.4620174895636437,-2.266350868027774,-0.7552042345613237,0.9080350472191474,-0.40509861774793315,36.67468002774244,1.0073150939419553,0.36849132176234983,-0.007640234107481928,None,None,-0.00011835498874987406,-0.7158109719592384,-0.8967927329525563,-0.5453563303824673,0.38011706406909024,-3.5684513850969637,1 days 01:49:00.983606556,false
XMR-USD,false,11,21,403,25.12437810945274,0.4230954192506089,0.5537190082644629,0.0001,0.00003865288939915806,16.65289256198347,33.264462809917354,0.0016652892561983472,-3.273754015251218,0,0,17424,726 days 01:00:00,1000.0,90.93710690544754,-90.90628930945525,34.915698157888286,100.0,303.46621890511494,91.310222946544,725 days 03:00:00,402,1,3.7937736665875974,19.69681006510061,-11.520637103641047,2.0411540713944643,-1.4574661304706023,2 days 04:57:01.782178217,0 days 13:37:04.584717607,-2.2707877282615376,-2.404354545668738,-0.7670627186267396,0.9026638995421924,-0.4518000043966622,36.62744960130154,1.0099358841901498,0.36795415292824624,-0.007633162839139211,None,None,-0.0001256072314601349,-0.7596725358708959,-0.9090628930945521,-0.564897033345481,0.3802542516414466,-3.603593629959175,0 days 23:29:59.999999998,false
XMR-USD,false,16,88,153,25.0,0.5457775992509413,0.209366391184573,0.0001,0.00003846153846153846,6.322314049586777,12.603305785123966,0.0006322314049586777,-0.987267987233804,0,0,17424,726 days 01:00:00,1000.0,424.20004878185114,-57.57999512181489,34.915698157888286,100.0,187.50084790204392,60.66388909440719,722 days 11:00:00,152,1,20.144025397371195,22.165171467728523,-5.570763989160811,3.417049048075575,-1.85947304589142,6 days 11:20:31.578947368,1 days 09:22:06.315789473,-3.9206840566810506,-0.7082223212918698,-0.5773028064833005,0.9707493399735909,0.09192265709054127,22.883843007752393,0.9894782569714548,0.39388848892088635,-0.007523552431604302,None,None,-0.000037156666522658316,-0.22472351912903749,-0.5757999512181471,-0.2574350543921964,0.381878386215487,-2.649114815388739,2 days 15:51:42.631578946,false
XMR-USD,false,17,87,145,25.0,0.5941529167297276,0.19834710743801653,0.0001,0.00003846153846153846,5.991735537190083,11.942148760330578,0.0005991735537190083,-0.7974921779235057,0,0,17424,726 days 01:00:00,1000.0,480.78687621796905,-51.9213123782031,34.915698157888286,100.0,185.9310808847076,56.781434877745085,722 days 11:00:00,144,1,22.83116909832819,22.841261583819307,-7.172505688054686,3.815196984633898,-1.9105427989201493,6 days 12:50:00,1 days 13:30:00,-3.7641964783358253,-0.5702325032784553,-0.542421777405096,0.9763345138010407,0.13463400932399047,23.099430590725248,0.9906049330039794,0.3941115289223138,-0.007505915383561866,None,None,-0.00002994779777558205,-0.18112428094672023,-0.519213123782035,-0.22445014873082547,0.38227057315871366,-2.4870478070756503,2 days 19:20:00,false
XMR-USD,false,22,55,165,25.0,0.5391918741490926,0.22589531680440772,0.0001,0.00003846153846153846,6.818181818181818,13.59504132231405,0.0006818181818181819,-1.2085213154104013,0,0,17424,726 days 01:00:00,1000.0,368.5347841480881,-63.146521585191195,34.915698157888286,100.0,190.1342340956503,66.37246841178224,722 days 11:00:00,164,1,16.722573630527734,21.322008276614888,-7.125563139087597,3.6537636591246163,-1.987003500527097,5 days 15:21:57.073170731,1 days 09:06:49.756097560,-3.952364570014872,-0.8663493881232408,-0.5944919870854863,0.9641491731458285,0.13695924820187724,23.41045926009629,0.9890075312011534,0.389775083745414,-0.007489941431631863,None,None,-0.000045307602010836924,-0.27402037696154175,-0.6314652158519098,-0.2928197986685188,0.3806588649370659,-2.808542429816054,2 days 10:40:36.585365852,false
XMR-USD,false,22,77,141,25.0,0.6413852085414107,0.1928374655647383,0.0001,0.00003846153846153846,5.8264462809917354,11.611570247933885,0.0005826446280991736,-0.6392543571384408,0,0,17424,726 days 01:00:00,1000.0,534.089636524109,-46.5910363475891,34.915698157888286,100.0,189.67447486278712,53.420669412468854,722 days 11:00:00,140,1,23.70332597658745,23.771831489737732,-7.007675914303733,4.148064834418718,-1.9321580457466372,6 days 14:24:00,1 days 15:16:00,-3.4972406389462742,-0.4556125960803461,-0.5062348464961625,0.9810477921307454,0.16812071409973248,23.0307896554182,0.9927885263570567,0.3945578231292517,-0.007461921798605211,None,None,-0.00002392189424632963,-0.1446796164018016,-0.4659103634758902,-0.19562554174782887,0.38217105231654314,-2.3343865025097053,2 days 21:03:00,false
XMR-USD,false,22,82,133,25.0,0.6707939548374576,0.18181818181818182,0.0001,0.00003846153846153846,5.4958677685950414,10.950413223140496,0.0005495867768595042,-0.4860462040548772,0,0,17424,726 days 01:00:00,1000.0,590.5199581174352,-40.94800418825648,34.915698157888286,100.0,189.21144668453272,50.36616944422472,635 days 19:00:00,132,1,26.20774886034792,22.53913899546883,-7.007675914303728,4.152232505893124,-1.8689505998041773,6 days 21:34:32.727272727,1 days 18:21:12.727272727,-3.3006650813857004,-0.3460330229223994,-0.4619165504028705,0.9855775327493994,0.1714039664945564,23.041694559188535,0.9917685972914945,0.39511609287429944,-0.007466933014796075,None,None,-0.00001816402176811779,-0.1098560036535764,-0.40948004188256504,-0.16708942084601952,0.3820783338715509,-2.1727677333871487,3 days 01:09:32.727272726,false
XMR-USD,false,23,74,137,25.0,0.6497279390981383,0.18732782369146006,0.0001,0.00003846153846153846,5.661157024793389,11.28099173553719,0.0005661157024793389,-0.5998997350870744,0,0,17424,726 days 01:00:00,1000.0,548.2284775524179,-45.17715224475821,34.915698157888286,100.0,187.82137707215603,52.48484021299571,635 days 19:00:00,136,1,24.33081906933171,22.76651663290051,-7.00767591430374,4.207212163075265,-1.9454952312678124,6 days 16:37:03.529411764,1 days 17:06:28.235294117,-3.500752511153774,-0.42758995619918666,-0.49688186254768224,0.9821889170967795,0.16644975517504504,23.085561043282112,0.9921583539329211,0.3941115289223138,-0.007461921798605211,None,None,-0.00002243699884059595,-0.1356989689879243,-0.45177152244758434,-0.1882976065549573,0.3819400621771423,-2.2938922784951274,2 days 22:59:07.058823528,false
XMR-USD,false,23,82,133,25.0,0.6445165042382763,0.18181818181818182,0.0001,0.00003846153846153846,5.4958677685950414,10.950413223140496,0.0005495867768595042,-0.5829052689261167,0,0,17424,726 days 01:00:00,1000.0,549.4375426527461,-45.056245734725394,34.915698157888286,100.0,190.34882271582347,50.24686660278617,635 days 19:00:00,132,1,25.611216036835117,19.702048652753017,-7.6774658014819765,3.9715238901423215,-1.8906955332756974,6 days 20:05:27.272727272,1 days 18:42:25.454545454,-3.6073763135158226,-0.4175559295423804,-0.5173825618201662,0.9824845391987835,-0.0454847800766419,26.28507091220259,0.9882662055211804,0.3943346403136753,-0.007461921798605247,None,None,-0.000022096206824421288,-0.13363785887409996,-0.45056245734725253,-0.18767672107198907,0.3851775934001108,-2.290429466166814,3 days 01:03:10.909090908,false
XMR-USD,false,24,67,145,25.0,0.609721342694569,0.19834710743801653,0.0001,0.00003846153846153846,5.991735537190083,11.942148760330578,0.0005991735537190083,-0.7960646671523386,0,0,17424,726 days 01:00:00,1000.0,482.5183367341581,-51.74816632658419,34.915698157888286,100.0,188.3959314968015,58.66480907479358,635 days 19:00:00,144,1,21.41455037346384,22.76651663290054,-7.007675914303735,4.034989755013681,-1.97407545820135,6 days 12:48:20,1 days 13:05:00,-3.7423348169396284,-0.569671290972955,-0.5228741702167042,0.9763420326782087,0.11452394179940815,23.00016887452973,0.989439303848282,0.39344262295081966,-0.007461921798605288,None,None,-0.000029819999426036918,-0.1803513565286713,-0.5174816632658388,-0.22348187348827098,0.3810142701945809,-2.482088832724459,2 days 19:00:50,false
XMR-USD,false,24,76,133,25.0,0.6529852390192123,0.18181818181818182,0.0001,0.00003846153846153846,5.4958677685950414,10.950413223140496,0.0005495867768595042,-0.5641519929671307,0,0,17424,726 days 01:00:00,1000.0,561.2942667157797,-43.87057332842203,34.915698157888286,100.0,182.9223335511101,53.33370471945498,635 days 19:00:00,132,1,29.151543266580575,23.467422067943403,-7.667891305517981,4.3276038098032155,-1.9825274309434266,6 days 18:32:43.636363636,1 days 19:24:50.909090909,-3.5443733072030437,-0.4023002153208033,-0.4724643941149132,0.9832487281236225,0.15677129057236544,23.08340731956563,0.9890231738740435,0.39545126932009295,-0.007460189988399789,None,None,-0.00002109830615593023,-0.12760255563106604,-0.43870573328422124,-0.18163473068949765,0.38172910086881345,-2.256471319291395,3 days 01:11:49.090909090,false
XMR-USD,false,25,69,137,25.0,0.637728262473897,0.18732782369146006,0.0001,0.00003846153846153846,5.661157024793389,11.28099173553719,0.0005661157024793389,-0.6517291890168866,0,0,17424,726 days 01:00:00,1000.0,529.5457855119564,-47.04542144880436,34.915698157888286,100.0,183.93288316791435,56.10494375828965,635 days 19:00:00,136,1,27.502644857414964,22.766516632900537,-7.007675914303727,4.29680504822206,-2.013184634734049,6 days 17:22:56.470588235,1 days 16:44:42.352941176,-3.6614474951871943,-0.46486932542949316,-0.48758812003393415,0.980621681131707,0.15896094515712503,23.089468846339752,0.9913889789725165,0.39321979691372827,-0.007461921798605167,None,None,-0.000024409885819788448,-0.14763098943808053,-0.47045421448804825,-0.19800740814472462,0.38220186528231276,-2.347400279268816,2 days 22:54:15.882352940,false
XMR-USD,false,25,80,133,25.0,0.6003813513933185,0.18181818181818182,0.0001,0.00003846153846153846,5.4958677685950414,10.950413223140496,0.0005495867768595042,-0.7316283655670852,0,0,17424,726 days 01:00:00,1000.0,497.9199160914749,-50.20800839085251,34.915698157888286,100.0,179.8216949903525,54.55078481668699,635 days 19:00:00,132,1,23.209798293891424,19.801775246886333,-7.6774658014819765,3.8797545500098627,-1.959682961350961,7 days 02:54:32.727272727,1 days 16:22:25.454545454,-3.979468804563754,-0.5256576652266673,-0.5420740204087083,0.9780015907858475,-0.0787425067562978,26.36287987131517,0.9849560921425101,0.39366552027513396,-0.007461921798605339,None,None,-0.000027778530999318247,-0.16800455548387674,-0.5020800839085289,-0.21496712937023543,0.3846486548162662,-2.4379780740402963,3 days 01:00:27.272727271,false
XMR-USD,false,26,61,145,25.0,0.6183559810650631,0.19834710743801653,0.0001,0.00003846153846153846,5.991735537190083,11.942148760330578,0.0005991735537190083,-0.8036523256083585,0,0,17424,726 days 01:00:00,1000.0,480.50732723788747,-51.94926727621125,34.915698157888286,100.0,189.80528507629964,57.901236555219334,635 days 19:00:00,144,1,21.325300160817278,22.166403311106535,-7.0076759143037375,4.128659517913654,-2.008102633409543,6 days 12:13:20,1 days 13:13:53.333333333,-3.755680367520343,-0.5749633898608876,-0.5322808157914637,0.9761193896074701,0.12089052512280238,23.04232169251874,0.9902199952355731,0.39288569144684243,-0.007466933014796147,None,None,-0.00003007637222739251,-0.1819018992312699,-0.5194926727621052,-0.224606692748745,0.3807528852667693,-2.4878484468876265,2 days 18:58:44.999999999,false
XMR-USD,false,26,62,145,25.0,0.6007359659559711,0.19834710743801653,0.0001,0.00003846153846153846,5.991735537190083,11.942148760330578,0.0005991735537190083,-0.8854192729600862,0,0,17424,726 days 01:00:00,1000.0,455.0525186585262,-54.49474813414737,34.915698157888286,100.0,185.46016361765976,59.114614122533574,635 days 19:00:00,144,1,20.195595361909398,22.090837561254002,-7.007675914303737,4.122441408030011,-2.054439056457011,6 days 14:21:40,1 days 12:30:33.333333333,-3.9246046993290484,-0.6338518261091162,-0.5529435792576147,0.9737090228230751,0.11883105796277499,22.98369453487968,0.9895739356185611,0.39232920495405516,-0.007477354898302114,None,None,-0.000033181753732505595,-0.20068324657419384,-0.5449474813414724,-0.23911780320445142,0.38103909256043084,-2.560752068817954,2 days 18:58:19.999999999,false
XMR-USD,false,26,74,129,25.0,0.6761265261014907,0.1763085399449036,0.0001,0.00003846153846153846,5.330578512396694,10.619834710743802,0.0005330578512396694,-0.49261623535816845,0,0,17424,726 days 01:00:00,1000.0,587.595028455635,-41.240497154436504,34.915698157888286,100.0,181.43671948209814,52.37269367755877,635 days 19:00:00,128,1,27.38987063623142,23.467422067943396,-7.677465801481988,4.529886224480408,-2.0049200172363997,6 days 23:43:07.500000,1 days 20:34:22.500000,-3.4358972045359133,-0.35094956702178687,-0.4478723046494792,0.9853391212937184,0.17280356253567014,23.217746722739342,0.9893348192713898,0.3947810774033458,-0.007466933014796014,None,None,-0.000018433745174564687,-0.11148729081576723,-0.41240497154436184,-0.16852366081239556,0.3823198199244333,-2.1811448526089205,3 days 03:21:33.750000,false
XMR-USD,false,26,75,129,25.0,0.6521657888514859,0.1763085399449036,0.0001,0.00003846153846153846,5.330578512396694,10.619834710743802,0.0005330578512396694,-0.5668468097025291,0,0,17424,726 days 01:00:00,1000.0,560.0000250042596,-43.99999749957404,34.915698157888286,100.0,180.93982916761814,52.704837211487224,635 days 19:00:00,128,1,26.103570483682233,22.5391389954688,-7.6774658014819686,4.308883016998322,-1.9874140214922102,7 days 02:03:45,1 days 19:42:30,-3.6414339490579852,-0.40434078746906577,-0.4797479187531878,0.9831303584112122,0.16079145885622012,23.238463931208162,0.9871203355151541,0.3943346403136753,-0.0074669330147961125,None,None,-0.000021217303671887732,-0.12832225260757701,-0.43999997499574073,-0.18229017859353902,0.381944784461942,-2.2601780809481937,3 days 03:17:48.750000,false
XMR-USD,false,27,61,145,25.0,0.6098573617303877,0.19834710743801653,0.0001,0.00003846153846153846,5.991735537190083,11.942148760330578,0.0005991735537190083,-0.8417904960222825,0,0,17424,726 days 01:00:00,1000.0,468.22406173350714,-53.177593826649286,34.915698157888286,100.0,188.83952896102454,58.753950270722,635 days 19:00:00,144,1,20.780158996494833,22.842500238925673,-7.007675914303739,4.111357911746242,-2.0241112925615012,6 days 14:23:20,1 days 12:27:13.333333333,-3.8371951198818612,-0.6023881482081394,-0.5397848817156886,0.9749919920127398,0.11937180052066798,22.969804224403696,0.9898849450475563,0.39232920495405516,-0.007487835016430259,None,None,-0.000031540146069918395,-0.19075480343086645,-0.5317759382664919,-0.23154471384945197,0.381105508381351,-2.52302822604838,2 days 18:56:14.999999999,false
XMR-USD,false,27,68,133,25.0,0.641329648831521,0.18181818181818182,0.0001,0.00003846153846153846,5.4958677685950414,10.950413223140496,0.0005495867768595042,-0.6236198916650856,0,0,17424,726 days 01:00:00,1000.0,539.6329463602456,-46.03670536397544,34.915698157888286,100.0,178.99767146029328,54.72868076239784,635 days 19:00:00,132,1,25.15418932441071,22.46457772688536,-7.430599770122942,4.381082063218897,-2.0330349791247957,6 days 20:30:54.545454545,1 days 18:31:30.909090909,-3.6781912345770014,-0.4451515322015773,-0.4871981081911604,0.9814314989184345,0.14727073125351098,23.132734459861556,0.9880089236674814,0.39388848892088635,-0.007461921798605265,None,None,-0.00002335092964359178,-0.1412264224844431,-0.4603670536397606,-0.19273761187203187,0.38181610861641985,-2.3185102344452093,3 days 01:01:21.818181817,false
XMR-USD,false,28,66,133,25.0,0.6403656371924019,0.18181818181818182,0.0001,0.00003846153846153846,5.4958677685950414,10.950413223140496,0.0005495867768595042,-0.6179073959343815,0,0,17424,726 days 01:00:00,1000.0,541.5947448819722,-45.840525511802774,34.915698157888286,100.0,179.20360094918584,55.20254486484567,635 days 19:00:00,132,1,25.24563565244671,22.464577726885377,-7.677465801481967,4.359181732864765,-2.022310845522148,6 days 20:23:38.181818181,1 days 18:36:21.818181818,-3.66402189977632,-0.44103219975696345,-0.4805901509889328,0.9816019739120502,0.14765594365217768,23.12408680775867,0.9881778702050029,0.3941115289223138,-0.0074619217986052365,None,None,-0.000023138692798705663,-0.13994281404657186,-0.4584052551180271,-0.1917202043118963,0.3818796062249784,-2.312891562543374,3 days 01:03:10.909090908,false
XMR-USD,false,29,54,145,25.0,0.6556196053069081,0.19834710743801653,0.0001,0.00003846153846153846,5.991735537190083,11.942148760330578,0.0005991735537190083,-0.7172743792298407,0,0,17424,726 days 01:00:00,1000.0,507.80481650768013,-49.21951834923199,34.915698157888286,100.0,199.17275707343904,54.5629073512652,635 days 19:00:00,144,1,22.53678460510514,22.166403311106542,-8.059042385391498,4.307703844701355,-2.0109595395896367,6 days 12:15:00,1 days 13:17:13.333333333,-3.574527556232118,-0.5121205294554559,-0.5291340309926669,0.9786791421780845,0.15269146298910566,23.08755712231421,0.9906045582078755,0.39388848892088635,-0.007468294324475312,None,None,-0.000026851157324675552,-0.16239579949963773,-0.4921951834923223,-0.20959252591397592,0.3816355012348152,-2.409667311438598,2 days 19:01:39.999999999,false
XMR-USD,false,29,59,141,25.0,0.6236312330241256,0.1928374655647383,0.0001,0.00003846153846153846,5.8264462809917354,11.611570247933885,0.0005826446280991736,-0.7512051550624629,0,0,17424,726 days 01:00:00,1000.0,496.6595207444732,-50.33404792555268,34.915698157888286,100.0,184.50190325010215,59.81720046208896,635 days 19:00:00,140,1,25.794654188180232,22.84250023892566,-8.059042385391505,4.321648167017276,-2.057495738764942,6 days 16:29:08.571428571,1 days 14:18:51.428571428,-3.7795366674550532,-0.5363581205220089,-0.4958481046947964,0.9776806560779961,0.15383989027863212,23.09538407346226,0.9906155721466042,0.39266304347826086,-0.007468294324475399,None,None,-0.000028123456974027183,-0.1700906677789164,-0.5033404792555287,-0.21565742221181028,0.3816557306148186,-2.441587898312754,2 days 20:51:25.714285713,false
XMR-USD,false,29,64,133,25.0,0.6414567869575185,0.18181818181818182,0.0001,0.00003846153846153846,5.4958677685950414,10.950413223140496,0.0005495867768595042,-0.6552410551776127,0,0,17424,726 days 01:00:00,1000.0,528.6321149710146,-47.13678850289853,34.915698157888286,100.0,181.23824034047647,54.811198575378825,635 days 19:00:00,132,1,24.641401887399923,22.464577726885356,-7.677465801481974,4.400201196304668,-2.0573337678582138,6 days 20:36:21.818181818,1 days 18:29:05.454545454,-3.757646113002913,-0.4677591247424811,-0.5002470817168914,0.9804987666537872,0.14630341673037514,23.10457692254133,0.9896716247514228,0.393108410617205,-0.007461921798605216,None,None,-0.000024534821873179565,-0.14838660268899,-0.4713678850289874,-0.19848795998478097,0.38178475743949447,-2.350017069392302,3 days 01:00:54.545454544,false
XMR-USD,false,29,65,133,25.0,0.6581856169553538,0.18181818181818182,0.0001,0.00003846153846153846,5.4958677685950414,10.950413223140496,0.0005495867768595042,-0.574282041158284,0,0,17424,726 days 01:00:00,1000.0,557.6273151759035,-44.23726848240965,34.915698157888286,100.0,183.76103611556184,53.69770670289786,635 days 19:00:00,132,1,25.992970134617508,22.464577726885366,-7.6774658014819765,4.3892156249952805,-2.0022561839793322,6 days 21:21:49.090909091,1 days 18:12:43.636363636,-3.5482246587781354,-0.40968868060968155,-0.47384425608060626,0.9828947514735249,0.1474808960136479,23.149262088328843,0.9900852028153333,0.39355406269993604,-0.0074581963641884965,None,None,-0.000021480261499121477,-0.1299126215466867,-0.4423726848240995,-0.18349437268860802,0.3816309105754748,-2.2669736197846984,3 days 00:59:59.999999999,false
XMR-USD,false,29,70,133,25.0,0.5992286133835865,0.18181818181818182,0.0001,0.00003846153846153846,5.4958677685950414,10.950413223140496,0.0005495867768595042,-0.7881767482113546,0,0,17424,726 days 01:00:00,1000.0,478.1136402831635,-52.18863597168365,34.915698157888286,100.0,179.43478347842017,56.06453772379971,635 days 19:00:00,132,1,24.426229611677684,18.666461141192787,-7.677465801481986,4.001134237083114,-2.0436013010893572,6 days 22:32:43.636363636,1 days 17:46:40,-4.138731737337225,-0.5666034563592182,-0.5528126495794475,0.9762654072684807,-0.08707314180337188,26.224446724530505,0.9870067137054193,0.3921067348406168,-0.007477415365825845,None,None,-0.000030033148815726393,-0.18164048403751323,-0.5218863597168375,-0.22594956911268504,0.3858154303938916,-2.494704065079478,3 days 00:58:10.909090909,false
XMR-USD,false,30,51,149,25.0,0.6410213571142365,0.20385674931129477,0.0001,0.00003846153846153846,6.15702479338843,12.272727272727273,0.000615702479338843,-0.8072547877518667,0,0,17424,726 days 01:00:00,1000.0,478.76349176149074,-52.12365082385093,34.915698157888286,100.0,199.9237849725721,56.57560568418817,635 days 19:00:00,148,1,21.24790734523009,22.166403311106546,-8.222010603968485,4.267745104218615,-2.0338356889852083,6 days 08:45:24.324324324,1 days 12:03:47.027027027,-3.6654352404306616,-0.5767479043124533,-0.5469857287096958,0.9760138047141343,0.1511208588564572,23.10855670490359,0.9916919443181236,0.39321979691372827,-0.0074899414316318665,None,None,-0.000030234595516214224,-0.18285883368206363,-0.5212365082385138,-0.22558456427000706,0.38157163425576285,-2.4928428636353916,2 days 17:14:11.351351351,false
XMR-USD,false,30,70,133,25.0,0.5900023859922492,0.18181818181818182,0.0001,0.00003846153846153846,5.4958677685950414,10.950413223140496,0.0005495867768595042,-0.805806457395289,0,0,17424,726 days 01:00:00,1000.0,472.3635296938601,-52.76364703061399,34.915698157888286,100.0,177.5672564372292,56.69911418097527,635 days 19:00:00,132,1,24.13246363281189,18.666461141192777,-7.780175558306762,3.923087795050982,-2.030004150874142,7 days 01:27:16.363636363,1 days 16:48:29.090909090,-4.1800676813556965,-0.5795588738329377,-0.5540062551629037,0.9757313203913445,-0.09173337492615449,26.21512422033548,0.9860670361502266,0.39221796100990736,-0.00746858811530258,None,None,-0.00003072398882530989,-0.18581868441547422,-0.5276364703061334,-0.22919346150958242,0.3858673059945797,-2.5111726190327786,3 days 00:58:10.909090907,false
XMR-USD,false,30,84,121,25.0,0.5767235745595818,0.1652892561983471,0.0001,0.00003846153846153846,5.0,9.958677685950413,0.0005,-0.9017290011068979,0,0,17424,726 days 01:00:00,1000.0,445.4408945767425,-55.455910542325746,34.915698157888286,100.0,161.94378073435175,60.49089277087639,635 days 19:00:00,120,1,20.98216664543446,20.273199323916458,-8.039372144347572,4.259263522547919,-2.2617152349172183,8 days 05:24:00,1 days 16:35:20,-4.796177267239099,-0.6495649359652129,-0.5522419466218905,0.9728078980460245,-0.10466840948012397,26.498062295668372,0.982384349872564,0.38855685712008925,-0.007461921798605357,None,None,-0.000034234376260163486,-0.20704950762146876,-0.554559105423259,-0.24473489003702742,0.38361695220586695,-2.5882801567236298,3 days 07:47:30,false
XMR-USD,false,31,44,157,25.0,0.5511242584674085,0.21487603305785125,0.0001,0.00003846153846153846,6.487603305785124,12.933884297520661,0.0006487603305785124,-1.1213970164864735,0,0,17424,726 days 01:00:00,1000.0,388.8518170043201,-61.114818299568,34.915698157888286,100.0,184.69426100052948,65.27837316255321,722 days 11:00:00,156,1,17.257555183109616,22.185214425160385,-8.22201060396849,3.874968961703986,-2.047630251851628,5 days 20:44:36.923076923,1 days 11:26:09.230769230,-4.0282419114025,-0.8033802850116872,-0.579094866839851,0.96671088960563,0.13132137458807772,23.269791791371848,0.9914273676585452,0.3899968091895341,-0.007523499489008676,None,None,-0.000042150350292486235,-0.2549253185689567,-0.6111481829956802,-0.27952454030705776,0.3818897153851014,-2.750353609519926,2 days 13:45:46.153846152,false
XMR-USD,false,31,46,157,25.0,0.5699781994792326,0.21487603305785125,0.0001,0.00003846153846153846,6.487603305785124,12.933884297520661,0.0006487603305785124,-1.052752175041038,0,0,17424,726 days 01:00:00,1000.0,407.3062794121139,-59.269372058788605,34.915698157888286,100.0,190.0953266827501,63.181867149304594,722 days 11:00:00,156,1,18.076579010311036,22.166403311106546,-8.222010603968485,3.899783232400949,-2.0175868719582715,5 days 23:44:36.923076923,1 days 10:23:04.615384615,-3.9151942281935757,-0.7533928843022956,-0.5750940832588811,0.96873442262361,0.14263632656369285,23.281140474689373,0.9907106173735026,0.39044047239067986,-0.007505915383561995,None,None,-0.00003950429041585864,-0.23892194843511305,-0.5926937205878857,-0.2678358084122653,0.38166355887204584,-2.6974992678299987,2 days 13:43:27.692307691,false
XMR-USD,false,31,51,145,25.0,0.6582393793747591,0.19834710743801653,0.0001,0.00003846153846153846,5.991735537190083,11.942148760330578,0.0005991735537190083,-0.691749779545024,0,0,17424,726 days 01:00:00,1000.0,516.3429659975849,-48.365703400241514,34.915698157888286,100.0,198.6138810653652,55.27774841719793,635 days 19:00:00,144,1,22.91571452015296,22.16640331110653,-8.059042385391495,4.339520357384902,-2.0059707450266955,6 days 12:00:00,1 days 13:27:13.333333333,-3.5178663091844964,-0.4937505678798143,-0.5114598428370761,0.9794451771093476,0.15403697752883688,23.071966510609993,0.9915689911928861,0.3943346403136753,-0.00746829432447536,None,None,-0.000025891291523078447,-0.15659053113157845,-0.4836570340024178,-0.20500489435854352,0.38168408433058865,-2.3852136990511403,2 days 19:05:24.999999999,false
XMR-USD,false,31,58,133,25.0,0.6573598002933353,0.18181818181818182,0.0001,0.00003846153846153846,5.4958677685950414,10.950413223140496,0.0005495867768595042,-0.6097704146213603,0,0,17424,726 days 01:00:00,1000.0,544.6258316704162,-45.53741683295838,34.915698157888286,100.0,181.60011019328658,55.59360056292029,635 days 19:00:00,132,1,25.386925266895673,22.84250023892566,-8.059042385391496,4.550198529045602,-2.0727978687217656,6 days 18:58:10.909090909,1 days 19:03:01.818181818,-3.6421294969430296,-0.4347836269335565,-0.4734964739603729,0.9818635090830643,0.16033675933210134,23.05331990693724,0.9886432327444823,0.39388848892088635,-0.007468294324475333,None,None,-0.000022814785573083654,-0.13798382314600993,-0.45537416832958144,-0.19015297375715845,0.38194528628679947,-2.304210404931296,3 days 01:01:49.090909090,false
XMR-USD,false,32,60,133,25.0,0.607277897634948,0.18181818181818182,0.0001,0.00003846153846153846,5.4958677685950414,10.950413223140496,0.0005495867768595042,-0.821662041542693,0,0,17424,726 days 01:00:00,1000.0,472.7291907277038,-52.72708092722962,34.915698157888286,100.0,176.34569528912783,57.1898465404483,635 days 19:00:00,132,1,22.035569997985135,22.46457772688534,-8.721267796798308,4.290479860864633,-2.1319636827764046,6 days 21:12:43.636363636,1 days 18:16:58.181818181,-4.161411964168802,-0.588216358538761,-0.5487858209245223,0.9755374104708573,0.11671059370941662,23.009888168548326,0.9858605576716066,0.39277435856446324,-0.007489941431631873,None,None,-0.00003090615107678329,-0.18692040171238533,-0.5272708092723002,-0.2289864106725824,0.38244216607998266,-2.5101253507462036,3 days 01:00:54.545454544,false
XMR-USD,false,32,76,117,25.0,0.6358725051167325,0.15977961432506887,0.0001,0.00003846153846153846,4.834710743801653,9.62809917355372,0.00048347107438016535,-0.6287314960704122,0,0,17424,726 days 01:00:00,1000.0,533.318091937013,-46.668190806298696,34.915698157888286,100.0,168.25186011375996,53.344021516674765,635 days 19:00:00,116,1,25.12155757652306,20.398670625822778,-8.039372144347578,4.4625396746106185,-2.155107336851813,7 days 19:47:35.172413793,1 days 23:46:53.793103448,-4.239685048616469,-0.45168221220023475,-0.5079558385678019,0.9810261049669491,-0.09265110924658196,26.33291604643978,0.9854298132528633,0.3913286489939316,-0.00744682661091647,None,None,-0.000023853233627858118,-0.1442643569812859,-0.46668190806299237,-0.1960290468888466,0.38439012166760406,-2.3365962380378535,3 days 10:47:04.137931034,false
XMR-USD,false,33,58,133,25.0,0.5998386931680657,0.18181818181818182,0.0001,0.00003846153846153846,5.4958677685950414,10.950413223140496,0.0005495867768595042,-0.8598599665554462,0,0,17424,726 days 01:00:00,1000.0,461.1661845587395,-53.88338154412605,34.915698157888286,100.0,177.21920972609735,58.58157250854927,635 days 19:00:00,132,1,21.496577617524906,22.46457772688538,-8.721267796798312,4.211064434070833,-2.1327942808639455,6 days 20:56:21.818181818,1 days 18:15:45.454545454,-4.244927220142317,-0.6158269455021307,-0.5502397927192809,0.9743896442100995,0.11511229833344896,23.05861375841506,0.9849117817698265,0.3921067348406168,-0.007489941431631739,None,None,-0.00003233988359079874,-0.19559161595715077,-0.5388338154412589,-0.2355851448012246,0.382241387716961,-2.543242277455435,3 days 00:55:54.545454544,false
XMR-USD,false,34,76,113,25.0,0.619896094803899,0.15426997245179064,0.0001,0.00003846153846153846,4.669421487603306,9.297520661157025,0.00046694214876033064,-0.6850409752839465,0,0,17424,726 days 01:00:00,1000.0,514.162119101646,-48.5837880898354,34.915698157888286,100.0,159.85257034421915,54.357571428485016,635 days 19:00:00,112,1,25.151983601805796,20.273199323916458,-8.03937214434759,4.57442591192853,-2.258733137043771,8 days 13:38:34.285714285,1 days 21:28:34.285714285,-4.562409504465707,-0.4923660442165542,-0.5229227462037427,0.9793151082014934,-0.09404328321005336,26.427460116335492,0.9845284973933945,0.389442628179571,-0.007450925614535029,None,None,-0.000025976261197346893,-0.157104427721554,-0.48583788089834434,-0.20617194624759094,0.3840135002232945,-2.3914597345337394,3 days 13:31:04.285714284,false
XMR-USD,false,35,61,133,25.0,0.5969874584475978,0.18181818181818182,0.0001,0.00003846153846153846,5.4958677685950414,10.950413223140496,0.0005495867768595042,-0.8122369978584325,0,0,17424,726 days 01:00:00,1000.0,470.8408740400366,-52.91591259599634,34.915698157888286,100.0,180.71377343842303,56.92352944029883,635 days 19:00:00,132,1,22.178614049294595,18.666461141192787,-8.721267796798331,3.951656239385855,-2.0387393139405137,6 days 23:25:27.272727272,1 days 17:25:27.272727272,-4.176801060676188,-0.5841883535705471,-0.5537763172025076,0.9755191977945407,-0.08999105437455972,26.30873607303555,0.9848609668035735,0.3921067348406168,-0.007468294324475415,None,None,-0.00003093594436505232,-0.18710059151983643,-0.5291591259599622,-0.23005677259515112,0.3854503352793709,-2.5155335676437387,3 days 00:55:27.272727272,false
XMR-USD,false,35,70,117,25.0,0.6304167757027714,0.15977961432506887,0.0001,0.00003846153846153846,4.834710743801653,9.62809917355372,0.00048347107438016535,-0.6177463011732595,0,0,17424,726 days 01:00:00,1000.0,537.1957567323302,-46.280424326766976,34.915698157888286,100.0,166.65193248377676,51.81419745769773,635 days 19:00:00,116,1,26.27875209457062,20.41648606661606,-8.039372144347595,4.4563059713074775,-2.148094733679157,7 days 19:55:51.724137931,1 days 23:48:57.931034482,-4.216232718640006,-0.4435601392757956,-0.5178196084910266,0.9813629915027025,-0.0886023357609489,26.31188114685091,0.9869696358124521,0.3913286489939316,-0.007450925614534989,None,None,-0.000023430842436576964,-0.14170973505641749,-0.46280424326767367,-0.1940049311088945,0.38449733742689535,-2.325490446087819,3 days 10:50:41.379310343,false
XMR-USD,false,36,68,117,25.0,0.6383271451559963,0.15977961432506887,0.0001,0.00003846153846153846,4.834710743801653,9.62809917355372,0.00048347107438016535,-0.5964063913993373,0,0,17424,726 days 01:00:00,1000.0,544.9747773894297,-45.502522261057024,34.915698157888286,100.0,168.8425745326049,52.1523126378423,635 days 19:00:00,116,1,26.65928926900756,20.740211258396833,-8.039372144347585,4.460430713882216,-2.1327986338984886,7 days 19:51:43.448275862,1 days 23:50:20.689655172,-4.152452688617052,-0.42809775610519607,-0.5042853334075208,0.9820090854057599,-0.08697621794759824,26.326950467689024,0.9872176199264748,0.3914397508584205,-0.007450925614535006,None,None,-0.00002261012048327933,-0.1367460086828734,-0.4550252226105732,-0.18997291642533187,0.38443052919092546,-2.303211009995999,3 days 10:50:41.379310344,false
XMR-USD,false,38,56,129,25.0,0.6464983980161995,0.1763085399449036,0.0001,0.00003846153846153846,5.330578512396694,10.619834710743802,0.0005330578512396694,-0.6598469469821313,0,0,17424,726 days 01:00:00,1000.0,526.1388219657814,-47.38611780342186,34.915698157888286,100.0,177.60967268652584,51.809236465515,635 days 19:00:00,128,1,24.783383329921605,22.464577726885366,-8.72126779679831,4.535035489146823,-2.12046067183425,6 days 22:46:52.500000,1 days 20:47:30,-3.8956606356573484,-0.47101831397666094,-0.5325583480117734,0.9803307226154103,0.15281526961309175,23.252035235568957,0.9871081208604124,0.39321979691372827,-0.00746858811530251,None,None,-0.000024756667997106128,-0.14972832804649785,-0.47386117803421424,-0.19980209123858372,0.38257126177596185,-2.357157963422141,3 days 03:17:20.625000,false
XMR-USD,false,38,61,117,25.0,0.6632878575467205,0.15977961432506887,0.0001,0.00003846153846153846,4.834710743801653,9.62809917355372,0.00048347107438016535,-0.5223653589027712,0,0,17424,726 days 01:00:00,1000.0,570.6325993150476,-42.93674006849524,34.915698157888286,100.0,170.0833160686543,48.68111639580816,635 days 19:00:00,116,1,26.879230079498143,19.702048652753,-8.039372144347583,4.642650018915533,-2.136116079142985,7 days 18:14:28.965517241,2 days 00:37:55.862068965,-3.9331606100383647,-0.3744724332487634,-0.5048201264914419,0.9842494410909234,-0.0652234043813115,26.090374536858377,0.986449551607484,0.39355406269993604,-0.007487835016430327,None,None,-0.000019864082752608593,-0.12013797248777677,-0.42936740068495327,-0.17693447798540407,0.3861060506265066,-2.2297259494665096,3 days 11:02:04.137931033,false
XMR-USD,false,38,69,113,25.0,0.6233770089960985,0.15426997245179064,0.0001,0.00003846153846153846,4.669421487603306,9.297520661157025,0.00046694214876033064,-0.6615368356294976,0,0,17424,726 days 01:00:00,1000.0,521.9711560491443,-47.80288439508557,34.915698157888286,100.0,161.44534420200097,52.93036735610163,635 days 19:00:00,112,1,25.533989124874097,20.563418258195437,-8.039372144347567,4.557441117542049,-2.2352497126542277,8 days 12:49:17.142857142,1 days 21:50:42.857142857,-4.496096723890445,-0.4753584117878555,-0.5267365187023252,0.980027931653772,-0.09366787104011354,26.365611593566154,0.9860452951309744,0.38966424754765133,-0.007446826610916452,None,None,-0.000025095334929801347,-0.15177658565543856,-0.4780288439508593,-0.2020078371359938,0.38426405125463897,-2.3690943305478704,3 days 13:35:21.428571427,false
XMR-USD,false,38,73,113,25.0,0.5940279230879177,0.15426997245179064,0.0001,0.00003846153846153846,4.669421487603306,9.297520661157025,0.00046694214876033064,-0.833887615889539,0,0,17424,726 days 01:00:00,1000.0,466.06889999516693,-53.393110000483304,34.915698157888286,100.0,156.8536172243467,58.379453211377076,635 days 19:00:00,112,1,21.158628464821675,20.319789931184367,-9.192802668893412,4.560960933903758,-2.362369522314451,8 days 08:40:42.857142857,1 days 22:48:34.285714285,-4.956158289907624,-0.6002672256910414,-0.5459572522432715,0.974798899790649,-0.09471508411306445,26.375134184596302,0.9848318238313094,0.3865679955438848,-0.007452411460490794,None,None,-0.00003163666556489512,-0.1913385533364857,-0.533931100004836,-0.2327742392029134,0.3836224513521133,-2.529200698179954,3 days 13:16:36.428571427,false
XMR-USD,false,39,60,117,25.0,0.6333948070907482,0.15977961432506887,0.0001,0.00003846153846153846,4.834710743801653,9.62809917355372,0.00048347107438016535,-0.6289742122167011,0,0,17424,726 days 01:00:00,1000.0,532.0694472836689,-46.793055271633115,34.915698157888286,100.0,166.98122308909032,52.10239584865335,635 days 19:00:00,116,1,25.06274108590361,19.702048652753014,-8.039372144347565,4.479819857115603,-2.164730030824591,7 days 18:10:20.689655172,2 days 00:36:33.103448275,-4.249942187950288,-0.4517677608820966,-0.5217085652354174,0.9810465082567441,-0.09061643590828206,26.08027933547891,0.9852390147022847,0.39277435856446324,-0.007489941431631898,None,None,-0.000023921958102589704,-0.14468000260446254,-0.46793055271633466,-0.19668287583354782,0.3854246034460092,-2.3401724078388924,3 days 10:59:59.999999999,false
XMR-USD,false,40,53,129,25.0,0.6313848731949392,0.1763085399449036,0.0001,0.00003846153846153846,5.330578512396694,10.619834710743802,0.0005330578512396694,-0.7300236967299788,0,0,17424,726 days 01:00:00,1000.0,501.6761873785953,-49.83238126214047,34.915698157888286,100.0,174.53646958136372,54.190256888855416,635 days 19:00:00,128,1,23.631088868986637,22.464577726885363,-8.721267796798314,4.529861678439386,-2.165898884005786,6 days 22:28:07.500000,1 days 20:53:45,-4.077772667893685,-0.5217781515809878,-0.5407606175047581,0.9782292193520148,0.14257139266252805,23.170441290489947,0.9849920891076005,0.39321979691372827,-0.007489941431631938,None,None,-0.00002745850053327797,-0.16606901122526516,-0.49832381262140246,-0.21291663849255238,0.38304418332174855,-2.4272199581059257,3 days 03:17:20.625000,false
XMR-USD,false,41,54,125,25.0,0.6381604041858387,0.17079889807162535,0.0001,0.00003846153846153846,5.1652892561983474,10.289256198347108,0.0005165289256198347,-0.6459517288314836,0,0,17424,726 days 01:00:00,1000.0,525.1919249063455,-47.48080750936545,34.915698157888286,100.0,176.01478526571117,52.55085511572798,635 days 19:00:00,124,1,24.73878043840665,18.666461141192798,-8.039372144347572,4.357727308937812,-2.097366385805584,7 days 02:36:46.451612903,1 days 22:43:13.548387096,-4.028603673645647,-0.4638319334540328,-0.5262898783338948,0.9805123185597296,-0.08072187064680114,26.140145359782927,0.9866953702023954,0.39299704212966663,-0.007468588115302625,None,None,-0.00002461480820481268,-0.1488703600227071,-0.47480807509365586,-0.20030223420460902,0.3862724687517072,-2.359869915665381,3 days 05:41:36.774193547,false
XMR-USD,false,41,60,117,25.0,0.6154617676714786,0.15977961432506887,0.0001,0.00003846153846153846,4.834710743801653,9.62809917355372,0.00048347107438016535,-0.6817303749686425,0,0,17424,726 days 01:00:00,1000.0,514.3912099817767,-48.56087900182233,34.915698157888286,100.0,165.95079857649208,54.648193775985796,635 days 19:00:00,116,1,25.1631903590644,19.59368917755768,-8.306554725998113,4.326080629280722,-2.1562865835897496,7 days 14:31:02.068965517,2 days 01:45:31.034482758,-4.403206727390404,-0.48981518384192,-0.5198484676259596,0.9794577397967691,-0.09057038610703914,26.226959485385624,0.9862484337513138,0.3916620078268509,-0.007468294324475366,None,None,-0.000025897801142376647,-0.15662990130909396,-0.48560879001821977,-0.2060491994974939,0.38484743148699985,-2.390803608801712,3 days 10:56:53.793103447,false
XMR-USD,false,42,51,129,25.0,0.6325390848931429,0.1763085399449036,0.0001,0.00003846153846153846,5.330578512396694,10.619834710743802,0.0005330578512396694,-0.7037732844321827,0,0,17424,726 days 01:00:00,1000.0,510.3129861040388,-48.96870138959612,34.915698157888286,100.0,173.11305221070717,53.25735690651589,635 days 19:00:00,128,1,24.037918938579878,22.46457772688536,-8.721267796798308,4.525753729086275,-2.147204631758541,6 days 22:28:07.500000,1 days 20:52:30,-4.013476037769858,-0.502710232632926,-0.5387929498021395,0.9790071735770074,0.14757847171410252,23.14854612008568,0.9865763033015077,0.39288569144684243,-0.007487835016430324,None,None,-0.000026467629585492365,-0.16007622373305783,-0.4896870138959647,-0.20823967114026676,0.3832262655072212,-2.4024838102380297,3 days 03:16:24.375000,false
XMR-USD,false,43,65,109,25.0,0.626581859546448,0.1487603305785124,0.0001,0.00003846153846153846,4.5041322314049586,8.966942148760332,0.00045041322314049587,-0.7016061030119977,0,0,17424,726 days 01:00:00,1000.0,508.6434153266921,-49.13565846733079,34.915698157888286,100.0,156.53084838457156,55.26568577307827,635 days 19:00:00,108,1,23.091429284569415,20.27319932391646,-9.192802668893405,4.86984469723951,-2.3857756680857554,8 days 15:33:20,2 days 00:56:17.777777777,-4.763407536647005,-0.5046200830091093,-0.5213372980832117,0.9787829345538754,-0.10142374575419347,26.497874894329644,0.9854112614244439,0.38822498406628425,-0.007450925614534996,None,None,-0.000026608396280040392,-0.16092758070168428,-0.4913565846733057,-0.2091397185520001,0.38380631266119397,-2.407265529823865,3 days 16:35:33.333333332,false
XMR-USD,false,43,67,109,25.0,0.6011092174784802,0.1487603305785124,0.0001,0.00003846153846153846,4.5041322314049586,8.966942148760332,0.00045041322314049587,-0.8138822369774411,0,0,17424,726 days 01:00:00,1000.0,472.3060824714887,-52.76939175285113,34.915698157888286,100.0,154.229955514523,58.245378833130744,635 days 19:00:00,108,1,21.44178451038738,20.75514806614525,-9.192802668893416,4.697654525788051,-2.4216595343347422,8 days 16:55:33.333333333,2 days 00:09:37.777777777,-5.084589833693504,-0.5860833189009419,-0.5393708162194953,0.975351447785337,-0.10059841683368403,26.43052057383888,0.983586499136076,0.38634736255867613,-0.007450925614535092,None,None,-0.00003088041156390184,-0.1867647291384783,-0.5276939175285181,-0.229225999768075,0.3835143896145213,-2.511337150247682,3 days 16:21:06.666666665,false
XMR-USD,false,44,63,109,25.0,0.6352273368780813,0.1487603305785124,0.0001,0.00003846153846153846,4.5041322314049586,8.966942148760332,0.00045041322314049587,-0.6693150646495872,0,0,17424,726 days 01:00:00,1000.0,519.5277500322974,-48.04722499677026,34.915698157888286,100.0,156.86440619091178,54.00616233344354,635 days 19:00:00,108,1,23.585557071523397,20.27319932391646,-9.1928026688934,4.9081732351678165,-2.372784986660636,8 days 15:20:00,2 days 01:05:55.555555555,-4.667201917029859,-0.48119105449553595,-0.5193902808905494,0.9797663055034541,-0.09937531554460914,26.456400172470655,0.9861949546271181,0.3886675167357348,-0.007450925614535013,None,None,-0.000025383424924262844,-0.15351895394194168,-0.48047224996770277,-0.2033063661071859,0.38396409896412187,-2.376092346184842,3 days 16:39:26.666666666,false
XMR-USD,false,44,73,105,25.0,0.5699876400414707,0.14325068870523416,0.0001,0.00003846153846153846,4.338842975206612,8.636363636363637,0.0004338842975206612,-0.9515548673679468,0,0,17424,726 days 01:00:00,1000.0,430.8030181994527,-56.91969818005474,34.915698157888286,100.0,145.79126815010116,61.73977632276036,635 days 19:00:00,104,1,20.918164076280505,20.719911688454655,-9.192802668893409,4.695154648307277,-2.5774770235442315,8 days 17:16:09.230769230,2 days 03:51:32.307692307,-5.674184094969489,-0.6874563467174002,-0.5590384799550737,0.9710245375256655,-0.1562726324497387,27.03855327217762,0.9794769790958359,0.3829365079365079,-0.007458196364188595,None,None,-0.000036182524734321194,-0.21883190959317458,-0.5691969818005451,-0.25344344222380577,0.38309958911614894,-2.6302036385658014,3 days 19:12:41.538461537,false
XMR-USD,false,45,52,117,25.0,0.6397069499316839,0.15977961432506887,0.0001,0.00003846153846153846,4.834710743801653,9.62809917355372,0.00048347107438016535,-0.6057386585976744,0,0,17424,726 days 01:00:00,1000.0,540.1887940280558,-45.98112059719442,34.915698157888286,100.0,168.12345428417262,52.087226923386474,635 days 19:00:00,116,1,25.44519695943677,19.030357656560142,-8.03937214434758,4.482799210952051,-2.147467060177877,7 days 18:02:04.137931034,2 days 00:40:41.379310344,-4.18324485285674,-0.43501368996630524,-0.511176063067297,0.9817387933858928,-0.09069378944340015,26.052359507676954,0.9863338264033678,0.39277435856446324,-0.007489941431631855,None,None,-0.00002304353643258182,-0.13936730834425484,-0.459811205971948,-0.19244909908568852,0.3855708117341513,-2.3169182637926484,3 days 11:01:02.068965516,false
XMR-USD,false,45,62,109,25.0,0.6428962005497175,0.1487603305785124,0.0001,0.00003846153846153846,4.5041322314049586,8.966942148760332,0.00045041322314049587,-0.634885936503713,0,0,17424,726 days 01:00:00,1000.0,531.5690577988705,-46.843094220112945,34.915698157888286,100.0,157.61208165998133,52.940144291723136,635 days 19:00:00,108,1,24.132209202283832,20.27319932391646,-9.192802668893403,4.938595288942525,-2.354818853515554,8 days 15:24:26.666666666,2 days 01:02:57.777777777,-4.560769920401976,-0.4563582502476326,-0.5141032826278057,0.980797542189702,-0.09962793313571473,26.467761542543116,0.9864273763802125,0.38877819399059543,-0.007446826610916505,None,None,-0.000024071015626838145,-0.1455815025111171,-0.4684309422011246,-0.19694517641853915,0.3839250529560886,-2.341605543967334,3 days 16:38:19.999999998,false
XMR-USD,false,45,64,109,25.0,0.5955654237658546,0.1487603305785124,0.0001,0.00003846153846153846,4.5041322314049586,8.966942148760332,0.00045041322314049587,-0.8261461216968642,0,0,17424,726 days 01:00:00,1000.0,468.3011729897339,-53.16988270102661,34.915698157888286,100.0,151.79128016139867,58.070655379105105,635 days 19:00:00,108,1,21.259969350095503,20.319789931184353,-9.192802668893393,4.695939402223774,-2.4326154666511344,8 days 16:51:06.666666666,2 days 00:20:00,-5.119988855188524,-0.5948199119089228,-0.5460389681675564,0.9750127125738993,-0.09869905750655861,26.372597670934212,0.9836375935944053,0.386899076727157,-0.00745092561453503,None,None,-0.00003135673804453541,-0.18964555169335015,-0.53169882701027,-0.2315007902117564,0.38371018223067915,-2.522807376229258,3 days 16:27:46.666666666,false
XMR-USD,false,45,71,105,25.0,0.5668466383602784,0.14325068870523416,0.0001,0.00003846153846153846,4.338842975206612,8.636363636363637,0.0004338842975206612,-0.9602825669638319,0,0,17424,726 days 01:00:00,1000.0,428.2958177255298,-57.170418227447016,34.915698157888286,100.0,145.75398904069507,61.92229333312022,635 days 19:00:00,104,1,20.79642391042728,20.401051514359665,-9.192802668893412,4.6240386643328,-2.5650798252845446,8 days 17:16:09.230769230,2 days 03:50:00,-5.69712121331633,-0.6938162701192256,-0.5604893140288385,0.9707590851069696,-0.15715532515700986,27.045112130371987,0.9796152741479623,0.3827170290430091,-0.007458196364188655,None,None,-0.00003651736759468447,-0.22085703921265168,-0.5717041822744711,-0.2549543537254755,0.383100684265268,-2.637384364159731,3 days 19:11:32.307692307,false
XMR-USD,false,45,72,105,25.0,0.5697460079482511,0.14325068870523416,0.0001,0.00003846153846153846,4.338842975206612,8.636363636363637,0.0004338842975206612,-0.963701429235255,0,0,17424,726 days 01:00:00,1000.0,427.18537002650396,-57.28146299734961,34.915698157888286,100.0,146.1917242767393,62.06106475955235,635 days 19:00:00,104,1,20.742504772944415,20.719911688454655,-9.19280266889339,4.679067825371987,-2.5828654401952713,8 days 17:20:46.153846153,2 days 03:52:18.461538461,-5.707280141792693,-0.6962128529526527,-0.5606082251949009,0.9706705949591149,-0.1549088736746348,26.99750441671908,0.9785115546118507,0.38326585695006754,-0.007461921798605321,None,None,-0.00003665729462990613,-0.22170331792167228,-0.5728146299735011,-0.2556253870862739,0.38324484141511256,-2.6405647321821735,3 days 19:14:25.384615383,false
XMR-USD,false,46,53,113,25.0,0.6433403694121618,0.15426997245179064,0.0001,0.00003846153846153846,4.669421487603306,9.297520661157025,0.00046694214876033064,-0.5854943989144745,0,0,17424,726 days 01:00:00,1000.0,548.1108401537948,-45.18891598462052,34.915698157888286,100.0,164.29776962534305,51.74949800233518,635 days 19:00:00,112,1,26.81270041365076,19.702048652753,-8.039372144347574,4.584748655415753,-2.1911816729765254,7 days 18:32:08.571428571,2 days 04:23:34.285714285,-4.274123752320141,-0.4203721880250977,-0.5040964790419248,0.9823445129889273,-0.0897140467686809,26.171978821055337,0.9871481536392404,0.3921067348406168,-0.007487835016430336,None,None,-0.000022239499918723163,-0.13450449550843768,-0.4518891598462086,-0.1883580640387722,0.3850782473560875,-2.2942291968580117,3 days 13:55:42.857142855,false
XMR-USD,false,46,61,109,25.0,0.6299335792241698,0.1487603305785124,0.0001,0.00003846153846153846,4.5041322314049586,8.966942148760332,0.00045041322314049587,-0.7025177679806749,0,0,17424,726 days 01:00:00,1000.0,508.29465525798554,-49.170534474201446,34.915698157888286,100.0,156.18382138309187,54.97020105604504,635 days 19:00:00,108,1,23.075596250618446,20.273199323916458,-9.192802668893409,4.931523399661598,-2.4062315731823554,8 days 15:26:40,2 days 01:02:57.777777777,-4.76649019437623,-0.5052623562289359,-0.524586150320574,0.9787635075417832,-0.10114240941467637,26.485671108242517,0.9857905275959307,0.3884462151394423,-0.007452411460490843,None,None,-0.000026645138526925557,-0.16114979781084576,-0.4917053447420219,-0.20932797476888032,0.3838477363212073,-2.408264393049023,3 days 16:38:53.333333332,false
XMR-USD,false,46,70,105,25.0,0.569793815666248,0.14325068870523416,0.0001,0.00003846153846153846,4.338842975206612,8.636363636363637,0.0004338842975206612,-0.9645228274712428,0,0,17424,726 days 01:00:00,1000.0,427.12389843183814,-57.287610156816186,34.915698157888286,100.0,145.90217308269854,62.06625649750953,635 days 19:00:00,104,1,20.739519944962865,20.401051514359672,-9.1928026688934,4.684609616569764,-2.586721502735024,8 days 17:16:09.230769230,2 days 03:50:00,-5.707842514549269,-0.6968340007951851,-0.5606373377490748,0.9706327948496971,-0.15577230087514782,27.040660162713476,0.9794878317506701,0.3827170290430091,-0.007460189988399847,None,None,-0.00003667527229884987,-0.221812046863444,-0.5728761015681603,-0.2556625670584337,0.3830910079273489,-2.6407407893653576,3 days 19:11:32.307692307,false
XMR-USD,false,46,71,105,25.0,0.5749506708597648,0.14325068870523416,0.0001,0.00003846153846153846,4.338842975206612,8.636363636363637,0.0004338842975206612,-0.9273395721821494,0,0,17424,726 days 01:00:00,1000.0,437.61776445279077,-56.238223554720925,34.915698157888286,100.0,147.32946797941094,61.489646216475116,635 days 19:00:00,104,1,21.249062362140535,20.564604478564082,-9.1928026688934,4.672203453919941,-2.5505617600862975,8 days 17:20:46.153846153,2 days 03:51:32.307692307,-5.61183940297452,-0.6698169729897224,-0.552876403484017,0.9717695468650478,-0.15515044810194967,26.987574884888474,0.9786101606525038,0.38348551012306464,-0.007466933014796123,None,None,-0.00003527057485534406,-0.21331643672512085,-0.5623822355472081,-0.24936547670588916,0.3832783905021544,-2.610685924148287,3 days 19:13:50.769230768,false
XMR-USD,false,46,74,101,25.0,0.5674623540973486,0.13774104683195593,0.0001,0.00003846153846153846,4.1735537190082646,8.305785123966942,0.0004173553719008265,-0.8970642553966212,0,0,17424,726 days 01:00:00,1000.0,447.0822411063141,-55.29177588936859,34.915698157888286,100.0,142.53578111543922,61.52214076597259,635 days 19:00:00,100,1,19.939947633935333,20.48709055027731,-9.192802668893405,4.6483887206406065,-2.554327149836741,8 days 21:21:36,2 days 07:01:36,-5.728577065276208,-0.6475374495488361,-0.5409818222944704,0.9726865605085817,-0.1491263388892402,27.057208058928,0.9775308181247253,0.38227828018403937,-0.007451445542635713,None,None,-0.000034065612018154736,-0.20602882148579985,-0.552917758893688,-0.24377011304254237,0.38292105763629003,-2.5835792725478375,3 days 22:36:36,false
XMR-USD,false,46,82,101,25.0,0.5348202233187191,0.13774104683195593,0.0001,0.00003846153846153846,4.1735537190082646,8.305785123966942,0.0004173553719008265,-1.0641384923707418,0,0,17424,726 days 01:00:00,1000.0,398.6072626285286,-60.139273737147136,34.915698157888286,100.0,137.08704104370537,65.2798487403441,635 days 19:00:00,100,1,17.777954954442293,20.198752313806708,-8.593290028177915,4.51372728482501,-2.6638837428099764,8 days 23:19:12,2 days 06:28:48,-6.191706923259141,-0.7700592874445702,-0.5671390065391664,0.9676149604947909,-0.1691048382930737,26.84386360033698,0.9756532986920485,0.3818398096748612,-0.00748843722012734,None,None,-0.000040598413817814454,-0.24553920677014182,-0.601392737371471,-0.27330156071306977,0.3837451036676278,-2.72241361078327,3 days 22:41:24,false
XMR-USD,false,47,52,113,25.0,0.6394850637658447,0.15426997245179064,0.0001,0.00003846153846153846,4.669421487603306,9.297520661157025,0.00046694214876033064,-0.598791462261367,0,0,17424,726 days 01:00:00,1000.0,543.230716261399,-45.6769283738601,34.915698157888286,100.0,163.18812912715234,52.179098021836325,635 days 19:00:00,112,1,26.57397260474329,19.702048652753,-8.039372144347572,4.587729856350046,-2.2027548380685187,7 days 18:34:17.142857142,2 days 04:24:17.142857142,-4.315564788779859,-0.4299674268240759,-0.506300702247669,0.9819464701279784,-0.08986908230623886,26.159165982614628,0.9875495883598061,0.39199552644192365,-0.007489941431631851,None,None,-0.00002274981977295868,-0.1375909099868541,-0.45676928373860226,-0.19087361220243382,0.38512379187613927,-2.308206073019353,3 days 13:56:47.142857141,false
XMR-USD,false,47,57,109,25.0,0.6467625706573702,0.1487603305785124,0.0001,0.00003846153846153846,4.5041322314049586,8.966942148760332,0.00045041322314049587,-0.5986407132631101,0,0,17424,726 days 01:00:00,1000.0,543.8773267414908,-45.61226732585092,34.915698157888286,100.0,161.82205550608222,52.37409885410634,635 days 19:00:00,108,1,24.69098085515452,20.588057079888184,-8.980670771710079,4.783634077854128,-2.2774133915488473,8 days 14:57:46.666666666,2 days 01:31:51.111111111,-4.45197827883022,-0.43014670948293116,-0.5035751731811119,0.9819146308730118,-0.09861109883767358,26.328191935449066,0.9869315664486953,0.39044047239067986,-0.007446826610916468,None,None,-0.000022721703993738255,-0.13742086575412896,-0.4561226732585123,-0.1905394594060752,0.3844875106327143,-2.306354153927924,3 days 16:53:19.999999999,false
XMR-USD,false,47,69,105,25.0,0.5705205988514461,0.14325068870523416,0.0001,0.00003846153846153846,4.338842975206612,8.636363636363637,0.0004338842975206612,-0.9617642772567868,0,0,17424,726 days 01:00:00,1000.0,427.861304506162,-57.2138695493838,34.915698157888286,100.0,145.998604607434,62.030308340009356,635 days 19:00:00,104,1,20.775325593024547,20.401051514359665,-9.19280266889339,4.69716409990825,-2.588478985213831,8 days 17:18:27.692307692,2 days 03:52:18.461538461,-5.701096356604446,-0.6948616952306642,-0.5600503067693436,0.970721091030224,-0.15595063437107975,27.03144927634194,0.9791691403098078,0.38304627351377096,-0.007461921798605286,None,None,-0.000036574358296819445,-0.22120171897916402,-0.5721386954938403,-0.2552167906441536,0.3831212913699023,-2.6386288279462007,3 days 19:13:50.769230768,false
XMR-USD,false,48,51,113,25.0,0.6405635539602497,0.15426997245179064,0.0001,0.00003846153846153846,4.669421487603306,9.297520661157025,0.00046694214876033064,-0.5951369044841147,0,0,17424,726 days 01:00:00,1000.0,544.5584316581064,-45.54415683418936,34.915698157888286,100.0,163.1234278972394,51.97887922857056,635 days 19:00:00,112,1,26.63892230571355,19.494135656049334,-8.306554725998131,4.601500315368255,-2.204498736199933,7 days 18:36:25.714285714,2 days 04:22:51.428571428,-4.304290095067911,-0.4273354852889106,-0.5065126094058316,0.9820553774716168,-0.08988711407771847,26.161100809386465,0.9874589835836463,0.39199552644192365,-0.0074878350164302885,None,None,-0.00002261016418711848,-0.13674627300369258,-0.45544156834189187,-0.19018776110131885,0.38511701157667577,-2.304403441347194,3 days 13:56:14.999999999,false
XMR-USD,false,48,56,109,25.0,0.6414769870621196,0.1487603305785124,0.0001,0.00003846153846153846,4.5041322314049586,8.966942148760332,0.00045041322314049587,-0.6254425088004243,0,0,17424,726 days 01:00:00,1000.0,534.2661755029974,-46.57338244970026,34.915698157888286,100.0,161.00500888180648,53.13297941079992,635 days 19:00:00,108,1,24.25465314013951,20.588057079888205,-8.980670771710095,4.790658360799406,-2.30094731842378,8 days 14:55:33.333333333,2 days 01:30:22.222222222,-4.536930348492058,-0.44946805692578784,-0.5087477181627658,0.9811079795679682,-0.0983848979625949,26.322087431776563,0.9867257757699938,0.39010769844435583,-0.007450925614534911,None,None,-0.00002374358071054943,-0.14360117613740295,-0.46573382449700285,-0.1955332682743629,0.3845079523907326,-2.333880887590908,3 days 16:51:39.999999999,false
XMR-USD,false,49,50,113,25.0,0.6392227272295488,0.15426997245179064,0.0001,0.00003846153846153846,4.669421487603306,9.297520661157025,0.00046694214876033064,-0.6027470889104203,0,0,17424,726 days 01:00:00,1000.0,541.7918688271853,-45.82081311728147,34.915698157888286,100.0,163.02169968966973,52.22284468774249,635 days 19:00:00,112,1,26.503586503304973,19.494135656049334,-8.306554725998131,4.601500315368255,-2.2103246541462793,7 days 18:36:25.714285714,2 days 04:23:34.285714285,-4.327783193536773,-0.43281415016213076,-0.5077539800270018,0.981829420219789,-0.08978492434181194,26.155282723368177,0.9874318705491455,0.39199552644192365,-0.0074878350164302885,None,None,-0.000022901204813767136,-0.13850648671366364,-0.45820813117281023,-0.1916181070573355,0.38513662850566294,-2.312326991431774,3 days 13:56:47.142857141,false
XMR-USD,false,49,55,109,25.0,0.6413218999420336,0.1487603305785124,0.0001,0.00003846153846153846,4.5041322314049586,8.966942148760332,0.00045041322314049587,-0.6274463554022823,0,0,17424,726 days 01:00:00,1000.0,533.5321337819171,-46.64678662180829,34.915698157888286,100.0,161.18956339824456,53.19737118784402,635 days 19:00:00,108,1,24.221329062832126,20.588057079888205,-8.980670771710084,4.784381561397182,-2.30094731842378,8 days 14:55:33.333333333,2 days 01:30:22.222222222,-4.543418474823294,-0.4509078021420117,-0.5090796542024978,0.981048390008679,-0.0982055927002849,26.31601829345799,0.9866658450025959,0.39010769844435583,-0.007450925614534943,None,None,-0.000023821042586488004,-0.14406966556307946,-0.46646786621808145,-0.1959170683411432,0.3845306479971913,-2.3359832133635763,3 days 16:51:39.999999999,false
XMR-USD,false,50,54,109,25.0,0.6456463830305168,0.1487603305785124,0.0001,0.00003846153846153846,4.5041322314049586,8.966942148760332,0.00045041322314049587,-0.6092312776012556,0,0,17424,726 days 01:00:00,1000.0,540.0276767599211,-45.99723232400789,34.915698157888286,100.0,162.14923490875756,52.78669593477077,635 days 19:00:00,108,1,24.516214176492895,20.588057079888184,-8.980670771710066,4.784381561397181,-2.2864750614068936,8 days 14:55:33.333333333,2 days 01:28:53.333333333,-4.48600497607937,-0.43779627216697886,-0.5046109807943893,0.9815919862454187,-0.09854938112779774,26.32037576039001,0.9864086306269108,0.3902186053933302,-0.007450925614535044,None,None,-0.000023127508554126444,-0.13987517173535674,-0.459972323240077,-0.19253270706210857,0.38451628290106843,-2.317379710295612,3 days 16:50:33.333333332,false
XMR-USD,false,51,53,109,25.0,0.6456081922590224,0.1487603305785124,0.0001,0.00003846153846153846,4.5041322314049586,8.966942148760332,0.00045041322314049587,-0.6093615329144914,0,0,17424,726 days 01:00:00,1000.0,539.9789314194309,-46.00210685805691,34.915698157888286,100.0,162.13792875564218,52.79095762112757,635 days 19:00:00,108,1,24.514001232121814,20.588057079888184,-8.980670771710077,4.784381561397182,-2.2865845698542264,8 days 14:55:33.333333333,2 days 01:28:08.888888888,-4.486435831598994,-0.4378912709247509,-0.5046333081437566,0.9815880039969765,-0.09854989847591993,26.319979537692998,0.9862039361359927,0.3902186053933302,-0.0074509256145350485,None,None,-0.000023132605629181375,-0.13990599884528895,-0.4600210685805681,-0.19255800550688495,0.3845175888492605,-2.3175193189618044,3 days 16:49:59.999999999,false
XMR-USD,false,52,66,105,25.0,0.5617794527220339,0.14325068870523416,0.0001,0.00003846153846153846,4.338842975206612,8.636363636363637,0.0004338842975206612,-0.9798169127440423,0,0,17424,726 days 01:00:00,1000.0,422.9248220752854,-57.707517792471464,34.915698157888286,100.0,147.41824311164828,63.82065089499556,635 days 19:00:00,104,1,18.862522439729958,20.564604478564075,-8.593290028177924,4.496478885354701,-2.5330027024734756,8 days 17:23:04.615384615,2 days 03:26:55.384615384,-5.730170195811966,-0.707903882429147,-0.5502875314993498,0.9701534935478063,-0.15488862394326178,27.06738539164265,0.9770054293144483,0.38173023550868285,-0.007458196364188487,None,None,-0.00003724842693951685,-0.2252784861301979,-0.5770751779247127,-0.2582106169504288,0.382993661647479,-2.652767117286869,3 days 18:55:57.692307691,false
XMR-USD,false,58,67,97,25.0,0.5695871721349038,0.1322314049586777,0.0001,0.00003846153846153846,4.008264462809917,7.975206611570248,0.0004008264462809917,-0.9617460446271312,0,0,17424,726 days 01:00:00,1000.0,427.7204872266076,-57.22795127733924,34.915698157888286,100.0,136.90168047028368,62.961520927972494,635 days 19:00:00,96,1,20.52650944366735,20.543804935263747,-8.735543285074742,4.927306387599036,-2.74640647498839,9 days 01:50:00,2 days 10:40:50,-6.175062731427712,-0.6960320429706398,-0.5519385693468927,0.9706587203044157,-0.18162873228279022,27.08901649345747,0.9761061918172454,0.3814016172506739,-0.007458196364188546,None,None,-0.00003660965957768586,-0.22141522112584408,-0.57227951277339,-0.2553018786763004,0.38284625336537403,-2.6390321344443772,4 days 02:28:07.500000,false
XMR-USD,false,59,66,97,25.0,0.56725638738497,0.1322314049586777,0.0001,0.00003846153846153846,4.008264462809917,7.975206611570248,0.0004008264462809917,-0.9717300963161845,0,0,17424,726 days 01:00:00,1000.0,424.8805709224482,-57.51194290775518,34.915698157888286,100.0,135.90568984444764,63.20744363623454,635 days 19:00:00,96,1,20.390220510643474,20.198752313806697,-8.735543285074748,4.9128827865649205,-2.751651053810989,9 days 01:55:00,2 days 10:39:10,-6.203225516543702,-0.7032958653303643,-0.5532425813945835,0.9703555173921683,-0.1815485080341765,27.08863627642695,0.975801287288155,0.3814016172506739,-0.007460189988399742,None,None,-0.000036991859933260625,-0.22372676887636025,-0.575119429077551,-0.2570217998091959,0.3828477050628543,-2.647165771902569,4 days 02:28:07.500000,false
XMR-USD,false,59,73,97,25.0,0.555338625008718,0.1322314049586777,0.0001,0.00003846153846153846,4.008264462809917,7.975206611570248,0.0004008264462809917,-1.0768634847466378,0,0,17424,726 days 01:00:00,1000.0,395.14542432213966,-60.485457567786035,34.915698157888286,100.0,136.15023061401357,66.63778052059432,635 days 19:00:00,96,1,19.49727453687575,19.685655172017356,-8.735543285074751,4.839536006802422,-2.831860927961957,10 days 01:20:00,2 days 02:43:20,-6.503665106403501,-0.7806481251458116,-0.5597171617589222,0.9671372748003997,-0.18693130014353226,26.930781686153235,0.9723704837795483,0.3807448494453249,-0.007460189988399808,None,None,-0.00004111997649274738,-0.24869361782813615,-0.6048545756778616,-0.2754983595098487,0.3834029772769979,-2.7323284585137513,4 days 02:22:30,false
XMR-USD,false,70,89,81,25.0,0.5767406056325611,0.11019283746556474,0.0001,0.00003846153846153846,3.347107438016529,6.652892561983471,0.0003347107438016529,-0.929743461737758,0,0,17424,726 days 01:00:00,1000.0,432.2768123675329,-56.77231876324671,34.915698157888286,100.0,125.15370424574591,61.24785658897076,630 days 14:00:00,80,1,18.034006614500584,19.653206806830713,-11.3881432199991,5.270240749615018,-3.059682131221159,11 days 17:12:00,2 days 15:25:00,-7.321964928087102,-0.677475897212184,-0.5616912007621305,0.9712512727524089,-0.41327487836195936,30.360040447503664,0.9670073533333902,0.38085426737459394,-0.007445281664846226,None,None,-0.00003584635391405225,-0.216798748472188,-0.567723187632472,-0.25255796902583827,0.38513153788723187,-2.6259826312658303,4 days 21:51:45,false
XMR-USD,false,10,22,411,24.878048780487806,0.43730754651868664,0.5647382920110193,0.0001,0.00003827392120075047,16.983471074380166,33.925619834710744,0.0016983471074380166,-3.2463484336077735,0,0,17424,726 days 01:00:00,1000.0,92.47582088628997,-90.75241791137101,34.915698157888286,100.0,314.5809575007085,91.16318636381584,725 days 03:00:00,410,1,3.8579667422151687,19.69681006510061,-11.520637103641048,2.085816487020358,-1.4399384781894085,2 days 04:37:38.823529411,0 days 13:13:03.116883116,-2.222883282575423,-2.3840845482015154,-0.7655160645370802,0.9034404441724129,-0.45212611490242427,36.55764203597738,1.0087648096801494,0.36849132176234983,-0.007638748123339011,None,None,-0.0001246289115400686,-0.7537556569943349,-0.9075241791137099,-0.5623556837088144,0.3805003787714129,-3.5991866896371336,0 days 23:01:19.024390242,false
XMR-USD,false,33,34,174,24.85549132947977,0.5285709761721609,0.23829201101928374,0.0001,0.00003823921742996888,7.1900826446281,14.338842975206612,0.00071900826446281,-1.3074802632900797,0,0,17424,726 days 01:00:00,1000.0,343.54695060675135,-65.64530493932487,34.915698157888286,100.0,194.84800086463156,70.30747493244178,722 days 11:00:00,173,1,15.588729813781129,22.18521442516037,-7.1255631390876095,3.6391103066796915,-1.9781787855214235,5 days 07:01:23.720930232,1 days 08:18:55.384615384,-3.8846345618903397,-0.9385188843863155,-0.5910834371249605,0.9612873117444125,0.1243280146511231,23.161028216177773,0.9909167022472506,0.391106498483155,-0.007587215347123362,None,None,-0.00004925267582413683,-0.29788018338437955,-0.6564530493932552,-0.3098451147616038,0.38198363630283033,-2.8801086159720404,2 days 07:51:19.768786126,false
XMR-USD,false,29,39,170,24.85207100591716,0.5476941369163401,0.2327823691460055,0.0001,0.00003823395539371871,7.024793388429752,14.008264462809917,0.0007024793388429753,-1.1906052279507562,0,0,17424,726 days 01:00:00,1000.0,371.6884231939373,-62.831157680606275,34.915698157888286,100.0,194.93556150258752,68.9826860104237,722 days 11:00:00,169,1,16.8656726361487,22.18521442516037,-7.125563139087608,3.749188386706923,-1.9707966702938455,5 days 10:54:17.142857142,1 days 08:48:11.338582677,-3.817616860604799,-0.8530254088216643,-0.5682295939591859,0.96476174227998,0.14292473171797201,23.145044230671353,0.9923094975153859,0.3915508704679764,-0.007586227038464404,None,None,-0.00004474612508967806,-0.2706245645423729,-0.6283115768060612,-0.290725235969566,0.38181361360937816,-2.799510277482772,2 days 09:11:00.355029585,false
XMR-USD,false,30,38,170,24.85207100591716,0.5511013931917579,0.2327823691460055,0.0001,0.00003823395539371871,7.024793388429752,14.008264462809917,0.0007024793388429753,-1.176451228482829,0,0,17424,726 days 01:00:00,1000.0,375.1699422319459,-62.48300577680541,34.915698157888286,100.0,196.34412894247822,68.61193861318719,722 days 11:00:00,169,1,17.023649470258874,22.18521442516039,-7.125563139087589,3.760584677712541,-1.9671351665126415,5 days 10:57:08.571428571,1 days 08:46:17.952755905,-3.797950930404215,-0.8427332749351903,-0.5671368070595901,0.9651840683788435,0.14336084616636,23.137787331176852,0.9927495048482509,0.3914397508584205,-0.007573869459241544,None,None,-0.000044209408463614945,-0.2673785023879432,-0.6248300577680521,-0.28842633619250835,0.381840953722835,-2.789539063324988,2 days 09:10:17.751479289,false
XMR-USD,false,19,62,166,24.848484848484848,0.5268141107626259,0.22727272727272727,0.0001,0.00003822843822843823,6.859504132231405,13.677685950413224,0.0006859504132231406,-1.255847694681992,0,0,17424,726 days 01:00:00,1000.0,357.4134461183746,-64.25865538816254,34.915698157888286,100.0,190.77977994661683,67.38725225847371,722 days 11:00:00,165,1,16.217933628901392,21.246964398202305,-7.1255631390876095,3.55007576792521,-1.9629715668024603,5 days 14:27:48.292682926,1 days 09:17:54.193548387,-3.9927544697607678,-0.9010234432804779,-0.5992731794978298,0.9627842606876782,0.1315502365348738,23.433114289894608,0.9883536077539496,0.3906624102154829,-0.007487835016430276,None,None,-0.00004708436264911911,-0.28476622530187234,-0.6425865538816248,-0.3003010983243114,0.3803632499878387,-2.840394400753089,2 days 10:26:10.909090908,false
XMR-USD,false,26,47,166,24.848484848484848,0.5268355965419568,0.22727272727272727,0.0001,0.00003822843822843823,6.859504132231405,13.677685950413224,0.0006859504132231406,-1.292702115412586,0,0,17424,726 days 01:00:00,1000.0,346.7710919970125,-65.32289080029875,34.915698157888286,100.0,190.05806930464382,69.15386794096887,722 days 11:00:00,165,1,15.73502792216317,21.698844834700964,-7.125563139087605,3.660628112815293,-2.0172951923046063,5 days 15:24:52.682926829,1 days 09:05:19.354838709,-4.054326884394847,-0.9278196510172191,-0.5969657719394845,0.9616763064092435,0.12546541276467404,23.192178621987857,0.9877789490117809,0.3912175648702595,-0.007566994865923106,None,None,-0.000048708234051584986,-0.294587399543986,-0.6532289080029866,-0.3076038777249821,0.3821173542107116,-2.870874542015731,2 days 10:30:54.545454544,false
XMR-USD,false,30,41,162,24.84472049689441,0.5479855762553787,0.22176308539944903,0.0001,0.000038222646918299096,6.694214876033058,13.347107438016529,0.0006694214876033058,-1.1300567646753914,0,0,17424,726 days 01:00:00,1000.0,385.8762566008028,-61.412374339919715,34.915698157888286,100.0,190.0568349729499,67.32145926284441,722 days 11:00:00,161,1,17.509457426646577,22.18521442516038,-8.17559821495322,3.7636193423310607,-1.983015848830875,5 days 16:25:30,1 days 10:44:37.685950413,-3.923187582769213,-0.8096749027714248,-0.5650813138215848,0.9664953986532595,0.13336418918571816,23.09726203489365,0.9903278712917436,0.39199552644192365,-0.007566994865923131,None,None,-0.00004255117543954108,-0.25734950905834447,-0.6141237433991988,-0.28144290410594797,0.382524122996236,-2.7588757372747876,2 days 12:00:22.360248446,false
XMR-USD,false,32,41,162,24.84472049689441,0.5472947417877476,0.22176308539944903,0.0001,0.000038222646918299096,6.694214876033058,13.347107438016529,0.0006694214876033058,-1.1595710579398488,0,0,17424,726 days 01:00:00,1000.0,378.44216538959495,-62.15578346104051,34.915698157888286,100.0,189.82576389179658,67.58724469390765,722 days 11:00:00,161,1,17.17212932899406,22.185214425160368,-8.222010603968496,3.8245899217749,-2.0177124780620357,5 days 17:19:29.999999999,1 days 10:22:48.595041322,-3.9672668567664564,-0.8310916000956476,-0.5717806582637754,0.9655951843658522,0.12860689587835014,23.15012941584519,0.9910211445175549,0.391106498483155,-0.007549268901077599,None,None,-0.00004367065919523646,-0.2641201468127901,-0.6215578346104057,-0.28627830138338983,0.3824712532973983,-2.780167281203227,2 days 11:57:23.478260868,false
XMR-USD,false,22,58,158,24.840764331210192,0.5484035886921387,0.2162534435261708,0.0001,0.000038216560509554137,6.528925619834711,13.016528925619834,0.0006528925619834711,-1.1652394419981957,0,0,17424,726 days 01:00:00,1000.0,379.1358954788341,-62.08641045211659,34.915698157888286,100.0,187.2710884624459,65.30262806553236,722 days 11:00:00,157,1,17.20360791119583,21.322008276614884,-7.1725056880546925,3.774661213690125,-2.0256346170362995,5 days 23:50:46.153846153,1 days 10:03:03.050847457,-4.064125556894029,-0.8344160959817457,-0.5909189886856159,0.9654402524692209,0.14095016563326287,23.41104709154966,0.9927416366578989,0.38899960143483453,-0.007477354898302134,None,None,-0.000043665186229312546,-0.2640870463148823,-0.6208641045211645,-0.2858244651176799,0.38089966261278196,-2.7781804096072413,2 days 13:19:29.426751591,false
XMR-USD,false,22,59,158,24.840764331210192,0.5667741874800102,0.2162534435261708,0.0001,0.000038216560509554137,6.528925619834711,13.016528925619834,0.0006528925619834711,-1.060459134590354,0,0,17424,726 days 01:00:00,1000.0,406.2775060076715,-59.37224939923284,34.915698157888286,100.0,193.24568062902102,62.81870985401581,722 days 11:00:00,157,1,18.435181157582235,21.32200827661489,-7.172505688054684,3.763149044010599,-1.965105043015935,5 days 23:55:23.076923076,1 days 10:00:30.508474576,-3.899093472292419,-0.7587298883830712,-0.5797064129693807,0.9685281121221437,0.14343847228669762,23.415190444511914,0.9939113222678498,0.389442628179571,-0.00746192179860524,None,None,-0.00003970019074976677,-0.24010675365458942,-0.5937224939923269,-0.2684782069703978,0.38085823054879175,-2.7004457173032135,2 days 13:18:43.566878980,false
XMR-USD,false,23,57,158,24.840764331210192,0.5523968725098382,0.2162534435261708,0.0001,0.000038216560509554137,6.528925619834711,13.016528925619834,0.0006528925619834711,-1.130315856265763,0,0,17424,726 days 01:00:00,1000.0,387.50517003361824,-61.24948299663817,34.915698157888286,100.0,188.2422989878852,64.53669733855054,722 days 11:00:00,157,1,17.58337073412713,21.322008276614874,-7.172505688054686,3.755265932434155,-2.0018472113633616,5 days 23:52:18.461538461,1 days 10:02:02.033898305,-4.013236947137002,-0.8094513430571445,-0.5874293602743648,0.9664627362835396,0.1385324784521857,23.33858774813145,0.9919897004482756,0.389442628179571,-0.0075059153835619384,None,None,-0.00004239283536941693,-0.25639186831423355,-0.6124948299663773,-0.2803915410548157,0.38120594144099074,-2.7542104620010432,2 days 13:19:06.496815285,false
XMR-USD,false,27,50,158,24.840764331210192,0.561724665492044,0.2162534435261708,0.0001,0.000038216560509554137,6.528925619834711,13.016528925619834,0.0006528925619834711,-1.0519172425387366,0,0,17424,726 days 01:00:00,1000.0,407.21240021467247,-59.27875997853276,34.915698157888286,100.0,187.5319232094494,63.67967449592462,722 days 11:00:00,157,1,18.072412576313468,21.32200827661488,-7.172505688054683,3.864618213232265,-1.9907782926824338,5 days 21:04:36.923076923,1 days 11:03:03.050847457,-3.8908281042142807,-0.7530501624537466,-0.570714213388967,0.9687540734348986,0.13187396868829596,23.30052107902028,0.9939139440537602,0.39010769844435583,-0.00748783501643029,None,None,-0.0000395054316251254,-0.23892885046875842,-0.5927875997853256,-0.2678943855874011,0.3818482889818197,-2.6977681417245347,2 days 13:23:18.726114649,false
XMR-USD,false,16,86,154,24.836601307189543,0.5323764703289398,0.21074380165289255,0.0001,0.00003821015585721468,6.363636363636364,12.685950413223141,0.0006363636363636364,-1.0920043327215043,0,0,17424,726 days 01:00:00,1000.0,395.52475597411456,-60.44752440258855,34.915698157888286,100.0,183.6676734384942,63.23365670914393,722 days 11:00:00,153,1,18.78231922063958,22.165171467728545,-7.172505688054688,3.5174985823864047,-1.9351758534440013,6 days 11:15:47.368421052,1 days 09:09:23.478260869,-4.073578844748533,-0.7840085836920868,-0.5893705705932526,0.9676702993890703,0.09006183713233473,22.832298832295535,0.9877154599369344,0.39388848892088635,-0.007534468867054794,None,None,-0.000041158185503974216,-0.24892470592803606,-0.6044752440258883,-0.2752570333287182,0.38211434949742074,-2.731242037012856,2 days 15:29:01.176470587,false
XMR-USD,false,28,53,154,24.836601307189543,0.6125341990615223,0.21074380165289255,0.0001,0.00003821015585721468,6.363636363636364,12.685950413223141,0.0006363636363636364,-0.937142237762809,0,0,17424,726 days 01:00:00,1000.0,439.56049726791093,-56.04395027320891,34.915698157888286,100.0,197.50743552739817,59.94534488012295,722 days 11:00:00,153,1,19.508047040530585,22.16640331110654,-8.222010603968497,4.1655116680260695,-2.0390625664525177,6 days 07:03:09.473684210,1 days 10:02:05.217391304,-3.7905068612589528,-0.6704482035801194,-0.5646648858207668,0.972179873078648,0.14310276832055924,23.16990797935863,0.9901832040615872,0.39277435856446324,-0.007520747578736148,None,None,-0.00003514078295714437,-0.21253145532480913,-0.56043950273209,-0.24821054223744532,0.38150843676090085,-2.6051218572167443,2 days 15:05:52.941176469,false
XMR-USD,false,30,49,154,24.836601307189543,0.6142428551553177,0.21074380165289255,0.0001,0.00003821015585721468,6.363636363636364,12.685950413223141,0.0006363636363636364,-0.8865647328115298,0,0,17424,726 days 01:00:00,1000.0,454.733583665334,-54.526641633466596,34.915698157888286,100.0,195.93217136317082,59.60624542878597,722 days 11:00:00,153,1,20.181440771383905,22.16640331110655,-8.222010603968483,4.175679046327186,-2.0132546250726446,6 days 04:26:50.526315789,1 days 10:44:20.869565217,-3.69573762814412,-0.6333789749019374,-0.5487808838125502,0.97366435777868,0.15242950770705643,23.280673954507957,0.9921290366680394,0.3916620078268509,-0.0074773548983020546,None,None,-0.00003319542847343473,-0.20076595140733322,-0.5452664163346642,-0.239302941586374,0.38148070822509067,-2.561665511796382,2 days 14:58:49.411764704,false
XMR-USD,false,22,71,146,24.82758620689655,0.6090186335307104,0.19972451790633608,0.0001,0.00003819628647214854,6.033057851239669,12.024793388429753,0.000603305785123967,-0.7953527830079797,0,0,17424,726 days 01:00:00,1000.0,483.25012622169777,-51.67498737783023,34.915698157888286,100.0,192.0317378116885,57.17278795004803,635 days 19:00:00,145,1,21.447027777223866,22.09083756125399,-7.007675914303725,3.9373910322226084,-1.927415615529041,6 days 10:51:40,1 days 13:24:13.211009174,-3.711702769348449,-0.5689883783112946,-0.5355953058804244,0.9763765550009973,0.11915664372201043,23.05141930859744,0.9912694249674541,0.393108410617205,-0.007466933014796002,None,None,-0.00002975598078587532,-0.17996417179297394,-0.516749873778303,-0.2230733208277499,0.3806526152996552,-2.479992957441569,2 days 18:33:55.862068965,false
XMR-USD,false,26,59,146,24.82758620689655,0.6172544070205457,0.19972451790633608,0.0001,0.00003819628647214854,6.033057851239669,12.024793388429753,0.000603305785123967,-0.8354855310872665,0,0,17424,726 days 01:00:00,1000.0,470.0538258697451,-52.994617413025495,34.915698157888286,100.0,190.0784385839532,57.10075329005314,635 days 19:00:00,145,1,20.861365394851077,22.16640331110656,-7.1725056880546925,4.173863756324894,-2.0240700966884995,6 days 11:43:20,1 days 13:06:36.330275229,-3.798672686380045,-0.5970196173774903,-0.553065749789121,0.9751888016155065,0.15021581384554292,23.12699082391988,0.9898652244992859,0.393108410617205,-0.007468294324475239,None,None,-0.00003129211201575744,-0.189254693471301,-0.5299461741302554,-0.23050372574529698,0.381508500257438,-2.517787706073772,2 days 18:33:31.034482758,false
XMR-USD,false,27,57,146,24.82758620689655,0.6316826875526951,0.19972451790633608,0.0001,0.00003819628647214854,6.033057851239669,12.024793388429753,0.000603305785123967,-0.783857054053115,0,0,17424,726 days 01:00:00,1000.0,486.12608380254073,-51.38739161974593,34.915698157888286,100.0,194.4857300901715,55.42370552415207,635 days 19:00:00,145,1,21.574665078852092,22.166403311106535,-7.172505688054688,4.196941107598706,-1.9985849398964168,6 days 12:15:00,1 days 12:58:53.944954128,-3.692748836388354,-0.5598950913773569,-0.5487581839995849,0.9767140377309859,0.15113028737545925,23.10451486105014,0.9904062905963746,0.39366552027513396,-0.007466933014796097,None,None,-0.00002935535179552388,-0.17754116765932842,-0.5138739161974579,-0.2214715967298173,0.3816265433358927,-2.4717560962800422,2 days 18:35:35.172413792,false
XMR-USD,false,22,85,138,24.817518248175183,0.6379701667073631,0.1887052341597796,0.0001,0.0000381807973048849,5.702479338842975,11.363636363636363,0.0005702479338842975,-0.5710197772026698,0,0,17424,726 days 01:00:00,1000.0,554.7504954319866,-44.52495045680134,34.915698157888286,100.0,195.02339883445717,49.41700437964022,635 days 19:00:00,137,1,28.81168404652783,19.801775246886333,-7.0076759143037295,3.8039821892746364,-1.7998214543248126,6 days 20:47:38.823529411,1 days 15:08:44.271844660,-3.460300646821473,-0.4081575433364214,-0.5188085569570462,0.9828734416414976,-0.013469596588884764,26.329626955055236,0.9926681942631026,0.393108410617205,-0.007452411460490818,None,None,-0.00002157376255802918,-0.13047811595096048,-0.4452495045680116,-0.184958907487214,0.384729963755691,-2.275212950216838,2 days 22:19:42.481751823,false
XMR-USD,false,22,86,138,24.817518248175183,0.6292035166951532,0.1887052341597796,0.0001,0.0000381807973048849,5.702479338842975,11.363636363636363,0.0005702479338842975,-0.612438821819425,0,0,17424,726 days 01:00:00,1000.0,540.0642232681379,-45.993577673186216,34.915698157888286,100.0,192.36764798400904,49.91642670899242,635 days 19:00:00,137,1,28.048933518334763,19.593689177557664,-7.6774658014819765,3.828596241194332,-1.831496556845277,6 days 23:10:35.294117647,1 days 14:23:53.009708737,-3.5619321916072764,-0.43821445714126905,-0.5335768650556398,0.981634951087289,-0.02488900780392528,26.38178518248959,0.9914133842247738,0.39333120102350866,-0.007450925614535058,None,None,-0.00002313840943887846,-0.1399411002863369,-0.45993577673185404,-0.19251374069239335,0.3843304060839607,-2.3172750395883224,2 days 22:21:27.591240874,false
XMR-USD,false,23,75,138,24.817518248175183,0.6481448559400437,0.1887052341597796,0.0001,0.0000381807973048849,5.702479338842975,11.363636363636363,0.0005702479338842975,-0.5977694900417,0,0,17424,726 days 01:00:00,1000.0,548.9840917165744,-45.10159082834256,34.915698157888286,100.0,188.96966364443242,52.92766906984498,635 days 19:00:00,137,1,24.364353831328003,22.766516632900533,-7.007675914303725,4.190645057180327,-1.9201284355093402,6 days 16:40:35.294117647,1 days 16:44:51.262135922,-3.469928920545648,-0.42602311122640124,-0.4917572079509576,0.9822589137498102,0.16719665091450536,23.07735957800005,0.9928229808010954,0.3943346403136753,-0.007461921798605334,None,None,-0.000022356324818479213,-0.13521105250216228,-0.45101590828343086,-0.18790947494350385,0.3819664299598425,-2.2917281683555006,2 days 22:30:39.416058393,false
XMR-USD,false,23,84,138,24.817518248175183,0.6162870740757355,0.1887052341597796,0.0001,0.0000381807973048849,5.702479338842975,11.363636363636363,0.0005702479338842975,-0.6830845671661139,0,0,17424,726 days 01:00:00,1000.0,515.2816277608173,-48.47183722391827,34.915698157888286,100.0,189.37003724239935,52.25214376480783,635 days 19:00:00,137,1,24.0190887296813,19.801775246886315,-7.677465801481971,3.8609472224339516,-1.8801966303483297,6 days 23:05:17.647058823,1 days 14:25:02.912621359,-3.713412123860322,-0.4891144904538081,-0.5424946052866527,0.9795205333656571,-0.027250028503514195,26.370930669960398,0.9896802948465698,0.393108410617205,-0.007460189988399771,None,None,-0.000025830111493840034,-0.15622051431474454,-0.4847183722391797,-0.20557245288511705,0.38439142930830084,-2.388253415547623,2 days 22:21:01.313868612,false
XMR-USD,false,24,74,138,24.817518248175183,0.6297695754033075,0.1887052341597796,0.0001,0.0000381807973048849,5.702479338842975,11.363636363636363,0.0005702479338842975,-0.6752246505123511,0,0,17424,726 days 01:00:00,1000.0,521.6941632951612,-47.83058367048388,34.915698157888286,100.0,185.58096405179322,55.0655501647597,635 days 19:00:00,137,1,27.094860708638464,22.464577726885373,-7.667891305517983,4.21650587990429,-1.9815369607042808,6 days 16:01:45.882352941,1 days 16:53:00.582524271,-3.689056185499835,-0.482145854793713,-0.5066616054288529,0.9799330252048085,0.14650999076312096,23.115027111897724,0.9898815838363305,0.3940000000000001,-0.007460189988399793,None,None,-0.000025291242926695116,-0.15296143722065206,-0.47830583670484506,-0.20215484304025333,0.3818120934998145,-2.369887649222841,2 days 22:27:09.197080290,false
XMR-USD,false,22,81,134,24.81203007518797,0.6613638490676523,0.18319559228650137,0.0001,0.00003817235396182765,5.537190082644628,11.03305785123967,0.0005537190082644628,-0.5175440003187759,0,0,17424,726 days 01:00:00,1000.0,578.5011515291015,-42.149884847089844,34.915698157888286,100.0,187.7967936716357,50.25924090680306,635 days 19:00:00,133,1,25.67434459460162,22.539138995468814,-7.007675914303723,4.16397615209482,-1.8758030158682846,6 days 20:36:21.818181818,1 days 18:20:24,-3.3622044591390994,-0.3685524410072166,-0.4786011360631542,0.9846506729555755,0.17098819503673762,23.045097364510955,0.9912296306813363,0.39556303059426556,-0.00746693301479614,None,None,-0.000019345189023285382,-0.11699970321282999,-0.4214988484709009,-0.17301284428881702,0.3820600515582254,-2.2071900913018743,3 days 00:40:36.090225563,false
XMR-USD,false,23,79,134,24.81203007518797,0.6606602372322379,0.18319559228650137,0.0001,0.00003817235396182765,5.537190082644628,11.03305785123967,0.0005537190082644628,-0.5099732793550822,0,0,17424,726 days 01:00:00,1000.0,581.3898409967502,-41.861015900324986,34.915698157888286,100.0,187.54614346894607,51.59254495047062,635 days 19:00:00,133,1,30.195232892249237,22.539138995468814,-7.007675914303745,4.180833884493779,-1.8842907632361665,6 days 21:18:10.909090909,1 days 18:00:00,-3.3744766307932252,-0.36317950275998795,-0.4625419814148534,0.9848585560593731,0.16944405177046876,23.064972679936485,0.9910463580937969,0.3950044031702826,-0.007452411460490791,None,None,-0.000019061452736916088,-0.1152836661528685,-0.4186101590032466,-0.17158188327490553,0.3820257273260038,-2.198916765491272,3 days 00:35:38.345864660,false
XMR-USD,false,28,68,134,24.81203007518797,0.6232719885374431,0.18319559228650137,0.0001,0.00003817235396182765,5.537190082644628,11.03305785123967,0.0005537190082644628,-0.7019060368645127,0,0,17424,726 days 01:00:00,1000.0,513.4151706566477,-48.65848293433523,34.915698157888286,100.0,180.50919809000672,54.975306174060535,635 days 19:00:00,133,1,23.93208660039909,22.46457772688536,-7.677465801481974,4.239518926012175,-2.0172623888531493,6 days 19:01:49.090909090,1 days 18:30:00,-3.838473052208653,-0.5017058658981381,-0.5179980839073617,0.9791156306529759,0.12994420178721214,23.200742737075853,0.988882867196543,0.39255174618396876,-0.007460189988399703,None,None,-0.00002626050166637327,-0.15882351407822554,-0.48658482934335556,-0.20657240894956264,0.3809884272312315,-2.3935990256961857,3 days 00:24:21.654135337,false
XMR-USD,false,29,63,134,24.81203007518797,0.6414352565254624,0.18319559228650137,0.0001,0.00003817235396182765,5.537190082644628,11.03305785123967,0.0005537190082644628,-0.6413400907682811,0,0,17424,726 days 01:00:00,1000.0,533.4516862174072,-46.65483137825928,34.915698157888286,100.0,181.09049220266675,55.08855915176909,635 days 19:00:00,133,1,24.866059051889124,22.766516632900515,-7.4305997701229325,4.380133359099736,-2.0225840645665656,6 days 16:43:38.181818181,1 days 19:19:48,-3.694844908529941,-0.4574974862828124,-0.4917033108868364,0.9809167671227997,0.15845740287465201,23.105160609792982,0.9892921491555622,0.39333120102350866,-0.007466933014796066,None,None,-0.000024005510828468567,-0.14518532949057789,-0.4665483137825994,-0.19595915200445957,0.381926844033478,-2.336213618507263,3 days 00:27:31.127819547,false
XMR-USD,false,30,63,134,24.81203007518797,0.6047565531708401,0.18319559228650137,0.0001,0.00003817235396182765,5.537190082644628,11.03305785123967,0.0005537190082644628,-0.7781932744223783,0,0,17424,726 days 01:00:00,1000.0,486.91262766287696,-51.30873723371231,34.915698157888286,100.0,176.10641700116702,57.463173246297494,635 days 19:00:00,133,1,22.696709871568714,22.46457772688537,-7.677465801481984,4.228693960480555,-2.065654032909394,6 days 21:18:10.909090909,1 days 17:47:24,-4.0284517459300115,-0.5572110139752385,-0.5282971997189797,0.976799979177631,0.10836612774278043,23.144169975081756,0.9865401499101712,0.39277435856446324,-0.007466933014796064,None,None,-0.000029239978909590614,-0.17684339244520403,-0.5130873723371265,-0.2210346200832758,0.38195773309380965,-2.469503402214526,3 days 00:26:09.924812029,false
XMR-USD,false,30,68,134,24.81203007518797,0.5952525614660101,0.18319559228650137,0.0001,0.00003817235396182765,5.537190082644628,11.03305785123967,0.0005537190082644628,-0.8050398650461695,0,0,17424,726 days 01:00:00,1000.0,472.8419444742458,-52.715805552575425,34.915698157888286,100.0,180.13993399817917,56.30075881732315,635 days 19:00:00,133,1,24.156905247295867,18.666461141192777,-7.677465801481971,3.9733642460958216,-2.025569264629591,6 days 23:03:38.181818181,1 days 17:11:24,-4.1452252689702975,-0.5789215053203832,-0.5573059849712922,0.9757528635227768,-0.08876431248658119,26.25556342823452,0.9858879747324845,0.39232920495405516,-0.007477415365826001,None,None,-0.000030676783919912175,-0.18553318914762884,-0.527158055525758,-0.22892258641437846,0.38569862347670353,-2.509802419364359,3 days 00:25:15.789473683,false
XMR-USD,false,31,62,134,24.81203007518797,0.6130470065340565,0.18319559228650137,0.0001,0.00003817235396182765,5.537190082644628,11.03305785123967,0.0005537190082644628,-0.758156339571759,0,0,17424,726 days 01:00:00,1000.0,493.3350781227363,-50.66649218772636,34.915698157888286,100.0,178.8216313929486,55.311227954655116,635 days 19:00:00,133,1,22.996082872946033,22.464577726885366,-8.721267796798314,4.24790888085086,-2.05710541722999,6 days 21:12:43.636363636,1 days 17:50:24,-3.9824135695504514,-0.5424069733599098,-0.5405292660452217,0.9774201333643908,0.11879925659889405,23.071699799042044,0.9875642983626784,0.39277435856446324,-0.007468294324475354,None,None,-0.000028476818248637256,-0.17222779676775812,-0.5066649218772616,-0.2174836558703105,0.38214144669132744,-2.4511092391340195,3 days 00:27:04.060150374,false
XMR-USD,false,36,56,134,24.81203007518797,0.6298246873618146,0.18319559228650137,0.0001,0.00003817235396182765,5.537190082644628,11.03305785123967,0.0005537190082644628,-0.739746774660027,0,0,17424,726 days 01:00:00,1000.0,498.64754345464473,-50.13524565453553,34.915698157888286,100.0,180.69116560426818,54.74494276946681,635 days 19:00:00,133,1,25.4752811162395,22.464577726885366,-8.721267796798317,4.42810737712726,-2.102525533739013,6 days 18:25:27.272727272,1 days 18:43:12,-3.96111080948568,-0.5281615202257379,-0.5392067194870515,0.977967511753254,0.15511643789455254,23.129442049797976,0.9893276397683199,0.39199552644192365,-0.0074878350164303735,None,None,-0.000027800871026471847,-0.16813966796810173,-0.5013524565453555,-0.21456914199616528,0.38313302649680336,-2.435894119253313,3 days 00:25:15.789473683,false
XMR-USD,false,33,56,130,24.8062015503876,0.6337403544190409,0.17768595041322313,0.0001,0.00003816338700059631,5.371900826446281,10.702479338842975,0.0005371900826446281,-0.7431612851953607,0,0,17424,726 days 01:00:00,1000.0,497.9819544598611,-50.2018045540139,34.915698157888286,100.0,176.61186270077027,56.74710914252415,635 days 19:00:00,129,1,23.212690120408467,22.84250023892565,-8.721267796798305,4.603512690383622,-2.1777401008546233,6 days 22:20:37.500000,1 days 20:24:44.536082474,-4.071556090391844,-0.5313762185310984,-0.5210160010654402,0.9778609571847672,0.1275064949586115,23.042182728893597,0.9846212810042627,0.39321979691372827,-0.007489941431631907,None,None,-0.000027919919523066645,-0.16885967327550708,-0.5020180455401464,-0.21493318169467301,0.3824458851519584,-2.437800393593794,3 days 02:39:32.093023255,false
XMR-USD,false,41,50,130,24.8062015503876,0.6369698200630823,0.17768595041322313,0.0001,0.00003816338700059631,5.371900826446281,10.702479338842975,0.0005371900826446281,-0.7129668319006449,0,0,17424,726 days 01:00:00,1000.0,507.6279818229433,-49.237201817705675,34.915698157888286,100.0,177.49521422716356,53.9317485196387,635 days 19:00:00,129,1,25.93408051269199,22.540374606636266,-8.7212677967983,4.576726117442279,-2.1513199027724657,6 days 21:20:37.500000,1 days 20:44:32.164948453,-4.017876734029065,-0.5091081940843888,-0.5355573523649374,0.9787537869700786,0.1522868982148299,23.158297894201162,0.9879233743836466,0.39232920495405516,-0.007487835016430347,None,None,-0.00002678667306391867,-0.16200579869058013,-0.4923720181770572,-0.2096880713725643,0.3829716574404701,-2.4101737732711443,3 days 02:39:32.093023254,false
XMR-USD,false,41,52,130,24.8062015503876,0.6294012636425732,0.17768595041322313,0.0001,0.00003816338700059631,5.371900826446281,10.702479338842975,0.0005371900826446281,-0.7169451137894174,0,0,17424,726 days 01:00:00,1000.0,505.860957990482,-49.4139042009518,34.915698157888286,100.0,173.8794937971639,53.66655188688433,635 days 19:00:00,129,1,23.828209419480686,22.464577726885352,-8.721267796798314,4.512835405903264,-2.1298612705647875,6 days 22:26:15,1 days 20:25:58.762886597,-4.015250011077512,-0.5121509373471447,-0.5405248202392453,0.9786216748046899,0.1476366212506421,23.137247098506663,0.9865860424531497,0.39288569144684243,-0.007489941431631893,None,None,-0.000026967727916690297,-0.16310081844014293,-0.4941390420095191,-0.21064400683997853,0.38326956188810446,-2.415234602427333,3 days 02:41:51.627906975,false
XMR-USD,false,44,47,130,24.8062015503876,0.6330558370117109,0.17768595041322313,0.0001,0.00003816338700059631,5.371900826446281,10.702479338842975,0.0005371900826446281,-0.7468281954991076,0,0,17424,726 days 01:00:00,1000.0,496.0126191076313,-50.39873808923687,34.915698157888286,100.0,176.8345367526675,54.98586584524986,635 days 19:00:00,129,1,23.364310639336054,22.54037460663628,-8.721267796798307,4.586791208297451,-2.173492441891344,6 days 21:28:07.500000,1 days 20:47:00.618556701,-4.0879976087729055,-0.5336077396756421,-0.5402537296452616,0.9777473526231175,0.14681461089671327,23.108949850497115,0.9875009398133732,0.39255174618396876,-0.007492505718021532,None,None,-0.00002809668383054885,-0.16992874380715944,-0.5039873808923689,-0.21601216128900158,0.38325769965996176,-2.443440651289128,3 days 02:43:15.348837209,false
XMR-USD,false,45,46,130,24.8062015503876,0.6353420621649373,0.17768595041322313,0.0001,0.00003816338700059631,5.371900826446281,10.702479338842975,0.0005371900826446281,-0.7336875662142563,0,0,17424,726 days 01:00:00,1000.0,500.2854532416598,-49.97145467583402,34.915698157888286,100.0,177.0787920724779,54.598097628231166,635 days 19:00:00,129,1,23.565579357453316,22.54037460663628,-8.721267796798307,4.586791208297451,-2.164920041708091,6 days 21:28:07.500000,1 days 20:47:37.731958762,-4.05643508616894,-0.5241725233698793,-0.5385270036490937,0.9781388935311174,0.146784287574514,23.10021986305384,0.987695308529998,0.39266304347826086,-0.007492505718021532,None,None,-0.000027602315636396595,-0.1669388049689266,-0.49971454675834204,-0.21367464653263513,0.38329151934244815,-2.431203078049988,3 days 02:43:43.255813952,false
XMR-USD,false,31,71,126,24.8,0.628728115468125,0.1721763085399449,0.0001,0.000038153846153846153,5.206611570247934,10.37190082644628,0.0005206611570247934,-0.6679787822964354,0,0,17424,726 days 01:00:00,1000.0,518.4087498669516,-48.159125013304845,34.915698157888286,100.0,175.47969522047367,52.566464594608945,635 days 19:00:00,125,1,24.41926395306689,19.702048652753014,-8.039372144347587,4.2973927069472175,-2.064668090970123,7 days 06:01:56.129032258,1 days 21:07:01.276595744,-4.048084112688921,-0.47961084237602686,-0.5350982945526505,0.9798897673127694,-0.07313069534505759,26.191089626105303,0.9862669226013611,0.393108410617205,-0.007489941431631828,None,None,-0.00002540593397266825,-0.15365508866669758,-0.48159125013305004,-0.2039023813568972,0.3855707825941919,-2.3792972088236635,3 days 05:05:16.799999998,false
XMR-USD,false,32,69,126,24.8,0.6295263895846127,0.1721763085399449,0.0001,0.000038153846153846153,5.206611570247934,10.37190082644628,0.0005206611570247934,-0.664480474012495,0,0,17424,726 days 01:00:00,1000.0,519.7420357887835,-48.025796421121655,34.915698157888286,100.0,176.40930670169502,52.995460916622605,635 days 19:00:00,125,1,24.482067408561193,19.70204865275301,-8.03937214434758,4.288896952873163,-2.0596851058780112,7 days 06:00:00,1 days 21:02:33.191489361,-4.0379202529582265,-0.4770866261572971,-0.5290143285318317,0.9799818252684852,-0.07314402009732833,26.222310594250676,0.9867650870883402,0.39255174618396876,-0.007477415365825935,None,None,-0.000025265282871533918,-0.15280443080703715,-0.4802579642112158,-0.20319232631205364,0.3854649257813759,-2.375478622937731,3 days 05:01:26.399999999,false
XMR-USD,false,29,84,122,24.793388429752067,0.5960487847295527,0.16666666666666666,0.0001,0.000038143674507310876,5.041322314049587,10.041322314049587,0.0005041322314049588,-0.8046149415336726,0,0,17424,726 days 01:00:00,1000.0,474.98793606512663,-52.50120639348733,34.915698157888286,100.0,165.04397845931976,57.44267463944548,635 days 19:00:00,121,1,22.373958364463647,20.27319932391647,-8.039372144347576,4.346181296373907,-2.196723214625238,8 days 01:54:00,1 days 17:25:42.857142857,-4.523851423961464,-0.5786695793066584,-0.5435045310309297,0.9757276569672788,-0.08238609449944101,26.573849368420127,0.9851192604646087,0.3893318450007973,-0.007458196364188632,None,None,-0.000030526698714804275,-0.18462547382713626,-0.5250120639348732,-0.2277097375980942,0.3839786988838007,-2.5036562109134297,3 days 07:13:53.057851239,false
XMR-USD,false,29,85,122,24.793388429752067,0.6015222339271863,0.16666666666666666,0.0001,0.000038143674507310876,5.041322314049587,10.041322314049587,0.0005041322314049588,-0.7640550682424239,0,0,17424,726 days 01:00:00,1000.0,487.5256976824469,-51.24743023175531,34.915698157888286,100.0,165.42209232531258,56.295087030280456,635 days 19:00:00,121,1,22.964540430049,20.273199323916465,-8.03937214434758,4.363440669578929,-2.17372754387982,8 days 03:56:00,1 days 16:49:27.032967032,-4.425114402872741,-0.5490768453375724,-0.5384762088632417,0.9769676790406661,-0.0760553179391413,26.46147633888027,0.9855621164790338,0.3898859376246311,-0.0074619217986051315,None,None,-0.000029001548303430903,-0.1754013641391501,-0.512474302317554,-0.22069433903042412,0.3844554295275784,-2.4677475443857704,3 days 07:16:51.570247932,false
XMR-USD,false,35,65,122,24.793388429752067,0.6661848221494665,0.16666666666666666,0.0001,0.000038143674507310876,5.041322314049587,10.041322314049587,0.0005041322314049588,-0.5314610908512899,0,0,17424,726 days 01:00:00,1000.0,567.6106884741733,-43.238931152582666,34.915698157888286,100.0,177.0987249315965,49.477278129517096,635 days 19:00:00,121,1,26.73688518565757,19.702048652753017,-8.039372144347574,4.556851038226109,-2.071532352632412,7 days 13:06:00,1 days 22:09:53.406593406,-3.7944313777808665,-0.3809859909294593,-0.5007606828904464,0.9839820832335407,-0.06433769445728847,26.168716467286988,0.9871807247068698,0.39366552027513396,-0.0074685881153025505,None,None,-0.00002019123017375173,-0.12211656009085045,-0.4323893115258226,-0.17844996017665427,0.38575513619419766,-2.2383808267861878,3 days 07:37:11.404958676,false
XMR-USD,false,37,61,122,24.793388429752067,0.6435778770149915,0.16666666666666666,0.0001,0.000038143674507310876,5.041322314049587,10.041322314049587,0.0005041322314049588,-0.6171026752374517,0,0,17424,726 days 01:00:00,1000.0,535.1719249735444,-46.482807502645564,34.915698157888286,100.0,174.60846825167542,51.484711385923035,635 days 19:00:00,121,1,25.20888102207755,19.03035765656013,-8.039372144347572,4.442837708855278,-2.100479618595212,7 days 12:24:00,1 days 22:22:25.054945054,-4.0498921987482115,-0.4431645914723214,-0.5238277112344403,0.9813728116202827,-0.08443918239519556,26.11554485287951,0.9857628485978407,0.39321979691372827,-0.007487835016430384,None,None,-0.000023526016712932465,-0.14228534907981555,-0.46482807502645573,-0.1950601635413608,0.3864037141499195,-2.3312867837398232,3 days 07:36:11.900826444,false
XMR-USD,false,32,79,118,24.786324786324787,0.6016082148276938,0.16115702479338842,0.0001,0.000038132807363576595,4.87603305785124,9.710743801652892,0.00048760330578512403,-0.7636531161730938,0,0,17424,726 days 01:00:00,1000.0,488.1289157798648,-51.187108422013516,34.915698157888286,100.0,163.86107654339386,56.74848417959765,635 days 19:00:00,117,1,23.87848118160423,20.273199323916455,-8.039372144347581,4.38400170745741,-2.2042153700634834,8 days 06:28:57.931034482,1 days 19:28:38.181818181,-4.5790561145447874,-0.5492543514629432,-0.5334103997430797,0.9769564475973038,-0.09515413750558598,26.456530244130807,0.9843591485109022,0.3893318450007973,-0.007450925614534968,None,None,-0.000028966910383752132,-0.1751918740009329,-0.5118710842201366,-0.22035979881052215,0.38387215765510985,-2.4660199028685073,3 days 09:53:50.769230768,false
XMR-USD,false,34,82,118,24.786324786324787,0.5797031380000449,0.16115702479338842,0.0001,0.000038132807363576595,4.87603305785124,9.710743801652892,0.00048760330578512403,-0.8111849338230207,0,0,17424,726 days 01:00:00,1000.0,472.39438467355603,-52.7605615326444,34.915698157888286,100.0,160.5185233884465,58.32153263100142,635 days 19:00:00,117,1,21.445793259922425,20.239170473141613,-8.039372144347572,4.222259266476989,-2.191901119111812,8 days 08:16:33.103448275,1 days 18:34:46.363636363,-4.6927470819347565,-0.5839095714120626,-0.5385560052355192,0.9754901672750939,-0.09917575440142978,26.248855889841373,0.9857225816171401,0.3870094722598106,-0.007458196364188614,None,None,-0.00003082384814004863,-0.18642263355101413,-0.5276056153264459,-0.22917598623410596,0.3842370209238749,-2.5110842490979817,3 days 09:39:59.999999999,false
XMR-USD,false,39,61,118,24.786324786324787,0.6372508320742134,0.16115702479338842,0.0001,0.000038132807363576595,4.87603305785124,9.710743801652892,0.00048760330578512403,-0.619064659140851,0,0,17424,726 days 01:00:00,1000.0,535.7212058745903,-46.427879412540975,34.915698157888286,100.0,169.14916341648336,53.23420282414028,635 days 19:00:00,117,1,25.23475449606974,19.702048652753028,-8.03937214434757,4.517385113706924,-2.1440190991249826,7 days 15:35:10.344827586,2 days 00:53:51.818181818,-4.183876483944268,-0.44458028088561086,-0.5059049308442726,0.9813444609465367,-0.09031794454704425,26.10582194056356,0.9859385831939963,0.39266304347826086,-0.0074878350164303605,None,None,-0.000023535539804754143,-0.14234294473915307,-0.46427879412541007,-0.19477350945643934,0.38532919222178874,-2.3297136205781928,3 days 10:16:55.384615383,false
XMR-USD,false,33,78,114,24.778761061946902,0.6196726089279972,0.15564738292011018,0.0001,0.00003812117086453369,4.710743801652892,9.3801652892562,0.00047107438016528926,-0.6842803792981215,0,0,17424,726 days 01:00:00,1000.0,514.4205438749816,-48.55794561250184,34.915698157888286,100.0,161.5385069302474,54.51890808388284,635 days 19:00:00,113,1,25.164625325922998,20.273199323916476,-8.039372144347583,4.570137327340188,-2.2302501713932354,8 days 13:40:42.857142857,1 days 20:56:28.235294117,-4.519859127884433,-0.49186678843438153,-0.5210435864484892,0.9793363468362598,-0.0950167006378045,26.432024558996485,0.9853531583056605,0.3893318450007973,-0.007452411460490793,None,None,-0.000025948614829150627,-0.156937222486703,-0.4855794561250196,-0.20603348499379548,0.38399416455945873,-2.3907195953213796,3 days 12:46:11.681415928,false
XMR-USD,false,38,64,114,24.778761061946902,0.6487932096301231,0.15564738292011018,0.0001,0.00003812117086453369,4.710743801652892,9.3801652892562,0.00047107438016528926,-0.5432028285654192,0,0,17424,726 days 01:00:00,1000.0,564.0680128803457,-43.59319871196543,34.915698157888286,100.0,167.1179653273011,51.03833068094613,635 days 19:00:00,113,1,27.593299629031662,19.593689177557685,-8.039372144347585,4.526324179100013,-2.1153024155906643,7 days 15:36:25.714285714,2 days 04:38:49.411764705,-4.101993688041471,-0.38994292128306834,-0.4900762338484774,0.9835981578270773,-0.09144855737029937,26.266413223349648,0.9870050789116438,0.3921067348406168,-0.007452411460490828,None,None,-0.0000206127267200319,-0.12466577120275293,-0.4359319871196512,-0.18023332780082002,0.3847621553776878,-2.2485271958429016,3 days 13:05:50.442477875,false
XMR-USD,false,44,55,114,24.778761061946902,0.6395343387017268,0.15564738292011018,0.0001,0.00003812117086453369,4.710743801652892,9.3801652892562,0.00047107438016528926,-0.5946891509708891,0,0,17424,726 days 01:00:00,1000.0,544.6672168949018,-45.53327831050982,34.915698157888286,100.0,164.69128042780326,52.19107641512804,635 days 19:00:00,113,1,26.64424390446686,19.702048652753014,-8.039372144347585,4.585664659715281,-2.1730793626639775,7 days 18:30:00,2 days 03:45:52.941176470,-4.265283424863411,-0.42701113273253044,-0.5043114869018152,0.9820677692686746,-0.08993418114786471,26.14918600793779,0.9862689147473145,0.39221796100990736,-0.007489941431631974,None,None,-0.000022595733703016443,-0.13665899743584345,-0.4553327831050996,-0.19013161488612418,0.38516356194389667,-2.304091875940988,3 days 13:09:01.592920353,false
XMR-USD,false,45,54,114,24.778761061946902,0.6401515586728272,0.15564738292011018,0.0001,0.00003812117086453369,4.710743801652892,9.3801652892562,0.00047107438016528926,-0.5934479026119663,0,0,17424,726 days 01:00:00,1000.0,545.1121547289125,-45.48878452710875,34.915698157888286,100.0,164.36169967582615,52.04722902428356,635 days 19:00:00,113,1,26.6660095474208,19.702048652753,-8.039372144347572,4.603462579487781,-2.177885971326748,7 days 18:32:08.571428571,2 days 03:45:52.941176470,-4.2615385382168895,-0.42610162910826316,-0.505124049856664,0.9821080511795164,-0.0897665136047454,26.145810773860834,0.9869105355373619,0.3921067348406168,-0.007489941431631876,None,None,-0.00002254821676022382,-0.13637161496583367,-0.45488784527108983,-0.1899020498414078,0.385173988562858,-2.302817555628105,3 days 13:09:33.451327433,false
XMR-USD,false,13,15,449,24.776785714285715,0.41921914091215645,0.6170798898071626,0.0001,0.00003811813186813187,18.553719008264462,37.06611570247934,0.0018553719008264464,-3.6771476964473897,0,0,17424,726 days 01:00:00,1000.0,69.79266383299819,-93.02073361670018,34.915698157888286,100.0,330.6198717332828,93.31160199462455,725 days 02:00:00,448,1,1.4040448351114776,16.849706480950697,-11.465212964445206,1.9708408982249868,-1.4124488254737741,1 days 23:25:24.324324324,0 days 12:22:58.041543026,-2.0794896897368593,-2.7044187442542333,-0.7906061483400918,0.8908519492489426,-0.4404570454051939,37.07476749634439,1.0127943911056052,0.36281870796183324,-0.0076575730128035,None,None,-0.0001408636437105949,-0.8519433171616779,-0.9302073361670007,-0.6030819907789637,0.3791254379875166,-3.6641521872500373,0 days 21:03:53.035714284,false
XMR-USD,false,40,68,110,24.770642201834864,0.624872307679413,0.15013774104683195,0.0001,0.00003810868031051518,4.545454545454546,9.049586776859504,0.0004545454545454546,-0.7118861635324379,0,0,17424,726 days 01:00:00,1000.0,504.64370413667376,-49.535629586332625,34.915698157888286,100.0,157.8968469924449,55.712246138830565,635 days 19:00:00,109,1,22.909850116688744,20.27319932391648,-8.980670771710091,4.844700242690396,-2.3600165433915903,8 days 16:24:26.666666666,2 days 00:05:07.317073170,-4.75473528422032,-0.51196131032453,-0.5222197342105981,0.9784870389162588,-0.09876677749712867,26.359308691351547,0.98490992819735,0.3884462151394423,-0.0074524114604907115,None,None,-0.000027030196132556702,-0.16347862620970294,-0.4953562958633232,-0.211303793274644,0.38429965923392984,-2.4187208676834477,3 days 15:47:53.394495411,false
XMR-USD,false,41,67,110,24.770642201834864,0.601795635353617,0.15013774104683195,0.0001,0.00003810868031051518,4.545454545454546,9.049586776859504,0.0004545454545454546,-0.8113731803298591,0,0,17424,726 days 01:00:00,1000.0,472.415508251157,-52.758449174884305,34.915698157888286,100.0,155.0980221233164,58.32091311287623,635 days 19:00:00,109,1,21.44675222957335,20.27319932391645,-8.980670771710072,4.75145294346504,-2.4083810888749353,8 days 16:26:40,2 days 00:05:51.219512195,-5.036983889710246,-0.5841260216116515,-0.5385352880337188,0.9754929320296756,-0.10440890292477963,26.414661492991797,0.983501905199048,0.3881143949653469,-0.007460189988399788,None,None,-0.000030827335984039074,-0.18644372803146833,-0.5275844917488404,-0.22916402294384264,0.38413810225462836,-2.5110237503002617,3 days 15:48:59.449541283,false
XMR-USD,false,42,67,110,24.770642201834864,0.6107472574710736,0.15013774104683195,0.0001,0.00003810868031051518,4.545454545454546,9.049586776859504,0.0004545454545454546,-0.7665140640586297,0,0,17424,726 days 01:00:00,1000.0,487.2990137203428,-51.27009862796572,34.915698157888286,100.0,156.03492203972954,57.223656176609815,635 days 19:00:00,109,1,22.12243465009078,20.273199323916476,-9.192802668893405,4.768471370422348,-2.378530934988537,8 days 15:22:13.333333333,2 days 00:15:21.951219512,-4.906636889263733,-0.5515712868745517,-0.5300230406063062,0.9768158318761327,-0.09618012906093747,26.36723402341882,0.9844456369349797,0.3873407643312102,-0.007450925614535047,None,None,-0.000029075737506963325,-0.17585006044211418,-0.5127009862796512,-0.22082012611266433,0.3836957897162098,-2.46839677660527,3 days 15:40:11.009174311,false
XMR-USD,false,47,60,110,24.770642201834864,0.6214067696709321,0.15013774104683195,0.0001,0.00003810868031051518,4.545454545454546,9.049586776859504,0.0004545454545454546,-0.7340509152676317,0,0,17424,726 days 01:00:00,1000.0,497.8353509614983,-50.21646490385017,34.915698157888286,100.0,156.300685805818,55.89679031818362,635 days 19:00:00,109,1,22.60076402385505,20.273199323916458,-9.192802668893396,4.91170948680413,-2.3955297463269303,8 days 15:24:26.666666666,2 days 00:24:08.780487804,-4.814361587728047,-0.5280093998251608,-0.5291283576345723,0.977812182090948,-0.10081132402968973,26.499465313004826,0.9860442764370957,0.38789326961369974,-0.007452411460490804,None,None,-0.000027841298611911704,-0.16838417400484199,-0.5021646490385012,-0.2150134082396986,0.38380071425075135,-2.438220272061353,3 days 15:47:20.366972475,false
XMR-USD,false,47,61,110,24.770642201834864,0.6027373498966111,0.15013774104683195,0.0001,0.00003810868031051518,4.545454545454546,9.049586776859504,0.0004545454545454546,-0.7995104647001909,0,0,17424,726 days 01:00:00,1000.0,476.63978635457306,-52.336021364542695,34.915698157888286,100.0,155.92665744171228,58.075591843688755,635 days 19:00:00,109,1,21.63852630186858,20.27319932391645,-9.19280266889341,4.663952687366615,-2.372137886429675,8 days 14:55:33.333333333,2 days 00:27:48.292682926,-4.999988439883436,-0.5754676503843476,-0.5355125679269972,0.9758312718922635,-0.09688977726051375,26.34874848129134,0.9840534424939035,0.38745123019348676,-0.007452411460490812,None,None,-0.000030340679146380712,-0.18350042747731055,-0.5233602136454298,-0.22677859699385683,0.3837623166249476,-2.498925243536015,3 days 15:42:56.146788989,false
XMR-USD,false,48,59,110,24.770642201834864,0.6190415004470247,0.15013774104683195,0.0001,0.00003810868031051518,4.545454545454546,9.049586776859504,0.0004545454545454546,-0.7505145975417458,0,0,17424,726 days 01:00:00,1000.0,492.4524002720582,-50.75475997279418,34.915698157888286,100.0,156.52155086879085,56.46923595105841,635 days 19:00:00,109,1,22.356388452596093,20.273199323916465,-9.192802668893405,4.898918672885815,-2.404360269882127,8 days 17:40:00,1 days 23:43:10.243902439,-4.861504478720525,-0.5398749775481545,-0.5305618355000146,0.9773237517469558,-0.10021625247222998,26.501227988740602,0.9857489565033978,0.3881143949653469,-0.0074524114604908,None,None,-0.000028466008814801904,-0.17216242131192191,-0.5075475997279465,-0.21796989117786159,0.3837879411691465,-2.453637264913962,3 days 15:50:05.504587155,false
XMR-USD,false,49,58,110,24.770642201834864,0.6182499363171107,0.15013774104683195,0.0001,0.00003810868031051518,4.545454545454546,9.049586776859504,0.0004545454545454546,-0.750468401157989,0,0,17424,726 days 01:00:00,1000.0,492.45614870123296,-50.7543851298767,34.915698157888286,100.0,155.97968333960412,56.262087228393476,635 days 19:00:00,109,1,22.356558624045533,20.27319932391647,-9.192802668893409,4.898918672885812,-2.4042778918270677,8 days 17:40:00,1 days 23:43:54.146341463,-4.86147165066801,-0.5398440144182005,-0.5325105223855736,0.9773269597948065,-0.10023225078413778,26.49861426090709,0.98554990363876,0.38822498406628425,-0.0074524114604908424,None,None,-0.000028465020159318933,-0.17215644192356092,-0.5075438512987687,-0.21796782510115298,0.3837966234565652,-2.4536265292581603,3 days 15:50:38.532110090,false
XMR-USD,false,50,57,110,24.770642201834864,0.621625274829993,0.15013774104683195,0.0001,0.00003810868031051518,4.545454545454546,9.049586776859504,0.0004545454545454546,-0.7327514197244296,0,0,17424,726 days 01:00:00,1000.0,498.32465659422354,-50.167534340577646,34.915698157888286,100.0,156.306165066161,55.7650683380189,635 days 19:00:00,109,1,22.62297755513481,20.27319932391647,-9.192802668893417,4.906758178781141,-2.3926722474986226,8 days 17:40:00,1 days 23:40:14.634146341,-4.810076339090926,-0.5270491055661408,-0.529754363213363,0.9778548360400324,-0.10028705495279908,26.509574757661245,0.9850788816171788,0.38822498406628425,-0.007452411460490801,None,None,-0.000027787616512175485,-0.16805950466563732,-0.5016753434057787,-0.21474570327747045,0.38375863470355154,-2.436818880542522,3 days 15:47:53.394495411,false
XMR-USD,false,52,55,110,24.770642201834864,0.6075082952512202,0.15013774104683195,0.0001,0.00003810868031051518,4.545454545454546,9.049586776859504,0.0004545454545454546,-0.7822111952376744,0,0,17424,726 days 01:00:00,1000.0,482.0229300131027,-51.79770699868973,34.915698157888286,100.0,154.08564477231494,56.796297355750184,635 days 19:00:00,109,1,21.882910633551717,20.27319932391647,-9.192802668893412,4.787549118901801,-2.3972298711877045,8 days 17:44:26.666666666,1 days 23:38:46.829268292,-4.952843858903201,-0.5628772168151216,-0.5407061141857424,0.9763690847921754,-0.09561846446268152,26.309027197313096,0.9835821541647436,0.38822498406628425,-0.007458196364188637,None,None,-0.000029687511895663674,-0.1795500719449739,-0.517977069986894,-0.22375868509045405,0.3838999671327482,-2.483507698011973,3 days 15:47:53.394495411,false
XMR-USD,false,53,54,110,24.770642201834864,0.6075082952512202,0.15013774104683195,0.0001,0.00003810868031051518,4.545454545454546,9.049586776859504,0.0004545454545454546,-0.7822111952376744,0,0,17424,726 days 01:00:00,1000.0,482.0229300131027,-51.79770699868973,34.915698157888286,100.0,154.08564477231494,56.796297355750184,635 days 19:00:00,109,1,21.882910633551717,20.27319932391647,-9.192802668893412,4.787549118901801,-2.3972298711877045,8 days 17:44:26.666666666,1 days 23:38:46.829268292,-4.952843858903201,-0.5628772168151216,-0.5407061141857424,0.9763690847921754,-0.09561846446268152,26.309027197313096,0.9835821541647436,0.38822498406628425,-0.007458196364188637,None,None,-0.000029687511895663674,-0.1795500719449739,-0.517977069986894,-0.22375868509045405,0.3838999671327482,-2.483507698011973,3 days 15:47:53.394495411,false
XMR-USD,false,42,79,106,24.761904761904763,0.5549882357796592,0.1446280991735537,0.0001,0.00003809523809523809,4.380165289256198,8.71900826446281,0.0004380165289256199,-0.9826956572059764,0,0,17424,726 days 01:00:00,1000.0,421.6414247482526,-57.83585752517474,34.915698157888286,100.0,147.1208884178712,63.05898448914786,635 days 19:00:00,105,1,20.47331177275356,20.674404149974855,-9.192802668893417,4.534302964292048,-2.524685950496892,8 days 17:57:41.538461538,2 days 02:57:43.291139240,-5.7031608288047755,-0.7098051212944825,-0.5585050614430739,0.9701410977433875,-0.15070889787353015,26.91197120052894,0.9797982467877038,0.3826073157184797,-0.007468294324475418,None,None,-0.0000373936317976814,-0.2261566851123771,-0.5783585752517464,-0.25899269177806994,0.38345681722931085,-2.6564428201791017,3 days 18:19:59.999999999,false
XMR-USD,false,43,75,106,24.761904761904763,0.5793846729469423,0.1446280991735537,0.0001,0.00003809523809523809,4.380165289256198,8.71900826446281,0.0004380165289256199,-0.8825339228285756,0,0,17424,726 days 01:00:00,1000.0,450.88014215504177,-54.91198578449582,34.915698157888286,100.0,148.26002908261069,59.940868971602704,635 days 19:00:00,105,1,21.89303322840044,20.564604478564064,-9.192802668893425,4.704018347354415,-2.4936373258858016,8 days 17:25:23.076923077,2 days 03:15:11.392405063,-5.438218010222456,-0.6367500019513306,-0.5505097970746791,0.9731547936189929,-0.14453874476321665,26.944960928403678,0.9806065169972844,0.383705233065989,-0.0074581963641886006,None,None,-0.000033545798759479096,-0.2028849908973296,-0.5491198578449579,-0.24154655422769544,0.38346623257663914,-2.5727019272587537,3 days 18:25:08.571428570,false
XMR-USD,false,43,78,106,24.761904761904763,0.5599185653632817,0.1446280991735537,0.0001,0.00003809523809523809,4.380165289256198,8.71900826446281,0.0004380165289256199,-0.9404311109244828,0,0,17424,726 days 01:00:00,1000.0,433.95192184525376,-56.60480781547462,34.915698157888286,100.0,147.90181114972498,62.10833808242815,635 days 19:00:00,105,1,21.07106291946542,20.487090550277337,-9.192802668893398,4.520060926376197,-2.4849290251068954,8 days 17:55:23.076923077,2 days 02:51:38.734177215,-5.591610867373431,-0.6789951596768294,-0.551853663248579,0.9714101181323185,-0.14928783585359154,26.96069604043572,0.9796714362910885,0.38249761980323704,-0.007461921798605209,None,None,-0.00003575367646265041,-0.2162382352461097,-0.5660480781547483,-0.251553933248574,0.38327630572021076,-2.6211850486136203,3 days 18:14:51.428571427,false
XMR-USD,false,43,87,102,24.752475247524753,0.5347969919791634,0.13911845730027547,0.0001,0.000038080731150038084,4.214876033057851,8.388429752066116,0.0004214876033057851,-1.0693910131948139,0,0,17424,726 days 01:00:00,1000.0,396.70000263349516,-60.329999736650485,34.915698157888286,100.0,137.80893192257545,65.36933690185255,635 days 19:00:00,101,1,17.69289081874507,20.045004343922525,-8.593290028177918,4.553420751222191,-2.6485587083739817,8 days 23:31:12,2 days 05:48:56.842105263,-6.148444437477723,-0.774075530211245,-0.5686828029036334,0.9674741920920037,-0.17139257991404067,26.745497176589087,0.9742944538649939,0.3827170290430091,-0.007489941431631892,None,None,-0.00004084984452844931,-0.24705985970806144,-0.6032999973665063,-0.27451031369621925,0.3841183134978923,-2.727876082094624,3 days 21:50:29.702970296,false
XMR-USD,false,44,85,102,24.752475247524753,0.537655292564779,0.13911845730027547,0.0001,0.000038080731150038084,4.214876033057851,8.388429752066116,0.0004214876033057851,-1.0427443022736966,0,0,17424,726 days 01:00:00,1000.0,404.2317340533607,-59.576826594663935,34.915698157888286,100.0,139.35008660118797,64.74487884534854,635 days 19:00:00,101,1,18.02880738240316,20.04500434392256,-8.59329002817792,4.5172761517761995,-2.6128922193204405,8 days 23:19:12,2 days 05:48:09.473684210,-6.077198745832107,-0.7544373444936564,-0.5649492127296696,0.9682753839207694,-0.16849731814537874,26.809352548109334,0.9759122590949061,0.3821686364718014,-0.007482015876363827,None,None,-0.000039786940941232436,-0.24063141881257377,-0.5957682659466405,-0.26975881439566274,0.38386217156811275,-2.7063048925803623,3 days 21:46:55.841584157,false
XMR-USD,false,45,76,102,24.752475247524753,0.5728799682744428,0.13911845730027547,0.0001,0.000038080731150038084,4.214876033057851,8.388429752066116,0.0004214876033057851,-0.9026793216354805,0,0,17424,726 days 01:00:00,1000.0,445.01200930843027,-55.49879906915698,34.915698157888286,100.0,144.29476021357024,61.70031399759917,635 days 19:00:00,101,1,19.84761492678558,20.48709055027731,-9.192802668893407,4.747912898524098,-2.555996777270461,8 days 21:31:12,2 days 06:20:31.578947368,-5.691441639785694,-0.6515557591125861,-0.5419397141191804,0.9725324320135695,-0.14812186477682962,26.965540959438837,0.9777762817092038,0.3826073157184797,-0.007460189988399791,None,None,-0.000034309197232243815,-0.2075020248606106,-0.5549879906915731,-0.24498736947875654,0.38328066644137776,-2.5895085018260904,3 days 21:44:33.267326731,false
XMR-USD,false,48,70,102,24.752475247524753,0.5546548856654583,0.13911845730027547,0.0001,0.000038080731150038084,4.214876033057851,8.388429752066116,0.0004214876033057851,-0.9989121200041868,0,0,17424,726 days 01:00:00,1000.0,417.0833776512543,-58.29166223487457,34.915698157888286,100.0,141.3572180927897,63.854187849297176,635 days 19:00:00,101,1,18.601992977335044,20.564604478564068,-9.192802668893407,4.684256358949797,-2.6186880317844037,8 days 21:09:36,2 days 06:33:09.473684210,-5.955629854713667,-0.7217718385634634,-0.5570781517256909,0.9696082898358749,-0.1547810285803593,26.950997677544027,0.9778594189108589,0.3821686364718014,-0.00746693301479606,None,None,-0.00003801987004934753,-0.22994417405845388,-0.5829166223487467,-0.26178289697799995,0.38341459382460635,-2.669497255110882,3 days 21:48:42.772277226,false
XMR-USD,false,49,68,102,24.752475247524753,0.560319122187648,0.13911845730027547,0.0001,0.000038080731150038084,4.214876033057851,8.388429752066116,0.0004214876033057851,-0.9833644449773297,0,0,17424,726 days 01:00:00,1000.0,421.4444864860093,-57.85555135139907,34.915698157888286,100.0,141.18365497149895,63.267629470386765,635 days 19:00:00,101,1,18.79649920861749,20.564604478564068,-9.192802668893412,4.72318966831544,-2.6179545692162143,8 days 21:57:36,2 days 06:24:28.421052631,-5.914376363590181,-0.710536034247249,-0.5569036710505567,0.9700745512216414,-0.15539536585405703,26.9605878830337,0.9773124131582177,0.3829365079365079,-0.007468294324475332,None,None,-0.00003742493260725806,-0.22634599240869677,-0.5785555135139913,-0.2591128392257198,0.3833830107147838,-2.657006859487016,3 days 21:54:03.564356434,false
XMR-USD,false,54,64,102,24.752475247524753,0.5648963261168386,0.13911845730027547,0.0001,0.000038080731150038084,4.214876033057851,8.388429752066116,0.0004214876033057851,-0.9451461441843922,0,0,17424,726 days 01:00:00,1000.0,432.78337004175523,-56.721662995824474,34.915698157888286,100.0,142.99273911090228,62.95505781035383,635 days 19:00:00,101,1,19.302215436060123,20.674404149974876,-8.593290028177925,4.682004717720949,-2.572166112388943,8 days 21:48:00,2 days 06:05:31.578947368,-5.807117281131735,-0.6827563578093457,-0.5458457220027557,0.9711958237288141,-0.1555277898594769,27.06682812120052,0.9772481450233426,0.38173023550868285,-0.0074581963641886795,None,None,-0.000035925731413363556,-0.21727882358802278,-0.5672166299582484,-0.25225407832886215,0.3829991499532869,-2.6245318291884048,3 days 21:37:25.544554454,false
XMR-USD,false,48,74,98,24.742268041237114,0.5651778755252164,0.13360881542699724,0.0001,0.0000380650277557494,4.049586776859504,8.057851239669422,0.00040495867768595046,-0.9530558854580082,0,0,17424,726 days 01:00:00,1000.0,429.36700652303125,-57.06329934769687,34.915698157888286,100.0,138.07933716615537,62.860131062550884,635 days 19:00:00,97,1,19.149845014248513,20.2175636354145,-8.593290028177899,4.864181559871288,-2.683666440436138,9 days 01:25:00,2 days 10:18:54.246575342,-6.080235448363068,-0.6885666674776593,-0.5508219311167378,0.9709934990921574,-0.15472059991201417,26.81912753688959,0.9756220691396416,0.3829365079365079,-0.0074878350164303015,None,None,-0.00003632069774344672,-0.21966757995236574,-0.5706329934769672,-0.25430811970872547,0.3839424501394012,-2.6343164352509136,4 days 01:40:49.484536081,false
XMR-USD,false,49,73,98,24.742268041237114,0.5595909141439375,0.13360881542699724,0.0001,0.0000380650277557494,4.049586776859504,8.057851239669422,0.00040495867768595046,-0.9829530008302727,0,0,17424,726 days 01:00:00,1000.0,420.76534770612466,-57.92346522938754,34.915698157888286,100.0,136.3639715597601,63.29288186278096,635 days 19:00:00,97,1,18.766209497996158,20.217563635414486,-8.593290028177908,4.874264789562388,-2.7116514860244667,9 days 01:20:00,2 days 10:15:36.986301369,-6.164957338060523,-0.7104720376741798,-0.557510787593961,0.9700699244327478,-0.15859115190149806,26.828997980661956,0.9751003637836744,0.38249761980323704,-0.007487835016430322,None,None,-0.00003747959792728338,-0.22667660826420988,-0.5792346522938714,-0.25952744737102384,0.38397758927685227,-2.658951940971034,4 days 01:37:06.804123710,false
XMR-USD,false,49,74,98,24.742268041237114,0.5593807431223143,0.13360881542699724,0.0001,0.0000380650277557494,4.049586776859504,8.057851239669422,0.00040495867768595046,-0.9628387728652708,0,0,17424,726 days 01:00:00,1000.0,426.9380341304493,-57.306196586955075,34.915698157888286,100.0,137.14402635152814,62.70587184889808,635 days 19:00:00,97,1,19.041512412639236,20.38973218315103,-8.59329002817791,4.791251496751546,-2.668880424689146,9 days 01:37:30,2 days 10:01:38.630136986,-6.10415956991949,-0.69561074453498,-0.5551461990354896,0.9706761212391244,-0.15428428435356276,26.89903770827312,0.9761191649096232,0.3818398096748612,-0.007468294324475295,None,None,-0.00003666463205997423,-0.22174769469872416,-0.5730619658695532,-0.25577500494493965,0.3836533492001741,-2.6412731123925197,4 days 01:30:55.670103092,false
XMR-USD,false,53,72,98,24.742268041237114,0.5646022646278791,0.13360881542699724,0.0001,0.0000380650277557494,4.049586776859504,8.057851239669422,0.00040495867768595046,-0.9785702704490525,0,0,17424,726 days 01:00:00,1000.0,423.24110433547037,-57.675889566452966,34.915698157888286,100.0,137.58972890719778,63.02109841009113,635 days 19:00:00,97,1,18.876628684903096,20.543804935263747,-8.593290028177906,4.874290433902194,-2.703998854808138,9 days 03:57:30,2 days 09:14:47.671232876,-6.140572415973533,-0.7077247872065696,-0.5568820821831543,0.9701831467576332,-0.1703433493447501,27.05170251610369,0.9774443927624721,0.38129211256440754,-0.0074581963641887185,None,None,-0.00003721836965568928,-0.22509669967760876,-0.576758895664528,-0.2580181193723009,0.3827814496447371,-2.6518612718452146,4 days 01:30:18.556701030,false
XMR-USD,false,55,71,98,24.742268041237114,0.5761101293660063,0.13360881542699724,0.0001,0.0000380650277557494,4.049586776859504,8.057851239669422,0.00040495867768595046,-0.9448914606177906,0,0,17424,726 days 01:00:00,1000.0,432.86912699572395,-56.7130873004276,34.915698157888286,100.0,138.35949252668703,62.501402389946826,635 days 19:00:00,97,1,20.773595112927808,20.198752313806708,-8.735543285074739,4.983768086375377,-2.7129765326329482,9 days 06:22:30,2 days 08:30:24.657534246,-6.060870805332009,-0.68350597130245,-0.5497030395588266,0.97119521798253,-0.17676242079010934,27.11709822618033,0.9766400416713857,0.3819494012213498,-0.007458196364188556,None,None,-0.00003593433158454008,-0.2173308374232984,-0.5671308730042781,-0.25220265457935065,0.38267069244211976,-2.624286217734265,4 days 01:32:47.010309277,false
XMR-USD,false,56,70,98,24.742268041237114,0.5759305982392354,0.13360881542699724,0.0001,0.0000380650277557494,4.049586776859504,8.057851239669422,0.00040495867768595046,-0.9341139714953178,0,0,17424,726 days 01:00:00,1000.0,436.0612829954607,-56.39387170045392,34.915698157888286,100.0,137.70034614461863,62.22487221979252,635 days 19:00:00,97,1,20.92678819633403,20.198752313806708,-8.735543285074737,4.978538875969448,-2.7017019328373313,9 days 06:27:30,2 days 08:27:56.712328767,-6.029541290730656,-0.6756466013689116,-0.5482421435274099,0.9715164253628503,-0.17673395528100258,27.133272808438264,0.9771659497470999,0.3818398096748612,-0.007451445542635742,None,None,-0.000035516122512805866,-0.21480150895744987,-0.5639387170045449,-0.2502932064901341,0.38261667493484147,-2.6151437512560007,4 days 01:32:09.896907215,false
XMR-USD,false,56,77,98,24.742268041237114,0.5424042751795027,0.13360881542699724,0.0001,0.0000380650277557494,4.049586776859504,8.057851239669422,0.00040495867768595046,-1.1703880682461287,0,0,17424,726 days 01:00:00,1000.0,370.9194410297155,-62.90805589702845,34.915698157888286,100.0,135.24105271767,68.68318588772661,635 days 19:00:00,97,1,18.301915516868235,19.639234895509382,-8.735543285074748,4.814497011886654,-2.871503639973488,10 days 01:27:30,2 days 02:00:49.315068493,-6.674046128733538,-0.8490433089351808,-0.571628629655098,0.9643159300626364,-0.18818262054465068,26.8902260366907,0.9717476504151299,0.38030735107731306,-0.007468294324475361,None,None,-0.000044740753638884265,-0.270592078007972,-0.6290805589702865,-0.2912349003644502,0.3835583095296185,-2.8017126741260943,4 days 01:22:53.195876287,false
XMR-USD,false,60,65,98,24.742268041237114,0.5660918917321321,0.13360881542699724,0.0001,0.0000380650277557494,4.049586776859504,8.057851239669422,0.00040495867768595046,-0.9779480665547946,0,0,17424,726 days 01:00:00,1000.0,423.1180641159699,-57.68819358840302,34.915698157888286,100.0,136.8082101461696,63.36006800989813,635 days 19:00:00,97,1,20.305636971420768,20.198752313806697,-8.73554328507474,4.912882786564918,-2.7196995992363666,9 days 01:55:00,2 days 09:53:25.479452054,-6.156572916035579,-0.7077897385063351,-0.5540525433656275,0.9701727298239323,-0.181273960873168,27.08463202759975,0.9760195729587816,0.3815111393007215,-0.007460189988399674,None,None,-0.00003722955157085613,-0.2251643279005379,-0.5768819358840249,-0.2580929936722298,0.382861315773261,-2.65221366410999,4 days 01:29:04.329896906,false
XMR-USD,false,60,72,98,24.742268041237114,0.5529779577571661,0.13360881542699724,0.0001,0.0000380650277557494,4.049586776859504,8.057851239669422,0.00040495867768595046,-1.0920134055168094,0,0,17424,726 days 01:00:00,1000.0,391.1365817505548,-60.88634182494452,34.915698157888286,100.0,136.97173284679153,66.97624802521246,635 days 19:00:00,97,1,19.29947013530034,19.68565517201737,-8.735543285074742,4.831694368783766,-2.8045576014482165,10 days 01:20:00,2 days 02:02:27.945205479,-6.475906065822125,-0.7916815640586904,-0.5616754741159633,0.9666834826493729,-0.18674381741978324,26.923757764813587,0.9727202237983085,0.38063544885508277,-0.007461921798605298,None,None,-0.00004170367240877232,-0.252223810728255,-0.608863418249443,-0.27805803244736627,0.3834261361895953,-2.7438099490268635,4 days 01:22:16.082474226,false
XMR-USD,false,61,64,98,24.742268041237114,0.5660918917321321,0.13360881542699724,0.0001,0.0000380650277557494,4.049586776859504,8.057851239669422,0.00040495867768595046,-0.9779480665547946,0,0,17424,726 days 01:00:00,1000.0,423.1180641159699,-57.68819358840302,34.915698157888286,100.0,136.8082101461696,63.36006800989813,635 days 19:00:00,97,1,20.305636971420768,20.198752313806697,-8.73554328507474,4.912882786564918,-2.7196995992363666,9 days 01:55:00,2 days 09:53:25.479452054,-6.156572916035579,-0.7077897385063351,-0.5540525433656275,0.9701727298239323,-0.181273960873168,27.08463202759975,0.9760195729587816,0.3815111393007215,-0.007460189988399674,None,None,-0.00003722955157085613,-0.2251643279005379,-0.5768819358840249,-0.2580929936722298,0.382861315773261,-2.65221366410999,4 days 01:29:04.329896906,false
XMR-USD,false,61,71,98,24.742268041237114,0.5526891371698134,0.13360881542699724,0.0001,0.0000380650277557494,4.049586776859504,8.057851239669422,0.00040495867768595046,-1.1002719858954715,0,0,17424,726 days 01:00:00,1000.0,388.9395036816444,-61.10604963183556,34.915698157888286,100.0,136.89820449351868,67.11398175515237,635 days 19:00:00,97,1,19.191061859127103,19.68565517201735,-8.735543285074748,4.840896332815478,-2.815007489691185,10 days 01:17:30,2 days 02:04:06.575342465,-6.497438744097753,-0.797717771201041,-0.5631512116757013,0.966437412929495,-0.18672447614090584,26.91453514404933,0.9726737909063521,0.38063544885508277,-0.007466933014796101,None,None,-0.000042024987042230924,-0.25416712163141264,-0.6110604963183565,-0.27946815373392986,0.3834566425328267,-2.7501024712584834,4 days 01:22:53.195876287,false
XMR-USD,false,62,63,98,24.742268041237114,0.5673852039453517,0.13360881542699724,0.0001,0.0000380650277557494,4.049586776859504,8.057851239669422,0.00040495867768595046,-0.9720219461085984,0,0,17424,726 days 01:00:00,1000.0,424.80024882297585,-57.519975117702415,34.915698157888286,100.0,137.20802436505892,63.214399132847845,635 days 19:00:00,97,1,20.38636581491903,20.198752313806697,-8.735543285074755,4.911218990746061,-2.713804080643088,9 days 01:57:30,2 days 09:52:36.164383561,-6.140063061772619,-0.7034862820367984,-0.5532794821105249,0.9703493343731662,-0.18138583839503167,27.087259133136005,0.9761972418330207,0.3815111393007215,-0.007460189988399819,None,None,-0.00003700238309125577,-0.2237904129359149,-0.5751997511770266,-0.257070553786546,0.38285295752985765,-2.6473958177092123,4 days 01:29:04.329896906,false
XMR-USD,false,62,70,98,24.742268041237114,0.5571028523532299,0.13360881542699724,0.0001,0.0000380650277557494,4.049586776859504,8.057851239669422,0.00040495867768595046,-1.0672012286726014,0,0,17424,726 days 01:00:00,1000.0,398.11956140961934,-60.18804385903807,34.915698157888286,100.0,137.67226991944835,66.33777994722794,635 days 19:00:00,97,1,19.644024476861432,19.685655172017377,-7.447402913544815,4.840896332815479,-2.785622006173613,10 days 01:17:30,2 days 02:02:27.945205479,-6.40746869141487,-0.7732238870772058,-0.5586785866938938,0.9674557278397455,-0.18028154534002902,26.96377922938933,0.9736999767598037,0.38052606559974644,-0.00746693301479612,None,None,-0.000040704513194380494,-0.24618089579961322,-0.6018804385903833,-0.27361028827746126,0.3831733071220872,-2.723810407194741,4 days 01:21:38.969072164,false
XMR-USD,false,11,23,373,24.731182795698924,0.44089807973553646,0.512396694214876,0.0001,0.0000380479735318445,15.413223140495868,30.785123966942148,0.0015413223140495868,-2.986567170449806,0,0,17424,726 days 01:00:00,1000.0,111.03277025016791,-88.8967229749832,34.915698157888286,100.0,297.79468098559073,89.38991956160658,725 days 03:00:00,372,1,4.632137685459313,19.69681006510063,-11.595387641454293,2.20145416624276,-1.4821848091933134,2 days 10:22:10.434782608,0 days 14:33:12.857142857,-2.4021488371916417,-2.185503179955674,-0.7481544801936206,0.9112152263791787,-0.41203564499662526,36.60975413255322,1.0063271898469006,0.36978224982312713,-0.007638748123339068,None,None,-0.00011415611657035337,-0.6904161930174971,-0.8889672297498309,-0.5336757313682794,0.3801943756195609,-3.5460388210767975,1 days 01:23:23.225806450,false
XMR-USD,false,61,70,94,24.731182795698924,0.5666634384379992,0.128099173553719,0.0001,0.0000380479735318445,3.884297520661157,7.7272727272727275,0.00038842975206611574,-1.0182509069894352,0,0,17424,726 days 01:00:00,1000.0,411.3844061046402,-58.86155938953598,34.915698157888286,100.0,135.41210339594335,65.25310324614706,635 days 19:00:00,93,1,20.29853874626366,19.68565517201735,-8.73554328507474,5.019830236648909,-2.847639525579129,10 days 04:00:00,2 days 06:38:34.285714285,-6.547463791845413,-0.7378528897857634,-0.5519408913129303,0.9688894122776983,-0.18613948256687263,27.020026223043825,0.9725197223153742,0.38063544885508277,-0.007458196364188493,None,None,-0.000038830769868994305,-0.23484849616767756,-0.588615593895357,-0.26529966957841966,0.38305767016920605,-2.685819344736137,4 days 05:28:23.225806450,false
XMR-USD,false,12,22,369,24.728260869565215,0.4376483581916209,0.5068870523415978,0.0001,0.00003804347826086956,15.24793388429752,30.454545454545457,0.001524793388429752,-3.0669559829350597,0,0,17424,726 days 01:00:00,1000.0,105.27799794752957,-89.47220020524705,34.915698157888286,100.0,293.7696075455673,89.9398346623294,725 days 03:00:00,368,1,4.392056332951967,19.696810065100603,-11.595387641454273,2.191352879360897,-1.5063900881357755,2 days 10:27:41.538461538,0 days 14:55:27.075812274,-2.443244723873433,-2.2458202956393154,-0.7533028046141864,0.9088823972675961,-0.4139920461067271,36.698184079784795,1.0047169357549923,0.36978224982312713,-0.007641655269443696,None,None,-0.00011722630638186967,-0.7089847009975477,-0.8947220020524728,-0.5422107499042848,0.3799338804568424,-3.5625207263694123,1 days 01:41:24.782608694,false
XMR-USD,false,32,35,175,24.71264367816092,0.528634117040544,0.2396694214876033,0.0001,0.00003801945181255526,7.231404958677686,14.421487603305785,0.0007231404958677687,-1.3048655763902388,0,0,17424,726 days 01:00:00,1000.0,344.15528395776084,-65.58447160422392,34.915698157888286,100.0,196.34848790548844,70.25489710212666,722 days 11:00:00,174,1,15.616333447662498,22.18521442516038,-7.12556313908759,3.6382888159449225,-1.9615469916334394,5 days 07:02:47.441860465,1 days 08:03:39.847328244,-3.8589715487925353,-0.9366453078434648,-0.5907855990949498,0.9613611301831335,0.12420301452978322,23.16529461891459,0.9911890321606459,0.391106498483155,-0.007587215347123449,None,None,-0.00004915220200892042,-0.2972725177499507,-0.65584471604224,-0.309421188608228,0.38196692760492906,-2.878366324157457,2 days 07:32:04.137931033,false
XMR-USD,false,19,60,171,24.705882352941178,0.5144770607064272,0.23415977961432508,0.0001,0.000038009049773755655,7.066115702479339,14.090909090909092,0.0007066115702479339,-1.3026271717506592,0,0,17424,726 days 01:00:00,1000.0,346.4383250374667,-65.35616749625332,34.915698157888286,100.0,191.91308646350217,69.20600081853573,722 days 11:00:00,170,1,15.719928343447236,21.32200827661489,-7.125563139087605,3.4924634349233665,-1.9343920852915641,5 days 12:55:42.857142857,1 days 07:45:00,-3.9369506076822365,-0.9347523111634873,-0.5969254854843803,0.9614296971254382,0.13231505418997422,23.402515896154377,0.9885288184904913,0.3907734056987789,-0.007520747578736239,None,None,-0.000048865185970951096,-0.2955366447523122,-0.6535616749625339,-0.3078345668057145,0.38050551228246987,-2.8718276003164442,2 days 08:44:49.411764705,false
XMR-USD,false,28,40,171,24.705882352941178,0.5343019806274043,0.23415977961432508,0.0001,0.000038009049773755655,7.066115702479339,14.090909090909092,0.0007066115702479339,-1.2490548217422346,0,0,17424,726 days 01:00:00,1000.0,357.8657269913044,-64.21342730086955,34.915698157888286,100.0,193.16010389855336,69.85561297496177,722 days 11:00:00,170,1,16.23845625125506,22.185214425160375,-7.125563139087611,3.7017065733120913,-1.9692483003128554,5 days 09:21:25.714285714,1 days 09:01:52.500000,-3.8727807603526516,-0.895639702947642,-0.577555005411358,0.9630276973350916,0.1375922000362383,23.20354620240783,0.9917278491642237,0.391106498483155,-0.00758622703846436,None,None,-0.00004694129331992452,-0.2839009419989035,-0.6421342730086945,-0.2999939075273169,0.38148692544625745,-2.839099049673799,2 days 08:49:45.882352940,false
XMR-USD,false,32,37,171,24.705882352941178,0.5407188237742779,0.23415977961432508,0.0001,0.000038009049773755655,7.066115702479339,14.090909090909092,0.0007066115702479339,-1.2112417516520744,0,0,17424,726 days 01:00:00,1000.0,366.5752932920028,-63.34247067079972,34.915698157888286,100.0,196.03562871115724,69.6845141394635,722 days 11:00:00,170,1,16.633660096368487,22.185214425160364,-8.175598214953213,3.709562119883504,-1.954140177490416,5 days 12:07:08.571428571,1 days 08:07:01.875000,-3.82387274590803,-0.868245410381535,-0.5685616608817442,0.9641602155601442,0.13837161356265745,23.136991275898257,0.9922979524632244,0.3912175648702595,-0.007573869459241598,None,None,-0.00004554210800410342,-0.2754386692088175,-0.633424706708,-0.2941271407334566,0.3817935410220601,-2.814154492468287,2 days 08:49:24.705882352,false
XMR-USD,false,33,36,171,24.705882352941178,0.5396823432772863,0.23415977961432508,0.0001,0.000038009049773755655,7.066115702479339,14.090909090909092,0.0007066115702479339,-1.2212922755033975,0,0,17424,726 days 01:00:00,1000.0,364.1384546567796,-63.58615453432205,34.915698157888286,100.0,195.95212832073668,69.6845141394635,722 days 11:00:00,170,1,16.52308650805054,22.185214425160364,-8.175598214953213,3.709562119883504,-1.9591977822373048,5 days 12:07:08.571428571,1 days 08:07:01.875000,-3.8375566579486513,-0.875486135331568,-0.5714621534281765,0.9638706543243862,0.1387997837207658,23.130450502862548,0.9919999407669132,0.3912175648702595,-0.007581889598690208,None,None,-0.000045923849528380274,-0.2777474419476439,-0.6358615453432236,-0.2957593430142714,0.3818096993625387,-2.821133698853346,2 days 08:49:24.705882352,false
XMR-USD,false,28,44,167,24.69879518072289,0.5347469617077301,0.22865013774104684,0.0001,0.00003799814643188137,6.900826446280992,13.760330578512397,0.0006900826446280992,-1.218467051124178,0,0,17424,726 days 01:00:00,1000.0,364.3096768194141,-63.569032318058596,34.915698157888286,100.0,192.51102887894982,68.4184796621729,722 days 11:00:00,166,1,16.53085585668464,21.322008276614895,-7.125563139087587,3.6465957990368376,-1.9586257828326306,5 days 15:23:24.878048780,1 days 08:47:31.200000,-3.929043247212473,-0.8737789209185427,-0.5818287551811445,0.9638702111170578,0.12870401732729259,23.191315325667926,0.9904420874700901,0.39088441890166026,-0.007566873914135312,None,None,-0.000045875033852491736,-0.27745220473987003,-0.6356903231805846,-0.2956444253290412,0.382149044911096,-2.8206433115156497,2 days 10:07:57.108433734,false
XMR-USD,false,29,44,167,24.69879518072289,0.5385432527805305,0.22865013774104684,0.0001,0.00003799814643188137,6.900826446280992,13.760330578512397,0.0006900826446280992,-1.2025290528157628,0,0,17424,726 days 01:00:00,1000.0,368.24916168877905,-63.175083831122095,34.915698157888286,100.0,192.2547979394692,68.93193237330945,722 days 11:00:00,166,1,16.709613272885065,22.18521442516038,-8.222010603968483,3.7276691146962104,-1.9735495889090453,5 days 15:51:13.170731707,1 days 08:39:21.600000,-3.906388262554854,-0.8621877081813699,-0.5727605835050944,0.9643508077299614,0.13072432599408076,23.187419905800184,0.989733638621038,0.3913286489939316,-0.007549268901077557,None,None,-0.000045260889607620246,-0.27373786034688724,-0.6317508383112247,-0.2930100785501364,0.3821019051854102,-2.809360464323104,2 days 10:08:40.481927710,false
XMR-USD,false,12,19,410,24.69437652811736,0.42525378578165335,0.5633608815426997,0.0001,0.00003799134850479594,16.94214876033058,33.84297520661157,0.001694214876033058,-3.3146262712374917,0,0,17424,726 days 01:00:00,1000.0,88.40770177440584,-91.15922982255941,34.915698157888286,100.0,308.18015642090666,91.55192809216155,725 days 03:00:00,409,1,3.6882502899944285,19.696810065100603,-11.520637103641029,2.067982195124983,-1.4441774805572403,2 days 04:24:57.029702970,0 days 13:23:57.662337662,-2.2378497518718543,-2.4343859217436408,-0.769645563579114,0.9013823859266611,-0.44789198153254456,36.605053620095845,1.0097410813043681,0.3666666666666667,-0.0076402341074820095,None,None,-0.00012721810702236272,-0.7694151112712497,-0.9115922982255945,-0.5691363422493538,0.38037979988403864,-3.6108379506071646,0 days 23:02:03.227383861,false
XMR-USD,false,23,56,159,24.68354430379747,0.5587393121442037,0.21763085399449036,0.0001,0.0000379746835443038,6.570247933884298,13.099173553719009,0.0006570247933884298,-1.1164592535120814,0,0,17424,726 days 01:00:00,1000.0,391.2489174658988,-60.875108253410126,34.915698157888286,100.0,190.26790024483213,64.19408088193016,722 days 11:00:00,158,1,17.753246400640307,21.32200827661488,-7.172505688054695,3.825249730601326,-1.9986492356093664,5 days 21:53:50.769230769,1 days 10:26:13.109243697,-3.9652172717388723,-0.7995087765493839,-0.5858781545802565,0.9668675169163821,0.1380120101585828,23.38348776408086,0.9923894955704042,0.389775083745414,-0.0074773548983021075,None,None,-0.000041852384973711795,-0.2531232243210089,-0.6087510825341026,-0.27798607264051156,0.3810262708319105,-2.743488214903616,2 days 12:57:43.291139239,false
XMR-USD,false,24,55,159,24.68354430379747,0.5510873533323271,0.21763085399449036,0.0001,0.0000379746835443038,6.570247933884298,13.099173553719009,0.0006570247933884298,-1.134367292976879,0,0,17424,726 days 01:00:00,1000.0,386.7242265586042,-61.327577344139584,34.915698157888286,100.0,189.7823223709476,64.60816692646212,722 days 11:00:00,158,1,17.547934771705343,21.32200827661489,-7.1725056880546925,3.75044586378836,-1.9845995091176052,6 days 00:29:13.846153846,1 days 09:34:17.142857142,-3.9925551152727925,-0.8121876841411939,-0.5877536829455833,0.9663618043824611,0.14159566648233446,23.3659382454076,0.9918756547232986,0.38966424754765133,-0.007489941431631895,None,None,-0.00004251861534319966,-0.25715258559567156,-0.613275773441394,-0.28089523102800873,0.38104885202480193,-2.7564471163319477,2 days 12:56:57.721518986,false
XMR-USD,false,27,49,159,24.68354430379747,0.5535005245104606,0.21763085399449036,0.0001,0.0000379746835443038,6.570247933884298,13.099173553719009,0.0006570247933884298,-1.092774448217387,0,0,17424,726 days 01:00:00,1000.0,396.24269210315083,-60.37573078968491,34.915698157888286,100.0,187.39254457942496,64.8106106990233,722 days 11:00:00,158,1,17.97984309560013,21.32200827661488,-7.172505688054706,3.8457257424637055,-1.9917424067413865,5 days 20:58:27.692307692,1 days 10:48:24.201680672,-3.935045259445883,-0.782711782543751,-0.5741473109430563,0.967540861445522,0.12890237763438045,23.290237142387518,0.9934606677541834,0.39010769844435583,-0.007505915383561981,None,None,-0.000041068360475809305,-0.24838144415769467,-0.603757307896851,-0.27480070442730675,0.3819121175671706,-2.729185838320251,2 days 13:00:45.569620252,false
XMR-USD,false,30,45,159,24.68354430379747,0.5480832242762702,0.21763085399449036,0.0001,0.0000379746835443038,6.570247933884298,13.099173553719009,0.0006570247933884298,-1.133553163638895,0,0,17424,726 days 01:00:00,1000.0,385.67641808581857,-61.432358191418146,34.915698157888286,100.0,186.16869777437384,65.86948042766102,722 days 11:00:00,158,1,17.11662843500642,22.185214425160364,-8.222010603968483,3.8746265671020206,-2.020658706523504,5 days 18:55:23.076923076,1 days 11:28:44.369747899,-3.996457027526505,-0.8121265626311364,-0.5777824783167319,0.966358498846892,0.1305559621786688,23.26177345745062,0.9920490110861749,0.39010769844435583,-0.00752074757873614,None,None,-0.00004261665598929373,-0.25774553542324846,-0.6143235819141863,-0.28157208695379343,0.3819562296960985,-2.759448083026205,2 days 13:00:45.569620252,false
XMR-USD,false,32,42,159,24.68354430379747,0.5707623684452012,0.21763085399449036,0.0001,0.0000379746835443038,6.570247933884298,13.099173553719009,0.0006570247933884298,-1.0289534326751266,0,0,17424,726 days 01:00:00,1000.0,413.2542808362871,-58.674571916371285,34.915698157888286,100.0,192.5687426611997,63.79283600217553,722 days 11:00:00,158,1,18.34055607899927,22.18521442516039,-8.222010603968487,3.9156942057454347,-1.9755677770618474,5 days 20:01:32.307692307,1 days 11:04:02.016806722,-3.8296599698905807,-0.7364629355835947,-0.5622859243357891,0.9694340646963662,0.13482825696536915,23.25160444322772,0.9936154091848033,0.3902186053933302,-0.007520747578736257,None,None,-0.00003865072348040831,-0.23375957560950947,-0.5867457191637158,-0.26414230383446635,0.3820011560682395,-2.680463946361482,2 days 12:58:28.860759492,false
XMR-USD,false,35,39,159,24.68354430379747,0.571230090739198,0.21763085399449036,0.0001,0.0000379746835443038,6.570247933884298,13.099173553719009,0.0006570247933884298,-1.0249099563629813,0,0,17424,726 days 01:00:00,1000.0,414.49437283835914,-58.55056271616409,34.915698157888286,100.0,192.4119439522925,63.923776210432074,722 days 11:00:00,158,1,18.395592355601366,22.18521442516038,-8.222010603968492,3.9318514147211894,-1.9782065750269222,5 days 20:24:36.923076923,1 days 10:52:56.470588235,-3.8221596171977312,-0.7335295590431283,-0.559621826864668,0.9695473677282505,0.13531637306631994,23.277572820401307,0.9939497262775802,0.389775083745414,-0.007517332111407793,None,None,-0.000038485721773836115,-0.23276164528816082,-0.5855056271616446,-0.2633766289098478,0.38189147255649264,-2.676912271706534,2 days 12:55:49.367088606,false
XMR-USD,false,36,37,159,24.68354430379747,0.566819512374629,0.21763085399449036,0.0001,0.0000379746835443038,6.570247933884298,13.099173553719009,0.0006570247933884298,-1.0534782536595417,0,0,17424,726 days 01:00:00,1000.0,406.20774246159885,-59.37922575384012,34.915698157888286,100.0,191.53289249436781,64.89765265934092,722 days 11:00:00,158,1,18.027825060309567,22.185214425160364,-8.222010603968487,3.9247533961031125,-1.9930213172321898,5 days 19:06:09.230769230,1 days 11:27:43.865546218,-3.872279003789316,-0.7544399097126528,-0.5612205766860082,0.9687038904968887,0.13086966234326916,23.19569670762937,0.9918388884940584,0.391106498483155,-0.007524405358265843,None,None,-0.00003962110026648603,-0.2396284144117075,-0.5937922575384009,-0.2685218079635008,0.382260850298803,-2.7006455229773185,2 days 13:02:39.493670884,false
XMR-USD,false,24,61,155,24.675324675324674,0.5852557121898244,0.21212121212121213,0.0001,0.00003796203796203796,6.404958677685951,12.768595041322314,0.0006404958677685951,-0.9980485723382116,0,0,17424,726 days 01:00:00,1000.0,422.9818717017006,-57.70181282982995,34.915698157888286,100.0,193.61573446679068,61.173007825174174,722 days 11:00:00,154,1,18.77227435526163,22.16640331110655,-7.172505688054691,3.967417062895731,-1.996887069218549,6 days 05:31:34.736842105,1 days 10:15:31.034482758,-3.868768848399747,-0.7136829329403324,-0.5740327315510129,0.9704293899314538,0.15447088470165402,23.20943133192187,0.9881955911303633,0.39299704212966663,-0.007517332111407835,None,None,-0.00003737071610858043,-0.22601809102469445,-0.5770181282982982,-0.25817588812345393,0.38113958187797187,-2.652603724803187,2 days 14:42:04.675324673,false
XMR-USD,false,28,54,151,24.666666666666668,0.6225003598823711,0.2066115702479339,0.0001,0.00003794871794871795,6.239669421487603,12.43801652892562,0.0006239669421487604,-0.8938499780635578,0,0,17424,726 days 01:00:00,1000.0,452.4081886184772,-54.75918113815228,34.915698157888286,100.0,196.9135320812285,58.598984385626665,635 days 19:00:00,150,1,20.078237876119488,22.16640331110656,-8.22201060396848,4.260342888546987,-2.0453801731449444,6 days 08:48:38.918918918,1 days 11:21:46.194690265,-3.784466995050943,-0.6390462101069518,-0.5611697396073723,0.9734540559504282,0.1498903964723209,23.13932530046399,0.9900942962230859,0.39277435856446324,-0.0074878350164303276,None,None,-0.000033490766357104715,-0.20255215492776932,-0.5475918113815239,-0.2406553781583286,0.38146154743531185,-2.568325539146662,2 days 16:19:59.999999998,false
XMR-USD,false,23,69,147,24.65753424657534,0.6208733147745189,0.20110192837465565,0.0001,0.00003793466807165437,6.074380165289257,12.107438016528926,0.0006074380165289257,-0.7403189705242259,0,0,17424,726 days 01:00:00,1000.0,501.13727126345185,-49.88627287365481,34.915698157888286,100.0,193.5023271481467,57.90507719786036,635 days 19:00:00,146,1,22.24087360519104,22.766516632900533,-7.0076759143037295,4.027963109559459,-1.9033441886813816,6 days 12:50:00,1 days 12:21:49.090909090,-3.5692027557653327,-0.5293892901019819,-0.5067283796538543,0.9779987499597763,0.12236680899908164,23.052516584039058,0.9911209124922705,0.39333120102350866,-0.0074619217986052234,None,None,-0.00002767720648582646,-0.16739174482627842,-0.4988627287365457,-0.21321020721078,0.38054414747208715,-2.428763436093124,2 days 18:04:06.575342464,false
XMR-USD,false,26,60,147,24.65753424657534,0.6079377592023988,0.20110192837465565,0.0001,0.00003793466807165437,6.074380165289257,12.107438016528926,0.0006074380165289257,-0.8619223288332406,0,0,17424,726 days 01:00:00,1000.0,462.6615743774821,-53.73384256225179,34.915698157888286,100.0,189.2093564285765,58.67879216937796,635 days 19:00:00,146,1,20.533291351021376,22.16640331110654,-7.0076759143037295,4.15043741282501,-2.0123516793483573,6 days 12:00:00,1 days 12:36:32.727272727,-3.821039157353006,-0.6170364650181324,-0.5474470584200685,0.9743893106969609,0.11908358980913027,23.090135981846142,0.9884649243408032,0.39288569144684243,-0.007466933014796152,None,None,-0.000032260534366405515,-0.19511171184802056,-0.5373384256225201,-0.2347257238791991,0.38055608520733203,-2.5389594193210203,2 days 18:02:52.602739725,false
XMR-USD,false,24,71,139,24.637681159420293,0.6316860548083372,0.19008264462809918,0.0001,0.000037904124860646604,5.743801652892562,11.446280991735538,0.0005743801652892562,-0.6809122174445376,0,0,17424,726 days 01:00:00,1000.0,519.5361341774636,-48.04638658225364,34.915698157888286,100.0,185.25940933247531,56.53777984377201,635 days 19:00:00,138,1,23.057429882312704,22.766516632900526,-7.007675914303742,4.277330704562189,-1.980535237227862,6 days 17:33:31.764705882,1 days 15:57:41.538461538,-3.648705041339495,-0.48581285761679477,-0.4961229849506611,0.9797667888425979,0.15771731232338543,23.087963032418802,0.9915160247250595,0.39344262295081966,-0.007466933014795939,None,None,-0.00002550721681308655,-0.15426764728554745,-0.48046386582253786,-0.20330190360857558,0.38216597057200297,-2.3760683336471913,2 days 21:55:13.043478259,false
XMR-USD,false,25,71,139,24.637681159420293,0.6251887881053124,0.19008264462809918,0.0001,0.000037904124860646604,5.743801652892562,11.446280991735538,0.0005743801652892562,-0.6991838542908839,0,0,17424,726 days 01:00:00,1000.0,513.4649365047239,-48.65350634952761,34.915698157888286,100.0,184.79569612040711,56.83710704582511,635 days 19:00:00,138,1,26.667465178241343,22.76651663290053,-7.667891305517983,4.275246251271053,-1.9958731202553612,6 days 15:49:24.705882352,1 days 16:32:53.076923076,-3.7188589034312898,-0.49942856287746934,-0.5009688130284483,0.9792188329331443,0.1451952607945635,23.104188847268563,0.9875627548205841,0.3944462227912933,-0.007466933014796073,None,None,-0.0000262008378248285,-0.15846266716456275,-0.48653506349526765,-0.2065457160799804,0.38185611242298956,-2.3934564942541647,2 days 21:56:05.217391303,false
XMR-USD,false,27,67,139,24.637681159420293,0.630205561339303,0.19008264462809918,0.0001,0.000037904124860646604,5.743801652892562,11.446280991735538,0.0005743801652892562,-0.666396512109468,0,0,17424,726 days 01:00:00,1000.0,524.7226642200105,-47.52773357799895,34.915698157888286,100.0,183.97885827631,56.81187583183358,722 days 11:00:00,138,1,24.459168639766517,22.766516632900533,-7.430599770122931,4.293012135244085,-1.9747227473808273,6 days 15:03:31.764705882,1 days 16:38:39.230769230,-3.6212790175344596,-0.4756875982876577,-0.4873890454278154,0.9801694505499262,0.14863889523327733,23.128080840276912,0.9895366657137828,0.39321979691372827,-0.007461921798605318,None,None,-0.000024955871238918948,-0.15093310925298178,-0.47527733577999,-0.20055031190818706,0.3818641178747847,-2.3612138976307797,2 days 21:49:07.826086955,false
XMR-USD,false,23,78,135,24.62686567164179,0.6583904621005097,0.18457300275482094,0.0001,0.00003788748564867968,5.578512396694215,11.115702479338843,0.0005578512396694215,-0.5464902017021791,0,0,17424,726 days 01:00:00,1000.0,567.5586496735118,-43.24413503264882,34.915698157888286,100.0,187.89310324862598,51.921306897844154,635 days 19:00:00,134,1,29.47689209278417,22.53913899546882,-7.007675914303743,4.299124744107494,-1.9261980137494579,6 days 18:29:05.454545454,1 days 18:31:29.108910891,-3.4471510628303887,-0.3893598511330144,-0.47725575905716616,0.9837749827718576,0.1671330996505084,23.053079881422917,0.9909543663882755,0.39489273134806274,-0.007458196364188708,None,None,-0.0000204389891851216,-0.12361500659161544,-0.4324413503264797,-0.17847610361648203,0.38209045701292793,-2.238529868058186,3 days 00:04:01.791044775,false
XMR-USD,false,23,83,135,24.62686567164179,0.6328193836925622,0.18457300275482094,0.0001,0.00003788748564867968,5.578512396694215,11.115702479338843,0.0005578512396694215,-0.5985721437279599,0,0,17424,726 days 01:00:00,1000.0,544.8243280656749,-45.51756719343251,34.915698157888286,100.0,187.53194715159933,50.80333364774088,635 days 19:00:00,134,1,25.396177881919016,19.801775246886333,-7.677465801481979,3.9675976607487686,-1.8599476239083579,6 days 23:03:38.181818181,1 days 16:51:05.346534653,-3.586357088180919,-0.42838216548744906,-0.517876953048275,0.9820426505497749,-0.027207048839992996,26.35189334135057,0.9898239718361312,0.39366552027513396,-0.007458196364188541,None,None,-0.000022626692836215387,-0.13684623827343068,-0.4551756719343225,-0.19005053962084661,0.38445688575404385,-2.303641903066143,2 days 23:55:58.208955222,false
XMR-USD,false,24,75,135,24.62686567164179,0.6249350883054596,0.18457300275482094,0.0001,0.00003788748564867968,5.578512396694215,11.115702479338843,0.0005578512396694215,-0.6824932189071692,0,0,17424,726 days 01:00:00,1000.0,518.9662805457621,-48.103371945423795,34.915698157888286,100.0,180.37454100456438,55.656444491135005,635 days 19:00:00,134,1,26.953184592008142,22.464577726885356,-7.667891305518,4.311018227470074,-2.015640586486493,6 days 17:36:21.818181818,1 days 18:48:07.128712871,-3.790947045121243,-0.48737795726758926,-0.5046922721742602,0.9797298121344843,0.14628410322866062,23.064659543766435,0.9878776665558868,0.3945578231292517,-0.007468294324475326,None,None,-0.000025579282434528347,-0.15470350016402745,-0.4810337194542359,-0.20360531781593616,0.3820150018924886,-2.3777004179581644,3 days 00:03:34.925373133,false
XMR-USD,false,25,79,135,24.62686567164179,0.5850346802225455,0.18457300275482094,0.0001,0.00003788748564867968,5.578512396694215,11.115702479338843,0.0005578512396694215,-0.8036992036645636,0,0,17424,726 days 01:00:00,1000.0,474.43281324685745,-52.55671867531425,34.915698157888286,100.0,181.1170363092158,56.09799657089391,635 days 19:00:00,134,1,22.114981834629077,19.702048652753017,-7.677465801481969,3.838895968660536,-1.9548418028015164,6 days 22:50:54.545454545,1 days 16:54:39.207920792,-4.08718036259531,-0.577876316505048,-0.55725299351507,0.9758489176895976,-0.08036983261342073,26.31789004059092,0.9837810365084517,0.39355406269993604,-0.007468588115302674,None,None,-0.0000305454026227368,-0.18473859506231216,-0.5255671867531475,-0.22802313242772254,0.38474138362005894,-2.505246105567001,2 days 23:55:31.343283581,false
XMR-USD,false,28,67,135,24.62686567164179,0.6240886341277855,0.18457300275482094,0.0001,0.00003788748564867968,5.578512396694215,11.115702479338843,0.0005578512396694215,-0.6986185046755117,0,0,17424,726 days 01:00:00,1000.0,514.1222005356354,-48.587779946436456,34.915698157888286,100.0,179.88627775070054,55.41989364114368,635 days 19:00:00,134,1,23.96504374942799,22.46457772688536,-7.677465801481978,4.323929815990449,-2.021175927934243,6 days 17:10:54.545454545,1 days 18:46:55.841584158,-3.804797337416362,-0.4992205833986056,-0.5129494544871389,0.9792140275145157,0.13772982482668011,23.17693147412882,0.9871718822687983,0.39366552027513396,-0.007461921798605204,None,None,-0.000026157214339988402,-0.15819883232824986,-0.4858777994643654,-0.20619333824322328,0.3813791548469021,-2.3915740629536666,2 days 23:56:25.074626864,false
XMR-USD,false,29,66,135,24.62686567164179,0.615845269028248,0.18457300275482094,0.0001,0.00003788748564867968,5.578512396694215,11.115702479338843,0.0005578512396694215,-0.7352611371474265,0,0,17424,726 days 01:00:00,1000.0,501.2119220199206,-49.87880779800794,34.915698157888286,100.0,180.26138832778412,56.28329753652568,635 days 19:00:00,134,1,23.36325026701462,22.464577726885366,-7.677465801481984,4.268632585102549,-2.0297320995316817,6 days 18:54:32.727272727,1 days 18:06:32.079207920,-3.8966517033365218,-0.5260125954277801,-0.5212355359105769,0.978089000635203,0.1138702767100855,23.18744349764197,0.9882463085220673,0.39244046667732146,-0.00746192179860528,None,None,-0.000027590214363782545,-0.16686561647215684,-0.49878807798008196,-0.21316952972485914,0.38178325434811694,-2.428549633246819,2 days 23:51:29.552238804,false
XMR-USD,false,25,76,131,24.615384615384617,0.674789667404029,0.1790633608815427,0.0001,0.000037869822485207104,5.413223140495868,10.78512396694215,0.0005413223140495868,-0.4701240097237681,0,0,17424,726 days 01:00:00,1000.0,596.1067898581665,-40.38932101418335,34.915698157888286,100.0,184.15894995083215,52.37078302593412,635 days 19:00:00,130,1,27.786633768000115,22.53913899546881,-7.6774658014819686,4.432007535646065,-1.9217679544080706,7 days 00:22:30,1 days 19:26:19.591836734,-3.3206141839217933,-0.33461489997381577,-0.4372829923055521,0.9860112625835107,0.18385785479180095,23.204645022855452,0.9898089949956516,0.39489273134806274,-0.007460189988399764,None,None,-0.00001758969781398081,-0.10638249237895595,-0.4038932101418302,-0.1643627548924098,0.38262297765773423,-2.1567668167923615,3 days 02:11:32.307692306,false
XMR-USD,false,26,76,131,24.615384615384617,0.5909648155592547,0.1790633608815427,0.0001,0.000037869822485207104,5.413223140495868,10.78512396694215,0.0005413223140495868,-0.7865700418215431,0,0,17424,726 days 01:00:00,1000.0,478.94607948664907,-52.105392051335095,34.915698157888286,100.0,175.79364713756115,56.413988710273124,635 days 19:00:00,130,1,22.32536104559631,19.444522749107442,-7.677465801481962,3.9836623989026787,-2.013102716533515,7 days 00:05:37.500000,1 days 19:26:19.591836734,-4.179840627376522,-0.5660583431456758,-0.5483180927403428,0.9763108206155147,-0.10017418258005781,26.3139267071291,0.9834545583273351,0.39344262295081966,-0.00746858811530247,None,None,-0.000029964995427293466,-0.18122829234427087,-0.5210539205133509,-0.22548206766366585,0.38531060665271993,-2.492319924857732,3 days 02:07:23.076923076,false
XMR-USD,false,29,69,131,24.615384615384617,0.6419065174635884,0.1790633608815427,0.0001,0.000037869822485207104,5.413223140495868,10.78512396694215,0.0005413223140495868,-0.6456909991729733,0,0,17424,726 days 01:00:00,1000.0,530.5563512312078,-46.94436487687922,34.915698157888286,100.0,181.8390212820224,52.76297668444847,635 days 19:00:00,130,1,24.731097306332913,22.464577726885377,-7.677465801481986,4.407936578167467,-2.031015782585278,7 days 01:46:52.500000,1 days 18:52:02.448979591,-3.8013442005778924,-0.4608536575773727,-0.517151332794875,0.980763467560656,0.14991144220140415,23.185860459790746,0.9895434457036196,0.39288569144684243,-0.007468588115302646,None,None,-0.000024249591365557442,-0.14666152857889142,-0.4694436487687922,-0.19747652365886303,0.3830004906436373,-2.3445059773571613,3 days 02:06:27.692307690,false
XMR-USD,false,34,62,131,24.615384615384617,0.5877521616285446,0.1790633608815427,0.0001,0.000037869822485207104,5.413223140495868,10.78512396694215,0.0005413223140495868,-0.8514906905229247,0,0,17424,726 days 01:00:00,1000.0,458.5880181715628,-54.141198182843716,34.915698157888286,100.0,176.2897584251728,57.670983329221656,635 days 19:00:00,130,1,21.60145226005403,18.527992298983804,-8.721267796798308,4.049583890781508,-2.077899976255338,7 days 02:05:37.500000,1 days 18:45:55.102040816,-4.330872569911471,-0.61256175182802,-0.562234819748354,0.9743561998038903,-0.08982902851880967,26.28776647508738,0.98487797620764,0.3921067348406168,-0.007477415365825936,None,None,-0.00003244451244440283,-0.19622441126374834,-0.5414119818284377,-0.23707113498585786,0.3855221368406474,-2.5506262523526813,3 days 02:06:27.692307691,false
XMR-USD,false,42,49,131,24.615384615384617,0.6281112437554399,0.1790633608815427,0.0001,0.000037869822485207104,5.413223140495868,10.78512396694215,0.0005413223140495868,-0.7556442519464209,0,0,17424,726 days 01:00:00,1000.0,493.14865908284867,-50.685134091715135,34.915698157888286,100.0,176.80089517954715,55.24577592778229,635 days 19:00:00,130,1,25.194349971514214,22.54037460663628,-8.721267796798312,4.585563405133112,-2.1602982368495747,6 days 21:22:30,1 days 20:18:22.040816326,-4.092659160682047,-0.5399405753943908,-0.5414107311504227,0.9774835674677046,0.14681285369698988,23.11130918976196,0.9870374691656169,0.39244046667732146,-0.00749250571802148,None,None,-0.000028429515634850466,-0.1719417105595756,-0.5068513409171567,-0.21758630003516932,0.3832493613565089,-2.451643150955129,3 days 02:06:27.692307691,false
XMR-USD,false,43,48,131,24.615384615384617,0.6291866429284697,0.1790633608815427,0.0001,0.000037869822485207104,5.413223140495868,10.78512396694215,0.0005413223140495868,-0.7674414864629713,0,0,17424,726 days 01:00:00,1000.0,489.3498642200234,-51.06501357799766,34.915698157888286,100.0,177.5830102005266,55.59052413578003,635 days 19:00:00,130,1,23.050466456928177,22.540374606636277,-8.721267796798307,4.58679120829745,-2.164673856489831,6 days 21:28:07.500000,1 days 20:18:58.775510204,-4.105389247976193,-0.5483983453401834,-0.5429451184830596,0.9771368535017636,0.14698184493937463,23.11402994888728,0.9872842734831505,0.39244046667732146,-0.007492505718021439,None,None,-0.000028873996245034408,-0.1746299292899681,-0.5106501357799735,-0.21968349516873265,0.3832381228335623,-2.4625230561646627,3 days 02:08:18.461538461,false
XMR-USD,false,29,86,123,24.59016393442623,0.6020373261709011,0.16804407713498623,0.0001,0.000037831021437578815,5.082644628099174,10.12396694214876,0.0005082644628099174,-0.7930364249499446,0,0,17424,726 days 01:00:00,1000.0,478.5097242229698,-52.14902757770302,34.915698157888286,100.0,167.15504725437887,57.457969675604126,635 days 19:00:00,122,1,22.539849612702085,20.273199323916476,-8.039372144347572,4.409043138803424,-2.1838301612799875,8 days 05:12:00,1 days 15:48:54.782608695,-4.45926332286666,-0.5698107338351942,-0.5389061295778145,0.9760896428205212,-0.07342080562131068,26.50821658426185,0.9873021597431756,0.3884462151394423,-0.007460189988399668,None,None,-0.000030083528731506846,-0.1819451817681534,-0.521490275777032,-0.22572706044361057,0.38428735569734296,-2.493569664335104,3 days 06:30:59.016393441,false
XMR-USD,false,32,83,119,24.576271186440678,0.5810120180825854,0.162534435261708,0.0001,0.000037809647979139506,4.917355371900826,9.793388429752067,0.0004917355371900827,-0.8592369842723612,0,0,17424,726 days 01:00:00,1000.0,458.3653950408818,-54.16346049591182,34.915698157888286,100.0,161.67825183207157,59.26793077807172,635 days 19:00:00,118,1,22.422497635272634,20.755148066145274,-8.039372144347578,4.319546794659599,-2.231631828832044,8 days 09:22:45.517241379,1 days 17:45:50.561797752,-4.780144937240604,-0.6184044250889671,-0.5473639496647047,0.9740679782646066,-0.09035038426121829,26.360307311441783,0.9842812732669717,0.38723031605763863,-0.007452411460490773,None,None,-0.00003259297607109653,-0.19712231927799181,-0.5416346049591145,-0.23719970493266762,0.3836271836830641,-2.5512638541834516,3 days 08:59:29.491525422,false
XMR-USD,false,36,63,119,24.576271186440678,0.6595228709008871,0.162534435261708,0.0001,0.000037809647979139506,4.917355371900826,9.793388429752067,0.0004917355371900827,-0.5578405589425948,0,0,17424,726 days 01:00:00,1000.0,557.7394943372691,-44.22605056627309,34.915698157888286,100.0,173.07354458939398,50.342628355194904,635 days 19:00:00,118,1,26.271909825533044,19.702048652753014,-8.039372144347594,4.641467171206311,-2.1145141827763405,7 days 15:51:43.448275862,2 days 00:20:53.932584269,-3.970613690578509,-0.3999734295321254,-0.5052737797623571,0.9831876428338862,-0.06365890208463401,26.158485356502272,0.9863843512844723,0.39355406269993604,-0.00748783501643031,None,None,-0.00002119775242321396,-0.12820400665559803,-0.44226050566273034,-0.18343736442569103,0.38575948925980974,-2.266652334038504,3 days 09:39:09.152542371,false
XMR-USD,false,37,62,119,24.576271186440678,0.6652859948589668,0.162534435261708,0.0001,0.000037809647979139506,4.917355371900826,9.793388429752067,0.0004917355371900827,-0.5185862095696603,0,0,17424,726 days 01:00:00,1000.0,572.5113284103122,-42.74886715896878,34.915698157888286,100.0,173.7045854338173,48.55626529766486,635 days 19:00:00,118,1,26.96772623564027,19.702048652753014,-8.039372144347565,4.623423395525461,-2.0800084289840357,7 days 16:00:00,2 days 00:17:31.685393258,-3.8513254052993933,-0.37171512996319966,-0.5035492211794568,0.9843681099073716,-0.06305535777904299,26.16213093473296,0.9869680256791694,0.39366552027513396,-0.007477354898302037,None,None,-0.000019699032382449487,-0.1191397478490545,-0.42748867158968384,-0.17599493901677843,0.38573815584451976,-2.2243451918291597,3 days 09:38:38.644067796,false
XMR-USD,false,38,62,119,24.576271186440678,0.6304582089572326,0.162534435261708,0.0001,0.000037809647979139506,4.917355371900826,9.793388429752067,0.0004917355371900827,-0.6365604585839224,0,0,17424,726 days 01:00:00,1000.0,529.4089227566548,-47.059107724334524,34.915698157888286,100.0,168.80250517343254,52.8957731051359,635 days 19:00:00,118,1,24.937419029330613,19.702048652753017,-8.039372144347588,4.490999344139346,-2.12459210783825,7 days 15:28:57.931034482,2 days 00:22:55.280898876,-4.199394036209114,-0.45718233214106924,-0.5173483957694435,0.9808236782207722,-0.09003938379121659,26.077874682341008,0.9860153344979995,0.39255174618396876,-0.007489941431631901,None,None,-0.00002420915657650225,-0.1464169789746856,-0.4705910772433457,-0.19807935764169793,0.3854323517874977,-2.3477922598463854,3 days 09:35:05.084745761,false
XMR-USD,false,31,34,176,24.571428571428573,0.5318121658205135,0.24104683195592286,0.0001,0.000037802197802197807,7.272727272727273,14.50413223140496,0.0007272727272727273,-1.3304253247263211,0,0,17424,726 days 01:00:00,1000.0,338.9107227679715,-66.10892772320285,34.915698157888286,100.0,191.45451295804787,71.33060327812238,722 days 11:00:00,175,1,16.886099552905137,21.538862549074302,-7.125563139087598,3.809086897296966,-2.014045055587074,5 days 04:54:25.116279069,1 days 08:28:38.181818181,-3.8741450101996158,-0.9553596653075583,-0.5881825871214702,0.9606219926811599,0.12140453134987939,23.28657302457906,0.9906352997835106,0.39088441890166026,-0.007587215347123324,None,None,-0.000050066077014366745,-0.3027996337828901,-0.661089277232024,-0.313092154813406,0.3814473531814057,-2.8933869637736938,2 days 07:11:18.857142855,false
XMR-USD,false,32,33,176,24.571428571428573,0.5365122482693748,0.24104683195592286,0.0001,0.000037802197802197807,7.272727272727273,14.50413223140496,0.0007272727272727273,-1.3064611230885876,0,0,17424,726 days 01:00:00,1000.0,344.3888485542211,-65.56111514457788,34.915698157888286,100.0,193.25306682542595,70.86719344506778,722 days 11:00:00,175,1,17.159045114008734,21.5388625490743,-7.125563139087598,3.809086897296967,-2.002268248363464,5 days 04:54:25.116279069,1 days 08:29:05.454545454,-3.844401123198793,-0.9379962906317579,-0.5853996141631209,0.9613213865936107,0.12151192133531978,23.30006001520148,0.9911541450179118,0.39099544982837064,-0.007581889598690244,None,None,-0.00004914928933880234,-0.29725490192107656,-0.6556111514457766,-0.30925855562727267,0.3813941839772586,-2.8776973855172954,2 days 07:11:39.428571427,false
XMR-USD,false,9,25,408,24.57002457002457,0.43994753751438165,0.5606060606060606,0.0001,0.00003780003780003781,16.859504132231404,33.67768595041323,0.0016859504132231405,-3.113561865032946,0,0,17424,726 days 01:00:00,1000.0,101.50753168334859,-89.84924683166514,34.915698157888286,100.0,318.152548118981,90.30013325042258,725 days 03:00:00,407,1,4.234757556791436,19.69681006510061,-11.52063710364105,2.1116096811807226,-1.4098533384203598,2 days 06:37:48,0 days 13:00:23.452768729,-2.2180030119740666,-2.284354554984043,-0.7567853196363822,0.9073636557218984,-0.4470696819130802,36.64458381223007,1.0060654274321017,0.3710756157054056,-0.007618027989106674,None,None,-0.00011930438804646393,-0.7215529389050139,-0.8984924683166531,-0.5479692809476279,0.38014637198037754,-3.5733194973037095,0 days 23:14:00.294840293,false
XMR-USD,false,31,37,172,24.561403508771928,0.5385618045990143,0.23553719008264462,0.0001,0.00003778677462887989,7.107438016528926,14.173553719008265,0.0007107438016528926,-1.2229502179894394,0,0,17424,726 days 01:00:00,1000.0,363.9185606147314,-63.608143938526865,34.915698157888286,100.0,195.88903782291433,69.66755391371397,722 days 11:00:00,171,1,16.51310863223739,22.18521442516039,-7.125563139087611,3.7286614584562248,-1.9499866470752338,5 days 10:57:08.571428571,1 days 08:15:48.837209302,-3.8163423860672845,-0.8763850759088447,-0.5718635440523004,0.9638252235393054,0.14225122979232932,23.157899106193778,0.9925432812202701,0.3912175648702595,-0.007569827638455853,None,None,-0.00004596289573947834,-0.277983593432365,-0.6360814393852684,-0.29590697914128394,0.38174235924310795,-2.8217634844616812,2 days 08:30:10.526315788,false
XMR-USD,false,32,88,115,24.561403508771928,0.5560712114263501,0.15702479338842976,0.0001,0.00003778677462887989,4.75206611570248,9.462809917355372,0.000475206611570248,-0.9384854438991205,0,0,17424,726 days 01:00:00,1000.0,431.98469777091077,-56.80153022290892,34.915698157888286,100.0,152.61256595861522,62.31689592054952,635 days 19:00:00,114,1,19.611271472346232,20.401051514359693,-8.039372144347583,4.337468464073103,-2.332917668829535,8 days 08:10:42.857142857,1 days 21:46:44.651162790,-5.15461906755645,-0.6782870258177948,-0.5524131176536968,0.9715145679262389,-0.17268054576715766,26.6513976148971,0.9797121594646169,0.3866783383733885,-0.007466933014796084,None,None,-0.00003589296192383667,-0.21708063371536415,-0.5680153022290921,-0.2527333181749928,0.38517113430340705,-2.626819259521984,3 days 11:42:06.315789472,false
XMR-USD,false,33,35,172,24.561403508771928,0.5498215167703236,0.23553719008264462,0.0001,0.00003778677462887989,7.107438016528926,14.173553719008265,0.0007107438016528926,-1.1764198715600296,0,0,17424,726 days 01:00:00,1000.0,375.2149899149591,-62.47850100850408,34.915698157888286,100.0,199.07135691301252,68.96802477498778,722 days 11:00:00,171,1,17.025693546499383,22.185214425160364,-7.1255631390876,3.753708738901403,-1.9331748994114994,5 days 11:04:17.142857142,1 days 08:15:48.837209302,-3.7532789686054997,-0.8428768206404902,-0.5641551799255673,0.9651896073227793,0.1416639465826912,23.15314193545433,0.9929351189705898,0.39177316293929715,-0.007569827638455858,None,None,-0.0000442075610935828,-0.2673673294939888,-0.6247850100850396,-0.28839668198920254,0.3817599712977877,-2.789410044902359,2 days 08:31:55.789473683,false
XMR-USD,false,33,79,115,24.561403508771928,0.6118872121277468,0.15702479338842976,0.0001,0.00003778677462887989,4.75206611570248,9.462809917355372,0.000475206611570248,-0.7378190122642686,0,0,17424,726 days 01:00:00,1000.0,496.6885287103815,-50.33114712896185,34.915698157888286,100.0,161.28860493103653,56.013526142635605,635 days 19:00:00,114,1,24.297203674117497,20.27319932391648,-8.039372144347569,4.620062764493636,-2.2589267979800134,8 days 13:17:08.571428571,1 days 20:20:55.813953488,-4.628146271611713,-0.5304990046908062,-0.5294824699290656,0.9777117821299857,-0.09474141145274999,26.48572991096234,0.9845334937229302,0.38822498406628425,-0.007452411460490809,None,None,-0.000027973277130233375,-0.16918238008365144,-0.5033114712896157,-0.21564152228893663,0.38381038257974537,-2.4415048183016457,3 days 11:52:37.894736841,false
XMR-USD,false,33,81,115,24.561403508771928,0.597776125601598,0.15702479338842976,0.0001,0.00003778677462887989,4.75206611570248,9.462809917355372,0.000475206611570248,-0.7731469814272931,0,0,17424,726 days 01:00:00,1000.0,485.47369752097904,-51.4526302479021,34.915698157888286,100.0,159.10703015168883,57.02563754388687,635 days 19:00:00,114,1,23.74859217651101,20.75514806614524,-8.039372144347569,4.47654634391229,-2.243803489304041,8 days 10:40:42.857142857,1 days 21:08:22.325581395,-4.721709602241508,-0.5560958196757063,-0.5341663148838826,0.9766450857280108,-0.08973655516367651,26.386490481127034,0.9852755293544614,0.38745123019348676,-0.007445281664846132,None,None,-0.00002930174245185499,-0.177216938348819,-0.5145263024790196,-0.22183439041569064,0.38353213739649733,-2.473624557505167,3 days 11:49:59.999999999,false
XMR-USD,false,33,86,115,24.561403508771928,0.550523069892882,0.15702479338842976,0.0001,0.00003778677462887989,4.75206611570248,9.462809917355372,0.000475206611570248,-0.961708017208332,0,0,17424,726 days 01:00:00,1000.0,425.26316418657734,-57.47368358134226,34.915698157888286,100.0,152.29512580464078,62.6813907314156,635 days 19:00:00,114,1,19.306126821359555,20.401051514359676,-8.253695447737798,4.301939837053343,-2.3391681953159376,8 days 08:10:42.857142857,1 days 21:45:20.930232558,-5.210903181006861,-0.694750341792071,-0.5574161093318576,0.9708230393009516,-0.16515372479957674,26.626408639926165,0.9810253832128307,0.38601654470251356,-0.007466933014796051,None,None,-0.000036781554542431505,-0.22245484187262574,-0.5747368358134229,-0.25678965558013833,0.38535345365273255,-2.646070009009904,3 days 11:41:03.157894735,false
XMR-USD,false,34,35,172,24.561403508771928,0.5377879289985074,0.23553719008264462,0.0001,0.00003778677462887989,7.107438016528926,14.173553719008265,0.0007107438016528926,-1.2292136696583482,0,0,17424,726 days 01:00:00,1000.0,362.2380236871651,-63.776197631283495,34.915698157888286,100.0,196.7330126776523,69.83522612121914,722 days 11:00:00,171,1,16.436852865566607,22.18521442516038,-8.17559821495322,3.7095621198835067,-1.9480436378796144,5 days 12:07:08.571428571,1 days 07:52:33.488372093,-3.825724147242111,-0.8811828610416397,-0.5724927086963603,0.9636433840850476,0.138956989606334,23.128253779562666,0.9921593617773597,0.3912175648702595,-0.00758188959869032,None,None,-0.00004622363074251997,-0.27956051873076077,-0.6377619763128303,-0.29703721421625395,0.3818176127206375,-2.826576611554162,2 days 08:29:49.473684209,false
XMR-USD,false,34,77,115,24.561403508771928,0.610295537706773,0.15702479338842976,0.0001,0.00003778677462887989,4.75206611570248,9.462809917355372,0.000475206611570248,-0.7390789330260944,0,0,17424,726 days 01:00:00,1000.0,496.26843341653966,-50.37315665834603,34.915698157888286,100.0,160.51670836292575,55.75377899926889,635 days 19:00:00,114,1,24.276653288257933,20.27319932391646,-8.039372144347578,4.617402510160414,-2.2595540413173154,8 days 13:15:00,1 days 20:25:06.976744186,-4.631651051506304,-0.5313819969342076,-0.5324858056100069,0.9776787437581238,-0.09465702188712159,26.479289045515177,0.9851005971678604,0.3883355907895786,-0.0074468266109164,None,None,-0.000028020907341392174,-0.16947044760073987,-0.5037315665834581,-0.21587184524794545,0.38382503817544933,-2.442707988554585,3 days 11:55:15.789473683,false
XMR-USD,false,34,78,115,24.561403508771928,0.6025956919020283,0.15702479338842976,0.0001,0.00003778677462887989,4.75206611570248,9.462809917355372,0.000475206611570248,-0.7980685062873764,0,0,17424,726 days 01:00:00,1000.0,477.45625462085786,-52.25437453791422,34.915698157888286,100.0,160.81292912082552,57.88502258626623,635 days 19:00:00,114,1,23.356391769556524,20.273199323916455,-8.039372144347576,4.588765807763956,-2.2944490204663923,8 days 13:17:08.571428571,1 days 20:17:26.511627906,-4.788597694286833,-0.5742009654042904,-0.5362510010369779,0.9758925108333528,-0.09758189155558718,26.5555477988116,0.9841135079453648,0.38756171364867015,-0.007446826610916432,None,None,-0.000030256448331975484,-0.1829909995117877,-0.522543745379144,-0.22631913543580895,0.3835411559221846,-2.4965868447373065,3 days 11:49:59.999999999,false
XMR-USD,false,34,80,115,24.561403508771928,0.593820232981437,0.15702479338842976,0.0001,0.00003778677462887989,4.75206611570248,9.462809917355372,0.000475206611570248,-0.7884273492625583,0,0,17424,726 days 01:00:00,1000.0,480.2491367765356,-51.97508632234644,34.915698157888286,100.0,158.69744512771078,57.7599930182829,635 days 19:00:00,114,1,23.49301507098545,20.755148066145253,-8.03937214434757,4.483030247470776,-2.2576112544280735,8 days 10:47:08.571428571,1 days 21:09:04.186046511,-4.765297178021489,-0.5670946579549258,-0.5339060122365156,0.9761969649613431,-0.08929469342319321,26.308109330569327,0.9860291646084347,0.3873407643312102,-0.007450925614534949,None,None,-0.00002990409965940761,-0.18085999474009723,-0.5197508632234596,-0.22475132908762663,0.38382487704613827,-2.488587915020798,3 days 11:52:06.315789472,false
XMR-USD,false,34,81,115,24.561403508771928,0.6007792154114792,0.15702479338842976,0.0001,0.00003778677462887989,4.75206611570248,9.462809917355372,0.000475206611570248,-0.7526399656947127,0,0,17424,726 days 01:00:00,1000.0,491.79246389015924,-50.82075361098407,34.915698157888286,100.0,158.83870698257167,56.61007661484,635 days 19:00:00,114,1,22.326428614651206,20.239170473141613,-8.039372144347563,4.5106975584235895,-2.236884559185995,8 days 13:19:17.142857142,1 days 20:14:39.069767441,-4.653806708109579,-0.5412647728273928,-0.5300756499124322,0.9772663403456388,-0.08971254138309225,26.310338075551986,0.9855022951152534,0.3873407643312102,-0.007451445542635707,None,None,-0.000028541513639928482,-0.17261907449428746,-0.508207536109841,-0.21833379815186116,0.3838178627934401,-2.4555273499379378,3 days 11:48:25.263157893,false
XMR-USD,false,36,80,115,24.561403508771928,0.5644391665391728,0.15702479338842976,0.0001,0.00003778677462887989,4.75206611570248,9.462809917355372,0.000475206611570248,-0.9138185938052624,0,0,17424,726 days 01:00:00,1000.0,441.5865291379697,-55.84134708620303,34.915698157888286,100.0,157.42414157332715,61.159619008152866,635 days 19:00:00,114,1,20.047176083187196,20.23756343674949,-9.192802668893398,4.282455251306762,-2.289236921704951,8 days 11:08:34.285714285,1 days 20:43:57.209302325,-5.074216201273836,-0.6585011851062056,-0.5509505082814511,0.9723535785959044,-0.1030450571419795,26.372724750189004,0.9823757758603417,0.3857960871639891,-0.007458196364188553,None,None,-0.000034721696313531304,-0.20999681930423733,-0.5584134708620347,-0.24700963207035553,0.38379765575257835,-2.599319218355287,3 days 11:38:25.263157893,false
XMR-USD,false,38,63,115,24.561403508771928,0.636956932905599,0.15702479338842976,0.0001,0.00003778677462887989,4.75206611570248,9.462809917355372,0.000475206611570248,-0.592767859817529,0,0,17424,726 days 01:00:00,1000.0,545.285913164065,-45.471408683593495,34.915698157888286,100.0,165.94462205409891,52.31649810135951,635 days 19:00:00,114,1,25.68529301802846,19.593689177557664,-8.039372144347572,4.523419121783922,-2.1260915801315323,7 days 15:30:00,2 days 04:12:33.488372093,-4.214029647841782,-0.42561334516875493,-0.5022984565453166,0.9821314935616863,-0.08907168616514456,26.124766238767847,0.9859289087789616,0.39277435856446324,-0.007477354898302176,None,None,-0.00002252600441262524,-0.13623727468755745,-0.45471408683593173,-0.1898124326410141,0.3852360066431086,-2.302319904301281,3 days 12:27:22.105263157,false
XMR-USD,false,41,58,115,24.561403508771928,0.6442841926216885,0.15702479338842976,0.0001,0.00003778677462887989,4.75206611570248,9.462809917355372,0.000475206611570248,-0.5695663088552084,0,0,17424,726 days 01:00:00,1000.0,553.8551688337185,-44.61448311662815,34.915698157888286,100.0,166.54122057432355,51.541712116525964,635 days 19:00:00,114,1,27.09370373029583,19.70204865275301,-8.039372144347563,4.585837067613651,-2.1301598208143653,7 days 18:30:00,2 days 03:11:09.767441860,-4.151215218391029,-0.4088711138048638,-0.49859274164631767,0.982825542190659,-0.08915367793016983,26.14878908992738,0.98602627670624,0.39266304347826086,-0.0074878350164303675,None,None,-0.00002163581774115013,-0.130853425698476,-0.4461448311662819,-0.18541571291113024,0.38516323821459486,-2.2777772025317122,3 days 12:25:15.789473683,false
XMR-USD,false,42,57,115,24.561403508771928,0.6449990554030722,0.15702479338842976,0.0001,0.00003778677462887989,4.75206611570248,9.462809917355372,0.000475206611570248,-0.5651779465777481,0,0,17424,726 days 01:00:00,1000.0,555.4506122160036,-44.45493877839964,34.915698157888286,100.0,166.51375390893133,51.402122456500976,635 days 19:00:00,114,1,27.171750253557548,19.70204865275301,-8.03937214434758,4.5858370676136495,-2.1266836850480626,7 days 18:30:00,2 days 03:11:51.627906976,-4.137904719627669,-0.40568060758055435,-0.4978549246906804,0.98295976969651,-0.08864645164588465,26.1397316787665,0.9863610145743519,0.39266304347826086,-0.007487835016430442,None,None,-0.000021468752492615333,-0.12984301507533755,-0.44454938778399367,-0.18460203550795184,0.38519487969677474,-2.2732077868635203,3 days 12:25:47.368421051,false
XMR-USD,false,43,56,115,24.561403508771928,0.6468031557858552,0.15702479338842976,0.0001,0.00003778677462887989,4.75206611570248,9.462809917355372,0.000475206611570248,-0.5596030006078199,0,0,17424,726 days 01:00:00,1000.0,557.5554093051251,-44.24445906948749,34.915698157888286,100.0,166.62250906761213,51.05979737542343,635 days 19:00:00,114,1,27.27471354062982,19.702048652753014,-8.039372144347585,4.603824610189693,-2.127006039435801,7 days 18:25:42.857142857,2 days 03:11:09.767441860,-4.120344773995658,-0.401656887086078,-0.49841919710453225,0.9831251889053758,-0.08861285924811707,26.149679602293535,0.9871297721595724,0.39232920495405516,-0.007477354898302043,None,None,-0.000021253909537623668,-0.12854364488354794,-0.4424445906948735,-0.18353091842957459,0.3851603334546225,-2.2671795611651437,3 days 12:24:12.631578946,false
XMR-USD,false,19,61,168,24.550898203592812,0.5165571547809561,0.23002754820936638,0.0001,0.00003777061262091202,6.9421487603305785,13.842975206611571,0.0006942148760330579,-1.2846207296404246,0,0,17424,726 days 01:00:00,1000.0,350.6595418941275,-64.93404581058725,34.915698157888286,100.0,189.71905138253538,68.5885337045283,722 days 11:00:00,167,1,15.91146958387344,21.246964398202294,-7.125563139087587,3.55121251368168,-1.9474467033846692,5 days 14:19:01.463414634,1 days 08:46:40,-3.9835444771841075,-0.9217223893879269,-0.597073653459669,0.96193636512548,0.13247198938380053,23.42194971147493,0.9880887642591026,0.3903295300406926,-0.007517332111407885,None,None,-0.00004817479431635976,-0.29136115602534385,-0.6493404581058715,-0.3049188775958558,0.3804325571265882,-2.859737861089199,2 days 09:42:23.712574849,false
XMR-USD,false,24,50,168,24.550898203592812,0.5217118482228738,0.23002754820936638,0.0001,0.00003777061262091202,6.9421487603305785,13.842975206611571,0.0006942148760330579,-1.28150158377276,0,0,17424,726 days 01:00:00,1000.0,350.4572874818018,-64.95427125181982,34.915698157888286,100.0,189.98391410291322,70.45796737146881,722 days 11:00:00,167,1,15.902292120991547,21.322008276614884,-7.125563139087607,3.6282377095020135,-1.969302332907363,5 days 15:55:36.585365853,1 days 08:22:51.428571428,-3.984700626581975,-0.918866196380634,-0.5814747721067794,0.9620714821040645,0.14190749482558512,23.260577393120897,0.9893796168830044,0.39088441890166026,-0.007555296026783992,None,None,-0.00004814745922745813,-0.29119583340766675,-0.6495427125181966,-0.30505805496624183,0.38139855523575544,-2.8603171260702718,2 days 09:48:08.622754489,false
XMR-USD,false,37,71,111,24.545454545454547,0.6319101456943056,0.15151515151515152,0.0001,0.00003776223776223777,4.586776859504132,9.132231404958677,0.0004586776859504132,-0.6506476536928975,0,0,17424,726 days 01:00:00,1000.0,525.8920360205643,-47.410796397943564,34.915698157888286,100.0,161.44682483572092,53.26777721318328,635 days 19:00:00,110,1,25.725792264549455,20.563418258195433,-8.039372144347585,4.7553686077629465,-2.261329098324433,8 days 16:48:53.333333333,1 days 23:31:48.433734939,-4.543943238581678,-0.4675697607485906,-0.5182967838453864,0.9803445569714578,-0.09484680911615007,26.40413114684379,0.9861656036856608,0.389442628179571,-0.007445281664846268,None,None,-0.000024674944300642456,-0.14923406313028556,-0.4741079639794351,-0.19993238481208098,0.3841206978213207,-2.3578647685505993,3 days 15:07:05.454545453,false
XMR-USD,false,38,70,111,24.545454545454547,0.6308731998109499,0.15151515151515152,0.0001,0.00003776223776223777,4.586776859504132,9.132231404958677,0.0004586776859504132,-0.6549469360788848,0,0,17424,726 days 01:00:00,1000.0,524.3904640309399,-47.56095359690601,34.915698157888286,100.0,161.13400958319357,53.552670118508786,635 days 19:00:00,110,1,23.806314901168378,20.273199323916472,-8.039372144347578,4.741965659559174,-2.257297819818203,8 days 16:48:53.333333333,1 days 23:26:01.445783132,-4.540144098820262,-0.4706712449888931,-0.5174812770467929,0.9802129789914372,-0.09487161446723713,26.401098423464127,0.9858371518217158,0.38899960143483453,-0.007450925614535012,None,None,-0.000024838826579383287,-0.15022522315211012,-0.47560953596906164,-0.20072601927354183,0.38412392083581026,-2.362165332677469,3 days 15:02:43.636363635,false
XMR-USD,false,38,71,111,24.545454545454547,0.6294174233542472,0.15151515151515152,0.0001,0.00003776223776223777,4.586776859504132,9.132231404958677,0.0004586776859504132,-0.6810396599578707,0,0,17424,726 days 01:00:00,1000.0,515.4504684807216,-48.45495315192784,34.915698157888286,100.0,160.61909874131752,54.7720115619993,635 days 19:00:00,110,1,23.40045635895251,20.273199323916476,-8.039372144347585,4.79918781995444,-2.294660529170082,8 days 16:22:13.333333333,1 days 23:30:21.686746987,-4.617727162529367,-0.48949504624036777,-0.5173208545884617,0.9794211784749995,-0.09489596439687199,26.41630879220646,0.986253414845158,0.3883355907895786,-0.007450925614535069,None,None,-0.00002582881402499636,-0.15621266722317798,-0.4845495315192817,-0.20548211303246755,0.3840732925670071,-2.3877698487601546,3 days 14:59:27.272727271,false
XMR-USD,false,39,68,111,24.545454545454547,0.629509270547469,0.15151515151515152,0.0001,0.00003776223776223777,4.586776859504132,9.132231404958677,0.0004586776859504132,-0.6511105975865508,0,0,17424,726 days 01:00:00,1000.0,525.2417933818355,-47.475820661816456,34.915698157888286,100.0,160.47103442552267,53.36853172012965,635 days 19:00:00,110,1,23.844963610483717,20.563418258195437,-8.039372144347576,4.749116294183569,-2.255833898180242,8 days 16:37:46.666666666,1 days 23:36:52.048192771,-4.532756092987705,-0.4679960297199389,-0.5181617148171873,0.9803293893269396,-0.09816084644357771,26.32066228294043,0.9859484728276893,0.3895534290271132,-0.00745241146049086,None,None,-0.000024721759833608626,-0.14951720347366496,-0.47475820661816404,-0.20027587942016434,0.38449895043467025,-2.359727090294213,3 days 15:08:10.909090908,false
XMR-USD,false,39,69,111,24.545454545454547,0.6252655388455434,0.15151515151515152,0.0001,0.00003776223776223777,4.586776859504132,9.132231404958677,0.0004586776859504132,-0.7009657977320419,0,0,17424,726 days 01:00:00,1000.0,508.3430653820473,-49.16569346179527,34.915698157888286,100.0,159.44672766351985,55.02121167483798,635 days 19:00:00,110,1,23.077793976810824,20.27319932391646,-8.039372144347578,4.825968614446283,-2.318343263519135,8 days 16:15:33.333333333,1 days 23:33:15.180722891,-4.679406623588762,-0.5040549661727596,-0.5240378768672592,0.9788134459404958,-0.09954436601622108,26.378298949772674,0.985439260036094,0.3884462151394423,-0.007452411460490737,None,None,-0.000026611854777285303,-0.1609484976930215,-0.4916569346179518,-0.20930183856440743,0.38428655594496963,-2.408125744456511,3 days 14:59:59.999999999,false
XMR-USD,false,39,70,111,24.545454545454547,0.6121577017311565,0.15151515151515152,0.0001,0.00003776223776223777,4.586776859504132,9.132231404958677,0.0004586776859504132,-0.7611998631829875,0,0,17424,726 days 01:00:00,1000.0,488.91366946823547,-51.108633053176455,34.915698157888286,100.0,158.200258079697,57.06085246983754,635 days 19:00:00,110,1,22.195736904475496,20.273199323916476,-8.980670771710079,4.7467358317856805,-2.339573060456989,8 days 16:28:53.333333333,1 days 23:26:44.819277108,-4.848018794874907,-0.5474836583067472,-0.5295030790302511,0.9770075301674107,-0.09566687040066764,26.45208482298565,0.9854351983265872,0.38778273335457153,-0.007452411460490724,None,None,-0.000028874166318867893,-0.174630957896513,-0.5110863305317663,-0.21992498406904026,0.383880664148724,-2.4637723359293564,3 days 14:58:21.818181817,false
XMR-USD,false,39,71,111,24.545454545454547,0.6011949591860216,0.15151515151515152,0.0001,0.00003776223776223777,4.586776859504132,9.132231404958677,0.0004586776859504132,-0.800877228360712,0,0,17424,726 days 01:00:00,1000.0,476.31414055519565,-52.36858594448044,34.915698157888286,100.0,156.09336623298756,57.73727857050355,635 days 19:00:00,110,1,21.623742611130638,20.27319932391646,-8.980670771710074,4.696073685231674,-2.3557525186032344,8 days 12:11:06.666666666,2 days 00:41:55.662650602,-4.957360018690313,-0.5763447338613205,-0.5390603609962116,0.9757965692846293,-0.09410224755342352,26.34998441691297,0.9850306038839081,0.386899076727157,-0.007452411460490823,None,None,-0.000030383087073532382,-0.18375691062072386,-0.5236858594448027,-0.22696199514027515,0.3837138836741694,-2.499857906540217,3 days 14:51:49.090909090,false
XMR-USD,false,40,67,111,24.545454545454547,0.6336530224866583,0.15151515151515152,0.0001,0.00003776223776223777,4.586776859504132,9.132231404958677,0.0004586776859504132,-0.6313210695820218,0,0,17424,726 days 01:00:00,1000.0,532.1301138553374,-46.78698861446626,34.915698157888286,100.0,160.17174113263417,52.719026997922455,635 days 19:00:00,110,1,24.157680064310398,20.563418258195426,-8.039372144347578,4.787258990279338,-2.2526992758097135,8 days 16:37:46.666666666,1 days 23:29:38.313253012,-4.472977874627031,-0.453705274165413,-0.5155271991299473,0.980920719914411,-0.09798198052941719,26.305078325061096,0.9865489535532633,0.38899960143483453,-0.007458196364188565,None,None,-0.00002397042393503691,-0.14497312395910322,-0.46786988614466196,-0.1966510857999021,0.38455621220964314,-2.3399986562747843,3 days 15:02:43.636363636,false
XMR-USD,false,40,69,111,24.545454545454547,0.6040821286038103,0.15151515151515152,0.0001,0.00003776223776223777,4.586776859504132,9.132231404958677,0.0004586776859504132,-0.8081790404379952,0,0,17424,726 days 01:00:00,1000.0,473.5061454161861,-52.649385458381396,34.915698157888286,100.0,156.21651797759364,58.29433607235681,635 days 19:00:00,110,1,21.496265051744103,20.27319932391646,-8.980670771710077,4.797548597166363,-2.39039744450488,8 days 16:28:53.333333333,1 days 23:24:34.698795180,-4.981728360323251,-0.5818664218714062,-0.5374159579102122,0.9755735040804789,-0.1051240304167274,26.441423355957117,0.9837901256226529,0.3876722147009636,-0.007460189988399749,None,None,-0.00003070078203490304,-0.1856783297470936,-0.5264938545838194,-0.22854681700439083,0.3840467434482907,-2.507900120464486,3 days 14:56:43.636363635,false
XMR-USD,false,41,68,111,24.545454545454547,0.6051570385052379,0.15151515151515152,0.0001,0.00003776223776223777,4.586776859504132,9.132231404958677,0.0004586776859504132,-0.7938668818211948,0,0,17424,726 days 01:00:00,1000.0,478.0022411758737,-52.19977588241264,34.915698157888286,100.0,156.3606426075396,58.03975045879176,635 days 19:00:00,110,1,21.700379120978198,20.273199323916476,-9.1928026688934,4.786461183424084,-2.375564320446514,8 days 15:33:20,1 days 23:44:49.156626506,-4.942710344955495,-0.5714985059463319,-0.534138566998026,0.9760089446153175,-0.10499478685060608,26.431582684269628,0.9840254451871057,0.38789326961369974,-0.00746018998839978,None,None,-0.00003015635192509546,-0.18238561644297735,-0.5219977588241238,-0.22601217163992793,0.3840799601098481,-2.4950231167186177,3 days 14:58:21.818181817,false
XMR-USD,false,42,64,111,24.545454545454547,0.6350082722613309,0.15151515151515152,0.0001,0.00003776223776223777,4.586776859504132,9.132231404958677,0.0004586776859504132,-0.633237979686878,0,0,17424,726 days 01:00:00,1000.0,531.4169235327679,-46.85830764672321,34.915698157888286,100.0,161.34280770109993,52.76229649006445,635 days 19:00:00,110,1,24.125302600248574,20.563418258195444,-8.98067077171009,4.759456544209805,-2.2449185406097487,8 days 16:35:33.333333333,1 days 23:36:52.048192771,-4.4791670824316405,-0.45508209062156285,-0.5160346788940183,0.9808689279654157,-0.09656472760801439,26.28327760256285,0.9862903120094406,0.3895534290271132,-0.007458196364188694,None,None,-0.000024045287016732505,-0.1454258958771982,-0.46858307646722974,-0.19702495606780368,0.3845901572204376,-2.342041262781876,3 days 15:07:38.181818180,false
XMR-USD,false,42,65,111,24.545454545454547,0.6152453498804211,0.15151515151515152,0.0001,0.00003776223776223777,4.586776859504132,9.132231404958677,0.0004586776859504132,-0.7478912470371931,0,0,17424,726 days 01:00:00,1000.0,492.58048453216907,-50.74195154678309,34.915698157888286,100.0,157.56122260183542,56.48494490303504,635 days 19:00:00,110,1,22.36220323078004,20.273199323916458,-8.980670771710082,4.837953618048894,-2.3569285490548144,8 days 16:11:06.666666666,1 days 23:38:18.795180722,-4.8161974427146435,-0.5379849753976004,-0.530252158316999,0.9774133391476898,-0.10056042697341282,26.34674932861044,0.9850321508169455,0.3884462151394423,-0.007460189988399828,None,None,-0.000028411907633978744,-0.17183521737030344,-0.5074195154678292,-0.21789929891508064,0.38440425955093094,-2.453270426308783,3 days 15:02:43.636363634,false
XMR-USD,false,42,66,111,24.545454545454547,0.60802314647824,0.15151515151515152,0.0001,0.00003776223776223777,4.586776859504132,9.132231404958677,0.0004586776859504132,-0.771874894281004,0,0,17424,726 days 01:00:00,1000.0,485.0475803159334,-51.49524196840666,34.915698157888286,100.0,156.50076063644144,57.340898910635374,635 days 19:00:00,110,1,22.020223919193086,20.27319932391646,-9.192802668893409,4.801732664991923,-2.3632883110849696,8 days 15:33:20,1 days 23:46:59.277108433,-4.881569487302357,-0.555553090576205,-0.5317647028608328,0.9766722403003952,-0.10439990141856036,26.427203565510414,0.9844904294160999,0.3881143949653469,-0.00746018998839978,None,None,-0.000029315926530214527,-0.17730272365473745,-0.5149524196840645,-0.2220715271746163,0.3840926539132624,-2.474844974760233,3 days 14:59:59.999999999,false
XMR-USD,false,43,63,111,24.545454545454547,0.6251761176832953,0.15151515151515152,0.0001,0.00003776223776223777,4.586776859504132,9.132231404958677,0.0004586776859504132,-0.6995859801846849,0,0,17424,726 days 01:00:00,1000.0,508.7593840422159,-49.12406159577841,34.915698157888286,100.0,160.4919754602445,54.78700579732833,635 days 19:00:00,110,1,23.096694040414263,20.56341825819544,-8.980670771710072,4.776016020655019,-2.3005910247951027,8 days 16:13:20,1 days 23:42:39.036144578,-4.675793727256346,-0.503086553175934,-0.5257433548507919,0.978869208500045,-0.10037542095794434,26.368772264361546,0.9854872547775504,0.38911033163265296,-0.0074581963641886006,None,None,-0.000026562871055101086,-0.16065224414125137,-0.49124061595778235,-0.20907713879694712,0.38431757822222073,-2.4069333906382195,3 days 15:06:32.727272726,false
XMR-USD,false,51,56,111,24.545454545454547,0.6174735396346138,0.15151515151515152,0.0001,0.00003776223776223777,4.586776859504132,9.132231404958677,0.0004586776859504132,-0.7468805501950181,0,0,17424,726 days 01:00:00,1000.0,493.68160369715594,-50.631839630284404,34.915698157888286,100.0,157.0436644131309,56.177219582969244,635 days 19:00:00,110,1,22.4121919155167,20.27319932391647,-9.192802668893396,4.871887515894572,-2.3641703579783293,8 days 17:42:13.333333333,1 days 23:04:20.240963855,-4.806641711076,-0.5372536958287388,-0.5317562387515417,0.977429728473669,-0.10022446228729243,26.511542549657023,0.9846506335065137,0.38822498406628425,-0.007452411460490735,None,None,-0.00002832518939048079,-0.17131074543362781,-0.5063183963028433,-0.21729292273469114,0.38375262123736953,-2.4501167755926847,3 days 14:59:27.272727272,false
XMR-USD,false,29,42,164,24.539877300613497,0.5320428073037503,0.22451790633608815,0.0001,0.000037753657385559226,6.776859504132232,13.512396694214877,0.0006776859504132232,-1.213187085532185,0,0,17424,726 days 01:00:00,1000.0,364.8430459120541,-63.51569540879459,34.915698157888286,100.0,188.36723729625953,68.53949645870703,722 days 11:00:00,163,1,16.55505792473241,22.185214425160368,-7.125563139087587,3.7469315978976536,-1.991172447930728,5 days 16:19:29.999999999,1 days 10:12:40.975609756,-3.998233202531771,-0.8698566751464343,-0.580155304700334,0.9640569648720828,0.12944789182199976,23.044438267889486,0.9906122985300573,0.3913286489939316,-0.007573869459241609,None,None,-0.000045748905742525845,-0.2766893819307963,-0.6351569540879443,-0.29528667450937884,0.3828167699507194,-2.819115720429749,2 days 11:16:11.779141103,false
XMR-USD,false,30,42,164,24.539877300613497,0.547211699797715,0.22451790633608815,0.0001,0.000037753657385559226,6.776859504132232,13.512396694214877,0.0006776859504132232,-1.1370799228642414,0,0,17424,726 days 01:00:00,1000.0,384.33072137110776,-61.56692786288922,34.915698157888286,100.0,191.2170624546455,67.88072760536646,722 days 11:00:00,163,1,17.43932747477004,22.185214425160382,-8.222010603968485,3.809521160672795,-1.9683005224471355,5 days 17:03:00,1 days 09:56:35.121951219,-3.884101877936576,-0.814675206884926,-0.5622653106960747,0.9662891561448346,0.13380894698524,23.139077778651252,0.9905202603662033,0.39177316293929715,-0.007564556714894992,None,None,-0.00004279321096951177,-0.2588133399436072,-0.6156692786288938,-0.2824431340982406,0.3823387531686925,-2.76330221393496,2 days 11:14:43.435582820,false
XMR-USD,false,25,54,160,24.528301886792452,0.5639025447399897,0.2190082644628099,0.0001,0.000037735849056603776,6.6115702479338845,13.181818181818182,0.0006611570247933885,-1.0834544040308691,0,0,17424,726 days 01:00:00,1000.0,399.05391658905546,-60.09460834109446,34.915698157888286,100.0,192.5472674939021,63.47979093799766,722 days 11:00:00,159,1,17.710332536507394,21.32200827661488,-7.172505688054681,3.8240460013988153,-1.9635146951024904,6 days 00:33:50.769230769,1 days 09:19:00,-3.890920855015418,-0.7756183667628012,-0.5826623146394945,0.9678588078729256,0.13700391192906244,23.236480353440633,0.9929954272184985,0.39010769844435583,-0.007517332111407929,None,None,-0.000040675338403136336,-0.24600444666216856,-0.6009460834109466,-0.273019033421222,0.38171658907854694,-2.7211343754132455,2 days 12:36:13.584905660,false
XMR-USD,false,26,51,160,24.528301886792452,0.5619333991371979,0.2190082644628099,0.0001,0.000037735849056603776,6.6115702479338845,13.181818181818182,0.0006611570247933885,-1.051423683551872,0,0,17424,726 days 01:00:00,1000.0,407.77705139967145,-59.222294860032854,34.915698157888286,100.0,190.05618431294175,64.08533502281779,722 days 11:00:00,159,1,18.503224282162762,21.3220082766149,-7.172505688054688,3.862024068445766,-1.9569548465040207,5 days 21:03:04.615384615,1 days 10:27:30,-3.841045112468497,-0.7523895892965555,-0.5664093931605575,0.9687881323366989,0.13935659722014154,23.31932832621925,0.9945485040290218,0.3899968091895341,-0.007487835016430337,None,None,-0.00003944310339669746,-0.23855188934322624,-0.5922229486003281,-0.2675421968245434,0.3815805632479174,-2.696150957435549,2 days 12:36:13.584905659,false
XMR-USD,false,34,39,160,24.528301886792452,0.5619347392744439,0.2190082644628099,0.0001,0.000037735849056603776,6.6115702479338845,13.181818181818182,0.0006611570247933885,-1.0735862398948732,0,0,17424,726 days 01:00:00,1000.0,400.79967303161675,-59.92003269683832,34.915698157888286,100.0,191.43450132562694,65.67283366834373,722 days 11:00:00,159,1,17.787810606112032,22.185214425160357,-8.222010603968483,3.924753396103111,-1.987510868180315,5 days 19:06:09.230769230,1 days 11:12:00,-3.8804285382043746,-0.7689907091927218,-0.5610972870822476,0.9681122458991855,0.13003100931708259,23.19043496288597,0.991821117227329,0.3912175648702595,-0.007528596230453495,None,None,-0.000040388353468820335,-0.2442687617794254,-0.5992003269683879,-0.2719167458278914,0.3822900547345401,-2.7161344569391335,2 days 12:41:07.924528301,false
XMR-USD,false,34,40,160,24.528301886792452,0.5696489591482105,0.2190082644628099,0.0001,0.000037735849056603776,6.6115702479338845,13.181818181818182,0.0006611570247933885,-1.0271890234072738,0,0,17424,726 days 01:00:00,1000.0,413.8021366873246,-58.61978633126754,34.915698157888286,100.0,193.07387111838665,64.18798151047697,722 days 11:00:00,159,1,18.364870360605266,22.185214425160368,-8.222010603968492,3.931851414721193,-1.9631436829516649,5 days 20:24:36.923076923,1 days 10:38:30,-3.8022813438571044,-0.7351461876937088,-0.5581588045275956,0.9694950045621892,0.1353760681929746,23.25947266623443,0.9944809670442578,0.3899968091895341,-0.007517332111407856,None,None,-0.00003857737288140318,-0.2333159511867264,-0.5861978633126756,-0.2638038543047435,0.3819591197225478,-2.678894864601868,2 days 12:35:05.660377358,false
XMR-USD,false,35,38,160,24.528301886792452,0.5669859335604817,0.2190082644628099,0.0001,0.000037735849056603776,6.6115702479338845,13.181818181818182,0.0006611570247933885,-1.0456085564877466,0,0,17424,726 days 01:00:00,1000.0,408.28742490793525,-59.17125750920648,34.915698157888286,100.0,192.5689566132809,65.03153248622357,722 days 11:00:00,159,1,18.120123033500192,22.18521442516037,-8.22201060396849,3.9247533961031165,-1.972294308211954,5 days 19:06:09.230769230,1 days 11:11:30,-3.8354257743746247,-0.7487365621958124,-0.5575520844293257,0.9689426845260399,0.1309994931542864,23.18561532554505,0.9924741497216727,0.3912175648702595,-0.007524405358265909,None,None,-0.00003932559153437573,-0.23784117759990442,-0.5917125750920678,-0.26722413643626597,0.38229988490305317,-2.6946892266520037,2 days 12:40:45.283018867,false
XMR-USD,false,42,76,107,24.528301886792452,0.5819139484864903,0.14600550964187328,0.0001,0.000037735849056603776,4.421487603305785,8.801652892561984,0.0004421487603305785,-0.8757897760377445,0,0,17424,726 days 01:00:00,1000.0,453.0599321752377,-54.69400678247624,34.915698157888286,100.0,149.65909365206105,59.711319564415845,635 days 19:00:00,106,1,21.998875581791765,20.564604478564068,-9.192802668893401,4.719416260341794,-2.461568232943413,8 days 17:23:04.615384615,2 days 02:38:15,-5.367348522703348,-0.6317485623676289,-0.549902210942424,0.9733665181402257,-0.14304774323735492,26.96628490378467,0.9820320999787439,0.38348551012306464,-0.007451445542635801,None,None,-0.000033274675487404686,-0.20124523734782354,-0.5469400678247653,-0.24027587091144098,0.3833782853916386,-2.5664589187118847,3 days 17:34:31.698113206,false
XMR-USD,false,43,74,107,24.528301886792452,0.5784897932773332,0.14600550964187328,0.0001,0.000037735849056603776,4.421487603305785,8.801652892561984,0.0004421487603305785,-0.9141284566860159,0,0,17424,726 days 01:00:00,1000.0,441.82541639483725,-55.81745836051627,34.915698157888286,100.0,149.1131942145391,60.76086159236313,635 days 19:00:00,106,1,21.45337001547938,20.719911688454655,-9.192802668893387,4.7561042743728486,-2.503056338213997,8 days 17:20:46.153846153,2 days 02:37:30,-5.4681882417041745,-0.6596463473801472,-0.554269516937318,0.9721926853580464,-0.1442271523633722,27.01861013037251,0.9816588250331715,0.38315605651690754,-0.007451445542635809,None,None,-0.000034727295364507,-0.2100306823645383,-0.5581745836051663,-0.24686827130065625,0.38319315547999383,-2.598635035396128,3 days 17:33:23.773584904,false
XMR-USD,false,46,60,107,24.528301886792452,0.6478781355355837,0.14600550964187328,0.0001,0.000037735849056603776,4.421487603305785,8.801652892561984,0.0004421487603305785,-0.6152384307702814,0,0,17424,726 days 01:00:00,1000.0,538.5139400698237,-46.14860599301763,34.915698157888286,100.0,156.35320213122142,52.41436192448512,635 days 19:00:00,106,1,24.447493452540698,20.56341825819545,-9.192802668893398,5.0859256756434394,-2.355605878717024,8 days 20:41:32.307692307,2 days 02:33:00,-4.584278805497325,-0.4421262819152949,-0.5101693393000902,0.9813915134155843,-0.09841369391250143,26.45573463362125,0.9864201643349102,0.38888888888888895,-0.00744682661091648,None,None,-0.000023323192881372715,-0.14105867054654217,-0.46148605993017655,-0.193319021231928,0.3839720532919088,-2.321715114626501,3 days 18:19:14.716981131,false
XMR-USD,false,50,56,107,24.528301886792452,0.6412811677264035,0.14600550964187328,0.0001,0.000037735849056603776,4.421487603305785,8.801652892561984,0.0004421487603305785,-0.6529456433942066,0,0,17424,726 days 01:00:00,1000.0,525.2561221681074,-47.474387783189265,34.915698157888286,100.0,155.48656211892404,53.46758552220739,635 days 19:00:00,106,1,23.84561410972327,20.273199323916458,-9.192802668893396,5.104607331315906,-2.3915166609803937,8 days 18:55:23.076923077,2 days 03:07:30,-4.7036744522794045,-0.4693718815176589,-0.5171832139231437,0.980257558213615,-0.09921361578551818,26.46879108547086,0.9860864426073402,0.3886675167357348,-0.007450925614535018,None,None,-0.000024757027510297443,-0.14973050238227895,-0.47474387783189786,-0.20026830716130273,0.38391879574996673,-2.359686052059185,3 days 18:19:14.716981131,false
XMR-USD,false,51,55,107,24.528301886792452,0.6417652475248411,0.14600550964187328,0.0001,0.000037735849056603776,4.421487603305785,8.801652892561984,0.0004421487603305785,-0.6497939237681489,0,0,17424,726 days 01:00:00,1000.0,526.3543878148296,-47.36456121851704,34.915698157888286,100.0,155.49519698322464,53.370290221642314,635 days 19:00:00,106,1,23.895473250238638,20.273199323916458,-9.192802668893396,5.104607331315906,-2.388946565689258,8 days 18:55:23.076923077,2 days 03:06:45,-4.693783824862354,-0.46710396286974964,-0.5167018683695501,0.9803511721277481,-0.09928370122541466,26.46938896128346,0.985979597967317,0.3886675167357348,-0.007450925614535018,None,None,-0.000024637282792498516,-0.149006286329031,-0.473645612185176,-0.19968831333180936,0.38391687421021436,-2.3565405739371204,3 days 18:18:40.754716980,false
XMR-USD,false,52,54,107,24.528301886792452,0.6417652475248411,0.14600550964187328,0.0001,0.000037735849056603776,4.421487603305785,8.801652892561984,0.0004421487603305785,-0.6497939237681489,0,0,17424,726 days 01:00:00,1000.0,526.3543878148296,-47.36456121851704,34.915698157888286,100.0,155.49519698322464,53.370290221642314,635 days 19:00:00,106,1,23.895473250238638,20.273199323916458,-9.192802668893396,5.104607331315906,-2.388946565689258,8 days 18:55:23.076923077,2 days 03:06:45,-4.693783824862354,-0.46710396286974964,-0.5167018683695501,0.9803511721277481,-0.09928370122541466,26.46938896128346,0.985979597967317,0.3886675167357348,-0.007450925614535018,None,None,-0.000024637282792498516,-0.149006286329031,-0.473645612185176,-0.19968831333180936,0.38391687421021436,-2.3565405739371204,3 days 18:18:40.754716980,false
XMR-USD,false,9,24,417,24.519230769230766,0.43688894289694513,0.5730027548209367,0.0001,0.00003772189349112426,17.231404958677686,34.421487603305785,0.0017231404958677687,-3.2258346849132122,0,0,17424,726 days 01:00:00,1000.0,94.02394297442117,-90.59760570255789,34.915698157888286,100.0,319.1763625569149,91.01525076024113,725 days 03:00:00,416,1,3.9225523114121614,19.696810065100617,-11.520637103641038,2.088487413513041,-1.4082451432023337,2 days 04:45:17.647058823,0 days 12:53:53.121019108,-2.1872562724446882,-2.3687685257079565,-0.7639780982147135,0.9039370628116816,-0.4562616005396898,36.75631816238731,1.0085264139957282,0.36859880615771284,-0.007615482258610243,None,None,-0.00012370078886936583,-0.7481423710819245,-0.9059760570255786,-0.5598265075603683,0.380108682296586,-3.594752804107677,0 days 22:40:14.423076922,false
XMR-USD,false,25,59,156,24.516129032258064,0.5767535729594779,0.21349862258953167,0.0001,0.000037717121588089326,6.446280991735537,12.851239669421489,0.0006446280991735538,-1.0587108939036733,0,0,17424,726 days 01:00:00,1000.0,406.1468610237598,-59.385313897624016,34.915698157888286,100.0,193.27263344174358,62.71835260608833,722 days 11:00:00,155,1,18.025123093320644,22.166403311106528,-7.172505688054695,3.981621127024986,-2.016777856872863,6 days 05:22:06.315789473,1 days 09:56:24.615384615,-3.9476016907713607,-0.757955018822976,-0.5807979189170184,0.9685851134766079,0.14216640526624347,23.255930178506944,0.9875266842433131,0.39221796100990736,-0.007489941431631907,None,None,-0.00003969639138906456,-0.24008377512106244,-0.5938531389762414,-0.26855986178991764,0.38121110212234627,-2.700819889927003,2 days 14:14:19.354838708,false
XMR-USD,false,46,72,103,24.509803921568626,0.5603529693962797,0.14049586776859505,0.0001,0.00003770739064856712,4.256198347107438,8.47107438016529,0.00042561983471074385,-0.9693853041996595,0,0,17424,726 days 01:00:00,1000.0,425.3588906430066,-57.46411093569934,34.915698157888286,100.0,141.53389035769803,62.56350380929854,635 days 19:00:00,102,1,20.653817846874063,20.564604478564075,-9.192802668893396,4.781483452589696,-2.594627648939543,8 days 22:00:00,2 days 05:40:31.168831168,-5.836224776508505,-0.7003555217974735,-0.5583487622594319,0.970505281915035,-0.15520358987804517,26.94964580121775,0.9783514067066367,0.3828267597809698,-0.007466933014796006,None,None,-0.000036892140609984016,-0.22312366640918332,-0.5746411093569906,-0.2567315934390795,0.3834186577142072,-2.645795844489417,3 days 20:58:14.117647057,false
XMR-USD,false,48,69,103,24.509803921568626,0.5575058076903487,0.14049586776859505,0.0001,0.00003770739064856712,4.256198347107438,8.47107438016529,0.00042561983471074385,-0.9782899789896432,0,0,17424,726 days 01:00:00,1000.0,422.86558302656636,-57.713441697343356,34.915698157888286,100.0,142.49601227125902,63.17419856924767,635 days 19:00:00,102,1,20.532752265599072,20.56460447856407,-9.192802668893416,4.6877991173156515,-2.57503884881362,8 days 21:31:12,2 days 05:52:59.220779220,-5.859482051363062,-0.706880991415658,-0.555990864247184,0.9702316036274135,-0.15581666487090925,26.960754288205848,0.9776686389152144,0.38315605651690754,-0.007468294324475256,None,None,-0.00003723200739950288,-0.2251791807521934,-0.5771344169734351,-0.2582466818202913,0.3833787996510417,-2.6529367803663555,3 days 21:00:35.294117646,false
XMR-USD,false,49,69,103,24.509803921568626,0.5574863078994862,0.14049586776859505,0.0001,0.00003770739064856712,4.256198347107438,8.47107438016529,0.00042561983471074385,-0.9927104984903757,0,0,17424,726 days 01:00:00,1000.0,418.7995771589134,-58.12004228410866,34.915698157888286,100.0,143.3222628062614,63.95902475128824,635 days 19:00:00,102,1,18.678535781243852,20.56460447856406,-9.1928026688934,4.694574620208916,-2.582742331323593,8 days 21:12:00,2 days 05:48:18.701298701,-5.881166261003244,-0.7172982506423824,-0.5540833842076176,0.9697937287666578,-0.15500317469022076,26.950946384820814,0.9770370014296451,0.38238794129313763,-0.00746693301479607,None,None,-0.00003778421955610589,-0.22851895987532841,-0.5812004228410826,-0.2607300008353721,0.3834145845687799,-2.664581988917726,3 days 20:52:21.176470587,false
XMR-USD,false,52,62,103,24.509803921568626,0.5862401525908207,0.14049586776859505,0.0001,0.00003770739064856712,4.256198347107438,8.47107438016529,0.00042561983471074385,-0.8607340596973773,0,0,17424,726 days 01:00:00,1000.0,459.64842105344655,-54.03515789465534,34.915698157888286,100.0,147.19870094857768,59.79206801899626,635 days 19:00:00,102,1,22.318787665846173,20.40105151435966,-9.192802668893409,4.767222780799938,-2.49734282622207,8 days 21:31:12,2 days 05:56:52.987012987,-5.516376143258818,-0.620097107051785,-0.5409768748531867,0.9738884920539497,-0.09273579863449084,26.66949068880232,0.9787216855629024,0.38414488839463024,-0.007461921798605278,None,None,-0.00003253895862737911,-0.19679562177838886,-0.5403515789465534,-0.23645928677411665,0.38194593198222027,-2.547589214751174,3 days 21:03:31.764705882,false
XMR-USD,false,16,87,152,24.503311258278146,0.5461617267658738,0.20798898071625344,0.0001,0.00003769740193581253,6.2809917355371905,12.520661157024794,0.000628099173553719,-0.9869171121614372,0,0,17424,726 days 01:00:00,1000.0,424.20578154960526,-57.57942184503947,34.915698157888286,100.0,186.01515364358755,60.5675873511205,722 days 11:00:00,151,1,20.144297629822745,22.16517146772853,-5.5707639891608105,3.524731068906667,-1.8647222364295508,6 days 13:47:01.621621621,1 days 09:58:25.263157894,-3.9466126892729667,-0.7078660472125106,-0.5782134223222677,0.9707654323772992,0.09301403265756193,22.858277171690904,0.989687966693688,0.3940000000000001,-0.0075235524316043766,None,None,-0.000037148865145940345,-0.2246763364026472,-0.575794218450397,-0.2574315712985037,0.3819903691969682,-2.6490983965053814,2 days 16:18:40.529801323,false
XMR-USD,false,27,56,152,24.503311258278146,0.620731678047858,0.20798898071625344,0.0001,0.00003769740193581253,6.2809917355371905,12.520661157024794,0.000628099173553719,-0.875951478272529,0,0,17424,726 days 01:00:00,1000.0,457.83922860360155,-54.21607713963984,34.915698157888286,100.0,197.68001578335202,58.039870589411194,635 days 19:00:00,151,1,20.31927178195798,22.166403311106563,-7.172505688054691,4.195996756359152,-1.9980660730219812,6 days 09:03:14.594594594,1 days 10:56:18.947368421,-3.7250333985321626,-0.6261995422951642,-0.559617500016355,0.9739735257145382,0.14799465257050967,23.18164718664979,0.9896284409803469,0.39288569144684243,-0.007468294324475395,None,None,-0.00003281080269087132,-0.19843973467438972,-0.5421607713963946,-0.23750374021854692,0.3813836349571089,-2.5527708165672505,2 days 15:52:50.860927151,false
XMR-USD,false,9,26,393,24.489795918367346,0.45107044930235696,0.5399449035812672,0.0001,0.000037676609105180535,16.239669421487605,32.43801652892562,0.0016239669421487606,-2.966144292346415,0,0,17424,726 days 01:00:00,1000.0,112.27473315349482,-88.77252668465051,34.915698157888286,100.0,314.9002330704498,89.27123994768634,725 days 03:00:00,392,1,4.683950705664756,19.69681006510061,-11.52063710364104,2.2294505523087746,-1.4355437786166647,2 days 09:34:22.500000,0 days 13:16:00.810810810,-2.276554126408593,-2.171761805063403,-0.7470684524456254,0.9117142413575995,-0.426946720540706,36.63441675878737,1.006789147408453,0.37129141418115996,-0.007618027989106682,None,None,-0.00011350348950308709,-0.6864691045146707,-0.8877252668465043,-0.5318718605640665,0.3804126646131937,-3.5424817880834696,1 days 00:07:02.448979591,false
XMR-USD,false,22,70,148,24.489795918367346,0.6205608147707113,0.2024793388429752,0.0001,0.000037676609105180535,6.115702479338843,12.190082644628099,0.0006115702479338843,-0.7701424691605984,0,0,17424,726 days 01:00:00,1000.0,491.2647823579869,-50.873521764201314,34.915698157888286,100.0,195.18629613534677,56.81855675949156,635 days 19:00:00,147,1,21.802724637820234,22.090837561254006,-7.172505688054685,4.067813769642598,-1.917734014840588,6 days 10:45:00,1 days 12:45:56.756756756,-3.6091016481621354,-0.5506643692146024,-0.5287953397070568,0.9771279059811371,0.12423202688460243,23.02126244601569,0.9916288893388567,0.39333120102350866,-0.007461921798605273,None,None,-0.000028805644848387723,-0.17421654004304896,-0.5087352176420128,-0.21862500564332288,0.38075759050211005,-2.4570386516160148,2 days 17:39:35.510204080,false
XMR-USD,false,25,62,148,24.489795918367346,0.595754841466474,0.2024793388429752,0.0001,0.000037676609105180535,6.115702479338843,12.190082644628099,0.0006115702479338843,-0.9135776042065613,0,0,17424,726 days 01:00:00,1000.0,446.98523657403075,-55.30147634259692,34.915698157888286,100.0,187.91775620390771,58.969654626329046,722 days 11:00:00,147,1,19.837562919568143,22.090837561254002,-7.007675914303743,4.0899274234611065,-2.006327599059177,6 days 11:46:40,1 days 12:22:42.162162162,-3.896954600990039,-0.6543181526475004,-0.5645214955487029,0.9728658944430979,0.11695822689556828,23.05000879429164,0.9885093720862911,0.39266304347826086,-0.007468294324475211,None,None,-0.00003422668446900987,-0.20700298766857173,-0.5530147634259683,-0.2438270675635965,0.3807446472557464,-2.5838570975302986,2 days 17:37:08.571428571,false
XMR-USD,false,25,63,148,24.489795918367346,0.5856603200355154,0.2024793388429752,0.0001,0.000037676609105180535,6.115702479338843,12.190082644628099,0.0006115702479338843,-0.9600108690393807,0,0,17424,726 days 01:00:00,1000.0,433.246268118083,-56.6753731881917,34.915698157888286,100.0,186.74262082687179,60.230802813562654,722 days 11:00:00,147,1,19.227816491959516,22.090837561254002,-7.007675914303722,4.058023540988372,-2.0233687422498603,6 days 11:53:20,1 days 12:20:32.432432432,-3.986269036556984,-0.6876908600426448,-0.5699486583934935,0.9715165180560816,0.11707893967947242,22.98360298579985,0.9887342685288599,0.39221796100990736,-0.0074878350164303735,None,None,-0.00003599988856421739,-0.21772732603638675,-0.5667537318819168,-0.2519765826149588,0.3810358588015899,-2.623206070000562,2 days 17:37:08.571428570,false
XMR-USD,false,47,76,99,24.489795918367346,0.5551584658833957,0.1349862258953168,0.0001,0.000037676609105180535,4.090909090909091,8.140495867768596,0.0004090909090909091,-0.9986443789105452,0,0,17424,726 days 01:00:00,1000.0,416.46006097780514,-58.35399390221948,34.915698157888286,100.0,137.21477364814277,63.83500848519432,635 days 19:00:00,98,1,18.5741929426095,20.217563635414496,-8.593290028177906,4.870324094210929,-2.6887718668183807,9 days 01:22:30,2 days 09:27:34.054054054,-6.144021754742893,-0.7216849037260183,-0.5580040974676254,0.9696161144313588,-0.15462971793568844,26.811805637314148,0.975652321825619,0.38227828018403937,-0.007487835016430483,None,None,-0.00003807040495480614,-0.2302498091666675,-0.5835399390222004,-0.2621660047532579,0.3839704652208115,-2.671282459779081,4 days 00:37:20.816326529,false
XMR-USD,false,50,72,99,24.489795918367346,0.5672707267319295,0.1349862258953168,0.0001,0.000037676609105180535,4.090909090909091,8.140495867768596,0.0004090909090909091,-0.9458156553645506,0,0,17424,726 days 01:00:00,1000.0,431.39018181712163,-56.86098181828784,34.915698157888286,100.0,138.3287239549195,62.406516784492325,635 days 19:00:00,98,1,19.240078992942472,20.217563635414486,-8.593290028177902,4.927481947009301,-2.6593440007396456,9 days 01:22:30,2 days 09:24:19.459459459,-5.998468338528769,-0.6834627289199421,-0.5523470605064401,0.9711864053039222,-0.15854647353097426,26.840670552255272,0.9756182868464836,0.38249761980323704,-0.007477354898302179,None,None,-0.00003605105813956411,-0.21803679962808373,-0.5686098181828743,-0.2530904306242615,0.3839380230525449,-2.6285219777408804,4 days 00:34:53.877551019,false
XMR-USD,false,50,73,99,24.489795918367346,0.5629516717427541,0.1349862258953168,0.0001,0.000037676609105180535,4.090909090909091,8.140495867768596,0.0004090909090909091,-0.9499853777239508,0,0,17424,726 days 01:00:00,1000.0,430.6678054752689,-56.93321945247312,34.915698157888286,100.0,138.17148494715656,62.38006679198557,635 days 19:00:00,98,1,19.2078608793513,20.38973218315103,-8.593290028177904,4.865171601330368,-2.643812821613119,9 days 01:35:00,2 days 09:14:35.675675675,-6.005510769429407,-0.6862352060659422,-0.5534659701481912,0.9710605065708144,-0.15415195634416984,26.909208761543887,0.9769102686585908,0.38173023550868285,-0.007466933014796082,None,None,-0.000036167490708558146,-0.21874098380535967,-0.5693321945247394,-0.2535247786413658,0.38362184340461286,-2.630590893386176,4 days 00:30:36.734693876,false
XMR-USD,false,51,72,99,24.489795918367346,0.5536127431687148,0.1349862258953168,0.0001,0.000037676609105180535,4.090909090909091,8.140495867768596,0.0004090909090909091,-1.001515821983737,0,0,17424,726 days 01:00:00,1000.0,415.7330319069067,-58.426696809309334,34.915698157888286,100.0,136.24926094047257,63.68465742303717,635 days 19:00:00,98,1,18.541767316473738,20.38973218315103,-8.593290028177922,4.870180126211557,-2.690529909634964,9 days 01:30:00,2 days 09:15:24.324324324,-6.151109544995576,-0.7239134821752257,-0.5602090630519175,0.9694900885850495,-0.15868310208030945,26.861954380792135,0.9767461474601132,0.38129211256440754,-0.007468294324475372,None,None,-0.000038177312322280957,-0.2308963849251552,-0.5842669680930959,-0.26261333035027645,0.383863333277537,-2.6733647010323165,4 days 00:29:59.999999999,false
XMR-USD,false,52,75,99,24.489795918367346,0.5624687583167055,0.1349862258953168,0.0001,0.000037676609105180535,4.090909090909091,8.140495867768596,0.0004090909090909091,-0.9947079751243583,0,0,17424,726 days 01:00:00,1000.0,418.4298904602292,-58.15701095397707,34.915698157888286,100.0,137.70642085190065,63.64944945862444,635 days 19:00:00,98,1,20.08064928976421,20.04500434392255,-8.73554328507474,4.951403232251676,-2.7118829675255602,9 days 06:30:00,2 days 07:45:24.324324324,-6.139293457444234,-0.7196719116918648,-0.5572285375495805,0.9696924492987592,-0.1751603134499642,27.04850793021435,0.9761355884967559,0.3819494012213498,-0.007460189988399672,None,None,-0.000037863464455211677,-0.2289982330251202,-0.581570109539768,-0.26095656690089286,0.3829514694538056,-2.6656407868744854,4 days 00:35:30.612244897,false
XMR-USD,false,53,68,99,24.489795918367346,0.5706741704092476,0.1349862258953168,0.0001,0.000037676609105180535,4.090909090909091,8.140495867768596,0.0004090909090909091,-0.9309640374525043,0,0,17424,726 days 01:00:00,1000.0,435.67175906834814,-56.43282409316519,34.915698157888286,100.0,139.03863850180534,62.08948693596519,635 days 19:00:00,98,1,19.431038101425088,20.217563635414493,-8.593290028177904,4.932710141302938,-2.649332497436353,9 days 01:02:30,2 days 09:30:00,-5.95672733707221,-0.672591002466818,-0.5499142148409593,0.9716332214806344,-0.15806999723890225,26.83055925043272,0.9766738586537028,0.38227828018403937,-0.0074669330147960665,None,None,-0.000035481588657829385,-0.2145926482025521,-0.5643282409316519,-0.25052571761912046,0.38398118788706775,-2.616259363853381,4 days 00:34:17.142857142,false
XMR-USD,false,54,72,99,24.489795918367346,0.5733712958471063,0.1349862258953168,0.0001,0.000037676609105180535,4.090909090909091,8.140495867768596,0.0004090909090909091,-0.9356809601395351,0,0,17424,726 days 01:00:00,1000.0,435.4297070604041,-56.45702929395959,34.915698157888286,100.0,140.13688046014107,62.27958439576422,635 days 19:00:00,98,1,20.896478567072677,20.198752313806708,-8.735543285074753,4.91326162109838,-2.6474865721611542,9 days 02:02:30,2 days 09:08:06.486486486,-5.974150729659886,-0.6765850245747399,-0.5485310852949106,0.9714831828883294,-0.17347174534097545,27.078761476529817,0.9777390986900627,0.38173023550868285,-0.007458196364188712,None,None,-0.00003558565798926091,-0.21522205951904996,-0.5645702929395967,-0.2506702695168914,0.38283405531896025,-2.6169526107901873,4 days 00:32:26.938775509,false
XMR-USD,false,56,66,99,24.489795918367346,0.5561996134338735,0.1349862258953168,0.0001,0.000037676609105180535,4.090909090909091,8.140495867768596,0.0004090909090909091,-1.0007416250315981,0,0,17424,726 days 01:00:00,1000.0,416.31322960899047,-58.36867703910096,34.915698157888286,100.0,136.6196883326914,63.76350194219178,635 days 19:00:00,98,1,18.567644237391562,20.389732183151025,-8.593290028177925,4.904316838673585,-2.698316069181634,9 days 01:17:30,2 days 09:15:24.324324324,-6.145453210493897,-0.7233382061804254,-0.5588088370946978,0.9695010990774481,-0.15892582791338028,26.946151094447142,0.9773684613046688,0.38085426737459394,-0.007460189988399792,None,None,-0.000038116648088408886,-0.23052948763869693,-0.5836867703910076,-0.262256305873815,0.3835581736857728,-2.671702990877016,4 days 00:26:56.326530611,false
XMR-USD,false,63,69,99,24.489795918367346,0.5565907791467062,0.1349862258953168,0.0001,0.000037676609105180535,4.090909090909091,8.140495867768596,0.0004090909090909091,-1.079977669880839,0,0,17424,726 days 01:00:00,1000.0,394.7548668448187,-60.52451331551813,34.915698157888286,100.0,138.9639445999756,66.62227510855499,635 days 19:00:00,98,1,19.47800364092444,19.685655172017356,-7.447402913544801,4.850223377831486,-2.762066995246931,10 days 01:17:30,2 days 01:22:42.162162162,-6.374725885674554,-0.7825415802849237,-0.5603151911906931,0.9670691111361249,-0.1802382727234694,26.96973392558395,0.9733095654336302,0.38063544885508277,-0.007466933014796034,None,None,-0.00004119284642199356,-0.24913433516021705,-0.6052451331551817,-0.2757469855163297,0.3831530826370734,-2.7334470312415675,4 days 00:22:39.183673468,false
XMR-USD,false,64,68,99,24.489795918367346,0.554859452303088,0.1349862258953168,0.0001,0.000037676609105180535,4.090909090909091,8.140495867768596,0.0004090909090909091,-1.0859819335887069,0,0,17424,726 days 01:00:00,1000.0,393.18108904310907,-60.68189109568909,34.915698157888286,100.0,138.6651290671038,66.75534280934245,635 days 19:00:00,98,1,19.4003502607477,19.68565517201737,-7.447402913544805,4.840524391414236,-2.764419904549294,10 days 01:15:00,2 days 01:23:30.810810810,-6.3899924614044705,-0.7868997774140336,-0.5610817359737416,0.9668884690940315,-0.1801081679505997,26.970016118117297,0.973531675315166,0.38052606559974644,-0.007466933014795995,None,None,-0.00004142215141460208,-0.25052117175551336,-0.6068189109568884,-0.27675047155634225,0.3831520678141438,-2.7379543957931602,4 days 00:22:39.183673468,false
XMR-USD,false,65,67,99,24.489795918367346,0.5536260723987881,0.1349862258953168,0.0001,0.000037676609105180535,4.090909090909091,8.140495867768596,0.0004090909090909091,-1.092337005618705,0,0,17424,726 days 01:00:00,1000.0,391.5101451127639,-60.848985488723606,34.915698157888286,100.0,138.6440905190333,66.89662620189912,635 days 19:00:00,98,1,19.31790250723634,19.68565517201737,-7.447402913544805,4.822109949978532,-2.764419904549294,10 days 01:17:30,2 days 01:23:30.810810810,-6.406201606066044,-0.7915188724790164,-0.5618963691274682,0.9666999655327055,-0.1799729852646171,26.967708872860765,0.9735431466337081,0.38052606559974644,-0.007466933014795995,None,None,-0.00004166609041934003,-0.2519965148561685,-0.608489854887234,-0.2778187880557239,0.3831593447990648,-2.742740048145833,4 days 00:23:15.918367345,false
XMR-USD,false,57,67,95,24.46808510638298,0.5604707574585018,0.12947658402203857,0.0001,0.00003764320785597382,3.925619834710744,7.809917355371901,0.0003925619834710744,-0.99397845483889,0,0,17424,726 days 01:00:00,1000.0,418.8800826900401,-58.11199173099598,34.915698157888286,100.0,132.19586441507207,63.32373988953339,635 days 19:00:00,94,1,18.68212634228007,20.54380493526374,-8.593290028177911,5.087287946048426,-2.7931327350724633,9 days 08:49:33.913043478,2 days 12:16:03.380281690,-6.380872804811068,-0.7193354437326208,-0.5595436106925086,0.9696826770498945,-0.17764739359918288,27.09397594759811,0.9763409226476155,0.38085426737459394,-0.007446826610916496,None,None,-0.00003781888929231872,-0.22872864243994362,-0.5811199173099624,-0.26068067955855256,0.38267954983440705,-2.664351417755257,4 days 04:31:54.893617020,false
XMR-USD,false,57,69,95,24.46808510638298,0.5823664670297667,0.12947658402203857,0.0001,0.00003764320785597382,3.925619834710744,7.809917355371901,0.0003925619834710744,-0.9131796455460011,0,0,17424,726 days 01:00:00,1000.0,442.17414865815454,-55.78258513418455,34.915698157888286,100.0,133.94288804667394,61.67048673731404,635 days 19:00:00,94,1,21.22014752444744,20.045004343922542,-8.735543285074739,5.269478724316137,-2.7811144345624856,9 days 20:18:15.652173913,2 days 08:41:24.507042253,-6.160063817726531,-0.6604823542185692,-0.5456675254005542,0.9721430857701076,-0.1772210498852431,27.136866407366778,0.9761793867282571,0.3820590101522842,-0.007451445542635783,None,None,-0.00003471796209282131,-0.20997423473738328,-0.5578258513418484,-0.2466619996699213,0.38260527175268944,-2.5976362518067515,4 days 04:38:17.872340424,false
XMR-USD,false,58,68,95,24.46808510638298,0.5807356128000711,0.12947658402203857,0.0001,0.00003764320785597382,3.925619834710744,7.809917355371901,0.0003925619834710744,-0.9244274240811127,0,0,17424,726 days 01:00:00,1000.0,438.9233025798761,-56.10766974201239,34.915698157888286,100.0,133.75570798558365,61.95228373573756,635 days 19:00:00,94,1,21.06413787628128,20.045004343922542,-8.735543285074744,5.269478724316142,-2.7911457904349244,9 days 20:18:15.652173913,2 days 08:41:24.507042253,-6.192987609536228,-0.668677060109789,-0.5471510471889376,0.9717996404547464,-0.17736623873896376,27.150619642586594,0.9758345154410634,0.3820590101522842,-0.0074468266109165284,None,None,-0.000035144389711830326,-0.21255326897714982,-0.561076697420127,-0.24858897990529982,0.3825582094436812,-2.6069468090912666,4 days 04:38:17.872340424,false
XMR-USD,false,58,74,95,24.46808510638298,0.5572408930567002,0.12947658402203857,0.0001,0.00003764320785597382,3.925619834710744,7.809917355371901,0.0003925619834710744,-1.0680523263650905,0,0,17424,726 days 01:00:00,1000.0,397.51569424541265,-60.248430575458734,34.915698157888286,100.0,134.07869001106232,66.43765808328827,635 days 19:00:00,94,1,19.614228449476002,19.685655172017373,-8.735543285074751,5.030131916421891,-2.857637493645228,10 days 04:02:36.521739130,2 days 05:55:46.478873239,-6.618069512809187,-0.774339824255113,-0.5585613502660028,0.9673939745836853,-0.1883305810313617,26.945648429201327,0.9718232498055032,0.3807448494453249,-0.007460189988399788,None,None,-0.000040780823228771304,-0.24664241888760885,-0.6024843057545861,-0.27399289425756923,0.3833384100644518,-2.7255399076660645,4 days 04:26:48.510638297,false
XMR-USD,false,59,67,95,24.46808510638298,0.5834042659688958,0.12947658402203857,0.0001,0.00003764320785597382,3.925619834710744,7.809917355371901,0.0003925619834710744,-0.916244908898873,0,0,17424,726 days 01:00:00,1000.0,441.32023142391654,-55.86797685760835,34.915698157888286,100.0,134.22075198230488,61.82681668494323,635 days 19:00:00,94,1,21.17916763057724,20.04500434392254,-8.735543285074753,5.284633086584218,-2.7881321328100346,9 days 20:15:39.130434782,2 days 08:42:15.211267605,-6.168712087304918,-0.6627469628061637,-0.5453301537515927,0.9720446213436522,-0.17754342156320138,27.152403781966886,0.9756761703648615,0.3821686364718014,-0.007446826610916453,None,None,-0.000034832209289760586,-0.210665201784472,-0.5586797685760881,-0.24716727175501196,0.3825526540627637,-2.6000819059946663,4 days 04:38:17.872340424,false
XMR-USD,false,60,66,95,24.46808510638298,0.5822121450123433,0.12947658402203857,0.0001,0.00003764320785597382,3.925619834710744,7.809917355371901,0.0003925619834710744,-0.9123883775631878,0,0,17424,726 days 01:00:00,1000.0,442.4273672041809,-55.75726327958191,34.915698157888286,100.0,134.29973730959475,61.74323143038375,635 days 19:00:00,94,1,23.10897591467665,20.04500434392254,-8.735543285074757,5.240474805084052,-2.7774295890535208,9 days 21:44:20.869565217,2 days 08:14:21.971830985,-6.177463922452089,-0.6599414082520868,-0.5447153068988723,0.9721620919836863,-0.17754854883444485,27.145409294018428,0.9755923027690181,0.3821686364718014,-0.0074468266109163905,None,None,-0.000034686918013439774,-0.20978648014528375,-0.5575726327958237,-0.24651228999772312,0.3825764905490464,-2.5969110234441932,4 days 04:38:56.170212764,false
XMR-USD,false,61,65,95,24.46808510638298,0.5794312049352204,0.12947658402203857,0.0001,0.00003764320785597382,3.925619834710744,7.809917355371901,0.0003925619834710744,-0.9266562490185335,0,0,17424,726 days 01:00:00,1000.0,438.28278254302325,-56.17172174569768,34.915698157888286,100.0,134.22671733156741,62.17389570846995,635 days 19:00:00,94,1,22.892494941276937,20.04500434392254,-8.735543285074753,5.211146356148685,-2.7813836938097865,9 days 21:41:44.347826086,2 days 08:12:40.563380281,-6.219252259555898,-0.6703121037240893,-0.5459810570184727,0.9717245138466534,-0.17745406572536113,27.155179811826915,0.975356374571163,0.3819494012213498,-0.007446826610916534,None,None,-0.000035229059404458,-0.21306535127816198,-0.5617172174569798,-0.2489697542253263,0.38254447224167226,-2.6087812849019936,4 days 04:37:01.276595743,false
XMR-USD,false,62,64,95,24.46808510638298,0.5802228043384677,0.12947658402203857,0.0001,0.00003764320785597382,3.925619834710744,7.809917355371901,0.0003925619834710744,-0.9237763038488235,0,0,17424,726 days 01:00:00,1000.0,439.1227821838486,-56.087721781615144,34.915698157888286,100.0,134.46378862711381,62.173895708469914,635 days 19:00:00,94,1,22.93637001073938,20.04500434392253,-8.73554328507473,5.211146356148687,-2.7787333169584825,9 days 21:41:44.347826086,2 days 08:11:49.859154929,-6.210782849222241,-0.6682260993730745,-0.544957901238103,0.9718101408614609,-0.17752005874442994,27.155698659015197,0.9752405338005502,0.3819494012213498,-0.007446826610916523,None,None,-0.00003511928013301893,-0.21240140624449846,-0.560877217816149,-0.24847046799690498,0.38254287317488767,-2.606375491275794,4 days 04:36:22.978723403,false
XMR-USD,false,62,69,95,24.46808510638298,0.5637581659126204,0.12947658402203857,0.0001,0.00003764320785597382,3.925619834710744,7.809917355371901,0.0003925619834710744,-1.0348668732962738,0,0,17424,726 days 01:00:00,1000.0,406.8331687029586,-59.31668312970414,34.915698157888286,100.0,135.93810575840382,65.6375159116536,635 days 19:00:00,94,1,20.073971486614084,19.685655172017356,-8.73554328507474,5.019830236648907,-2.822793375531527,10 days 04:00:00,2 days 05:55:46.478873239,-6.523838327485702,-0.7499116021117771,-0.554145062475636,0.9683966747703724,-0.18568960419335667,27.012868416873122,0.973033045194961,0.38063544885508277,-0.00745144554263583,None,None,-0.00003946773916933764,-0.23870088649615406,-0.5931668312970387,-0.268131101928723,0.3830805665067552,-2.6988542764195906,4 days 04:26:10.212765957,false
XMR-USD,false,22,76,140,24.46043165467626,0.639705454162038,0.19146005509641872,0.0001,0.000037631433314886555,5.785123966942149,11.52892561983471,0.0005785123966942149,-0.6441241374726389,0,0,17424,726 days 01:00:00,1000.0,532.395043836774,-46.7604956163226,34.915698157888286,100.0,188.71376856085135,53.184498192457895,722 days 11:00:00,139,1,23.6281185954316,22.766516632900522,-7.0076759143037375,4.242583928118422,-1.92836452953548,6 days 16:33:31.764705882,1 days 15:59:25.714285714,-3.5340508975442972,-0.4592449701111167,-0.510672637078169,0.9808856376725006,0.16582367998165332,23.048237584508584,0.9922357150877121,0.3941115289223138,-0.007487835016430372,None,None,-0.000024108392504247034,-0.14580755786568605,-0.46760495616322706,-0.19651228693772715,0.3821041807211481,-2.3392398858780457,2 days 21:28:55.251798560,false
XMR-USD,false,22,87,136,24.444444444444443,0.6259953081762245,0.1859504132231405,0.0001,0.00003760683760683761,5.619834710743802,11.198347107438018,0.0005619834710743802,-0.6259998060303068,0,0,17424,726 days 01:00:00,1000.0,535.395554811246,-46.4604445188754,34.915698157888286,100.0,188.99959853716788,50.02766159907458,635 days 19:00:00,135,1,24.95666960293306,20.44727051814498,-7.677465801481969,3.9139017346099467,-1.8422697860407182,7 days 02:40:00,1 days 15:18:14.117647058,-3.626378628086572,-0.44791772714027583,-0.5387774989395158,0.9812318841021697,-0.024354188742348022,26.41370408649468,0.9908068242194501,0.39333120102350866,-0.007446826610916419,None,None,-0.00002364382682401245,-0.14299786463162728,-0.46460444518874955,-0.19494343431463046,0.38421778441935,-2.330646298658613,2 days 23:24:53.333333332,false
XMR-USD,false,24,81,136,24.444444444444443,0.626708615052234,0.1859504132231405,0.0001,0.00003760683760683761,5.619834710743802,11.198347107438018,0.0005619834710743802,-0.6293578216129234,0,0,17424,726 days 01:00:00,1000.0,533.9931781606157,-46.60068218393843,34.915698157888286,100.0,187.81188005641062,50.961161305680314,635 days 19:00:00,135,1,24.89129989559399,19.702048652753,-7.677465801481982,3.9686409109017986,-1.8624812654227565,6 days 22:49:05.454545454,1 days 16:26:28.235294117,-3.63628238322206,-0.4504955238181197,-0.5307969442593166,0.9811146849744599,-0.026462926859701384,26.384932338437544,0.9884944864268004,0.39333120102350866,-0.007460189988399809,None,None,-0.000023786980510036315,-0.14386365812469964,-0.4660068218393847,-0.19567596706206714,0.38433220798014184,-2.334662763242219,2 days 23:19:59.999999998,false
XMR-USD,false,24,82,136,24.444444444444443,0.6015998111693949,0.1859504132231405,0.0001,0.00003760683760683761,5.619834710743802,11.198347107438018,0.0005619834710743802,-0.7462971731648328,0,0,17424,726 days 01:00:00,1000.0,494.48637631504863,-50.551362368495134,34.915698157888286,100.0,184.64892840078662,54.20716157208061,635 days 19:00:00,135,1,23.04974893039048,19.801775246886315,-7.677465801481981,3.9445507834133466,-1.9269471909303848,7 days 00:00:00,1 days 16:04:07.058823529,-3.9152842415951223,-0.5350556298493859,-0.5500221528828165,0.9776169657922016,-0.03866069497574982,26.436118345906642,0.9867665854110108,0.39288569144684243,-0.007461921798605301,None,None,-0.000028222657045554715,-0.17069062981151492,-0.50551362368495,-0.21685030019013052,0.38393429265446655,-2.447811873613485,2 days 23:20:26.666666666,false
XMR-USD,false,25,73,136,24.444444444444443,0.6316464505840477,0.1859504132231405,0.0001,0.00003760683760683761,5.619834710743802,11.198347107438018,0.0005619834710743802,-0.6623836196528969,0,0,17424,726 days 01:00:00,1000.0,525.7997502038633,-47.42002497961367,34.915698157888286,100.0,182.93058720665738,55.383199711549246,635 days 19:00:00,135,1,24.509375405197034,22.464577726885373,-7.667891305517995,4.336168658486975,-1.98519606885053,6 days 17:38:10.909090909,1 days 18:27:03.529411764,-3.6941453718617314,-0.4729896215914298,-0.49861518384574466,0.9803292311352794,0.1461212218018478,23.05296175780271,0.9872791041532522,0.3953395259449071,-0.007468294324475242,None,None,-0.000024826388819077442,-0.15014999957778036,-0.4742002497961316,-0.19998111846150002,0.3820497199411758,-2.3581290789369582,2 days 23:35:06.666666665,false
XMR-USD,false,30,69,136,24.444444444444443,0.5882256949286763,0.1859504132231405,0.0001,0.00003760683760683761,5.619834710743802,11.198347107438018,0.0005619834710743802,-0.8251386230574066,0,0,17424,726 days 01:00:00,1000.0,466.66185655023605,-53.333814344976396,34.915698157888286,100.0,180.84086460589057,57.089519771843925,635 days 19:00:00,135,1,23.84117226263811,18.66646114119279,-7.677465801481974,3.960750109564673,-1.9949321541620917,6 days 20:43:38.181818181,1 days 17:02:21.176470588,-4.1272541904622395,-0.5931356082438385,-0.5575301031557964,0.9751555748623585,-0.0848404688477626,26.254937372768246,0.9888957698114085,0.39088441890166026,-0.0074685881153024915,None,None,-0.000031431070918493176,-0.19009511691504674,-0.533338143449764,-0.23243558643143558,0.38571197790409345,-2.527502446143327,2 days 23:16:26.666666665,false
XMR-USD,false,31,67,136,24.444444444444443,0.587486193909185,0.1859504132231405,0.0001,0.00003760683760683761,5.619834710743802,11.198347107438018,0.0005619834710743802,-0.8327925579639937,0,0,17424,726 days 01:00:00,1000.0,464.23612964568724,-53.576387035431274,34.915698157888286,100.0,180.5314566310764,57.25034405931403,635 days 19:00:00,135,1,23.71724490028413,18.666461141192777,-7.780175558306747,3.980237390851802,-2.0055573760228667,6 days 23:01:49.090909090,1 days 16:20:00,-4.144304557441457,-0.5988555734333044,-0.5590796112866088,0.9749213004654818,-0.08734966782702121,26.26253356241887,0.9874508887823558,0.3914397508584205,-0.007468588115302601,None,None,-0.000031731847785214364,-0.19191421540497647,-0.535763870354316,-0.23382276345253872,0.3856836343167394,-2.53444982807331,2 days 23:18:13.333333332,false
XMR-USD,false,33,59,136,24.444444444444443,0.6170682648486007,0.1859504132231405,0.0001,0.00003760683760683761,5.619834710743802,11.198347107438018,0.0005619834710743802,-0.7688613775542017,0,0,17424,726 days 01:00:00,1000.0,489.52081805677926,-51.04791819432207,34.915698157888286,100.0,180.02102218210283,55.63600619148817,635 days 19:00:00,135,1,22.81828679789396,22.464577726885366,-8.72126779679831,4.363538187531962,-2.0582299402979443,6 days 21:14:32.727272727,1 days 17:02:56.470588235,-3.950351620304545,-0.5500016324259316,-0.5422808903841788,0.9771134487711546,0.12029189013398596,23.000923188141744,0.9884474875542151,0.39277435856446324,-0.007487835016430283,None,None,-0.00002890099969681733,-0.17479324616635122,-0.510479181943216,-0.21958888895856232,0.38247832719421326,-2.4620334373233526,2 days 23:24:26.666666666,false
XMR-USD,false,30,35,177,24.431818181818183,0.5305983047305751,0.24242424242424243,0.0001,0.00003758741258741259,7.31404958677686,14.586776859504132,0.000731404958677686,-1.3351346926249545,0,0,17424,726 days 01:00:00,1000.0,337.7880275104933,-66.22119724895067,34.915698157888286,100.0,191.26514136507333,71.4745178223249,722 days 11:00:00,176,1,16.83016168310121,21.538862549074306,-7.125563139087605,3.820300767901566,-2.005024543242179,5 days 04:53:01.395348837,1 days 08:12:37.894736842,-3.8581939441625446,-0.9588115296741775,-0.5883518333612946,0.9604811333851524,0.12068828224441447,23.27742546145386,0.9910972054750756,0.39055143244753016,-0.007592921762430993,None,None,-0.00005025338915338307,-0.3039324975996608,-0.6622119724895095,-0.31388280489033493,0.3814960564843126,-2.8966024093088265,2 days 06:51:08.181818181,false
XMR-USD,false,23,86,132,24.427480916030532,0.6366601573647932,0.18044077134986225,0.0001,0.00003758073987081621,5.454545454545455,10.867768595041323,0.0005454545454545455,-0.586551737838051,0,0,17424,726 days 01:00:00,1000.0,549.3364796928835,-45.066352030711656,34.915698157888286,100.0,184.01880117475108,49.049185035436,722 days 12:00:00,131,1,25.606505136874034,20.44727051814498,-7.677465801481986,4.099978964239665,-1.8907499266004948,7 days 00:18:45,1 days 19:02:25.454545454,-3.635649049190767,-0.41968564825540877,-0.5301555162829414,0.9823995890340053,-0.026165405675866442,26.384680402360058,0.9895791231804172,0.3941115289223138,-0.007452411460490818,None,None,-0.000022160729671078775,-0.13402809305068444,-0.45066352030711343,-0.18772858526890124,0.38434203224678826,-2.290718914653296,3 days 01:38:28.396946564,false
XMR-USD,false,25,77,132,24.427480916030532,0.6547026441558512,0.18044077134986225,0.0001,0.00003758073987081621,5.454545454545455,10.867768595041323,0.0005454545454545455,-0.5524810307447012,0,0,17424,726 days 01:00:00,1000.0,565.3035223229954,-43.469647767700465,34.915698157888286,100.0,184.37458966320264,52.36666567796501,635 days 19:00:00,131,1,26.350785144197175,22.539138995468825,-7.677465801481984,4.362158306352295,-1.9327573537749145,7 days 00:26:15,1 days 18:52:43.636363636,-3.51944475436032,-0.3937057053009224,-0.4760689895352058,0.9835597613063504,0.1738147963507882,23.272257309080285,0.9887521580157834,0.3940000000000001,-0.007461921798605173,None,None,-0.000020667384604859855,-0.1249963420901924,-0.4346964776770046,-0.17961054936115883,0.38209535438860187,-2.2449886458271964,3 days 01:32:58.625954198,false
XMR-USD,false,27,73,132,24.427480916030532,0.6254623887945002,0.18044077134986225,0.0001,0.00003758073987081621,5.454545454545455,10.867768595041323,0.0005454545454545455,-0.7035940199407111,0,0,17424,726 days 01:00:00,1000.0,510.9406487040085,-48.90593512959916,34.915698157888286,100.0,178.377423161952,56.02248290991424,635 days 19:00:00,131,1,23.816740430184836,23.467422067943406,-7.677465801481964,4.422229271202363,-2.052024175406906,7 days 01:18:45,1 days 18:35:45.454545454,-3.9150846696654646,-0.502883285456954,-0.5114127424510879,0.9790411315239741,0.13700464286889943,23.23693020950182,0.9874038989683519,0.393108410617205,-0.00746858811530265,None,None,-0.000026434949944630127,-0.159878577265123,-0.4890593512959923,-0.20790180235770317,0.38262138171556986,-2.4006861586569808,3 days 01:32:58.625954197,false
XMR-USD,false,28,71,132,24.427480916030532,0.6343223332142126,0.18044077134986225,0.0001,0.00003758073987081621,5.454545454545455,10.867768595041323,0.0005454545454545455,-0.6678896955691712,0,0,17424,726 days 01:00:00,1000.0,522.8941034686163,-47.71058965313837,34.915698157888286,100.0,179.19103086328516,55.51694490357924,635 days 19:00:00,131,1,24.373932992754874,22.46457772688538,-7.677465801481981,4.465879908361936,-2.0436673756547856,7 days 01:18:45,1 days 18:33:20,-3.828090301710972,-0.4770576098018023,-0.5010412079314696,0.9800993443586932,0.14145841119860916,23.194665003412897,0.9888751626639003,0.39277435856446324,-0.007468588115302431,None,None,-0.00002509298480405297,-0.15176237209491236,-0.4771058965313817,-0.20151837674007345,0.382859510751172,-2.3664509710615484,3 days 01:31:08.702290076,false
XMR-USD,false,29,72,132,24.427480916030532,0.590274277097108,0.18044077134986225,0.0001,0.00003758073987081621,5.454545454545455,10.867768595041323,0.0005454545454545455,-0.7647347300840365,0,0,17424,726 days 01:00:00,1000.0,485.4468765384495,-51.45531234615505,34.915698157888286,100.0,176.9859366078615,55.1972706435647,635 days 19:00:00,131,1,24.800875506453337,19.444522749107445,-7.677465801481976,3.9471811167807833,-1.9717134610152218,7 days 05:31:52.500000,1 days 17:17:34.545454545,-4.117206098992396,-0.5498019393546798,-0.5518951519107212,0.9769770273434283,-0.09054888744486282,26.192943492942206,0.9869177785374005,0.39277435856446324,-0.007477415365825949,None,None,-0.000029151756290580088,-0.17630982204542836,-0.5145531234615446,-0.22184931244333572,0.385936986556301,-2.4737013739056533,3 days 01:35:43.511450381,false
XMR-USD,false,37,55,132,24.427480916030532,0.6429483247575403,0.18044077134986225,0.0001,0.00003758073987081621,5.454545454545455,10.867768595041323,0.0005454545454545455,-0.6740183131395376,0,0,17424,726 days 01:00:00,1000.0,520.5385920196542,-47.946140798034584,34.915698157888286,100.0,180.82326843987943,52.7615192672815,635 days 19:00:00,131,1,26.59366748641844,22.464577726885384,-8.721267796798312,4.558150837959515,-2.077479451602773,6 days 20:45:00,1 days 20:04:14.545454545,-3.863015843257746,-0.48101693525445943,-0.5303094479018216,0.9799182492961279,0.1558056047906608,23.103294171450855,0.9890931402929977,0.39266304347826086,-0.007487835016430351,None,None,-0.000025327501626344215,-0.15318072983612982,-0.47946140798034564,-0.20276867950306854,0.38325685310249336,-2.373197253029936,3 days 01:32:58.625954198,false
XMR-USD,false,39,53,132,24.427480916030532,0.6398717077063135,0.18044077134986225,0.0001,0.00003758073987081621,5.454545454545455,10.867768595041323,0.0005454545454545455,-0.709885290633494,0,0,17424,726 days 01:00:00,1000.0,508.61949987252933,-49.138050012747065,34.915698157888286,100.0,181.11576998616664,53.843167800887635,635 days 19:00:00,131,1,23.958148511675006,22.464577726885366,-8.721267796798307,4.566617719128539,-2.0992434041361254,6 days 20:54:22.500000,1 days 20:04:50.909090909,-3.9338828140392863,-0.5068658204606431,-0.5351421021381052,0.9788549722752942,0.15266539260742243,23.146100619704967,0.9878151988319227,0.39299704212966663,-0.007487835016430293,None,None,-0.000026671844018003453,-0.16131131262088488,-0.49138050012747403,-0.209152625115815,0.3830169385150702,-2.407334024671238,3 days 01:35:43.511450380,false
XMR-USD,false,22,53,173,24.418604651162788,0.5032840600185554,0.2369146005509642,0.0001,0.000037567084078711984,7.148760330578512,14.25619834710744,0.0007148760330578513,-1.390631167047873,0,0,17424,726 days 01:00:00,1000.0,326.0997279922092,-67.39002720077907,34.915698157888286,100.0,189.55209019479497,71.37225444051776,722 days 11:00:00,172,1,14.797047515746954,21.32200827661491,-7.125563139087597,3.545545780028209,-1.9659319473178938,5 days 14:32:51.428571428,1 days 06:42:27.692307692,-4.004054183276385,-0.9981933961571511,-0.6034421168270777,0.958862761220965,0.13442816330222615,23.25877649464923,0.9874855302126346,0.3902186053933302,-0.0075645567148948665,None,None,-0.0000522882055901458,-0.31623906740920177,-0.6739002720077898,-0.3222180313463431,0.3812826031568845,-2.9300781813395895,2 days 08:03:50.232558138,false
XMR-USD,false,32,36,173,24.418604651162788,0.5451873526054428,0.2369146005509642,0.0001,0.000037567084078711984,7.148760330578512,14.25619834710744,0.0007148760330578513,-1.2017914099754237,0,0,17424,726 days 01:00:00,1000.0,368.9994357687856,-63.100056423121444,34.915698157888286,100.0,198.23628519567367,69.44323621394318,722 days 11:00:00,172,1,16.743657585893402,22.18521442516037,-7.1255631390876,3.7597114569485544,-1.932845390864261,5 days 11:01:25.714285714,1 days 08:02:18.461538461,-3.7659547780064377,-0.8611107879869081,-0.5676512320511403,0.9644539837322252,0.14212646037078475,23.149960627176952,0.9933698996222187,0.3915508704679764,-0.0075698276384558085,None,None,-0.00004516536181104754,-0.2731601082332155,-0.6310005642312175,-0.2925104563097817,0.3817722942661621,-2.8072116484047918,2 days 08:12:33.488372091,false
XMR-USD,false,27,77,128,24.409448818897637,0.6003173406846078,0.174931129476584,0.0001,0.00003755299818291945,5.289256198347108,10.537190082644628,0.0005289256198347108,-0.7261589979037352,0,0,17424,726 days 01:00:00,1000.0,499.23301218994885,-50.07669878100511,34.915698157888286,100.0,172.08435532446512,53.90682734155043,635 days 19:00:00,127,1,25.505191983769976,19.702048652753025,-7.677465801481967,4.135443616155405,-2.024870992878879,7 days 03:29:01.935483870,1 days 20:55:37.500000,-4.143875431447415,-0.5215047402562158,-0.546818512129372,0.9781564650166732,-0.0725963700502636,26.277492584062387,0.9857236363665577,0.39255174618396876,-0.007468588115302431,None,None,-0.000027595373866563714,-0.16689682114497734,-0.5007669878100487,-0.2142491857506179,0.38515537795761,-2.434217312641408,3 days 03:49:08.031496062,false
XMR-USD,false,37,59,128,24.409448818897637,0.6341284118431351,0.174931129476584,0.0001,0.00003755299818291945,5.289256198347108,10.537190082644628,0.0005289256198347108,-0.6556736788041232,0,0,17424,726 days 01:00:00,1000.0,521.8977721842722,-47.81022278157278,34.915698157888286,100.0,179.92098455448868,52.73452482398814,635 days 19:00:00,127,1,24.583611790418615,18.66646114119278,-8.039372144347565,4.332045133210373,-2.031957267453338,7 days 02:40:38.709677419,1 days 21:18:07.500000,-3.958156217371233,-0.47087404559017276,-0.5287893460987152,0.9802301304538715,-0.08376582598447911,26.14062628827531,0.9866056109771493,0.39344262295081966,-0.007468294324475394,None,None,-0.0000249821020989681,-0.15109175349455906,-0.4781022278157234,-0.202046778542323,0.3861732350324437,-2.3693045049643757,3 days 03:54:19.842519684,false
XMR-USD,false,42,50,128,24.409448818897637,0.6335524270606158,0.174931129476584,0.0001,0.00003755299818291945,5.289256198347108,10.537190082644628,0.0005289256198347108,-0.7329056933676296,0,0,17424,726 days 01:00:00,1000.0,500.73563153519217,-49.92643684648078,34.915698157888286,100.0,173.98501767322017,54.17510602920363,635 days 19:00:00,127,1,23.586784675802107,22.46457772688538,-8.721267796798296,4.684655943593236,-2.1704422435144366,7 days 00:23:13.548387096,1 days 22:03:07.500000,-4.116938213705593,-0.5238194436736812,-0.5421423738358866,0.9781459204383453,0.1444195187480701,23.158267311773795,0.9851056901507542,0.39333120102350866,-0.007492505718021378,None,None,-0.000027566105289258937,-0.16671980478943804,-0.49926436846480604,-0.2134291301840584,0.3830467130353398,-2.4299137488448364,3 days 03:54:48.188976377,false
XMR-USD,false,43,49,128,24.409448818897637,0.6329938184023677,0.174931129476584,0.0001,0.00003755299818291945,5.289256198347108,10.537190082644628,0.0005289256198347108,-0.7265219764106726,0,0,17424,726 days 01:00:00,1000.0,502.8186889050958,-49.718131109490415,34.915698157888286,100.0,174.25269679278733,53.98447473176977,635 days 19:00:00,127,1,23.684905565463225,22.464577726885363,-8.721267796798314,4.666313057692808,-2.160554766954702,7 days 00:30:58.064516129,1 days 22:02:30,-4.101308792601325,-0.5192417197578919,-0.5413234702949441,0.9783384657577932,0.14430610761659948,23.152937564265734,0.98509796745171,0.39355406269993604,-0.007492505718021517,None,None,-0.000027326616195989113,-0.16527137475334217,-0.4971813110949116,-0.21229495342948168,0.3830665424913673,-2.4239477865991894,3 days 03:56:13.228346456,false
XMR-USD,false,44,48,128,24.409448818897637,0.6367788736788574,0.174931129476584,0.0001,0.00003755299818291945,5.289256198347108,10.537190082644628,0.0005289256198347108,-0.6978043404001826,0,0,17424,726 days 01:00:00,1000.0,512.1907263386998,-48.780927366130015,34.915698157888286,100.0,174.13642102460943,53.126791366261,635 days 19:00:00,127,1,24.126368515168338,22.46457772688537,-8.721267796798314,4.666313057692808,-2.1418844876144107,7 days 00:30:58.064516129,1 days 22:02:30,-4.030989308476128,-0.4984430125766021,-0.5376365846516198,0.9791917128613689,0.14764001715215777,23.12379249550273,0.9859571097801421,0.39355406269993604,-0.007492505718021303,None,None,-0.000026250183722203288,-0.1587611111518855,-0.4878092736613008,-0.2072296960019011,0.3833317390889949,-2.3971058847382447,3 days 03:56:13.228346456,false
XMR-USD,false,19,63,165,24.390243902439025,0.5504557974346299,0.22589531680440772,0.0001,0.000037523452157598506,6.818181818181818,13.59504132231405,0.0006818181818181819,-1.1675048137964514,0,0,17424,726 days 01:00:00,1000.0,378.6123286145553,-62.13876713854447,34.915698157888286,100.0,195.35463376524135,65.35054332346249,722 days 11:00:00,164,1,17.17985062744674,21.246964398202277,-7.125563139087604,3.7154951983966864,-1.941633034505665,5 days 22:01:30,1 days 08:00:29.032258064,-3.8937044025176286,-0.8361285663213528,-0.5911383408717843,0.9654256798895937,0.14518268776521684,23.345982488762658,0.9912465790454822,0.39099544982837064,-0.007487835016430395,None,None,-0.000043748251595176566,-0.2645894256476279,-0.6213876713854445,-0.28616693083787104,0.38084265492762825,-2.779679926706717,2 days 10:50:29.268292682,false
XMR-USD,false,24,52,165,24.390243902439025,0.5373817310496779,0.22589531680440772,0.0001,0.000037523452157598506,6.818181818181818,13.59504132231405,0.0006818181818181819,-1.1789363620921318,0,0,17424,726 days 01:00:00,1000.0,374.8404394177303,-62.515956058226976,34.915698157888286,100.0,190.31641184614702,66.88127987035095,722 days 11:00:00,164,1,17.008698004863504,21.32200827661489,-7.172505688054685,3.7377271973941735,-1.9542673704150266,5 days 16:31:30,1 days 09:42:34.838709677,-3.9156601133361777,-0.8447102646543527,-0.5822157399362161,0.965030979615761,0.1350412211942949,23.328322954208332,0.9914647799568306,0.3903295300406926,-0.007505915383561934,None,None,-0.00004427837044613009,-0.2677955844581948,-0.6251595605822692,-0.2886433136002019,0.3815415169796192,-2.7904827729788106,2 days 10:47:11.707317072,false
XMR-USD,false,27,46,165,24.390243902439025,0.5556060716867623,0.22589531680440772,0.0001,0.000037523452157598506,6.818181818181818,13.59504132231405,0.0006818181818181819,-1.131121061948142,0,0,17424,726 days 01:00:00,1000.0,386.0309597914104,-61.396904020858955,34.915698157888286,100.0,195.29716305873197,66.79925013478584,722 days 11:00:00,164,1,17.516477213128383,21.698844834700974,-7.172505688054696,3.818857386505887,-1.952501584835532,5 days 17:03:00,1 days 09:39:11.612903225,-3.8505214476933967,-0.8107051033160069,-0.5693119639690906,0.9664365572416324,0.12890313299733341,23.20704972110329,0.9900754457188016,0.39188433580956944,-0.0075368860871869526,None,None,-0.00004255597946528511,-0.25737856380604435,-0.6139690402085888,-0.2813429283584038,0.38208116394233543,-2.7584326609544805,2 days 10:52:19.024390242,false
XMR-USD,false,34,66,124,24.390243902439025,0.6553073103143962,0.16942148760330578,0.0001,0.000037523452157598506,5.12396694214876,10.206611570247935,0.000512396694214876,-0.565116049182897,0,0,17424,726 days 01:00:00,1000.0,554.6897905305264,-44.531020946947365,34.915698157888286,100.0,176.79886754901136,49.715853885510874,635 days 19:00:00,123,1,26.128255764418896,19.702048652753007,-8.039372144347587,4.553722166477481,-2.0507573715412826,7 days 13:00:00,1 days 21:14:11.612903225,-3.8328330506820523,-0.40535327152738054,-0.5157722062958666,0.9829677433036861,-0.06789064937041163,26.10876796096053,0.9859615536893811,0.3940000000000001,-0.007487835016430372,None,None,-0.00002149654966205182,-0.1300111323560894,-0.44531020946947386,-0.1849898645733774,0.3860050800168497,-2.2753868115590508,3 days 06:20:58.536585364,false
XMR-USD,false,17,81,161,24.375,0.5203814522597153,0.22038567493112948,0.0001,0.000037500000000000003,6.652892561983471,13.264462809917356,0.0006652892561983472,-1.2213661352802327,0,0,17424,726 days 01:00:00,1000.0,363.4240063318522,-63.65759936681478,34.915698157888286,100.0,185.97502235488665,66.06226945981052,722 days 11:00:00,160,1,17.257948070930127,23.09062389634424,-7.172505688054693,3.5338297361769535,-1.940798274758388,6 days 06:39:59.999999999,1 days 07:35:12.396694214,-4.086462135869238,-0.8778385318497702,-0.6036948011590356,0.9638281844499835,0.08715302654863173,22.924060832008543,0.9873792702031894,0.39244046667732146,-0.007523552431604338,None,None,-0.00004603890691243665,-0.27844330900641684,-0.6365759936681481,-0.29623923417568054,0.38174056173604914,-2.82317990833109,2 days 12:36:44.999999998,false
XMR-USD,false,25,52,161,24.375,0.5599005583700818,0.22038567493112948,0.0001,0.000037500000000000003,6.652892561983471,13.264462809917356,0.0006652892561983472,-1.0633562572879633,0,0,17424,726 days 01:00:00,1000.0,404.34943098533313,-59.56505690146668,34.915698157888286,100.0,190.81986525408206,64.43140134451025,722 days 11:00:00,160,1,18.347693143117738,21.322008276614884,-7.172505688054698,3.8557598167886273,-1.9463839329992243,5 days 21:06:09.230769230,1 days 10:10:24.793388429,-3.837489138486154,-0.7612174699769934,-0.5675537827922258,0.9684320731396775,0.13650353333512008,23.29106093646135,0.9931723161689955,0.39044047239067986,-0.007487835016430397,None,None,-0.00003991930224051826,-0.24143193995065443,-0.5956505690146671,-0.2696850241797666,0.3817087707104651,-2.70596780371151,2 days 12:14:14.999999998,false
XMR-USD,false,31,42,161,24.375,0.5458139542721335,0.22038567493112948,0.0001,0.000037500000000000003,6.652892561983471,13.264462809917356,0.0006652892561983472,-1.169475064925826,0,0,17424,726 days 01:00:00,1000.0,375.95068071018113,-62.40493192898189,34.915698157888286,100.0,188.2824035667599,67.92851831684405,722 days 11:00:00,160,1,17.05907613078068,22.185214425160382,-8.22201060396849,3.926279171496226,-2.02402070722998,5 days 18:32:18.461538461,1 days 11:07:56.033057851,-4.0069274713787415,-0.8384319326792867,-0.5719023578712239,0.9653024345309547,0.12697583925811914,23.155997652323567,0.9895236094488055,0.3914397508584205,-0.007555296026784039,None,None,-0.000044052022161112495,-0.2664266300304084,-0.6240493192898178,-0.2879127165752715,0.3824335481247226,-2.7873029961133153,2 days 12:20:14.999999998,false
XMR-USD,false,31,43,161,24.375,0.5674528071205721,0.22038567493112948,0.0001,0.000037500000000000003,6.652892561983471,13.264462809917356,0.0006652892561983472,-1.036305912847942,0,0,17424,726 days 01:00:00,1000.0,411.21010012730244,-58.87898998726976,34.915698157888286,100.0,193.17031033483923,64.33423833333124,722 days 11:00:00,160,1,18.249833701355954,22.185214425160368,-8.222010603968494,3.9288374043572096,-1.9506004467742613,5 days 19:21:32.307692307,1 days 10:45:07.438016528,-3.793998334837826,-0.7416997667179991,-0.5600359538913418,0.969232201031817,0.13516809188195736,23.236059221757298,0.993789780297846,0.39055143244753016,-0.007520747578736133,None,None,-0.00003893157435423613,-0.23545816169442013,-0.5887898998726973,-0.26540773176921006,0.38206017337432335,-2.6863185642463687,2 days 12:14:59.999999998,false
XMR-USD,false,33,40,161,24.375,0.551039530469093,0.22038567493112948,0.0001,0.000037500000000000003,6.652892561983471,13.264462809917356,0.0006652892561983472,-1.1324125066218926,0,0,17424,726 days 01:00:00,1000.0,385.28683183791964,-61.47131681620803,34.915698157888286,100.0,190.52223399010404,66.9293656577485,722 days 11:00:00,160,1,17.482711785743902,22.18521442516038,-8.222010603968478,3.9017147628564355,-1.9969593208973468,5 days 19:01:32.307692307,1 days 10:56:31.735537190,-3.9512242496739054,-0.8115270541338593,-0.5691028832298278,0.9663827444690324,0.1281229574596043,23.152328837199835,0.9918398353484484,0.39088441890166026,-0.007534468867054805,None,None,-0.00004264223969435539,-0.2579002656714614,-0.6147131681620834,-0.2818240553072838,0.3824678625316618,-2.760563874112888,2 days 12:18:44.999999998,false
XMR-USD,false,34,38,161,24.375,0.5434230166915168,0.22038567493112948,0.0001,0.000037500000000000003,6.652892561983471,13.264462809917356,0.0006652892561983472,-1.1526104604035183,0,0,17424,726 days 01:00:00,1000.0,380.0044631547005,-61.99955368452995,34.915698157888286,100.0,188.8312534135876,67.77687947405694,722 days 11:00:00,160,1,17.243019894914937,22.185214425160382,-8.222010603968496,3.853328185650135,-1.9934648721297898,5 days 19:03:04.615384615,1 days 10:58:00.991735537,-3.9827409796263424,-0.8262837650167035,-0.5683040559979753,0.9658051149088176,0.1264092999587946,23.123286800116976,0.9900389029818049,0.3914397508584205,-0.007566873914135346,None,None,-0.00004342839074704642,-0.2626549072381367,-0.6199955368453014,-0.2852570143213293,0.3825625568064721,-2.7756927959500866,2 days 12:20:14.999999998,false
XMR-USD,false,30,81,120,24.369747899159663,0.6163741195613546,0.16391184573002754,0.0001,0.000037491919844861024,4.958677685950414,9.87603305785124,0.0004958677685950413,-0.7183349548854709,0,0,17424,726 days 01:00:00,1000.0,502.4960615141973,-49.750393848580266,34.915698157888286,100.0,165.33886787028933,55.296311285887434,635 days 19:00:00,119,1,23.66970843883513,20.273199323916483,-8.039372144347585,4.567348109981426,-2.1802331792709726,8 days 02:28:57.931034482,1 days 19:55:20,-4.3796104783583045,-0.5158282155152142,-0.5288941800074122,0.9783301401201256,-0.06910950958398365,26.450333928547053,0.986134369096335,0.3899968091895341,-0.0074601899883998835,None,None,-0.00002725636150347099,-0.16484647437299255,-0.497503938485808,-0.21247041557725888,0.38461014083896455,-2.4248718047569806,3 days 08:36:48.403361343,false
XMR-USD,false,31,79,120,24.369747899159663,0.62959445671857,0.16391184573002754,0.0001,0.000037491919844861024,4.958677685950414,9.87603305785124,0.0004958677685950413,-0.6636666195271642,0,0,17424,726 days 01:00:00,1000.0,521.2152359019165,-47.87847640980835,34.915698157888286,100.0,169.08838282337814,53.30220016149829,635 days 19:00:00,119,1,24.551461419421457,20.56341825819543,-8.039372144347585,4.56887583671624,-2.139455041962729,8 days 02:18:37.241379310,1 days 19:59:20,-4.22971618081936,-0.47642059039628154,-0.5240474674421358,0.9799726122957058,-0.06954801441772746,26.480967504934945,0.9859798003563665,0.39055143244753016,-0.007446826610916354,None,None,-0.000025165632030988852,-0.15220174252342059,-0.4787847640980806,-0.20240914020091372,0.38448133681425545,-2.3712593170356375,3 days 08:37:18.655462184,false
XMR-USD,false,31,81,120,24.369747899159663,0.5919079976844042,0.16391184573002754,0.0001,0.000037491919844861024,4.958677685950414,9.87603305785124,0.0004958677685950413,-0.8208712492906444,0,0,17424,726 days 01:00:00,1000.0,470.0238284302575,-52.99761715697425,34.915698157888286,100.0,164.15567365623866,58.44071124839516,635 days 19:00:00,119,1,22.992809438765107,20.27319932391647,-8.039372144347565,4.38831529089746,-2.199059003517518,8 days 04:20:41.379310344,1 days 19:13:20,-4.646798159735357,-0.5907350385607332,-0.5404223418937817,0.9752404695534365,-0.0973770874471079,26.484030596864994,0.9826271425060432,0.3895534290271132,-0.0074601899883996806,None,None,-0.000031144016478801056,-0.1883590116637888,-0.5299761715697435,-0.23052077051584663,0.3837424409089745,-2.517873619978033,3 days 08:32:16.134453780,false
XMR-USD,false,45,51,120,24.369747899159663,0.6483845779771862,0.16391184573002754,0.0001,0.000037491919844861024,4.958677685950414,9.87603305785124,0.0004958677685950413,-0.605449316182525,0,0,17424,726 days 01:00:00,1000.0,538.9330390640748,-46.10669609359252,34.915698157888286,100.0,171.25810971607729,51.60565465278516,635 days 19:00:00,119,1,25.386045542849615,19.030357656560145,-8.039372144347578,4.717013225022355,-2.149261190758721,7 days 15:43:26.896551724,1 days 23:50:40,-4.0878403905779415,-0.4347560799613923,-0.5176088442638661,0.9817167709448171,-0.08517742180556656,26.05339448154689,0.9869089263647861,0.39299704212966663,-0.0074899414316319055,None,None,-0.000023101106777783905,-0.13971549379203707,-0.4610669609359216,-0.1931011749383842,0.3867631312297725,-2.3205147978166925,3 days 08:57:28.739495797,false
XMR-USD,false,46,50,120,24.369747899159663,0.6287564476415073,0.16391184573002754,0.0001,0.000037491919844861024,4.958677685950414,9.87603305785124,0.0004958677685950413,-0.6768884712358215,0,0,17424,726 days 01:00:00,1000.0,514.2670939365357,-48.573290606346426,34.915698157888286,100.0,169.63395000178753,53.82057224048877,635 days 19:00:00,119,1,24.224174288022596,19.030357656560142,-8.039372144347595,4.57911744841392,-2.1587527119419474,7 days 15:41:22.758620689,1 days 23:52:00,-4.28535361639905,-0.48694194554439746,-0.5280037584923941,0.9795639602201545,-0.11146174135898619,26.038367647258905,0.9845444562554393,0.393108410617205,-0.007492505718021496,None,None,-0.000025830306061400214,-0.1562216910593485,-0.4857329060634652,-0.20611569636533444,0.3861093422196051,-2.3911590822757915,3 days 08:57:58.991596638,false
XMR-USD,false,9,27,391,24.358974358974358,0.44100602440920345,0.5371900826446281,0.0001,0.00003747534516765286,16.15702479338843,32.27272727272727,0.001615702479338843,-2.9534661386657284,0,0,17424,726 days 01:00:00,1000.0,113.51241475671645,-88.64875852432836,34.915698157888286,100.0,308.5806378239725,89.15296944666483,725 days 03:00:00,390,1,4.735585115793967,19.95302052782692,-11.520637103641047,2.2117931472538643,-1.4238207649816683,2 days 10:30:18.947368421,0 days 13:10:58.983050847,-2.2851876163053264,-2.159346782296469,-0.7459946622851308,0.9121583766488168,-0.4042525347216633,36.67370809209843,1.0087968118818824,0.37042862760519074,-0.007624566622412811,None,None,-0.00011287166137082918,-0.6826478079707748,-0.8864875852432846,-0.5300871229846343,0.3804700434421007,-3.5389370169102716,1 days 00:13:23.076923076,false
XMR-USD,false,27,54,157,24.358974358974358,0.5897513068688579,0.21487603305785125,0.0001,0.00003747534516765286,6.487603305785124,12.933884297520661,0.0006487603305785124,-1.0705553742151548,0,0,17424,726 days 01:00:00,1000.0,402.8245780694589,-59.71754219305411,34.915698157888286,100.0,196.56404323057188,63.29288084650633,722 days 11:00:00,156,1,17.877677514026573,22.16640331110654,-7.1725056880547005,4.144316047507581,-2.054223243965175,6 days 04:23:41.052631578,1 days 09:53:23.389830508,-3.942648073362613,-0.7665284219156113,-0.5796648001167701,0.9682270752635422,0.1420476011967401,23.22525736895722,0.9891723956672033,0.3912175648702595,-0.007520747578736227,None,None,-0.000040159372564497915,-0.2428838852700834,-0.5971754219305445,-0.27064212076597627,0.3813437216589695,-2.7103350453716333,2 days 13:46:55.384615384,false
XMR-USD,false,27,55,157,24.358974358974358,0.6043561805958131,0.21487603305785125,0.0001,0.00003747534516765286,6.487603305785124,12.933884297520661,0.0006487603305785124,-0.9685306982280861,0,0,17424,726 days 01:00:00,1000.0,430.7003325506994,-56.92996674493006,34.915698157888286,100.0,199.44065926753683,60.75272143979794,722 days 11:00:00,156,1,19.114825831699193,22.166403311106535,-7.1725056880546925,4.138317799450481,-1.9978256626628308,6 days 07:12:37.894736842,1 days 09:03:33.559322033,-3.771887777442302,-0.6930234975078937,-0.5682503989145765,0.971244801457306,0.14206886271135075,23.20580386757994,0.9896373419858203,0.39244046667732146,-0.007505915383561935,None,None,-0.00003631515183556615,-0.21963403830150405,-0.5692996674493019,-0.25350521064794074,0.38141507028718724,-2.630497734500212,2 days 13:50:23.076923075,false
XMR-USD,false,34,83,116,24.347826086956523,0.5663090423817345,0.1584022038567493,0.0001,0.000037458193979933115,4.793388429752066,9.545454545454545,0.0004793388429752066,-0.8780263887109848,0,0,17424,726 days 01:00:00,1000.0,449.8827472876536,-55.01172527123464,34.915698157888286,100.0,156.9389170767986,60.63356515532169,635 days 19:00:00,115,1,20.423808374022485,20.237563436749507,-8.253695447737785,4.333851687582629,-2.2585916403645174,8 days 08:06:25.714285714,1 days 21:19:18.620689655,-4.961226618142336,-0.6338849868240617,-0.5454501698229379,0.9733454436808854,-0.1641224301175383,26.6410477259563,0.9829626897279584,0.3865679955438848,-0.007458196364188557,None,None,-0.00003355505836126306,-0.202940992968919,-0.5501172527123455,-0.2421293116891471,0.3853057382992086,-2.575558507307298,3 days 11:00:31.304347825,false
XMR-USD,false,35,80,116,24.347826086956523,0.5749800532069613,0.1584022038567493,0.0001,0.000037458193979933115,4.793388429752066,9.545454545454545,0.0004793388429752066,-0.8406430416795511,0,0,17424,726 days 01:00:00,1000.0,463.1225655457707,-53.68774344542293,34.915698157888286,100.0,157.91157009953739,59.11699657169014,635 days 19:00:00,115,1,21.024870567762832,20.23917047314162,-8.253695447737792,4.3428346662695185,-2.229526984398969,8 days 11:32:08.571428571,1 days 20:22:04.137931034,-4.85132439149559,-0.6052068500484261,-0.5428141208317789,0.9746129587317444,-0.09885349481238126,26.223429240455605,0.9852370818935674,0.3870094722598106,-0.007460189988399908,None,None,-0.00003195563071859393,-0.1932676545860561,-0.5368774344542322,-0.23446115176177107,0.3843275374040531,-2.537639121596473,3 days 11:07:18.260869564,false
XMR-USD,false,36,78,116,24.347826086956523,0.5695418999172265,0.1584022038567493,0.0001,0.000037458193979933115,4.793388429752066,9.545454545454545,0.0004793388429752066,-0.8653028499837372,0,0,17424,726 days 01:00:00,1000.0,455.6041518022869,-54.43958481977131,34.915698157888286,100.0,158.14448858650303,59.84454307424072,635 days 19:00:00,115,1,20.68354909566966,20.239170473141613,-8.253695447737783,4.303961338445122,-2.2358644406263064,8 days 11:23:34.285714285,1 days 20:21:22.758620689,-4.913733889507676,-0.6231073262615354,-0.5455140070172303,0.9738600105730952,-0.10003401649625611,26.24234346252701,0.9846829042901044,0.3866783383733885,-0.007460189988399729,None,None,-0.00003289737508810328,-0.19896332453284862,-0.5443958481977086,-0.23879778590256007,0.3842875666024319,-2.5591721687361453,3 days 11:04:41.739130434,false
XMR-USD,false,36,79,116,24.347826086956523,0.5675733460787251,0.1584022038567493,0.0001,0.000037458193979933115,4.793388429752066,9.545454545454545,0.0004793388429752066,-0.8829230715457635,0,0,17424,726 days 01:00:00,1000.0,450.42364180446816,-54.95763581955318,34.915698157888286,100.0,158.23296814145252,60.18884433659256,635 days 19:00:00,115,1,20.448363941064315,20.239170473141627,-9.192802668893396,4.325576899969598,-2.253940744955608,8 days 11:27:51.428571428,1 days 20:14:28.965517241,-4.956736714231266,-0.6360543683221302,-0.5488084720758246,0.9733134668943281,-0.10224562647403075,26.28554743778443,0.983736098747395,0.38634736255867613,-0.007461921798605251,None,None,-0.000033565067341571,-0.20300152728182141,-0.5495763581955269,-0.24181317349664577,0.38410612059212945,-2.574009363096093,3 days 11:00:31.304347825,false
XMR-USD,false,37,66,116,24.347826086956523,0.6433507492951898,0.1584022038567493,0.0001,0.000037458193979933115,4.793388429752066,9.545454545454545,0.0004793388429752066,-0.5763684921240256,0,0,17424,726 days 01:00:00,1000.0,552.1455466941704,-44.78544533058296,34.915698157888286,100.0,167.7964566579688,51.46246693086862,635 days 19:00:00,115,1,27.010071765937255,20.771373533129715,-8.039372144347581,4.606215211490394,-2.11392999591099,7 days 23:15:00,2 days 00:55:10.344827586,-4.129256739754487,-0.4136483357722389,-0.5016027199619991,0.9826148151265174,-0.08663581012471534,26.29544476571398,0.9878265624119703,0.3914397508584205,-0.007452411460490784,None,None,-0.000021853105939318396,-0.13216758472099766,-0.44785445330583784,-0.1862893219227708,0.38453850548428015,-2.2826736308712436,3 days 11:34:26.086956520,false
XMR-USD,false,37,75,116,24.347826086956523,0.59711099255461,0.1584022038567493,0.0001,0.000037458193979933115,4.793388429752066,9.545454545454545,0.0004793388429752066,-0.7886671006428184,0,0,17424,726 days 01:00:00,1000.0,480.13337450590507,-51.98666254940949,34.915698157888286,100.0,161.11625661467,57.367097825644734,635 days 19:00:00,115,1,21.797128460699412,20.755148066145257,-8.039372144347576,4.528191998847537,-2.2397334192912473,8 days 08:38:34.285714285,1 days 21:10:20.689655172,-4.710119599606905,-0.567431595604356,-0.5377087255279321,0.9761610183583657,-0.09243485434508798,26.32944882006363,0.9858040990089537,0.3866783383733885,-0.007450925614534942,None,None,-0.000029919628918688588,-0.1809539157002286,-0.519866625494096,-0.22481619471877734,0.3837961666976288,-2.488919462939751,3 days 11:01:33.913043477,false
XMR-USD,false,39,62,116,24.347826086956523,0.6170425729101183,0.1584022038567493,0.0001,0.000037458193979933115,4.793388429752066,9.545454545454545,0.0004793388429752066,-0.6534865467467492,0,0,17424,726 days 01:00:00,1000.0,523.8054197244802,-47.61945802755198,34.915698157888286,100.0,163.9840452468866,53.877593157340044,635 days 19:00:00,115,1,25.62371835262047,19.59368917755767,-8.039372144347563,4.444385013767528,-2.1255218683734043,7 days 15:32:08.571428571,2 days 03:34:28.965517241,-4.363637379375125,-0.4694714369036312,-0.5151132024319982,0.9803087566172624,-0.09097261468547418,26.155381430453144,0.9853001453984092,0.39232920495405516,-0.007487835016430372,None,None,-0.00002483970882573999,-0.15023055897807547,-0.47619458027552153,-0.20103563776351374,0.38511928842749227,-2.363840923707653,3 days 11:42:15.652173911,false
XMR-USD,false,41,59,116,24.347826086956523,0.6384842254177352,0.1584022038567493,0.0001,0.000037458193979933115,4.793388429752066,9.545454545454545,0.0004793388429752066,-0.5971708446966827,0,0,17424,726 days 01:00:00,1000.0,543.6525481683811,-45.63474518316188,34.915698157888286,100.0,165.62537160984763,52.09248651129297,635 days 19:00:00,115,1,26.59460794292363,19.593689177557668,-8.039372144347585,4.646294441964374,-2.144812410080433,7 days 18:49:17.142857142,2 days 02:35:10.344827586,-4.199496171952542,-0.42869920795242805,-0.5065911907568746,0.9820140434128836,-0.08758827726845674,26.10154429859262,0.9870110617489951,0.39266304347826086,-0.007489941431631924,None,None,-0.00002269359760190274,-0.13725087829630778,-0.45634745183161607,-0.19065559015824218,0.3853085206005778,-2.3069979290347344,3 days 11:45:23.478260868,false
XMR-USD,false,42,58,116,24.347826086956523,0.6310997663929512,0.1584022038567493,0.0001,0.000037458193979933115,4.793388429752066,9.545454545454545,0.0004793388429752066,-0.6256621208764234,0,0,17424,726 days 01:00:00,1000.0,533.6464423096003,-46.63535576903997,34.915698157888286,100.0,165.178559935023,52.97424022147798,635 days 19:00:00,115,1,26.105125343704174,19.593689177557668,-8.039372144347585,4.589342613258075,-2.1479190129215566,7 days 18:47:08.571428571,2 days 02:32:24.827586206,-4.282249417687861,-0.4492662941663089,-0.5110756798805042,0.9811497359239831,-0.08827687165824723,26.152162934529066,0.9871469836985794,0.3921067348406168,-0.0074878350164303475,None,None,-0.000023771158891804458,-0.14376796897763336,-0.466353557690398,-0.19585727848404055,0.3851274393262719,-2.3356558290243994,3 days 11:42:46.956521737,false
XMR-USD,false,43,57,116,24.347826086956523,0.6342132636213889,0.1584022038567493,0.0001,0.000037458193979933115,4.793388429752066,9.545454545454545,0.0004793388429752066,-0.6176523712442351,0,0,17424,726 days 01:00:00,1000.0,536.4549367532076,-46.35450632467924,34.915698157888286,100.0,166.07172421780254,52.69347454998341,635 days 19:00:00,115,1,26.242512373139164,19.593689177557675,-8.039372144347574,4.600103106937416,-2.1454131196819892,7 days 18:47:08.571428571,2 days 02:35:10.344827586,-4.259022396695054,-0.4435075752092949,-0.5101419561809893,0.981392568791569,-0.08844867871720154,26.14394947415555,0.9873888573992562,0.39232920495405516,-0.007487835016430353,None,None,-0.000023468156054742726,-0.141935407819084,-0.4635450632467891,-0.1943908953918877,0.3851552922665376,-2.3276121850711626,3 days 11:44:52.173913042,false
XMR-USD,false,18,81,153,24.342105263157894,0.559102519624742,0.209366391184573,0.0001,0.00003744939271255061,6.322314049586777,12.603305785123966,0.0006322314049586777,-0.9712500795866288,0,0,17424,726 days 01:00:00,1000.0,428.7948431156715,-57.120515688432846,34.915698157888286,100.0,188.15422396457333,60.81957627378895,722 days 11:00:00,152,1,19.03025868391228,23.090623896344226,-7.172505688054688,3.681556272850954,-1.8825761981065856,6 days 10:14:35.675675675,1 days 10:25:02.608695652,-3.8831277340015866,-0.6965129458923761,-0.5700228709251209,0.9711935112496868,0.09530420439395412,22.889483971972883,0.9883635651978101,0.39355406269993604,-0.007520747578736121,None,None,-0.000036540063533117385,-0.22099430424829394,-0.5712051568843282,-0.25465316717868736,0.3818546200778061,-2.635955134854663,2 days 15:35:07.894736841,false
XMR-USD,false,28,51,153,24.342105263157894,0.5810094256644358,0.209366391184573,0.0001,0.00003744939271255061,6.322314049586777,12.603305785123966,0.0006322314049586777,-1.00316005490363,0,0,17424,726 days 01:00:00,1000.0,421.2195623221653,-57.878043767783474,34.915698157888286,100.0,189.59799510784646,61.45125799416227,722 days 11:00:00,152,1,18.694061653051904,22.166403311106542,-8.222010603968492,4.073248385143116,-2.013062367823933,6 days 04:24:19.459459459,1 days 11:59:28.695652173,-3.930753285071619,-0.7172713146752869,-0.5736474003592852,0.9702144718756354,0.15152907782200997,23.288249875593888,0.9916293835785928,0.39044047239067986,-0.0074899414316318014,None,None,-0.00003759006210603263,-0.22734469561728535,-0.5787804376778349,-0.2592501050697801,0.3814587003977901,-2.6576510515716967,2 days 15:21:18.947368419,false
XMR-USD,false,24,31,223,24.324324324324326,0.48894942354778514,0.30578512396694213,0.0001,0.00003742203742203743,9.214876033057852,18.388429752066116,0.0009214876033057852,-1.8406808190285737,0,0,17424,726 days 01:00:00,1000.0,245.16683290301933,-75.48331670969807,34.915698157888286,100.0,222.9477114228706,77.70430626428312,722 days 11:00:00,222,1,12.849173543058072,24.879197779776195,-6.928026011026193,3.253059278559202,-1.8378624667023256,4 days 02:55:33.333333333,1 days 01:41:25.714285714,-3.458028561441615,-1.3207136669424508,-0.6521525533913561,0.946202283993913,0.21528376636014518,22.9368258645327,0.9999372285170214,0.3867886987664147,-0.007631521799382633,None,None,-0.00006879522935681125,-0.41607354714999445,-0.7548331670969783,-0.38611109730199533,0.3791469748827471,-3.1618733318280965,1 days 19:30:16.216216214,false
XMR-USD,false,34,87,112,24.324324324324326,0.5488139837468641,0.15289256198347106,0.0001,0.00003742203742203743,4.62809917355372,9.214876033057852,0.00046280991735537196,-1.0066918875093023,0,0,17424,726 days 01:00:00,1000.0,413.11711615144736,-58.688288384855255,34.915698157888286,100.0,150.38890990507136,64.12419836035049,635 days 19:00:00,111,1,18.7547196845739,20.719911688454662,-9.19280266889341,4.4561715476035655,-2.423643728793439,8 days 13:04:26.666666666,1 days 23:25:00,-5.4561946264245655,-0.7280914912832551,-0.5595471977871348,0.969382429284109,-0.17363282395166796,26.80284373573074,0.978587960198036,0.3850250377553454,-0.007461921798605286,None,None,-0.00003848400640014599,-0.23275127070808294,-0.5868828838485514,-0.2642270860663575,0.3847266463228787,-2.680856791677705,3 days 13:45:56.756756756,false
XMR-USD,false,35,74,112,24.324324324324326,0.6199024863513807,0.15289256198347106,0.0001,0.00003742203742203743,4.62809917355372,9.214876033057852,0.00046280991735537196,-0.6995802034994595,0,0,17424,726 days 01:00:00,1000.0,509.30773026748307,-49.069226973251695,34.915698157888286,100.0,160.1338199821792,54.557698899089104,635 days 19:00:00,111,1,24.914514710540516,20.273199323916458,-8.039372144347569,4.731953573610353,-2.2644510448134483,8 days 16:46:40,1 days 22:55:00,-4.645106166153669,-0.502962100885266,-0.5272461634612567,0.9788681975553627,-0.0960943402469141,26.46041681120534,0.9838787841521852,0.389442628179571,-0.007442722754766214,None,None,-0.000026527610572679274,-0.16043898874356424,-0.49069226973251345,-0.20878136288389293,0.38390239046250835,-2.405362904426581,3 days 14:17:17.837837837,false
XMR-USD,false,36,74,112,24.324324324324326,0.6330958230664802,0.15289256198347106,0.0001,0.00003742203742203743,4.62809917355372,9.214876033057852,0.00046280991735537196,-0.6647009628575646,0,0,17424,726 days 01:00:00,1000.0,521.0786159932871,-47.892138400671286,34.915698157888286,100.0,162.8896423378372,54.34498798231308,635 days 19:00:00,111,1,25.490327501399975,20.273199323916476,-8.039372144347578,4.808487002890968,-2.261225563735846,8 days 16:26:40,1 days 22:56:25.714285714,-4.544249653226246,-0.47769275501121466,-0.5141666453365982,0.9799150827523077,-0.09449623629873394,26.416118461504034,0.9855386987221919,0.38888888888888895,-0.007446826610916392,None,None,-0.00002520584011477153,-0.1524449210141382,-0.4789213840067166,-0.2024817095485152,0.3840700720612142,-2.3716506020903183,3 days 14:13:30.810810809,false
XMR-USD,false,37,72,112,24.324324324324326,0.6235430337417239,0.15289256198347106,0.0001,0.00003742203742203743,4.62809917355372,9.214876033057852,0.00046280991735537196,-0.6983784545194576,0,0,17424,726 days 01:00:00,1000.0,509.53065867592466,-49.046934132407536,34.915698157888286,100.0,161.74095429821998,54.86886163731265,635 days 19:00:00,111,1,24.925420009599236,20.273199323916472,-8.039372144347578,4.764137918318891,-2.2743206284566444,8 days 16:24:26.666666666,1 days 23:00:42.857142857,-4.64319604805112,-0.502009316126947,-0.5239704865207371,0.9789072633907758,-0.09489009327124544,26.41015085311668,0.9859309932429033,0.38877819399059543,-0.0074509256145350216,None,None,-0.000026490469616408866,-0.16021436024004082,-0.4904693413240805,-0.2086611755767407,0.38409249829002257,-2.4047244282677096,3 days 14:16:12.972972972,false
XMR-USD,false,38,72,112,24.324324324324326,0.611610540798735,0.15289256198347106,0.0001,0.00003742203742203743,4.62809917355372,9.214876033057852,0.00046280991735537196,-0.7560476605091642,0,0,17424,726 days 01:00:00,1000.0,490.8830624754669,-50.91169375245331,34.915698157888286,100.0,158.95102885630595,56.50755189797193,635 days 19:00:00,111,1,22.285143545728886,20.273199323916476,-8.039372144347562,4.7473826184251156,-2.308566915474578,8 days 16:26:40,1 days 22:47:08.571428571,-4.787406135768131,-0.5437007318580674,-0.5321893860582548,0.9771492925191259,-0.09572036332379921,26.529209543991136,0.9859886364481638,0.38723031605763863,-0.007446826610916531,None,None,-0.000028657797980121326,-0.17332236218377378,-0.5091169375245359,-0.21883578974497464,0.38365498325603875,-2.458131913107719,3 days 14:06:29.189189188,false
XMR-USD,false,40,70,112,24.324324324324326,0.585111614134795,0.15289256198347106,0.0001,0.00003742203742203743,4.62809917355372,9.214876033057852,0.00046280991735537196,-0.8760031235845857,0,0,17424,726 days 01:00:00,1000.0,452.82587370673775,-54.717412629326226,34.915698157888286,100.0,154.6532661029885,59.99826675587907,635 days 19:00:00,111,1,20.557420632697188,20.319789931184353,-9.1928026688934,4.687604099096383,-2.382109075028585,8 days 12:46:40,1 days 23:57:08.571428571,-5.114698620954589,-0.6309921048211719,-0.5475630287671074,0.9735243489763867,-0.0997009861083846,26.33275085678939,0.9833376987192041,0.386899076727157,-0.007458196364188602,None,None,-0.000033276000768236126,-0.2012532526462921,-0.5471741262932576,-0.24041212102682163,0.38385318168281257,-2.567129271821943,3 days 14:05:56.756756755,false
XMR-USD,false,41,65,112,24.324324324324326,0.6425885642309432,0.15289256198347106,0.0001,0.00003742203742203743,4.62809917355372,9.214876033057852,0.00046280991735537196,-0.5888422577620467,0,0,17424,726 days 01:00:00,1000.0,547.3484139475557,-45.26515860524442,34.915698157888286,100.0,164.21157464333209,51.01771664891046,635 days 19:00:00,111,1,24.84856151450117,20.563418258195444,-8.039372144347587,4.739728446900547,-2.178764783618445,8 days 16:40:00,1 days 23:05:42.857142857,-4.301803131233736,-0.42303403414396334,-0.5123405466238442,0.9822063985589454,-0.09740515445984019,26.302620503835435,0.9878327854574007,0.3898859376246311,-0.007446826610916526,None,None,-0.000022351089991162715,-0.1351793922665521,-0.4526515860524454,-0.18875010389287894,0.38457526025131883,-2.2964128169672,3 days 14:23:47.027027026,false
XMR-USD,false,41,66,112,24.324324324324326,0.6220874044675141,0.15289256198347106,0.0001,0.00003742203742203743,4.62809917355372,9.214876033057852,0.00046280991735537196,-0.6955398813126823,0,0,17424,726 days 01:00:00,1000.0,509.92266500338707,-49.00773349966129,34.915698157888286,100.0,159.19231931896095,54.52713836498059,635 days 19:00:00,111,1,23.149504750714527,20.273199323916465,-8.980670771710079,4.83581795069112,-2.2894856554104774,8 days 16:08:53.333333333,1 days 23:07:08.571428571,-4.623665222948892,-0.5000240450521164,-0.5267489305878211,0.9789964097215799,-0.0965490442179088,26.291297859143896,0.9866244317780518,0.3886675167357348,-0.007460189988399762,None,None,-0.000026417161170607786,-0.1597709907598359,-0.490077334996611,-0.20844991659541479,0.3845503412220721,-2.4036017059733137,3 days 14:17:17.837837837,false
XMR-USD,false,11,24,363,24.30939226519337,0.45123834051766715,0.4986225895316804,0.0001,0.00003739906502337442,15.0,29.958677685950413,0.0015,-2.868112634548713,0,0,17424,726 days 01:00:00,1000.0,120.77087531533584,-87.92291246846642,34.915698157888286,100.0,298.82153746464166,88.45936475489376,725 days 03:00:00,362,1,5.038398317844553,19.953020527826908,-11.595387641454277,2.3158955907350154,-1.4873722974321961,2 days 12:45:40.909090909,0 days 14:58:54.306569343,-2.4427279640953268,-2.0967748351591546,-0.7398603034950739,0.9146525802518197,-0.40996106284074885,36.798061768502556,1.0070888070458428,0.37042862760519074,-0.0076315217993827055,None,None,-0.00010936614794038738,-0.6614464627434629,-0.8792291246846654,-0.5198681199122996,0.37965494806010025,-3.5181484864166332,1 days 02:06:37.790055248,false
XMR-USD,false,20,75,145,24.305555555555554,0.6201560984388108,0.19834710743801653,0.0001,0.00003739316239316239,5.991735537190083,11.942148760330578,0.0005991735537190083,-0.7524157549477537,0,0,17424,726 days 01:00:00,1000.0,496.75160616923995,-50.324839383076004,34.915698157888286,100.0,193.73497620815542,54.59711261257015,635 days 19:00:00,144,1,22.046234274555843,22.090837561254006,-7.172505688054677,4.029597910846301,-1.8967729424351285,6 days 12:58:17.142857142,1 days 14:10:27.522935779,-3.6478793618424676,-0.5382365165984286,-0.5431365868591184,0.9776570574824176,0.11755444012340603,23.001873197454124,0.989366713672321,0.3941115289223138,-0.007466933014796022,None,None,-0.00002816227301481075,-0.1703254271935754,-0.5032483938307659,-0.21560695019810028,0.3808487106258863,-2.441324161857162,2 days 19:02:54.999999998,false
XMR-USD,false,42,75,108,24.299065420560748,0.5684730828074475,0.14738292011019283,0.0001,0.00003738317757009346,4.462809917355372,8.884297520661157,0.00044628099173553724,-0.9514994196611334,0,0,17424,726 days 01:00:00,1000.0,429.7962845096529,-57.02037154903471,34.915698157888286,100.0,150.28018915859826,62.01813390527842,635 days 19:00:00,107,1,20.86928089855263,20.401051514359672,-9.192802668893409,4.670057407826163,-2.482519191313772,8 days 17:09:13.846153846,2 days 02:02:13.333333333,-5.52404669522336,-0.6877223746781935,-0.5577705380763492,0.9710009644142262,-0.17151011879846742,27.036975489489997,0.9814678073142141,0.3828267597809698,-0.007451445542635753,None,None,-0.000036268082870583245,-0.21934936520128748,-0.5702037154903504,-0.254049437437609,0.3838569335584436,-2.633086965387013,3 days 16:42:03.364485980,false
XMR-USD,false,45,61,108,24.299065420560748,0.636646033782685,0.14738292011019283,0.0001,0.00003738317757009346,4.462809917355372,8.884297520661157,0.00044628099173553724,-0.6613305869536078,0,0,17424,726 days 01:00:00,1000.0,521.9660154926123,-47.80339845073877,34.915698157888286,100.0,157.73267610151217,53.88666023243055,635 days 19:00:00,107,1,23.696249617140438,20.56341825819545,-8.980670771710095,5.0083816041170275,-2.340029699046638,8 days 20:48:27.692307692,2 days 01:57:46.666666666,-4.689067608640444,-0.4754336034849293,-0.5173954812085512,0.9800104576263721,-0.09996308163696156,26.39272816374972,0.9860351120789927,0.38899960143483453,-0.0074509256145350285,None,None,-0.000025097449358563546,-0.15178937372059234,-0.4780339845073912,-0.20201056487398816,0.38423564975495905,-2.369109053313856,3 days 17:31:57.757009344,false
XMR-USD,false,48,57,108,24.299065420560748,0.6462868836291181,0.14738292011019283,0.0001,0.00003738317757009346,4.462809917355372,8.884297520661157,0.00044628099173553724,-0.619884140099231,0,0,17424,726 days 01:00:00,1000.0,536.6265769388442,-46.33734230611558,34.915698157888286,100.0,158.36992781523924,52.193070851638204,635 days 19:00:00,107,1,24.361810809336987,20.563418258195426,-8.98067077171008,5.0568400118974965,-2.321718538107912,8 days 20:41:32.307692307,2 days 02:02:13.333333333,-4.558273213742911,-0.445417827194095,-0.5148076482958284,0.9812648996484326,-0.09697731579678642,26.39709606192609,0.9862877543763607,0.389442628179571,-0.00745092561453488,None,None,-0.000023510516662312427,-0.14219160477366555,-0.4633734230611509,-0.19430144057436738,0.3841957200337832,-2.327120600498343,3 days 17:33:38.691588783,false
XMR-USD,false,49,56,108,24.299065420560748,0.6459355304675534,0.14738292011019283,0.0001,0.00003738317757009346,4.462809917355372,8.884297520661157,0.00044628099173553724,-0.6199827266881379,0,0,17424,726 days 01:00:00,1000.0,536.5840633438038,-46.34159366561962,34.915698157888286,100.0,158.44812380751597,52.19685829809217,635 days 19:00:00,107,1,24.35988077418085,20.563418258195426,-8.980670771710077,5.0460552724673375,-2.318548134424585,8 days 20:46:09.230769230,2 days 02:02:57.777777777,-4.55865249934932,-0.4454817574919432,-0.5148260955094658,0.9812639328072691,-0.09691118817517312,26.394292625613947,0.9860838948186025,0.38966424754765133,-0.007450925614534925,None,None,-0.000023514467404835453,-0.14221549886444482,-0.4634159366561974,-0.19432359591691606,0.3842051363473038,-2.3272423611884716,3 days 17:35:19.626168223,false
XMR-USD,false,50,55,108,24.299065420560748,0.6486204747416024,0.14738292011019283,0.0001,0.00003738317757009346,4.462809917355372,8.884297520661157,0.00044628099173553724,-0.6078135140864307,0,0,17424,726 days 01:00:00,1000.0,540.9571015436675,-45.90428984563325,34.915698157888286,100.0,158.5219487171239,51.80727355449534,635 days 19:00:00,107,1,24.55840826772169,20.563418258195426,-9.192802668893393,5.06233170316036,-2.313497683516288,8 days 20:43:50.769230769,2 days 02:02:57.777777777,-4.519638380598627,-0.43671229928705757,-0.5129260030858611,0.9816270851215909,-0.09706062183743042,26.40134026087591,0.9862479248591667,0.38966424754765133,-0.007450925614534901,None,None,-0.00002305016707245037,-0.13940741045417984,-0.4590428984563302,-0.19205062794473138,0.38418163336925387,-2.314717799370779,3 days 17:34:45.981308410,false
XMR-USD,false,51,54,108,24.299065420560748,0.648844197238436,0.14738292011019283,0.0001,0.00003738317757009346,4.462809917355372,8.884297520661157,0.00044628099173553724,-0.6032303603250554,0,0,17424,726 days 01:00:00,1000.0,542.5312261145253,-45.74687738854747,34.915698157888286,100.0,158.17046389076523,51.66703811878699,635 days 19:00:00,107,1,24.629870484901403,20.563418258195426,-9.192802668893407,5.0623317031603605,-2.309909175901227,8 days 20:43:50.769230769,2 days 02:04:26.666666666,-4.505594807199779,-0.43339600498846664,-0.512240727194359,0.981769311317542,-0.09688927782979999,26.381825928400506,0.9863898748862548,0.389775083745414,-0.007452411460490744,None,None,-0.000022879144003509254,-0.13837306293322396,-0.457468773885472,-0.19123538448915212,0.3842490588320417,-2.3102094416580403,3 days 17:35:53.271028036,false
XMR-USD,false,52,53,108,24.299065420560748,0.6523997015067753,0.14738292011019283,0.0001,0.00003738317757009346,4.462809917355372,8.884297520661157,0.00044628099173553724,-0.5923753742791021,0,0,17424,726 days 01:00:00,1000.0,546.4272546240663,-45.35727453759337,34.915698157888286,100.0,158.16107711029264,51.3199491617359,635 days 19:00:00,107,1,24.80674265921425,20.563418258195426,-9.19280266889341,5.109723518883934,-2.3157918910432818,8 days 20:46:09.230769230,2 days 02:03:42.222222222,-4.470836336777079,-0.42553732478075457,-0.5105414734848415,0.9820974499944299,-0.09634896304214652,26.372079997201137,0.9867195579031421,0.389775083745414,-0.007452411460490744,None,None,-0.00002246632007236243,-0.13587630379764798,-0.45357274537593983,-0.18922424029443097,0.38428393330205923,-2.2990510552728582,3 days 17:35:53.271028036,false
XMR-USD,false,12,16,458,24.288840262582056,0.40799933851680603,0.6294765840220385,0.0001,0.000037367446557818545,18.925619834710744,37.8099173553719,0.0018925619834710746,-3.8720945950312267,0,0,17424,726 days 01:00:00,1000.0,60.97525358797316,-93.90247464120269,34.915698157888286,100.0,330.4285639301163,94.15659552054181,725 days 02:00:00,457,1,1.2266617315920385,16.072651674035118,-11.4652129644452,1.930871949177573,-1.4028146855231725,1 days 23:08:38.918918918,0 days 12:09:01.040462427,-2.057442906222354,-2.8542272683188172,-0.8017962940316924,0.8851851806017957,-0.4527490406500375,37.121912037975626,1.0105211353772663,0.36217948717948717,-0.007675254269645516,None,None,-0.00014862026983134688,-0.8988553919399859,-0.9390247464120262,-0.6212592946796508,0.379007181263957,-3.689405613961292,0 days 20:38:59.606126913,false
XMR-USD,false,28,62,141,24.285714285714285,0.6214591494458244,0.1928374655647383,0.0001,0.000037362637362637365,5.8264462809917354,11.611570247933885,0.0005826446280991736,-0.7372088742840569,0,0,17424,726 days 01:00:00,1000.0,501.3964730829742,-49.86035269170258,34.915698157888286,100.0,183.38186010914302,59.65026117000407,635 days 19:00:00,140,1,26.040673930828746,22.766516632900526,-7.667891305517974,4.393880722059138,-2.014094633445536,6 days 16:56:28.235294117,1 days 15:19:14.716981132,-3.747458577484677,-0.5263175003287492,-0.49159509152295155,0.9780928078525506,0.15252320758407586,23.13533375571734,0.9906324592352764,0.39277435856446324,-0.00746693301479607,None,None,-0.00002758720305880036,-0.1668474040996246,-0.49860352691702836,-0.2130689841116139,0.38152043546214665,-2.4280210713884274,2 days 20:51:25.714285713,false
XMR-USD,false,41,79,104,24.271844660194176,0.5744669247321293,0.1418732782369146,0.0001,0.00003734129947722182,4.297520661157025,8.553719008264464,0.0004297520661157025,-0.899268965215955,0,0,17424,726 days 01:00:00,1000.0,445.7123098392467,-55.42876901607533,34.915698157888286,100.0,144.46583088431697,60.68467367077203,635 days 19:00:00,103,1,21.64210285016793,20.564604478564068,-9.192802668893407,4.891239474550374,-2.5411302168432286,8 days 22:21:36,2 days 04:52:18.461538461,-5.591551388455546,-0.6489195082132753,-0.550142404100723,0.9726425038803891,-0.14420767217287303,26.902451115760602,0.979493517995147,0.38315605651690754,-0.007458196364188682,None,None,-0.0000341988520236159,-0.20683465703882897,-0.5542876901607525,-0.24457519323085053,0.38360003841451207,-2.5875028122143577,3 days 20:04:04.660194174,false
XMR-USD,false,41,80,104,24.271844660194176,0.5692255292553106,0.1418732782369146,0.0001,0.00003734129947722182,4.297520661157025,8.553719008264464,0.0004297520661157025,-0.8999473521239452,0,0,17424,726 days 01:00:00,1000.0,445.49228560127983,-55.450771439872014,34.915698157888286,100.0,144.10869598718418,60.96935342112629,635 days 19:00:00,103,1,21.63141930591189,20.674404149974855,-9.1928026688934,4.808495598352768,-2.5167154957102564,8 days 22:36:00,2 days 04:46:09.230769230,-5.593583822375065,-0.6493918538100951,-0.5478448455482383,0.9726290228135566,-0.14405511273339505,26.89460663735221,0.9806956122625604,0.3827170290430091,-0.007460189988399782,None,None,-0.000034225760012050566,-0.20699739655288182,-0.5545077143987245,-0.24470464742820464,0.38362262146097853,-2.5881329707091756,3 days 20:02:54.757281552,false
XMR-USD,false,42,78,104,24.271844660194176,0.5596119473045278,0.1418732782369146,0.0001,0.00003734129947722182,4.297520661157025,8.553719008264464,0.0004297520661157025,-0.9580645686710898,0,0,17424,726 days 01:00:00,1000.0,428.78651470241016,-57.12134852975899,34.915698157888286,100.0,144.37301269043454,62.45561499529448,635 days 19:00:00,103,1,20.82025029845272,20.674404149974848,-9.192802668893401,4.721242503604103,-2.5370610416837445,8 days 22:26:24,2 days 04:50:00,-5.747900345592655,-0.6918982062568269,-0.5551012091050017,0.9708663776668914,-0.15038746283638066,26.949457931483,0.9791196477237731,0.3827170290430091,-0.007461921798605283,None,None,-0.0000364377208600329,-0.22037533576147897,-0.5712134852975922,-0.25465819191034267,0.38332482328386325,-2.6359789877738393,3 days 20:03:29.708737863,false
XMR-USD,false,43,76,104,24.271844660194176,0.5656107055983605,0.1418732782369146,0.0001,0.00003734129947722182,4.297520661157025,8.553719008264464,0.0004297520661157025,-0.9452023022201538,0,0,17424,726 days 01:00:00,1000.0,432.5067770177516,-56.74932229822485,34.915698157888286,100.0,144.36761726169115,61.87363627666985,635 days 19:00:00,103,1,21.00089215617311,20.564604478564064,-9.192802668893401,4.814810887545401,-2.5526078176841387,8 days 22:02:24,2 days 05:00:00,-5.713535098431279,-0.6825502514884582,-0.5557268476229962,0.9712579110396532,-0.15003444405951138,26.954049825964482,0.9780977554835959,0.38326585695006754,-0.007468294324475397,None,None,-0.00003594337783808604,-0.21738554916474437,-0.5674932229822474,-0.2524199813673289,0.38330298516064676,-2.6253240030202236,3 days 20:05:14.563106795,false
XMR-USD,false,44,75,104,24.271844660194176,0.5599185526369712,0.1418732782369146,0.0001,0.00003734129947722182,4.297520661157025,8.553719008264464,0.0004297520661157025,-0.9708724031484338,0,0,17424,726 days 01:00:00,1000.0,425.1912025416134,-57.48087974583866,34.915698157888286,100.0,144.56579570730585,62.747979951102515,635 days 19:00:00,103,1,20.6456755473302,20.56460447856406,-9.192802668893405,4.738620307167246,-2.5513608539772603,8 days 22:09:36,2 days 04:55:23.076923076,-5.781111388405023,-0.7011782489994759,-0.55691277827605,0.9704782127990467,-0.15059826445695393,26.965365323513268,0.9787281830923845,0.3827170290430091,-0.007466933014796067,None,None,-0.0000369231038345002,-0.22331093199105723,-0.5748087974583824,-0.25683330897766465,0.3832901956620872,-2.646276110129918,3 days 20:03:29.708737862,false
XMR-USD,false,44,77,104,24.271844660194176,0.5530017490997597,0.1418732782369146,0.0001,0.00003734129947722182,4.297520661157025,8.553719008264464,0.0004297520661157025,-0.9593292384562639,0,0,17424,726 days 01:00:00,1000.0,428.5196816916239,-57.14803183083761,34.915698157888286,100.0,144.55856697720526,62.7976617310329,635 days 19:00:00,103,1,19.11205417575451,20.48709055027733,-9.192802668893405,4.647714156946575,-2.5106512741793865,8 days 21:48:00,2 days 04:54:36.923076923,-5.733906528972139,-0.6929148394241221,-0.5524031954351568,0.9708221952762696,-0.15149945673973295,26.979004308783484,0.9772648145730002,0.3826073157184797,-0.007461921798605131,None,None,-0.000036480540305201475,-0.22063430776585852,-0.5714803183083756,-0.25481921240854966,0.38321221511148845,-2.636743208525146,3 days 19:57:40.194174756,false
XMR-USD,false,45,73,104,24.271844660194176,0.5584877579349566,0.1418732782369146,0.0001,0.00003734129947722182,4.297520661157025,8.553719008264464,0.0004297520661157025,-0.9745702106997994,0,0,17424,726 days 01:00:00,1000.0,423.74111298786556,-57.62588870121345,34.915698157888286,100.0,143.76021604149923,62.646347625574826,635 days 19:00:00,103,1,20.57526468684597,20.564604478564064,-9.192802668893407,4.732027568206606,-2.552072250462549,8 days 22:07:12,2 days 05:04:36.923076923,-5.79450632717456,-0.7041584159942688,-0.559598214078508,0.9703575933280746,-0.1554781737002731,26.918350527127377,0.9775885751868635,0.3835953628712085,-0.0074682943244752855,None,None,-0.0000371035368085442,-0.22440219061807531,-0.5762588870121297,-0.25771399266561845,0.38353312561433034,-2.6504292264364873,3 days 20:09:54.174757280,false
XMR-USD,false,46,69,104,24.271844660194176,0.5785430518233183,0.1418732782369146,0.0001,0.00003734129947722182,4.297520661157025,8.553719008264464,0.0004297520661157025,-0.8931429154581146,0,0,17424,726 days 01:00:00,1000.0,450.1357823026415,-54.98642176973585,34.915698157888286,100.0,147.8322451681391,60.022524214045546,635 days 19:00:00,103,1,21.85688993119379,20.401051514359672,-9.192802668893412,4.722179249408003,-2.4782428281316347,8 days 21:31:12,2 days 05:05:23.076923076,-5.550690365325753,-0.6434259862008456,-0.5506877181278519,0.9728950540266786,-0.09139272280175396,26.715592514335672,0.9817762536899922,0.38238794129313763,-0.007451445542635756,None,None,-0.000033749105839799976,-0.20411459211911026,-0.5498642176973585,-0.24198138870301777,0.3817874237430031,-2.5748338045852055,3 days 20:01:44.854368930,false
XMR-USD,false,47,68,104,24.271844660194176,0.5776550955187962,0.1418732782369146,0.0001,0.00003734129947722182,4.297520661157025,8.553719008264464,0.0004297520661157025,-0.8940397395320752,0,0,17424,726 days 01:00:00,1000.0,449.8107724077769,-55.01892275922231,34.915698157888286,100.0,147.21857916413146,60.05138900487742,635 days 19:00:00,103,1,21.841108680784828,20.401051514359672,-9.192802668893405,4.74145620782558,-2.484610469422225,8 days 21:31:12,2 days 05:08:27.692307692,-5.553692585174831,-0.6440747169376367,-0.5508277507188106,0.972875840354806,-0.09136590341997088,26.700884387924653,0.9813479086307553,0.3827170290430091,-0.007460189988399807,None,None,-0.00003378746434793435,-0.20434658437630696,-0.5501892275922219,-0.242171397761768,0.38183637068538434,-2.575764646332648,3 days 20:04:04.660194173,false
XMR-USD,false,47,70,104,24.271844660194176,0.5604104016301312,0.1418732782369146,0.0001,0.00003734129947722182,4.297520661157025,8.553719008264464,0.0004297520661157025,-0.9752006874514123,0,0,17424,726 days 01:00:00,1000.0,423.6930231591441,-57.63069768408558,34.915698157888286,100.0,143.66676706020127,63.08570167940616,635 days 19:00:00,103,1,20.572929626771952,20.56460447856406,-9.192802668893409,4.728613570036155,-2.5515307178525246,8 days 21:33:36,2 days 05:14:36.923076923,-5.794950548229394,-0.7046601929643596,-0.555759683619347,0.9703309603266322,-0.15605387892487682,26.95208144424294,0.9777641374554298,0.38348551012306464,-0.007477354898302168,None,None,-0.00003711792569704566,-0.22448921461573215,-0.5763069768408564,-0.2577432327746604,0.38340864761315546,-2.6505669576899304,3 days 20:09:19.223300970,false
XMR-USD,false,48,66,104,24.271844660194176,0.5855823145717255,0.1418732782369146,0.0001,0.00003734129947722182,4.297520661157025,8.553719008264464,0.0004297520661157025,-0.84305966083931,0,0,17424,726 days 01:00:00,1000.0,465.034435741823,-53.4965564258177,34.915698157888286,100.0,148.76669497130527,58.85207660042163,635 days 19:00:00,103,1,22.58031215432254,20.401051514359676,-9.192802668893398,4.718631590938485,-2.4361774263445426,8 days 21:26:24,2 days 05:12:18.461538461,-5.413066761286403,-0.6071051060839767,-0.5428652304388744,0.9744260365383465,-0.08978006092146236,26.649010576475394,0.9806801166900422,0.38348551012306464,-0.007460189988399804,None,None,-0.00003186480722470268,-0.19271835409500182,-0.5349655642581789,-0.23336572250826726,0.38203693681958123,-2.5321634464792036,3 days 20:05:49.514563105,false
XMR-USD,false,48,67,104,24.271844660194176,0.5767131235201215,0.1418732782369146,0.0001,0.00003734129947722182,4.297520661157025,8.553719008264464,0.0004297520661157025,-0.9007909191176169,0,0,17424,726 days 01:00:00,1000.0,447.7738713892038,-55.222612861079625,34.915698157888286,100.0,146.862721298576,60.232290333653935,635 days 19:00:00,103,1,21.742204476511233,20.401051514359672,-9.192802668893412,4.756904519540825,-2.4948250118623454,8 days 21:28:48,2 days 05:08:27.692307692,-5.572508088226282,-0.6489724242277525,-0.5517056147021384,0.9726714818827911,-0.0913929889502363,26.69418316552873,0.9809400970097242,0.3827170290430091,-0.007461921798605239,None,None,-0.00003404645444569045,-0.20591295648753583,-0.5522261286107957,-0.2433642680268564,0.38185949393495583,-2.5815984148838655,3 days 20:03:29.708737863,false
XMR-USD,false,49,65,104,24.271844660194176,0.5816185973111422,0.1418732782369146,0.0001,0.00003734129947722182,4.297520661157025,8.553719008264464,0.0004297520661157025,-0.8737636594913862,0,0,17424,726 days 01:00:00,1000.0,455.82453652947993,-54.417546347052,34.915698157888286,100.0,148.48529391975856,59.51729436274974,635 days 19:00:00,103,1,22.133114305860488,20.401051514359672,-9.19280266889341,4.722772093334047,-2.4627061580022587,8 days 21:28:48,2 days 05:08:27.692307692,-5.498141531809518,-0.6294609432251845,-0.5482382856082397,0.973490273192885,-0.09195935797025803,26.691614849873442,0.9797409356761044,0.38326585695006754,-0.00746018998839979,None,None,-0.00003302342181719195,-0.19972565515037694,-0.5441754634705227,-0.23867000548828654,0.3818662075359957,-2.5585409777853116,3 days 20:03:29.708737863,false
XMR-USD,false,50,64,104,24.271844660194176,0.5838588310933233,0.1418732782369146,0.0001,0.00003734129947722182,4.297520661157025,8.553719008264464,0.0004297520661157025,-0.8684818845005711,0,0,17424,726 days 01:00:00,1000.0,457.45934429919123,-54.254065570080876,34.915698157888286,100.0,149.04201845780455,59.46129570347348,635 days 19:00:00,103,1,22.212494383797036,20.40105151435968,-9.1928026688934,4.742049051751623,-2.463857075499835,8 days 21:28:48,2 days 05:10:00,-5.483040292083553,-0.6256410126033527,-0.5467135749278301,0.9736478065627029,-0.09199709551778716,26.701769657047134,0.979493725070014,0.38348551012306464,-0.007460189988399833,None,None,-0.000032820111252379516,-0.19849603285439132,-0.54254065570081,-0.2377233909927764,0.38183240501624155,-2.5538588208875206,3 days 20:04:39.611650485,false
XMR-USD,false,51,63,104,24.271844660194176,0.585269723028323,0.1418732782369146,0.0001,0.00003734129947722182,4.297520661157025,8.553719008264464,0.0004297520661157025,-0.857606330531735,0,0,17424,726 days 01:00:00,1000.0,460.77775212744814,-53.92222478725519,34.915698157888286,100.0,148.89666347595104,59.167228142363605,635 days 19:00:00,103,1,22.37362370854885,20.40105151435968,-9.1928026688934,4.75458614591704,-2.4584907981610042,8 days 21:26:24,2 days 05:12:18.461538461,-5.452387102729133,-0.6177588768136077,-0.5452784259775778,0.9739772422309969,-0.09188595859885985,26.703783386076584,0.9794195819537289,0.383705233065989,-0.007460189988399837,None,None,-0.000032405891368478796,-0.19599083099655976,-0.5392222478725467,-0.23580867983536757,0.38182373490632737,-2.5443547639637525,3 days 20:05:49.514563105,false
XMR-USD,false,53,60,104,24.271844660194176,0.6032010879735752,0.1418732782369146,0.0001,0.00003734129947722182,4.297520661157025,8.553719008264464,0.0004297520661157025,-0.7767545101117258,0,0,17424,726 days 01:00:00,1000.0,485.88958157456455,-51.41104184254355,34.915698157888286,100.0,151.50571938293666,56.78726165434816,635 days 19:00:00,103,1,23.592959104168415,20.237563436749486,-9.192802668893407,4.811797863529949,-2.4092814993503757,8 days 21:21:36,2 days 05:19:13.846153846,-5.220421141064118,-0.5591222070488567,-0.5358813284697893,0.976432479864243,-0.08959725720456671,26.646716878609734,0.9808726440967792,0.3843648208469055,-0.007451445542635794,None,None,-0.00002934687773705084,-0.17748991655368349,-0.5141104184254335,-0.2216030794734929,0.38204375527371787,-2.47243344841806,3 days 20:09:54.174757281,false
XMR-USD,false,53,61,104,24.271844660194176,0.5903927753732451,0.1418732782369146,0.0001,0.00003734129947722182,4.297520661157025,8.553719008264464,0.0004297520661157025,-0.8292262443160243,0,0,17424,726 days 01:00:00,1000.0,469.4724760102097,-53.05275239897903,34.915698157888286,100.0,148.89980770148574,58.93270482881301,635 days 19:00:00,103,1,22.795806592823226,20.40105151435966,-9.192802668893409,4.767534328173577,-2.438772649437697,8 days 21:33:36,2 days 05:13:50.769230769,-5.3720711707049835,-0.5972209464363502,-0.5365955032063363,0.9748374496100336,-0.09187706496797796,26.693507422211532,0.979675352585765,0.38414488839463024,-0.007460189988399754,None,None,-0.00003133113134946237,-0.1894906824015484,-0.5305275239897935,-0.2308341796809933,0.38185544718797587,-2.519452716055547,3 days 20:08:44.271844659,false
XMR-USD,false,54,59,104,24.271844660194176,0.6030024128165691,0.1418732782369146,0.0001,0.00003734129947722182,4.297520661157025,8.553719008264464,0.0004297520661157025,-0.7621182567741014,0,0,17424,726 days 01:00:00,1000.0,490.5791025163535,-50.94208974836465,34.915698157888286,100.0,151.7150750324358,56.52029963350576,635 days 19:00:00,103,1,23.82066449237459,20.237563436749497,-9.192802668893405,4.764073236636422,-2.3832820544627675,8 days 21:26:24,2 days 05:17:41.538461538,-5.17710254345651,-0.548572689444211,-0.5324545479678632,0.9768705547477875,-0.09000035845009145,26.64187874964115,0.9809080441247164,0.3844748132846019,-0.0074581963641885875,None,None,-0.00002879452222975065,-0.17414927044553194,-0.5094208974836463,-0.21900371169728616,0.38206181871125366,-2.4590024669707375,3 days 20:09:54.174757280,false
XMR-USD,false,54,60,104,24.271844660194176,0.5915128700601688,0.1418732782369146,0.0001,0.00003734129947722182,4.297520661157025,8.553719008264464,0.0004297520661157025,-0.824285123194124,0,0,17424,726 days 01:00:00,1000.0,471.01788898586983,-52.89821110141302,34.915698157888286,100.0,149.167015399827,58.79751920223018,635 days 19:00:00,103,1,22.87084599789887,20.40105151435966,-9.192802668893412,4.7675343281735785,-2.4346589279350557,8 days 21:33:36,2 days 05:13:04.615384615,-5.357795699145913,-0.5936377570570719,-0.535906306992422,0.974983799398905,-0.09183844840392766,26.69503323951137,0.9800250806781141,0.3840349483717236,-0.007460189988399807,None,None,-0.0000311428073327317,-0.18835169874836133,-0.5289821110141297,-0.22995631559993435,0.3818512246532826,-2.5150265895359754,3 days 20:08:09.320388348,false
XMR-USD,false,55,58,104,24.271844660194176,0.6063521069008282,0.1418732782369146,0.0001,0.00003734129947722182,4.297520661157025,8.553719008264464,0.0004297520661157025,-0.7510266158116377,0,0,17424,726 days 01:00:00,1000.0,494.1847397809772,-50.58152602190228,34.915698157888286,100.0,152.32719488271013,56.187911239447075,635 days 19:00:00,103,1,23.995740591460844,20.23756343674949,-9.192802668893403,4.77438557376624,-2.37732706890975,8 days 21:28:48,2 days 05:18:27.692307692,-5.143796124373624,-0.5405692822463519,-0.5310157539991005,0.9772062384655554,-0.09014023655114292,26.64200865366007,0.9804353379730851,0.3848048954939204,-0.007458196364188677,None,None,-0.000028374350397019308,-0.17160807120117277,-0.5058152602190265,-0.21701614424121718,0.3820608244740347,-2.448675773091328,3 days 20:11:04.077669902,false
XMR-USD,false,55,59,104,24.271844660194176,0.5979828475246903,0.1418732782369146,0.0001,0.00003734129947722182,4.297520661157025,8.553719008264464,0.0004297520661157025,-0.8072598774019016,0,0,17424,726 days 01:00:00,1000.0,476.34021038649087,-52.36597896135091,34.915698157888286,100.0,149.89452727338193,58.33194697995046,635 days 19:00:00,103,1,23.129277781385895,20.40105151435966,-9.192802668893393,4.824884711811638,-2.4364615842123922,8 days 21:36:00,2 days 05:12:18.461538461,-5.308631722280532,-0.5812472336640477,-0.5335323902453674,0.9755024759978383,-0.09030611233849631,26.676951959968385,0.9805464391622505,0.3840349483717236,-0.00746018998839986,None,None,-0.000030495736934144128,-0.18443821697770368,-0.523659789613508,-0.22694731004300173,0.3818881461050074,-2.499783241467855,3 days 20:08:09.320388348,false
XMR-USD,false,56,57,104,24.271844660194176,0.605240530455964,0.1418732782369146,0.0001,0.00003734129947722182,4.297520661157025,8.553719008264464,0.0004297520661157025,-0.7601039423738197,0,0,17424,726 days 01:00:00,1000.0,491.25256811457615,-50.87474318854238,34.915698157888286,100.0,152.3802572107939,56.44786375308903,635 days 19:00:00,103,1,23.853365432916405,20.23756343674949,-9.192802668893401,4.7743855737662395,-2.3845906116594047,8 days 21:28:48,2 days 05:16:55.384615384,-5.1708815273625275,-0.5471333750287224,-0.5322834277112872,0.9769298270843022,-0.09010526170097238,26.64858389342774,0.9801586800554554,0.38469485060394154,-0.007458196364188664,None,None,-0.000028717245372327813,-0.1736819000118386,-0.5087474318854227,-0.21863174864035284,0.38203883835342944,-2.4570736337130517,3 days 20:09:54.174757281,false
XMR-USD,false,56,58,104,24.271844660194176,0.6026615548904218,0.1418732782369146,0.0001,0.00003734129947722182,4.297520661157025,8.553719008264464,0.0004297520661157025,-0.7874658221325425,0,0,17424,726 days 01:00:00,1000.0,482.7307063550187,-51.72692936449813,34.915698157888286,100.0,150.8970049713052,57.77293575428681,635 days 19:00:00,103,1,23.439576079102494,20.40105151435966,-9.192802668893387,4.824884711811632,-2.41981853545738,8 days 21:36:00,2 days 05:11:32.307692307,-5.24960067693285,-0.5668845993064148,-0.5306805928392937,0.9760981839772029,-0.08970912730726746,26.69866048534565,0.9809433455936355,0.3840349483717236,-0.007458196364188594,None,None,-0.000029736011172162426,-0.17984339556923834,-0.5172692936449823,-0.22336326745713253,0.381808855517278,-2.481480597368831,3 days 20:07:34.368932038,false
XMR-USD,false,23,77,137,24.264705882352942,0.6473772313886363,0.18732782369146006,0.0001,0.00003733031674208145,5.661157024793389,11.28099173553719,0.0005661157024793389,-0.6091523210788308,0,0,17424,726 days 01:00:00,1000.0,544.7345926564309,-45.526540734356914,34.915698157888286,100.0,188.9298418927741,52.180670296087605,635 days 19:00:00,136,1,24.175757658379666,23.46742206794339,-7.0076759143037295,4.309077136800587,-1.92213067621874,6 days 18:32:43.636363636,1 days 17:45:26.213592233,-3.525302683837854,-0.4341590059964632,-0.5043242525288798,0.9819306414750998,0.16716037285733423,23.044898108056515,0.9912861533642799,0.39489273134806274,-0.00746192179860524,None,None,-0.000022792495530298155,-0.13784901296724325,-0.4552654073435696,-0.19009684459275922,0.3821210904192221,-2.303898908980326,2 days 23:03:58.235294116,false
XMR-USD,false,35,57,137,24.264705882352942,0.6194445753592621,0.18732782369146006,0.0001,0.00003733031674208145,5.661157024793389,11.28099173553719,0.0005661157024793389,-0.7749348006637868,0,0,17424,726 days 01:00:00,1000.0,487.0011902954557,-51.29988097045444,34.915698157888286,100.0,181.57556723723323,55.677199007715586,635 days 19:00:00,136,1,24.8802834578658,22.46457772688536,-8.721267796798307,4.426258957469103,-2.06379468254263,6 days 18:27:16.363636363,1 days 17:34:22.135922330,-3.9549933320765476,-0.5534023943120661,-0.5451291789694875,0.9769428601498309,0.154476898077281,23.08110147271301,0.9902765679579455,0.39221796100990736,-0.007492505718021397,None,None,-0.000029144516072587297,-0.17626603320700798,-0.5129988097045458,-0.2209854466143506,0.38333083843241533,-2.469249755181097,2 days 22:54:15.882352940,false
XMR-USD,false,23,51,170,24.2603550295858,0.5162461149691576,0.2327823691460055,0.0001,0.000037323623122439696,7.024793388429752,14.008264462809917,0.0007024793388429753,-1.30489515922559,0,0,17424,726 days 01:00:00,1000.0,344.82259253243046,-65.51774074675696,34.915698157888286,100.0,189.97981184468912,71.03561918108394,722 days 11:00:00,169,1,15.646613131573417,21.698844834700974,-7.12556313908759,3.6447905268398966,-1.955637178482065,5 days 16:08:46.829268292,1 days 07:49:13.125000,-3.96937290295351,-0.9354912090454384,-0.5834902352093414,0.9614080246513502,0.14417103173618037,23.190916733954595,0.9902797263109518,0.3906624102154829,-0.0075668739141354245,None,None,-0.000049058234808768495,-0.29670420412343185,-0.6551774074675649,-0.30895672701193,0.38170702352349883,-2.87645512486924,2 days 09:07:48.639053253,false
XMR-USD,false,24,49,170,24.2603550295858,0.5149823234418975,0.2327823691460055,0.0001,0.000037323623122439696,7.024793388429752,14.008264462809917,0.0007024793388429753,-1.3165198325146765,0,0,17424,726 days 01:00:00,1000.0,342.2623415103328,-65.77376584896672,34.915698157888286,100.0,190.82046715278713,70.66012528145737,722 days 11:00:00,169,1,15.530439603127093,21.69884483470096,-7.125563139087593,3.587107637414242,-1.943767279441384,5 days 14:32:11.707317073,1 days 08:18:45,-3.983834899957361,-0.944303145574406,-0.589689691506649,0.9610301498790591,0.13970299670830563,23.23592776160475,0.9904975502228545,0.3903295300406926,-0.007566873914135399,None,None,-0.00004949704386267305,-0.2993581212814466,-0.6577376584896666,-0.3107419266811313,0.3815274326043607,-2.8837877894217865,2 days 09:06:44.733727810,false
XMR-USD,false,25,47,170,24.2603550295858,0.5163090107241765,0.2327823691460055,0.0001,0.000037323623122439696,7.024793388429752,14.008264462809917,0.0007024793388429753,-1.3420613810648192,0,0,17424,726 days 01:00:00,1000.0,336.75690605671593,-66.32430939432841,34.915698157888286,100.0,190.10347713361347,70.347000431496,722 days 11:00:00,169,1,15.28062587128619,21.322008276614905,-7.125563139087604,3.6563606378217575,-1.976209685748377,5 days 13:20:29.268292682,1 days 08:37:58.125000,-4.014933253340651,-0.9630813210049768,-0.599046981889682,0.9602606976675899,0.13463618745907022,23.274741149351332,0.9901276152132155,0.389775083745414,-0.007564556714894954,None,None,-0.00005044480486946037,-0.3050901798504963,-0.6632430939432816,-0.31461047773897066,0.38125138581627965,-2.8995555836922073,2 days 09:03:54.319526626,false
XMR-USD,false,27,44,170,24.2603550295858,0.5213036407982211,0.2327823691460055,0.0001,0.000037323623122439696,7.024793388429752,14.008264462809917,0.0007024793388429753,-1.2943891931547524,0,0,17424,726 days 01:00:00,1000.0,347.2118385148394,-65.27881614851606,34.915698157888286,100.0,190.8454677935216,69.7081206438341,722 days 11:00:00,169,1,15.755027163520595,21.322008276614884,-7.125563139087594,3.6537901751325244,-1.9530567438439554,5 days 13:23:24.878048780,1 days 08:42:11.250000,-3.9558768559093513,-0.9282440326602505,-0.5916812154990075,0.9617116056584925,0.13777972027869134,23.18832372282555,0.990991341915771,0.39055143244753016,-0.0075668739141353,None,None,-0.000048667184227028245,-0.2943391302050668,-0.6527881614851587,-0.3072985547292102,0.38162076519960164,-2.869612225805315,2 days 09:07:48.639053253,false
XMR-USD,false,29,41,170,24.2603550295858,0.5358491550146626,0.2327823691460055,0.0001,0.000037323623122439696,7.024793388429752,14.008264462809917,0.0007024793388429753,-1.2277867089856864,0,0,17424,726 days 01:00:00,1000.0,362.552981025922,-63.74470189740779,34.915698157888286,100.0,193.390589147846,69.4061698555012,722 days 11:00:00,169,1,16.451144317864703,22.185214425160357,-7.125563139087597,3.7827352209238856,-1.9579424657074809,5 days 12:42:26.341463414,1 days 08:57:11.250000,-3.869219901135752,-0.8801984786519232,-0.5756538409762337,0.963663980289563,0.1369953378784196,23.143900086844333,0.9917929758358807,0.391106498483155,-0.007566994865923049,None,None,-0.00004617310030908048,-0.27925491066931873,-0.6374470189740779,-0.2968251312468053,0.3818267642647242,-2.8256745607421387,2 days 09:09:13.846153845,false
XMR-USD,false,8,26,434,24.249422632794456,0.4153587206395527,0.5964187327823691,0.0001,0.00003730680405045301,17.933884297520663,35.82644628099174,0.0017933884297520663,-3.428003735071862,0,0,17424,726 days 01:00:00,1000.0,81.61894611907087,-91.83810538809291,34.915698157888286,100.0,316.1430078726114,92.2006486763405,725 days 03:00:00,433,1,3.405032544119962,19.6968100651006,-11.520637103641047,2.0072695964831238,-1.3844585260494238,2 days 03:51:25.714285714,0 days 12:09:19.756097560,-2.1288362273095847,-2.5196790508289784,-0.7768431725314854,0.898136393480767,-0.44617452761975135,36.621614756897976,1.007529712737913,0.3680615529559551,-0.007640234107481901,None,None,-0.00013178307181754977,-0.797024018352541,-0.9183810538809297,-0.5809206774275684,0.38069076863321055,-3.630281226879735,0 days 21:46:58.475750575,false
XMR-USD,false,10,26,364,24.242424242424242,0.4521746128635776,0.5,0.0001,0.000037296037296037295,15.041322314049587,30.041322314049587,0.0015041322314049588,-2.8238183032626885,0,0,17424,726 days 01:00:00,1000.0,124.86760910894964,-87.51323908910503,34.915698157888286,100.0,300.3599847995932,88.06788866196197,725 days 03:00:00,363,1,5.209308536061542,19.95302052782692,-11.595387641454272,2.313623017986054,-1.4691234846951884,2 days 13:10:54.545454545,0 days 14:48:00,-2.425183744978272,-2.0645072679307863,-0.7365139546253221,0.9159422001087035,-0.4181497815260334,36.98514512413607,1.0066430074561912,0.3710756157054056,-0.007618027989106712,None,None,-0.00010749364797099539,-0.6501215829285801,-0.8751323908910504,-0.514276626765126,0.3789870146368364,-3.5064152718176054,1 days 02:02:38.677685949,false
XMR-USD,false,20,59,166,24.242424242424242,0.5224978851359707,0.22727272727272727,0.0001,0.000037296037296037295,6.859504132231405,13.677685950413224,0.0006859504132231406,-1.2733441346239676,0,0,17424,726 days 01:00:00,1000.0,353.16341815139936,-64.68365818486006,34.915698157888286,100.0,187.69482720794602,68.12969517293911,722 days 11:00:00,165,1,16.02508506028164,21.322008276614895,-7.125563139087605,3.6792369183094995,-1.9692374568015987,5 days 18:40:30,1 days 08:42:14.400000,-4.017343435811417,-0.9133471580866526,-0.5979891434669485,0.9622605156506738,0.13574855975840575,23.407438499555642,0.9888314237326625,0.3899968091895341,-0.007489941431631923,None,None,-0.00004775675101767947,-0.28883283015492545,-0.6468365818485984,-0.3032002090911934,0.3805895292079663,-2.852566656188901,2 days 10:23:38.181818181,false
XMR-USD,false,23,54,166,24.242424242424242,0.5376000876865157,0.22727272727272727,0.0001,0.000037296037296037295,6.859504132231405,13.677685950413224,0.0006859504132231406,-1.2444194392333012,0,0,17424,726 days 01:00:00,1000.0,359.3455061085747,-64.06544938914254,34.915698157888286,100.0,191.86373526668334,67.21095842911114,722 days 11:00:00,165,1,16.305602464610843,21.32200827661488,-7.125563139087602,3.7592993170765046,-1.9784646122689913,5 days 17:48:00,1 days 09:00:28.800000,-3.9815763415517385,-0.8925998321651206,-0.598437792837205,0.9630920529725887,0.1260899357620241,23.39926104773175,0.9898774352229511,0.39010769844435583,-0.007487835016430418,None,None,-0.00004673048303121613,-0.28262596137279516,-0.6406544938914273,-0.29899060412380285,0.3810670637691952,-2.8348609012324344,2 days 10:24:43.636363636,false
XMR-USD,false,25,75,133,24.242424242424242,0.673588411861702,0.18181818181818182,0.0001,0.000037296037296037295,5.4958677685950414,10.950413223140496,0.0005495867768595042,-0.5144731844816743,0,0,17424,726 days 01:00:00,1000.0,579.0791535885597,-42.09208464114403,34.915698157888286,100.0,183.88824451760954,52.789780461496974,635 days 19:00:00,132,1,26.99291576141468,23.4674220679434,-7.677465801481979,4.665878794579365,-1.9823900449876464,6 days 20:39:22.500000,1 days 19:46:48,-3.393286077067077,-0.36629462229491805,-0.45493639177013734,0.9846977873010309,0.18349951854643382,23.20882126887129,0.9892889182777028,0.39489273134806274,-0.007460189988399811,None,None,-0.00001925401808384977,-0.11644830137112341,-0.42092084641143435,-0.17272614849773205,0.38260335769023296,-2.205534669557636,3 days 01:05:00,false
XMR-USD,false,26,48,166,24.242424242424242,0.5391165745578816,0.22727272727272727,0.0001,0.000037296037296037295,6.859504132231405,13.677685950413224,0.0006859504132231406,-1.198824795515905,0,0,17424,726 days 01:00:00,1000.0,369.64868399693887,-63.035131600306116,34.915698157888286,100.0,193.6894063933095,67.85988869521796,722 days 11:00:00,165,1,16.773117766497194,21.322008276614884,-7.172505688054693,3.754493879845612,-1.9523233700054772,5 days 17:04:29.999999999,1 days 09:19:12,-3.9219662652700524,-0.8596375930050724,-0.5801067031767233,0.9644402188301079,0.12963984797211536,23.295431373541458,0.98963890182873,0.391106498483155,-0.007529929648075618,None,None,-0.00004507237047997714,-0.27259769666290173,-0.630351316003063,-0.2920786442113915,0.3816391714217631,-2.8053521746940917,2 days 10:28:21.818181817,false
XMR-USD,false,28,45,166,24.242424242424242,0.5406608563002951,0.22727272727272727,0.0001,0.000037296037296037295,6.859504132231405,13.677685950413224,0.0006859504132231406,-1.1993448583571422,0,0,17424,726 days 01:00:00,1000.0,368.9483869745234,-63.105161302547664,34.915698157888286,100.0,193.64426993811733,67.66962291725068,722 days 11:00:00,165,1,16.74134120421786,21.322008276614877,-7.1725056880547005,3.759966012865702,-1.9552950220488425,5 days 17:07:30,1 days 09:23:02.400000,-3.9260179044223857,-0.859916591796058,-0.5825915728866521,0.9644486206928621,0.12937871336405893,23.18487064614938,0.9900203769013196,0.3915508704679764,-0.007549268901077523,None,None,-0.00004514838543598938,-0.27305743511686376,-0.6310516130254784,-0.29254442966368455,0.38215877815087695,-2.807357854257619,2 days 10:31:59.999999999,false
XMR-USD,false,28,69,133,24.242424242424242,0.629709728518554,0.18181818181818182,0.0001,0.000037296037296037295,5.4958677685950414,10.950413223140496,0.0005495867768595042,-0.7145422467079604,0,0,17424,726 days 01:00:00,1000.0,507.37769169201596,-49.2622308307984,34.915698157888286,100.0,180.23694587729315,55.38469009001137,635 days 19:00:00,132,1,23.650658474220336,22.464577726885366,-7.677465801481978,4.49937706716593,-2.0635955617326043,6 days 22:18:45,1 days 19:06:00,-3.9111588392591283,-0.5106343494811317,-0.5218260573503417,0.9787100951293722,0.13938023704475225,23.25558362068522,0.9882720907667032,0.39266304347826086,-0.007468588115302625,None,None,-0.0000268393565794619,-0.16232442859258556,-0.4926223083079867,-0.2098233426598488,0.3825780232958455,-2.410890614532045,3 days 00:58:10.909090908,false
XMR-USD,false,30,67,133,24.242424242424242,0.6334330437631632,0.18181818181818182,0.0001,0.000037296037296037295,5.4958677685950414,10.950413223140496,0.0005495867768595042,-0.6935639795057337,0,0,17424,726 days 01:00:00,1000.0,514.2813608428764,-48.571863915712356,34.915698157888286,100.0,183.05833255793587,53.4775410690756,635 days 19:00:00,132,1,26.27399334918448,22.464577726885377,-7.677465801481971,4.433854768419436,-2.03395055591513,6 days 23:31:52.500000,1 days 18:47:24,-3.8787320644417216,-0.4951306073545971,-0.5313719651970286,0.9793523877109146,0.15096705251359283,23.211077157135414,0.9897180144483401,0.39266304347826086,-0.007468588115302534,None,None,-0.00002604508498549306,-0.15752067399226202,-0.4857186391571283,-0.20610805214226968,0.3828811179900921,-2.391118221267439,3 days 01:01:49.090909090,false
XMR-USD,false,38,54,133,24.242424242424242,0.6333419949195074,0.18181818181818182,0.0001,0.000037296037296037295,5.4958677685950414,10.950413223140496,0.0005495867768595042,-0.7450836769080794,0,0,17424,726 days 01:00:00,1000.0,496.8323479203338,-50.31676520796662,34.915698157888286,100.0,181.44361166680056,54.91284286230247,635 days 19:00:00,132,1,25.3825450401784,22.46457772688538,-8.721267796798305,4.577011347827057,-2.108669621801347,6 days 20:48:45,1 days 19:40:12,-4.004168159998821,-0.5321357772044605,-0.5399090611262992,0.9778180229275726,0.15209981247608936,23.117922125803208,0.9879663174268207,0.39277435856446324,-0.007492505718021383,None,None,-0.00002801004676256011,-0.16940476281996356,-0.5031676520796637,-0.2155627006771298,0.38313278743293233,-2.4410929141509623,3 days 01:02:16.363636363,false
XMR-USD,false,44,84,100,24.242424242424242,0.5330342593827625,0.13636363636363635,0.0001,0.000037296037296037295,4.132231404958678,8.223140495867769,0.0004132231404958678,-1.0657587708861005,0,0,17424,726 days 01:00:00,1000.0,398.20577523888323,-60.179422476111675,34.915698157888286,100.0,135.88629848402908,65.37265338661737,635 days 19:00:00,99,1,17.760048545309587,20.198752313806708,-8.593290028177911,4.680635353323978,-2.65809644634189,9 days 05:10:00,2 days 07:27:12,-6.258123972792193,-0.7712441395387272,-0.5668218083948539,0.9675624340425136,-0.16918230943232856,26.8520656927943,0.9749974932449174,0.3818398096748612,-0.007477354898302177,None,None,-0.00004065797865760656,-0.2458994549212045,-0.6017942247611179,-0.27355569471957175,0.3837177161366302,-2.7235634872309062,3 days 23:37:34.545454544,false
XMR-USD,false,45,83,100,24.242424242424242,0.5373979272029361,0.13636363636363635,0.0001,0.000037296037296037295,4.132231404958678,8.223140495867769,0.0004132231404958678,-1.0507031113091567,0,0,17424,726 days 01:00:00,1000.0,402.2631810627579,-59.77368189372421,34.915698157888286,100.0,135.78206056062086,64.85247417341762,635 days 19:00:00,99,1,17.941009568179766,20.198752313806718,-8.593290028177915,4.729291562440578,-2.66018955319772,9 days 03:52:30,2 days 07:53:36,-6.218967964701234,-0.7602507327170381,-0.5664090455576297,0.9680208513969547,-0.1689442960881491,26.85495146510118,0.9758615187291424,0.3818398096748612,-0.007482015876363698,None,None,-0.00004007706851578503,-0.24238611038346786,-0.5977368189372448,-0.2709950856520308,0.3837046338112006,-2.711942909559719,3 days 23:38:47.272727272,false
XMR-USD,false,46,81,100,24.242424242424242,0.5566223370647826,0.13636363636363635,0.0001,0.000037296037296037295,4.132231404958678,8.223140495867769,0.0004132231404958678,-0.9912866864784821,0,0,17424,726 days 01:00:00,1000.0,418.9708179966983,-58.102918200330166,34.915698157888286,100.0,138.74796847542228,63.58550131258378,635 days 19:00:00,99,1,18.68617315312821,20.19875231380671,-8.59329002817792,4.874466922453807,-2.6478723543265,9 days 05:10:00,2 days 07:30:24,-6.0577308601659645,-0.7166928491318437,-0.5571295728849371,0.9698367809338673,-0.1633610484916938,26.89758130185437,0.9764781201683174,0.38227828018403937,-0.007477354898302152,None,None,-0.000037757256927141486,-0.22835588989535172,-0.5810291820032993,-0.2606250984833829,0.383464626950817,-2.6640915480936282,3 days 23:39:59.999999999,false
XMR-USD,false,47,77,100,24.242424242424242,0.5423940361843784,0.13636363636363635,0.0001,0.000037296037296037295,4.132231404958678,8.223140495867769,0.0004132231404958678,-1.042645112776159,0,0,17424,726 days 01:00:00,1000.0,404.32874055913544,-59.56712594408645,34.915698157888286,100.0,136.65991291065964,64.80223096566084,635 days 19:00:00,99,1,18.03313388984958,20.42934808058188,-8.593290028177911,4.79838527916934,-2.670614360037686,9 days 01:40:00,2 days 08:33:36,-6.199034276067824,-0.7537665147911945,-0.5643311468952699,0.9682801415461404,-0.15588775263242763,26.805411541771267,0.9759233998300526,0.38173023550868285,-0.0074899414316318596,None,None,-0.00003976526582095139,-0.24050032768511398,-0.5956712594408637,-0.26969799504829406,0.38399449099072475,-2.7060270619457403,3 days 23:36:58.181818181,false
XMR-USD,false,47,80,100,24.242424242424242,0.5488646515699633,0.13636363636363635,0.0001,0.000037296037296037295,4.132231404958678,8.223140495867769,0.0004132231404958678,-1.020103879094034,0,0,17424,726 days 01:00:00,1000.0,411.1044228954979,-58.88955771045021,34.915698157888286,100.0,137.59805650098008,64.11460624053335,635 days 19:00:00,99,1,18.335330529637645,20.198752313806708,-8.593290028177908,4.81111202234905,-2.6532317601264106,9 days 03:50:00,2 days 07:52:00,-6.1336455316579865,-0.7376079760053954,-0.5620833364947833,0.9689544488232109,-0.1628982102577148,26.92297089788585,0.9766030298484054,0.38173023550868285,-0.007477354898302011,None,None,-0.00003885040971715558,-0.23496727796935693,-0.5888955771045044,-0.26547326165986385,0.3833786672710139,-2.686621228198058,3 days 23:36:58.181818181,false
XMR-USD,false,48,75,100,24.242424242424242,0.559072393110866,0.13636363636363635,0.0001,0.000037296037296037295,4.132231404958678,8.223140495867769,0.0004132231404958678,-0.9748324622614226,0,0,17424,726 days 01:00:00,1000.0,423.10506155275596,-57.6894938447244,34.915698157888286,100.0,139.56864807283662,63.342841278164705,635 days 19:00:00,99,1,18.87056115254802,20.389732183151025,-8.59329002817791,4.8498920942144865,-2.6283287992699114,9 days 01:35:00,2 days 08:35:12,-6.017833329290825,-0.7042790397515789,-0.5542190512774265,0.9703364665193255,-0.1534993393819838,26.797355203811144,0.976378412138998,0.3821686364718014,-0.007477354898302121,None,None,-0.000037158145345911494,-0.2247324630520727,-0.576894938447241,-0.25810090701963206,0.3840318196111212,-2.6522509039874653,3 days 23:36:58.181818181,false
XMR-USD,false,48,76,100,24.242424242424242,0.5493828998682528,0.13636363636363635,0.0001,0.000037296037296037295,4.132231404958678,8.223140495867769,0.0004132231404958678,-0.9908061219818388,0,0,17424,726 days 01:00:00,1000.0,419.0655595335037,-58.09344404664964,34.915698157888286,100.0,137.7166424679697,63.393552619909144,635 days 19:00:00,99,1,18.690398642554896,20.429348080581875,-8.593290028177906,4.773800269737291,-2.6165567907971568,9 days 01:37:30,2 days 08:31:12,-6.056816556657074,-0.7157927738085739,-0.5587007073461079,0.9698455948745549,-0.1523821088776869,26.886424096115373,0.9775043921740622,0.3815111393007215,-0.007477354898302125,None,None,-0.000037731033685871124,-0.22819729173214856,-0.5809344404664958,-0.26056707172724625,0.3836801559904587,-2.663820204423578,3 days 23:34:32.727272726,false
XMR-USD,false,48,78,100,24.242424242424242,0.5560964132221766,0.13636363636363635,0.0001,0.000037296037296037295,4.132231404958678,8.223140495867769,0.0004132231404958678,-1.0001900096851266,0,0,17424,726 days 01:00:00,1000.0,416.78879429036897,-58.3211205709631,34.915698157888286,100.0,138.6286023747123,63.53862315628525,635 days 19:00:00,99,1,18.588854506937878,20.54380493526373,-8.593290028177906,4.8707932332840045,-2.6531712279449593,9 days 05:07:30,2 days 07:24:48,-6.078788487036051,-0.7231180968223089,-0.5602049882244259,0.9695493115830994,-0.16278621068278962,26.965511224447354,0.9770027345061355,0.38162067871868055,-0.007466933014796065,None,None,-0.00003807205818013467,-0.2302598078734545,-0.5832112057096328,-0.2619639094893065,0.3832260911319893,-2.670340954009736,3 days 23:35:09.090909090,false
XMR-USD,false,51,71,100,24.242424242424242,0.5584008944504414,0.13636363636363635,0.0001,0.000037296037296037295,4.132231404958678,8.223140495867769,0.0004132231404958678,-0.9838394264207468,0,0,17424,726 days 01:00:00,1000.0,420.72088903614247,-57.927911096385756,34.915698157888286,100.0,137.94591577864955,63.263514636655614,635 days 19:00:00,99,1,18.76422663339133,20.217563635414496,-8.593290028177904,4.912037773842764,-2.652148086690911,9 days 01:22:30,2 days 08:36:00,-6.040841793911609,-0.7111068289899736,-0.5578239244422251,0.9700352681310093,-0.15947613962102394,26.873486584050127,0.9764820238070632,0.3818398096748612,-0.007466933014795956,None,None,-0.000037496446046017153,-0.22677850568631175,-0.5792791109638521,-0.2595546042240551,0.38380727439911844,-2.6590792724360424,3 days 23:34:32.727272726,false
XMR-USD,false,52,70,100,24.242424242424242,0.5559593698684986,0.13636363636363635,0.0001,0.000037296037296037295,4.132231404958678,8.223140495867769,0.0004132231404958678,-0.9961687333898939,0,0,17424,726 days 01:00:00,1000.0,417.2672998183508,-58.27327001816492,34.915698157888286,100.0,137.98562285944203,63.44331426650614,635 days 19:00:00,99,1,18.61019593876688,20.389732183151022,-8.593290028177918,4.878915224377433,-2.65246258195779,9 days 01:20:00,2 days 08:32:00,-6.074170667882989,-0.7201136739543946,-0.5604608136920801,0.9696493709376179,-0.15976699880533218,26.877849650714275,0.976097579555655,0.3815111393007215,-0.007468294324475336,None,None,-0.000037970195596165706,-0.2296437429656102,-0.5827327001816511,-0.2616699247269555,0.38379536097818906,-2.6689704944364574,3 days 23:30:54.545454545,false
XMR-USD,false,53,69,100,24.242424242424242,0.5526471454659808,0.13636363636363635,0.0001,0.000037296037296037295,4.132231404958678,8.223140495867769,0.0004132231404958678,-1.0146323848632408,0,0,17424,726 days 01:00:00,1000.0,412.19617545415167,-58.78038245458483,34.915698157888286,100.0,137.3503049773081,63.99361087121087,635 days 19:00:00,99,1,18.38402288832964,20.38973218315103,-8.593290028177925,4.8789152243774305,-2.6683060427718166,9 days 01:20:00,2 days 08:28:48,-6.1231095700422005,-0.7335107534333578,-0.5618125569667863,0.9690880900940013,-0.15954498504236217,26.886438016662634,0.9767488655097645,0.38096370264701224,-0.007468294324475338,None,None,-0.00003867370967499772,-0.23389859611438624,-0.5878038245458503,-0.26479680099592584,0.38376670373304134,-2.6834944038289246,3 days 23:28:29.090909090,false
XMR-USD,false,54,68,100,24.242424242424242,0.5498043186065291,0.13636363636363635,0.0001,0.000037296037296037295,4.132231404958678,8.223140495867769,0.0004132231404958678,-1.031768389061875,0,0,17424,726 days 01:00:00,1000.0,407.5114418766552,-59.248855812334476,34.915698157888286,100.0,136.7071922449532,64.4028343191727,635 days 19:00:00,99,1,18.175082935843363,20.38973218315103,-8.593290028177908,4.8870917893077435,-2.685346886556921,9 days 01:17:30,2 days 08:28:00,-6.168319606658462,-0.7459678138093676,-0.5639409953556392,0.9685664712289522,-0.15958933605326714,26.888994695363724,0.9770343712688373,0.38063544885508277,-0.0074682943244752725,None,None,-0.00003932996921581495,-0.2378676538172488,-0.5924885581233466,-0.26770782523671577,0.3837615516154433,-2.6969116740674064,3 days 23:27:16.363636363,false
XMR-USD,false,55,67,100,24.242424242424242,0.550792302001793,0.13636363636363635,0.0001,0.000037296037296037295,4.132231404958678,8.223140495867769,0.0004132231404958678,-1.0326452199107414,0,0,17424,726 days 01:00:00,1000.0,407.42357258561924,-59.257642741438076,34.915698157888286,100.0,136.91681545718495,64.41050992625959,635 days 19:00:00,99,1,18.171163949802803,20.38973218315103,-8.593290028177913,4.888109736812242,-2.6865972371733826,9 days 01:15:00,2 days 08:29:36,-6.169167589537208,-0.746554281873605,-0.5639809693837255,0.9685407640902439,-0.15906015788521558,26.91994565207976,0.9772100506963798,0.38063544885508277,-0.007466933014796071,None,None,-0.000039349448406854845,-0.2379854639646581,-0.5925764274143828,-0.2677626341608996,0.38364999996813937,-2.6971633353420534,3 days 23:27:52.727272727,false
XMR-USD,false,17,80,162,24.22360248447205,0.5235645048222538,0.22176308539944903,0.0001,0.000037267080745341614,6.694214876033058,13.347107438016529,0.0006694214876033058,-1.2470214345614488,0,0,17424,726 days 01:00:00,1000.0,357.1496461471869,-64.2850353852813,34.915698157888286,100.0,187.76832993552674,66.64818987659437,722 days 11:00:00,161,1,16.95999697150171,22.09083756125399,-7.172505688054693,3.586559290113224,-1.9560112295681324,6 days 06:43:04.615384615,1 days 07:23:36.393442622,-4.098200936796979,-0.8961372459560986,-0.6062504914750678,0.9631066536597626,0.09068444468146336,22.882314443832477,0.9872088140667107,0.39288569144684243,-0.007534468867054858,None,None,-0.00004702492433972838,-0.28440674240667724,-0.6428503538528143,-0.30048038941882926,0.3819544037642231,-2.841149934753855,2 days 12:17:53.291925464,false
XMR-USD,false,21,58,162,24.22360248447205,0.5634521241377898,0.22176308539944903,0.0001,0.000037267080745341614,6.694214876033058,13.347107438016529,0.0006694214876033058,-1.0846185013324705,0,0,17424,726 days 01:00:00,1000.0,400.7351410437452,-59.92648589562548,34.915698157888286,100.0,192.30145445689024,63.674952255529305,722 days 11:00:00,161,1,18.183691718367527,21.32200827661489,-7.125563139087594,3.895558669405523,-1.9517431633696496,5 days 20:06:09.230769230,1 days 10:09:50.163934426,-3.8350841656808843,-0.7760136356869964,-0.5787826978378302,0.9678361161157525,0.15162274089180588,23.477758152816463,0.993576438352874,0.3898859376246311,-0.00746192179860532,None,None,-0.00004053171045103334,-0.24513578480784964,-0.5992648589562579,-0.27195743609604883,0.3801749725991704,-2.716319279214718,2 days 11:49:33.913043477,false
XMR-USD,false,26,50,162,24.22360248447205,0.5487755418490453,0.22176308539944903,0.0001,0.000037267080745341614,6.694214876033058,13.347107438016529,0.0006694214876033058,-1.122612511477737,0,0,17424,726 days 01:00:00,1000.0,388.613489383324,-61.1386510616676,34.915698157888286,100.0,189.40688468962378,65.51143564907808,722 days 11:00:00,161,1,17.633661650287024,21.322008276614905,-7.172505688054695,3.850857247772716,-1.960603806094827,5 days 20:53:50.769230769,1 days 09:59:00.983606557,-3.906957591720273,-0.8040258272307237,-0.5773272676465109,0.9666959137418804,0.1346147923543224,23.25227411239149,0.9929830853893279,0.3902186053933302,-0.007520747578736226,None,None,-0.0000421851392467205,-0.2551357221641656,-0.6113865106166747,-0.27967783790516887,0.38189804202275507,-2.7510361896588607,2 days 11:52:55.155279502,false
XMR-USD,false,29,46,162,24.22360248447205,0.5463446551192249,0.22176308539944903,0.0001,0.000037267080745341614,6.694214876033058,13.347107438016529,0.0006694214876033058,-1.1292755288169998,0,0,17424,726 days 01:00:00,1000.0,386.7781837054956,-61.322181629450434,34.915698157888286,100.0,188.5153952896989,65.89799125451701,722 days 11:00:00,161,1,17.165525675931974,21.32200827661488,-8.222010603968496,3.857332690038548,-1.964486299232047,5 days 19:20:00,1 days 10:28:31.475409836,-3.9154493290089176,-0.8090045210274219,-0.5761835350390635,0.9664868152225352,0.13080566868208057,23.260106787228338,0.9915724121024174,0.39044047239067986,-0.0075234994890087305,None,None,-0.00004245291613453533,-0.25675523678166967,-0.6132218162945009,-0.28086040860538286,0.38195704383281975,-2.7562925808372043,2 days 11:52:32.795031055,false
XMR-USD,false,32,38,162,24.22360248447205,0.5281804226674228,0.22176308539944903,0.0001,0.000037267080745341614,6.694214876033058,13.347107438016529,0.0006694214876033058,-1.2204177868396553,0,0,17424,726 days 01:00:00,1000.0,363.8361489534309,-63.61638510465691,34.915698157888286,100.0,184.68568108638982,69.7897216907211,722 days 11:00:00,161,1,16.5093691342758,22.18521442516039,-8.175598214953208,3.8269720433214576,-2.0056881259680766,5 days 17:26:09.230769230,1 days 11:14:45.245901639,-4.0538709328002716,-0.8744672293939937,-0.570960631633835,0.9638884250325618,0.1451504567294266,23.048421298147854,0.9898491008342951,0.3913286489939316,-0.007587215347123358,None,None,-0.00004593684016847655,-0.27782600933894613,-0.6361638510465663,-0.2959623250608364,0.38236270355011737,-2.8219995148596064,2 days 11:59:59.999999999,false
XMR-USD,false,33,37,162,24.22360248447205,0.5317014615417721,0.22176308539944903,0.0001,0.000037267080745341614,6.694214876033058,13.347107438016529,0.0006694214876033058,-1.2340131808558785,0,0,17424,726 days 01:00:00,1000.0,359.80778551999583,-64.01922144800042,34.915698157888286,100.0,187.239971550913,69.13807939743563,722 days 11:00:00,161,1,16.326578778999362,22.185214425160375,-8.175598214953213,3.8565012795857396,-2.0229039221070706,5 days 17:23:04.615384615,1 days 11:14:45.245901639,-4.077756479869582,-0.8850569166504116,-0.5811982306765806,0.9634323153839817,0.12945379274620067,23.03778221694314,0.988987549213793,0.3913286489939316,-0.007587215347123439,None,None,-0.00004654706447720382,-0.2815166459581287,-0.6401922144800035,-0.29867772767835044,0.38280626870650325,-2.833536913926407,2 days 11:59:15.279503105,false
XMR-USD,false,33,39,162,24.22360248447205,0.542779030499247,0.22176308539944903,0.0001,0.000037267080745341614,6.694214876033058,13.347107438016529,0.0006694214876033058,-1.162743335872874,0,0,17424,726 days 01:00:00,1000.0,377.50194332939554,-62.24980566706044,34.915698157888286,100.0,189.18008955988728,68.05157416684476,722 days 11:00:00,161,1,17.129465967740146,22.18521442516037,-8.22201060396849,3.8806811933826806,-1.9902597095523396,5 days 18:24:36.923076923,1 days 10:54:05.901639344,-3.972841755517668,-0.8335954570198966,-0.569006072122992,0.9655099176274389,0.1265204936047026,23.130528182226406,0.9899282798109603,0.3915508704679764,-0.007566873914135365,None,None,-0.0000438093780510001,-0.26495911845244857,-0.6224980566706015,-0.2868942598017039,0.3825336927316546,-2.7828601159732713,2 days 11:58:30.559006210,false
XMR-USD,false,34,36,162,24.22360248447205,0.5327162746820269,0.22176308539944903,0.0001,0.000037267080745341614,6.694214876033058,13.347107438016529,0.0006694214876033058,-1.2271594123632585,0,0,17424,726 days 01:00:00,1000.0,361.4412472030265,-63.85587527969735,34.915698157888286,100.0,187.45420757088073,68.99797191005547,722 days 11:00:00,161,1,16.400698467132088,22.185214425160368,-8.175598214953208,3.856501279585741,-2.0192903924179597,5 days 17:23:04.615384615,1 days 11:13:46.229508196,-4.068071125864006,-0.8801305007616181,-0.5804020394793808,0.9636288740766876,0.12931147704122156,23.03899264285579,0.988796084009724,0.3913286489939316,-0.007587215347123364,None,None,-0.00004628742107883667,-0.2799463226848042,-0.6385587527969714,-0.2975742780689955,0.3828016995346629,-2.8288586122764032,2 days 11:58:30.559006210,false
XMR-USD,false,35,37,162,24.22360248447205,0.5455905079461933,0.22176308539944903,0.0001,0.000037267080745341614,6.694214876033058,13.347107438016529,0.0006694214876033058,-1.1498830535221318,0,0,17424,726 days 01:00:00,1000.0,380.7312477417056,-61.926875225829434,34.915698157888286,100.0,190.49921479688976,67.71525054699377,722 days 11:00:00,161,1,17.275998352559895,22.185214425160364,-8.222010603968496,3.8706972065421974,-1.9808995208323603,5 days 19:01:32.307692307,1 days 10:41:48.196721311,-3.9536941031730093,-0.8243273233326893,-0.5679487020939628,0.9658830838315946,0.1262840534717766,23.133282943362826,0.9905129054307266,0.3914397508584205,-0.007564556714894874,None,None,-0.000043321182716023756,-0.2620065130665117,-0.6192687522582944,-0.28478284336494686,0.3825238814252634,-2.773611254908809,2 days 11:58:08.198757763,false
XMR-USD,false,11,20,418,24.22062350119904,0.42752103297893895,0.5743801652892562,0.0001,0.00003726249769415237,17.272727272727273,34.50413223140496,0.0017272727272727275,-3.352925214481174,0,0,17424,726 days 01:00:00,1000.0,85.8908963475036,-91.41091036524965,34.915698157888286,100.0,312.74954853376204,91.79242923400508,725 days 03:00:00,417,1,3.583252556094294,19.696810065100603,-11.520637103641041,2.1024103783448247,-1.4272663931120988,2 days 04:17:13.663366336,0 days 13:09:06.835443037,-2.2007010940253977,-2.4630041818679005,-0.7722674118185087,0.9004301796702465,-0.4468991422314328,36.45683384610176,1.0096198342502387,0.36763205399890114,-0.007658393323117605,None,None,-0.0001288499501984392,-0.7792844988001603,-0.9141091036524968,-0.5734338815257205,0.3807825607391717,-3.6180461851826884,0 days 22:37:50.503597120,false
XMR-USD,false,26,79,129,24.21875,0.5968460535038405,0.1763085399449036,0.0001,0.00003725961538461539,5.330578512396694,10.619834710743802,0.0005330578512396694,-0.7464419093551572,0,0,17424,726 days 01:00:00,1000.0,492.8065998644519,-50.719340013554806,34.915698157888286,100.0,172.87106655945828,54.92007029789482,635 days 19:00:00,128,1,25.176874592638967,19.801775246886333,-7.677465801481978,4.141685742142554,-2.0182357640998685,7 days 03:30:58.064516129,1 days 20:26:35.876288659,-4.159142771313961,-0.5363838366431851,-0.5450666815385692,0.9775360927863356,-0.07905948830119248,26.32556586172447,0.9839005190262449,0.39288569144684243,-0.007468294324475349,None,None,-0.000028359052175402515,-0.1715155475568344,-0.5071934001355529,-0.21777470712936597,0.38483447735672943,-2.452622822668551,3 days 03:13:07.499999999,false
XMR-USD,false,54,71,96,24.210526315789473,0.5756143038866213,0.13085399449035812,0.0001,0.00003724696356275304,3.9669421487603307,7.892561983471075,0.0003966942148760331,-0.927332387075819,0,0,17424,726 days 01:00:00,1000.0,438.04335969269596,-56.195664030730406,34.915698157888286,100.0,137.01857334784614,61.9085527793357,635 days 19:00:00,95,1,19.536811911946188,20.543804935263736,-8.593290028177918,5.118106568033012,-2.7038808889315433,9 days 06:18:15.652173913,2 days 12:16:40,-6.120983707571055,-0.6705097508799714,-0.5486142137474838,0.9717145148928504,-0.17342271283708868,27.124394782087837,0.9775730847331608,0.38129211256440754,-0.007446826610916502,None,None,-0.00003525196834655279,-0.21320390455995128,-0.5619566403073033,-0.24911217884747383,0.38268039878618065,-2.6094670018229174,4 days 03:30:18.947368420,false
XMR-USD,false,55,70,96,24.210526315789473,0.5658718494027091,0.13085399449035812,0.0001,0.00003724696356275304,3.9669421487603307,7.892561983471075,0.0003966942148760331,-0.9557286137103257,0,0,17424,726 days 01:00:00,1000.0,429.78416245172434,-57.02158375482757,34.915698157888286,100.0,135.96684387847324,62.713105634552434,635 days 19:00:00,95,1,19.168450243015286,20.543804935263736,-8.593290028177902,5.035683890200691,-2.704522121811677,9 days 06:18:15.652173913,2 days 12:16:40,-6.204045134645156,-0.6911547412886127,-0.5516042459656921,0.9708586993157821,-0.17340364409925757,27.112118227662506,0.9775222469608361,0.38107315526670366,-0.007451445542635728,None,None,-0.00003634152131000516,-0.21979352088291124,-0.5702158375482742,-0.2540567398564416,0.3827240522663397,-2.6331216834610265,4 days 03:30:18.947368420,false
XMR-USD,false,56,68,96,24.210526315789473,0.5643311253096721,0.13085399449035812,0.0001,0.00003724696356275304,3.9669421487603307,7.892561983471075,0.0003966942148760331,-0.9929261273689581,0,0,17424,726 days 01:00:00,1000.0,419.11474057525766,-58.088525942474234,34.915698157888286,100.0,134.07976914903108,63.496512807482766,635 days 19:00:00,95,1,18.69259212578237,20.54380493526372,-8.593290028177925,5.121921452946344,-2.7647162086087875,9 days 08:46:57.391304347,2 days 11:25:50,-6.311345805795002,-0.7186065933731347,-0.5577347627758058,0.9697155235033162,-0.17799582895431115,27.083183297899776,0.9759691497210405,0.38096370264701224,-0.0074468266109164825,None,None,-0.000037784327006736525,-0.2285196097367425,-0.5808852594247444,-0.2605369529804399,0.38271760296455304,-2.6636793478909904,4 days 03:27:47.368421052,false
XMR-USD,false,58,66,96,24.210526315789473,0.5545247127751074,0.13085399449035812,0.0001,0.00003724696356275304,3.9669421487603307,7.892561983471075,0.0003966942148760331,-1.0239616806646907,0,0,17424,726 days 01:00:00,1000.0,410.5199850065462,-58.94800149934538,34.915698157888286,100.0,132.56196160145228,64.05573248087273,635 days 19:00:00,95,1,18.309264495629805,20.54380493526374,-8.593290028177906,5.049391063516468,-2.7704301740083848,9 days 08:52:10.434782608,2 days 11:24:10,-6.397781889358774,-0.7411461865043601,-0.5633138475977306,0.968781283556897,-0.1773280946570802,27.075714206445056,0.976242754725008,0.38063544885508277,-0.00745144554263572,None,None,-0.000038971877289027166,-0.2357019138440363,-0.5894800149934561,-0.26583586724290453,0.38274135708551577,-2.6882950824234806,4 days 03:27:47.368421052,false
XMR-USD,false,59,64,96,24.210526315789473,0.561453069255986,0.13085399449035812,0.0001,0.00003724696356275304,3.9669421487603307,7.892561983471075,0.0003966942148760331,-0.9843669362935991,0,0,17424,726 days 01:00:00,1000.0,421.3117359145225,-57.86882640854775,34.915698157888286,100.0,133.5452647285465,63.234870286574186,635 days 19:00:00,95,1,18.790578509469867,20.429348080581875,-8.593290028177911,5.087222018282489,-2.7473308829592673,9 days 06:46:57.391304347,2 days 12:08:20,-6.289250974683654,-0.7118168583548067,-0.55735437857954,0.969994900295536,-0.16717426067263932,27.03067813828794,0.9776644396653296,0.38085426737459394,-0.007451445542635779,None,None,-0.00003746215433452397,-0.22657110941520098,-0.5786882640854732,-0.25919384794222544,0.38307377689895744,-2.6573870626004883,4 days 03:30:56.842105262,false
XMR-USD,false,59,65,96,24.210526315789473,0.5633225666957934,0.13085399449035812,0.0001,0.00003724696356275304,3.9669421487603307,7.892561983471075,0.0003966942148760331,-0.9937232892759077,0,0,17424,726 days 01:00:00,1000.0,418.8717450397205,-58.11282549602795,34.915698157888286,100.0,134.38324984590747,63.57568123027492,635 days 19:00:00,95,1,20.10185410101252,20.543804935263736,-8.593290028177911,5.089312637179315,-2.7602731501747106,9 days 06:10:26.086956521,2 days 12:16:40,-6.32873799011886,-0.7191726038167721,-0.5573363820599834,0.9696916237889576,-0.17776293371257984,27.0765287429824,0.9767549342640072,0.3807448494453249,-0.0074514455426358305,None,None,-0.00003781623835553955,-0.2287126095743032,-0.5811282549602816,-0.26068578728746794,0.3827393685047529,-2.664375297129749,4 days 03:28:25.263157893,false
XMR-USD,false,60,63,96,24.210526315789473,0.56285553445801,0.13085399449035812,0.0001,0.00003724696356275304,3.9669421487603307,7.892561983471075,0.0003966942148760331,-0.9742054986730235,0,0,17424,726 days 01:00:00,1000.0,424.1989164258807,-57.58010835741193,34.915698157888286,100.0,133.69827183649323,62.982924857672806,635 days 19:00:00,95,1,18.919347274840106,20.429348080581875,-8.593290028177911,5.087222018282488,-2.738177763317522,9 days 06:46:57.391304347,2 days 12:07:30,-6.260215061567987,-0.704433266972583,-0.556047860670707,0.9702984566035103,-0.1672904122211779,27.037036698880854,0.9777685029818569,0.38085426737459394,-0.007451445542635794,None,None,-0.00003707155491282579,-0.22420876411277038,-0.5758010835741123,-0.257435742388454,0.3830530186889378,-2.649118058502955,4 days 03:30:18.947368420,false
XMR-USD,false,60,64,96,24.210526315789473,0.5598311735750241,0.13085399449035812,0.0001,0.00003724696356275304,3.9669421487603307,7.892561983471075,0.0003966942148760331,-1.0096831537449344,0,0,17424,726 days 01:00:00,1000.0,414.3814958226832,-58.561850417731684,34.915698157888286,100.0,133.3925413574055,63.96614506741285,635 days 19:00:00,95,1,19.886364907227176,20.543804935263736,-8.593290028177899,5.089312637179315,-2.7746685563589986,9 days 06:10:26.086956521,2 days 12:15:50,-6.373735464047833,-0.7308484317606844,-0.5593886255993666,0.9692029260269963,-0.1808578867734272,27.112199745502505,0.976465895497641,0.38063544885508277,-0.0074514455426357325,None,None,-0.000038432888292213034,-0.23244210839130444,-0.5856185041773205,-0.26344626108839864,0.38276625986303736,-2.677235556136264,4 days 03:27:47.368421051,false
XMR-USD,false,61,62,96,24.210526315789473,0.5625688852892173,0.13085399449035812,0.0001,0.00003724696356275304,3.9669421487603307,7.892561983471075,0.0003966942148760331,-0.9749335938931046,0,0,17424,726 days 01:00:00,1000.0,423.99692873897334,-57.60030712610267,34.915698157888286,100.0,133.661442304566,63.000551006855524,635 days 19:00:00,95,1,18.91033858800506,20.429348080581875,-8.593290028177906,5.085131461105533,-2.738177763317523,9 days 06:49:33.913043478,2 days 12:07:30,-6.262246419463489,-0.7049572511278416,-0.5561392148677503,0.9702771343345156,-0.16726641221836425,27.03750108633805,0.9779489052676645,0.38085426737459394,-0.007451445542635784,None,None,-0.000037098983245353805,-0.2243746506678998,-0.5760030712610267,-0.25755848515275714,0.3830515019836171,-2.6496965595714252,4 days 03:30:56.842105262,false
XMR-USD,false,61,63,96,24.210526315789473,0.5591812987952427,0.13085399449035812,0.0001,0.00003724696356275304,3.9669421487603307,7.892561983471075,0.0003966942148760331,-1.0092871345920114,0,0,17424,726 days 01:00:00,1000.0,414.48387154673014,-58.551612845326986,34.915698157888286,100.0,133.3651625031085,63.95724266219901,635 days 19:00:00,95,1,19.891277966875236,20.543804935263736,-8.593290028177913,5.079167538517161,-2.7711784159513595,9 days 06:13:02.608695652,2 days 12:15:00,-6.372709541264685,-0.7305533720579851,-0.559341787957451,0.9692157632657523,-0.1807963063340654,27.109753977352902,0.9764788289355195,0.38063544885508277,-0.007451445542635775,None,None,-0.00003841819544438955,-0.232353246047668,-0.585516128453272,-0.2633831064805472,0.3827744633043372,-2.676942347838999,4 days 03:27:47.368421051,false
XMR-USD,false,63,68,96,24.210526315789473,0.5614760053483573,0.13085399449035812,0.0001,0.00003724696356275304,3.9669421487603307,7.892561983471075,0.0003966942148760331,-1.0510728995419798,0,0,17424,726 days 01:00:00,1000.0,402.3919952199253,-59.76080047800747,34.915698157888286,100.0,136.8712689681175,66.01263221210387,635 days 19:00:00,95,1,19.85483500334817,19.685655172017356,-8.735543285074732,5.0198302366489065,-2.798764808252765,10 days 04:00:00,2 days 05:11:40,-6.499608839825507,-0.7617370710468541,-0.5563002498706744,0.9679106831466471,-0.18570724140497025,26.99969962679069,0.9729476871180603,0.38063544885508277,-0.0074581963641886335,None,None,-0.0000400947903207642,-0.2424932918599819,-0.5976080047800726,-0.270914068425983,0.3831252712012064,-2.7115739804992582,4 days 03:23:22.105263157,false
XMR-USD,false,64,67,96,24.210526315789473,0.5627299568309814,0.13085399449035812,0.0001,0.00003724696356275304,3.9669421487603307,7.892561983471075,0.0003966942148760331,-1.0455982584963013,0,0,17424,726 days 01:00:00,1000.0,403.8701477891849,-59.6129852210815,34.915698157888286,100.0,137.2771166925481,65.88778252420042,635 days 19:00:00,95,1,19.927770041124916,19.685655172017356,-8.735543285074748,5.0198302366489065,-2.793721500524137,10 days 04:00:00,2 days 05:10:50,-6.484817076336213,-0.7577583604985891,-0.5555824415867501,0.9680734198610064,-0.18582102358673702,27.001573735157535,0.972909756679629,0.38063544885508277,-0.007458196364188541,None,None,-0.00003988474900871426,-0.24122296200470386,-0.5961298522108132,-0.26998559907069497,0.3831193357211337,-2.7073404905585,4 days 03:22:44.210526315,false
XMR-USD,false,65,66,96,24.210526315789473,0.5601486270800822,0.13085399449035812,0.0001,0.00003724696356275304,3.9669421487603307,7.892561983471075,0.0003966942148760331,-1.0522375028222455,0,0,17424,726 days 01:00:00,1000.0,402.0648591397917,-59.79351408602083,34.915698157888286,100.0,136.9142336361313,66.04026321471895,635 days 19:00:00,95,1,19.838693447422884,19.68565517201735,-8.735543285074739,5.000107059066424,-2.7937215005241365,10 days 04:02:36.521739130,2 days 05:10:50,-6.5028824663961196,-0.7625855520519699,-0.5564591804131065,0.9678766002410729,-0.18567924116248166,26.996062767453346,0.9729134268451567,0.38063544885508277,-0.007458196364188625,None,None,-0.00004014070459288023,-0.24277098137773961,-0.5979351408602095,-0.27111985267280914,0.3831372369027971,-2.7125109117290287,4 days 03:23:22.105263157,false
XMR-USD,false,16,85,158,24.203821656050955,0.5194575258818817,0.2162534435261708,0.0001,0.00003723664870161686,6.528925619834711,13.016528925619834,0.0006528925619834711,-1.1953286766949274,0,0,17424,726 days 01:00:00,1000.0,369.70953947893554,-63.02904605210644,34.915698157888286,100.0,184.03838825535232,65.47530567500104,722 days 11:00:00,157,1,17.556429741817396,22.165171467728534,-7.172505688054688,3.528438344681175,-1.9296870510250783,6 days 09:42:37.894736842,1 days 08:30:15.126050420,-4.126413313776316,-0.8589178034379737,-0.6011573033482182,0.9646225338482645,0.0883602596400711,22.909473088889115,0.9877766141969411,0.39299704212966663,-0.007534468867054919,None,None,-0.00004505204001794487,-0.27247473802853056,-0.630290460521066,-0.292038194892586,0.38178670492742944,-2.80517788208301,2 days 13:50:26.751592356,false
XMR-USD,false,23,58,158,24.203821656050955,0.5614805034578855,0.2162534435261708,0.0001,0.00003723664870161686,6.528925619834711,13.016528925619834,0.0006528925619834711,-1.0963405366390786,0,0,17424,726 days 01:00:00,1000.0,396.1106681003366,-60.388933189966345,34.915698157888286,100.0,190.77379843156044,63.749148149294385,722 days 11:00:00,157,1,17.973852396206155,21.32200827661488,-7.172505688054695,3.882564244205423,-1.9754517683527706,6 days 01:44:12.631578947,1 days 10:19:39.831932773,-3.960912001884531,-0.7850700521400548,-0.583872211428416,0.9674466564119528,0.1362328622742731,23.328299049978362,0.991806111629696,0.3895534290271132,-0.007505915383562002,None,None,-0.0000411262723464204,-0.24873169515115057,-0.6038893318996694,-0.27488457995099036,0.3813018222207674,-2.7295639605110704,2 days 13:17:34.777070063,false
XMR-USD,false,23,59,158,24.203821656050955,0.5744392343801793,0.2162534435261708,0.0001,0.00003723664870161686,6.528925619834711,13.016528925619834,0.0006528925619834711,-1.0881783089630812,0,0,17424,726 days 01:00:00,1000.0,397.8607091901931,-60.21392908098069,34.915698157888286,100.0,193.58696170780664,63.58898967493343,722 days 11:00:00,157,1,18.053261972290557,21.322008276614884,-7.1725056880547,3.984222228699976,-2.0024217475014856,6 days 01:58:25.263157894,1 days 10:18:39.327731092,-3.9502710368286467,-0.7793703292570726,-0.5831524154714753,0.967689557848418,0.13401454461581513,23.266565474782453,0.9894353906090564,0.3906624102154829,-0.007505915383561939,None,None,-0.00004085634469933888,-0.24709917274160154,-0.6021392908098036,-0.27377424878792334,0.3815694404371081,-2.7245517706303386,2 days 13:20:15.286624202,false
XMR-USD,false,25,55,158,24.203821656050955,0.5518149934331467,0.2162534435261708,0.0001,0.00003723664870161686,6.528925619834711,13.016528925619834,0.0006528925619834711,-1.1589209494911066,0,0,17424,726 days 01:00:00,1000.0,380.22899613537675,-61.977100386462325,34.915698157888286,100.0,188.34832255661829,65.20259079527088,722 days 11:00:00,157,1,16.874867484421998,21.322008276614902,-7.172505688054695,3.8903728897707337,-2.0103747517772335,6 days 02:25:15.789473684,1 days 10:05:32.773109243,-4.055069244261432,-0.8303422773470436,-0.5904614332231389,0.9655948295118133,0.135083468677722,23.35965242602245,0.9893146615571395,0.3895534290271132,-0.007520747578736219,None,None,-0.00004348276500959296,-0.2629837627780182,-0.6197710038646227,-0.2851104606883672,0.3811693275539313,-2.7750497242301377,2 days 13:16:48.917197451,false
XMR-USD,false,26,56,158,24.203821656050955,0.5876103090149404,0.2162534435261708,0.0001,0.00003723664870161686,6.528925619834711,13.016528925619834,0.0006528925619834711,-1.0705385200931419,0,0,17424,726 days 01:00:00,1000.0,402.7184580414955,-59.72815419585045,34.915698157888286,100.0,197.26061340141993,63.302550962787905,722 days 11:00:00,157,1,17.87296782216316,22.16640331110653,-7.172505688054695,4.1287512143838425,-2.0338014398747752,6 days 05:33:09.473684210,1 days 09:19:39.831932773,-3.9181815909596684,-0.7665149879969568,-0.5797087154575772,0.968245032896361,0.1419817340978558,23.201153854225154,0.9879689080826809,0.39221796100990736,-0.00751733211140784,None,None,-0.00004016856659311317,-0.24293949075514845,-0.5972815419585107,-0.2707088165563387,0.38143771088719947,-2.7106389775097894,2 days 13:27:30.955414011,false
XMR-USD,false,28,88,125,24.193548387096776,0.5829143517072192,0.17079889807162535,0.0001,0.000037220843672456576,5.1652892561983474,10.289256198347108,0.0005165289256198347,-0.8880993485482387,0,0,17424,726 days 01:00:00,1000.0,449.50570324112084,-55.049429675887914,34.915698157888286,100.0,166.18747905820155,59.66085947998062,635 days 19:00:00,124,1,21.173636476373133,20.708389018126063,-8.039372144347585,4.383627115897018,-2.194703391289493,8 days 03:24:00,1 days 15:31:16.595744680,-4.61022526802623,-0.6388229095655192,-0.5548158912514134,0.9732293731844999,-0.07960608799105419,26.591429698111735,0.9864189293713963,0.38789326961369974,-0.007460189988399761,None,None,-0.000033694828895067696,-0.2037863251573694,-0.5504942967588776,-0.24234983053834014,0.38391998254748216,-2.5766383770118293,3 days 05:14:01.935483869,false
XMR-USD,false,27,52,154,24.18300653594771,0.5664913736255612,0.21074380165289255,0.0001,0.00003720462543991956,6.363636363636364,12.685950413223141,0.0006363636363636364,-1.056983240509094,0,0,17424,726 days 01:00:00,1000.0,405.77270450031415,-59.42272954996859,34.915698157888286,100.0,184.2278649989924,62.86490776316318,722 days 11:00:00,153,1,18.00851772703942,22.16640331110655,-7.172505688054685,4.081333215874132,-2.030677514082133,6 days 04:17:50.270270270,1 days 11:43:26.896551724,-4.001541262919774,-0.7567052739737882,-0.5799123760811743,0.9685795481644853,0.1350631183359216,23.27738808197906,0.9903542774303944,0.39044047239067986,-0.00748994143163196,None,None,-0.00003970441290521959,-0.24013228925076807,-0.5942272954996864,-0.2687938094267721,0.3819178546637343,-2.7018914896462864,2 days 14:56:51.764705882,false
XMR-USD,false,29,87,121,24.166666666666668,0.5890112849544672,0.1652892561983471,0.0001,0.00003717948717948718,5.0,9.958677685950413,0.0005,-0.8665316411719169,0,0,17424,726 days 01:00:00,1000.0,455.9875917282511,-54.40124082717489,34.915698157888286,100.0,163.46187952259288,59.46972473320825,635 days 19:00:00,120,1,21.478961079636974,20.755148066145267,-8.039372144347576,4.5109293968291,-2.242393239491185,8 days 10:20:41.379310344,1 days 16:38:54.065934065,-4.712428077928212,-0.6232389582074123,-0.548473114175658,0.9738557358137792,-0.07854963675188392,26.608428183743772,0.9842541954158963,0.38789326961369974,-0.007460189988399837,None,None,-0.00003287309554792749,-0.19881648187386544,-0.5440124082717491,-0.23857549104556053,0.3839228434338873,-2.5580739809690547,3 days 07:43:29.999999998,false
XMR-USD,false,30,87,121,24.166666666666668,0.5602148400682443,0.1652892561983471,0.0001,0.00003717948717948718,5.0,9.958677685950413,0.0005,-0.9737541541884182,0,0,17424,726 days 01:00:00,1000.0,424.75065942994956,-57.52493405700504,34.915698157888286,100.0,160.32780399206453,62.56383345141554,635 days 19:00:00,120,1,20.778118853843978,20.2391704731416,-8.039372144347572,4.282507445125573,-2.253557347531146,8 days 09:28:57.931034482,1 days 16:49:27.032967032,-4.966895495199118,-0.7017784263350283,-0.5590937167095759,0.970623412486187,-0.09881638118122445,26.383292516497637,0.9818006510424749,0.38711988536857184,-0.007460189988399766,None,None,-0.000036972823708021826,-0.223611637786116,-0.5752493405700476,-0.2571006566042894,0.3834780860090244,-2.6475378437766905,3 days 07:38:59.999999998,false
XMR-USD,false,31,78,121,24.166666666666668,0.6490432948024842,0.1652892561983471,0.0001,0.00003717948717948718,5.0,9.958677685950413,0.0005,-0.5810713271453866,0,0,17424,726 days 01:00:00,1000.0,550.0577147214067,-44.994228527859335,34.915698157888286,100.0,173.39461297209883,51.2065553858575,635 days 19:00:00,120,1,25.910065230670057,20.398670625822767,-8.03937214434758,4.606320696878629,-2.0716599313492954,7 days 19:53:47.586206896,1 days 21:35:36.263736263,-3.965436254243852,-0.41680774278542965,-0.5068661872740712,0.9824611900269178,-0.06730419429415688,26.36627807062424,0.9870727425515331,0.3912175648702595,-0.007450925614534978,None,None,-0.000022044289812110363,-0.13332386478364347,-0.44994228527860114,-0.1873585931375974,0.384962369058754,-2.288653267776462,3 days 07:58:59.999999998,false
XMR-USD,false,31,83,121,24.166666666666668,0.5701063899906659,0.1652892561983471,0.0001,0.00003717948717948718,5.0,9.958677685950413,0.0005,-0.9246632263597445,0,0,17424,726 days 01:00:00,1000.0,438.5969895129542,-56.14030104870458,34.915698157888286,100.0,161.81637829742627,60.74991657122989,635 days 19:00:00,120,1,21.455459043357394,20.273199323916465,-8.039372144347572,4.365162042659749,-2.242354697650348,8 days 12:12:24.827586206,1 days 16:05:16.483516483,-4.857153912753359,-0.6657315881935476,-0.558387057535731,0.9721352151140084,-0.09607403085169088,26.461601039309517,0.983316067865371,0.38778273335457153,-0.007461921798605153,None,None,-0.00003510815819683971,-0.2123341407744866,-0.5614030104870418,-0.24878292009518932,0.38385466832413223,-2.6078813831772445,3 days 07:44:59.999999998,false
XMR-USD,false,34,67,121,24.166666666666668,0.6618844778466165,0.1652892561983471,0.0001,0.00003717948717948718,5.0,9.958677685950413,0.0005,-0.5266812971707391,0,0,17424,726 days 01:00:00,1000.0,569.4937058188849,-43.050629418111505,34.915698157888286,100.0,176.10105955289498,49.33868963427605,635 days 19:00:00,120,1,26.825583336644513,19.702048652753014,-8.039372144347592,4.575571341784164,-2.026441123770964,7 days 13:00:00,2 days 00:11:52.087912087,-3.811098979314659,-0.37748824737158687,-0.49962663212218217,0.984133248173659,-0.06250000687832376,26.172705486948523,0.9873323810405363,0.39366552027513396,-0.007468294324475389,None,None,-0.0000200037903798705,-0.1209829242174568,-0.43050629418111164,-0.17750501408113473,0.3857152450389356,-2.2329877874255066,3 days 08:17:29.999999999,false
XMR-USD,false,42,54,121,24.166666666666668,0.636950123152315,0.1652892561983471,0.0001,0.00003717948717948718,5.0,9.958677685950413,0.0005,-0.6377801941529682,0,0,17424,726 days 01:00:00,1000.0,527.2099719778084,-47.27900280221915,34.915698157888286,100.0,170.61351018712048,52.0683012003053,635 days 19:00:00,120,1,24.83383906563938,19.030357656560145,-8.039372144347583,4.661784676889424,-2.1327672592356643,7 days 16:43:26.896551724,1 days 23:00:00,-4.146865559065263,-0.4581806353590565,-0.5284860306120542,0.9807398871308214,-0.08801835540531847,26.022918391717504,0.9857263620501353,0.393108410617205,-0.007487835016430388,None,None,-0.000024354347539516826,-0.14729509391899775,-0.4727900280221923,-0.19923702684428923,0.3868990945742834,-2.3540901455965217,3 days 08:16:59.999999999,false
XMR-USD,false,43,53,121,24.166666666666668,0.6377315328951962,0.1652892561983471,0.0001,0.00003717948717948718,5.0,9.958677685950413,0.0005,-0.6275797792860209,0,0,17424,726 days 01:00:00,1000.0,530.8436005488679,-46.915639945113206,34.915698157888286,100.0,170.14249642407214,51.60096269033963,635 days 19:00:00,120,1,25.004998474516754,19.030357656560128,-8.039372144347585,4.6600981719309384,-2.1247233094111357,7 days 16:49:39.310344827,1 days 22:59:20.439560439,-4.118011649380411,-0.4508187864253449,-0.5284136896355212,0.9810469315597973,-0.08797044116030846,26.02904574394202,0.9864340105006377,0.393108410617205,-0.0074878350164303865,None,None,-0.000023961635113702688,-0.14491996916767386,-0.4691563994511323,-0.1973257423582323,0.3868765347472468,-2.343683283460676,3 days 08:17:59.999999998,false
XMR-USD,false,17,84,150,24.161073825503358,0.5526131294205324,0.20523415977961432,0.0001,0.00003717088280846671,6.198347107438017,12.355371900826446,0.0006198347107438017,-0.9833160332952949,0,0,17424,726 days 01:00:00,1000.0,425.5312524369208,-57.44687475630792,34.915698157888286,100.0,182.8838162459698,60.444377066734944,722 days 11:00:00,149,1,20.20724038358776,22.165171467728534,-7.172505688054686,3.728042248033824,-1.9093719959364204,6 days 14:01:40,1 days 11:28:40.353982300,-3.991114013064884,-0.7053225690048953,-0.5777047073321924,0.9708430914540463,0.09393054052700603,22.9196262246602,0.9880034630421215,0.39366552027513396,-0.007521349070387182,None,None,-0.000036987824378907515,-0.22370236184363265,-0.5744687475630791,-0.25662707023409026,0.38170596828247744,-2.6453021932007195,2 days 17:05:14.093959730,false
XMR-USD,false,19,78,150,24.161073825503358,0.5858150786191343,0.20523415977961432,0.0001,0.00003717088280846671,6.198347107438017,12.355371900826446,0.0006198347107438017,-0.8841739823583478,0,0,17424,726 days 01:00:00,1000.0,455.6494841588292,-54.435051584117076,34.915698157888286,100.0,194.44811511521524,58.5670514762006,635 days 19:00:00,149,1,20.22208916909608,22.090837561254002,-7.172505688054688,3.790292640133175,-1.866399492911959,6 days 11:09:59.999999999,1 days 12:03:43.008849557,-3.7890778859749465,-0.6332151395890712,-0.5573554864352682,0.9737687410178814,0.1113791796038361,23.05967291819642,0.988801530844686,0.3937769956806911,-0.007468294324475275,None,None,-0.00003312394176910004,-0.20033359981951707,-0.5443505158411709,-0.238771498628372,0.3807576755989307,-2.5590423349967844,2 days 16:50:20.134228186,false
XMR-USD,false,23,68,150,24.161073825503358,0.6208396642520049,0.20523415977961432,0.0001,0.00003717088280846671,6.198347107438017,12.355371900826446,0.0006198347107438017,-0.7952948723823846,0,0,17424,726 days 01:00:00,1000.0,483.6008589430653,-51.63991410569347,34.915698157888286,100.0,196.96237056653936,57.261725997164625,635 days 19:00:00,149,1,21.4625935764019,22.09083756125399,-7.007675914303737,4.137838070447308,-1.9183814354433195,6 days 10:33:19.999999999,1 days 12:05:50.442477876,-3.609810299552594,-0.568714387949305,-0.5343214318005048,0.976378513073118,0.12594390194779848,23.08004487723255,0.991078820289275,0.39288569144684243,-0.007458196364188701,None,None,-0.000029726671567506496,-0.1797869096402793,-0.5163991410569346,-0.22287765252899527,0.38046088481378093,-2.478988444457806,2 days 16:43:05.234899328,false
XMR-USD,false,27,38,179,24.15730337078652,0.5312529227982561,0.24517906336088155,0.0001,0.00003716508210890234,7.3966942148760335,14.75206611570248,0.0007396694214876034,-1.3486664661693015,0,0,17424,726 days 01:00:00,1000.0,334.6886399948005,-66.53113600051995,34.915698157888286,100.0,192.80867828928268,71.5762114409945,722 days 11:00:00,178,1,16.675735863476575,20.680218971042226,-7.125563139087592,3.8699576663447135,-1.9972949270115443,5 days 04:44:39.069767441,1 days 07:45:20,-3.8313881790375017,-0.968666438628092,-0.5912589688230906,0.960074790449498,0.11974942964211872,23.26755943383926,0.990880378452882,0.39044047239067986,-0.007595606630086757,None,None,-0.000050778326662070516,-0.3071073196522025,-0.6653113600051976,-0.3160744713921424,0.38155932906844625,-2.9054791830215483,2 days 06:13:08.764044942,false
XMR-USD,false,29,36,179,24.15730337078652,0.5292661059936001,0.24517906336088155,0.0001,0.00003716508210890234,7.3966942148760335,14.75206611570248,0.0007396694214876034,-1.3332042629586773,0,0,17424,726 days 01:00:00,1000.0,338.16151451201586,-66.18384854879842,34.915698157888286,100.0,192.9726436413166,71.90230928342788,722 days 11:00:00,178,1,16.848770532765002,21.538862549074288,-7.125563139087593,3.8346922975709212,-1.9789184863025076,5 days 04:48:50.232558139,1 days 07:44:00,-3.812849752925559,-0.9574682651223726,-0.5844035079894316,0.9605325390178654,0.1197205991605807,23.27359286135405,0.9913528146413695,0.39044047239067986,-0.007592921762431022,None,None,-0.00005018768426532169,-0.3035351144366656,-0.6618384854879802,-0.3136195891578051,0.38153177507660513,-2.8955327271279527,2 days 06:13:08.764044943,false
XMR-USD,false,25,45,175,24.137931034482758,0.5123265750984768,0.2396694214876033,0.0001,0.00003713527851458886,7.231404958677686,14.421487603305785,0.0007231404958677687,-1.3756059814588493,0,0,17424,726 days 01:00:00,1000.0,329.34358604324075,-67.06564139567593,34.915698157888286,100.0,193.94739461460492,71.49454252882443,722 days 11:00:00,174,1,14.944240284078774,21.322008276614888,-7.125563139087594,3.642064624244723,-1.954134635723834,5 days 09:34:17.142857142,1 days 07:54:32.727272727,-3.940233645062289,-0.987857593884565,-0.5984375999034959,0.9592709350349816,0.12978822176905408,23.287323683043525,0.9884644336706445,0.3907734056987789,-0.007573869459241608,None,None,-0.000051728502698746165,-0.31285398432201683,-0.6706564139567572,-0.31988545702197124,0.3811478807731351,-2.920787638053407,2 days 07:28:57.931034481,false
XMR-USD,false,27,42,175,24.137931034482758,0.5349979833599472,0.2396694214876033,0.0001,0.00003713527851458886,7.231404958677686,14.421487603305785,0.0007231404958677687,-1.2529595254414898,0,0,17424,726 days 01:00:00,1000.0,357.0367788016323,-64.29632211983677,34.915698157888286,100.0,198.05869573591178,69.80935210746834,722 days 11:00:00,174,1,16.200842034812126,21.32200827661489,-7.125563139087617,3.697109644975934,-1.9113999742985979,5 days 11:07:08.571428571,1 days 07:26:21.818181818,-3.788299213983791,-0.8980919171035899,-0.5789334141469931,0.9629183032169464,0.14208554386016936,23.21769719101833,0.9920142421463268,0.39099544982837064,-0.007573869459241649,None,None,-0.00004707294628024916,-0.2846971791029469,-0.642963221198367,-0.30055712588361905,0.3815122946358816,-2.8414731914879585,2 days 07:29:59.999999999,false
XMR-USD,false,33,80,117,24.137931034482758,0.5971867658848341,0.15977961432506887,0.0001,0.00003713527851458886,4.834710743801653,9.62809917355372,0.00048347107438016535,-0.7916801794123469,0,0,17424,726 days 01:00:00,1000.0,479.37723056703453,-52.062276943296546,34.915698157888286,100.0,161.49519427014653,57.720595926478914,635 days 19:00:00,116,1,23.4503628220761,20.319789931184356,-8.039372144347585,4.554413525698568,-2.2290641622657654,8 days 13:19:17.142857142,1 days 19:19:46.363636363,-4.690285622888289,-0.5694984800318065,-0.5353645485891512,0.9761008008907979,-0.09576372553166251,26.512647066981575,0.9845189186808214,0.38789326961369974,-0.007450925614534987,None,None,-0.000030018291040011037,-0.18155062420998674,-0.5206227694329622,-0.22524013988161518,0.3836642549889281,-2.4910850903760156,3 days 10:25:51.724137930,false
XMR-USD,false,35,81,117,24.137931034482758,0.580125871892561,0.15977961432506887,0.0001,0.00003713527851458886,4.834710743801653,9.62809917355372,0.00048347107438016535,-0.8214871842755755,0,0,17424,726 days 01:00:00,1000.0,469.2190182398949,-53.07809817601051,34.915698157888286,100.0,160.95976707896278,58.918888035232555,635 days 19:00:00,116,1,21.301637752850013,20.2391704731416,-8.253695447737773,4.353336912371892,-2.192884177442732,8 days 11:08:34.285714285,1 days 19:50:27.272727272,-4.759332926835814,-0.5913775108620551,-0.5370363593980295,0.9751651207767801,-0.099146664605927,26.264200690141926,0.985404655707728,0.3864576702737111,-0.007460189988399805,None,None,-0.00003121404157775784,-0.18878252346227942,-0.530780981760103,-0.2309783351110266,0.3841874234022483,-2.5201786295663378,3 days 10:17:35.172413792,false
XMR-USD,false,36,66,117,24.137931034482758,0.6232658228910365,0.15977961432506887,0.0001,0.00003713527851458886,4.834710743801653,9.62809917355372,0.00048347107438016535,-0.6475472539201546,0,0,17424,726 days 01:00:00,1000.0,526.3240181499291,-47.36759818500709,34.915698157888286,100.0,168.0505095631719,53.68045654065071,635 days 19:00:00,116,1,24.792106860349918,19.59368917755768,-8.039372144347592,4.455619702412593,-2.098391057217182,7 days 15:34:17.142857142,2 days 02:51:49.090909090,-4.297138695779488,-0.4650277540924055,-0.5137554935417415,0.9804786305505018,-0.08813407971855335,26.232441779636698,0.986677863172787,0.3915508704679764,-0.0074619217986052625,None,None,-0.000024584543649270167,-0.14868731999078597,-0.4736759818500673,-0.1997043409167496,0.38480545673644173,-2.3566275539103207,3 days 10:53:47.586206895,false
XMR-USD,false,36,77,117,24.137931034482758,0.5928108028027549,0.15977961432506887,0.0001,0.00003713527851458886,4.834710743801653,9.62809917355372,0.00048347107438016535,-0.7980283516261333,0,0,17424,726 days 01:00:00,1000.0,477.1107022266958,-52.28892977733042,34.915698157888286,100.0,161.78031969412697,57.779914180072964,635 days 19:00:00,116,1,21.65990497351254,20.75514806614526,-8.039372144347585,4.496586943977662,-2.213006590955154,8 days 08:40:42.857142857,1 days 20:41:35.454545454,-4.694389678851873,-0.5741145427371512,-0.5376608188480752,0.9758901569348809,-0.09148178255009656,26.30966118790285,0.9865347707067588,0.3866783383733885,-0.0074509256145349765,None,None,-0.00003027758818860269,-0.18311885336466907,-0.5228892977733057,-0.22651352986250428,0.38386690761714637,-2.497576521050234,3 days 10:20:41.379310343,false
XMR-USD,false,37,64,117,24.137931034482758,0.6554070434814425,0.15977961432506887,0.0001,0.00003713527851458886,4.834710743801653,9.62809917355372,0.00048347107438016535,-0.5236641992054424,0,0,17424,726 days 01:00:00,1000.0,571.5474559580434,-42.84525440419566,34.915698157888286,100.0,171.89914188807722,49.51669578476657,635 days 19:00:00,116,1,26.92232373069578,19.593689177557668,-8.039372144347567,4.556647766134024,-2.0374088323524413,7 days 15:17:08.571428571,2 days 02:58:38.181818181,-3.925645411833207,-0.37562854221769826,-0.4950742329285391,0.9842029850907213,-0.08392565455684307,26.245031487973304,0.9880115098802785,0.39232920495405516,-0.007452411460490905,None,None,-0.00001985652460271914,-0.12009226079724536,-0.4284525440419543,-0.17647671285214117,0.3847712354039842,-2.2271057622978074,3 days 10:54:49.655172412,false
XMR-USD,false,37,65,117,24.137931034482758,0.6346631698974525,0.15977961432506887,0.0001,0.00003713527851458886,4.834710743801653,9.62809917355372,0.00048347107438016535,-0.6172830962048778,0,0,17424,726 days 01:00:00,1000.0,537.1725872875926,-46.28274127124074,34.915698157888286,100.0,169.63875533137548,53.271874985092374,635 days 19:00:00,116,1,25.303120753062444,19.59368917755768,-8.039372144347587,4.534167963015076,-2.0988308855290216,7 days 15:34:17.142857142,2 days 02:50:27.272727272,-4.20802184021956,-0.4432856133282191,-0.5036803000525395,0.9813826433045337,-0.08960161868794925,26.274026194105282,0.9859834995613627,0.39188433580956944,-0.007461921798605172,None,None,-0.00002342462452976063,-0.1416721291559923,-0.46282741271240935,-0.19401699703184982,0.3846333576042217,-2.325556804333422,3 days 10:52:45.517241378,false
XMR-USD,false,37,77,117,24.137931034482758,0.5661622247192423,0.15977961432506887,0.0001,0.00003713527851458886,4.834710743801653,9.62809917355372,0.00048347107438016535,-0.8981810797832089,0,0,17424,726 days 01:00:00,1000.0,445.85583412536073,-55.41441658746392,34.915698157888286,100.0,159.83925956157486,60.59286287480585,635 days 19:00:00,116,1,20.24099428910506,20.23917047314161,-9.192802668893403,4.308416744927801,-2.2345969119544002,8 days 11:25:42.857142857,1 days 19:42:16.363636363,-4.9515962083081435,-0.6471331223143582,-0.5507980267400532,0.9728484641425634,-0.10333312159692276,26.293527644380557,0.9834708309739527,0.3861267997772651,-0.007461921798605187,None,None,-0.000034149844777996276,-0.20653826121732147,-0.5541441658746349,-0.24449077128537722,0.38410773190402153,-2.587091752737715,3 days 10:15:31.034482757,false
XMR-USD,false,40,60,117,24.137931034482758,0.6391645669393191,0.15977961432506887,0.0001,0.00003713527851458886,4.834710743801653,9.62809917355372,0.00048347107438016535,-0.5866714127347916,0,0,17424,726 days 01:00:00,1000.0,547.6127004298589,-45.23872995701411,34.915698157888286,100.0,167.77663912840865,51.886674695208036,635 days 19:00:00,116,1,26.788332219841095,19.494135656049327,-8.03937214434757,4.607827833571219,-2.1007371601098486,7 days 18:38:34.285714285,2 days 01:58:38.181818181,-4.1308244119826,-0.4211147354896618,-0.5034147580897114,0.9823187464557103,-0.0874047624001996,26.137411396034437,0.9867192784088812,0.39244046667732146,-0.007487835016430347,None,None,-0.00002228496537681485,-0.13477947059897621,-0.45238729957014334,-0.18861416732777325,0.38518509162598585,-2.2956558895785277,3 days 10:57:55.862068964,false
XMR-USD,false,40,61,117,24.137931034482758,0.6182816933987869,0.15977961432506887,0.0001,0.00003713527851458886,4.834710743801653,9.62809917355372,0.00048347107438016535,-0.658426687946578,0,0,17424,726 days 01:00:00,1000.0,522.2456754928407,-47.775432450715925,34.915698157888286,100.0,165.5401434192305,53.97889363825249,635 days 19:00:00,116,1,25.547418174369852,19.593689177557668,-8.03937214434757,4.497837894654044,-2.120838564369366,7 days 15:30:00,2 days 02:58:38.181818181,-4.338808126564903,-0.47303310895228035,-0.5161515876119658,0.9801583010113197,-0.0908796606201934,26.19055400421357,0.9853496059260268,0.39221796100990736,-0.007477354898302031,None,None,-0.00002501941487978804,-0.15131742119295807,-0.4777543245071628,-0.20186219411544892,0.38498477410768717,-2.3683080955355984,3 days 10:57:55.862068964,false
XMR-USD,false,3,4,1704,24.13388138578978,0.36231710703175835,2.3457300275482096,0.0001,0.000037129048285830436,70.41322314049587,140.78512396694217,0.007041322314049588,-7.938465845930244,0,0,17424,726 days 01:00:00,1000.0,3.465555981718694,-99.65344440182812,34.915698157888286,100.0,609.0083151214093,99.66509948223022,725 days 02:00:00,1703,1,0.010898085620400622,14.083376710948134,-5.957955217046661,1.2348429970326968,-0.8211629906981108,0 days 11:20:52.554744525,0 days 03:25:13.003095975,-0.5851704886106301,-5.882133366017502,-0.9451985906510132,0.7795640967003494,0.2474392381852741,22.523805748657256,1.1306600775672209,0.3381201044386423,-0.008053627902987687,None,None,-0.0003126749474867947,-1.8910580824001342,-0.9965344440182828,-0.8600135858872314,0.38691553095551534,-3.854115760515418,0 days 05:20:00.704638871,false
XMR-USD,false,20,57,171,24.11764705882353,0.5010666904399932,0.23415977961432508,0.0001,0.000037104072398190046,7.066115702479339,14.090909090909092,0.0007066115702479339,-1.3769306873507812,0,0,17424,726 days 01:00:00,1000.0,329.2500046135606,-67.07499953864394,34.915698157888286,100.0,187.94241995347684,70.67944461774003,722 days 11:00:00,170,1,14.939993948547965,21.3220082766149,-7.12556313908759,3.5603110156832014,-1.9525976155831781,5 days 11:58:32.195121951,1 days 08:48:50.232558139,-4.033470525499919,-0.9894082570640492,-0.6054546162102619,0.9592093681589313,0.12074659432587626,23.368234776004854,0.9860554730491803,0.3906624102154829,-0.007529929648075666,None,None,-0.00005176510941516127,-0.31307538174289534,-0.6707499953864415,-0.3199525383749031,0.38081982595343566,-2.9210556591287893,2 days 08:43:45.882352940,false
XMR-USD,false,22,54,171,24.11764705882353,0.5078518710138185,0.23415977961432508,0.0001,0.000037104072398190046,7.066115702479339,14.090909090909092,0.0007066115702479339,-1.3727860650966097,0,0,17424,726 days 01:00:00,1000.0,330.20129183741983,-66.97987081625801,34.915698157888286,100.0,188.21971134676372,70.65611875997682,722 days 11:00:00,170,1,14.983159400844556,21.322008276614884,-7.125563139087604,3.646216889030797,-1.9758207931903335,5 days 15:16:05.853658536,1 days 07:40:55.813953488,-4.028128632726028,-0.9854296611506181,-0.604479318797832,0.959343399165499,0.1336334645948842,23.3221408642164,0.9864224315002995,0.3899968091895341,-0.007534468867054732,None,None,-0.00005158637415794456,-0.3119943909072487,-0.6697987081625774,-0.31927121244304135,0.38103714793962223,-2.9183311332735205,2 days 08:39:52.941176469,false
XMR-USD,false,24,51,171,24.11764705882353,0.5220001698694081,0.23415977961432508,0.0001,0.000037104072398190046,7.066115702479339,14.090909090909092,0.0007066115702479339,-1.2722418763304435,0,0,17424,726 days 01:00:00,1000.0,351.99666763834864,-64.80033323616513,34.915698157888286,100.0,193.36652554501777,69.38219979876374,722 days 11:00:00,170,1,15.97214278128331,21.322008276614905,-7.125563139087607,3.653309983568926,-1.928720610566359,5 days 15:08:46.829268292,1 days 07:46:02.790697674,-3.905738089076082,-0.9126277930898302,-0.5886138014633779,0.9622802727213324,0.1295297368162674,23.27234436509898,0.9886279548922874,0.39055143244753016,-0.007528596230453418,None,None,-0.00004787039242816999,-0.2895201334055721,-0.6480033323616465,-0.3040000770346396,0.38179588341283344,-2.8559082777935285,2 days 08:41:59.999999998,false
XMR-USD,false,30,39,171,24.11764705882353,0.5305807445197918,0.23415977961432508,0.0001,0.000037104072398190046,7.066115702479339,14.090909090909092,0.0007066115702479339,-1.2601385247358388,0,0,17424,726 days 01:00:00,1000.0,355.2011897715479,-64.4798810228452,34.915698157888286,100.0,192.09213899001196,70.74507011862683,722 days 11:00:00,170,1,16.117550649490283,22.18521442516038,-7.125563139087612,3.7871943783066255,-1.958483648969299,5 days 12:40:58.536585365,1 days 08:39:04.186046511,-3.8877432992820102,-0.9035108962842456,-0.5734557546021405,0.9627171875533844,0.1393909733194228,23.19248394970984,0.9920335294592592,0.39044047239067986,-0.007573869459241505,None,None,-0.000047364704019522485,-0.28646172991007196,-0.6447988102284499,-0.30180733916259483,0.3815745296831305,-2.846730394198853,2 days 08:46:35.294117645,false
XMR-USD,false,33,89,113,24.107142857142858,0.5248994320424003,0.15426997245179064,0.0001,0.00003708791208791209,4.669421487603306,9.297520661157025,0.00046694214876033064,-1.1036015938679804,0,0,17424,726 days 01:00:00,1000.0,386.57765875937264,-61.342234124062735,34.915698157888286,100.0,147.48224793379487,66.38572126669945,635 days 19:00:00,112,1,17.549879544794805,20.564604478564085,-8.253695447737789,4.336655796106097,-2.4371491713025164,8 days 13:02:13.333333333,1 days 22:55:45.882352941,-5.6336805427269905,-0.7992759295230444,-0.572193936610341,0.9664634615735055,-0.1817521704584954,26.698131575155138,0.9760363559514508,0.38524525001987436,-0.007468294324475356,None,None,-0.00004227654743095138,-0.25568855886239394,-0.6134223412406257,-0.2809898377714596,0.38499999419233394,-2.756866892555722,3 days 13:02:40.714285714,false
XMR-USD,false,34,84,113,24.107142857142858,0.5639023242330383,0.15426997245179064,0.0001,0.00003708791208791209,4.669421487603306,9.297520661157025,0.00046694214876033064,-0.8804268056535179,0,0,17424,726 days 01:00:00,1000.0,449.32117251635225,-55.067882748364774,34.915698157888286,100.0,151.85454189484932,60.51663206511324,635 days 19:00:00,112,1,20.39831396334347,20.237563436749497,-8.253695447737782,4.460813746224428,-2.303450092428485,8 days 11:15:33.333333333,1 days 23:38:07.058823529,-5.098903048633844,-0.6355550620620427,-0.5471983448816327,0.9732689113953366,-0.16252839857306714,26.665981994567225,0.9820912913090962,0.3861267997772651,-0.007460189988399769,None,None,-0.000033633833264942094,-0.20341742358636977,-0.5506788274836489,-0.2424577996215015,0.38519543277274926,-2.577166880620533,3 days 13:09:06.428571427,false
XMR-USD,false,34,85,113,24.107142857142858,0.554284326146646,0.15426997245179064,0.0001,0.00003708791208791209,4.669421487603306,9.297520661157025,0.00046694214876033064,-0.9296122133116688,0,0,17424,726 days 01:00:00,1000.0,434.8674644448794,-56.513253555512065,34.915698157888286,100.0,150.59495477708643,61.83857348594991,635 days 19:00:00,112,1,19.742143515097666,20.401051514359676,-8.253695447737801,4.440390047922387,-2.3338017217678555,8 days 11:13:20,1 days 23:37:24.705882352,-5.222095348841239,-0.6713658942326429,-0.5531343558186816,0.9717748658862797,-0.1637499993750993,26.698624358781448,0.9809879004762955,0.38590630716614965,-0.007461921798605162,None,None,-0.000035517801847079605,-0.21481166557113746,-0.5651325355551209,-0.2510062397691012,0.38507449031016144,-2.618562896836831,3 days 13:08:02.142857142,false
XMR-USD,false,35,76,113,24.107142857142858,0.6092537529216412,0.15426997245179064,0.0001,0.00003708791208791209,4.669421487603306,9.297520661157025,0.00046694214876033064,-0.7693243308638406,0,0,17424,726 days 01:00:00,1000.0,486.63047998036564,-51.33695200196343,34.915698157888286,100.0,160.03873323572736,57.0193274814227,635 days 19:00:00,112,1,23.80518011321118,20.27319932391646,-8.039372144347578,4.772541929923047,-2.3026998122883104,8 days 16:31:06.666666666,1 days 22:14:49.411764705,-4.796202679757539,-0.5534105458612849,-0.5327653860655077,0.9767540095774798,-0.09699840480195686,26.54899256171199,0.9833699542236325,0.3881143949653469,-0.007445281664846132,None,None,-0.000029162757031822937,-0.17637635452846512,-0.513369520019633,-0.2211913185602825,0.38356510753282436,-2.470311484817473,3 days 13:21:57.857142855,false
XMR-USD,false,37,73,113,24.107142857142858,0.6136788828224102,0.15426997245179064,0.0001,0.00003708791208791209,4.669421487603306,9.297520661157025,0.00046694214876033064,-0.7574140912868967,0,0,17424,726 days 01:00:00,1000.0,490.26339648987914,-50.973660351012086,34.915698157888286,100.0,161.62248723365235,57.11297306597246,635 days 19:00:00,112,1,22.25701190604758,20.273199323916465,-8.039372144347572,4.764706398392478,-2.2872291152963022,8 days 16:26:40,1 days 22:17:38.823529411,-4.7499429947872205,-0.5447483762723007,-0.5273252053761202,0.9771149068603142,-0.096650855279997,26.494891585452994,0.9855452326795681,0.3876722147009636,-0.007446826610916571,None,None,-0.000028722340468181667,-0.17371271515156272,-0.5097366035101184,-0.21917819467156763,0.38377954694857097,-2.4599066620552716,3 days 13:23:02.142857142,false
XMR-USD,false,41,70,113,24.107142857142858,0.570897395342377,0.15426997245179064,0.0001,0.00003708791208791209,4.669421487603306,9.297520661157025,0.00046694214876033064,-0.9025104174556006,0,0,17424,726 days 01:00:00,1000.0,444.8165619063259,-55.51834380936741,34.915698157888286,100.0,155.12933707882098,60.60547071104232,635 days 19:00:00,112,1,20.193813336339133,20.755148066145246,-9.192802668893417,4.531107526050326,-2.3318082577158963,8 days 15:22:13.333333333,1 days 22:21:10.588235294,-5.137296887767971,-0.6505078636441801,-0.5519724265833728,0.9726762952887505,-0.1076535865816482,26.39016149369405,0.982699752577383,0.38590630716614965,-0.007458196364188646,None,None,-0.000034302011891322025,-0.20745856791871561,-0.5551834380936762,-0.24510247964008036,0.38381768936662,-2.5900682712490597,3 days 13:10:10.714285714,false
XMR-USD,false,27,47,167,24.096385542168676,0.5435007011731321,0.22865013774104684,0.0001,0.0000370713623725672,6.900826446280992,13.760330578512397,0.0006900826446280992,-1.1952060756339387,0,0,17424,726 days 01:00:00,1000.0,370.5371540272881,-62.94628459727119,34.915698157888286,100.0,195.90337956014122,67.09999548097942,722 days 11:00:00,166,1,16.813432836173376,21.32200827661489,-7.17250568805469,3.786154315684203,-1.9444605254984209,5 days 17:09:00,1 days 08:58:34.285714285,-3.893230595234245,-0.8568242194978462,-0.5855850504034469,0.9645493262001701,0.13085127615379455,23.28930551862837,0.9909645335802701,0.39044047239067986,-0.007528596230453369,None,None,-0.0000449312380838856,-0.2717441279313401,-0.6294628459727125,-0.2914885285048523,0.3816933522043541,-2.8028075598726105,2 days 10:04:41.927710842,false
XMR-USD,false,14,16,412,24.087591240875913,0.4284463519188142,0.5661157024793388,0.0001,0.000037057832678270635,17.024793388429753,34.00826446280992,0.0017024793388429754,-3.3609495744132154,0,0,17424,726 days 01:00:00,1000.0,85.75589830207593,-91.42441016979241,34.915698157888286,100.0,310.8774425716516,91.80532939057846,725 days 03:00:00,411,1,3.577620619394196,19.696810065100596,-11.52063710364105,2.1378802670933084,-1.4439406279309401,2 days 04:47:52.727272727,0 days 13:27:30,-2.2331428766844725,-2.4689211610340203,-0.7724095533106602,0.9000637295281889,-0.44666212723528637,36.64962799153638,1.0096115930793168,0.3666666666666667,-0.007640234107481938,None,None,-0.00012897459392513243,-0.7800383440592009,-0.9142441016979237,-0.5736667060222733,0.38023745237758816,-3.6184328251542484,0 days 22:56:03.503649634,false
XMR-USD,false,20,87,138,24.087591240875913,0.6026165558617693,0.1887052341597796,0.0001,0.000037057832678270635,5.702479338842975,11.363636363636363,0.0005702479338842975,-0.7304746687272496,0,0,17424,726 days 01:00:00,1000.0,502.83257374019354,-49.71674262598065,34.915698157888286,100.0,185.99867016196222,53.659386747871174,722 days 11:00:00,137,1,22.316112487369423,22.53913899546883,-7.00767591430374,3.9177268376141874,-1.8613983268879561,6 days 21:43:38.181818181,1 days 16:17:18.461538461,-3.791850647789609,-0.5210971046369285,-0.5445846931315579,0.978354667012408,0.16563240395432896,22.99698072422606,0.9882791412162254,0.3944462227912933,-0.007487835016430256,None,None,-0.000027372045092987322,-0.16554612872238733,-0.4971674262598047,-0.2122874037585255,0.38233717858914046,-2.423908019858639,2 days 22:30:13.138686130,false
XMR-USD,false,25,72,138,24.087591240875913,0.6197339017147706,0.1887052341597796,0.0001,0.000037057832678270635,5.702479338842975,11.363636363636363,0.0005702479338842975,-0.70006598686886,0,0,17424,726 days 01:00:00,1000.0,513.124319250639,-48.6875680749361,34.915698157888286,100.0,182.5126736592168,56.5803918266353,635 days 19:00:00,137,1,26.649774780871155,22.464577726885373,-7.667891305517976,4.336957113236813,-1.9763241093846646,6 days 17:18:10.909090909,1 days 17:41:32.307692307,-3.748360989271762,-0.5000107292509918,-0.5036634537286085,0.9792070983042158,0.14616602496423078,23.087378069071548,0.9877443864686686,0.3947810774033458,-0.007468294324475316,None,None,-0.00002623532914921429,-0.15867127069444803,-0.48687568074936094,-0.20672844649149102,0.3819136123869378,-2.3944320361223084,2 days 22:30:13.138686130,false
XMR-USD,false,17,79,163,24.074074074074073,0.5307064282010292,0.2231404958677686,0.0001,0.000037037037037037037,6.735537190082645,13.429752066115704,0.0006735537190082645,-1.2387804823243,0,0,17424,726 days 01:00:00,1000.0,359.50088463868383,-64.04991153613162,34.915698157888286,100.0,188.39100740651028,67.0001506718166,722 days 11:00:00,162,1,16.312652895186545,22.09083756125399,-7.172505688054691,3.705875994349888,-1.9684992939532426,6 days 06:26:09.230769230,1 days 06:56:35.121951219,-4.054393631212983,-0.8898837957792437,-0.6001267797213463,0.9633475746482911,0.09437391831479128,22.944993174341445,0.9868725459461737,0.39277435856446324,-0.007528596230453421,None,None,-0.0000466649507377144,-0.28222962206169666,-0.6404991153613147,-0.2988854127004169,0.38169410920878977,-2.8344158907119326,2 days 11:42:35.555555554,false
XMR-USD,false,22,57,163,24.074074074074073,0.5447695974083863,0.2231404958677686,0.0001,0.000037037037037037037,6.735537190082645,13.429752066115704,0.0006735537190082645,-1.2035376870430374,0,0,17424,726 days 01:00:00,1000.0,369.67134320120067,-63.03286567987993,34.915698157888286,100.0,189.5081750245674,66.16879530130817,722 days 11:00:00,162,1,16.77414594681551,21.32200827661488,-7.1725056880547,3.8746507055358523,-1.9937516525706873,5 days 21:39:59.999999999,1 days 09:21:57.073170731,-3.9944617453432976,-0.8624656048443544,-0.5949044049345641,0.9643119601944734,0.1352591600805285,23.422094628830937,0.9927670672166052,0.38899960143483453,-0.007468294324475334,None,None,-0.00004512169309916897,-0.27289599986377394,-0.6303286567988008,-0.2920635826218204,0.38080403998783324,-2.805287277798262,2 days 11:26:17.777777776,false
XMR-USD,false,24,54,163,24.074074074074073,0.5487714016913491,0.2231404958677686,0.0001,0.000037037037037037037,6.735537190082645,13.429752066115704,0.0006735537190082645,-1.1544183242035753,0,0,17424,726 days 01:00:00,1000.0,381.06631987021785,-61.893368012978215,34.915698157888286,100.0,191.46080112361844,65.12596145628234,722 days 11:00:00,162,1,17.29120253024297,21.322008276614905,-7.172505688054696,3.8424141513349093,-1.9593236728302168,5 days 21:06:09.230769230,1 days 09:35:36.585365853,-3.927314090493984,-0.8276409807108092,-0.5901113115014689,0.9657259913477769,0.12498536899127237,23.35648837762069,0.9918000005230501,0.3899968091895341,-0.007487835016430283,None,None,-0.00004335084780998281,-0.26218592755477604,-0.6189336801297807,-0.284564433641477,0.3812532487035393,-2.772651594509074,2 days 11:28:31.111111109,false
XMR-USD,false,30,44,163,24.074074074074073,0.5496374221148006,0.2231404958677686,0.0001,0.000037037037037037037,6.735537190082645,13.429752066115704,0.0006735537190082645,-1.138425858040124,0,0,17424,726 days 01:00:00,1000.0,384.28997514959883,-61.57100248504012,34.915698157888286,100.0,191.70893608110697,67.11336286883491,722 days 11:00:00,162,1,17.43747858093792,22.1852144251604,-8.222010603968506,3.9288264046575185,-1.973550083229077,5 days 19:18:27.692307692,1 days 10:15:36.585365853,-3.9083179224156765,-0.815730021424746,-0.5687432792670545,0.9662281760150992,0.12957576198569268,23.23277896473216,0.9918837444141919,0.3907734056987789,-0.007529929648075675,None,None,-0.000042816962798965694,-0.2589569910081445,-0.6157100248504046,-0.2824695394886225,0.3820562915858332,-2.7634189127943807,2 days 11:32:57.777777776,false
XMR-USD,false,31,39,163,24.074074074074073,0.5312778414938008,0.2231404958677686,0.0001,0.000037037037037037037,6.735537190082645,13.429752066115704,0.0006735537190082645,-1.2519379384440723,0,0,17424,726 days 01:00:00,1000.0,356.4509453492393,-64.35490546507607,34.915698157888286,100.0,185.4716124933335,69.57772778035833,722 days 11:00:00,162,1,16.174259352622357,22.185214425160353,-8.17559821495322,3.9095881290009467,-2.0302058759518427,5 days 17:24:36.923076923,1 days 10:59:30.731707317,-4.072366135823352,-0.8977136121853194,-0.5815673867986396,0.9629629933144062,0.13774709415268693,23.071941662611735,0.9892863391128808,0.3914397508584205,-0.007586227038464299,None,None,-0.00004712846615604169,-0.28503296331174016,-0.6435490546507616,-0.3009556781086058,0.3821232292678733,-2.843151042664652,2 days 11:38:53.333333332,false
XMR-USD,false,31,40,163,24.074074074074073,0.5400136737394025,0.2231404958677686,0.0001,0.000037037037037037037,6.735537190082645,13.429752066115704,0.0006735537190082645,-1.1787496851378427,0,0,17424,726 days 01:00:00,1000.0,373.69343093804764,-62.630656906195235,34.915698157888286,100.0,188.94112042266207,68.293554607954,722 days 11:00:00,162,1,16.956651537117807,22.185214425160375,-8.175598214953212,3.8624379702693905,-1.977249968339732,5 days 17:32:18.461538461,1 days 10:55:36.585365853,-3.970760620981915,-0.8449614215059577,-0.5715522868022006,0.9650606478222419,0.13203263998619272,23.113363036475658,0.9896544461867209,0.39177316293929715,-0.007569827638455831,None,None,-0.00004439685185616863,-0.2685121600261079,-0.6263065690619558,-0.28939959071648325,0.38244874427284026,-2.7937678525853986,2 days 11:37:46.666666665,false
XMR-USD,false,32,40,163,24.074074074074073,0.5410653729773363,0.2231404958677686,0.0001,0.000037037037037037037,6.735537190082645,13.429752066115704,0.0006735537190082645,-1.1745375726113148,0,0,17424,726 days 01:00:00,1000.0,374.37374496691973,-62.56262550330802,34.915698157888286,100.0,189.8046220602139,68.31611951474488,722 days 11:00:00,162,1,16.987521354375303,22.18521442516038,-8.22201060396849,3.8833732375465924,-1.981734837609333,5 days 18:26:09.230769230,1 days 10:38:32.195121951,-3.9667517060954074,-0.8422551622223448,-0.5705471115732074,0.9651628211985332,0.12402796688867426,23.1091313261858,0.9897592233697481,0.39177316293929715,-0.007566873914135375,None,None,-0.00004427890521906231,-0.26779881876488887,-0.6256262550330809,-0.28895084482529276,0.38265829968058584,-2.7918194051397944,2 days 11:37:46.666666665,false
XMR-USD,false,39,81,109,24.074074074074073,0.5685597371586181,0.1487603305785124,0.0001,0.000037037037037037037,4.5041322314049586,8.966942148760332,0.00045041322314049587,-0.9387699124744904,0,0,17424,726 days 01:00:00,1000.0,432.8833981515645,-56.71166018484355,34.915698157888286,100.0,151.77207415826078,61.921768520471474,635 days 19:00:00,108,1,21.0191794530092,20.564604478564064,-9.192802668893416,4.675995795813515,-2.4438654575657233,8 days 17:25:23.076923077,2 days 01:27:04.390243902,-5.4457016787170875,-0.6783595529014472,-0.5548310993100806,0.97142260983917,-0.1689310002144007,26.874658617159714,0.9790557899826544,0.38414488839463024,-0.007451445542635717,None,None,-0.000035823757821146356,-0.21666208730229317,-0.5671166018484355,-0.25219409759422395,0.3843873965010929,-2.6242453445551694,3 days 15:57:46.666666666,false
XMR-USD,false,41,78,109,24.074074074074073,0.5637883904919863,0.1487603305785124,0.0001,0.000037037037037037037,4.5041322314049586,8.966942148760332,0.00045041322314049587,-0.940307946544059,0,0,17424,726 days 01:00:00,1000.0,433.76450871250586,-56.62354912874942,34.915698157888286,100.0,149.14882893158594,61.47968198072626,635 days 19:00:00,108,1,21.061962847053564,20.564604478564064,-9.192802668893393,4.6362051941021685,-2.4294575121060316,8 days 17:30:00,2 days 01:21:13.170731707,-5.437939390134695,-0.6786160865694288,-0.5577287366985868,0.9714246105775267,-0.14358584015063824,26.910727778662057,0.9802740273198459,0.38348551012306464,-0.007451445542635762,None,None,-0.000035760477393532633,-0.21627936727608538,-0.5662354912874936,-0.25166614004187693,0.38356334893920896,-2.6217218075576936,3 days 15:54:26.666666665,false
XMR-USD,false,43,68,109,24.074074074074073,0.5758352216346407,0.1487603305785124,0.0001,0.000037037037037037037,4.5041322314049586,8.966942148760332,0.00045041322314049587,-0.8961153825098243,0,0,17424,726 days 01:00:00,1000.0,446.53645692254804,-55.346354307745194,34.915698157888286,100.0,151.09249180280622,60.32497905708743,635 days 19:00:00,108,1,20.271893250375683,20.755148066145257,-9.192802668893403,4.688230974252116,-2.4062090453132416,8 days 21:04:36.923076923,2 days 00:48:17.560975609,-5.312365151183585,-0.6459774014957962,-0.552396672452258,0.9728684981089949,-0.10946260386792638,26.364620350376562,0.9814850471138743,0.38623707239459026,-0.0074581963641885555,None,None,-0.000034073239448421097,-0.20607495218405078,-0.553463543077454,-0.2440906658021701,0.3839317641298459,-2.5851424209669176,3 days 16:21:06.666666665,false
XMR-USD,false,44,66,109,24.074074074074073,0.5827173968367119,0.1487603305785124,0.0001,0.000037037037037037037,4.5041322314049586,8.966942148760332,0.00045041322314049587,-0.873303198629904,0,0,17424,726 days 01:00:00,1000.0,453.3326781609185,-54.66673218390815,34.915698157888286,100.0,151.97302957936031,59.74250811549693,635 days 19:00:00,108,1,20.580428576695226,20.75514806614526,-9.192802668893412,4.738867722854621,-2.402671018088389,8 days 21:02:18.461538461,2 days 00:55:36.585365853,-5.25229398533126,-0.6294594221676596,-0.5492749411505666,0.9735615369882624,-0.10965160072157917,26.356171082640294,0.9811706152288114,0.3870094722598106,-0.007458196364188635,None,None,-0.00003320453104057325,-0.20082100373338704,-0.5466673218390803,-0.24011715798642397,0.3839613911454737,-2.5656777629565353,3 days 16:26:06.666666665,false
XMR-USD,false,45,60,109,24.074074074074073,0.6437396027700795,0.1487603305785124,0.0001,0.000037037037037037037,4.5041322314049586,8.966942148760332,0.00045041322314049587,-0.6075075446485197,0,0,17424,726 days 01:00:00,1000.0,540.7264207637119,-45.92735792362881,34.915698157888286,100.0,160.53215925702307,51.79684543155696,635 days 19:00:00,108,1,24.547935805566226,20.563418258195433,-8.980670771710084,4.9576383300999085,-2.2549142872304646,8 days 21:11:32.307692307,2 days 01:21:13.170731707,-4.479828842980146,-0.43663216147402883,-0.5133332013017603,0.9816389343283672,-0.10026848859571962,26.345342350865323,0.9858545616537026,0.39010769844435583,-0.007450925614535009,None,None,-0.00002305981064538717,-0.1394657347833016,-0.45927357923628265,-0.1921702282248151,0.38441290542335416,-2.3153784786414966,3 days 16:47:46.666666665,false
XMR-USD,false,46,59,109,24.074074074074073,0.6397587468241278,0.1487603305785124,0.0001,0.000037037037037037037,4.5041322314049586,8.966942148760332,0.00045041322314049587,-0.62760893700836,0,0,17424,726 days 01:00:00,1000.0,533.533703318479,-46.64662966815211,34.915698157888286,100.0,160.09120093933663,52.525151796193505,635 days 19:00:00,108,1,24.221400316762526,20.56341825819543,-8.980670771710093,4.957638330099912,-2.2704872242446035,8 days 21:11:32.307692307,2 days 01:19:45.365853658,-4.543404601835958,-0.45113293925586595,-0.51559282673259,0.9810331962368759,-0.10021771184250577,26.339547042556593,0.9856493508018207,0.3898859376246311,-0.007452411460490727,None,None,-0.00002382694331493875,-0.14410535316874956,-0.4664662966815155,-0.19591624732768043,0.3844339534834429,-2.3359787181461105,3 days 16:46:39.999999998,false
XMR-USD,false,46,63,109,24.074074074074073,0.5960308598059472,0.1487603305785124,0.0001,0.000037037037037037037,4.5041322314049586,8.966942148760332,0.00045041322314049587,-0.8213199489410193,0,0,17424,726 days 01:00:00,1000.0,469.89502454725437,-53.01049754527456,34.915698157888286,100.0,152.82936083876208,57.86819969422139,635 days 19:00:00,108,1,21.33232713439304,20.31978993118436,-9.192802668893412,4.8572675128846745,-2.392841061284633,8 days 20:27:41.538461538,2 days 01:08:02.926829268,-5.105900949880911,-0.5913087875912214,-0.5459318311381417,0.9751560958562989,-0.09863187525835425,26.392285481838524,0.9839846695636413,0.3867886987664147,-0.00745092561453505,None,None,-0.00003116609634181319,-0.18849255067528617,-0.5301049754527476,-0.2305939659235019,0.3836418883221488,-2.5182425196128646,3 days 16:27:13.333333332,false
XMR-USD,false,47,58,109,24.074074074074073,0.6407167960998895,0.1487603305785124,0.0001,0.000037037037037037037,4.5041322314049586,8.966942148760332,0.00045041322314049587,-0.6414598416438354,0,0,17424,726 days 01:00:00,1000.0,528.721398571383,-47.1278601428617,34.915698157888286,100.0,159.89200126819216,53.13916743428274,635 days 19:00:00,108,1,24.002930969838985,20.563418258195448,-8.980670771710077,5.015946546427681,-2.298486722512856,8 days 20:36:55.384615384,2 days 01:27:04.390243902,-4.585940114800515,-0.4611305037082403,-0.5158714561671465,0.9806088064337292,-0.10021753958893764,26.35848429103621,0.9854265364960444,0.3895534290271132,-0.00745241146049075,None,None,-0.00002435094151314991,-0.14727449427153066,-0.4712786014286168,-0.1984409767133153,0.38437032438105095,-2.349761357477379,3 days 16:43:53.333333332,false
XMR-USD,false,47,62,109,24.074074074074073,0.5971010011586803,0.1487603305785124,0.0001,0.000037037037037037037,4.5041322314049586,8.966942148760332,0.00045041322314049587,-0.8178902680735597,0,0,17424,726 days 01:00:00,1000.0,470.8841868267381,-52.911581317326196,34.915698157888286,100.0,153.3287334640151,57.67902981708964,635 days 19:00:00,108,1,21.377233192624374,20.319789931184346,-9.192802668893398,4.848969122870353,-2.38768496250213,8 days 20:30:00,2 days 01:08:46.829268292,-5.097157836721169,-0.5888509180956931,-0.546467856387478,0.9752632900889106,-0.0987057123050248,26.37350522052709,0.9832851966493789,0.38711988536857184,-0.007452411460490724,None,None,-0.000031041520107477794,-0.1877391136100257,-0.5291158131732581,-0.23003219006238784,0.3837033300979721,-2.515409518035721,3 days 16:28:19.999999998,false
XMR-USD,false,49,59,109,24.074074074074073,0.5904701246865782,0.1487603305785124,0.0001,0.000037037037037037037,4.5041322314049586,8.966942148760332,0.00045041322314049587,-0.8546108130036635,0,0,17424,726 days 01:00:00,1000.0,459.2275022722348,-54.07724977277651,34.915698157888286,100.0,152.0193205322209,59.18451229306812,635 days 19:00:00,108,1,20.84804221330154,20.319789931184356,-9.192802668893401,4.83616678806678,-2.4139606988757705,8 days 20:23:04.615384615,2 days 01:13:54.146341463,-5.200190184639503,-0.6154617692982031,-0.5470566120289087,0.9741705623085156,-0.09952093047125518,26.308754158399857,0.9833873138235703,0.3870094722598106,-0.007460189988399878,None,None,-0.00003246466423644371,-0.19634628930201153,-0.5407724977277648,-0.2367020448042675,0.3839439060898967,-2.548794743505914,3 days 16:30:33.333333332,false
XMR-USD,false,50,58,109,24.074074074074073,0.5948798226012041,0.1487603305785124,0.0001,0.000037037037037037037,4.5041322314049586,8.966942148760332,0.00045041322314049587,-0.8368067506807203,0,0,17424,726 days 01:00:00,1000.0,464.7102315054681,-53.528976849453194,34.915698157888286,100.0,152.7383547385641,58.69721511136143,635 days 19:00:00,108,1,21.09694753785857,20.319789931184356,-9.192802668893407,4.8627231972659715,-2.407419544919964,8 days 20:25:23.076923077,2 days 01:12:26.341463414,-5.1517288521517655,-0.602582314315573,-0.5447038823680889,0.9747031016111954,-0.09967622158053,26.31219435410534,0.9837244178539979,0.3870094722598106,-0.007460189988399773,None,None,-0.000031784327979239985,-0.19223161561844343,-0.5352897684945294,-0.2335512719577031,0.3839322524283049,-2.5330919807874364,3 days 16:29:59.999999999,false
XMR-USD,false,25,78,134,24.06015037593985,0.6028555293678117,0.18319559228650137,0.0001,0.000037015615962984385,5.537190082644628,11.03305785123967,0.0005537190082644628,-0.7233429725988714,0,0,17424,726 days 01:00:00,1000.0,500.3847753131928,-49.96152246868072,34.915698157888286,100.0,181.03341925158892,53.78564728137341,635 days 19:00:00,133,1,23.3246940502371,19.44452274910744,-7.677465801481981,4.045855402657813,-1.927783485744673,6 days 22:24:22.500000,1 days 18:39:12.475247524,-3.9318790882484524,-0.5194549507544779,-0.5465306390008844,0.9782433607819808,-0.06823518009979959,26.327819649764837,0.9850022053799454,0.39355406269993604,-0.007461921798605207,None,None,-0.000027474439148209877,-0.16616540796837334,-0.49961522468681063,-0.2136204662803184,0.3849806401023041,-2.430918615539504,3 days 00:25:42.857142855,false
XMR-USD,false,28,73,134,24.06015037593985,0.5868485292031931,0.18319559228650137,0.0001,0.000037015615962984385,5.537190082644628,11.03305785123967,0.0005537190082644628,-0.7993998919463233,0,0,17424,726 days 01:00:00,1000.0,474.2471347709659,-52.57528652290341,34.915698157888286,100.0,177.66759381870014,56.514557848572025,635 days 19:00:00,133,1,24.228694667098807,19.444522749107442,-7.677465801481984,4.032731429809795,-1.9815967578369902,7 days 02:56:15,1 days 17:17:13.663366336,-4.135199698467168,-0.5752483748800982,-0.5533848901064079,0.9759232085081665,-0.09920613102389154,26.19457497597188,0.9860518376562977,0.39277435856446324,-0.007477415365825793,None,None,-0.000030495385263033805,-0.18443609007082845,-0.5257528652290324,-0.22812801072374034,0.3858661379201143,-2.5057778963822726,3 days 00:28:52.330827066,false
XMR-USD,false,32,65,134,24.06015037593985,0.5864576295688751,0.18319559228650137,0.0001,0.000037015615962984385,5.537190082644628,11.03305785123967,0.0005537190082644628,-0.8313019973717549,0,0,17424,726 days 01:00:00,1000.0,464.88674745632034,-53.51132525436797,34.915698157888286,100.0,178.2433813100779,57.146158651456716,635 days 19:00:00,133,1,23.750484152823674,18.66646114119278,-7.780175558306755,4.071025515296709,-2.01390867050082,7 days 01:07:30,1 days 17:43:57.623762376,-4.201982982680478,-0.5977088730491382,-0.5592608970423184,0.9749645684295991,-0.08618733819724192,26.297948123247252,0.9868956053673447,0.3915508704679764,-0.007468294324475311,None,None,-0.00003166007830569472,-0.19148015359284165,-0.5351132525436797,-0.23345023739167337,0.38554957256235456,-2.532586431821885,3 days 00:23:00.451127818,false
XMR-USD,false,24,57,159,24.050632911392405,0.5586673673844742,0.21763085399449036,0.0001,0.00003700097370983447,6.570247933884298,13.099173553719009,0.0006570247933884298,-1.137868532040545,0,0,17424,726 days 01:00:00,1000.0,385.3339758357922,-61.46660241642078,34.915698157888286,100.0,191.7114393478825,64.7353984732157,722 days 11:00:00,158,1,17.101430573588686,21.322008276614884,-7.172505688054695,3.89850419424484,-1.9857878610260025,6 days 01:48:56.842105263,1 days 10:02:00,-3.9985281945430176,-0.8150556755379527,-0.5883316954207606,0.9662246642431849,0.13583355137526731,23.31143362321242,0.9901479677777535,0.389775083745414,-0.0075173321114078906,None,None,-0.000042704785709015045,-0.258278543968123,-0.6146660241642119,-0.2817935556650423,0.3813706046234634,-2.7604288517580167,2 days 12:55:03.797468354,false
XMR-USD,false,25,58,159,24.050632911392405,0.5763082067823377,0.21763085399449036,0.0001,0.00003700097370983447,6.570247933884298,13.099173553719009,0.0006570247933884298,-1.0906320980180388,0,0,17424,726 days 01:00:00,1000.0,397.6693113624535,-60.233068863754646,34.915698157888286,100.0,195.15576679518878,63.762651063083,722 days 11:00:00,158,1,17.64888264721793,22.166403311106546,-7.1725056880547,4.056571383845716,-2.0069256629385146,6 days 05:01:34.736842105,1 days 09:12:30,-3.9239213372453454,-0.7809400397997954,-0.581802834730581,0.9676602429647089,0.14217046840517616,23.242858288477006,0.9877705414126318,0.3921067348406168,-0.0074899414316319446,None,None,-0.00004090440119672899,-0.24738981843781693,-0.6023306886375481,-0.2738955275652104,0.38125038723046706,-2.725099941905259,2 days 13:03:47.848101265,false
XMR-USD,false,33,41,159,24.050632911392405,0.5615582806286887,0.21763085399449036,0.0001,0.00003700097370983447,6.570247933884298,13.099173553719009,0.0006570247933884298,-1.0676433350614625,0,0,17424,726 days 01:00:00,1000.0,402.8369061846571,-59.716309381534295,34.915698157888286,100.0,190.70561295127487,64.53242919592337,722 days 11:00:00,158,1,17.878224645656246,22.18521442516039,-8.222010603968496,4.001881617290312,-1.974793186381758,5 days 21:11:03.157894736,1 days 11:34:30,-3.8926665725379683,-0.7643267691245592,-0.5685154194811843,0.9683030290115888,0.13478534953865387,23.246661961338162,0.9944626687638466,0.38966424754765133,-0.007520747578736108,None,None,-0.00004011479702291822,-0.2426142923946094,-0.5971630938153426,-0.270634373364555,0.3820176891478402,-2.710299737141099,2 days 12:58:28.860759492,false
XMR-USD,false,12,18,421,24.047619047619047,0.4233330198263466,0.5785123966942148,0.0001,0.000036996336996337,17.396694214876035,34.75206611570248,0.0017396694214876036,-3.4591322080292772,0,0,17424,726 days 01:00:00,1000.0,80.11240713591553,-91.98875928640845,34.915698157888286,100.0,310.2255249787024,92.34461067745822,725 days 03:00:00,420,1,3.3421817660770046,19.696810065100596,-11.52063710364105,2.0933816697629317,-1.4327851846933224,2 days 03:52:52.277227722,0 days 13:07:42.695924764,-2.1981661300718134,-2.5429267346629443,-0.7784965780961784,0.8972514400284226,-0.4492729934798244,36.630451940289554,1.010200240443044,0.36623804296691237,-0.007669288172738482,None,None,-0.00013287446639848087,-0.8036247727780124,-0.9198875928640855,-0.5836219009258106,0.3803344196143463,-3.6345960166809954,0 days 22:26:51.428571427,false
XMR-USD,false,39,86,105,24.03846153846154,0.5815588275879136,0.14325068870523416,0.0001,0.000036982248520710066,4.338842975206612,8.636363636363637,0.0004338842975206612,-0.8552857827872905,0,0,17424,726 days 01:00:00,1000.0,458.6686754732373,-54.13313245267627,34.915698157888286,100.0,149.67110437088093,60.405212163247924,635 days 19:00:00,104,1,22.2712149285764,20.217563635414486,-9.192802668893416,4.802169248032745,-2.4459137093833054,8 days 23:04:48,2 days 04:00:00,-5.419255187070569,-0.6169055506986743,-0.5366864708960071,0.974000899388252,-0.14157658630881134,26.82314517311964,0.9794433713012245,0.383705233065989,-0.0074619217986052495,None,None,-0.00003253622150736321,-0.19677906767653267,-0.5413313245267595,-0.23702456360734414,0.38388963162919637,-2.550395246513102,3 days 19:12:06.923076923,false
XMR-USD,false,42,77,105,24.03846153846154,0.5696567601856204,0.14325068870523416,0.0001,0.000036982248520710066,4.338842975206612,8.636363636363637,0.0004338842975206612,-0.918715908426335,0,0,17424,726 days 01:00:00,1000.0,439.9006977790891,-56.009930222091086,34.915698157888286,100.0,145.14076812232014,60.93475967951548,635 days 19:00:00,104,1,21.35991296410316,20.564604478564064,-9.192802668893421,4.859415532533639,-2.515208400223934,8 days 21:57:36,2 days 04:24:18.227848101,-5.590953992163592,-0.6629552878011458,-0.5550739498376909,0.9720734104036215,-0.14314377451843618,26.875785819323976,0.979925701829833,0.38326585695006754,-0.007461921798605226,None,None,-0.000034946513561968844,-0.21135651402278757,-0.5600993022209119,-0.24800863967270081,0.383687420074444,-2.6041475089174786,3 days 19:14:25.384615384,false
XMR-USD,false,42,80,105,24.03846153846154,0.5567624047844033,0.14325068870523416,0.0001,0.000036982248520710066,4.338842975206612,8.636363636363637,0.0004338842975206612,-0.9579469829128037,0,0,17424,726 days 01:00:00,1000.0,428.765667390535,-57.1234332609465,34.915698157888286,100.0,147.1564131246163,62.694407882015376,635 days 19:00:00,104,1,20.819238031890166,20.48709055027733,-9.192802668893409,4.656699674790848,-2.48672021228758,8 days 22:48:00,2 days 03:59:14.430379746,-5.692822794628417,-0.6918380596677952,-0.5530123884815477,0.9708825856607565,-0.15071557041988215,26.93718739436411,0.978735016361871,0.3826073157184797,-0.00746693301479604,None,None,-0.00003643811870783649,-0.22037774194499507,-0.5712343326094679,-0.2546707698734543,0.38336233426285415,-2.6360386953351225,3 days 19:07:29.999999998,false
XMR-USD,false,43,77,105,24.03846153846154,0.5487995657452835,0.14325068870523416,0.0001,0.000036982248520710066,4.338842975206612,8.636363636363637,0.0004338842975206612,-1.0128126475682329,0,0,17424,726 days 01:00:00,1000.0,413.37223760485426,-58.66277623951457,34.915698157888286,100.0,144.33517742918505,63.78346778845566,635 days 19:00:00,104,1,20.07179134198674,20.674404149974855,-9.19280266889342,4.700522974597526,-2.5440233105249077,8 days 22:31:12,2 days 04:09:52.405063291,-5.83364955516474,-0.7316373808031131,-0.5622242454290244,0.9692287117482905,-0.1499386349688108,26.934308362158166,0.978878779817971,0.38249761980323704,-0.007468294324475442,None,None,-0.00003853550619515029,-0.23306274146826897,-0.586627762395147,-0.2640694088120564,0.3833744148879365,-2.6801261133099024,3 days 19:11:32.307692306,false
XMR-USD,false,51,62,105,24.03846153846154,0.6017196699272923,0.14325068870523416,0.0001,0.000036982248520710066,4.338842975206612,8.636363636363637,0.0004338842975206612,-0.779148263567581,0,0,17424,726 days 01:00:00,1000.0,485.1641981803183,-51.48358018196817,34.915698157888286,100.0,152.6739971581637,56.90414262499927,635 days 19:00:00,104,1,23.557737231948295,20.237563436749493,-9.192802668893416,4.811797863529952,-2.380742012419865,8 days 21:21:36,2 days 04:35:41.772151898,-5.176860952419519,-0.5608248440044046,-0.535698524637788,0.9763560387835456,-0.08941190882252037,26.65447479312874,0.9814044154060041,0.3840349483717236,-0.007446826610916504,None,None,-0.000029434253352599885,-0.1780183642765241,-0.5148358018196866,-0.2220066151252541,0.3820179096222258,-2.474510976385469,3 days 19:14:25.384615383,false
XMR-USD,false,52,61,105,24.03846153846154,0.5980469610915286,0.14325068870523416,0.0001,0.000036982248520710066,4.338842975206612,8.636363636363637,0.0004338842975206612,-0.7933753083482564,0,0,17424,726 days 01:00:00,1000.0,480.6149883039568,-51.93850116960432,34.915698157888286,100.0,151.56334021765446,57.16231603884619,635 days 19:00:00,104,1,23.336844818035217,20.23756343674949,-9.192802668893412,4.811797863529954,-2.3924449345067367,8 days 21:21:36,2 days 04:37:58.481012658,-5.218479389558444,-0.5710848990269504,-0.5390251406675768,0.9759340702163393,-0.0891025465270526,26.649714825492435,0.9815858083685725,0.3840349483717236,-0.007446826610916548,None,None,-0.00002997393083500096,-0.1812823336900858,-0.5193850116960449,-0.2245463968266016,0.38203307903920086,-2.4875401011527583,3 days 19:16:09.230769230,false
XMR-USD,false,13,21,363,24.03314917127072,0.43415003752354264,0.4986225895316804,0.0001,0.0000369740756481088,15.0,29.958677685950413,0.0015,-3.0928109503470047,0,0,17424,726 days 01:00:00,1000.0,102.66317468741613,-89.73368253125838,34.915698157888286,100.0,288.20235886469584,90.18993361818282,725 days 03:00:00,362,1,4.282969427016965,19.696810065100607,-11.595387641454277,2.3036747104355637,-1.5277435026011512,2 days 12:21:22.758620689,0 days 15:18:06.545454545,-2.490662416407732,-2.2679724589578996,-0.7557063863988531,0.9079257054597756,-0.43725152230801645,36.582339415090736,1.0038727766087208,0.369674579468637,-0.007650913471011388,None,None,-0.00011862044579622609,-0.7174164561755754,-0.8973368253125845,-0.54618966890487,0.3806972325648461,-3.5700096880630583,1 days 02:07:47.403314916,false
XMR-USD,false,39,54,130,24.031007751937985,0.6381671369395354,0.17768595041322313,0.0001,0.00003697078115682767,5.371900826446281,10.702479338842975,0.0005371900826446281,-0.7042670529861217,0,0,17424,726 days 01:00:00,1000.0,510.65339772713133,-48.93466022728687,34.915698157888286,100.0,177.97613110322095,53.3705175624385,635 days 19:00:00,129,1,24.053953778422226,22.46457772688538,-8.72126779679833,4.668662452982939,-2.1026863554453668,7 days 00:36:46.451612903,1 days 20:59:23.265306122,-3.9798492717154375,-0.5031234044218714,-0.537202587157003,0.9790007076065769,0.14756815426019376,23.215878283966656,0.9861684980222442,0.393108410617205,-0.007487835016430451,None,None,-0.000026458051935769236,-0.16001829810753235,-0.48934660227287297,-0.20805639499464512,0.38277299344552157,-2.4015088573055317,3 days 02:41:51.627906975,false
XMR-USD,false,18,79,155,24.025974025974026,0.5440950520612812,0.21212121212121213,0.0001,0.00003696303696303696,6.404958677685951,12.768595041322314,0.0006404958677685951,-1.1177808795234603,0,0,17424,726 days 01:00:00,1000.0,389.61920374217414,-61.03807962578258,34.915698157888286,100.0,187.0437089773479,64.23548433884713,722 days 11:00:00,154,1,17.679296779291292,22.09083756125399,-7.17250568805469,3.7212387943320984,-1.9455357138293514,6 days 09:21:04.864864864,1 days 10:06:09.230769230,-4.078312292448812,-0.8025392369740945,-0.5875365357146938,0.9668699315735368,0.09291618041163055,22.979304070965778,0.9871360290403809,0.39277435856446324,-0.007517332111407935,None,None,-0.000042061399740804066,-0.25438734563238297,-0.6103807962578265,-0.27903135655037126,0.3814831770893251,-2.748155782243541,2 days 14:45:11.688311686,false
XMR-USD,false,26,39,180,24.022346368715084,0.5290475296774992,0.2465564738292011,0.0001,0.00003695745595186936,7.43801652892562,14.834710743801653,0.000743801652892562,-1.370774220189883,0,0,17424,726 days 01:00:00,1000.0,330.2069600383361,-66.9793039961664,34.915698157888286,100.0,194.00277142989253,71.37799907555838,722 days 11:00:00,179,1,16.45243784182935,20.680218971042233,-7.1255631390876175,3.8539098701000003,-1.9886090127988847,5 days 04:44:39.069767441,1 days 07:28:40.588235294,-3.8337736190139253,-0.9846226383679997,-0.5983589999117248,0.9594192529839856,0.12120642917660275,23.331929533551325,0.9904188934689484,0.39010769844435583,-0.007595606630086877,None,None,-0.000051571941763475335,-0.3119071037854988,-0.6697930399616626,-0.3192671566372892,0.3812427653855843,-2.9183148993122505,2 days 05:52:57.653631284,false
XMR-USD,false,28,37,180,24.022346368715084,0.5282386750013067,0.2465564738292011,0.0001,0.00003695745595186936,7.43801652892562,14.834710743801653,0.000743801652892562,-1.3468742262769868,0,0,17424,726 days 01:00:00,1000.0,334.98982559242813,-66.50101744075718,34.915698157888286,100.0,193.20990550190913,72.2141241113021,722 days 11:00:00,179,1,16.69074232282935,21.53886254907429,-7.125563139087585,3.8764516856416797,-1.983010021160488,5 days 04:46:02.790697674,1 days 07:31:45.882352941,-3.808385009667049,-0.967358915163607,-0.5856747389914162,0.960141689918326,0.11947916214089598,23.245647059835555,0.9919370606801332,0.3903295300406926,-0.0076088082674559635,None,None,-0.00005072125619743155,-0.306762157482066,-0.6650101744075759,-0.31586091454629284,0.3816456414376221,-2.904616575044283,2 days 05:55:38.547486033,false
XMR-USD,false,19,76,151,24.0,0.5622301272306742,0.2066115702479339,0.0001,0.00003692307692307692,6.239669421487603,12.43801652892562,0.0006239669421487604,-1.0360388393031743,0,0,17424,726 days 01:00:00,1000.0,411.6639556325788,-58.83360443674213,34.915698157888286,100.0,185.59658323669404,62.21191910731315,722 days 11:00:00,150,1,18.269976172304894,22.090837561253995,-7.172505688054695,3.9073605535164084,-1.9731226895532534,6 days 11:16:40,1 days 11:41:34.736842105,-4.044040136931508,-0.7434420466142297,-0.5785708263554008,0.9692638339476102,0.09507015096788128,23.058258375830427,0.9864137126446703,0.393108410617205,-0.007505915383561996,None,None,-0.00003892640506897797,-0.23542689785717877,-0.5883360443674213,-0.2651264233251287,0.3811141927207088,-2.685018703355076,2 days 16:23:35.999999999,false
XMR-USD,false,23,32,226,24.0,0.48563753884846894,0.30991735537190085,0.0001,0.00003692307692307692,9.338842975206612,18.636363636363637,0.0009338842975206613,-1.8718210095484262,0,0,17424,726 days 01:00:00,1000.0,239.91584428233625,-76.00841557176638,34.915698157888286,100.0,224.7660370546209,78.1818359232105,722 days 11:00:00,225,1,12.573969661436479,24.879197779776202,-6.9280260110262155,3.2609742550065337,-1.8206563394094453,4 days 02:55:33.333333333,1 days 01:14:44.210526315,-3.434036112796002,-1.3435310598415593,-0.6549989673936866,0.9453095151612129,0.21336947191316982,22.887568278314536,0.9997717917548616,0.3867886987664147,-0.00763354288743787,None,None,-0.00007002392212904686,-0.42350468103647537,-0.7600841557176684,-0.3907069941921313,0.3793644804790829,-3.1769123798715815,1 days 18:55:43.999999998,false
XMR-USD,false,24,63,151,24.0,0.5829422696112148,0.2066115702479339,0.0001,0.00003692307692307692,6.239669421487603,12.43801652892562,0.0006239669421487604,-0.9836336916261138,0,0,17424,726 days 01:00:00,1000.0,426.6255009810319,-57.33744990189681,34.915698157888286,100.0,189.3715420517759,60.83854629152169,722 days 11:00:00,150,1,18.933981541920218,22.090837561253984,-7.172505688054691,4.090633443637305,-1.9944743163884744,6 days 11:43:20,1 days 11:25:15.789473684,-3.948723203739249,-0.7050130340647732,-0.572579775472965,0.9707895305893514,0.11157120342555979,23.046924223990835,0.9873943606788451,0.39244046667732146,-0.007477354898302182,None,None,-0.00003689256558190185,-0.22312623663934236,-0.5733744990189718,-0.25596414273305756,0.38089007491759147,-2.642168220226263,2 days 16:17:35.999999999,false
XMR-USD,false,24,65,151,24.0,0.5854870897061966,0.2066115702479339,0.0001,0.00003692307692307692,6.239669421487603,12.43801652892562,0.0006239669421487604,-0.9701690350735276,0,0,17424,726 days 01:00:00,1000.0,430.41284967295496,-56.9587150327045,34.915698157888286,100.0,191.1900856647749,60.4908922480209,722 days 11:00:00,150,1,19.102067111256247,22.090837561254,-7.007675914303718,4.074753396072092,-1.9818673146018058,6 days 11:53:20,1 days 11:25:15.789473684,-3.9245947829220054,-0.6950961511589725,-0.5710732970641772,0.9712105284046815,0.11424047042921415,23.01631881189237,0.9886100655585097,0.39255174618396876,-0.007468294324475357,None,None,-0.00003638077293573589,-0.22003091471533065,-0.5695871503270427,-0.2536781911730208,0.3809649160178442,-2.6313210973224135,2 days 16:19:59.999999999,false
XMR-USD,false,31,36,176,24.0,0.5267283914977725,0.24104683195592286,0.0001,0.00003692307692307692,7.272727272727273,14.50413223140496,0.0007272727272727273,-1.3440870851160076,0,0,17424,726 days 01:00:00,1000.0,335.44093111844654,-66.45590688815534,34.915698157888286,100.0,196.73836380072,70.45966320584968,722 days 11:00:00,175,1,15.220912409361517,22.185214425160368,-7.1255631390875855,3.751780699775912,-1.9594797660313332,5 days 07:45:42.857142857,1 days 08:17:08.571428571,-3.884457035948089,-0.9650499522579793,-0.5997039077737008,0.960204743809236,0.12407496752616994,23.18920131842595,0.991198073640056,0.3906624102154829,-0.007587215347123449,None,None,-0.00005063002104324671,-0.3062103672695561,-0.6645590688815539,-0.31554129074913617,0.3818706308333463,-2.9033245902070375,2 days 07:11:59.999999998,false
XMR-USD,false,31,70,126,24.0,0.6169594168483907,0.1721763085399449,0.0001,0.00003692307692307692,5.206611570247934,10.37190082644628,0.0005206611570247934,-0.7176976372661823,0,0,17424,726 days 01:00:00,1000.0,501.58101430952007,-49.84189856904799,34.915698157888286,100.0,174.65349924163542,53.898586939486435,635 days 19:00:00,125,1,23.62660581136936,19.702048652753017,-7.780175558306734,4.394927796921974,-2.0624883948563055,7 days 09:32:00,1 days 21:19:34.736842105,-4.176364732014791,-0.5155252511377503,-0.5438120217835204,0.9783992793754539,-0.0740672317090924,26.204807807877373,0.9855684986014892,0.39266304347826086,-0.007489941431631931,None,None,-0.00002730374771340898,-0.1651330661706975,-0.4984189856904828,-0.21296846801572178,0.3855052210562434,-2.4274925377022,3 days 05:03:21.599999999,false
XMR-USD,false,44,79,101,24.0,0.5595480438258695,0.13774104683195593,0.0001,0.00003692307692307692,4.1735537190082646,8.305785123966942,0.0004173553719008265,-0.9713897439365736,0,0,17424,726 days 01:00:00,1000.0,424.41686098562207,-57.5583139014378,34.915698157888286,100.0,140.9175223423366,63.30224094462887,635 days 19:00:00,100,1,18.92906764104748,20.217563635414496,-8.59329002817791,4.878301213670003,-2.597115359947425,9 days 03:55:00,2 days 07:11:50.526315789,-5.94512206655426,-0.7016948770733432,-0.5529778874743825,0.9704533825658045,-0.15151579213755967,26.853931663622877,0.9764910435937944,0.3826073157184797,-0.007477354898302094,None,None,-0.000036996957207292836,-0.22375759718970706,-0.5755831390143804,-0.2573033458328684,0.3837740857193858,-2.648493856292374,3 days 22:43:47.999999999,false
XMR-USD,false,45,79,101,24.0,0.5475242520103438,0.13774104683195593,0.0001,0.00003692307692307692,4.1735537190082646,8.305785123966942,0.0004173553719008265,-1.0143771335621388,0,0,17424,726 days 01:00:00,1000.0,412.1988258589755,-58.78011741410245,34.915698157888286,100.0,138.7918018321443,64.25619768081587,635 days 19:00:00,100,1,18.384141096857206,20.389732183151036,-8.593290028177908,4.843353774741641,-2.6253461342992277,9 days 01:35:00,2 days 07:55:15.789473684,-6.061853152378818,-0.7328656810984209,-0.559513454214855,0.9691663235928029,-0.15065290023828942,26.80108264243955,0.9762052987589674,0.38227828018403937,-0.007489941431631836,None,None,-0.00003866054789325152,-0.23381899365838518,-0.587801174141026,-0.2647951602031784,0.3839737753928703,-2.683486812960165,3 days 22:43:11.999999999,false
XMR-USD,false,46,78,101,24.0,0.5442930736199714,0.13774104683195593,0.0001,0.00003692307692307692,4.1735537190082646,8.305785123966942,0.0004173553719008265,-1.0310093609266056,0,0,17424,726 days 01:00:00,1000.0,407.28913999581846,-59.27108600041815,34.915698157888286,100.0,139.0578167101193,64.71310790819992,635 days 19:00:00,100,1,18.165168232338658,20.429348080581892,-8.593290028177917,4.787540188590707,-2.6242268316616024,9 days 01:40:00,2 days 07:53:41.052631578,-6.108760282365201,-0.7451799815656787,-0.5615070262660973,0.9686517848208076,-0.1541299275493154,26.749716751882207,0.9760905801795383,0.3821686364718014,-0.00749250571802151,None,None,-0.00003933351984058253,-0.23788912799584314,-0.5927108600041833,-0.26784650212142813,0.3842019605237899,-2.69754835582537,3 days 22:43:11.999999999,false
XMR-USD,false,27,28,222,23.981900452488688,0.47938914957888745,0.3044077134986226,0.0001,0.000036895231465367216,9.173553719008265,18.305785123966942,0.0009173553719008264,-1.8475480439735992,0,0,17424,726 days 01:00:00,1000.0,243.60761588322248,-75.63923841167775,34.915698157888286,100.0,218.7214924430048,77.84610287163515,722 days 11:00:00,221,1,12.767455107324253,20.794840878311856,-6.92802601102621,3.226631635366056,-1.8185796067011983,4 days 03:20:22.641509434,1 days 02:12:51.428571428,-3.4803612634574743,-1.3256880801310271,-0.6529937150152573,0.9460447676529586,0.21464700509864712,22.83962512253963,0.9985164371817782,0.3876722147009636,-0.007633542887437851,None,None,-0.00006913393394989757,-0.4181220325289805,-0.7563923841167782,-0.3874690278035743,0.37958396970199965,-3.1663389936995734,1 days 19:45:04.072398188,false
XMR-USD,false,27,41,172,23.976608187134502,0.5356326609155002,0.23553719008264462,0.0001,0.000036887089518668466,7.107438016528926,14.173553719008265,0.0007107438016528926,-1.2584898127923492,0,0,17424,726 days 01:00:00,1000.0,355.79256693513,-64.420743306487,34.915698157888286,100.0,194.06948425003938,69.34875857669009,722 days 11:00:00,171,1,16.144384882205316,21.322008276614895,-7.125563139087598,3.7989488144116867,-1.9469801269407314,5 days 09:58:32.195121951,1 days 09:18:27.692307692,-3.8617065377021955,-0.9025443770254431,-0.5842850806099967,0.962732260907537,0.13701243799498666,23.242393264839677,0.9912270920632,0.391106498483155,-0.007586227038464257,None,None,-0.000047284277829211016,-0.2859753123110682,-0.6442074330648684,-0.3014040946019312,0.3813345364540522,-2.8450366656046033,2 days 08:29:07.368421051,false
XMR-USD,false,29,40,172,23.976608187134502,0.5289147980645456,0.23553719008264462,0.0001,0.000036887089518668466,7.107438016528926,14.173553719008265,0.0007107438016528926,-1.2804441741052188,0,0,17424,726 days 01:00:00,1000.0,350.5183631920104,-64.94816368079897,34.915698157888286,100.0,193.52262276952888,70.67037400246582,722 days 11:00:00,171,1,15.905063482352602,22.18521442516039,-7.125563139087602,3.782269507435121,-1.9520511733110104,5 days 12:45:21.951219512,1 days 08:26:18.461538461,-3.891150294095577,-0.9182522746064367,-0.5796539148332522,0.9621196179272601,0.13884544184460412,23.2081860287088,0.991191423450582,0.39099544982837064,-0.007573869459241536,None,None,-0.00004812999538968958,-0.29109021211684255,-0.6494816368079914,-0.30501602139934136,0.3815151175764768,-2.860142202716506,2 days 08:29:28.421052630,false
XMR-USD,false,31,38,172,23.976608187134502,0.531068805810348,0.23553719008264462,0.0001,0.000036887089518668466,7.107438016528926,14.173553719008265,0.0007107438016528926,-1.247672876006068,0,0,17424,726 days 01:00:00,1000.0,358.18994927189556,-64.18100507281045,34.915698157888286,100.0,193.92662142165946,70.37797543576208,722 days 11:00:00,171,1,16.25316810802684,22.185214425160382,-8.175598214953196,3.766196366391857,-1.9312204443120577,5 days 12:43:54.146341463,1 days 08:24:55.384615384,-3.8483229171703632,-0.8944093909244689,-0.5728822731998559,0.9630944697251562,0.14062231076570506,23.190681143862495,0.9922076195452787,0.3907734056987789,-0.007569827638455868,None,None,-0.00004688516175927084,-0.28356145832007007,-0.6418100507281019,-0.29977385054156125,0.38155488009985095,-2.8381704636861294,2 days 08:28:04.210526314,false
XMR-USD,false,24,66,147,23.972602739726025,0.6146591077146996,0.20110192837465565,0.0001,0.0000368809272918862,6.074380165289257,12.107438016528926,0.0006074380165289257,-0.8208551913926653,0,0,17424,726 days 01:00:00,1000.0,474.8020621019939,-52.51979378980061,34.915698157888286,100.0,192.4039384460585,57.55916645896663,722 days 11:00:00,146,1,21.072095923081008,22.09083756125399,-7.007675914303723,4.237277131780243,-1.9606812616679452,6 days 15:44:34.285714285,1 days 12:31:21.081081081,-3.741575574117035,-0.5874354897602438,-0.5426396540556742,0.9756023347230203,0.11644992226716296,23.015810797047656,0.9896926044067734,0.39299704212966663,-0.007460189988399862,None,None,-0.0000307472435801981,-0.18595932917303812,-0.5251979378980096,-0.22781464618174962,0.3809815566206859,-2.5041885616122253,2 days 18:03:41.917808218,false
XMR-USD,false,13,17,414,23.97094430992736,0.42819158790799255,0.568870523415978,0.0001,0.000036878375861426714,17.107438016528928,34.17355371900827,0.0017107438016528928,-3.396325202411065,0,0,17424,726 days 01:00:00,1000.0,83.62933711187043,-91.63706628881296,34.915698157888286,100.0,309.61043689178246,92.0085395350648,725 days 03:00:00,413,1,3.488903349642257,19.696810065100617,-11.520637103641038,2.144634399272918,-1.4446446129237007,2 days 04:23:01.818181818,0 days 13:30:00,-2.2272628722464236,-2.4957856558120883,-0.7746695304556538,0.8990378098274637,-0.4490014700398227,36.63834647572677,1.0090612645175157,0.3665594855305467,-0.007657573012803369,None,None,-0.00013040953746034422,-0.7887168825601618,-0.9163706628881298,-0.5773662842212091,0.38032950180831665,-3.6245233841360256,0 days 22:49:14.963680387,false
XMR-USD,false,28,89,122,23.96694214876033,0.5963597748394641,0.16666666666666666,0.0001,0.000036872218690400514,5.041322314049587,10.041322314049587,0.0005041322314049588,-0.859893162697681,0,0,17424,726 days 01:00:00,1000.0,458.2765503668131,-54.172344963318686,34.915698157888286,100.0,167.59111984172537,59.516720335147234,635 days 19:00:00,121,1,21.586780797546908,20.755148066145242,-8.039372144347576,4.5354232807450625,-2.221265592348948,8 days 10:16:33.103448275,1 days 16:11:44.347826086,-4.655456449840779,-0.6185288213390372,-0.5451864947629799,0.9740450148715244,-0.08110145842164296,26.664682816853237,0.9860579030302684,0.3873407643312102,-0.007458196364188702,None,None,-0.00003260233177670132,-0.19717890258548956,-0.5417234496331842,-0.2372510261449965,0.3836601267526978,-2.5515183089953437,3 days 07:02:28.760330577,false
XMR-USD,false,30,85,122,23.96694214876033,0.5637402142026231,0.16666666666666666,0.0001,0.000036872218690400514,5.041322314049587,10.041322314049587,0.0005041322314049588,-0.9863473476718394,0,0,17424,726 days 01:00:00,1000.0,421.2601986158551,-57.873980138414495,34.915698157888286,100.0,161.40016605183857,62.61589353907959,635 days 19:00:00,121,1,20.607371126819146,20.708389018126063,-8.039372144347574,4.373648993954451,-2.2634653776407063,8 days 10:08:16.551724138,1 days 16:13:41.739130434,-4.953282417445983,-0.7110123936069633,-0.5629275924381826,0.9702586944820685,-0.10632403188859393,26.557812983146754,0.9810238412874984,0.38756171364867015,-0.007461921798605356,None,None,-0.00003745125298688854,-0.2265051780647019,-0.5787398013841456,-0.2592253021690586,0.383395601045449,-2.6575346675500855,3 days 07:01:59.008264461,false
XMR-USD,false,31,85,122,23.96694214876033,0.5611719257807376,0.16666666666666666,0.0001,0.000036872218690400514,5.041322314049587,10.041322314049587,0.0005041322314049588,-0.9618510270475483,0,0,17424,726 days 01:00:00,1000.0,427.96261560061714,-57.20373843993829,34.915698157888286,100.0,161.8270190898484,61.9077237915546,635 days 19:00:00,121,1,20.935242581814236,20.239170473141627,-8.039372144347578,4.2837583790064055,-2.2220269892912223,8 days 09:24:49.655172413,1 days 16:24:46.956521739,-4.900600222985099,-0.693189412512258,-0.5610337958112216,0.9709871391665823,-0.09922412500020417,26.34752468235418,0.9825679029074148,0.38711988536857184,-0.007461921798605282,None,None,-0.00003653242563013763,-0.22094811021107238,-0.572037384399378,-0.2551555853060741,0.3836052412238917,-2.638338668792009,3 days 06:59:59.999999999,false
XMR-USD,false,52,72,97,23.958333333333336,0.5778035652043704,0.1322314049586777,0.0001,0.00003685897435897436,4.008264462809917,7.975206611570248,0.0004008264462809917,-0.8947985143559077,0,0,17424,726 days 01:00:00,1000.0,447.14219495363614,-55.285780504636385,34.915698157888286,100.0,137.45686941012173,60.980814450534005,635 days 19:00:00,96,1,19.942621586211033,20.429348080581875,-8.593290028177911,5.122211997029921,-2.6434511821871554,9 days 06:49:33.913043478,2 days 11:18:04.931506849,-5.966671110755987,-0.6459959483627886,-0.545710359190222,0.9727309916640232,-0.15185939586508718,26.964069859129324,0.9790001519013595,0.38129211256440754,-0.007460189988399752,None,None,-0.00003402726397369076,-0.2057968925128817,-0.552857805046362,-0.24373491621990317,0.38340271189926445,-2.5834075622556614,4 days 02:28:44.999999998,false
XMR-USD,false,53,71,97,23.958333333333336,0.5807638709038725,0.1322314049586777,0.0001,0.00003685897435897436,4.008264462809917,7.975206611570248,0.0004008264462809917,-0.8737578907100699,0,0,17424,726 days 01:00:00,1000.0,453.47565939903643,-54.652434060096354,34.915698157888286,100.0,137.78722569515386,60.42813428043363,635 days 19:00:00,96,1,20.225095229248552,20.429348080581875,-8.593290028177906,5.120621145740438,-2.624422610106493,9 days 06:52:10.434782608,2 days 11:18:04.931506849,-5.90363995656471,-0.6307303057125927,-0.5428665143922213,0.9733664553749777,-0.15198416561437947,26.970027679091768,0.9794360861505433,0.3814016172506739,-0.007451445542635837,None,None,-0.00003322141375664057,-0.20092311040016217,-0.546524340600967,-0.24003398104430596,0.3833825624161589,-2.565268258791757,4 days 02:29:22.499999998,false
XMR-USD,false,54,70,97,23.958333333333336,0.5678548353956286,0.1322314049586777,0.0001,0.00003685897435897436,4.008264462809917,7.975206611570248,0.0004008264462809917,-0.9498824681684189,0,0,17424,726 days 01:00:00,1000.0,430.91121460871113,-56.908878539128885,34.915698157888286,100.0,136.07186671077437,62.39718633597868,635 days 19:00:00,96,1,19.21871697008413,20.429348080581875,-8.593290028177925,5.100939353014846,-2.6840075510315056,9 days 06:52:10.434782608,2 days 11:14:47.671232876,-6.128203149597631,-0.6866411706880365,-0.5530160109794973,0.9710373716907089,-0.16507518861778644,26.981858974546135,0.9779055369991098,0.38096370264701224,-0.007458196364188696,None,None,-0.00003615645074657998,-0.2186742141153157,-0.56908878539129,-0.25337836931553626,0.3832780040876759,-2.6298937595859533,4 days 02:26:52.499999998,false
XMR-USD,false,56,69,97,23.958333333333336,0.56384248505002,0.1322314049586777,0.0001,0.00003685897435897436,4.008264462809917,7.975206611570248,0.0004008264462809917,-0.9786817149524927,0,0,17424,726 days 01:00:00,1000.0,423.351470274028,-57.6648529725972,34.915698157888286,100.0,136.820596833157,63.33985619082778,635 days 19:00:00,96,1,20.316838243865334,20.543804935263747,-8.593290028177913,5.051725411706342,-2.697432496956863,9 days 06:18:15.652173913,2 days 11:24:39.452054794,-6.218389249685806,-0.7080759723901078,-0.5539452508327533,0.9701543528549518,-0.17656951775914426,27.147193298503502,0.9762077286007175,0.38107315526670366,-0.007451445542635817,None,None,-0.00003721643626789199,-0.22508500654821073,-0.5766485297259742,-0.2579509699082555,0.3825717265884062,-2.651545179243948,4 days 02:26:14.999999999,false
XMR-USD,false,57,66,97,23.958333333333336,0.5597191421412693,0.1322314049586777,0.0001,0.00003685897435897436,4.008264462809917,7.975206611570248,0.0004008264462809917,-0.9960330875011485,0,0,17424,726 days 01:00:00,1000.0,418.0687273539927,-58.19312726460073,34.915698157888286,100.0,135.042877522116,63.517866510571665,635 days 19:00:00,96,1,18.645939749689717,20.429348080581875,-8.593290028177902,5.078155704128617,-2.7178213634544757,9 days 06:36:31.304347826,2 days 11:20:32.876712328,-6.256012629121838,-0.7203008976358557,-0.5588238362475134,0.9696404711167899,-0.16712912907936156,27.036327756178064,0.977105451855725,0.38085426737459394,-0.007451445542635785,None,None,-0.00003790678429651,-0.22926023142529248,-0.5819312726460064,-0.26117803544574225,0.38305482075063163,-2.666675172910828,4 days 02:27:29.999999999,false
XMR-USD,false,57,68,97,23.958333333333336,0.56384248505002,0.1322314049586777,0.0001,0.00003685897435897436,4.008264462809917,7.975206611570248,0.0004008264462809917,-0.9786817149524927,0,0,17424,726 days 01:00:00,1000.0,423.351470274028,-57.6648529725972,34.915698157888286,100.0,136.820596833157,63.33985619082778,635 days 19:00:00,96,1,20.316838243865334,20.543804935263747,-8.593290028177913,5.051725411706342,-2.697432496956863,9 days 06:18:15.652173913,2 days 11:24:39.452054794,-6.218389249685806,-0.7080759723901078,-0.5539452508327533,0.9701543528549518,-0.17656951775914426,27.147193298503502,0.9762077286007175,0.38107315526670366,-0.007451445542635817,None,None,-0.00003721643626789199,-0.22508500654821073,-0.5766485297259742,-0.2579509699082555,0.3825717265884062,-2.651545179243948,4 days 02:26:14.999999999,false
XMR-USD,false,58,65,97,23.958333333333336,0.5609545842404976,0.1322314049586777,0.0001,0.00003685897435897436,4.008264462809917,7.975206611570248,0.0004008264462809917,-0.9895436190092702,0,0,17424,726 days 01:00:00,1000.0,419.86499449558664,-58.013500550441336,34.915698157888286,100.0,135.00516031476465,63.36111798250771,635 days 19:00:00,96,1,18.726053584341912,20.429348080581875,-8.593290028177902,5.098413894020017,-2.7178213634544752,9 days 06:36:31.304347826,2 days 11:20:32.876712328,-6.238136032174535,-0.7155754007536761,-0.5580096606465347,0.9698369645159058,-0.1671016875332318,27.031464520465615,0.9773034580005256,0.38085426737459394,-0.0074514455426358105,None,None,-0.00003765971253865755,-0.22776594143380088,-0.5801350055044132,-0.26007777908530594,0.38307123562180445,-2.6615305897108263,4 days 02:27:29.999999999,false
XMR-USD,false,21,57,168,23.952095808383234,0.5268729607552097,0.23002754820936638,0.0001,0.000036849378166743436,6.9421487603305785,13.842975206611571,0.0006942148760330579,-1.2594284467990406,0,0,17424,726 days 01:00:00,1000.0,356.49355323492546,-64.35064467650746,34.915698157888286,100.0,190.65640882901738,67.4749467841793,722 days 11:00:00,167,1,16.176192721021437,21.322008276614895,-7.1255631390876,3.7248718132283116,-1.9444813340135063,5 days 17:37:30,1 days 08:28:49.133858267,-3.9501954460245203,-0.9028444671081758,-0.5996382611628844,0.9626753373483173,0.1393940989659992,23.409600141437178,0.9906646694333829,0.389442628179571,-0.007487835016430428,None,None,-0.00004721471023947441,-0.28555456752834124,-0.6435064467650742,-0.30092667684139895,0.3806469306043281,-2.8430290119222237,2 days 09:39:52.814371256,false
XMR-USD,false,23,52,168,23.952095808383234,0.521213429973133,0.23002754820936638,0.0001,0.000036849378166743436,6.9421487603305785,13.842975206611571,0.0006942148760330579,-1.255967579816128,0,0,17424,726 days 01:00:00,1000.0,356.21954084905303,-64.37804591509469,34.915698157888286,100.0,188.44166959623345,70.29961486900876,722 days 11:00:00,167,1,16.163759180157626,21.322008276614888,-7.1255631390876095,3.7235699605851345,-1.9440155117300315,5 days 16:58:30,1 days 08:48:11.338582677,-3.9517617864138037,-0.9002582772841831,-0.5758718728254254,0.9628212395572116,0.14286087183305018,23.223510329984503,0.988976309994528,0.3907734056987789,-0.007549268901077485,None,None,-0.00004719840332456189,-0.2854559433069503,-0.643780459150942,-0.3011132242612705,0.3816085779131983,-2.843813794699968,2 days 09:45:16.167664669,false
XMR-USD,false,25,48,168,23.952095808383234,0.5203901795463279,0.23002754820936638,0.0001,0.000036849378166743436,6.9421487603305785,13.842975206611571,0.0006942148760330579,-1.2860683907701775,0,0,17424,726 days 01:00:00,1000.0,349.1511532412479,-65.08488467587522,34.915698157888286,100.0,187.79485196578733,70.29758970826823,722 days 11:00:00,167,1,15.843025188944637,21.698844834700967,-7.125563139087605,3.738692556565747,-1.961071550148729,5 days 16:34:29.999999999,1 days 08:59:03.307086614,-3.992166897890394,-0.9221113862228035,-0.5843761455077365,0.9619302642224039,0.14149358803295028,23.215134770658704,0.9906328635636001,0.39044047239067986,-0.007566873914135458,None,None,-0.00004834702153314222,-0.29240278623244415,-0.6508488467587452,-0.3059581107041398,0.3816315609608727,-2.8640579484208595,2 days 09:47:47.065868262,false
XMR-USD,false,26,46,168,23.952095808383234,0.5239187910577995,0.23002754820936638,0.0001,0.000036849378166743436,6.9421487603305785,13.842975206611571,0.0006942148760330579,-1.2617006262846446,0,0,17424,726 days 01:00:00,1000.0,354.7414608328122,-64.52585391671877,34.915698157888286,100.0,189.07043269479266,69.9924163446382,722 days 11:00:00,167,1,16.096690064930158,21.322008276614874,-7.125563139087595,3.718512005993106,-1.9432759833432491,5 days 16:45:00,1 days 08:58:06.614173228,-3.960210953485732,-0.9042750441963276,-0.5801749935325663,0.962659578712062,0.1438301510009306,23.188206450094125,0.9911697173789854,0.3907734056987789,-0.007566873914135406,None,None,-0.00004742760017944136,-0.28684212588526137,-0.6452585391671855,-0.3021211191910156,0.38175835345212683,-2.848047076845887,2 days 09:49:34.850299400,false
XMR-USD,false,8,28,406,23.950617283950617,0.4353316201396193,0.5578512396694215,0.0001,0.00003684710351377018,16.776859504132233,33.51239669421488,0.0016776859504132233,-3.1039566702595427,0,0,17424,726 days 01:00:00,1000.0,101.94704177533936,-89.80529582246606,34.915698157888286,100.0,311.90653159521077,90.25813450159366,725 days 03:00:00,405,1,4.253093326093293,19.91205887306292,-11.52063710364104,2.2306216601941866,-1.4180965666243273,2 days 09:05:34.020618556,0 days 12:41:17.922077922,-2.227916176668526,-2.2734950926568973,-0.7563747025399629,0.9076834908365493,-0.4145338122716505,36.52001114963303,1.0077658642684928,0.3701053624783771,-0.007638748123339084,None,None,-0.00011900388103625683,-0.7197354725072813,-0.8980529582246597,-0.547290913994654,0.38100006375363554,-3.572060722267898,0 days 23:19:24.444444443,false
XMR-USD,false,11,25,356,23.943661971830984,0.44260418347657493,0.4889807162534435,0.0001,0.00003683640303358613,14.710743801652892,29.380165289256198,0.0014710743801652894,-2.905311637415311,0,0,17424,726 days 01:00:00,1000.0,117.41573675079599,-88.2584263249204,34.915698157888286,100.0,289.86543582200255,88.78024008801222,725 days 03:00:00,355,1,4.898426454135048,19.953020527826908,-11.595387641454288,2.3821493928878033,-1.513014400422093,2 days 14:45:10.588235294,0 days 15:16:00,-2.499951238600959,-2.127344971412653,-0.7426598562340508,0.9133635799968304,-0.4349903193616556,36.88137542309677,1.0042734948988896,0.3706442224494611,-0.0076180279891066745,None,None,-0.00011097807973495443,-0.6711954262370045,-0.8825842632492045,-0.5245404082971395,0.37971454153972867,-3.5277577416844728,1 days 02:38:11.830985914,false
XMR-USD,false,13,22,352,23.931623931623932,0.43546791523974276,0.4834710743801653,0.0001,0.00003681788297172913,14.545454545454547,29.049586776859506,0.0014545454545454547,-2.9584875433959827,0,0,17424,726 days 01:00:00,1000.0,113.07993692847776,-88.69200630715223,34.915698157888286,100.0,282.4636486377133,89.19455110269405,725 days 03:00:00,351,1,4.717542723068007,19.953020527826908,-11.595387641454272,2.3923713212953217,-1.5386245582516231,2 days 14:16:25.714285714,0 days 15:50:20.224719101,-2.5402780791868693,-2.1671770039168896,-0.7463667850727645,0.9117928354488732,-0.4382120419736974,36.81563033880064,1.004987130784806,0.3699976413240034,-0.007618027989106679,None,None,-0.00011312284020119698,-0.6841669375368393,-0.8869200630715227,-0.5307093054904155,0.3799389875836027,-3.5401756512525755,1 days 02:57:05.641025639,false
XMR-USD,false,32,80,118,23.931623931623932,0.5965131708323206,0.16115702479338842,0.0001,0.00003681788297172913,4.87603305785124,9.710743801652892,0.00048760330578512403,-0.7999970555479746,0,0,17424,726 days 01:00:00,1000.0,476.2678804244118,-52.373211957558816,34.915698157888286,100.0,162.30354861465992,57.36362036952085,635 days 19:00:00,117,1,23.29825841590906,20.27319932391647,-8.03937214434758,4.577110755239579,-2.2173789975018576,8 days 13:38:34.285714285,1 days 18:53:15.505617977,-4.6754733161666415,-0.5754992165064786,-0.5426303466458358,0.9758653370220973,-0.09507822940450163,26.407001839095894,0.9838675128074381,0.38877819399059543,-0.007461921798605218,None,None,-0.00003036628846440907,-0.18365531263274606,-0.523732119575588,-0.2269880546951366,0.3840651674720891,-2.4999903974632813,3 days 09:50:15.384615383,false
XMR-USD,false,32,82,118,23.931623931623932,0.58482427377761,0.16115702479338842,0.0001,0.00003681788297172913,4.87603305785124,9.710743801652892,0.00048760330578512403,-0.8488296519461064,0,0,17424,726 days 01:00:00,1000.0,461.4183006180656,-53.85816993819345,34.915698157888286,100.0,159.79850040738654,58.94966507878129,635 days 19:00:00,117,1,22.57184086411536,20.755148066145264,-8.039372144347576,4.568921422792455,-2.2493834385000206,8 days 13:17:08.571428571,1 days 18:51:54.606741573,-4.796184104667094,-0.6108391990109663,-0.5464880963996053,0.9743878760138898,-0.09576339753183001,26.492324782542504,0.9843980247298735,0.38756171364867015,-0.00746018998839975,None,None,-0.000032204236280541464,-0.19477122102471478,-0.5385816993819339,-0.235440122872424,0.38374616620500035,-2.5425202066602703,3 days 09:44:06.153846153,false
XMR-USD,false,32,87,118,23.931623931623932,0.5519353939857132,0.16115702479338842,0.0001,0.00003681788297172913,4.87603305785124,9.710743801652892,0.00048760330578512403,-0.9373438449579433,0,0,17424,726 days 01:00:00,1000.0,432.23403213878623,-56.77659678612138,34.915698157888286,100.0,155.4659933536677,62.19274167114496,635 days 19:00:00,117,1,19.62259077138856,20.23756343674949,-8.039372144347576,4.331868451422944,-2.252461100269987,8 days 08:17:08.571428571,1 days 20:20:53.932584269,-5.020415031047866,-0.6773948935399341,-0.5532099871243521,0.9715757522674934,-0.1723069176742629,26.624834527723213,0.9805625783419106,0.3873407643312102,-0.007461921798605245,None,None,-0.00003585412802576861,-0.21684576629984856,-0.5677659678612148,-0.25258364409991774,0.3852611270442447,-2.6261051556058943,3 days 09:39:59.999999999,false
XMR-USD,false,33,73,118,23.931623931623932,0.6281989384427474,0.16115702479338842,0.0001,0.00003681788297172913,4.87603305785124,9.710743801652892,0.00048760330578512403,-0.6431984407304719,0,0,17424,726 days 01:00:00,1000.0,528.2678153650612,-47.173218463493875,34.915698157888286,100.0,167.92356285161972,52.88201763860745,635 days 19:00:00,117,1,24.883668002556306,20.693259147012704,-8.039372144347587,4.599533509582878,-2.110780193041667,7 days 23:17:08.571428571,1 days 23:49:53.258426966,-4.244579937072603,-0.46208098405423403,-0.518972101855255,0.9805975497255517,-0.09245843269528527,26.34056542366861,0.9867987990200219,0.3914397508584205,-0.007450925614534992,None,None,-0.000024400821315990333,-0.14757616731910952,-0.4717321846349378,-0.19867971729750433,0.3843654056113304,-2.351060438493232,3 days 10:09:44.615384614,false
XMR-USD,false,33,83,118,23.931623931623932,0.5917394187415065,0.16115702479338842,0.0001,0.00003681788297172913,4.87603305785124,9.710743801652892,0.00048760330578512403,-0.7860385351722438,0,0,17424,726 days 01:00:00,1000.0,481.25812896676416,-51.874187103323585,34.915698157888286,100.0,161.73382125293017,57.539501156290044,635 days 19:00:00,117,1,23.542373345506576,20.239170473141613,-8.039372144347594,4.4874137077904255,-2.1834706914348536,8 days 12:57:51.428571428,1 days 18:49:53.258426966,-4.634908071613184,-0.5653939438542329,-0.5346830524348597,0.9762622375596001,-0.08943458100861772,26.363876539003705,0.9850935571427862,0.38723031605763863,-0.007451445542635729,None,None,-0.000029797488614823823,-0.18021521114245448,-0.5187418710332294,-0.2241863874198291,0.3836069390922012,-2.485698119761182,3 days 09:37:56.923076922,false
XMR-USD,false,33,84,118,23.931623931623932,0.5647672521763132,0.16115702479338842,0.0001,0.00003681788297172913,4.87603305785124,9.710743801652892,0.00048760330578512403,-0.8597366207125768,0,0,17424,726 days 01:00:00,1000.0,455.4854482705415,-54.45145517294585,34.915698157888286,100.0,157.96823553155727,60.192537243329845,635 days 19:00:00,117,1,20.678160184447222,20.239170473141606,-8.039372144347583,4.334698669137164,-2.1957063488509685,8 days 08:06:25.714285714,1 days 20:26:17.528089887,-4.830706939435086,-0.6204857024439657,-0.5425067728742488,0.9739202992015756,-0.16242404312794834,26.637203506382402,0.9839318154351433,0.38723031605763863,-0.007451445542635782,None,None,-0.00003284525658797842,-0.19864811184409348,-0.5445145517294627,-0.23886662766001532,0.385299836353866,-2.5595121405482755,3 days 09:41:32.307692306,false
XMR-USD,false,33,85,118,23.931623931623932,0.5572121909610435,0.16115702479338842,0.0001,0.00003681788297172913,4.87603305785124,9.710743801652892,0.00048760330578512403,-0.9287763721099551,0,0,17424,726 days 01:00:00,1000.0,434.5605587749469,-56.54394412250531,34.915698157888286,100.0,158.0213516718091,61.98924174517413,635 days 19:00:00,117,1,19.728210590064634,20.23756343674949,-8.039372144347585,4.331868451422947,-2.246256924458407,8 days 08:17:08.571428571,1 days 20:20:53.932584269,-5.00143292149673,-0.6707712218150793,-0.5521665770546443,0.9718408702957516,-0.16442006229455036,26.574378354171465,0.9816332212405382,0.38711988536857184,-0.007466933014796101,None,None,-0.000035528865581123287,-0.21487857903463364,-0.5654394412250517,-0.2511897521110885,0.3855359345907355,-2.619441887337163,3 days 09:39:59.999999999,false
XMR-USD,false,34,71,118,23.931623931623932,0.6331634498818308,0.16115702479338842,0.0001,0.00003681788297172913,4.87603305785124,9.710743801652892,0.00048760330578512403,-0.6105817896606337,0,0,17424,726 days 01:00:00,1000.0,539.8109616668088,-46.01890383331912,34.915698157888286,100.0,168.53535495316905,51.829444013892015,635 days 19:00:00,117,1,25.427399443168724,20.416486066616045,-8.039372144347583,4.614870016938511,-2.091560097261739,7 days 23:21:25.714285714,1 days 23:43:49.213483146,-4.15056784424239,-0.4384411517253358,-0.51421637101371,0.9815730181514585,-0.08966276381236518,26.331869378194927,0.9871820068266091,0.3912175648702595,-0.007446826610916503,None,None,-0.000023156383981530643,-0.14004981032029734,-0.46018903833319436,-0.19264519189854468,0.38443009317856147,-2.3180003912630447,3 days 10:06:09.230769230,false
XMR-USD,false,35,69,118,23.931623931623932,0.622849868659519,0.16115702479338842,0.0001,0.00003681788297172913,4.87603305785124,9.710743801652892,0.00048760330578512403,-0.6506153124495849,0,0,17424,726 days 01:00:00,1000.0,525.563123073739,-47.4436876926261,34.915698157888286,100.0,168.07245111386226,53.38441350509978,635 days 19:00:00,117,1,24.756265455838957,20.352261490647468,-8.039372144347572,4.5707042497726755,-2.108580435703663,7 days 23:17:08.571428571,1 days 23:45:50.561797752,-4.266608054547867,-0.46728548953589144,-0.5175908277048702,0.980373745745584,-0.0892453905097223,26.306234836155667,0.9861759577102014,0.3912175648702595,-0.007452411460490759,None,None,-0.00002468563123901672,-0.14929869773357313,-0.47443687692626113,-0.2001061003865946,0.3845208433809043,-2.358806788799881,3 days 10:06:39.999999998,false
XMR-USD,false,36,65,118,23.931623931623932,0.6718042834116691,0.16115702479338842,0.0001,0.00003681788297172913,4.87603305785124,9.710743801652892,0.00048760330578512403,-0.4789161369625002,0,0,17424,726 days 01:00:00,1000.0,588.0843053528257,-41.19156946471743,34.915698157888286,100.0,174.7169276139039,48.0179149344037,635 days 19:00:00,117,1,27.70127989304251,19.801775246886326,-8.039372144347581,4.690064615958069,-2.02127193337163,7 days 15:21:25.714285714,2 days 02:30:20.224719101,-3.757410038805272,-0.34300198963358625,-0.4878230101861805,0.9855624150025392,-0.058310630439730116,26.21911117945984,0.9889698913204237,0.393108410617205,-0.007461921798605308,None,None,-0.000018169613979842498,-0.10988982535008743,-0.4119156946471767,-0.16828341962225923,0.3855733473210042,-2.1797435433898458,3 days 10:17:56.923076922,false
XMR-USD,false,37,76,118,23.931623931623932,0.574173069349432,0.16115702479338842,0.0001,0.00003681788297172913,4.87603305785124,9.710743801652892,0.00048760330578512403,-0.9142053397511146,0,0,17424,726 days 01:00:00,1000.0,441.5686205331979,-55.84313794668021,34.915698157888286,100.0,161.51095371335825,60.92507468960466,635 days 19:00:00,117,1,20.046363067097275,20.75514806614526,-9.192802668893407,4.4868360859042,-2.2677043146431726,8 days 11:21:25.714285714,1 days 19:18:12.134831460,-4.94425420969145,-0.6583810597638026,-0.5530937004157177,0.9723988030864463,-0.09460354893921046,26.311725509387934,0.9844185657945598,0.3861267997772651,-0.007461921798605271,None,None,-0.000034720654018398574,-0.20999051550327458,-0.558431379466801,-0.24702023144155716,0.3838561586493619,-2.599370509338188,3 days 09:36:24.615384613,false
XMR-USD,false,38,75,118,23.931623931623932,0.5526123703381354,0.16115702479338842,0.0001,0.00003681788297172913,4.87603305785124,9.710743801652892,0.00048760330578512403,-0.985200475317252,0,0,17424,726 days 01:00:00,1000.0,420.65926951002734,-57.93407304899727,34.915698157888286,100.0,158.98734797093465,62.72960487579778,635 days 19:00:00,117,1,19.097118889370734,20.755148066145253,-9.192802668893387,4.322910426429271,-2.276641837831007,8 days 11:27:51.428571428,1 days 19:13:28.988764044,-5.11485341349866,-0.7103063058696427,-0.5626476823071583,0.9702395285364401,-0.10478080292208505,26.28814410547573,0.9830426893253751,0.3856858846918489,-0.007466933014796085,None,None,-0.000037486268293069456,-0.22671695063648406,-0.5793407304899743,-0.2595922466043076,0.3841355343076067,-2.6592557533009997,3 days 09:34:21.538461537,false
XMR-USD,false,15,89,164,23.92638036809816,0.5081499315975375,0.22451790633608815,0.0001,0.00003680981595092025,6.776859504132232,13.512396694214877,0.0006776859504132232,-1.2012336857483912,0,0,17424,726 days 01:00:00,1000.0,368.0818975317143,-63.191810246828574,34.915698157888286,100.0,191.36291234750084,65.78463117821539,722 days 11:00:00,163,1,17.479137764089387,22.16517146772854,-5.570763989160802,3.312383227674953,-1.8183109507101596,6 days 05:29:13.846153846,1 days 07:22:15.483870967,-3.9840321486648866,-0.863287562894966,-0.6003729714657654,0.9645049292635619,0.08567351696937535,22.852200994513385,0.9870217922082059,0.3941115289223138,-0.007555296026784056,None,None,-0.00004529683473874201,-0.2739552564999117,-0.6319181024682874,-0.293121553618374,0.3819181654008529,-2.809839515769558,2 days 11:37:54.846625766,false
XMR-USD,false,16,82,164,23.92638036809816,0.5229308413445796,0.22451790633608815,0.0001,0.00003680981595092025,6.776859504132232,13.512396694214877,0.0006776859504132232,-1.2603295620287605,0,0,17424,726 days 01:00:00,1000.0,354.33039309522223,-64.56696069047779,34.915698157888286,100.0,187.05987733796027,66.91146101095859,722 days 11:00:00,163,1,16.826118851394256,23.090623896344237,-7.172505688054683,3.668616271319267,-1.9535380382457521,6 days 06:24:36.923076923,1 days 06:55:38.709677419,-4.064390955559329,-0.9056467447713958,-0.6074065327824143,0.9627076360343384,0.09155679133744891,22.94484870095654,0.9874075265129235,0.39244046667732146,-0.007529929648075738,None,None,-0.00004749461064849758,-0.28724740520211334,-0.6456696069047803,-0.3024019112736349,0.38171870839201516,-2.8492243918052824,2 days 11:30:55.214723925,false
XMR-USD,false,24,53,164,23.92638036809816,0.5357504111953915,0.22451790633608815,0.0001,0.00003680981595092025,6.776859504132232,13.512396694214877,0.0006776859504132232,-1.185182122195764,0,0,17424,726 days 01:00:00,1000.0,373.0306655402403,-62.696933445975965,34.915698157888286,100.0,188.7125303904979,66.82511113662592,722 days 11:00:00,163,1,16.9265780036514,21.322008276614902,-7.172505688054693,3.819527129035528,-1.9536486189188347,5 days 20:50:46.153846153,1 days 09:28:32.903225806,-3.9502816715546674,-0.8493034737417194,-0.5849256247713671,0.9648625559041101,0.13365718096227613,23.27912304220651,0.9912863414122127,0.39044047239067986,-0.007517332111407929,None,None,-0.00004454309848459556,-0.26939665963483395,-0.6269693344597602,-0.28983727447988905,0.38174685501928163,-2.79566604002765,2 days 11:09:56.319018403,false
XMR-USD,false,25,51,164,23.92638036809816,0.5519329322103805,0.22451790633608815,0.0001,0.00003680981595092025,6.776859504132232,13.512396694214877,0.0006776859504132232,-1.103717570068037,0,0,17424,726 days 01:00:00,1000.0,393.64732923320287,-60.63526707667971,34.915698157888286,100.0,193.0485346813299,65.54653275071674,722 days 11:00:00,163,1,17.862076337732333,21.32200827661488,-7.172505688054688,3.847943697266243,-1.9182239066792557,5 days 18:26:09.230769230,1 days 10:13:32.903225806,-3.82953832579466,-0.7904010048284945,-0.5708605410273417,0.9672544184134435,0.13539839078056146,23.280004876543515,0.992744882146912,0.3906624102154829,-0.007489941431631889,None,None,-0.00004145531311366984,-0.2507217337114752,-0.6063526707667981,-0.27645291042906106,0.3817602095476997,-2.7366190646536093,2 days 11:09:34.233128832,false
XMR-USD,false,27,48,164,23.92638036809816,0.5401389809384551,0.22451790633608815,0.0001,0.00003680981595092025,6.776859504132232,13.512396694214877,0.0006776859504132232,-1.1681187850852244,0,0,17424,726 days 01:00:00,1000.0,377.36685162935805,-62.2633148370642,34.915698157888286,100.0,190.79008849097968,66.69009744509549,722 days 11:00:00,163,1,17.123336069022514,21.322008276614888,-7.172505688054693,3.83438232138213,-1.947481116434411,5 days 19:27:41.538461538,1 days 09:53:13.548387096,-3.924886407605305,-0.8369167318459805,-0.5807876368972685,0.9653658822688713,0.13445899879796996,23.29297011105837,0.9924119202792663,0.39010769844435583,-0.007523499489008743,None,None,-0.00004388471749976712,-0.26541477143859155,-0.6226331483706387,-0.28698284336517565,0.381670857705641,-2.783247024175498,2 days 11:08:50.061349692,false
XMR-USD,false,28,43,164,23.92638036809816,0.5317305070907222,0.22451790633608815,0.0001,0.00003680981595092025,6.776859504132232,13.512396694214877,0.0006776859504132232,-1.192822699058025,0,0,17424,726 days 01:00:00,1000.0,370.69407015693184,-62.93059298430681,34.915698157888286,100.0,187.41036997032734,68.75324815190575,722 days 11:00:00,163,1,16.820553036612182,22.18521442516039,-7.1255631390876015,3.812386491534524,-1.9543133626073634,5 days 18:35:23.076923076,1 days 10:17:25.161290322,-3.9639661526360745,-0.8543670054915838,-0.5713160080870671,0.9647003813479738,0.14613868579097233,23.07355156791173,0.9908851059845606,0.3912175648702595,-0.007569827638455754,None,None,-0.00004487077850072289,-0.271378468372372,-0.6293059298430667,-0.2913844019073428,0.3822760419624785,-2.8023581456036073,2 days 11:14:43.435582821,false
XMR-USD,false,31,41,164,23.92638036809816,0.535185709978479,0.22451790633608815,0.0001,0.00003680981595092025,6.776859504132232,13.512396694214877,0.0006776859504132232,-1.2075749269164462,0,0,17424,726 days 01:00:00,1000.0,366.3330197906105,-63.36669802093895,34.915698157888286,100.0,189.21545495988352,68.75524620804073,722 days 11:00:00,163,1,16.622666733896324,22.185214425160375,-8.222010603968487,3.8833732375465897,-1.9829728774329622,5 days 18:26:09.230769230,1 days 10:21:46.451612903,-3.989507036461876,-0.866039103249185,-0.5765379410739551,0.9641955491462423,0.1246402961569677,23.115528283025718,0.9897605953198111,0.3915508704679764,-0.007564556714894807,None,None,-0.00004552638939063686,-0.2753436030345717,-0.6336669802093915,-0.2942890985567461,0.3826340823457892,-2.8148483737714667,2 days 11:15:49.693251532,false
XMR-USD,false,11,28,344,23.9067055393586,0.46213965795548434,0.4724517906336088,0.0001,0.00003677954698362862,14.214876033057852,28.388429752066116,0.0014214876033057852,-2.608479811053772,0,0,17424,726 days 01:00:00,1000.0,144.06225731812253,-85.59377426818774,34.915698157888286,100.0,294.35096290309355,86.39593371434746,722 days 11:00:00,343,1,6.010083416563248,21.418077287554798,-11.595387641454286,2.5586475226088297,-1.5121010268145967,2 days 16:49:45.365853658,0 days 15:55:37.931034482,-2.512967423027522,-1.901846841584368,-0.7204552377917259,0.9221769369334054,-0.39988767944357523,36.86709390099807,1.012889275016317,0.37118350645262826,-0.007611928139435884,None,None,-0.00009923788170748785,-0.6001907085668865,-0.8559377426818764,-0.48956166564701087,0.37980431114586183,-3.4514410074555557,1 days 03:37:05.072886295,false
XMR-USD,false,21,60,160,23.89937106918239,0.5481290446561591,0.2190082644628099,0.0001,0.000036768263183357524,6.6115702479338845,13.181818181818182,0.0006611570247933885,-1.1669874434401328,0,0,17424,726 days 01:00:00,1000.0,378.3605778454481,-62.163942215455194,34.915698157888286,100.0,190.38869692648026,65.37358279341163,722 days 11:00:00,159,1,17.1684272260365,21.322008276614884,-7.172505688054693,3.867264587578055,-1.975898366797043,6 days 01:07:53.684210526,1 days 10:01:29.256198347,-4.017659430066599,-0.8359589528172743,-0.5912438589453699,0.9653803555802994,0.1353652799814244,23.388869265320906,0.9922623638437973,0.389442628179571,-0.007461921798605273,None,None,-0.00004376950635530939,-0.2647179744369112,-0.6216394221545505,-0.28633171141146274,0.38110499382396745,-2.7804009512956247,2 days 12:34:43.018867923,false
XMR-USD,false,21,61,160,23.89937106918239,0.550479573059289,0.2190082644628099,0.0001,0.000036768263183357524,6.6115702479338845,13.181818181818182,0.0006611570247933885,-1.1584793958925725,0,0,17424,726 days 01:00:00,1000.0,380.197473125868,-61.980252687413206,34.915698157888286,100.0,191.19515606329975,65.20547568588252,722 days 11:00:00,159,1,17.251777883558304,21.32200827661488,-7.172505688054698,3.867226072585882,-1.9717739289506413,6 days 01:09:28.421052631,1 days 10:01:29.256198347,-4.006630847532645,-0.8299182150438237,-0.5904746206108916,0.9656323196203028,0.13395790948392738,23.33609372716687,0.9931201124581515,0.3893318450007973,-0.007489941431631757,None,None,-0.00004347789666590758,-0.262954319035409,-0.6198025268741346,-0.2851310324807491,0.3813213955420154,-2.7751400074298784,2 days 12:35:05.660377357,false
XMR-USD,false,24,56,160,23.89937106918239,0.5549597019953239,0.2190082644628099,0.0001,0.000036768263183357524,6.6115702479338845,13.181818181818182,0.0006611570247933885,-1.1298336082247047,0,0,17424,726 days 01:00:00,1000.0,387.4153307443778,-61.25846692556222,34.915698157888286,100.0,191.82442806966958,64.5449191589328,722 days 11:00:00,159,1,17.579294201344226,21.322008276614902,-7.1725056880546925,3.860655567774867,-1.954436545280365,6 days 01:41:03.157894736,1 days 09:50:04.958677685,-3.9632953676538802,-0.8091696620818225,-0.5874666569554531,0.9664733137218836,0.13651725183707666,23.311845598994953,0.9917871226345903,0.389775083745414,-0.007505915383562018,None,None,-0.000042395939953794,-0.2564106448405461,-0.61258466925562,-0.28044945150413336,0.38136657031821136,-2.754467765431821,2 days 12:33:57.735849054,false
XMR-USD,false,11,29,340,23.893805309734514,0.4615334944683482,0.4669421487603306,0.0001,0.000036759700476514634,14.049586776859504,28.05785123966942,0.0014049586776859505,-2.5397789259811345,0,0,17424,726 days 01:00:00,1000.0,150.95512983882782,-84.90448701611722,34.915698157888286,100.0,292.8921768923783,85.81785490079062,722 days 11:00:00,339,1,6.297644777882766,21.418077287554794,-11.319358271246267,2.5696526657686705,-1.50556374430585,2 days 18:20:44.444444444,0 days 15:53:29.302325581,-2.523134262357095,-1.848893263556669,-0.7148488583957682,0.9242267371131466,-0.37814734394322064,36.82136351242553,1.0145529032800198,0.37118350645262826,-0.007614149279068288,None,None,-0.00009654055933715256,-0.5838773028710986,-0.8490448701611734,-0.481213880803789,0.3800632825213359,-3.4316995361851377,1 days 03:56:48.849557521,false
XMR-USD,false,16,20,340,23.893805309734514,0.4541489996295359,0.4669421487603306,0.0001,0.000036759700476514634,14.049586776859504,28.05785123966942,0.0014049586776859505,-2.711186409392064,0,0,17424,726 days 01:00:00,1000.0,134.38991530463704,-86.56100846953629,34.915698157888286,100.0,282.7790329087676,87.30931091902643,722 days 11:00:00,339,1,5.606566330153726,21.048957695732994,-11.595387641454272,2.582566480146309,-1.5535644386910554,2 days 16:54:48.888888888,0 days 16:19:18.139534883,-2.569960622494153,-1.9784478253290056,-0.7277664418749648,0.9191675254055227,-0.4047754927259951,36.88519540782629,1.009660572676504,0.3707520453115167,-0.00761548225861016,None,None,-0.00010322744841571398,-0.6243196080182382,-0.8656100846953643,-0.5017274590733092,0.3797768912267338,-3.4791429940225926,1 days 03:55:55.752212387,false
XMR-USD,false,35,75,114,23.893805309734514,0.6162107783995205,0.15564738292011018,0.0001,0.000036759700476514634,4.710743801652892,9.3801652892562,0.00047107438016528926,-0.737843679896285,0,0,17424,726 days 01:00:00,1000.0,496.6908636034112,-50.33091363965888,34.915698157888286,100.0,162.6534993505459,55.84853601597298,635 days 19:00:00,113,1,24.297317893327715,20.27319932391646,-8.039372144347572,4.776570110451271,-2.254513160872014,8 days 16:26:40,1 days 21:51:37.674418604,-4.669083666282448,-0.5305048888479585,-0.5310437130548671,0.9777210480825866,-0.0946068199297801,26.48427753883026,0.9843353971163542,0.38877819399059543,-0.007445281664846047,None,None,-0.00002797328049618183,-0.1691824004409077,-0.5033091363965895,-0.21564024250757063,0.38380617168425507,-2.4414981310716803,3 days 12:42:28.672566370,false
XMR-USD,false,36,75,114,23.893805309734514,0.6102458385763108,0.15564738292011018,0.0001,0.000036759700476514634,4.710743801652892,9.3801652892562,0.00047107438016528926,-0.7732205133221373,0,0,17424,726 days 01:00:00,1000.0,485.15873946972306,-51.48412605302769,34.915698157888286,100.0,162.3553499617542,57.351854281547446,635 days 19:00:00,113,1,22.02527033021846,20.27319932391646,-8.039372144347583,4.763833339726457,-2.2721863566819143,8 days 16:31:06.666666666,1 days 21:41:09.767441860,-4.751031246553054,-0.5561802694274467,-0.5315235024138044,0.9766383014390035,-0.09680851269845495,26.498597233809583,0.9852686851138661,0.38745123019348676,-0.007446826610916439,None,None,-0.000029323935880327293,-0.17735116420421948,-0.5148412605302723,-0.22200965333546474,0.38376434924451064,-2.4745266103578167,3 days 12:35:34.513274334,false
XMR-USD,false,30,34,181,23.88888888888889,0.5375816926710765,0.24793388429752067,0.0001,0.00003675213675213676,7.479338842975207,14.917355371900827,0.0007479338842975207,-1.336638323184909,0,0,17424,726 days 01:00:00,1000.0,337.5220341304696,-66.24779658695304,34.915698157888286,100.0,195.2519879317935,70.97215111687724,722 days 11:00:00,180,1,16.81690866278126,21.538862549074313,-7.125563139087611,3.9595081079666894,-1.9883218415211759,5 days 04:12:33.488372093,1 days 07:25:24.087591240,-3.773860414068391,-0.95976897879856,-0.5928396916344585,0.960435647643918,0.12246939074272639,23.280219888818912,0.9894684245743289,0.3907734056987789,-0.0076088082674559245,None,None,-0.00005030025214642306,-0.3042159249815667,-0.6624779658695313,-0.314070380148632,0.3814708856787839,-2.8973642253229897,2 days 05:35:19.999999999,false
XMR-USD,false,31,33,181,23.88888888888889,0.5372807638578928,0.24793388429752067,0.0001,0.00003675213675213676,7.479338842975207,14.917355371900827,0.0007479338842975207,-1.3361778622188736,0,0,17424,726 days 01:00:00,1000.0,337.615692585181,-66.2384307414819,34.915698157888286,100.0,195.24525974457583,70.95952949855477,722 days 11:00:00,180,1,16.82157516013291,21.53886254907429,-7.125563139087602,3.9532324665316985,-1.9863038794894075,5 days 04:13:57.209302325,1 days 07:24:57.810218978,-3.773366014305285,-0.9594298498770821,-0.5928312726761936,0.9604507021246759,0.12249865791963092,23.27772253789677,0.9894839341333473,0.3907734056987789,-0.007608808267455941,None,None,-0.000050283732445928175,-0.3041160138329736,-0.6623843074148212,-0.31400432235355413,0.3814803962480961,-2.8970959836447396,2 days 05:35:19.999999998,false
XMR-USD,false,22,80,135,23.88059701492537,0.6340883376493395,0.18457300275482094,0.0001,0.00003673938002296211,5.578512396694215,11.115702479338843,0.0005578512396694215,-0.6292958124028123,0,0,17424,726 days 01:00:00,1000.0,537.5319205273312,-46.24680794726688,34.915698157888286,100.0,184.69555748619916,52.23606765428572,635 days 19:00:00,134,1,23.8560972985764,22.53913899546883,-7.007675914303721,4.286940080636813,-1.9074077241944463,6 days 20:37:30,1 days 19:05:52.941176470,-3.6292849012779493,-0.44866027221475036,-0.5131969834455783,0.981336713624181,0.16625830184441626,23.037989444419097,0.9888915748716909,0.39522780046440864,-0.0074682943244753575,None,None,-0.000023555026889893534,-0.1424608026300761,-0.46246807947267043,-0.19382990572248626,0.38214126171395785,-2.324527659110222,3 days 00:07:09.850746267,false
XMR-USD,false,26,70,135,23.88059701492537,0.6378609147661752,0.18457300275482094,0.0001,0.00003673938002296211,5.578512396694215,11.115702479338843,0.0005578512396694215,-0.6351417057092005,0,0,17424,726 days 01:00:00,1000.0,535.4142920167055,-46.45857079832945,34.915698157888286,100.0,181.59997657752055,54.831512204902374,635 days 19:00:00,134,1,24.957543009971573,22.464577726885377,-7.430599770122943,4.49433638277075,-1.974479813312726,6 days 22:52:30,1 days 18:14:07.058823529,-3.653307843233323,-0.45340520452633337,-0.4915511565481062,0.9811059949140309,0.14694903254295882,23.097772408175338,0.9882731653314234,0.3943346403136753,-0.007466933014796003,None,None,-0.0000237925384003851,-0.14389727224552906,-0.46458570798328847,-0.1949336554037504,0.381955019982165,-2.330592634529158,2 days 23:59:59.999999999,false
XMR-USD,false,25,30,223,23.873873873873876,0.4815773609776699,0.30578512396694213,0.0001,0.000036729036729036737,9.214876033057852,18.388429752066116,0.0009214876033057852,-1.8549123580154987,0,0,17424,726 days 01:00:00,1000.0,242.7600201339078,-75.72399798660922,34.915698157888286,100.0,221.91062368224988,77.92318399641314,722 days 11:00:00,222,1,12.723032683832685,20.794840878311856,-6.9280260110262155,3.2301277195620295,-1.8113550248254804,4 days 03:22:38.490566037,1 days 02:01:25.207100591,-3.468301858332996,-1.3309809239194628,-0.6534523962080123,0.9458277853969702,0.21545832266772666,22.903625231052146,0.9997028206745694,0.38711988536857184,-0.007633162839139243,None,None,-0.00006935336686920304,-0.41944916282494,-0.757239979866092,-0.3882095855345288,0.3792745159071607,-3.168766542893869,1 days 19:32:09.729729728,false
XMR-USD,false,26,29,223,23.873873873873876,0.4783571335450077,0.30578512396694213,0.0001,0.000036729036729036737,9.214876033057852,18.388429752066116,0.0009214876033057852,-1.854393536984485,0,0,17424,726 days 01:00:00,1000.0,242.52184148069966,-75.74781585193003,34.915698157888286,100.0,219.47057653503356,77.94484417876093,722 days 11:00:00,222,1,12.710549760212558,20.794840878311856,-6.928026011026218,3.226631635366056,-1.810460495155616,4 days 03:20:22.641509434,1 days 02:03:11.715976331,-3.4693185057635705,-1.3306137527643798,-0.6535814695993264,0.9458494310523098,0.2147994728816888,22.84025621790748,0.9991093455834112,0.38745123019348676,-0.007633542887437828,None,None,-0.00006939040908324613,-0.4196731941354726,-0.7574781585192981,-0.38841798974536834,0.37958180296561983,-3.169448696382913,1 days 19:32:58.378378377,false
XMR-USD,false,18,80,156,23.870967741935484,0.542794115102882,0.21349862258953167,0.0001,0.00003672456575682382,6.446280991735537,12.851239669421489,0.0006446280991735538,-1.0805373156889806,0,0,17424,726 days 01:00:00,1000.0,399.2701574259903,-60.072984257400975,34.915698157888286,100.0,186.76442052948983,63.34958939102435,722 days 11:00:00,155,1,18.117216863159342,23.09062389634424,-7.172505688054677,3.6990753641043983,-1.9008285889669598,6 days 09:29:11.351351351,1 days 09:48:18.305084745,-3.992561673788182,-0.7753750282957007,-0.5835889186381845,0.9679799652454218,0.09524015572841808,22.952746408350084,0.9884579791562277,0.39299704212966663,-0.007505915383562006,None,None,-0.00004065006051556883,-0.2458515659981603,-0.6007298425740095,-0.27288232622978525,0.38159909035261247,-2.7205150527350708,2 days 14:22:27.096774192,false
XMR-USD,false,25,57,156,23.870967741935484,0.5899374537970408,0.21349862258953167,0.0001,0.00003672456575682382,6.446280991735537,12.851239669421489,0.0006446280991735538,-1.0489982288471449,0,0,17424,726 days 01:00:00,1000.0,408.54498101282525,-59.14550189871748,34.915698157888286,100.0,196.4257241383801,62.77161296991728,722 days 11:00:00,155,1,18.131553579786782,22.166403311106524,-7.172505688054686,4.182174190636654,-2.022615047081407,6 days 06:51:53.513513513,1 days 10:20:50.847457627,-3.932816597206201,-0.7509792330675595,-0.5773032363103324,0.9688640742746593,0.13857738259561506,23.272527967420185,0.988233449892551,0.3914397508584205,-0.007517332111407884,None,None,-0.00003934803246522085,-0.2379769003496557,-0.5914550189871781,-0.26706372823037294,0.38137571758793026,-2.69395157534191,2 days 14:09:40.645161290,false
XMR-USD,false,26,53,156,23.870967741935484,0.5628989518585268,0.21349862258953167,0.0001,0.00003672456575682382,6.446280991735537,12.851239669421489,0.0006446280991735538,-1.0743901527154454,0,0,17424,726 days 01:00:00,1000.0,401.07448693096444,-59.89255130690355,34.915698157888286,100.0,185.71111784573108,63.29487444365095,722 days 11:00:00,155,1,17.800007067143383,21.322008276614905,-7.172505688054691,4.069856642719153,-2.003395695975733,6 days 03:56:45.405405405,1 days 11:14:14.237288135,-3.9788743234592108,-0.7691392813352517,-0.5818335934663647,0.9680791504974281,0.1361908852787667,23.254471511833263,0.9908365303639853,0.3903295300406926,-0.007517332111407855,None,None,-0.00004036680473245256,-0.2441384350218731,-0.5989255130690364,-0.27174351140736996,0.3820122819895148,-2.7153473785937283,2 days 14:08:30.967741934,false
XMR-USD,false,35,86,110,23.853211009174313,0.5365800375582845,0.15013774104683195,0.0001,0.00003669724770642202,4.545454545454546,9.049586776859504,0.0004545454545454546,-1.0462919131648794,0,0,17424,726 days 01:00:00,1000.0,402.23856137153655,-59.77614386284634,34.915698157888286,100.0,147.05311642168581,64.85171532843816,635 days 19:00:00,109,1,18.260854295090155,20.564604478564057,-9.192802668893416,4.521732884344427,-2.453076265328498,8 days 16:27:41.538461538,2 days 01:20:14.457831325,-5.651580669023434,-0.7569627539900129,-0.5664456901406796,0.9681773919314548,-0.17436354264560766,26.797559200842706,0.9779812134244568,0.3844748132846019,-0.007466933014796007,None,None,-0.00004001332434179451,-0.2420005856191732,-0.5977614386284643,-0.27101057205112833,0.38475836273456987,-2.7120134213710827,3 days 15:17:36.880733944,false
XMR-USD,false,41,77,110,23.853211009174313,0.5681620743460631,0.15013774104683195,0.0001,0.00003669724770642202,4.545454545454546,9.049586776859504,0.0004545454545454546,-0.9680482582753569,0,0,17424,726 days 01:00:00,1000.0,424.70218108260735,-57.52978189173926,34.915698157888286,100.0,152.02272029068786,62.4149760041969,635 days 19:00:00,109,1,20.62193051611132,20.719911688454644,-9.192802668893389,4.770469778467479,-2.4642025738245783,8 days 17:16:09.230769230,2 days 00:54:13.012048192,-5.467153664527557,-0.6997705070482189,-0.5604869102060062,0.9705277479033229,-0.17100071125349287,26.94287730013693,0.9803716435040798,0.3835953628712085,-0.007460189988399835,None,None,-0.000036932874968098996,-0.22337002780706272,-0.5752978189173923,-0.257130087189431,0.3841629039390904,-2.647676687763493,3 days 15:09:21.467889906,false
XMR-USD,false,43,64,110,23.853211009174313,0.6120519391474372,0.15013774104683195,0.0001,0.00003669724770642202,4.545454545454546,9.049586776859504,0.0004545454545454546,-0.7612462815487714,0,0,17424,726 days 01:00:00,1000.0,488.5288499235731,-51.1471150076427,34.915698157888286,100.0,155.805232094453,56.76586048532564,635 days 19:00:00,109,1,22.178266839917228,20.273199323916458,-8.980670771710072,4.992069322411808,-2.357439109932658,8 days 20:43:50.769230769,2 days 00:40:28.915662650,-4.895866210241695,-0.5477366174001206,-0.5327412631630308,0.976996442277412,-0.10217696422792885,26.426086920551345,0.9844146381247869,0.38822498406628425,-0.007458196364188625,None,None,-0.000028904630513623605,-0.17481520534639555,-0.5114711500764284,-0.22013814712231494,0.3841082109869924,-2.4648744749813156,3 days 15:48:26.422018348,false
XMR-USD,false,43,69,110,23.853211009174313,0.5582569640053046,0.15013774104683195,0.0001,0.00003669724770642202,4.545454545454546,9.049586776859504,0.0004545454545454546,-0.9582377516921632,0,0,17424,726 days 01:00:00,1000.0,428.58333788073446,-57.141666211926555,34.915698157888286,100.0,149.42290241138952,61.87014205248271,635 days 19:00:00,109,1,19.456856298555067,20.239170473141623,-9.192802668893396,4.6205320383428266,-2.408725361292164,8 days 21:06:55.384615384,2 days 00:04:20.240963855,-5.420857967135967,-0.6908563772748118,-0.5606056603751296,0.9710013133436098,-0.1070938823690757,26.381346708207513,0.9820263076115501,0.3850250377553454,-0.0074619217986052885,None,None,-0.000036433111186104494,-0.22034745645356,-0.5714166621192632,-0.25478079310862856,0.38385431996388136,-2.6365608945733454,3 days 15:26:25.321100916,false
XMR-USD,false,44,62,110,23.853211009174313,0.6309027227143958,0.15013774104683195,0.0001,0.00003669724770642202,4.545454545454546,9.049586776859504,0.0004545454545454546,-0.6800385541729922,0,0,17424,726 days 01:00:00,1000.0,515.3970753620449,-48.460292463795504,34.915698157888286,100.0,159.23407702342672,54.1661485935074,635 days 19:00:00,109,1,23.39803241442263,20.563418258195433,-8.980670771710086,5.019166343547183,-2.3020561368890324,8 days 20:43:50.769230769,2 days 00:45:32.530120481,-4.66055923901264,-0.4889503064057794,-0.523176128161297,0.9794528809256345,-0.10003092248773914,26.363637554586727,0.9854741076526351,0.38899960143483453,-0.00745819636418857,None,None,-0.000025817786701252096,-0.15614597396917268,-0.4846029246379584,-0.20551067944550516,0.3843370303672541,-2.3879227688548217,3 days 15:52:17.614678898,false
XMR-USD,false,48,60,110,23.853211009174313,0.5987695529596958,0.15013774104683195,0.0001,0.00003669724770642202,4.545454545454546,9.049586776859504,0.0004545454545454546,-0.8237592602269197,0,0,17424,726 days 01:00:00,1000.0,468.73338178288384,-53.12666182171162,34.915698157888286,100.0,155.608241830172,58.77102546421706,635 days 19:00:00,109,1,21.27959079506553,20.27319932391645,-9.1928026688934,4.834374841633403,-2.360798068490326,8 days 20:20:46.153846153,2 days 00:38:18.795180722,-5.069231275341109,-0.5931653671719429,-0.5389928455296022,0.9750938650960251,-0.09986811996823204,26.308197685305252,0.983513672319305,0.38723031605763863,-0.007458196364188495,None,None,-0.00003128875932860455,-0.1892344164194003,-0.5312666182171228,-0.2312546854769103,0.3839463124761555,-2.521569512414548,3 days 15:41:17.064220182,false
XMR-USD,false,51,57,110,23.853211009174313,0.5909250911480927,0.15013774104683195,0.0001,0.00003669724770642202,4.545454545454546,9.049586776859504,0.0004545454545454546,-0.855691039371707,0,0,17424,726 days 01:00:00,1000.0,458.89134623817677,-54.110865376182325,34.915698157888286,100.0,153.58342821272367,59.21438936360034,635 days 19:00:00,109,1,20.83278137819559,20.319789931184356,-9.192802668893403,4.862723197265968,-2.3934236451812168,8 days 20:25:23.076923077,2 days 00:36:08.674698795,-5.155426010458893,-0.6162289595710517,-0.54720091891226,0.9741392722598328,-0.0994585195680977,26.30574702738831,0.9839608410542218,0.3867886987664147,-0.007461921798605248,None,None,-0.000032506021481275583,-0.19659641791875473,-0.541108653761824,-0.2368960216657715,0.38395440836614847,-2.5497575082558503,3 days 15:40:44.036697246,false
XMR-USD,false,52,56,110,23.853211009174313,0.5864068824280463,0.15013774104683195,0.0001,0.00003669724770642202,4.545454545454546,9.049586776859504,0.0004545454545454546,-0.8684729410686893,0,0,17424,726 days 01:00:00,1000.0,455.0663480579234,-54.49336519420767,34.915698157888286,100.0,151.8910717252913,58.95356206050012,635 days 19:00:00,109,1,20.65913384373141,20.319789931184367,-9.192802668893398,4.862723197265968,-2.403310578081364,8 days 20:25:23.076923077,2 days 00:34:41.927710843,-5.188924640236772,-0.6254913003215765,-0.5544366915541701,0.9737492825946387,-0.09950604068987459,26.321971264419517,0.9835689399000814,0.3866783383733885,-0.007461921798605372,None,None,-0.0000329898599033598,-0.19952267269552007,-0.5449336519420798,-0.23910977730145666,0.38389914237930994,-2.560712460847538,3 days 15:39:37.981651374,false
XMR-USD,false,53,55,110,23.853211009174313,0.5871924420235393,0.15013774104683195,0.0001,0.00003669724770642202,4.545454545454546,9.049586776859504,0.0004545454545454546,-0.868196370590854,0,0,17424,726 days 01:00:00,1000.0,455.1342197439337,-54.486578025606626,34.915698157888286,100.0,152.23157216122422,58.919680760958826,635 days 19:00:00,109,1,20.66221508727199,20.319789931184356,-9.19280266889341,4.862723197265966,-2.4031459925951424,8 days 20:25:23.076923077,2 days 00:36:08.674698795,-5.188330232507685,-0.6252980078094328,-0.5546698568148062,0.9737597350692352,-0.09945964280566853,26.317944989118544,0.9835774772540915,0.3867886987664147,-0.007466933014796057,None,None,-0.00003298060725670387,-0.19946671268854502,-0.5448657802560644,-0.23907039022268317,0.3839101082719749,-2.5605180735387014,3 days 15:40:44.036697246,false
XMR-USD,false,23,87,131,23.846153846153847,0.6343563608832676,0.1790633608815427,0.0001,0.00003668639053254438,5.413223140495868,10.78512396694215,0.0005413223140495868,-0.5799709904506679,0,0,17424,726 days 01:00:00,1000.0,551.593964707832,-44.8406035292168,34.915698157888286,100.0,182.29065809518076,49.050645587580206,722 days 12:00:00,130,1,25.71173445218176,20.753216922254335,-7.677465801481979,4.172019639023937,-1.8697950372326089,7 days 00:05:48.387096774,1 days 20:46:40,-3.6470597672642286,-0.41502916613698815,-0.5270262938213325,0.9825887838349352,-0.025681832092647232,26.395185220352243,0.9885716666267055,0.39422307569211074,-0.007450925614534924,None,None,-0.000021919840275180577,-0.13257119398429212,-0.44840603529216805,-0.18657155453792207,0.3844295044190164,-2.284253384436085,3 days 02:11:04.615384615,false
XMR-USD,false,24,85,131,23.846153846153847,0.6027629081025636,0.1790633608815427,0.0001,0.00003668639053254438,5.413223140495868,10.78512396694215,0.0005413223140495868,-0.7121171538924587,0,0,17424,726 days 01:00:00,1000.0,505.1096445843177,-49.48903554156823,34.915698157888286,100.0,178.85690424273793,52.75397636851219,722 days 12:00:00,130,1,23.54493682262637,20.447270518144972,-7.677465801481969,4.0768027218247385,-1.929574479488038,7 days 00:03:52.258064516,1 days 20:43:38.181818181,-3.987963786448529,-0.5114584758077952,-0.5508803604260015,0.9785835971727193,-0.07136004177885773,26.495024555415057,0.9837486750303103,0.3941115289223138,-0.007452411460490845,None,None,-0.000026990351657200634,-0.16323764682274944,-0.4948903554156795,-0.2110511175946056,0.3841104364363156,-2.4173863950186396,3 days 02:08:18.461538460,false
XMR-USD,false,27,72,131,23.846153846153847,0.6300421670901049,0.1790633608815427,0.0001,0.00003668639053254438,5.413223140495868,10.78512396694215,0.0005413223140495868,-0.6738448619447998,0,0,17424,726 days 01:00:00,1000.0,521.0380518169288,-47.89619481830712,34.915698157888286,100.0,178.41029470571664,56.50366539956634,635 days 19:00:00,130,1,24.287415898205154,22.46457772688537,-7.677465801481979,4.536732204387806,-2.025051078295815,7 days 04:01:56.129032258,1 days 19:30:54.545454545,-3.8711489544713524,-0.48153043942344953,-0.49457322863323866,0.9799282487373211,0.1373275393950371,23.233334210933478,0.9880943174767991,0.39344262295081966,-0.007468588115302638,None,None,-0.000025312214263255305,-0.1530882718641681,-0.4789619481830705,-0.20250325869613406,0.38261706555610625,-2.371766779564917,3 days 02:09:41.538461537,false
XMR-USD,false,27,74,131,23.846153846153847,0.570288387767541,0.1790633608815427,0.0001,0.00003668639053254438,5.413223140495868,10.78512396694215,0.0005413223140495868,-0.8732342800001276,0,0,17424,726 days 01:00:00,1000.0,451.47430225451967,-54.85256977454803,34.915698157888286,100.0,171.13135732947163,58.77228150974479,635 days 19:00:00,130,1,21.044804900468534,18.666461141192787,-7.6774658014819845,4.09563448648128,-2.04718717323717,7 days 02:32:54.193548387,1 days 19:51:30.909090909,-4.381311558814994,-0.6288809421452736,-0.5607007546036046,0.9737046655438245,-0.10323014425348409,26.220735487307653,0.982625005517252,0.39255174618396876,-0.007487835016430332,None,None,-0.000033327420143191506,-0.20156423702602222,-0.5485256977454767,-0.2411997985642811,0.3857369186348265,-2.571000228221286,3 days 02:04:09.230769229,false
XMR-USD,false,37,57,131,23.846153846153847,0.6399870489634577,0.1790633608815427,0.0001,0.00003668639053254438,5.413223140495868,10.78512396694215,0.0005413223140495868,-0.6899524695917602,0,0,17424,726 days 01:00:00,1000.0,515.8979914730412,-48.41020085269588,34.915698157888286,100.0,180.3400818386574,52.34463806522036,635 days 19:00:00,130,1,24.300996520352896,22.464577726885366,-8.721267796798294,4.644367693724698,-2.065112498446421,7 days 00:52:15.483870967,1 days 20:27:52.727272727,-3.910792346517784,-0.49260970694396766,-0.5407130794751421,0.9794375345597843,0.152667308922207,23.266092912619424,0.9874069205204011,0.39299704212966663,-0.007468588115302503,None,None,-0.00002588795873703614,-0.15657037444159458,-0.48410200852695573,-0.20524275498358824,0.38251880170564795,-2.3864881244472227,3 days 02:07:50.769230768,false
XMR-USD,false,41,51,131,23.846153846153847,0.6311376532226016,0.1790633608815427,0.0001,0.00003668639053254438,5.413223140495868,10.78512396694215,0.0005413223140495868,-0.7394192910426323,0,0,17424,726 days 01:00:00,1000.0,498.5524882286591,-50.14475117713408,34.915698157888286,100.0,177.29634977154598,54.12716227324711,635 days 19:00:00,130,1,23.483949311500737,22.46457772688538,-8.721267796798319,4.693889975196545,-2.1120207727929143,7 days 00:19:21.290322580,1 days 20:40:36.363636363,-4.037934316021854,-0.528427020932319,-0.545485750180506,0.9779631652451378,0.1450689116315805,23.14174058661425,0.9863167249238635,0.393108410617205,-0.007492505718021409,None,None,-0.000027813010505921863,-0.16821308753981543,-0.5014475117713373,-0.2146211124248245,0.383107740846211,-2.436166361342117,3 days 02:09:41.538461537,false
XMR-USD,false,17,83,152,23.841059602649008,0.5431517536918308,0.20798898071625344,0.0001,0.00003667855323484463,6.2809917355371905,12.520661157024794,0.000628099173553719,-1.034356557605302,0,0,17424,726 days 01:00:00,1000.0,411.54826390535914,-58.845173609464084,34.915698157888286,100.0,183.5056378478599,61.56826780466113,722 days 11:00:00,151,1,19.543228965107687,22.165171467728534,-7.17250568805469,3.7093971445052554,-1.898991074307418,6 days 13:55:00,1 days 10:54:15.652173913,-4.026456722249992,-0.7420761420173498,-0.5847662495711574,0.969341489320871,0.09468373435085953,22.93518515104761,0.9882593146867594,0.39333120102350866,-0.007520747578736295,None,None,-0.00003890903887267853,-0.23532186710195976,-0.5884517360946413,-0.2651981120637169,0.38164535262734584,-2.6853500492347897,2 days 16:13:54.437086092,false
XMR-USD,false,24,64,152,23.841059602649008,0.5864157376959599,0.20798898071625344,0.0001,0.00003667855323484463,6.2809917355371905,12.520661157024794,0.000628099173553719,-0.9760860680569191,0,0,17424,726 days 01:00:00,1000.0,428.6408431222344,-57.13591568777656,34.915698157888286,100.0,192.62473379129705,60.65355095535928,722 days 11:00:00,151,1,19.023424040820146,22.09083756125399,-7.172505688054681,4.074128138272509,-1.9682616867215497,6 days 11:50:00,1 days 11:03:07.826086956,-3.909818416679369,-0.6996473606896317,-0.57177767355442,0.9710062589687264,0.10993990524931713,23.037414750886505,0.9872193547201882,0.39244046667732146,-0.0074669330147960535,None,None,-0.00003661799151997223,-0.22146561271279205,-0.5713591568777654,-0.2547460893781326,0.38095463676890695,-2.6363961971892635,2 days 15:50:51.655629137,false
XMR-USD,false,16,19,345,23.837209302325583,0.4502983866935869,0.4738292011019284,0.0001,0.00003667262969588551,14.25619834710744,28.47107438016529,0.001425619834710744,-2.8394014506894734,0,0,17424,726 days 01:00:00,1000.0,123.64202551104927,-87.63579744889508,34.915698157888286,100.0,287.6658685128754,88.37080162174212,722 days 11:00:00,344,1,5.1581788384261955,20.156325661778833,-11.59538764145427,2.4957424010584326,-1.546225935374105,2 days 15:27:04.390243902,0 days 16:12:35.725190839,-2.562546957347029,-2.075325895226122,-0.7359560837209399,0.915327708355691,-0.41927900681455116,37.12742160490948,1.0088477807291942,0.369136481496032,-0.007615090235589393,None,None,-0.00010805909355585027,-0.6535413978257825,-0.8763579744889503,-0.5159366647643414,0.3789945453117759,-3.5099253938044503,1 days 03:28:15.348837207,false
XMR-USD,false,17,18,345,23.837209302325583,0.4468323847386572,0.4738292011019284,0.0001,0.00003667262969588551,14.25619834710744,28.47107438016529,0.001425619834710744,-2.844116818529792,0,0,17424,726 days 01:00:00,1000.0,123.32607432673046,-87.66739256732696,34.915698157888286,100.0,285.0486048677247,88.40051853219488,722 days 11:00:00,344,1,5.14499778039837,20.156325661778844,-11.59538764145427,2.4888110518711,-1.5450459949414712,2 days 15:27:48.292682926,0 days 16:11:54.503816793,-2.5634271030629874,-2.0789534510583314,-0.7362170940913393,0.9151806987738028,-0.4200947446383594,37.172754495310386,1.0091153446019459,0.36892136067248016,-0.007614149279068295,None,None,-0.00010821346650045506,-0.6544750453947522,-0.8766739256732707,-0.5163663572077659,0.3788737254589368,-3.510830291031165,1 days 03:27:54.418604649,false
XMR-USD,false,25,43,173,23.837209302325583,0.5180349273546837,0.2369146005509642,0.0001,0.00003667262969588551,7.148760330578512,14.25619834710744,0.0007148760330578513,-1.3505324112563797,0,0,17424,726 days 01:00:00,1000.0,334.89246246313246,-66.51075375368676,34.915698157888286,100.0,190.99547671068237,71.37393283223557,722 days 11:00:00,172,1,15.196025186046313,20.68021897104222,-7.125563139087589,3.758607916557296,-1.9673540023845213,5 days 09:16:05.853658536,1 days 09:12:49.465648854,-3.9552532716448496,-0.9697119385058052,-0.5926872588335497,0.9600033393533033,0.1268321592739272,23.359421547817885,0.9918266544699874,0.389775083745414,-0.0075818895986902255,None,None,-0.00005077239899932332,-0.30707146914790745,-0.6651075375368659,-0.315929936542794,0.38110345521259215,-2.904895427063382,2 days 08:06:37.674418603,false
XMR-USD,false,28,41,173,23.837209302325583,0.5375826606172877,0.2369146005509642,0.0001,0.00003667262969588551,7.148760330578512,14.25619834710744,0.0007148760330578513,-1.2439525588837625,0,0,17424,726 days 01:00:00,1000.0,359.22524286690395,-64.07747571330961,34.915698157888286,100.0,197.31893016701886,69.4631287510269,722 days 11:00:00,172,1,16.300145419576324,22.18521442516038,-7.1255631390876,3.8053855783890373,-1.9256913245931861,5 days 12:42:26.341463414,1 days 08:12:21.984732824,-3.820202921817864,-0.8918794817398629,-0.57917972924341,0.963179991395124,0.13922386996498687,23.24158230190393,0.9908846790301119,0.3914397508584205,-0.007566994865923223,None,None,-0.00004673071288363065,-0.28262735152019813,-0.6407747571330931,-0.2990720428511239,0.38137671868305945,-2.835205340118138,2 days 08:09:46.046511627,false
XMR-USD,false,8,25,442,23.809523809523807,0.42227776900153596,0.6074380165289256,0.0001,0.00003663003663003663,18.264462809917354,36.48760330578512,0.0018264462809917355,-3.45840829429699,0,0,17424,726 days 01:00:00,1000.0,79.80745008587633,-92.01925499141237,34.915698157888286,100.0,322.9048613920237,92.40815072370917,725 days 02:00:00,441,1,3.3294593685293847,18.966464643100238,-11.520637103641052,2.03271998033036,-1.3660721693433227,2 days 03:14:17.142857142,0 days 12:02:08.571428571,-2.094154216060438,-2.543099580232788,-0.7785439659974005,0.8971866708891406,-0.4497332545573548,36.579955115809256,1.0093110465503523,0.3673101067168863,-0.007640234107482112,None,None,-0.00013306118876742546,-0.8047540696653892,-0.9201925499141247,-0.5841727165663224,0.3808429997363546,-3.6354694262535614,0 days 21:22:10.612244896,false
XMR-USD,false,21,72,148,23.809523809523807,0.6051877745481142,0.2024793388429752,0.0001,0.00003663003663003663,6.115702479338843,12.190082644628099,0.0006115702479338843,-0.8277074834650185,0,0,17424,726 days 01:00:00,1000.0,473.47856626596797,-52.652143373403206,34.915698157888286,100.0,193.74686373895028,57.2876403194572,635 days 19:00:00,147,1,21.013358117505618,22.090837561254002,-7.172505688054681,4.0614341007892705,-1.8962379615777822,6 days 13:25:42.857142857,1 days 12:56:15,-3.7247264751805256,-0.5921865775586218,-0.5468948815915852,0.9754214454744667,0.12128670551133325,23.11308013464448,0.9905042592803777,0.39288569144684243,-0.007460189988399753,None,None,-0.00003094612682249444,-0.18716217502244636,-0.5265214337340345,-0.22856241296355606,0.38036950015916415,-2.5079791082885117,2 days 17:37:33.061224489,false
XMR-USD,false,29,75,127,23.809523809523807,0.6184042234432038,0.17355371900826447,0.0001,0.00003663003663003663,5.247933884297521,10.454545454545455,0.0005247933884297522,-0.6853369989857261,0,0,17424,726 days 01:00:00,1000.0,512.742548541814,-48.7257451458186,34.915698157888286,100.0,175.65866207478746,52.435043586565754,635 days 19:00:00,126,1,24.15236169533057,19.59368917755768,-7.780175558306746,4.363153529551942,-2.0102183243659075,7 days 08:54:00,1 days 21:08:07.500000,-4.05880804090093,-0.4919974569970729,-0.5439916313432012,0.979379893834952,-0.07100159016339715,26.235524771483853,0.9863498605458555,0.39321979691372827,-0.007477415365825861,None,None,-0.000026049019409410095,-0.15754446938811226,-0.48725745145817845,-0.20693334858596502,0.38537759811938177,-2.3955254431826476,3 days 04:30:28.571428571,false
XMR-USD,false,30,73,127,23.809523809523807,0.6209913512191959,0.17355371900826447,0.0001,0.00003663003663003663,5.247933884297521,10.454545454545455,0.0005247933884297522,-0.6965920017531451,0,0,17424,726 days 01:00:00,1000.0,508.5665236256136,-49.14334763743864,34.915698157888286,100.0,176.03993999623682,53.46701186933406,635 days 19:00:00,126,1,23.95565310441765,19.80177524688634,-8.039372144347585,4.419688081558981,-2.035133066758065,7 days 08:50:00,1 days 21:10:00,-4.09038991649845,-0.5002797460015346,-0.538976699360672,0.9790401879302243,-0.0738758304540558,26.17623359371489,0.9854079289899336,0.39344262295081966,-0.007500231718143023,None,None,-0.000026503436598548757,-0.16029278454802287,-0.4914334763743887,-0.20918121646318266,0.3856090469525787,-2.4074857508279837,3 days 04:30:57.142857142,false
XMR-USD,false,40,81,106,23.809523809523807,0.5639102460348538,0.1446280991735537,0.0001,0.00003663003663003663,4.380165289256198,8.71900826446281,0.0004380165289256199,-0.9549564625262661,0,0,17424,726 days 01:00:00,1000.0,428.21915679790686,-57.17808432020931,34.915698157888286,100.0,146.01239286817415,62.23262388362738,635 days 19:00:00,105,1,20.79270154592541,20.674404149974876,-9.192802668893417,4.856711359944737,-2.5172934458997145,8 days 22:31:12,2 days 03:35:15,-5.6435575690287525,-0.6901840005536819,-0.5577887786633381,0.9709203875785938,-0.1693755990279151,26.88185518369147,0.9779545862052239,0.3835953628712085,-0.007458196364188582,None,None,-0.00003644653100558853,-0.22042861952179943,-0.5717808432020934,-0.25500064269280887,0.384369797686529,-2.637603924219153,3 days 18:22:51.428571427,false
XMR-USD,false,40,84,106,23.809523809523807,0.5786912553530207,0.1446280991735537,0.0001,0.00003663003663003663,4.380165289256198,8.71900826446281,0.0004380165289256199,-0.8635982703985168,0,0,17424,726 days 01:00:00,1000.0,456.19915905197126,-54.380084094802875,34.915698157888286,100.0,150.70849821025806,60.382688294851995,635 days 19:00:00,105,1,22.151304557695028,20.21756363541449,-9.192802668893405,4.795697863440746,-2.4200074865471333,8 days 23:00:00,2 days 03:21:45,-5.390020433387844,-0.622893638209111,-0.5399201444973164,0.9737505433309654,-0.14120987405385757,26.834909853581426,0.979595868472054,0.3835953628712085,-0.00746018998839972,None,None,-0.00003284859588435473,-0.19866830790857742,-0.5438008409480302,-0.23845288958463562,0.383849394041596,-2.5574680434255366,3 days 18:19:25.714285714,false
XMR-USD,false,41,81,106,23.809523809523807,0.5641044909682454,0.1446280991735537,0.0001,0.00003663003663003663,4.380165289256198,8.71900826446281,0.0004380165289256199,-0.9136630379413256,0,0,17424,726 days 01:00:00,1000.0,441.6698015715323,-55.833019842846774,34.915698157888286,100.0,148.59361277534063,61.41495614445618,635 days 19:00:00,105,1,21.445813948625016,20.48709055027732,-9.192802668893412,4.69322417000305,-2.4303336802718616,8 days 22:45:36,2 days 03:24:00,-5.521676308353265,-0.6597084778477821,-0.5485575475444383,0.9722107079294239,-0.1513581017220727,26.95702014855872,0.9798674969245154,0.3829365079365079,-0.007458196364188638,None,None,-0.00003474037066524606,-0.21010976178340815,-0.5583301984284712,-0.24696035020670237,0.38330133072371725,-2.5990807226700916,3 days 18:17:42.857142856,false
XMR-USD,false,41,82,106,23.809523809523807,0.5632905115992515,0.1446280991735537,0.0001,0.00003663003663003663,4.380165289256198,8.71900826446281,0.0004380165289256199,-0.9445672725825984,0,0,17424,726 days 01:00:00,1000.0,432.49824694495203,-56.750175305504804,34.915698157888286,100.0,149.03644097095923,62.48012046783068,635 days 19:00:00,105,1,21.000477968122254,20.217563635414486,-9.192802668893385,4.719603626850666,-2.4622768572539817,8 days 22:55:12,2 days 03:21:00,-5.604783152601621,-0.681974954606855,-0.5503429115799914,0.9712943975099753,-0.14820475175727885,26.90370196312071,0.9789439699670491,0.3829365079365079,-0.007466933014796062,None,None,-0.00003593186430846985,-0.21731591533762568,-0.5675017530550504,-0.2524250988843746,0.3835034451441474,-2.6253484335006374,3 days 18:17:42.857142856,false
XMR-USD,false,44,74,106,23.809523809523807,0.5531275208030311,0.1446280991735537,0.0001,0.00003663003663003663,4.380165289256198,8.71900826446281,0.0004380165289256199,-0.9956314557411378,0,0,17424,726 days 01:00:00,1000.0,417.78723548975995,-58.221276451024,34.915698157888286,100.0,144.91712879136264,62.898538602831565,635 days 19:00:00,105,1,20.28616692955552,20.564604478564064,-9.192802668893405,4.752811848303895,-2.513122572084735,8 days 21:33:36,2 days 03:55:30,-5.738085061331381,-0.7195119683705075,-0.5646734671248577,0.9697281297212189,-0.15610431319356363,26.910847192618437,0.9781622944444125,0.38337567481740237,-0.007477354898302096,None,None,-0.00003791436708010736,-0.22930609210048933,-0.5822127645102385,-0.26135073548846677,0.38355154145186765,-2.6674813772231682,3 days 18:24:34.285714285,false
XMR-USD,false,45,70,106,23.809523809523807,0.5905940401569826,0.1446280991735537,0.0001,0.00003663003663003663,4.380165289256198,8.71900826446281,0.0004380165289256199,-0.8404147782920112,0,0,17424,726 days 01:00:00,1000.0,465.887744327719,-53.411225567228094,34.915698157888286,100.0,151.6624325308634,58.77657278042461,635 days 19:00:00,105,1,22.62174558968269,20.401051514359676,-9.192802668893401,4.822102316815974,-2.4041181306023445,8 days 21:33:36,2 days 03:51:00,-5.302228583447284,-0.6049340929094421,-0.542495044892475,0.9745008240905012,-0.08466762255292444,26.656532818461304,0.9837933278028063,0.3828267597809698,-0.007446826610916404,None,None,-0.000031755939439060564,-0.1920599217274383,-0.5341122556722764,-0.23287775796964538,0.38209807363829296,-2.529719535485251,3 days 18:21:08.571428570,false
XMR-USD,false,47,67,106,23.809523809523807,0.5928916324522019,0.1446280991735537,0.0001,0.00003663003663003663,4.380165289256198,8.71900826446281,0.0004380165289256199,-0.8181786959982389,0,0,17424,726 days 01:00:00,1000.0,472.81987537808766,-52.71801246219123,34.915698157888286,100.0,152.79462156883196,58.0006562937143,635 days 19:00:00,105,1,22.958343637012888,20.237563436749493,-9.1928026688934,4.7712825446192,-2.3707330561451245,8 days 21:26:24,2 days 03:53:15,-5.239413983418344,-0.5890181211401688,-0.5410000858433647,0.9751735409242872,-0.08912109564674628,26.656816609165883,0.9828488919091924,0.38326585695006754,-0.007451445542635838,None,None,-0.00003091356024134561,-0.18696521233965827,-0.5271801246219114,-0.22893507784405331,0.3820131500299987,-2.509865626166234,3 days 18:21:08.571428571,false
XMR-USD,false,48,62,106,23.809523809523807,0.5746229045358093,0.1446280991735537,0.0001,0.00003663003663003663,4.380165289256198,8.71900826446281,0.0004380165289256199,-0.8990632090687618,0,0,17424,726 days 01:00:00,1000.0,445.5477027352058,-55.44522972647942,34.915698157888286,100.0,147.83897462733222,60.22693392589494,635 days 19:00:00,105,1,20.22700571873986,20.755148066145264,-9.192802668893423,4.850410431567603,-2.4608275854676056,9 days 00:57:36,2 days 03:26:15,-5.473136218890799,-0.6482120624227179,-0.5545289976211473,0.9727732463806084,-0.11017298293190664,26.348098210267377,0.980186760307711,0.38623707239459026,-0.007466933014795967,None,None,-0.00003419654365157335,-0.20682069600471562,-0.5544522972647925,-0.24467203808544657,0.3839927711944855,-2.587974253751332,3 days 18:50:51.428571428,false
XMR-USD,false,50,63,106,23.809523809523807,0.5956565518864949,0.1446280991735537,0.0001,0.00003663003663003663,4.380165289256198,8.71900826446281,0.0004380165289256199,-0.8128203090479206,0,0,17424,726 days 01:00:00,1000.0,474.4393882796488,-52.556061172035115,34.915698157888286,100.0,153.4783163140286,57.85679922989046,635 days 19:00:00,105,1,23.03698105403953,20.237563436749493,-9.192802668893405,4.81179786352995,-2.378724740231746,8 days 21:21:36,2 days 03:57:00,-5.2247389788037175,-0.5851524274148759,-0.540304649086952,0.9753456828483343,-0.08915616800775626,26.642486232367624,0.9816017797174209,0.3838151207115629,-0.0074514455426357784,None,None,-0.00003071440506799745,-0.1857607218512486,-0.5255606117203517,-0.22801941908937517,0.3820595333458526,-2.505227274401828,3 days 18:22:51.428571427,false
XMR-USD,false,52,58,106,23.809523809523807,0.5943169088117303,0.1446280991735537,0.0001,0.00003663003663003663,4.380165289256198,8.71900826446281,0.0004380165289256199,-0.7782239281850108,0,0,17424,726 days 01:00:00,1000.0,484.4998323350393,-51.55001676649608,34.915698157888286,100.0,150.81242069708895,56.74976276152696,635 days 19:00:00,105,1,23.525478140969085,20.755148066145264,-9.192802668893405,4.858509903530143,-2.366212758896486,9 days 00:57:36,2 days 03:20:15,-5.133577579104088,-0.559740699804784,-0.537999389681386,0.9764536258985448,-0.08014031884942226,26.41855927478839,0.9824885679621943,0.3861267997772651,-0.007452411460490758,None,None,-0.00002945190905684782,-0.1781251459758156,-0.5155001676649631,-0.22237655206618756,0.3829874197829888,-2.476413747575307,3 days 18:46:17.142857142,false
XMR-USD,false,13,16,438,23.79862700228833,0.41308693696870885,0.6019283746556474,0.0001,0.000036613272311212814,18.09917355371901,36.15702479338843,0.001809917355371901,-3.5977452169800994,0,0,17424,726 days 01:00:00,1000.0,72.91804112606724,-92.70819588739327,34.915698157888286,100.0,312.58561941430173,93.0320906160002,725 days 03:00:00,437,1,3.0420425023072113,19.69681006510062,-11.520637103641034,2.086110577501402,-1.4157140281035725,2 days 01:51:55.384615384,0 days 12:41:04.864864864,-2.128430209098944,-2.645039962854924,-0.7867039753484106,0.8931855042513873,-0.43874498481895885,36.70122399947102,1.0119571105095158,0.3645262333594362,-0.007671755985349974,None,None,-0.0001382645404545906,-0.8362239406693639,-0.9270819588739333,-0.5970007663140546,0.3804841070506591,-3.65520097774268,0 days 21:31:59.450800914,false
XMR-USD,false,14,15,438,23.79862700228833,0.41120736648360995,0.6019283746556474,0.0001,0.000036613272311212814,18.09917355371901,36.15702479338843,0.001809917355371901,-3.650240279111945,0,0,17424,726 days 01:00:00,1000.0,70.32897221482642,-92.96710277851736,34.915698157888286,100.0,311.2491010359539,93.27949711902554,725 days 03:00:00,437,1,2.934030033132686,19.696810065100607,-11.520637103641045,2.0750447445451243,-1.4231695686780943,2 days 01:50:11.538461538,0 days 12:41:58.918918918,-2.1341076837947526,-2.6840091711687935,-0.7897941427828554,0.8917341406020701,-0.4346718246258111,36.6223968671913,1.0111046540518065,0.36441938767520166,-0.007684856761732464,None,None,-0.0001403336228978542,-0.8487377512862222,-0.929671027785174,-0.6020260042576585,0.380570995345734,-3.6626161779186384,0 days 21:32:15.926773454,false
XMR-USD,false,10,30,354,23.79603399433428,0.45130570363004063,0.48622589531680444,0.0001,0.000036609283068206585,14.62809917355372,29.214876033057852,0.001462809917355372,-2.711455092169268,0,0,17424,726 days 01:00:00,1000.0,134.43342526434526,-86.55665747356548,34.915698157888286,100.0,297.0734055504346,87.37005926649677,722 days 11:00:00,353,1,5.608381507093014,21.41807728755482,-11.595387641454282,2.489002009247536,-1.49001939633041,2 days 16:29:17.142857142,0 days 15:02:40.594795539,-2.4679177230672713,-1.9768693960700308,-0.7271925117422964,0.9192291180798327,-0.38412253742879626,36.83782310779867,1.0118933436927187,0.3706442224494611,-0.007624566622412828,None,None,-0.00010319752290131747,-0.624138618507168,-0.8655665747356558,-0.5016714727361905,0.3799699389047779,-3.4790183797029495,1 days 02:48:36.713881018,false
XMR-USD,false,11,26,350,23.78223495702006,0.45231777439497745,0.4807162534435262,0.0001,0.00003658805378003086,14.462809917355372,28.884297520661157,0.0014462809917355373,-2.77470799880501,0,0,17424,726 days 01:00:00,1000.0,129.23641867355127,-87.07635813264487,34.915698157888286,100.0,295.8782599224308,87.79596516891338,722 days 11:00:00,349,1,5.391569389133949,21.048957695732987,-11.595387641454279,2.447596501403775,-1.5012822238374952,2 days 16:02:53.493975903,0 days 15:36:05.413533834,-2.510473211219428,-2.0272427651252576,-0.7318159512947362,0.9173067788946069,-0.41774674545000257,37.12879976399399,1.0089790667917746,0.3707520453115167,-0.007614149279068332,None,None,-0.00010552641816173146,-0.6382237770421518,-0.8707635813264493,-0.508444233072962,0.3788902088008364,-3.493902820985759,1 days 03:07:23.553008594,false
XMR-USD,false,20,60,165,23.78048780487805,0.5336180409215182,0.22589531680440772,0.0001,0.000036585365853658535,6.818181818181818,13.59504132231405,0.0006818181818181819,-1.2359176671156609,0,0,17424,726 days 01:00:00,1000.0,362.4498657406956,-63.75501342593044,34.915698157888286,100.0,191.2097351566789,66.92769628919768,722 days 11:00:00,164,1,16.446465375675814,21.322008276614895,-7.1255631390876015,3.7768492270549126,-1.950057077902127,5 days 20:13:50.769230769,1 days 09:20:38.400000,-3.9877841441157313,-0.8858944478664796,-0.5970998050906068,0.9633720674577803,0.14045502353388375,23.470524728140497,0.9901707177286417,0.3899968091895341,-0.0074878350164304455,None,None,-0.000046285828192820484,-0.2799366889101783,-0.6375501342593013,-0.2968945527849176,0.3802979667223964,-2.825969887173133,2 days 10:45:43.902439024,false
XMR-USD,false,29,43,165,23.78048780487805,0.5437067444031973,0.22589531680440772,0.0001,0.000036585365853658535,6.818181818181818,13.59504132231405,0.0006818181818181819,-1.1703028391762882,0,0,17424,726 days 01:00:00,1000.0,376.00540544309865,-62.399459455690135,34.915698157888286,100.0,192.49262777502597,67.83132323150838,722 days 11:00:00,164,1,17.06155931124283,22.185214425160364,-8.22201060396849,3.8675946182563634,-1.9425188694681577,5 days 18:06:09.230769230,1 days 10:09:35.999999999,-3.9088789870008815,-0.8386908255152079,-0.5726558634107825,0.965305958526386,0.13360114342183282,23.146569735878543,0.9899110247612545,0.3916620078268509,-0.00756687391413539,None,None,-0.00004405161842300863,-0.2664241882223562,-0.6239945945569008,-0.2878767412802231,0.3823119919813206,-2.787146262220525,2 days 10:52:40.975609754,false
XMR-USD,false,30,40,165,23.78048780487805,0.5350956027195204,0.22589531680440772,0.0001,0.000036585365853658535,6.818181818181818,13.59504132231405,0.0006818181818181819,-1.2437851183562658,0,0,17424,726 days 01:00:00,1000.0,358.54749169616116,-64.14525083038389,34.915698157888286,100.0,188.49118314934864,69.41225339315777,722 days 11:00:00,164,1,16.269391894146906,22.185214425160364,-8.175598214953212,3.9708810873007603,-2.010784041617345,5 days 17:16:55.384615384,1 days 10:27:21.600000,-4.010499391451127,-0.8918838023906107,-0.580421333511839,0.9632007534630874,0.13655253611368917,23.10446027696352,0.9903276318259233,0.3912175648702595,-0.0075818895986903756,None,None,-0.00004680226604476008,-0.28306010503870893,-0.6414525083038384,-0.2995313291571,0.381958824943044,-2.8371464474323265,2 days 10:54:30.731707316,false
XMR-USD,false,28,85,123,23.770491803278688,0.5973591648113036,0.16804407713498623,0.0001,0.00003656998738965952,5.082644628099174,10.12396694214876,0.0005082644628099174,-0.8091428338747323,0,0,17424,726 days 01:00:00,1000.0,473.4202661848193,-52.657973381518076,34.915698157888286,100.0,166.22174988726806,57.63359346169258,635 days 19:00:00,122,1,22.300114424506376,20.273199323916476,-8.039372144347578,4.555947200017743,-2.170360618353442,8 days 02:22:45.517241379,1 days 18:32:54.193548387,-4.499015149505629,-0.5818923186132916,-0.543685830843476,0.9756042695984172,-0.08120898725916738,26.5386508994677,0.9853882665714657,0.38966424754765133,-0.007460189988399803,None,None,-0.000030707712571884733,-0.18572024563475886,-0.526579733815185,-0.22859538350541286,0.38411634433135,-2.508146082126139,3 days 06:38:21.639344261,false
XMR-USD,false,28,86,123,23.770491803278688,0.5932987433446588,0.16804407713498623,0.0001,0.00003656998738965952,5.082644628099174,10.12396694214876,0.0005082644628099174,-0.8210726846529668,0,0,17424,726 days 01:00:00,1000.0,469.82100822212055,-53.01789917778794,34.915698157888286,100.0,164.5957353018059,57.79966302176069,635 days 19:00:00,122,1,22.13057401792787,20.273199323916465,-8.039372144347576,4.560887960221812,-2.17950346444128,8 days 04:41:22.758620689,1 days 17:44:30.967741935,-4.527127588490226,-0.5904315046084765,-0.546672901746247,0.9752407319065395,-0.08038903294417743,26.566059913977128,0.9862344273881665,0.38888888888888895,-0.007452411460490777,None,None,-0.00003115125103487668,-0.18840276625893415,-0.5301789917778807,-0.2306360331219014,0.38402890516745075,-2.518454505421652,3 days 06:34:25.573770490,false
XMR-USD,false,28,87,123,23.770491803278688,0.5756672250096265,0.16804407713498623,0.0001,0.00003656998738965952,5.082644628099174,10.12396694214876,0.0005082644628099174,-0.8845693400154757,0,0,17424,726 days 01:00:00,1000.0,450.33366538134317,-54.96663346186569,34.915698157888286,100.0,162.98845364895413,59.72892119885845,635 days 19:00:00,122,1,21.212637025747483,20.27319932391646,-8.03937214434757,4.443069808017366,-2.1892793991079755,8 days 04:51:43.448275862,1 days 17:37:25.161290322,-4.679335833150854,-0.6365153935431073,-0.5531469942500096,0.9733331504339438,-0.08267174062588181,26.562392357301533,0.9839106892842608,0.3886675167357348,-0.007466933014796081,None,None,-0.000033582377584449457,-0.20310621963075032,-0.5496663346186612,-0.24186574508523728,0.384025862756716,-2.574267059283975,3 days 06:31:28.524590163,false
XMR-USD,false,30,82,123,23.770491803278688,0.5955581799044881,0.16804407713498623,0.0001,0.00003656998738965952,5.082644628099174,10.12396694214876,0.0005082644628099174,-0.825541721571014,0,0,17424,726 days 01:00:00,1000.0,468.1407252138756,-53.18592747861244,34.915698157888286,100.0,167.03124722828997,58.63976502733122,635 days 19:00:00,122,1,22.051425519171346,20.27319932391648,-8.039372144347567,4.523182397969023,-2.171728905865524,8 days 02:35:10.344827586,1 days 18:25:48.387096774,-4.540251641846689,-0.5936831919007388,-0.5409401684447379,0.9750975871763641,-0.07918405126054098,26.519838440427748,0.9842796729512077,0.3895534290271132,-0.00746018998839975,None,None,-0.000031341972265119946,-0.18955624825944545,-0.5318592747861309,-0.2315921887939073,0.3842638349980631,-2.5232669052787213,3 days 06:35:54.098360654,false
XMR-USD,false,30,83,123,23.770491803278688,0.5946849755638778,0.16804407713498623,0.0001,0.00003656998738965952,5.082644628099174,10.12396694214876,0.0005082644628099174,-0.8164263057288009,0,0,17424,726 days 01:00:00,1000.0,470.7901319544304,-52.92098680455696,34.915698157888286,100.0,165.34956488563677,57.929166035489885,635 days 19:00:00,122,1,22.176223880567136,20.273199323916472,-8.03937214434758,4.53995995547806,-2.1715731037049943,8 days 04:26:53.793103448,1 days 17:51:36.774193548,-4.519558130542106,-0.5869194386569111,-0.544226936554255,0.9753917455539033,-0.07661713049735937,26.45417856392976,0.9847762720720267,0.3895534290271132,-0.007461921798605337,None,None,-0.000031003529977440244,-0.1875093493035586,-0.5292098680455728,-0.23008557356651227,0.38449491012827053,-2.515678895070321,3 days 06:36:23.606557376,false
XMR-USD,false,33,68,123,23.770491803278688,0.6483581505856659,0.16804407713498623,0.0001,0.00003656998738965952,5.082644628099174,10.12396694214876,0.0005082644628099174,-0.5946229582406015,0,0,17424,726 days 01:00:00,1000.0,544.1910182200559,-45.58089817799441,34.915698157888286,100.0,175.66441352365504,50.86552394505111,635 days 19:00:00,122,1,25.633718794704578,19.702048652753014,-8.039372144347578,4.624492929358715,-2.0452677070286573,7 days 12:45:31.034482758,1 days 23:16:46.451612903,-3.9462516440545077,-0.4266720333625895,-0.5180906172631105,0.982087037272936,-0.07063913061448987,26.157087881852714,0.9856771198624777,0.39388848892088635,-0.0074899414316318465,None,None,-0.000022610792190644604,-0.13675007116901858,-0.4558089817799491,-0.19037744460552186,0.3857265610561731,-2.305455728591714,3 days 07:00:29.508196720,false
XMR-USD,false,42,82,102,23.762376237623762,0.552120065285121,0.13911845730027547,0.0001,0.000036557501904036557,4.214876033057851,8.388429752066116,0.0004214876033057851,-0.9954207628740189,0,0,17424,726 days 01:00:00,1000.0,417.69227147756146,-58.23077285224385,34.915698157888286,100.0,142.51230781902635,63.79271983586787,635 days 19:00:00,101,1,18.629149750507622,20.217563635414482,-9.192802668893412,4.784785899239386,-2.5582326232495687,9 days 03:07:30,2 days 06:45:58.441558441,-5.949870081910364,-0.7192593449741553,-0.5568739643846499,0.9697316087161483,-0.15334149665235422,26.863226450812686,0.9761656562962688,0.3827170290430091,-0.007487835016430385,None,None,-0.00003791717044457986,-0.229323046848819,-0.5823077285224427,-0.26140901466181465,0.38371462468000317,-2.667753358071923,3 days 21:49:18.415841583,false
XMR-USD,false,42,87,102,23.762376237623762,0.5185676494437483,0.13911845730027547,0.0001,0.000036557501904036557,4.214876033057851,8.388429752066116,0.0004214876033057851,-1.1446155659310027,0,0,17424,726 days 01:00:00,1000.0,377.50329625808524,-62.24967037419148,34.915698157888286,100.0,136.10567200429932,67.05316925193017,635 days 19:00:00,101,1,16.836714293096293,20.198752313806718,-8.593290028177904,4.668223255735273,-2.6536233654059633,9 days 05:20:00,2 days 06:03:53.766233766,-6.3300338419308035,-0.8286853659299827,-0.577476783638853,0.9652107377217373,-0.168995984087144,26.796607144132352,0.9742295257610809,0.3819494012213498,-0.007488437220127422,None,None,-0.00004370899243091665,-0.2643519862221839,-0.6224967037419156,-0.28689337275163607,0.38391852655547354,-2.782856241129688,3 days 21:48:42.772277227,false
XMR-USD,false,43,83,102,23.762376237623762,0.5468141336095862,0.13911845730027547,0.0001,0.000036557501904036557,4.214876033057851,8.388429752066116,0.0004214876033057851,-0.9941723091179676,0,0,17424,726 days 01:00:00,1000.0,418.1193139576594,-58.188068604234054,34.915698157888286,100.0,140.25823537103804,63.642664710180966,635 days 19:00:00,101,1,18.64819592122899,20.429348080581875,-8.593290028177911,4.779414110078837,-2.554253632203327,9 days 01:45:00,2 days 07:12:28.051948051,-5.945830514490788,-0.7179448617603147,-0.5576663749105187,0.9697850705325246,-0.14783573734669514,26.848334861704014,0.9784402714525955,0.3821686364718014,-0.007477354898302199,None,None,-0.00003785449113663835,-0.22894396239438874,-0.5818806860423404,-0.26114700775319744,0.3837817025631074,-2.6665302907909343,3 days 21:49:54.059405939,false
XMR-USD,false,44,78,102,23.762376237623762,0.566443781827813,0.13911845730027547,0.0001,0.000036557501904036557,4.214876033057851,8.388429752066116,0.0004214876033057851,-0.925293641208655,0,0,17424,726 days 01:00:00,1000.0,438.2356700595924,-56.17643299404076,34.915698157888286,100.0,143.68587818160321,62.34394037824037,635 days 19:00:00,101,1,19.545388988584023,20.217563635414503,-9.192802668893394,4.896686484838788,-2.5280839564024014,9 days 06:10:00,2 days 05:45:11.688311688,-5.755541771574181,-0.6680813150361581,-0.5445491372205554,0.9718530250126067,-0.1494313287122334,26.94718157666873,0.9772936287188755,0.3827170290430091,-0.007461921798605184,None,None,-0.000035185481936353315,-0.21280179475106487,-0.5617643299404023,-0.24899777584610705,0.38334704752671844,-2.608916216998203,3 days 21:46:20.198019800,false
XMR-USD,false,44,81,102,23.762376237623762,0.543511473834135,0.13911845730027547,0.0001,0.000036557501904036557,4.214876033057851,8.388429752066116,0.0004214876033057851,-1.022398884358173,0,0,17424,726 days 01:00:00,1000.0,409.91943972512615,-59.008056027487385,34.915698157888286,100.0,139.5239556734639,64.3556802702246,635 days 19:00:00,101,1,18.282480069047097,20.429348080581875,-8.593290028177897,4.8133004220970435,-2.5892408232150186,9 days 01:42:30,2 days 07:11:41.298701298,-6.023396439048725,-0.7386780927543452,-0.5614190443374637,0.9689350465958179,-0.15057636511988864,26.78057949588421,0.9771804465357163,0.3821686364718014,-0.007492505718021489,None,None,-0.000038974297348918386,-0.2357165503662584,-0.5900805602748675,-0.26620881769440086,0.3840440308996762,-2.6900150688854567,3 days 21:48:42.772277226,false
XMR-USD,false,44,82,102,23.762376237623762,0.5326145313718265,0.13911845730027547,0.0001,0.000036557501904036557,4.214876033057851,8.388429752066116,0.0004214876033057851,-1.0777720315589288,0,0,17424,726 days 01:00:00,1000.0,395.2448662172594,-60.47551337827406,34.915698157888286,100.0,137.87496893502316,65.5930036190719,635 days 19:00:00,101,1,17.6279914752414,20.42934808058188,-8.593290028177897,4.757497978329912,-2.6180769688404752,9 days 01:47:30,2 days 07:06:14.025974025,-6.162209160970135,-0.7790518869061378,-0.568511503996576,0.9672410453455208,-0.1529287510131556,26.847706738320213,0.9776977052952016,0.38129211256440754,-0.007488437220127373,None,None,-0.00004108046031091021,-0.24845462396038495,-0.6047551337827405,-0.2754350811625631,0.38381934662878275,-2.732043652823571,3 days 21:45:44.554455444,false
XMR-USD,false,45,77,102,23.762376237623762,0.567669846564039,0.13911845730027547,0.0001,0.000036557501904036557,4.214876033057851,8.388429752066116,0.0004214876033057851,-0.9080314776670855,0,0,17424,726 days 01:00:00,1000.0,443.34483752955384,-55.66551624704461,34.915698157888286,100.0,142.80330547526674,61.55273751694865,635 days 19:00:00,101,1,19.773258768318385,20.2175636354145,-8.593290028177893,4.9239003968911765,-2.5219339581246203,9 days 06:07:30,2 days 05:43:38.181818181,-5.7072120914729245,-0.655565313806621,-0.5452776150713933,0.9723681845134188,-0.1496848605045302,26.95867444003987,0.977206840210771,0.3827170290430091,-0.00746018998839989,None,None,-0.00003452279118808953,-0.20879384110556548,-0.5566551624704443,-0.245970324749334,0.3833079959779295,-2.5942833505813327,3 days 21:44:33.267326731,false
XMR-USD,false,45,80,102,23.762376237623762,0.5368233760016762,0.13911845730027547,0.0001,0.000036557501904036557,4.214876033057851,8.388429752066116,0.0004214876033057851,-1.0585517572665384,0,0,17424,726 days 01:00:00,1000.0,400.330868282805,-59.966913171719504,34.915698157888286,100.0,139.0287715726586,65.31596165255723,635 days 19:00:00,101,1,17.85482807381021,20.429348080581892,-8.593290028177917,4.752527571029968,-2.601088307794242,9 days 01:40:00,2 days 07:06:14.025974025,-6.114098611792131,-0.7650940481735872,-0.5647317003286834,0.9678182701144137,-0.15299872879568036,26.84280446984335,0.9772731565611757,0.3814016172506739,-0.007488437220127401,None,None,-0.00004034587450247559,-0.24401184899097236,-0.5996691317171963,-0.2722124453286324,0.38383295023654207,-2.7174771330806555,3 days 21:43:57.623762374,false
XMR-USD,false,45,89,102,23.762376237623762,0.5361679390737044,0.13911845730027547,0.0001,0.000036557501904036557,4.214876033057851,8.388429752066116,0.0004214876033057851,-1.13755531460797,0,0,17424,726 days 01:00:00,1000.0,379.6989124746585,-62.030108752534154,34.915698157888286,100.0,139.55087401925485,67.89857692198605,635 days 19:00:00,101,1,18.221931250471187,19.592312599254885,-8.735543285074735,4.790977328463437,-2.6874401933824124,10 days 01:25:00,1 days 23:53:45.974025974,-6.322010086889235,-0.8242419699673663,-0.5676515619695452,0.9654389433878146,-0.17661614042698617,26.855611390466155,0.9716404782500236,0.38304627351377096,-0.007492505718021426,None,None,-0.000043411372676325125,-0.2625519819464144,-0.6203010875253407,-0.2854565393997599,0.3833599485321115,-2.776567905703472,3 days 21:52:52.277227722,false
XMR-USD,false,46,79,102,23.762376237623762,0.5326604366624617,0.13911845730027547,0.0001,0.000036557501904036557,4.214876033057851,8.388429752066116,0.0004214876033057851,-1.077687147967226,0,0,17424,726 days 01:00:00,1000.0,395.26471027466664,-60.473528972533344,34.915698157888286,100.0,138.10272846101,65.59127614714313,635 days 19:00:00,101,1,17.628876523738427,20.42934808058188,-8.593290028177918,4.747688313043475,-2.615702759098084,9 days 01:45:00,2 days 07:05:27.272727272,-6.162021448010623,-0.7790119587236536,-0.5685023456738331,0.9672397714713725,-0.15299854265457785,26.848779714903667,0.9772942389502827,0.38129211256440754,-0.007488437220127335,None,None,-0.000041077866364013767,-0.24843893576955525,-0.6047352897253336,-0.27542245494065887,0.38381478247333156,-2.731986818624474,3 days 21:44:33.267326731,false
XMR-USD,false,10,19,464,23.758099352051836,0.40600892958045687,0.6377410468319559,0.0001,0.000036550922080079745,19.173553719008265,38.30578512396694,0.0019173553719008265,-3.8459315326840873,0,0,17424,726 days 01:00:00,1000.0,61.63170513415321,-93.83682948658468,34.915698157888286,100.0,332.2512097542396,94.09368619782842,725 days 02:00:00,463,1,1.2398678101724556,16.849706480950683,-11.465212964445184,1.9662358861745282,-1.3764138599319555,1 days 23:37:05.454545454,0 days 11:55:24.645892351,-2.029391280077796,-2.833428335642019,-0.8009265485040388,0.8859163839811032,-0.44839475581341554,36.86033689401447,1.014005287146257,0.3622859823313267,-0.007675254269645661,None,None,-0.00014794078485466203,-0.8947458668009959,-0.9383682948658462,-0.6198489995446701,0.3800437808277728,-3.687525509650584,0 days 20:24:13.995680344,false
XMR-USD,false,24,42,182,23.756906077348066,0.5175818519518235,0.2493112947658402,0.0001,0.000036549086272843184,7.520661157024794,15.0,0.0007520661157024794,-1.4384231854059017,0,0,17424,726 days 01:00:00,1000.0,316.1572296292218,-68.38427703707782,34.915698157888286,100.0,192.0168264301338,71.85966517866125,722 days 11:00:00,181,1,15.75241529771472,20.68021897104224,-7.1255631390876,3.837490566619671,-1.9861839257167995,5 days 04:46:02.790697674,1 days 06:59:07.826086956,-3.8651667716491396,-1.0335804576210508,-0.611585952339619,0.9574324732030286,0.12265308343485783,23.389082350234,0.9907651622148079,0.3893318450007973,-0.007592921762430905,None,None,-0.000054088318301562775,-0.32712614908785165,-0.6838427703707771,-0.32946320502423243,0.38090540360586045,-2.9585539068371225,2 days 05:15:54.696132595,false
XMR-USD,false,25,40,182,23.756906077348066,0.5321014731784564,0.2493112947658402,0.0001,0.000036549086272843184,7.520661157024794,15.0,0.0007520661157024794,-1.3642829665408367,0,0,17424,726 days 01:00:00,1000.0,332.0946016365833,-66.79053983634167,34.915698157888286,100.0,196.06911016351376,70.8714097090449,722 days 11:00:00,181,1,16.54648887594209,20.68021897104222,-7.125563139087608,3.8834325336257414,-1.9648390688383477,5 days 04:13:57.209302325,1 days 07:07:49.565217391,-3.7815021394439716,-0.9794534187771883,-0.6003162296757365,0.9596092444101102,0.12680224446522145,23.386112048473986,0.9916289592184723,0.3895534290271132,-0.007587215347123318,None,None,-0.000051262953004634936,-0.3100383397720321,-0.6679053983634144,-0.31791900008521856,0.38095859641814606,-2.9129086158986657,2 days 05:14:55.027624308,false
XMR-USD,false,27,37,182,23.756906077348066,0.5339496358608247,0.2493112947658402,0.0001,0.000036549086272843184,7.520661157024794,15.0,0.0007520661157024794,-1.3341375061394307,0,0,17424,726 days 01:00:00,1000.0,338.44811548707,-66.155188451293,34.915698157888286,100.0,196.68889194208398,70.4875888116093,722 days 11:00:00,181,1,16.86305031877231,20.680218971042223,-7.125563139087604,3.8873380003304847,-1.95242196809329,5 days 04:02:47.441860465,1 days 07:13:02.608695652,-3.7481488112248735,-0.9577315182578005,-0.5957823769493613,0.9605034693188741,0.12557635467573666,23.325263009155027,0.9917409517532578,0.3899968091895341,-0.007595606630086883,None,None,-0.00005015944094370653,-0.30336429882753707,-0.6615518845129271,-0.3134177352142741,0.38121225332380215,-2.894711890111439,2 days 05:16:14.585635358,false
XMR-USD,false,29,35,182,23.756906077348066,0.5380266312950688,0.2493112947658402,0.0001,0.000036549086272843184,7.520661157024794,15.0,0.0007520661157024794,-1.3326747357504056,0,0,17424,726 days 01:00:00,1000.0,338.41490436348033,-66.15850956365196,34.915698157888286,100.0,197.0168602526894,70.82147506665346,722 days 11:00:00,181,1,16.86139558700512,21.5388625490743,-7.125563139087604,3.951594512968527,-1.9697019996855767,5 days 04:15:20.930232558,1 days 07:11:18.260869565,-3.7483231559310797,-0.9568836815333956,-0.5930139790010409,0.9605575923742662,0.12256113729233635,23.280127269087764,0.9903849169995763,0.3906624102154829,-0.007595606630086751,None,None,-0.000050148777591689695,-0.3032998068745393,-0.6615850956365178,-0.31344112019186443,0.38146890904427083,-2.894807008139552,2 days 05:17:54.033149170,false
XMR-USD,false,15,21,342,23.75366568914956,0.457268590255714,0.4696969696969697,0.0001,0.0000365441010602301,14.132231404958677,28.22314049586777,0.0014132231404958679,-2.6691936267948986,0,0,17424,726 days 01:00:00,1000.0,138.09929161945888,-86.19007083805411,34.915698157888286,100.0,284.71675606641327,86.95902763036582,722 days 11:00:00,341,1,5.761316515875677,21.048957695733,-11.595387641454277,2.583575693997046,-1.5317189720179587,2 days 16:56:17.777777777,0 days 16:11:04.615384615,-2.544463416118528,-1.9472859883266462,-0.7249195822399398,0.9203530918708036,-0.40495927741331067,36.82686656106767,1.0107483997910773,0.3708598851388561,-0.0076154822586102285,None,None,-0.0001016529803810036,-0.6147972253443098,-0.8619007083805434,-0.496996294060257,0.3799691363627195,-3.4685191872235763,1 days 03:45:55.425219940,false
XMR-USD,false,71,88,81,23.75,0.5744986302886202,0.11019283746556474,0.0001,0.000036538461538461544,3.347107438016529,6.652892561983471,0.0003347107438016529,-0.9324479073994547,0,0,17424,726 days 01:00:00,1000.0,431.4822457656318,-56.85177542343682,34.915698157888286,100.0,124.87452891838262,61.212094323413346,630 days 14:00:00,80,1,18.00085836563693,19.653206806830703,-11.388143219999106,5.521352043279248,-3.0046948494233026,12 days 00:00:00,2 days 16:52:07.868852459,-7.331482657500075,-0.6794512501369041,-0.563010076482511,0.9711699914412465,-0.4132044809270457,30.357692723784197,0.9669264271840127,0.38085426737459394,-0.00744528166484611,None,None,-0.000035951503019941146,-0.21743469026460405,-0.5685177542343736,-0.2530351088493453,0.3851382865036765,-2.628258302794173,4 days 21:51:44.999999999,false
XMR-USD,false,72,87,81,23.75,0.5693312190841447,0.11019283746556474,0.0001,0.000036538461538461544,3.347107438016529,6.652892561983471,0.0003347107438016529,-0.950010881298536,0,0,17424,726 days 01:00:00,1000.0,426.3471715896517,-57.36528284103484,34.915698157888286,100.0,124.70136412586763,61.67370954567296,630 days 14:00:00,80,1,17.786629984641024,19.653206806830724,-11.388143219999108,5.4442204802295375,-3.001098407873181,12 days 00:03:09.473684210,2 days 16:52:07.868852459,-7.3929932299373675,-0.6923178145074714,-0.5651727057902584,0.970636949620186,-0.4130057746902987,30.34439296439306,0.9665976780861867,0.38085426737459394,-0.007446826610916469,None,None,-0.00003663604322776423,-0.22157478944151807,-0.5736528284103461,-0.25613265737403823,0.3851775799831277,-2.6429653670858837,4 days 21:52:29.999999998,false
XMR-USD,false,73,85,81,23.75,0.5749520172874752,0.11019283746556474,0.0001,0.000036538461538461544,3.347107438016529,6.652892561983471,0.0003347107438016529,-0.9499150385806769,0,0,17424,726 days 01:00:00,1000.0,426.4439376724797,-57.35560623275203,34.915698157888286,100.0,124.51965993418858,61.78753749187291,630 days 14:00:00,80,1,17.790666935335196,19.6532068068307,-11.3881432199991,5.58588435919136,-3.0422199963306094,11 days 23:31:34.736842105,2 days 16:56:03.934426229,-7.39183411578569,-0.6922496119917635,-0.5640112253105736,0.9706274804208157,-0.4131205054182549,30.36434666380149,0.9657793931096625,0.3807448494453249,-0.007442722754766149,None,None,-0.000036626797463274504,-0.2215188710578842,-0.5735560623275258,-0.2560740621678185,0.3851183127701913,-2.6426882250325,4 days 21:47:59.999999998,false
XMR-USD,false,74,84,81,23.75,0.5766610085618713,0.11019283746556474,0.0001,0.000036538461538461544,3.347107438016529,6.652892561983471,0.0003347107438016529,-0.9415608659985103,0,0,17424,726 days 01:00:00,1000.0,428.86369711607676,-57.11363028839232,34.915698157888286,100.0,124.88451668326476,61.570709536662996,630 days 14:00:00,80,1,17.891616041470115,19.653206806830724,-11.3881432199991,5.585884359191355,-3.0331341765252517,11 days 23:31:34.736842105,2 days 16:54:05.901639344,-7.362848986567416,-0.6861442459915681,-0.5629832111891243,0.9708797674166192,-0.41329697585219755,30.36806856883957,0.9656263076969877,0.3807448494453249,-0.007442722754766178,None,None,-0.00003630276601679188,-0.21955912886955728,-0.5711363028839266,-0.25461162834815265,0.3851077292289762,-2.635757934156874,4 days 21:46:29.999999998,false
XMR-USD,false,75,83,81,23.75,0.5755946479877668,0.11019283746556474,0.0001,0.000036538461538461544,3.347107438016529,6.652892561983471,0.0003347107438016529,-0.9462983502400089,0,0,17424,726 days 01:00:00,1000.0,427.48432016543586,-57.25156798345641,34.915698157888286,100.0,124.65132273599107,61.69431169243204,630 days 14:00:00,80,1,17.8340702922186,19.6532068068307,-11.388143219999083,5.5858843591913585,-3.0383675987086542,11 days 23:31:34.736842105,2 days 16:55:04.918032786,-7.379371876584788,-0.6896014004335066,-0.5635690757653936,0.9707377790183036,-0.4131444760557725,30.36379406164226,0.9656871141951076,0.3807448494453249,-0.007442722754766162,None,None,-0.000036486851211613845,-0.22067247612784055,-0.5725156798345674,-0.25544462233576193,0.3851201084614222,-2.6397085266508387,4 days 21:47:14.999999998,false
XMR-USD,false,76,82,81,23.75,0.57495863392641,0.11019283746556474,0.0001,0.000036538461538461544,3.347107438016529,6.652892561983471,0.0003347107438016529,-0.9460072954036994,0,0,17424,726 days 01:00:00,1000.0,427.54040816546876,-57.245959183453124,34.915698157888286,100.0,124.34465025717306,61.68928580178357,630 days 14:00:00,80,1,17.83641020806573,19.653206806830713,-11.388143219999112,5.58588435919136,-3.038197322398409,11 days 23:31:34.736842105,2 days 16:57:02.950819672,-7.378700025532462,-0.6893923516253762,-0.5635452456341183,0.9707523021185209,-0.41310494277887133,30.35615659514842,0.9657026126568145,0.38085426737459394,-0.007442722754766205,None,None,-0.000036477901720007964,-0.22061834960260818,-0.572459591834533,-0.255410717069127,0.3851424000003459,-2.6395478883047883,4 days 21:48:44.999999998,false
XMR-USD,false,77,81,81,23.75,0.5742690057573612,0.11019283746556474,0.0001,0.000036538461538461544,3.347107438016529,6.652892561983471,0.0003347107438016529,-0.9512985817603015,0,0,17424,726 days 01:00:00,1000.0,426.02578254614264,-57.397421745385735,34.915698157888286,100.0,124.27282373430012,61.8250072169085,630 days 14:00:00,80,1,17.773222066449193,19.653206806830713,-11.388143219999119,5.5858843591913585,-3.0439786011152643,11 days 23:31:34.736842105,2 days 16:56:03.934426229,-7.396842994003821,-0.6932587814757912,-0.5641890017739879,0.9705887114723234,-0.41302193392081865,30.358086523796636,0.9657408178042005,0.3807448494453249,-0.007442722754766205,None,None,-0.000036681932941147957,-0.22185233042806285,-0.5739742174538578,-0.25632733187755574,0.385136586992545,-2.6438858385656623,4 days 21:47:59.999999998,false
XMR-USD,false,78,80,81,23.75,0.5729149109848114,0.11019283746556474,0.0001,0.000036538461538461544,3.347107438016529,6.652892561983471,0.0003347107438016529,-0.9585514471844292,0,0,17424,726 days 01:00:00,1000.0,423.9577574412591,-57.604224255874094,34.915698157888286,100.0,124.02670067018117,62.01031723026589,630 days 14:00:00,80,1,17.68694684336657,19.653206806830724,-11.3881432199991,5.58588435919136,-3.0517132389467028,11 days 23:31:34.736842105,2 days 16:56:03.934426229,-7.421614867526351,-0.6985620494447161,-0.5650687787755652,0.9703660270430694,-0.4129286186276221,30.360906995101594,0.9659222192589423,0.38063544885508277,-0.007442722754766205,None,None,-0.00003696172125339891,-0.2235444901405566,-0.5760422425587459,-0.25758229297063084,0.38512804373395865,-2.6498087477841232,4 days 21:47:59.999999998,false
XMR-USD,false,8,27,418,23.741007194244602,0.4301049132269331,0.5743801652892562,0.0001,0.00003652462645268401,17.272727272727273,34.50413223140496,0.0017272727272727275,-3.249051660106265,0,0,17424,726 days 01:00:00,1000.0,92.11892682078872,-90.78810731792113,34.915698157888286,100.0,315.5536615483616,91.19729048221636,725 days 03:00:00,417,1,3.8430776023080995,19.912058873062882,-11.520637103641059,2.184096059567127,-1.4057507863687486,2 days 07:38:10.909090909,0 days 12:23:46.415094339,-2.186388850795014,-2.383979895582283,-0.7658731809457922,0.903420960953893,-0.42708352639270847,36.56272899233296,1.0048879860801334,0.37042862760519074,-0.007638748123339098,None,None,-0.00012481485644885587,-0.7548802518026804,-0.9078810731792106,-0.5629426584431981,0.38108480921278565,-3.600208848964687,0 days 22:39:42.733812948,false
XMR-USD,false,23,76,140,23.741007194244602,0.6434760111699449,0.19146005509641872,0.0001,0.00003652462645268401,5.785123966942149,11.52892561983471,0.0005785123966942149,-0.6330479811394766,0,0,17424,726 days 01:00:00,1000.0,536.4024631211491,-46.35975368788509,34.915698157888286,100.0,191.735214815531,52.89181669945036,635 days 19:00:00,139,1,23.80597107397932,23.46742206794338,-7.007675914303728,4.340039561075238,-1.8911995961552894,6 days 17:32:43.636363636,1 days 16:51:30.566037735,-3.5065000572146,-0.4513125518650947,-0.5082969261891902,0.9812171458838667,0.1659790635637789,23.076314283449452,0.9921660083354,0.3944462227912933,-0.0074601899883997335,None,None,-0.000023685080453559458,-0.14324736658312762,-0.46359753687884864,-0.1944182471413407,0.3819929927865753,-2.3277624717182213,2 days 21:30:38.848920862,false
XMR-USD,false,31,77,119,23.728813559322035,0.6460312819751955,0.162534435261708,0.0001,0.00003650586701434159,4.917355371900826,9.793388429752067,0.0004917355371900827,-0.5911649451159305,0,0,17424,726 days 01:00:00,1000.0,546.1128448079377,-45.38871551920623,34.915698157888286,100.0,171.54286458747234,52.37458076483391,635 days 19:00:00,118,1,25.72424502662784,20.398670625822785,-8.039372144347567,4.713602077601619,-2.085097447325381,7 days 23:17:08.571428571,1 days 23:14:40,-4.064503391683812,-0.42407939634521685,-0.5006686941298485,0.9821658413297831,-0.06758426920211306,26.307348777339342,0.9867722471924637,0.3916620078268509,-0.007458196364188632,None,None,-0.00002244246415445883,-0.135732023206167,-0.4538871551920616,-0.18938619183792638,0.3851955945576581,-2.2999515379574857,3 days 09:25:25.423728813,false
XMR-USD,false,32,75,119,23.728813559322035,0.6469268682113325,0.162534435261708,0.0001,0.00003650586701434159,4.917355371900826,9.793388429752067,0.0004917355371900827,-0.5930931267545358,0,0,17424,726 days 01:00:00,1000.0,545.5056136948397,-45.449438630516035,34.915698157888286,100.0,172.3897152763475,52.355277515885234,635 days 19:00:00,118,1,25.695641850398715,20.693259147012718,-8.03937214434756,4.711310818296436,-2.084892019063853,7 days 23:15:00,1 days 23:15:20,-4.069407018267452,-0.4254497946665673,-0.5016412193092411,0.982104722666272,-0.06735521427365149,26.327821324055193,0.9871123951253089,0.3915508704679764,-0.007452411460490761,None,None,-0.000022510838209826953,-0.13614554949303342,-0.45449438630516714,-0.18969914715211966,0.38512462864519215,-2.3016906729172173,3 days 09:25:25.423728813,false
XMR-USD,false,32,84,119,23.728813559322035,0.5851925066255702,0.162534435261708,0.0001,0.00003650586701434159,4.917355371900826,9.793388429752067,0.0004917355371900827,-0.8355475318505233,0,0,17424,726 days 01:00:00,1000.0,465.6177999597696,-53.43822000402304,34.915698157888286,100.0,162.162742159964,58.70462433751476,635 days 19:00:00,118,1,22.77727361509841,20.23917047314162,-8.039372144347585,4.482371640269302,-2.193039805578333,8 days 13:00:00,1 days 18:25:20,-4.72169045470617,-0.6012646727064775,-0.5434979539948683,0.9747794461720228,-0.0904378584590457,26.35557981630264,0.9843950264055317,0.38745123019348676,-0.007458196364188607,None,None,-0.000031691029682528996,-0.19166734751993536,-0.5343822000402296,-0.23303206251631248,0.3836441735527695,-2.5304926672918344,3 days 08:59:59.999999999,false
XMR-USD,false,35,66,119,23.728813559322035,0.6667069580455497,0.162534435261708,0.0001,0.00003650586701434159,4.917355371900826,9.793388429752067,0.0004917355371900827,-0.5140643279542887,0,0,17424,726 days 01:00:00,1000.0,574.485820370908,-42.551417962909206,34.915698157888286,100.0,175.09659384842422,49.154017229573164,635 days 19:00:00,118,1,27.060733231319432,19.702048652753014,-8.039372144347578,4.729955341293366,-2.0365361342426604,7 days 13:04:17.142857142,2 days 02:40:40,-3.835380617461113,-0.36838509032577244,-0.4947630776089313,0.9845068973728724,-0.06181095067842135,26.2169628793624,0.9873083397637696,0.39344262295081966,-0.007466933014795955,None,None,-0.000019513244264328698,-0.11801610131065997,-0.4255141796290922,-0.1750096767639907,0.38555414875129534,-2.2186901653947264,3 days 09:37:07.118644066,false
XMR-USD,false,26,54,157,23.717948717948715,0.5585656716310495,0.21487603305785125,0.0001,0.00003648915187376726,6.487603305785124,12.933884297520661,0.0006487603305785124,-1.1396763419717952,0,0,17424,726 days 01:00:00,1000.0,384.23637189761894,-61.57636281023811,34.915698157888286,100.0,187.31564325498894,64.8358478702094,722 days 11:00:00,156,1,17.052718031422444,22.166403311106546,-7.172505688054695,4.078510829085021,-2.023934632202856,6 days 04:22:42.162162162,1 days 10:47:23.697478991,-4.05651503931925,-0.8168306611502739,-0.5887886285134342,0.9661534112685733,0.1265557586707001,23.26660006933173,0.9878691601936948,0.39055143244753016,-0.007523499489008796,None,None,-0.00004284280802973231,-0.259113302963821,-0.6157636281023824,-0.28250427959933044,0.3817717958204493,-2.763572434719497,2 days 13:43:50.769230768,false
XMR-USD,false,26,55,157,23.717948717948715,0.5942319560953864,0.21487603305785125,0.0001,0.00003648915187376726,6.487603305785124,12.933884297520661,0.0006487603305785124,-1.02815866156275,0,0,17424,726 days 01:00:00,1000.0,414.42517062065986,-58.55748293793401,34.915698157888286,100.0,198.25860918281958,62.23578464083573,722 days 11:00:00,156,1,18.392521105735682,22.166403311106535,-7.172505688054685,4.21682770303255,-2.0017229104145495,6 days 07:16:12.972972972,1 days 09:55:27.731092436,-3.87158558003254,-0.7359573757204947,-0.5748868051650047,0.9694606713415761,0.13967657677520806,23.326545537265716,0.9888419740326152,0.3914397508584205,-0.007505915383562002,None,None,-0.00003854066074582567,-0.23309391619075365,-0.5855748293793417,-0.2634193172762024,0.3811750256395183,-2.677110469713019,2 days 13:45:23.076923075,false
XMR-USD,false,11,18,448,23.713646532438478,0.41178036375980104,0.6157024793388429,0.0001,0.00003648253312682843,18.51239669421488,36.98347107438017,0.0018512396694214878,-3.678618681534723,0,0,17424,726 days 01:00:00,1000.0,69.1359293152459,-93.08640706847541,34.915698157888286,100.0,320.55309249842855,93.42330127860409,725 days 02:00:00,447,1,2.8842578896198887,19.69681006510061,-11.465212964445195,2.0562205768107273,-1.4010186432363319,2 days 01:12:27.169811320,0 days 12:16:00.703812316,-2.088922435289428,-2.70598054631891,-0.7909920356324529,0.8907800204119539,-0.4405103935711612,36.81884575418808,1.0139505509104356,0.3632451885463934,-0.007669288172738354,None,None,-0.00014133936067905345,-0.8548204533869153,-0.9308640706847535,-0.6043823365977926,0.38018624202590096,-3.6660331020030026,0 days 21:01:36.644295300,false
XMR-USD,false,51,74,98,23.711340206185564,0.5780456130144175,0.13360881542699724,0.0001,0.00003647898493259318,4.049586776859504,8.057851239669422,0.00040495867768595046,-0.9082430953007242,0,0,17424,726 days 01:00:00,1000.0,443.4330977851605,-55.65669022148395,34.915698157888286,100.0,139.39593897370582,61.34119429303742,635 days 19:00:00,97,1,19.777195191448527,20.543804935263726,-8.593290028177913,5.139579152783792,-2.6240478799062776,9 days 08:52:10.434782608,2 days 09:54:19.459459459,-5.941691725838028,-0.6562128000576125,-0.5470496871260392,0.9723126800934794,-0.16222845517516613,27.027543166809483,0.9789820458060317,0.3814016172506739,-0.007446826610916491,None,None,-0.00003452987094405617,-0.20883665946965171,-0.5565669022148361,-0.24591822654722617,0.383008314612175,-2.594030569568026,4 days 01:29:41.443298968,false
XMR-USD,false,51,89,98,23.711340206185564,0.531179532392386,0.13360881542699724,0.0001,0.00003647898493259318,4.049586776859504,8.057851239669422,0.00040495867768595046,-1.2057944108843117,0,0,17424,726 days 01:00:00,1000.0,362.18255974754607,-63.78174402524539,34.915698157888286,100.0,138.3685149537492,69.30334355079401,630 days 14:00:00,97,1,17.198995386705917,18.623204355218697,-8.994368202755652,4.64269188756849,-2.756819257489333,10 days 03:57:23.478260869,2 days 04:18:38.918918918,-6.752746759166596,-0.875133535638202,-0.5769530862595061,0.9633253527531309,-0.1920531097568715,26.864446043389083,0.9719372010209875,0.38129211256440754,-0.007489941431631808,None,None,-0.00004611092230432224,-0.2788788580965409,-0.6378174402524556,-0.29707457446150554,0.3835194790338387,-2.8267354625654413,4 days 01:45:09.278350514,false
XMR-USD,false,52,73,98,23.711340206185564,0.5622254405592092,0.13360881542699724,0.0001,0.00003647898493259318,4.049586776859504,8.057851239669422,0.00040495867768595046,-0.9907944347647585,0,0,17424,726 days 01:00:00,1000.0,419.87159432914314,-58.01284056708569,34.915698157888286,100.0,137.09284738550065,63.23692521325477,635 days 19:00:00,97,1,18.72634793809482,20.54380493526374,-8.593290028177911,5.075059185780161,-2.675430559492589,9 days 08:52:10.434782608,2 days 09:51:04.864864864,-6.173760346484049,-0.7165755649583367,-0.559097473346244,0.9698085715797116,-0.1700650541176475,27.064390395343324,0.9776784289021445,0.38085426737459394,-0.007451445542635807,None,None,-0.000037679709982002805,-0.22788688597115297,-0.5801284056708567,-0.26007374220239854,0.38273969017696907,-2.661511687515239,4 days 01:27:12.989690720,false
XMR-USD,false,55,68,98,23.711340206185564,0.5654840061421952,0.13360881542699724,0.0001,0.00003647898493259318,4.049586776859504,8.057851239669422,0.00040495867768595046,-0.9298202734245,0,0,17424,726 days 01:00:00,1000.0,436.6757559042319,-56.33242440957681,34.915698157888286,100.0,136.96438098876996,61.87467149213154,635 days 19:00:00,97,1,19.47581653924152,20.42934808058187,-8.593290028177924,5.06395889825911,-2.6206403436438697,9 days 06:33:54.782608695,2 days 10:31:37.297297297,-6.008248047783602,-0.6715531913309217,-0.5505910343802296,0.971651350026085,-0.15546935946465612,26.961471114897446,0.9789296372921984,0.38085426737459394,-0.007458196364188763,None,None,-0.000035381090089684545,-0.21398483286241213,-0.563324244095765,-0.24992669636466047,0.38348531365606553,-2.6133838754946956,4 days 01:25:21.649484535,false
XMR-USD,false,55,79,98,23.711340206185564,0.5380257606340106,0.13360881542699724,0.0001,0.00003647898493259318,4.049586776859504,8.057851239669422,0.00040495867768595046,-1.1820009935847764,0,0,17424,726 days 01:00:00,1000.0,367.8646347732614,-63.21353652267386,34.915698157888286,100.0,135.14509298939169,68.82629218777603,635 days 19:00:00,97,1,18.151185196907647,20.32857447376028,-8.735543285074746,4.969126757416127,-2.8272976730921573,10 days 04:46:57.391304347,2 days 03:40:32.432432432,-6.703985055913866,-0.8572146943683765,-0.574101406225908,0.9640010305423496,-0.18400733808058295,26.823369211748215,0.972633276338545,0.3804166996751961,-0.007482015876363794,None,None,-0.000045200024195358696,-0.2733697463335294,-0.6321353652267401,-0.29326640020659933,0.3838017976142092,-2.8104617652731205,4 days 01:27:50.103092782,false
XMR-USD,false,56,67,98,23.711340206185564,0.5668696891867838,0.13360881542699724,0.0001,0.00003647898493259318,4.049586776859504,8.057851239669422,0.00040495867768595046,-0.9341611593624116,0,0,17424,726 days 01:00:00,1000.0,435.296387064328,-56.47036129356721,34.915698157888286,100.0,137.41315883331296,61.9951015582477,635 days 19:00:00,97,1,19.4142964431457,20.42934808058187,-8.593290028177908,5.07815570412862,-2.6292312752182347,9 days 06:36:31.304347826,2 days 10:34:03.243243243,-6.021834117307401,-0.6747561712124368,-0.5512116600937373,0.971526786118039,-0.15601330753408882,26.938184042926107,0.9788011131355616,0.38107315526670366,-0.007458196364188654,None,None,-0.00003555742888419976,-0.21505132989164014,-0.5647036129356772,-0.25074990976631195,0.38356717082346475,-2.6173344447591753,4 days 01:27:50.103092782,false
XMR-USD,false,56,78,98,23.711340206185564,0.5347463709231828,0.13360881542699724,0.0001,0.00003647898493259318,4.049586776859504,8.057851239669422,0.00040495867768595046,-1.220018765175252,0,0,17424,726 days 01:00:00,1000.0,358.5183120245149,-64.14816879754851,34.915698157888286,100.0,135.05002983374627,69.78804672526444,635 days 19:00:00,97,1,17.690018726727203,20.32857447376028,-8.73554328507475,4.953272800762782,-2.854521517469906,10 days 04:46:57.391304347,2 days 03:38:55.135135135,-6.795584605177444,-0.8853140088052954,-0.5773308986285008,0.9628475056241365,-0.1878033289609814,26.823852641264892,0.9714712179219583,0.38030735107731306,-0.007488437220127306,None,None,-0.000046678396982735424,-0.2823109449515838,-0.6414816879754823,-0.299551115838553,0.38377487700766116,-2.8372300192157525,4 days 01:26:35.876288659,false
XMR-USD,false,57,76,98,23.711340206185564,0.5335561972768604,0.13360881542699724,0.0001,0.00003647898493259318,4.049586776859504,8.057851239669422,0.00040495867768595046,-1.2125538450659246,0,0,17424,726 days 01:00:00,1000.0,360.5578262419069,-63.94421737580931,34.915698157888286,100.0,133.9188963318326,69.44709544591514,635 days 19:00:00,97,1,17.790652483746157,19.63923489550938,-8.735543285074728,4.966825168812273,-2.8536690855064912,10 days 04:28:41.739130434,2 days 03:42:58.378378378,-6.775596146823086,-0.8797366386980447,-0.5777099184594087,0.9630652204562727,-0.18675368930676195,26.871352023532257,0.9716926797228612,0.38019801980198015,-0.007477354898302067,None,None,-0.00004636373677325812,-0.2804078800046651,-0.6394421737580933,-0.2981706486991239,0.383604502733565,-2.8313887663553077,4 days 01:25:21.649484535,false
XMR-USD,false,58,76,98,23.711340206185564,0.548900915357604,0.13360881542699724,0.0001,0.00003647898493259318,4.049586776859504,8.057851239669422,0.00040495867768595046,-1.1294117293659023,0,0,17424,726 days 01:00:00,1000.0,381.63833333608454,-61.83616666639155,34.915698157888286,100.0,137.65848899596648,67.98320707713998,635 days 19:00:00,97,1,18.830807345457686,20.328574473760295,-7.447402913544818,4.953038963587041,-2.77378458194664,10 days 04:49:33.913043478,2 days 03:38:06.486486486,-6.568994577416216,-0.8186560193638173,-0.5646265277020552,0.9655963293931015,-0.1808162043547002,26.907087291438422,0.9734368992132838,0.38052606559974644,-0.007468294324475436,None,None,-0.00004311823342820667,-0.26077907577379394,-0.6183616666639131,-0.28419186824848375,0.3833693991764248,-2.7710133243439468,4 days 01:26:35.876288659,false
XMR-USD,false,24,80,136,23.703703703703706,0.6403342377496435,0.1859504132231405,0.0001,0.00003646723646723647,5.619834710743802,11.198347107438018,0.0005619834710743802,-0.5858074988068546,0,0,17424,726 days 01:00:00,1000.0,548.5528851921574,-45.14471148078426,34.915698157888286,100.0,193.72490645116991,50.211744784703214,635 days 19:00:00,135,1,25.56997904157572,19.444522749107445,-7.677465801481964,4.054792932991734,-1.8078293190332357,6 days 22:26:15,1 days 17:52:25.631067961,-3.5334599544401355,-0.4195785309295478,-0.5189379151113755,0.9823963754337697,-0.04423555257093853,26.315815494773084,0.9887781626879087,0.3941115289223138,-0.00745241146049088,None,None,-0.000022196346152458333,-0.134243501530068,-0.4514471148078394,-0.18813092734696746,0.385058021778259,-2.2929631616312105,2 days 23:23:59.999999999,false
XMR-USD,false,29,68,136,23.703703703703706,0.6275694101408162,0.1859504132231405,0.0001,0.00003646723646723647,5.619834710743802,11.198347107438018,0.0005619834710743802,-0.7296402056841238,0,0,17424,726 days 01:00:00,1000.0,502.07802511346364,-49.792197488653635,34.915698157888286,100.0,183.3133433924291,54.38947933495905,635 days 19:00:00,135,1,23.403622377977,22.464577726885366,-7.677465801481981,4.528044488064779,-2.0219403722650338,6 days 22:20:37.500000,1 days 17:50:40.776699029,-3.861671090848242,-0.5209538576299185,-0.5382565712987749,0.9782805332437892,0.15030868791172847,23.181758985553866,0.9914412579062619,0.39188433580956944,-0.007468588115302489,None,None,-0.000027413921867383757,-0.16579939945393696,-0.49792197488653545,-0.21269787571458254,0.3830274125202794,-2.4260690782551166,2 days 23:21:19.999999999,false
XMR-USD,false,32,61,136,23.703703703703706,0.6003856756410035,0.1859504132231405,0.0001,0.00003646723646723647,5.619834710743802,11.198347107438018,0.0005619834710743802,-0.824080113714716,0,0,17424,726 days 01:00:00,1000.0,472.1684253226106,-52.78315746773894,34.915698157888286,100.0,176.16954612554932,57.30837695743701,635 days 19:00:00,135,1,22.009430750443926,22.464577726885356,-8.721267796798307,4.45271955723991,-2.0593117832565597,6 days 20:43:07.500000,1 days 18:21:33.203883495,-4.07289633650247,-0.5896340532990293,-0.5483649876450065,0.9754744663398808,0.12127865333839705,23.021457647271347,0.9879958378515784,0.3921067348406168,-0.007487835016430393,None,None,-0.00003097715976617996,-0.1873498622658564,-0.5278315746773898,-0.22930397965678084,0.3823992065549781,-2.511731406001228,2 days 23:21:46.666666666,false
XMR-USD,false,35,58,136,23.703703703703706,0.6194441026497054,0.1859504132231405,0.0001,0.00003646723646723647,5.619834710743802,11.198347107438018,0.0005619834710743802,-0.7836486369392627,0,0,17424,726 days 01:00:00,1000.0,484.38344487510744,-51.56165551248926,34.915698157888286,100.0,179.76864231756372,55.883532546460835,635 days 19:00:00,135,1,24.746546109011888,22.464577726885366,-8.721267796798307,4.598512644147705,-2.077890063335492,6 days 20:52:30,1 days 18:16:53.592233009,-4.00268963876966,-0.5597552948108752,-0.5464888541712464,0.9766675182987203,0.152265263621358,23.138682311239137,0.9886120863985834,0.39188433580956944,-0.007489941431631831,None,None,-0.000029465174521398957,-0.1782053755054209,-0.5156165551248886,-0.22244139385146156,0.38314993106415574,-2.4767470860622116,2 days 23:20:26.666666665,false
XMR-USD,false,14,21,347,23.699421965317917,0.43922871259393526,0.4765840220385675,0.0001,0.000036460649177412184,14.338842975206612,28.636363636363637,0.0014338842975206612,-2.904846193405981,0,0,17424,726 days 01:00:00,1000.0,117.69740294748863,-88.23025970525113,34.915698157888286,100.0,280.5040714891215,88.75332523665011,725 days 03:00:00,346,1,4.9101771886387695,19.953020527826922,-11.59538764145427,2.47411481271572,-1.547265246510703,2 days 15:27:04.390243902,0 days 16:06:21.818181818,-2.564198769483093,-2.1268979749378465,-0.7424224521248752,0.9133486846271229,-0.4368391949632741,36.98676825820252,1.0059847302505818,0.369674579468637,-0.007615482258610213,None,None,-0.00011086075919069068,-0.6704858715852973,-0.8823025970525121,-0.5241448402182665,0.3793928438832611,-3.5269510380767746,1 days 03:19:35.722543351,false
XMR-USD,false,15,20,347,23.699421965317917,0.43773225312941316,0.4765840220385675,0.0001,0.000036460649177412184,14.338842975206612,28.636363636363637,0.0014338842975206612,-2.933064191400774,0,0,17424,726 days 01:00:00,1000.0,115.73316591635194,-88.42668340836481,34.915698157888286,100.0,280.54149602815244,88.94101956544655,725 days 03:00:00,346,1,4.828231864257532,19.953020527826926,-11.595387641454286,2.4592782987802964,-1.5489873693194955,2 days 15:27:04.390243902,0 days 16:04:59.999999999,-2.5696389189245803,-2.14758043994783,-0.7440865749668127,0.9125004367262949,-0.43627570948118094,37.10476450081909,1.0071517067338969,0.3688138256087982,-0.0076150902355893845,None,None,-0.00011184620842990345,-0.6764458685840561,-0.8842668340836467,-0.526916387990819,0.3790790387713446,-3.5325766939701624,1 days 03:18:33.294797686,false
XMR-USD,false,18,64,174,23.699421965317917,0.5094698303459506,0.23829201101928374,0.0001,0.000036460649177412184,7.1900826446281,14.338842975206612,0.00071900826446281,-1.369168730482664,0,0,17424,726 days 01:00:00,1000.0,331.64657480363167,-66.83534251963682,34.915698157888286,100.0,193.56131079245915,69.73839064848764,722 days 11:00:00,173,1,15.048740322534968,21.24696439820229,-7.125563139087604,3.5602204333995706,-1.90434843772065,5 days 13:42:26.341463414,1 days 07:29:32.727272727,-3.9503015347913486,-0.9828000853256833,-0.6106283407323764,0.9594856493609897,0.13279727771881594,23.406524111401556,0.9899299227798121,0.3895534290271132,-0.007523499489008684,None,None,-0.000051371642167180136,-0.31069569182710544,-0.6683534251963692,-0.31823852779688455,0.380466311082129,-2.9141917832319537,2 days 07:43:00.346820808,false
XMR-USD,false,24,45,174,23.699421965317917,0.5142227952621304,0.23829201101928374,0.0001,0.000036460649177412184,7.1900826446281,14.338842975206612,0.00071900826446281,-1.3764233829291703,0,0,17424,726 days 01:00:00,1000.0,329.31921680366736,-67.06807831963326,34.915698157888286,100.0,190.30857401980967,71.63154701966793,722 days 11:00:00,173,1,14.943134509480046,20.68021897104223,-7.125563139087602,3.7645598486060368,-1.9666927676147088,5 days 10:02:55.609756097,1 days 08:45:27.272727272,-3.9631440329815746,-0.9884862646261361,-0.5973227238737354,0.9592448573042757,0.12659848628176598,23.385020233272307,0.9910235212885873,0.39010769844435583,-0.007581889598690249,None,None,-0.00005174174066116116,-0.3129340475187027,-0.6706807831963322,-0.31990292426310707,0.38100295164881764,-2.9208574325609176,2 days 07:48:54.104046241,false
XMR-USD,false,26,42,174,23.699421965317917,0.5344640500651022,0.23829201101928374,0.0001,0.000036460649177412184,7.1900826446281,14.338842975206612,0.00071900826446281,-1.2873072964605607,0,0,17424,726 days 01:00:00,1000.0,349.12952757840026,-65.08704724215998,34.915698157888286,100.0,194.5622816715855,69.60994344211801,722 days 11:00:00,173,1,15.842043906431286,21.322008276614884,-7.125563139087602,3.8401162893600094,-1.944167792990014,5 days 09:26:20.487804878,1 days 08:55:54.545454545,-3.853829574150474,-0.923310107547596,-0.5901752987877332,0.9618831658373951,0.13730109559514525,23.247368071429896,0.9929560630368034,0.3902186053933302,-0.007586227038464322,None,None,-0.00004837015370916818,-0.2925426896330492,-0.6508704724215981,-0.30597303141133547,0.3813184525920888,-2.8641198852114393,2 days 07:48:12.485549131,false
XMR-USD,false,26,43,174,23.699421965317917,0.5190807410346895,0.23829201101928374,0.0001,0.000036460649177412184,7.1900826446281,14.338842975206612,0.00071900826446281,-1.3376706036031267,0,0,17424,726 days 01:00:00,1000.0,337.9325612747323,-66.20674387252677,34.915698157888286,100.0,194.62055051462232,70.96624853423273,722 days 11:00:00,173,1,15.333972208709554,21.32200827661489,-7.125563139087617,3.7335637462641444,-1.9356841687350892,5 days 10:58:32.195121951,1 days 08:27:43.636363636,-3.9156150921039146,-0.9601745212128903,-0.5923900552100975,0.9604023043009207,0.13261042527705796,23.310658706228697,0.9896302339048482,0.3907734056987789,-0.007581889598690297,None,None,-0.000050260191189012704,-0.3039736363111488,-0.6620674387252691,-0.3137809218946823,0.3810060773818372,-2.8961884586451867,2 days 07:48:33.294797687,false
XMR-USD,false,26,44,174,23.699421965317917,0.5213957937575153,0.23829201101928374,0.0001,0.000036460649177412184,7.1900826446281,14.338842975206612,0.00071900826446281,-1.3680203665054727,0,0,17424,726 days 01:00:00,1000.0,330.8702987941074,-66.91297012058926,34.915698157888286,100.0,194.68527365188413,70.27067908522815,722 days 11:00:00,173,1,15.013516150258056,21.322008276614888,-7.1255631390876,3.772419504543978,-1.9637584658371547,5 days 12:42:26.341463414,1 days 07:57:16.363636363,-3.954585071422837,-0.9821165477188482,-0.6069649501337352,0.9595184414894401,0.13291412460145194,23.25621109146611,0.9891053895525185,0.39088441890166026,-0.007573869459241555,None,None,-0.000051451974480067677,-0.3111815416554493,-0.6691297012058919,-0.3187928270029524,0.3813264772127607,-2.916415069749136,2 days 07:49:56.531791906,false
XMR-USD,false,29,38,174,23.699421965317917,0.5320237728534464,0.23829201101928374,0.0001,0.000036460649177412184,7.1900826446281,14.338842975206612,0.00071900826446281,-1.3099142877239605,0,0,17424,726 days 01:00:00,1000.0,343.0554872404132,-65.69445127595867,34.915698157888286,100.0,196.33882794728166,69.94847687502772,722 days 11:00:00,173,1,15.566429253063859,22.18521442516037,-7.125563139087607,3.8280449888248795,-1.9527109550717003,5 days 09:16:05.853658536,1 days 09:03:38.181818181,-3.8873464856222544,-0.9404601436494996,-0.5947181590715533,0.9611953139026949,0.12313087654414381,23.18728306440694,0.991018071141561,0.391106498483155,-0.007592921762430987,None,None,-0.000049341267828581294,-0.29841598782725964,-0.6569445127595872,-0.310187956390247,0.3818808264961693,-2.881516187328957,2 days 07:51:40.578034681,false
XMR-USD,false,19,74,153,23.684210526315788,0.5612345037879066,0.209366391184573,0.0001,0.00003643724696356275,6.322314049586777,12.603305785123966,0.0006322314049586777,-1.0751035384195464,0,0,17424,726 days 01:00:00,1000.0,401.52917492148777,-59.847082507851226,34.915698157888286,100.0,186.79613346222396,63.142226237923616,722 days 11:00:00,152,1,18.21972166874633,22.090837561254002,-7.172505688054684,3.9903718833316892,-1.9844992135824933,6 days 11:03:19.999999999,1 days 11:05:10.344827586,-4.057174649653013,-0.7713311309328108,-0.5826701493719305,0.9681005241485148,0.10001785822122414,23.11067690462651,0.9868277792481084,0.39244046667732146,-0.007505915383561972,None,None,-0.00004036808897576247,-0.24414620212541144,-0.5984708250785127,-0.27145705987771274,0.38093885746044764,-2.7140451334303437,2 days 15:29:59.999999999,false
XMR-USD,false,19,75,153,23.684210526315788,0.5696900111745841,0.209366391184573,0.0001,0.00003643724696356275,6.322314049586777,12.603305785123966,0.0006322314049586777,-1.0356232408450843,0,0,17424,726 days 01:00:00,1000.0,412.00539268933653,-58.79946073106635,34.915698157888286,100.0,188.9807988777432,62.180577400214396,722 days 11:00:00,152,1,18.695088799686857,22.090837561254006,-7.17250568805469,4.0140467480509425,-1.9695671648261068,6 days 11:15:00,1 days 11:06:12.413793103,-3.991379579673354,-0.7428905110529962,-0.578433334331271,0.9692763309277206,0.0996361668607031,23.091201041167942,0.9862189659805201,0.39344262295081966,-0.007505915383561968,None,None,-0.00003888607417436079,-0.2351829766065341,-0.587994607310659,-0.26491492745808376,0.38100198070675034,-2.684040813538255,2 days 15:33:33.157894735,false
XMR-USD,false,33,87,115,23.684210526315788,0.5411930522437878,0.15702479338842976,0.0001,0.00003643724696356275,4.75206611570248,9.462809917355372,0.000475206611570248,-1.0164966236008486,0,0,17424,726 days 01:00:00,1000.0,410.4268002367994,-58.95731997632006,34.915698157888286,100.0,149.53650892335654,63.98334330063777,635 days 19:00:00,114,1,18.632584534831835,20.401051514359676,-8.2536954477378,4.488495747884772,-2.3601109744490936,8 days 11:13:20,1 days 22:29:39.310344827,-5.335138458754675,-0.7348691237399773,-0.564065169070817,0.9691524846266009,-0.1704911725288667,26.741153575467727,0.9793456742978642,0.38557569974554706,-0.007466933014796047,None,None,-0.000038852560244015086,-0.23498028435580323,-0.5895731997632033,-0.26589371346178803,0.384828817624929,-2.6885619674484498,3 days 11:36:50.526315788,false
XMR-USD,false,35,77,115,23.684210526315788,0.6037411213401268,0.15702479338842976,0.0001,0.00003643724696356275,4.75206611570248,9.462809917355372,0.000475206611570248,-0.780058622948335,0,0,17424,726 days 01:00:00,1000.0,482.829668492333,-51.7170331507667,34.915698157888286,100.0,162.01364262729092,57.50731139626003,635 days 19:00:00,114,1,23.619250530558247,20.319789931184353,-8.039372144347581,4.738527925988496,-2.24922888008653,8 days 16:33:20,1 days 21:11:02.068965517,-4.743768263493203,-0.5611365616347875,-0.5330075262192461,0.9764438640418124,-0.09700841435344572,26.46783744616237,0.9856726328410559,0.38756171364867015,-0.007452411460490811,None,None,-0.00002959338216904401,-0.17898077535837817,-0.5171703315076649,-0.22330800985925725,0.3838698299385934,-2.4811971657247986,3 days 11:52:37.894736840,false
XMR-USD,false,35,79,115,23.684210526315788,0.6040127617809093,0.15702479338842976,0.0001,0.00003643724696356275,4.75206611570248,9.462809917355372,0.000475206611570248,-0.7444231439242631,0,0,17424,726 days 01:00:00,1000.0,494.5409203281548,-50.54590796718452,34.915698157888286,100.0,159.56499127628675,56.40161839413764,635 days 19:00:00,114,1,22.4512032319318,20.755148066145257,-8.039372144347595,4.707255813555975,-2.210742020689697,8 days 12:20:00,1 days 22:22:45.517241379,-4.630791955296292,-0.5352954520526808,-0.5285530577435655,0.9775065867922996,-0.09014934470285708,26.328983293809355,0.9865538505532303,0.3870094722598106,-0.007445281664846122,None,None,-0.00002822402569804924,-0.17069890742180183,-0.505459079671845,-0.21682031816934566,0.38378089351358863,-2.4476556573096904,3 days 11:47:22.105263156,false
XMR-USD,false,35,82,115,23.684210526315788,0.545372992539488,0.15702479338842976,0.0001,0.00003643724696356275,4.75206611570248,9.462809917355372,0.000475206611570248,-0.9958254201452946,0,0,17424,726 days 01:00:00,1000.0,415.86236961053953,-58.413763038946044,34.915698157888286,100.0,153.2932179232219,63.43658360739979,635 days 19:00:00,114,1,18.87934889279461,20.2375634367495,-9.192802668893387,4.421500185318416,-2.3242796578372102,8 days 11:06:40,1 days 22:37:14.482758620,-5.2896226252829415,-0.7197220061707681,-0.5622412295061067,0.9697748592378141,-0.16764701196290768,26.693761658933298,0.9807700390477665,0.3857960871639891,-0.007466933014796045,None,None,-0.000038079667726341774,-0.23030583040891506,-0.5841376303894679,-0.2625337142707228,0.38511134497150795,-2.672994272513179,3 days 11:41:03.157894736,false
XMR-USD,false,36,76,115,23.684210526315788,0.5867913316745492,0.15702479338842976,0.0001,0.00003643724696356275,4.75206611570248,9.462809917355372,0.000475206611570248,-0.8455275433507122,0,0,17424,726 days 01:00:00,1000.0,462.2704034446331,-53.77295965553669,34.915698157888286,100.0,159.19410670860248,58.804822274390986,635 days 19:00:00,114,1,20.986184053193938,20.319789931184367,-8.039372144347599,4.6404958439734605,-2.2671655030206095,8 days 13:51:06.666666666,1 days 21:56:33.103448275,-4.901015619373345,-0.6084862708207951,-0.5467644916211136,0.9744673282942375,-0.09157609076987575,26.30835963724848,0.9861039568800053,0.3864576702737111,-0.0074524114604908025,None,None,-0.00003209062462093204,-0.19408409770739696,-0.5377295965553689,-0.23495035977986745,0.38387102379931004,-2.5400797490107787,3 days 11:48:56.842105262,false
XMR-USD,false,2,4,2028,23.680315737543168,0.3764765412331954,2.7920110192837466,0.0001,0.000036431254980835644,83.80165289256199,167.5619834710744,0.008380165289256199,-8.515930317493527,0,0,17424,726 days 01:00:00,1000.0,2.158467513874143,-99.78415324861258,34.915698157888286,100.0,680.6382466105392,99.79104296516466,725 days 02:00:00,2027,1,0.006787702723354716,13.309255567986277,-5.957955217046673,1.1882309747002462,-0.7566994931395687,0 days 09:31:37.500000,0 days 02:54:29.553975436,-0.4922784016718553,-6.343190140409837,-0.9563099006134614,0.7662830031142159,0.17086168293912957,22.095678751920044,1.1601830069795518,0.3394572987931432,-0.00807883340189026,None,None,-0.000339652529198944,-2.0542184965952135,-0.9978415324861274,-0.8812276951770325,0.38974905191535564,-3.857859315812334,0 days 04:28:32.086827823,false
XMR-USD,false,18,65,170,23.668639053254438,0.518438310030378,0.2327823691460055,0.0001,0.00003641329085116067,7.024793388429752,14.008264462809917,0.0007024793388429753,-1.3226670337757358,0,0,17424,726 days 01:00:00,1000.0,341.7772277939541,-65.82227722060459,34.915698157888286,100.0,191.02360334732293,68.72158048627676,722 days 11:00:00,169,1,15.508427163080114,21.24696439820229,-7.125563139087604,3.662647092861706,-1.9292694716512448,5 days 18:40:30,1 days 07:44:11.162790697,-3.9865751441960064,-0.9488873342545471,-0.6069290995738735,0.9608491771166702,0.13621178689319768,23.364525969401615,0.9893464425455757,0.3899968091895341,-0.00752074757873622,None,None,-0.00004963010721017427,-0.30016288840713395,-0.658222772206048,-0.311081166136856,0.3807049362722378,-2.88517717511926,2 days 09:02:50.414201182,false
XMR-USD,false,9,23,432,23.665893271461716,0.42549083442181856,0.59366391184573,0.0001,0.00003640906657147956,17.85123966942149,35.66115702479339,0.001785123966942149,-3.4003681637587335,0,0,17424,726 days 01:00:00,1000.0,83.37955352853021,-91.66204464714698,34.915698157888286,100.0,321.67199578747284,92.03240837941989,725 days 03:00:00,431,1,3.4784827148424,19.696810065100607,-11.520637103641045,2.081190750452925,-1.3801265432417225,2 days 03:46:28.235294117,0 days 12:35:11.854103343,-2.1348002997362174,-2.5005433607769194,-0.7749376044202014,0.8988852707286448,-0.45946283166749524,36.7335754588855,1.008917584364084,0.3673101067168863,-0.0076402341074818915,None,None,-0.00013059275758633333,-0.789824997882144,-0.9166204464714689,-0.5778048475619344,0.38013919174608957,-3.625238774623739,0 days 21:51:38.839907191,false
XMR-USD,false,26,73,132,23.66412213740458,0.6559650420679857,0.18044077134986225,0.0001,0.0000364063417498532,5.454545454545455,10.867768595041323,0.0005454545454545455,-0.5851180894082387,0,0,17424,726 days 01:00:00,1000.0,553.2950704757719,-44.670492952422805,34.915698157888286,100.0,181.30459924556953,53.11264706079165,635 days 19:00:00,131,1,25.791028974201254,22.46457772688538,-7.677465801481972,4.724882538950806,-2.0005593484629265,6 days 23:01:56.129032258,1 days 20:37:12,-3.6068393778506085,-0.4171152751001752,-0.484557048441668,0.9825909857831538,0.17187901971777253,23.268625581433398,0.9891761812605785,0.39388848892088635,-0.007460189988399812,None,None,-0.000021897785170614863,-0.1324378047118787,-0.4467049295242329,-0.1857017264180909,0.38212199878080694,-2.279381347336189,3 days 01:35:16.030534350,false
XMR-USD,false,28,70,132,23.66412213740458,0.6283674109254471,0.18044077134986225,0.0001,0.0000364063417498532,5.454545454545455,10.867768595041323,0.0005454545454545455,-0.7054298871097987,0,0,17424,726 days 01:00:00,1000.0,510.15968473578033,-48.984031526421965,34.915698157888286,100.0,179.88353442781997,55.71008756485883,635 days 19:00:00,131,1,23.78033695325695,22.464577726885352,-7.6774658014819765,4.573646291921594,-2.0366441681391922,7 days 01:42:34.838709677,1 days 19:47:24,-3.9207683375379867,-0.5042086412290985,-0.5152649936306232,0.9789892292004653,0.13761140223710785,23.210098601071806,0.9875471752983772,0.39333120102350866,-0.0074774153658258595,None,None,-0.00002651409972126475,-0.16035727511420922,-0.4898403152642187,-0.20832223400249883,0.38275823675551146,-2.402922871681296,3 days 01:35:16.030534350,false
XMR-USD,false,29,71,132,23.66412213740458,0.5971962704106341,0.18044077134986225,0.0001,0.0000364063417498532,5.454545454545455,10.867768595041323,0.0005454545454545455,-0.7680158077878719,0,0,17424,726 days 01:00:00,1000.0,484.45581854798684,-51.55441814520132,34.915698157888286,100.0,177.12445130356105,55.578486557298376,635 days 19:00:00,131,1,24.750243589699892,18.66646114119279,-7.677465801481964,4.199156350084795,-1.992327537160561,7 days 01:54:11.612903225,1 days 19:39:00,-4.124384923982537,-0.5522274202786238,-0.5493944202808985,0.9768590556136171,-0.09144648981302297,26.21911433198083,0.9874078595964044,0.3921067348406168,-0.00746858811530254,None,None,-0.000029274187895074077,-0.177050288389408,-0.515544181452017,-0.2224010718326932,0.38585562258529027,-2.47653980487725,3 days 01:31:36.183206106,false
XMR-USD,false,38,55,132,23.66412213740458,0.6282130514074443,0.18044077134986225,0.0001,0.0000364063417498532,5.454545454545455,10.867768595041323,0.0005454545454545455,-0.7415740547469126,0,0,17424,726 days 01:00:00,1000.0,498.34182442646187,-50.16581755735381,34.915698157888286,100.0,178.2998853920117,54.00211671032849,635 days 19:00:00,131,1,23.4740261476025,22.46457772688538,-8.721267796798323,4.6593740837847175,-2.0822186805949254,7 days 00:32:54.193548387,1 days 20:07:12,-4.00864276123008,-0.5298317914141512,-0.5470261126527254,0.9779002002278733,0.14836903775786023,23.22287337481165,0.9868553302665896,0.39277435856446324,-0.007487835016430322,None,None,-0.000027860438683171756,-0.1684999331558228,-0.501658175573537,-0.2147363136682614,0.38274355036814584,-2.436769711162718,3 days 01:33:53.587786258,false
XMR-USD,false,40,52,132,23.66412213740458,0.6362795852857369,0.18044077134986225,0.0001,0.0000364063417498532,5.454545454545455,10.867768595041323,0.0005454545454545455,-0.7178976242621034,0,0,17424,726 days 01:00:00,1000.0,506.1204041806105,-49.38795958193895,34.915698157888286,100.0,179.04228544674422,53.33563850157928,635 days 19:00:00,131,1,23.84043044198461,22.46457772688538,-8.721267796798305,4.720856853113597,-2.0847099266613918,7 days 00:19:21.290322580,1 days 20:13:12,-3.9520612691707937,-0.5127774771076998,-0.5435352801339454,0.9786064581524536,0.1504073612244299,23.195073283306016,0.987365344270987,0.39299704212966663,-0.007487835016430307,None,None,-0.000026967902517036994,-0.16310187442303975,-0.4938795958193932,-0.21050351362813768,0.3828037404458925,-2.4144915378351395,3 days 01:35:16.030534350,false
XMR-USD,false,57,74,94,23.655913978494624,0.5681322572705739,0.128099173553719,0.0001,0.00003639371381306865,3.884297520661157,7.7272727272727275,0.00038842975206611574,-0.9933839760577244,0,0,17424,726 days 01:00:00,1000.0,419.1583603337781,-58.08416396662219,34.915698157888286,100.0,134.25283027627435,64.53910087033867,635 days 19:00:00,93,1,20.68212137309689,19.5923125992549,-8.73554328507474,5.293264187846248,-2.796467340233296,10 days 06:57:16.363636363,2 days 08:17:44.788732394,-6.467997430530305,-0.7191586138780786,-0.5486725547936571,0.9696632171508093,-0.17440343337020472,27.11553713714478,0.9739063777176282,0.38008870584508153,-0.007446826610916543,None,None,-0.0000377921131356375,-0.22856670024433562,-0.5808416396662215,-0.2605102419256554,0.38250263713253446,-2.663554419103019,4 days 05:23:52.258064515,false
XMR-USD,false,58,73,94,23.655913978494624,0.5601399890262186,0.128099173553719,0.0001,0.00003639371381306865,3.884297520661157,7.7272727272727275,0.00038842975206611574,-1.0421126544110417,0,0,17424,726 days 01:00:00,1000.0,404.88293996053994,-59.51170600394601,34.915698157888286,100.0,134.44261108401176,65.79297780474907,635 days 19:00:00,93,1,19.977743255537177,19.68565517201736,-8.73554328507475,5.193953068154144,-2.8137603377397324,10 days 07:02:43.636363636,2 days 08:17:44.788732394,-6.613922616075232,-0.7552952765892835,-0.5551690426237024,0.9681568408256231,-0.18651771533396824,27.028564294823983,0.972392527004235,0.38019801980198015,-0.007458196364188672,None,None,-0.00003974634617639557,-0.2403859016748404,-0.5951170600394609,-0.26935071590552184,0.3830349353630851,-2.7044398119961666,4 days 05:25:09.677419354,false
XMR-USD,false,59,72,94,23.655913978494624,0.5617332354703417,0.128099173553719,0.0001,0.00003639371381306865,3.884297520661157,7.7272727272727275,0.00038842975206611574,-1.0347049002593822,0,0,17424,726 days 01:00:00,1000.0,406.8353159763792,-59.31646840236208,34.915698157888286,100.0,134.86636085905505,65.62802896863906,635 days 19:00:00,93,1,20.074077437428173,19.685655172017377,-8.73554328507474,5.193953068154147,-2.8072979164202714,10 days 07:02:43.636363636,2 days 08:20:16.901408450,-6.593965177000522,-0.7498044497214413,-0.5542225951156847,0.9683920985980312,-0.18560376477790877,27.0059289171046,0.9732340590910215,0.38019801980198015,-0.00746018998839977,None,None,-0.000039465405046834495,-0.23868676972325503,-0.5931646840236191,-0.2681297611949981,0.38311265281884693,-2.6988481265399265,4 days 05:27:05.806451611,false
XMR-USD,false,60,70,94,23.655913978494624,0.5745959969563584,0.128099173553719,0.0001,0.00003639371381306865,3.884297520661157,7.7272727272727275,0.00038842975206611574,-0.9778915011070103,0,0,17424,726 days 01:00:00,1000.0,423.54301435622847,-57.645698564377156,34.915698157888286,100.0,136.0489081117349,64.2534799509878,635 days 19:00:00,93,1,20.89846907185006,20.009826981298755,-8.73554328507474,5.330613428648501,-2.7919467145030534,10 days 07:00:00,2 days 08:21:07.605633802,-6.4231769324260455,-0.7078494117079251,-0.5458389065421284,0.970135811652431,-0.1740928057227799,27.119925002301667,0.9733669051133884,0.38063544885508277,-0.007446826610916375,None,None,-0.00003719608242456412,-0.22496190650376383,-0.5764569856437751,-0.2578344567088009,0.3824848787164361,-2.6509965890902176,4 days 05:27:05.806451612,false
XMR-USD,false,60,71,94,23.655913978494624,0.5616850756357241,0.128099173553719,0.0001,0.00003639371381306865,3.884297520661157,7.7272727272727275,0.00038842975206611574,-1.0371286163593518,0,0,17424,726 days 01:00:00,1000.0,406.21153332862445,-59.37884666713755,34.915698157888286,100.0,134.9787927131759,65.69002130527079,635 days 19:00:00,93,1,20.04329873979941,19.685655172017352,-8.735543285074744,5.191268385200605,-2.8078568213469235,10 days 07:05:27.272727272,2 days 08:20:16.901408450,-6.600341563561022,-0.7515966366328602,-0.5544464599726384,0.968319327974112,-0.18591495745794598,27.01478497627913,0.9725539606037366,0.3804166996751961,-0.007460189988399712,None,None,-0.00003955583902290141,-0.23923371441050773,-0.5937884666713698,-0.26851943861246197,0.3830749178855054,-2.700634665777762,4 days 05:27:44.516129030,false
XMR-USD,false,61,69,94,23.655913978494624,0.5727939937581373,0.128099173553719,0.0001,0.00003639371381306865,3.884297520661157,7.7272727272727275,0.00038842975206611574,-0.9850007003922097,0,0,17424,726 days 01:00:00,1000.0,421.55788533456575,-57.84421146654343,34.915698157888286,100.0,135.53005799607848,64.42102244836703,635 days 19:00:00,93,1,20.800518790398826,20.009826981298755,-8.735543285074742,5.328940282226938,-2.7979818432891324,10 days 06:57:16.363636363,2 days 08:20:16.901408450,-6.443469176944442,-0.7130194360920318,-0.5467968917007086,0.9699187011997767,-0.17402269237910153,27.123857945358118,0.9735543814624987,0.3804166996751961,-0.007446826610916434,None,None,-0.00003746649520786913,-0.22659736301719252,-0.5784421146654326,-0.2590436527532771,0.38247199837903467,-2.656682080506388,4 days 05:25:48.387096772,false
XMR-USD,false,62,68,94,23.655913978494624,0.569522893251076,0.128099173553719,0.0001,0.00003639371381306865,3.884297520661157,7.7272727272727275,0.00038842975206611574,-1.0072052979367563,0,0,17424,726 days 01:00:00,1000.0,415.2802807801745,-58.471971921982544,34.915698157888286,100.0,135.28293309099828,64.9508447083431,635 days 19:00:00,93,1,20.490769083336318,20.009826981298755,-8.73554328507474,5.316671970255523,-2.8147598208404028,10 days 06:54:32.727272727,2 days 08:20:16.901408450,-6.5076396591737815,-0.7292128780983775,-0.5498303883400288,0.9692471876180617,-0.1743047736332792,27.106723203851796,0.9734876440638893,0.38019801980198015,-0.007451445542635756,None,None,-0.000038323564480340385,-0.23178091797709865,-0.5847197192198283,-0.2628921566612996,0.38253353217315733,-2.674661398937897,4 days 05:25:09.677419353,false
XMR-USD,false,63,67,94,23.655913978494624,0.5743546893529471,0.128099173553719,0.0001,0.00003639371381306865,3.884297520661157,7.7272727272727275,0.00038842975206611574,-0.9792397030973129,0,0,17424,726 days 01:00:00,1000.0,423.0587748013111,-57.6941225198689,34.915698157888286,100.0,136.23576993204605,64.29434918592182,635 days 19:00:00,93,1,20.874575712689875,20.009826981298755,-8.735543285074739,5.316671970255526,-2.789776299542044,10 days 06:54:32.727272727,2 days 08:21:58.309859154,-6.428126891520195,-0.7087983985849008,-0.5460725387597284,0.9700973354071328,-0.17370900956025373,27.092644710199124,0.9739357047059116,0.3804166996751961,-0.007451445542635743,None,None,-0.000037255521536250745,-0.2253213942512445,-0.576941225198689,-0.25812907838054955,0.3825831724494205,-2.6523834711532017,4 days 05:26:27.096774192,false
XMR-USD,false,64,66,94,23.655913978494624,0.5760836148652659,0.128099173553719,0.0001,0.00003639371381306865,3.884297520661157,7.7272727272727275,0.00038842975206611574,-0.9709477823168694,0,0,17424,726 days 01:00:00,1000.0,425.40562519493346,-57.45943748050666,34.915698157888286,100.0,136.5895744843956,64.09627784061783,635 days 19:00:00,93,1,20.99037405832405,20.009826981298755,-8.735543285074755,5.316671970255526,-2.7824894789785413,10 days 06:54:32.727272727,2 days 08:21:07.605633802,-6.404137084552588,-0.7027732222918613,-0.5449405515645948,0.9703457211104425,-0.1738359543469905,27.09420355918124,0.9739830020308891,0.3804166996751961,-0.007451445542635744,None,None,-0.000036938364917263254,-0.22340323101960816,-0.5745943748050623,-0.25670325005769057,0.3825783647166342,-2.6456619948046263,4 days 05:25:48.387096773,false
XMR-USD,false,64,72,94,23.655913978494624,0.5555640779028689,0.128099173553719,0.0001,0.00003639371381306865,3.884297520661157,7.7272727272727275,0.00038842975206611574,-1.0848844186904,0,0,17424,726 days 01:00:00,1000.0,393.3395414580841,-60.66604585419159,34.915698157888286,100.0,137.52687550689913,66.859637139766,630 days 14:00:00,93,1,18.678549744808493,18.361512054478208,-7.193138527540476,4.917024579630809,-2.7781639119630386,10 days 10:13:38.181818181,2 days 07:34:38.873239436,-6.724075357921771,-0.7868743965461333,-0.5600169994831983,0.9668680881363966,-0.1924327652071371,27.045050927099755,0.9721041994239509,0.38030735107731306,-0.007451445542635767,None,None,-0.0000414067701525906,-0.250428145882868,-0.6066604585419195,-0.2766493191384318,0.3830221462872708,-2.737500581539587,4 days 05:37:25.161290321,false
XMR-USD,false,65,71,94,23.655913978494624,0.5581607869163402,0.128099173553719,0.0001,0.00003639371381306865,3.884297520661157,7.7272727272727275,0.00038842975206611574,-1.0708314000185282,0,0,17424,726 days 01:00:00,1000.0,397.0463708436313,-60.29536291563687,34.915698157888286,100.0,137.8949069486051,66.54732256685878,630 days 14:00:00,93,1,18.854576281110383,18.361512054478208,-7.193138527540461,4.933928993413495,-2.7698564247087196,10 days 10:10:54.545454545,2 days 07:34:38.873239436,-6.686109735886879,-0.7766494616968537,-0.55820197564069,0.9672892667234757,-0.19267633396000675,27.04560806961963,0.97192226404431,0.3804166996751961,-0.00745144554263578,None,None,-0.00004086857798513202,-0.24717315965407846,-0.6029536291563676,-0.2742905164167898,0.3830208586521587,-2.726884069251089,4 days 05:36:46.451612901,false
XMR-USD,false,66,70,94,23.655913978494624,0.5579125525319953,0.128099173553719,0.0001,0.00003639371381306865,3.884297520661157,7.7272727272727275,0.00038842975206611574,-1.073325158137402,0,0,17424,726 days 01:00:00,1000.0,396.38898987653397,-60.36110101234661,34.915698157888286,100.0,137.89365461963536,66.60270943110909,630 days 14:00:00,93,1,18.823359172731898,18.361512054478208,-7.193138527540461,4.933928993413495,-2.772153770273407,10 days 10:10:54.545454545,2 days 07:33:48.169014084,-6.692842680604283,-0.7784607851614688,-0.5585235911981393,0.9672130897859285,-0.1926226849626698,27.046002707506467,0.9720481479310793,0.38030735107731306,-0.00745144554263578,None,None,-0.000040963752956799396,-0.24774877788272273,-0.6036110101234646,-0.27470778201382806,0.38301955091345874,-2.7287668354616477,4 days 05:36:07.741935482,false
XMR-USD,false,67,69,94,23.655913978494624,0.5579125525319953,0.128099173553719,0.0001,0.00003639371381306865,3.884297520661157,7.7272727272727275,0.00038842975206611574,-1.073325158137402,0,0,17424,726 days 01:00:00,1000.0,396.38898987653397,-60.36110101234661,34.915698157888286,100.0,137.89365461963536,66.60270943110909,630 days 14:00:00,93,1,18.823359172731898,18.361512054478208,-7.193138527540461,4.933928993413495,-2.772153770273407,10 days 10:10:54.545454545,2 days 07:33:48.169014084,-6.692842680604283,-0.7784607851614688,-0.5585235911981393,0.9672130897859285,-0.1926226849626698,27.046002707506467,0.9720481479310793,0.38030735107731306,-0.00745144554263578,None,None,-0.000040963752956799396,-0.24774877788272273,-0.6036110101234646,-0.27470778201382806,0.38301955091345874,-2.7287668354616477,4 days 05:36:07.741935482,false
XMR-USD,false,10,21,428,23.653395784543328,0.4219737793809207,0.5881542699724518,0.0001,0.000036389839668528196,17.68595041322314,35.3305785123967,0.001768595041322314,-3.459551572223175,0,0,17424,726 days 01:00:00,1000.0,79.87856540362634,-92.01214345963736,34.915698157888286,100.0,315.3236473640577,92.36695614883429,725 days 03:00:00,427,1,3.332426203839603,19.696810065100617,-11.520637103641041,2.0956480630828085,-1.4036707801299835,2 days 03:52:16.633663366,0 days 12:50:03.680981595,-2.1626554117101024,-2.5444188537345434,-0.778755147339864,0.8972306421631407,-0.45561778660537333,36.59392526036287,1.0097444783085705,0.366452321204517,-0.007657573012803562,None,None,-0.00013302826589793641,-0.8045549521507195,-0.9201214345963737,-0.5840441448611506,0.38055135198238943,-3.635265749049604,0 days 22:04:04.496487118,false
XMR-USD,false,20,74,149,23.64864864864865,0.6029900837665164,0.20385674931129477,0.0001,0.00003638253638253638,6.15702479338843,12.272727272727273,0.000615702479338843,-0.8461118295338743,0,0,17424,726 days 01:00:00,1000.0,467.514350726177,-53.248564927382304,34.915698157888286,100.0,195.26609074590115,57.40248390681217,635 days 19:00:00,148,1,20.748661453375746,22.090837561254006,-7.172505688054685,4.040269344950974,-1.885282342777081,6 days 12:42:51.428571428,1 days 12:52:33.982300884,-3.7380696670756652,-0.6058246022347044,-0.5534002296457295,0.9748825842078033,0.11264330587064718,23.121569587256534,0.9883510961391564,0.39366552027513396,-0.007466933014796055,None,None,-0.00003166703238522941,-0.1915222118658675,-0.5324856492738218,-0.23194919700263616,0.3804682358722376,-2.5250608676530844,2 days 17:12:58.378378376,false
XMR-USD,false,24,62,149,23.64864864864865,0.6013720686388693,0.20385674931129477,0.0001,0.00003638253638253638,6.15702479338843,12.272727272727273,0.000615702479338843,-0.8961338182818411,0,0,17424,726 days 01:00:00,1000.0,452.5924029401,-54.74075970599001,34.915698157888286,100.0,191.70811666900846,58.454953124483424,722 days 11:00:00,148,1,20.086413455303898,22.09083756125401,-7.172505688054686,4.231265827398333,-1.9679356249343145,6 days 13:06:51.428571428,1 days 12:45:39.823008849,-3.8344189899675944,-0.6413092971177328,-0.5623174357329461,0.9734182415920797,0.12730046019092903,23.061309624638128,0.9870642917078558,0.39366552027513396,-0.007487835016430403,None,None,-0.000033526075832299604,-0.20276570663374802,-0.5474075970599032,-0.24054807484555996,0.38051618276040905,-2.567797941729622,2 days 17:13:22.702702701,false
XMR-USD,false,10,31,352,23.646723646723647,0.4409848908708634,0.4834710743801653,0.0001,0.0000363795748411133,14.545454545454547,29.049586776859506,0.0014545454545454547,-2.720275669909077,0,0,17424,726 days 01:00:00,1000.0,133.68416830897593,-86.63158316910241,34.915698157888286,100.0,291.40979358260387,87.37573061261718,722 days 11:00:00,351,1,6.1858044409666775,21.41807728755478,-11.595387641454282,2.476626138924467,-1.4859320329885315,2 days 17:33:58.554216867,0 days 15:02:54.626865671,-2.4857596470996866,-1.9829293023301622,-0.7283162795864323,0.9190086047079175,-0.38307407877880395,36.83609245276664,1.014832181881747,0.3703208556149733,-0.0075956066300867315,None,None,-0.00010351744341373588,-0.6260734977662746,-0.8663158316910223,-0.5026372348615851,0.37998307368337264,-3.4811642825343383,1 days 02:59:39.487179486,false
XMR-USD,false,27,45,166,23.636363636363637,0.5242458215824826,0.22727272727272727,0.0001,0.000036363636363636364,6.859504132231405,13.677685950413224,0.0006859504132231406,-1.2758768661464777,0,0,17424,726 days 01:00:00,1000.0,351.1724657864015,-64.88275342135985,34.915698157888286,100.0,187.1777448953975,69.46519601862437,722 days 11:00:00,165,1,15.934743933878792,21.322008276614895,-7.1255631390876175,3.8273590940140747,-1.9702868504825628,5 days 18:43:04.615384615,1 days 09:41:25.714285714,-4.028862291802893,-0.9147426281470582,-0.5889136349210305,0.9622351529122384,0.14168093631845466,23.150994948936315,0.9899465819483121,0.3907734056987789,-0.007573869459241607,None,None,-0.000047997358217265924,-0.2902880224980243,-0.6488275342136014,-0.3045661540185278,0.3819234814314177,-2.85826882590063,2 days 10:30:54.545454544,false
XMR-USD,false,28,47,166,23.636363636363637,0.5358136521037827,0.22727272727272727,0.0001,0.000036363636363636364,6.859504132231405,13.677685950413224,0.0006859504132231406,-1.2007842205462724,0,0,17424,726 days 01:00:00,1000.0,368.7967307562549,-63.12032692437452,34.915698157888286,100.0,191.6385381304185,67.11424407272452,722 days 11:00:00,165,1,16.734459676650886,21.32200827661488,-8.22201060396848,3.8660144716098244,-1.9429744442626389,5 days 19:27:41.538461538,1 days 09:20:00,-3.9268953267902758,-0.8609765620762292,-0.5875991257110549,0.9643764435325315,0.12631197308564782,23.254262054253257,0.9913947610711724,0.39010769844435583,-0.007529929648075723,None,None,-0.000045183053391973864,-0.27326710691465794,-0.6312032692437426,-0.2926453761157487,0.38198137854888203,-2.8077922039234413,2 days 10:25:05.454545453,false
XMR-USD,false,40,79,111,23.636363636363637,0.5598521692596502,0.15151515151515152,0.0001,0.000036363636363636364,4.586776859504132,9.132231404958677,0.0004586776859504132,-0.9934840479498902,0,0,17424,726 days 01:00:00,1000.0,417.30916454078465,-58.26908354592153,34.915698157888286,100.0,152.87733683162656,63.27444832741001,635 days 19:00:00,110,1,20.26295361365868,20.564604478564068,-9.192802668893414,4.667118403484634,-2.4252414814010677,8 days 17:23:04.615384615,2 days 00:16:25.714285714,-5.481398082480667,-0.718219121867742,-0.561905194781911,0.9697650941748801,-0.16982690465235933,26.88069112438443,0.9783914696505758,0.38392502581208793,-0.0074619217986051775,None,None,-0.000037927295640275374,-0.22938428403238548,-0.5826908354592124,-0.26164421430550755,0.3843729861274945,-2.6688505921442434,3 days 14:21:16.363636362,false
XMR-USD,false,13,14,475,23.628691983122362,0.39999502532333475,0.6528925619834711,0.0001,0.000036351833820188254,19.62809917355372,39.214876033057855,0.001962809917355372,-4.0865838418152345,0,0,17424,726 days 01:00:00,1000.0,52.78828772742327,-94.72117122725767,34.915698157888286,100.0,332.86960946168534,94.8922639453744,725 days 02:00:00,474,1,1.0619615109607423,14.724388853031176,-11.465212964445197,1.9177034697219146,-1.3820405445077473,1 days 21:36:57.857142857,0 days 11:55:11.602209944,-2.000577370851345,-3.017663505560108,-0.813636279068314,0.8789417189899782,-0.46262802729074926,37.32960519391968,1.0119068945112175,0.36015923815471074,-0.007679366806094924,None,None,-0.00015692393991583784,-0.9490759886109873,-0.9472117122725772,-0.6397460612887478,0.3785091104416038,-3.712853421945908,0 days 19:52:54.683544302,false
XMR-USD,false,25,41,183,23.626373626373624,0.4984155173594551,0.25068870523415976,0.0001,0.000036348267117497885,7.56198347107438,15.082644628099175,0.0007561983471074381,-1.5374592653201369,0,0,17424,726 days 01:00:00,1000.0,295.4596882863857,-70.45403117136144,34.915698157888286,100.0,189.51654448410477,73.3428502501691,722 days 11:00:00,182,1,14.721168069060923,20.680218971042216,-7.1255631390876,3.7549572953058856,-1.9958125972237444,5 days 04:48:50.232558139,1 days 06:46:37.122302158,-3.951986152652057,-1.1062264070399814,-0.6247937258427326,0.9545203965206538,0.11365276795321805,23.324148248503032,0.987933495354846,0.3895534290271132,-0.007608808267455798,None,None,-0.000057948872915487365,-0.3504747833928676,-0.7045403117136133,-0.34503733160735106,0.3812930738416658,-3.0178325191370745,2 days 04:59:40.219780219,false
XMR-USD,false,30,72,128,23.62204724409449,0.6209166765302193,0.174931129476584,0.0001,0.00003634161114476076,5.289256198347108,10.537190082644628,0.0005289256198347108,-0.6923632736316485,0,0,17424,726 days 01:00:00,1000.0,510.2460046449346,-48.97539953550654,34.915698157888286,100.0,177.86333362558605,53.102168639706484,635 days 19:00:00,127,1,24.034763826074084,19.702048652753017,-7.780175558306748,4.38520531512089,-2.001169615855452,7 days 09:34:00,1 days 20:24:44.536082474,-4.04558078095386,-0.49719706635040956,-0.5404561516088172,0.9791640631440847,-0.07305433909485598,26.227414129802845,0.9853361017690272,0.39321979691372827,-0.007487835016430253,None,None,-0.000026326754084534858,-0.1592242087032668,-0.4897539953550667,-0.20827574306592267,0.3854133055202952,-2.402675647900279,3 days 03:51:58.110236219,false
XMR-USD,false,11,15,505,23.61111111111111,0.3875614547781087,0.6942148760330579,0.0001,0.000036324786324786323,20.867768595041323,41.69421487603306,0.002086776859504132,-4.290101167580284,0,0,17424,726 days 01:00:00,1000.0,45.96581422168697,-95.4034185778313,34.915698157888286,100.0,340.7556028690176,95.5476166611241,725 days 02:00:00,504,1,0.9247112877663142,14.344903282656981,-11.465212964445191,1.7907795315312054,-1.3325934862082631,1 days 18:46:53.445378151,0 days 11:12:37.402597402,-1.8947597164009464,-3.168369816945162,-0.8240875938379929,0.8731469493769672,-0.4324512233836732,37.45955023821303,1.015061825613822,0.3582508379452802,-0.007698776811309173,None,None,-0.0001648525212841451,-0.9970280487265096,-0.9540341857783126,-0.656641447596795,0.37871950299692114,-3.7323932675330855,0 days 18:39:52.857142855,false
XMR-USD,false,17,78,162,23.60248447204969,0.539110301355487,0.22176308539944903,0.0001,0.00003631151457238414,6.694214876033058,13.347107438016529,0.0006694214876033058,-1.207048281122934,0,0,17424,726 days 01:00:00,1000.0,367.1874975171843,-63.28125024828157,34.915698157888286,100.0,188.271677380383,66.29456946833908,722 days 11:00:00,161,1,16.6614393743983,22.09083756125399,-7.1725056880547,3.8769063371977497,-1.9723238957207119,6 days 06:39:28.421052631,1 days 08:03:24.878048780,-4.03399963886468,-0.86693583283906,-0.5968704568483968,0.9642635271102191,0.09424234611218803,22.960532217863452,0.9866334990456206,0.39277435856446324,-0.0075244053582658905,None,None,-0.00004545460515577081,-0.27490945198210187,-0.6328125024828183,-0.29371819847998004,0.3816355999397334,-2.812401114310379,2 days 12:02:58.881987576,false
XMR-USD,false,21,59,162,23.60248447204969,0.5395908180241328,0.22176308539944903,0.0001,0.00003631151457238414,6.694214876033058,13.347107438016529,0.0006694214876033058,-1.2283480698431697,0,0,17424,726 days 01:00:00,1000.0,363.2320255924135,-63.67679744075865,34.915698157888286,100.0,188.7385965918997,66.75810219822984,722 days 11:00:00,161,1,16.481956532206482,21.32200827661488,-7.125563139087597,3.9366094181987594,-1.9966076886232573,5 days 22:48:56.842105263,1 days 10:13:10.243902439,-4.0574529872036855,-0.880874800307081,-0.5976415589882517,0.9635506097534111,0.12762760732581238,23.3951432443361,0.9911651615170712,0.3895534290271132,-0.00747735489830214,None,None,-0.00004611439635904167,-0.278899869179484,-0.6367679744075847,-0.29636829160378975,0.3810485263038602,-2.8237297490891655,2 days 11:51:03.354037266,false
XMR-USD,false,32,39,162,23.60248447204969,0.5512658408247986,0.22176308539944903,0.0001,0.00003631151457238414,6.694214876033058,13.347107438016529,0.0006694214876033058,-1.1218190232029936,0,0,17424,726 days 01:00:00,1000.0,388.26470450483,-61.173529549517,34.915698157888286,100.0,190.86083632503767,67.44751682359804,722 days 11:00:00,161,1,17.617835245120716,22.18521442516038,-8.222010603968487,3.9914318494233827,-1.9545481797626736,5 days 19:11:03.157894736,1 days 11:30:43.902439024,-3.9090256567719965,-0.8037545484846625,-0.5611711333537419,0.9667286548344436,0.13332426613797563,23.15436892111269,0.9905765992248539,0.39177316293929715,-0.007564556714894813,None,None,-0.00004221271260508036,-0.255302485835526,-0.6117352954951729,-0.2799022947432379,0.3822766413502229,-2.752035123940274,2 days 11:58:52.919254657,false
XMR-USD,false,33,38,162,23.60248447204969,0.5490760452039853,0.22176308539944903,0.0001,0.00003631151457238414,6.694214876033058,13.347107438016529,0.0006694214876033058,-1.1371663991818475,0,0,17424,726 days 01:00:00,1000.0,384.3070963515488,-61.569290364845116,34.915698157888286,100.0,190.44996753528585,67.77932646617877,722 days 11:00:00,161,1,17.43825546977598,22.18521442516038,-8.22201060396849,3.989372505419459,-1.9620331313921828,5 days 19:11:03.157894736,1 days 11:30:14.634146341,-3.932491671541775,-0.8148371661201002,-0.563134678854312,0.9662773221886825,0.1331951246016203,23.146208348003537,0.9903160320799993,0.3916620078268509,-0.007566873914135491,None,None,-0.000042798519466810434,-0.2588454457352695,-0.6156929036484456,-0.2824584439544202,0.38231017817631296,-2.7633698769656463,2 days 11:58:30.559006209,false
XMR-USD,false,34,37,162,23.60248447204969,0.5441105729010264,0.22176308539944903,0.0001,0.00003631151457238414,6.694214876033058,13.347107438016529,0.0006694214876033058,-1.1568417139895606,0,0,17424,726 days 01:00:00,1000.0,379.3290747584049,-62.067092524159506,34.915698157888286,100.0,189.59196739057322,68.04447644055381,722 days 11:00:00,161,1,17.21237358234947,22.185214425160375,-8.222010603968474,3.9676911441510274,-1.9660992832327442,5 days 19:12:37.894736842,1 days 11:29:16.097560975,-3.96200806722947,-0.8290400074375076,-0.5668767887041671,0.9656988846685647,0.13321539056319157,23.14333257686967,0.98992506513241,0.3915508704679764,-0.0075669948659231635,None,None,-0.000043545916861417386,-0.26336570517785235,-0.6206709252415918,-0.28569818430236593,0.3823225325699457,-2.7776271361807803,2 days 11:58:08.198757763,false
XMR-USD,false,35,36,162,23.60248447204969,0.5343050608313162,0.22176308539944903,0.0001,0.00003631151457238414,6.694214876033058,13.347107438016529,0.0006694214876033058,-1.2011471012479231,0,0,17424,726 days 01:00:00,1000.0,367.80232384960107,-63.21976761503989,34.915698157888286,100.0,186.71846225799644,69.01551553231022,722 days 11:00:00,161,1,16.689337632733896,22.18521442516036,-8.222010603968483,3.961068050155272,-1.9884406738277824,5 days 19:14:12.631578947,1 days 11:29:45.365853658,-4.0303541228766075,-0.8615563201604597,-0.5726019976527578,0.9643677969125006,0.12330070809157484,23.110914511121468,0.9889539634664611,0.3915508704679764,-0.007569827638455769,None,None,-0.00004529458075742301,-0.27394162442089437,-0.6321976761503995,-0.2933079524907718,0.3826665631831871,-2.8106402263291717,2 days 11:58:52.919254657,false
XMR-USD,false,4,5,1366,23.589743589743588,0.3583241358998563,1.8801652892561984,0.0001,0.000036291913214990135,56.44628099173554,112.85123966942149,0.005644628099173554,-7.974048418401618,0,0,17424,726 days 01:00:00,1000.0,2.8665143055915223,-99.71334856944085,34.915698157888286,100.0,534.5033241584616,99.7196690223564,725 days 02:00:00,1365,1,0.009014287606159854,14.083376710948132,-11.192981014084529,1.3015350154253589,-0.9503261161984111,0 days 14:20:52.173913043,0 days 04:21:27.440076701,-0.7305073259941495,-6.048696848969181,-0.9499709170237898,0.7708876249028791,-0.5593795740264603,35.35021932155358,1.0657464744190037,0.3399723162103968,-0.00814626983962042,None,None,-0.00032338318783999183,-1.9558215200562705,-0.9971334856944081,-0.8689372276528725,0.3891468894079368,-3.855831440589803,0 days 06:42:51.428571427,false
XMR-USD,false,38,83,107,23.58490566037736,0.5737066473327733,0.14600550964187328,0.0001,0.000036284470246734395,4.421487603305785,8.801652892561984,0.0004421487603305785,-0.9145641359360304,0,0,17424,726 days 01:00:00,1000.0,439.88727744374614,-56.011272255625386,34.915698157888286,100.0,150.80474043357063,61.56572905522128,635 days 19:00:00,106,1,19.97003333612406,20.564604478564064,-9.192802668893412,4.811315591637601,-2.43693128700697,8 days 22:24:00,2 days 03:09:37.777777777,-5.472478829173373,-0.6607694983306817,-0.5494016430191461,0.972156580905679,-0.16861067073835592,26.861746425918863,0.9783819174080719,0.38469485060394154,-0.0074514455426357784,None,None,-0.00003489947774326437,-0.2110720413912629,-0.5601127225562577,-0.2480166024558602,0.3844385096131777,-2.604185945311568,3 days 17:39:37.358490564,false
XMR-USD,false,38,87,107,23.58490566037736,0.5692051088853153,0.14600550964187328,0.0001,0.000036284470246734395,4.421487603305785,8.801652892561984,0.0004421487603305785,-0.9358398491794946,0,0,17424,726 days 01:00:00,1000.0,433.4078870557415,-56.65921129442585,34.915698157888286,100.0,150.8030243552295,62.45714315954397,635 days 19:00:00,106,1,21.044646649129618,20.217563635414493,-9.192802668893405,4.789658950054572,-2.451324980991196,8 days 23:07:12,2 days 02:54:04.444444444,-5.54374301503196,-0.676064533400629,-0.549435160989268,0.9715378721911457,-0.16568581449418623,26.789776726469228,0.9789710610395902,0.38414488839463024,-0.007466933014796072,None,None,-0.00003573332284401952,-0.21611513656063006,-0.5665921129442582,-0.25187974173536143,0.38471860933696383,-2.6227431866953856,3 days 17:37:55.471698112,false
XMR-USD,false,39,82,107,23.58490566037736,0.5717883214801932,0.14600550964187328,0.0001,0.000036284470246734395,4.421487603305785,8.801652892561984,0.0004421487603305785,-0.9177354100797854,0,0,17424,726 days 01:00:00,1000.0,438.82320252806267,-56.11767974719374,34.915698157888286,100.0,149.81506344540566,61.527649491501826,635 days 19:00:00,106,1,21.307593872777886,20.674404149974848,-9.192802668893393,4.852901475746701,-2.4554554301631932,8 days 22:33:36,2 days 03:05:11.111111111,-5.4951357674029815,-0.6630580439059901,-0.5510504035548128,0.9720624748756516,-0.16850632671239638,26.830352527831295,0.9788938357987125,0.3843648208469055,-0.007458196364188604,None,None,-0.00003503101472575381,-0.21186757706135903,-0.5611767974719417,-0.2486484631371073,0.3845555767051663,-2.6072334997693702,3 days 17:38:29.433962263,false
XMR-USD,false,39,85,107,23.58490566037736,0.5716554440441749,0.14600550964187328,0.0001,0.000036284470246734395,4.421487603305785,8.801652892561984,0.0004421487603305785,-0.8830412990149954,0,0,17424,726 days 01:00:00,1000.0,450.5229588890579,-54.94770411109421,34.915698157888286,100.0,151.2764888991325,60.99563148347508,635 days 19:00:00,106,1,21.87568976085845,20.21756363541449,-9.1928026688934,4.750348363187278,-2.395344545102959,8 days 22:55:12,2 days 02:48:53.333333333,-5.3901201025641505,-0.6371073993544533,-0.541427704589921,0.9731593409851153,-0.14366650863139488,26.88695612732134,0.979805503702936,0.383705233065989,-0.007451445542635727,None,None,-0.00003358009682939654,-0.20309242562419028,-0.5494770411109433,-0.24175515229007305,0.38364296556832717,-2.5737249148684205,3 days 17:31:07.924528300,false
XMR-USD,false,40,80,107,23.58490566037736,0.5607237957752362,0.14600550964187328,0.0001,0.000036284470246734395,4.421487603305785,8.801652892561984,0.0004421487603305785,-0.9805490272648729,0,0,17424,726 days 01:00:00,1000.0,420.9181525324302,-57.90818474675697,34.915698157888286,100.0,147.62378386458747,62.847727182915335,635 days 19:00:00,106,1,20.438192411367424,20.564604478564068,-9.192802668893389,4.805477486965956,-2.4912689918300788,8 days 22:16:48,2 days 03:02:57.777777777,-5.655849432820164,-0.7087959814531865,-0.561271701315813,0.9701459443009085,-0.16938829009182169,26.876805306454255,0.9777769825711312,0.3835953628712085,-0.007461921798605249,None,None,-0.00003743178988587171,-0.22638746522975212,-0.5790818474675709,-0.25943412331937965,0.38439461242475254,-2.658514301644406,3 days 17:32:49.811320753,false
XMR-USD,false,40,83,107,23.58490566037736,0.5621068802445016,0.14600550964187328,0.0001,0.000036284470246734395,4.421487603305785,8.801652892561984,0.0004421487603305785,-0.9244952113808151,0,0,17424,726 days 01:00:00,1000.0,438.22338558348633,-56.177661441651374,34.915698157888286,100.0,149.34499898647846,61.82843281329846,635 days 19:00:00,106,1,21.278469032114458,20.21756363541451,-9.192802668893407,4.725189253517563,-2.4213634363315806,8 days 22:52:48,2 days 02:48:53.333333333,-5.500519655175734,-0.6671564133732287,-0.5491044849076606,0.9719113981055799,-0.14331572666536643,26.878008824012223,0.980368054148761,0.38315605651690754,-0.007458196364188628,None,None,-0.00003516664710033217,-0.21268788166280897,-0.5617766144165091,-0.2490050827451903,0.38367300392077985,-2.6089514002445777,3 days 17:30:33.962264149,false
XMR-USD,false,46,64,107,23.58490566037736,0.5817648956115228,0.14600550964187328,0.0001,0.000036284470246734395,4.421487603305785,8.801652892561984,0.0004421487603305785,-0.8766653439303511,0,0,17424,726 days 01:00:00,1000.0,452.28292631589966,-54.77170736841004,34.915698157888286,100.0,149.1505052794531,59.487918028102236,635 days 19:00:00,106,1,20.53277186913715,20.755148066145257,-9.192802668893396,4.906918943099815,-2.4283843259716784,9 days 00:50:24,2 days 02:54:04.444444444,-5.360847599558846,-0.6319429497344903,-0.5529411804297102,0.9734525999591244,-0.10995395280017306,26.352618953770953,0.9804645038485209,0.3866783383733885,-0.007458196364188635,None,None,-0.00003333670430444949,-0.20162038763331053,-0.5477170736840977,-0.24072835870467124,0.383974810035548,-2.568684295549044,3 days 18:02:15.849056603,false
XMR-USD,false,46,65,107,23.58490566037736,0.5751442420036009,0.14600550964187328,0.0001,0.000036284470246734395,4.421487603305785,8.801652892561984,0.0004421487603305785,-0.8860310817874145,0,0,17424,726 days 01:00:00,1000.0,449.79146105636073,-55.02085389436393,34.915698157888286,100.0,148.72146820219203,59.704364539009994,635 days 19:00:00,106,1,20.41966415532022,20.23917047314161,-9.192802668893393,4.834542579263885,-2.4165921426877435,9 days 00:52:48,2 days 02:42:13.333333333,-5.383284934895848,-0.6386162207662156,-0.5540535635844526,0.9731569562198696,-0.1080507143308659,26.413409650357522,0.9807816911345801,0.3856858846918489,-0.007458196364188631,None,None,-0.00003366845305991023,-0.20362680410633707,-0.5502085389436389,-0.24218269049035102,0.3837436142518313,-2.575819954839809,3 days 17:53:46.415094339,false
XMR-USD,false,47,63,107,23.58490566037736,0.5799974457238607,0.14600550964187328,0.0001,0.000036284470246734395,4.421487603305785,8.801652892561984,0.0004421487603305785,-0.8860960795392037,0,0,17424,726 days 01:00:00,1000.0,449.4188639018205,-55.05811360981795,34.915698157888286,100.0,149.28354789747678,59.94491974035143,635 days 19:00:00,106,1,20.4027489636822,20.755148066145264,-9.192802668893407,4.895729007048127,-2.432747587049719,9 days 00:52:48,2 days 02:52:35.555555555,-5.386640425111898,-0.6387809175481081,-0.5522951851602654,0.9731709093389591,-0.10994122364222592,26.345257318757675,0.9799805020365367,0.3866783383733885,-0.007460189988399857,None,None,-0.00003369964498693602,-0.20381545288098907,-0.5505811360981742,-0.2424006367036048,0.3840000988972202,-2.576887088462214,3 days 18:01:41.886792452,false
XMR-USD,false,51,59,107,23.58490566037736,0.5839033003195254,0.14600550964187328,0.0001,0.000036284470246734395,4.421487603305785,8.801652892561984,0.0004421487603305785,-0.8422501548374925,0,0,17424,726 days 01:00:00,1000.0,463.1961936964474,-53.68038063035526,34.915698157888286,100.0,150.91775915749935,58.65149185134149,635 days 19:00:00,106,1,22.49105407791035,20.755148066145264,-9.1928026688934,4.858509903530145,-2.391515469047189,9 days 00:57:36,2 days 02:42:57.777777777,-5.276366607372295,-0.6068194228123603,-0.54702978595744,0.9744785019427669,-0.10625751039566114,26.425543156124537,0.9809027524706161,0.3861267997772651,-0.007458196364188613,None,None,-0.00003198710484665856,-0.19345801011259098,-0.5368038063035572,-0.23441891100975853,0.3836837491650344,-2.537428247535345,3 days 17:55:28.301886790,false
XMR-USD,false,12,26,336,23.582089552238806,0.46392012225366525,0.46143250688705234,0.0001,0.00003628013777267509,13.884297520661157,27.727272727272727,0.0013884297520661158,-2.5978731808980986,0,0,17424,726 days 01:00:00,1000.0,144.8387805327161,-85.51612194672839,34.915698157888286,100.0,286.566160783147,86.3226051862491,722 days 11:00:00,335,1,6.042478919601109,21.342974034476295,-11.59538764145427,2.6427298370952133,-1.5354234963022866,2 days 18:15:11.392405063,0 days 16:31:10.312500,-2.5707573086175692,-1.8947971168393904,-0.7198836256596237,0.9224088704068188,-0.40540557446643555,36.81631466782026,1.011674244962315,0.3706442224494611,-0.007611928139435892,None,None,-0.00009891767571205958,-0.5982541027065363,-0.8551612194672847,-0.48860837817038716,0.37998734411218704,-3.4492170129328565,1 days 04:14:51.940298506,false
XMR-USD,false,27,89,124,23.577235772357724,0.6071723563169196,0.16942148760330578,0.0001,0.000036272670419011885,5.12396694214876,10.206611570247935,0.000512396694214876,-0.7552199801928073,0,0,17424,726 days 01:00:00,1000.0,491.40876842467543,-50.85912315753246,34.915698157888286,100.0,170.50727428625606,56.18478976394751,635 days 19:00:00,123,1,23.147449629454456,20.273199323916465,-8.03937214434758,4.536953494090682,-2.103105837936735,8 days 04:55:51.724137931,1 days 17:17:52.340425531,-4.323078708981947,-0.5423447462913925,-0.5345767318940867,0.9772529269212775,-0.06831388201240139,26.592470019927443,0.9886628853060598,0.3892210794865662,-0.007452411460490829,None,None,-0.00002859233810651314,-0.17292646086819147,-0.5085912315753292,-0.21854552492352863,0.38373567604992176,-2.4566262695807555,3 days 05:59:30.731707316,false
XMR-USD,false,20,89,141,23.57142857142857,0.6295819677792049,0.1928374655647383,0.0001,0.000036263736263736266,5.8264462809917354,11.611570247933885,0.0005826446280991736,-0.6367208277672707,0,0,17424,726 days 01:00:00,1000.0,535.4108868672871,-46.45891131327129,34.915698157888286,100.0,191.3959956183948,52.64203316068235,722 days 11:00:00,140,1,23.761964125391273,22.53913899546881,-7.00767591430373,4.107568570149462,-1.8042827861631652,6 days 22:16:21.818181818,1 days 15:00:00,-3.4882219804150303,-0.45243012539070204,-0.5120001104316557,0.9811681388721079,0.22401053335907925,23.135555959676328,0.9935199002142516,0.3940000000000001,-0.00746693301479607,None,None,-0.000023768439502768838,-0.14375152211274594,-0.46458911313271667,-0.19493543252796297,0.38239050393366525,-2.3306023870175747,2 days 20:59:59.999999999,false
XMR-USD,false,21,87,141,23.57142857142857,0.616743639735207,0.1928374655647383,0.0001,0.000036263736263736266,5.8264462809917354,11.611570247933885,0.0005826446280991736,-0.6609731899692579,0,0,17424,726 days 01:00:00,1000.0,522.3506723434905,-47.764932765650954,34.915698157888286,100.0,195.40236454404226,51.8606157333673,722 days 11:00:00,140,1,23.182341341102756,19.80177524688633,-7.007675914303727,3.8567134520471487,-1.7625372473953898,6 days 22:38:10.909090909,1 days 14:48:13.457943925,-3.577369064268659,-0.4727118912287063,-0.5370935224038171,0.9802137163860413,-0.013579791028165724,26.239494600221875,0.9919635354162668,0.39366552027513396,-0.007461921798605158,None,None,-0.00002500675333209557,-0.15124084415251401,-0.4776493276565128,-0.20180650250243348,0.3850514181902144,-2.3680073802236064,2 days 20:56:08.571428571,false
XMR-USD,false,12,27,332,23.564954682779458,0.48304918062283003,0.4559228650137741,0.0001,0.00003625377643504532,13.71900826446281,27.396694214876035,0.001371900826446281,-2.4230926523127385,0,0,17424,726 days 01:00:00,1000.0,171.7031959880311,-82.8296804011969,34.915698157888286,100.0,300.0607100350825,83.78574858422884,722 days 11:00:00,331,1,7.1632261633925225,21.342974034476303,-6.189806240950018,2.649085662712955,-1.4814875712180338,2 days 18:39:13.846153846,0 days 16:54:32.727272727,-2.524048429532813,-1.7412874756777932,-0.7013300812416112,0.9293633453116837,0.3011666841549771,22.41167817905715,1.0171431106672553,0.3717232149885854,-0.0075956066300868685,None,None,-0.0000895394113755021,-0.5415343599990368,-0.8282968040119674,-0.45749827071974647,0.3742843799473345,-3.372276218755308,1 days 04:37:53.111782476,false
XMR-USD,false,21,54,175,23.563218390804597,0.4915802885661505,0.2396694214876033,0.0001,0.00003625110521662245,7.231404958677686,14.421487603305785,0.0007231404958677687,-1.415308498008401,0,0,17424,726 days 01:00:00,1000.0,321.0146378061047,-67.89853621938953,34.915698157888286,100.0,190.97554739029667,71.36729735800732,722 days 11:00:00,174,1,14.566307301491236,21.322008276614888,-7.1255631390876,3.5233635421915634,-1.9012707337510224,5 days 11:16:05.853658536,1 days 08:03:09.473684210,-3.9859291350309576,-1.0165758838514178,-0.609762050878907,0.9581270367344602,0.12856337341986965,23.309290123115083,0.9875114275564107,0.3902186053933302,-0.007564556714894877,None,None,-0.00005320890458599326,-0.3218074549360872,-0.6789853621938924,-0.3259052726361703,0.38098024763234845,-2.944642089422165,2 days 07:25:51.724137929,false
XMR-USD,false,22,48,175,23.563218390804597,0.5003453071058415,0.2396694214876033,0.0001,0.00003625110521662245,7.231404958677686,14.421487603305785,0.0007231404958677687,-1.4548747160481077,0,0,17424,726 days 01:00:00,1000.0,312.4362265411346,-68.75637734588655,34.915698157888286,100.0,190.5106466963645,72.07003903397006,722 days 11:00:00,174,1,15.56701771551684,20.680218971042226,-7.125563139087595,3.700842097947679,-1.9764698502178186,5 days 10:14:38.048780487,1 days 08:26:09.924812030,-4.040981558473458,-1.0461465449729772,-0.6144160037465416,0.9569244465118919,0.11918311271154865,23.382904772745412,0.987830837057448,0.3903295300406926,-0.007587215347123278,None,None,-0.0000547609726633911,-0.33119436266818936,-0.6875637734588669,-0.3322129653602215,0.3810101740396249,-2.9692110131944434,2 days 07:28:57.931034482,false
XMR-USD,false,30,37,175,23.563218390804597,0.5283084079014903,0.2396694214876033,0.0001,0.00003625110521662245,7.231404958677686,14.421487603305785,0.0007231404958677687,-1.3289538478659488,0,0,17424,726 days 01:00:00,1000.0,338.76372151740566,-66.12362784825943,34.915698157888286,100.0,195.82250776957798,70.26574674822778,722 days 11:00:00,174,1,15.371686798904818,22.185214425160385,-7.1255631390876,3.8419033990185767,-1.9516543948879699,5 days 09:17:33.658536585,1 days 08:47:49.172932330,-3.888551524606317,-0.9541498609733684,-0.5972764686146024,0.9606506828820368,0.12371547834368246,23.180727102507184,0.9912534001639616,0.39088441890166026,-0.007592921762430949,None,None,-0.00005006235123046737,-0.30277710024186666,-0.6612362784825947,-0.3131955819968516,0.3819025830756693,-2.8938079814199713,2 days 07:32:04.137931033,false
XMR-USD,false,21,46,192,23.56020942408377,0.508605206953699,0.2630853994490358,0.0001,0.00003624647603705195,7.933884297520661,15.826446280991735,0.0007933884297520662,-1.5415016214362585,0,0,17424,726 days 01:00:00,1000.0,295.32940197415087,-70.46705980258491,34.915698157888286,100.0,198.72849377288736,73.13031863924301,722 days 11:00:00,191,1,14.714676602456336,20.680218971042212,-7.125563139087604,3.695395792515088,-1.9323972109007923,5 days 01:29:20,1 days 04:33:17.260273972,-3.7664150504099787,-1.1085373967675658,-0.6267737470832108,0.9544271706488829,0.12047580601303319,23.40030425020531,0.9906241830658653,0.38877819399059543,-0.0075956066300868295,None,None,-0.000058002385557016474,-0.35079842784883564,-0.7046705980258485,-0.3451375895129868,0.38084955410546323,-3.0182056645103836,2 days 02:27:00.942408375,false
XMR-USD,false,10,27,358,23.52941176470588,0.44837495536941285,0.49173553719008267,0.0001,0.000036199095022624436,14.793388429752067,29.545454545454547,0.0014793388429752067,-2.84256200018647,0,0,17424,726 days 01:00:00,1000.0,122.41950173167595,-87.7580498268324,34.915698157888286,100.0,292.35390622668814,88.30210109834128,725 days 03:00:00,357,1,5.107176792300038,21.123879122043228,-11.595387641454273,2.4776170999234783,-1.4992957921529153,2 days 15:55:00,0 days 14:59:20.439560439,-2.472514495968132,-2.080416458359242,-0.7385016898999857,0.9152366384734784,-0.43389642999914624,36.836570054471345,1.004840225456892,0.3713993388950102,-0.007618027989106682,None,None,-0.00010857379201708228,-0.6566542941193136,-0.877580498268325,-0.5176032964733184,0.3798679644783542,-3.513426752344798,1 days 02:30:05.042016806,false
XMR-USD,false,20,58,171,23.52941176470588,0.49941626998137734,0.23415977961432508,0.0001,0.000036199095022624436,7.066115702479339,14.090909090909092,0.0007066115702479339,-1.3638772570563045,0,0,17424,726 days 01:00:00,1000.0,332.0153883530485,-66.79846116469515,34.915698157888286,100.0,187.12642109702563,70.5697658269266,722 days 11:00:00,170,1,15.065475545372408,21.3220082766149,-7.125563139087598,3.645774079119107,-1.9304401047171322,5 days 14:06:00,1 days 08:55:23.076923076,-4.017941689366612,-0.9798410588718128,-0.6029798592747369,0.9595964898712608,0.12121668310632444,23.34775724292041,0.9864534294243483,0.3906624102154829,-0.007520747578736276,None,None,-0.000051278600874311495,-0.3101329780878359,-0.6679846116469514,-0.31797547361957734,0.38092412389288843,-2.9131354860107184,2 days 08:43:45.882352940,false
XMR-USD,false,21,56,171,23.52941176470588,0.518402306338722,0.23415977961432508,0.0001,0.000036199095022624436,7.066115702479339,14.090909090909092,0.0007066115702479339,-1.3137669832996057,0,0,17424,726 days 01:00:00,1000.0,343.76431934133507,-65.6235680658665,34.915698157888286,100.0,191.27730513639523,69.22683203972602,722 days 11:00:00,170,1,15.598593101658992,21.322008276614902,-7.125563139087593,3.7384103069628805,-1.9310999225104066,5 days 16:15:00,1 days 08:10:09.230769230,-3.951966316237198,-0.9423678716926642,-0.6000418626780162,0.9610762400806625,0.13733119117811707,23.38651117364303,0.9888052660375621,0.389775083745414,-0.007520747578736294,None,None,-0.00004929474408848875,-0.29813461224717996,-0.656235680658662,-0.30969358188852236,0.380748402145822,-2.879486062948467,2 days 08:39:31.764705881,false
XMR-USD,false,21,86,137,23.52941176470588,0.6506846365062164,0.18732782369146006,0.0001,0.000036199095022624436,5.661157024793389,11.28099173553719,0.0005661157024793389,-0.5545621625416457,0,0,17424,726 days 01:00:00,1000.0,564.9822105049379,-43.5017789495062,34.915698157888286,100.0,190.7896276860909,50.19395252584281,722 days 11:00:00,136,1,25.07436316069959,22.539138995468818,-7.007675914303717,4.237848094585649,-1.8049102523975502,6 days 22:03:45,1 days 17:39:13.846153846,-3.3830305342335425,-0.39386714126017636,-0.4971036970129551,0.9835772353341308,0.2243046789856033,23.15242984061952,0.9939706546061012,0.39355406269993604,-0.0074669330147960275,None,None,-0.000020687932889196072,-0.12512061811385786,-0.4350177894950661,-0.17977242618465228,0.382318481119332,-2.2459088961300955,2 days 22:55:35.294117646,false
XMR-USD,false,22,88,137,23.52941176470588,0.6167297706207634,0.18732782369146006,0.0001,0.000036199095022624436,5.661157024793389,11.28099173553719,0.0005661157024793389,-0.665529581917565,0,0,17424,726 days 01:00:00,1000.0,521.5565829079275,-47.84434170920726,34.915698157888286,100.0,186.86447346570506,51.21559268284247,722 days 12:00:00,136,1,24.31158645584361,20.447270518144975,-7.677465801481964,4.064397065776248,-1.8396221567069266,7 days 01:37:30,1 days 16:29:25.384615384,-3.6967279672640885,-0.4762893528292145,-0.5449348167412646,0.9800530561291367,-0.0239882002929139,26.402479942997125,0.9898177165094404,0.39321979691372827,-0.007452411460490768,None,None,-0.000025144100251637634,-0.1520715183219044,-0.4784434170920753,-0.20222787880008164,0.38425822358503087,-2.3702816851278707,2 days 22:52:29.999999999,false
XMR-USD,false,25,44,171,23.52941176470588,0.5184059969674952,0.23415977961432508,0.0001,0.000036199095022624436,7.066115702479339,14.090909090909092,0.0007066115702479339,-1.3292063218863173,0,0,17424,726 days 01:00:00,1000.0,339.8651680729645,-66.01348319270355,34.915698157888286,100.0,190.23365838533834,71.07786720252528,722 days 11:00:00,170,1,15.421665856290133,21.3220082766149,-7.125563139087605,3.812882289711169,-1.9581535066028197,5 days 12:07:30,1 days 09:35:04.615384615,-3.973861751666618,-0.9541625402464052,-0.5891186565825418,0.9606228332153185,0.13185254241252015,23.329220270719194,0.989679072601352,0.39044047239067986,-0.007581889598690153,None,None,-0.000049936998822705315,-0.30201896887972174,-0.6601348319270363,-0.31242133734064026,0.3809412652246551,-2.8906533930437686,2 days 08:46:14.117647058,false
XMR-USD,false,25,46,171,23.52941176470588,0.5209621677524648,0.23415977961432508,0.0001,0.000036199095022624436,7.066115702479339,14.090909090909092,0.0007066115702479339,-1.3559721879634428,0,0,17424,726 days 01:00:00,1000.0,333.3652619203715,-66.66347380796284,34.915698157888286,100.0,192.4661132059757,70.44005362885385,722 days 11:00:00,170,1,15.126727185902496,21.322008276614895,-7.125563139087592,3.8382294169474904,-1.979957880720367,5 days 13:19:29.999999999,1 days 09:13:23.076923076,-4.010361560385483,-0.9733793096902077,-0.602424959947549,0.9598592095579097,0.13273526941262612,23.227039796100826,0.9886902892074824,0.39055143244753016,-0.007566994865923179,None,None,-0.000051012344375471464,-0.3085226587828514,-0.6666347380796226,-0.31701430773322925,0.38146185523466786,-2.9092693924237625,2 days 08:46:35.294117645,false
XMR-USD,false,26,69,137,23.52941176470588,0.6265748347986204,0.18732782369146006,0.0001,0.000036199095022624436,5.661157024793389,11.28099173553719,0.0005661157024793389,-0.6745336994047196,0,0,17424,726 days 01:00:00,1000.0,521.7204787220702,-47.827952127792976,34.915698157888286,100.0,180.90962525521482,57.54127194002624,635 days 19:00:00,136,1,24.319226216103345,22.46457772688536,-7.667891305517998,4.528918645220738,-1.9717197484604043,6 days 20:28:07.500000,1 days 18:08:04.615384615,-3.6955790256914245,-0.48152265317911985,-0.48483064008474647,0.9799439094126495,0.1485135035231613,23.078987377531544,0.9889013491696201,0.3937769956806911,-0.0074619217986053015,None,None,-0.00002527384092377673,-0.15285618990700164,-0.47827952127792994,-0.20214087469697417,0.38204319529910896,-2.3698122807545094,2 days 22:55:08.823529410,false
XMR-USD,false,26,71,137,23.52941176470588,0.622935219916273,0.18732782369146006,0.0001,0.000036199095022624436,5.661157024793389,11.28099173553719,0.0005661157024793389,-0.6818478503466274,0,0,17424,726 days 01:00:00,1000.0,519.3595705407783,-48.06404294592216,34.915698157888286,100.0,181.0080736735873,56.6756438041796,635 days 19:00:00,136,1,24.209175983310104,22.46457772688538,-7.430599770122938,4.465242147916993,-1.9569228494106596,6 days 19:39:22.500000,1 days 18:28:16.153846153,-3.712129451783314,-0.4869549557719924,-0.4951330768594474,0.979732724149377,0.14508622411011793,23.11430071959086,0.9880810249029317,0.3944462227912933,-0.007468294324475346,None,None,-0.000025546110345504363,-0.15450287536961038,-0.48064042945921925,-0.20339589032380445,0.38185100508053244,-2.376574019186936,2 days 22:59:07.058823528,false
XMR-USD,false,28,42,171,23.52941176470588,0.5343574143270629,0.23415977961432508,0.0001,0.000036199095022624436,7.066115702479339,14.090909090909092,0.0007066115702479339,-1.2416227529625308,0,0,17424,726 days 01:00:00,1000.0,359.4249801619585,-64.05750198380416,34.915698157888286,100.0,193.75219520328255,69.28392345483189,722 days 11:00:00,170,1,16.309208666159805,22.185214425160353,-7.125563139087605,3.873562681713384,-1.933217158391611,5 days 13:22:30,1 days 09:16:09.230769230,-3.864024873554121,-0.890095540123883,-0.5804366949731907,0.9632647281063623,0.13845621293249233,23.168739379626615,0.9925737835459882,0.39088441890166026,-0.007566873914135293,None,None,-0.00004667784837381424,-0.28230762696482853,-0.6405750198380404,-0.2989367963992229,0.38170877880980386,-2.8346332842647755,2 days 08:49:24.705882352,false
XMR-USD,false,29,88,120,23.52941176470588,0.5899641227335347,0.16391184573002754,0.0001,0.000036199095022624436,4.958677685950414,9.87603305785124,0.0004958677685950413,-0.8466513952063062,0,0,17424,726 days 01:00:00,1000.0,462.1920262060082,-53.78079737939918,34.915698157888286,100.0,162.09476564277412,59.31333368739339,635 days 19:00:00,119,1,22.609690274986463,20.239170473141606,-8.03937214434758,4.643969635648519,-2.2228235433212054,8 days 11:08:34.285714285,1 days 18:33:37.582417582,-4.709392135033428,-0.6088787428294348,-0.5421744165714554,0.9744339919036551,-0.07866719689836107,26.644676212625996,0.9844446143805751,0.38756171364867015,-0.007458196364188516,None,None,-0.00003210535436818128,-0.1941731832187604,-0.5378079737939871,-0.23499538403329656,0.38379967264316583,-2.5403042246557175,3 days 08:20:40.336134452,false
XMR-USD,false,30,79,120,23.52941176470588,0.6378792224644247,0.16391184573002754,0.0001,0.000036199095022624436,4.958677685950414,9.87603305785124,0.0004958677685950413,-0.6345218633871749,0,0,17424,726 days 01:00:00,1000.0,531.0421508290462,-46.895784917095376,34.915698157888286,100.0,171.50956332637512,53.682411271779884,635 days 19:00:00,119,1,25.014351039844428,20.39867062582278,-8.039372144347572,4.721553718594251,-2.09544313634848,7 days 23:15:00,1 days 22:35:36.263736263,-4.15102689252771,-0.4553981791127712,-0.507670564795343,0.9808553389846844,-0.07043606840337521,26.390409892074675,0.9866663307784623,0.3906624102154829,-0.007458196364188577,None,None,-0.00002407429046201441,-0.14560130871426313,-0.4689578491709572,-0.19722155159304766,0.3847867870351174,-2.343114627266891,3 days 08:37:48.907563023,false
XMR-USD,false,31,76,120,23.52941176470588,0.6428821662498502,0.16391184573002754,0.0001,0.000036199095022624436,4.958677685950414,9.87603305785124,0.0004958677685950413,-0.6106143837614422,0,0,17424,726 days 01:00:00,1000.0,538.8533047779623,-46.11466952220377,34.915698157888286,100.0,172.0774963952318,53.161687312979126,635 days 19:00:00,119,1,25.382289717780736,20.69325914701273,-8.03937214434757,4.750836831914963,-2.0875146445626216,7 days 23:12:51.428571428,1 days 22:52:05.274725274,-4.0884788650405,-0.43807068676138194,-0.5025610703117319,0.9815962492673797,-0.06754308651658036,26.245651653481087,0.9865952116286907,0.39221796100990736,-0.007461921798605296,None,None,-0.000023196261457764957,-0.14029098929656245,-0.46114669522203544,-0.19314261203876293,0.385417780409332,-2.3207431601016224,3 days 08:49:54.957983192,false
XMR-USD,false,32,74,120,23.52941176470588,0.6461405738183843,0.16391184573002754,0.0001,0.000036199095022624436,4.958677685950414,9.87603305785124,0.0004958677685950413,-0.598282023711578,0,0,17424,726 days 01:00:00,1000.0,543.4998011830057,-45.65001988169943,34.915698157888286,100.0,172.00895686860835,52.42256245858429,635 days 19:00:00,119,1,25.601159523124124,20.883108602662656,-8.039372144347578,4.772684613976296,-2.0843637373228363,7 days 21:12:51.428571428,1 days 23:26:22.417582417,-4.051271918824524,-0.42918381191899857,-0.5035998163312173,0.9819544653850705,-0.06748211133999346,26.297386077980526,0.986556126490174,0.3921067348406168,-0.007458196364188519,None,None,-0.000022715051140314306,-0.13738062929662093,-0.45650019881699955,-0.19073452403365088,0.3852373001036006,-2.307435402702552,3 days 08:47:53.949579830,false
XMR-USD,false,34,58,137,23.52941176470588,0.6189702699113353,0.18732782369146006,0.0001,0.000036199095022624436,5.661157024793389,11.28099173553719,0.0005661157024793389,-0.7828882902096853,0,0,17424,726 days 01:00:00,1000.0,484.5110173047942,-51.548898269520585,34.915698157888286,100.0,180.70996768684924,56.213375846998325,635 days 19:00:00,136,1,24.753063625345078,22.464577726885373,-8.721267796798317,4.600927153047672,-2.0590892898637674,6 days 21:03:45,1 days 17:54:13.846153846,-3.972367987651106,-0.559088791089949,-0.5431186268438863,0.9767094188005792,0.154667003700828,23.090114939869274,0.9898436530387278,0.3921067348406168,-0.007489941431631838,None,None,-0.00002944109183476897,-0.17805972341668275,-0.5154889826952043,-0.22237032123115008,0.3832931615135521,-2.4763817133604835,2 days 22:52:56.470588234,false
XMR-USD,false,34,59,137,23.52941176470588,0.6113769249046618,0.18732782369146006,0.0001,0.000036199095022624436,5.661157024793389,11.28099173553719,0.0005661157024793389,-0.8166266091578648,0,0,17424,726 days 01:00:00,1000.0,473.9760565851516,-52.60239434148484,34.915698157888286,100.0,179.64779404522918,56.98401837486545,635 days 19:00:00,136,1,24.214845620655694,22.464577726885366,-8.721267796798312,4.558270035476425,-2.067498198352045,6 days 20:50:37.500000,1 days 17:56:32.307692307,-4.045873448790471,-0.5833734725870837,-0.5491724674236537,0.9757037043849963,0.15274093902807184,23.13276497174409,0.9886282490732013,0.39199552644192365,-0.00748994143163186,None,None,-0.000030710203935629745,-0.1857353134026887,-0.5260239434148428,-0.22828117419105198,0.38317217834819467,-2.506554275489998,2 days 22:51:37.058823528,false
XMR-USD,false,41,83,103,23.52941176470588,0.5714613071169257,0.14049586776859505,0.0001,0.000036199095022624436,4.256198347107438,8.47107438016529,0.00042561983471074385,-0.889695244328342,0,0,17424,726 days 01:00:00,1000.0,448.56152025954884,-55.143847974045116,34.915698157888286,100.0,146.70151711711284,61.04595719994935,635 days 19:00:00,102,1,21.78044972459054,20.21756363541449,-9.192802668893412,4.871018422586903,-2.4656850557643595,9 days 06:35:00,2 days 05:03:04.615384615,-5.619793426127859,-0.6420975717949122,-0.5433852633254506,0.9729559349679717,-0.14719357313171796,26.8856037899066,0.9781944635057976,0.38337567481740237,-0.007466933014796132,None,None,-0.00003383568747258078,-0.20463823783416854,-0.5514384797404519,-0.2429025779644577,0.38355877389178494,-2.579342556024096,3 days 20:56:28.235294117,false
XMR-USD,false,42,85,103,23.52941176470588,0.5446963712755514,0.14049586776859505,0.0001,0.000036199095022624436,4.256198347107438,8.47107438016529,0.00042561983471074385,-1.0033012000875303,0,0,17424,726 days 01:00:00,1000.0,415.44717415800096,-58.45528258419991,34.915698157888286,100.0,141.48796224767796,63.86126492164655,635 days 19:00:00,102,1,18.529018009925892,20.429348080581892,-8.593290028177902,4.781895722510748,-2.5304368577726173,9 days 01:50:00,2 days 06:30:46.153846153,-5.9125670965874955,-0.7245621018001352,-0.5590080465676844,0.9695218125666094,-0.14770626228729228,26.816629688330362,0.9785752430637029,0.38227828018403937,-0.007477354898302027,None,None,-0.00003821500484755334,-0.2311243493180026,-0.5845528258420016,-0.2627893524621746,0.3838983529093276,-2.674183409418479,3 days 20:56:28.235294116,false
XMR-USD,false,42,88,103,23.52941176470588,0.5098945909608575,0.14049586776859505,0.0001,0.000036199095022624436,4.256198347107438,8.47107438016529,0.00042561983471074385,-1.1750465566284274,0,0,17424,726 days 01:00:00,1000.0,369.4703457615519,-63.05296542384481,34.915698157888286,100.0,134.87853492971442,67.56087939506068,635 days 19:00:00,102,1,16.478443269289812,20.045004343922535,-8.593290028177918,4.663171898737758,-2.645725629114243,9 days 04:07:30,2 days 05:50:00,-6.343216642232725,-0.8510669048621833,-0.5828918260407169,0.9643028563342451,-0.17136450589018315,26.71925933700514,0.9745124153280267,0.3820590101522842,-0.007499079125261259,None,None,-0.00004492427645589318,-0.27170202400524196,-0.6305296542384519,-0.29219720681408823,0.38421589964194297,-2.8058629427577304,3 days 20:57:38.823529411,false
XMR-USD,false,42,89,103,23.52941176470588,0.5305166103197797,0.14049586776859505,0.0001,0.000036199095022624436,4.256198347107438,8.47107438016529,0.00042561983471074385,-1.0989671125043097,0,0,17424,726 days 01:00:00,1000.0,388.94552467683184,-61.105447532316816,34.915698157888286,100.0,138.36777055595618,66.04627844920947,635 days 19:00:00,102,1,17.347039719847146,20.378873003359015,-8.593290028177917,4.765466767495189,-2.611222168916086,9 days 01:37:30,2 days 06:38:27.692307692,-6.160799167088382,-0.7958464007750897,-0.5722477773001209,0.9665873616027144,-0.17423423712901617,26.76420108295291,0.9733957250364204,0.38315605651690754,-0.007492505718021327,None,None,-0.00004198851770848133,-0.2539465551008951,-0.6110544753231736,-0.2794642822611897,0.38402476416972536,-2.7500852268798655,3 days 20:59:24.705882352,false
XMR-USD,false,43,79,103,23.52941176470588,0.5583373683537891,0.14049586776859505,0.0001,0.000036199095022624436,4.256198347107438,8.47107438016529,0.00042561983471074385,-0.9514065309095252,0,0,17424,726 days 01:00:00,1000.0,430.73392330823185,-56.92660766917681,34.915698157888286,100.0,143.21707396306752,62.60543026734593,635 days 19:00:00,102,1,19.210809746485268,20.217563635414496,-9.192802668893393,4.9046032174745715,-2.52009971707626,9 days 03:00:00,2 days 06:03:04.615384615,-5.769381239590713,-0.6870194066901482,-0.5513929200193255,0.9710645371262426,-0.14915943699508893,26.95939370362063,0.9769034074510744,0.3827170290430091,-0.007461921798605226,None,None,-0.00003617896076889154,-0.21881035473025603,-0.5692660766917692,-0.25348500376571315,0.3833054788799676,-2.6304015291848244,3 days 20:51:45.882352940,false
XMR-USD,false,43,80,103,23.52941176470588,0.5611030478362782,0.14049586776859505,0.0001,0.000036199095022624436,4.256198347107438,8.47107438016529,0.00042561983471074385,-0.9433701064569439,0,0,17424,726 days 01:00:00,1000.0,432.9541502884424,-56.70458497115576,34.915698157888286,100.0,144.14205164450556,62.55214910385043,635 days 19:00:00,102,1,19.309832265499438,20.217563635414486,-9.192802668893412,4.872564347650213,-2.504468740690382,9 days 06:15:00,2 days 05:02:18.461538461,-5.748585117422122,-0.6812128588257937,-0.5491534634540163,0.9713115732559293,-0.1491373657673899,26.93748932274831,0.976546668800012,0.3828267597809698,-0.007468294324475412,None,None,-0.00003587958748021432,-0.21699974508033618,-0.5670458497115558,-0.252151677332464,0.3833739047151554,-2.624042707516214,3 days 20:51:10.588235292,false
XMR-USD,false,7,8,843,23.51543942992874,0.3330253801161788,1.159779614325069,0.0001,0.00003617759912296729,34.83471074380165,69.62809917355372,0.0034834710743801654,-6.528325120336589,0,0,17424,726 days 01:00:00,1000.0,8.967494539112408,-99.10325054608876,34.915698157888286,100.0,402.44942044546366,99.12796263003911,725 days 02:00:00,842,1,0.027584450353161927,12.060151609105883,-11.80539683729652,1.417887281206205,-1.1512250011177025,0 days 23:56:03.636363636,0 days 07:02:14.161490683,-1.177030985642801,-4.879790886015756,-0.9144869396122786,0.8097771176703371,-0.38298199382832837,36.951555273564175,1.0259233631085651,0.34421044511301396,-0.007905751125768103,None,None,-0.0002582147035047587,-1.5616825267967809,-0.9910325054608878,-0.8052857657869916,0.385156916727755,-3.838357981500049,0 days 11:00:38.479809975,false
XMR-USD,false,25,50,167,23.49397590361446,0.5400548042047357,0.22865013774104684,0.0001,0.00003614457831325301,6.900826446280992,13.760330578512397,0.0006900826446280992,-1.189542124351877,0,0,17424,726 days 01:00:00,1000.0,371.69142394153505,-62.83085760584649,34.915698157888286,100.0,193.70143914155048,67.4218131966774,722 days 11:00:00,166,1,16.86580879757713,21.322008276614877,-7.172505688054688,3.8778707874375935,-1.926503585057741,5 days 18:15:23.076923076,1 days 09:30:42.519685039,-3.886592679855678,-0.8526409513985801,-0.58138093637381,0.9647341181967694,0.132312335026936,23.239135986971448,0.9897384514643175,0.3912175648702595,-0.0075285962304534205,None,None,-0.00004473848012324679,-0.2705783277853966,-0.6283085760584654,-0.29072324848945486,0.38192051104633035,-2.7995016832178536,2 days 10:07:13.734939757,false
XMR-USD,false,26,49,167,23.49397590361446,0.5472268510510244,0.22865013774104684,0.0001,0.00003614457831325301,6.900826446280992,13.760330578512397,0.0006900826446280992,-1.1331464454056455,0,0,17424,726 days 01:00:00,1000.0,385.8241985308716,-61.41758014691284,34.915698157888286,100.0,195.67047997638386,66.30870272975278,722 days 11:00:00,166,1,17.507095248244696,21.322008276614905,-7.172505688054698,3.8587102058220073,-1.8919639465316769,5 days 18:16:55.384615384,1 days 09:26:55.748031496,-3.80531865492393,-0.8117813238406435,-0.5737753769747457,0.9663769463217771,0.13280180797075034,23.247687499935367,0.9920417068982506,0.3906624102154829,-0.0075207475787361765,None,None,-0.00004259612806142812,-0.25762138251551725,-0.6141758014691272,-0.2814765521180853,0.38193460818265035,-2.7590248337347694,2 days 10:04:41.927710842,false
XMR-USD,false,28,46,167,23.49397590361446,0.5497581960436535,0.22865013774104684,0.0001,0.00003614457831325301,6.900826446280992,13.760330578512397,0.0006900826446280992,-1.1406746391498703,0,0,17424,726 days 01:00:00,1000.0,383.9851766733159,-61.60148233266841,34.915698157888286,100.0,196.10969379692764,66.89063599017767,722 days 11:00:00,166,1,17.423648095509236,21.32200827661489,-8.22201060396849,3.904829422404184,-1.907046911298338,5 days 18:15:23.076923076,1 days 09:29:45.826771653,-3.8158944061577937,-0.8170490425994762,-0.5710056735800951,0.9661752595523897,0.13565090165960167,23.228130501122653,0.9932218493682202,0.39055143244753016,-0.007528596230453444,None,None,-0.00004287118349387792,-0.2592849177709737,-0.6160148233266833,-0.2826671206618543,0.3819225414524894,-2.7642918682051665,2 days 10:06:30.361445781,false
XMR-USD,false,29,45,167,23.49397590361446,0.5402425175643042,0.22865013774104684,0.0001,0.00003614457831325301,6.900826446280992,13.760330578512397,0.0006900826446280992,-1.197260233633987,0,0,17424,726 days 01:00:00,1000.0,369.4695606590021,-63.05304393409978,34.915698157888286,100.0,193.854039769724,67.84461861916836,722 days 11:00:00,166,1,16.764989895434724,21.322008276614884,-8.222010603968496,3.909075833110271,-1.9374316285902649,5 days 18:21:32.307692307,1 days 09:29:17.480314960,-3.8993700556411524,-0.8582227178424824,-0.5804550149799697,0.9645009330278687,0.12857921902616487,23.200293644890134,0.9920918873850202,0.39055143244753016,-0.007534468867054893,None,None,-0.00004506459230706085,-0.272550654273104,-0.6305304393409978,-0.29219772884758144,0.3822023775100994,-2.8058651913238233,2 days 10:07:35.421686745,false
XMR-USD,false,25,61,150,23.48993288590604,0.5887881822193167,0.20523415977961432,0.0001,0.00003613835828600929,6.198347107438017,12.355371900826446,0.0006198347107438017,-0.9452148997364376,0,0,17424,726 days 01:00:00,1000.0,437.8807394379444,-56.21192605620556,34.915698157888286,100.0,189.5217166847067,59.862688084053616,635 days 19:00:00,149,1,19.433498042230212,22.166403311106553,-7.1725056880546925,4.202883374892911,-1.970577476386574,6 days 13:13:42.857142857,1 days 12:20:31.578947368,-3.903038648350906,-0.6771023408954855,-0.567569528826878,0.9719290137796014,0.1161649841148493,23.07971188460964,0.987953082600311,0.39266304347826086,-0.007468294324475388,None,None,-0.00003541198921230586,-0.21417171075602587,-0.5621192605620575,-0.24920894516934322,0.38067464580490273,-2.6099327529415577,2 days 16:44:17.718120804,false
XMR-USD,false,26,58,150,23.48993288590604,0.6018163194889699,0.20523415977961432,0.0001,0.00003613835828600929,6.198347107438017,12.355371900826446,0.0006198347107438017,-0.9185156843908496,0,0,17424,726 days 01:00:00,1000.0,445.1811918412816,-55.48188081587184,34.915698157888286,100.0,192.34276766490922,59.13525423096384,722 days 11:00:00,149,1,19.757497968944904,22.166403311106546,-7.172505688054685,4.281556326112086,-1.978116214745136,6 days 12:27:25.714285714,1 days 12:35:47.368421052,-3.856216819648745,-0.6567958533793677,-0.5652318662534153,0.9727266597718025,0.14810608308366296,23.164481248452176,0.9883615338556213,0.39288569144684243,-0.007477354898302055,None,None,-0.00003441734079858673,-0.20815607714985254,-0.5548188081587132,-0.24488775485214165,0.3814212229559287,-2.589023956072239,2 days 16:45:06.040268455,false
XMR-USD,false,11,19,431,23.488372093023255,0.4169994324763671,0.5922865013774105,0.0001,0.000036135957066189624,17.8099173553719,35.578512396694215,0.0017809917355371902,-3.53688808636954,0,0,17424,726 days 01:00:00,1000.0,75.85637159840007,-92.41436284016,34.915698157888286,100.0,311.866332841989,92.75130934218532,725 days 03:00:00,430,1,3.1646256935809305,19.69681006510061,-11.520637103641052,2.1037855885846213,-1.4089568201676086,2 days 03:17:13.663366336,0 days 12:53:04.194528875,-2.1565308234771656,-2.601737397960507,-0.7832871321797705,0.8949759451481331,-0.45344936080842935,36.62551493363674,1.0098689136744348,0.36570264127282703,-0.007669288172738352,None,None,-0.00013599773471111633,-0.8225142995328316,-0.9241436284016005,-0.5914368192491087,0.3804750292993785,-3.6467854780466817,0 days 21:54:16.744186045,false
XMR-USD,false,24,84,133,23.484848484848484,0.6082310595337822,0.18181818181818182,0.0001,0.00003613053613053613,5.4958677685950414,10.950413223140496,0.0005495867768595042,-0.6882688955908485,0,0,17424,726 days 01:00:00,1000.0,514.282856057368,-48.571714394263196,34.915698157888286,100.0,182.028277015972,51.895949263547536,722 days 12:00:00,132,1,23.97253246826341,20.447270518144972,-7.677465801481981,4.091538512991289,-1.8776909761477052,7 days 02:38:42.580645161,1 days 19:05:20.792079207,-3.8612854273552637,-0.4935576477306948,-0.5475641522564316,0.979346020157816,-0.0478253314000683,26.526700978835578,0.9861069876066214,0.3940000000000001,-0.007452411460490778,None,None,-0.000026000657592445986,-0.15725197711911332,-0.485717143942627,-0.20610725101282035,0.3834461579681856,-2.391113938911449,3 days 01:02:43.636363635,false
XMR-USD,false,25,81,133,23.484848484848484,0.5814449838314614,0.18181818181818182,0.0001,0.00003613053613053613,5.4958677685950414,10.950413223140496,0.0005495867768595042,-0.7961256304057113,0,0,17424,726 days 01:00:00,1000.0,477.3038086213926,-52.269619137860744,34.915698157888286,100.0,176.8943629003691,56.10308817950946,635 days 19:00:00,132,1,22.248809025292076,19.593689177557668,-7.677465801481991,4.046441387631299,-1.9379434118823344,7 days 02:11:36.774193548,1 days 19:04:09.504950495,-4.1283712151810565,-0.5722249247421601,-0.5534806035774515,0.9760548083531363,-0.07899670379615314,26.43227865000982,0.9847979703172116,0.39255174618396876,-0.00746018998839973,None,None,-0.00003022045628540237,-0.18277331961411353,-0.5226961913786051,-0.226404884338265,0.38440779961569577,-2.49702345636906,3 days 00:55:27.272727272,false
XMR-USD,false,27,71,133,23.484848484848484,0.6413488836165653,0.18181818181818182,0.0001,0.00003613053613053613,5.4958677685950414,10.950413223140496,0.0005495867768595042,-0.6560536985072581,0,0,17424,726 days 01:00:00,1000.0,528.4140177766105,-47.15859822233895,34.915698157888286,100.0,182.48701395726562,53.927831185894995,635 days 19:00:00,132,1,24.631235610199496,22.464577726885363,-7.67746580148196,4.628738374098164,-1.999129010257647,7 days 00:44:30.967741935,1 days 19:37:25.544554455,-3.759221347224157,-0.46822063321399526,-0.5087205809331303,0.9804841881955172,0.1597298796279535,23.287954720930653,0.988656550813127,0.39333120102350866,-0.007461921798605257,None,None,-0.000024559017448752302,-0.14853293753005392,-0.47158598222339,-0.19860274999229044,0.3817845804046505,-2.3506417087548543,3 days 01:00:27.272727272,false
XMR-USD,false,14,22,346,23.47826086956522,0.4441646884045664,0.47520661157024796,0.0001,0.00003612040133779264,14.297520661157025,28.553719008264462,0.0014297520661157026,-2.818436189923329,0,0,17424,726 days 01:00:00,1000.0,125.08213879631785,-87.49178612036822,34.915698157888286,100.0,284.82593630813244,88.1882615265516,722 days 11:00:00,345,1,5.21825842578572,21.048957695732994,-11.595387641454272,2.5440458942409148,-1.5340095563098828,2 days 16:32:35.555555555,0 days 16:02:30,-2.5511191873317896,-2.059704679965683,-0.7351646663143274,0.9160007928091224,-0.41784941118759134,36.97762597521021,1.0090412473273456,0.3699976413240034,-0.007615482258610147,None,None,-0.00010736760028750605,-0.6493592465388366,-0.8749178612036825,-0.5139871443541717,0.3794252553696292,-3.5058008499423847,1 days 03:25:44.347826086,false
XMR-USD,false,37,78,116,23.47826086956522,0.5561413476968112,0.1584022038567493,0.0001,0.00003612040133779264,4.793388429752066,9.545454545454545,0.0004793388429752066,-0.9466680328426874,0,0,17424,726 days 01:00:00,1000.0,431.59062879848716,-56.84093712015128,34.915698157888286,100.0,157.0485907352894,61.63013469971605,635 days 19:00:00,115,1,19.59338150162057,20.239170473141613,-9.192802668893416,4.432881298230856,-2.2609405955619644,8 days 16:42:13.333333333,1 days 20:19:46.363636363,-5.113067414809854,-0.6824913903147133,-0.5590568749420062,0.971366632029092,-0.10672770599000372,26.303689871166437,0.9825847247066825,0.38557569974554706,-0.007466933014796089,None,None,-0.00003601575769049869,-0.21782330251213605,-0.5684093712015135,-0.2529699907156582,0.38410797392174184,-2.627947889316644,3 days 10:55:18.260869563,false
XMR-USD,false,39,73,116,23.47826086956522,0.5693309357145536,0.1584022038567493,0.0001,0.00003612040133779264,4.793388429752066,9.545454545454545,0.0004793388429752066,-0.9139769427059328,0,0,17424,726 days 01:00:00,1000.0,441.3821967104426,-55.86178032895573,34.915698157888286,100.0,159.59455533392747,61.0249163934801,635 days 19:00:00,115,1,20.03789978537492,20.755148066145264,-9.1928026688934,4.515288780084371,-2.2566791391273546,8 days 15:31:06.666666666,1 days 20:47:02.727272727,-5.031788722390727,-0.658667484329998,-0.5524194182393016,0.9723588448662417,-0.10455774712250308,26.350575006328548,0.9827733989204214,0.38623707239459026,-0.007460189988399735,None,None,-0.00003474088308936238,-0.21011286092446368,-0.5586178032895632,-0.24713058475448468,0.3839127834325299,-2.5999044348576263,3 days 10:59:28.695652173,false
XMR-USD,false,46,86,99,23.46938775510204,0.5367950767593813,0.1349862258953168,0.0001,0.00003610675039246468,4.090909090909091,8.140495867768596,0.0004090909090909091,-1.1044948236008367,0,0,17424,726 days 01:00:00,1000.0,387.32206783202446,-61.26779321679755,34.915698157888286,100.0,135.91853734245842,66.62241479187074,635 days 19:00:00,98,1,17.27463325523047,19.592312599254903,-8.735543285074748,4.947624865676804,-2.7102887272327756,9 days 20:10:26.086956521,2 days 05:57:36,-6.4280874022776056,-0.8004497775508258,-0.5692603866853044,0.9663741008480901,-0.1853877230879637,26.801785616077407,0.9715804262981614,0.38304627351377096,-0.007482015876363651,None,None,-0.00004222929912988941,-0.25540280113757113,-0.612677932167975,-0.280509578098899,0.3840057519784639,-2.754734874260439,4 days 00:43:28.163265304,false
XMR-USD,false,47,75,99,23.46938775510204,0.5610381411579587,0.1349862258953168,0.0001,0.00003610675039246468,4.090909090909091,8.140495867768596,0.0004090909090909091,-0.9574551895182042,0,0,17424,726 days 01:00:00,1000.0,428.4306048963243,-57.156939510367565,34.915698157888286,100.0,139.20907815247696,62.94112898078949,635 days 19:00:00,98,1,19.10808133480856,20.2175636354145,-8.593290028177918,5.036139853851823,-2.6034326348481565,9 days 05:31:18.260869565,2 days 10:19:12,-6.0273211881477895,-0.6915798464123466,-0.5512524956795228,0.9708602546602052,-0.15197515005044404,26.86916742671078,0.9765001067619635,0.38238794129313763,-0.00746829432447528,None,None,-0.0000364595350908691,-0.2205072682295763,-0.5715693951036812,-0.2548729804143751,0.38373087326134936,-2.6369983281418206,4 days 00:37:20.816326530,false
XMR-USD,false,47,86,99,23.46938775510204,0.546242505760171,0.1349862258953168,0.0001,0.00003610675039246468,4.090909090909091,8.140495867768596,0.0004090909090909091,-1.0743487385157875,0,0,17424,726 days 01:00:00,1000.0,396.28734130668374,-60.37126586933162,34.915698157888286,100.0,135.96866265735656,66.3578564293777,635 days 19:00:00,98,1,19.018017833286137,19.592312599254903,-8.735543285074748,5.0462834970662165,-2.7160642777387736,10 days 04:07:49.565217391,2 days 03:31:12,-6.354394658434723,-0.7777723509823848,-0.5607064947743521,0.9673366081057564,-0.16966569771681886,26.891281356890044,0.972347676320146,0.38304627351377096,-0.0074773548983021595,None,None,-0.00004096007820777054,-0.24772655300059623,-0.6037126586933144,-0.27477234268904094,0.38332418516795785,-2.7290579611592936,4 days 00:43:28.163265305,false
XMR-USD,false,49,75,99,23.46938775510204,0.5566034129510062,0.1349862258953168,0.0001,0.00003610675039246468,4.090909090909091,8.140495867768596,0.0004090909090909091,-0.9617250362060278,0,0,17424,726 days 01:00:00,1000.0,427.4045099862301,-57.25954900137699,34.915698157888286,100.0,137.28055430277993,62.6651239910027,635 days 19:00:00,98,1,19.062317318944054,20.429348080581875,-8.593290028177917,5.0126040133851415,-2.5997135394077326,9 days 06:39:07.826086956,2 days 09:56:00,-6.037324564619524,-0.6946374334169682,-0.5549359310901175,0.9707265908813508,-0.15198295667956663,26.912026990528453,0.977378164282323,0.3819494012213498,-0.007466933014796133,None,None,-0.00003660656183674156,-0.22139648598861297,-0.5725954900137676,-0.2554928726968939,0.3835824263338837,-2.6399371062967187,4 days 00:35:30.612244897,false
XMR-USD,false,49,76,99,23.46938775510204,0.5647155997696071,0.1349862258953168,0.0001,0.00003610675039246468,4.090909090909091,8.140495867768596,0.0004090909090909091,-0.9332460134833171,0,0,17424,726 days 01:00:00,1000.0,435.5178517092936,-56.44821482907064,34.915698157888286,100.0,138.35257282631042,61.995195135382296,635 days 19:00:00,98,1,19.424173805781493,20.429348080581875,-8.593290028177908,5.064981212875261,-2.591044848491133,9 days 07:00:00,2 days 09:52:00,-5.958227776494785,-0.6739756858215447,-0.5509392807277614,0.9715908264750931,-0.15262373038773475,26.89550371230853,0.9784486400728,0.3820590101522842,-0.007466933014795991,None,None,-0.00003552346636966867,-0.21484592460375612,-0.5644821482907059,-0.25061762402855614,0.3836445671926784,-2.6167001608792875,4 days 00:37:20.816326530,false
XMR-USD,false,49,77,99,23.46938775510204,0.5562749744043568,0.1349862258953168,0.0001,0.00003610675039246468,4.090909090909091,8.140495867768596,0.0004090909090909091,-0.9918530361486546,0,0,17424,726 days 01:00:00,1000.0,419.04636264455576,-58.095363735544424,34.915698157888286,100.0,136.89666143801023,63.30918076601576,635 days 19:00:00,98,1,18.68954245788649,20.198752313806704,-8.593290028177922,5.068084519136183,-2.64185222384921,9 days 09:02:36.521739130,2 days 09:10:24,-6.118807957278895,-0.7170829584439279,-0.5594687777380782,0.9698007109731697,-0.16303645365434205,26.952078210440387,0.9764473202072527,0.3818398096748612,-0.007466933014796049,None,None,-0.00003775902168526392,-0.22836656315247617,-0.5809536373554469,-0.26057882863632054,0.38327392676295763,-2.6638751851055082,4 days 00:34:17.142857142,false
XMR-USD,false,50,74,99,23.46938775510204,0.5655944030501954,0.1349862258953168,0.0001,0.00003610675039246468,4.090909090909091,8.140495867768596,0.0004090909090909091,-0.9262788114918016,0,0,17424,726 days 01:00:00,1000.0,437.9272536235353,-56.207274637646464,34.915698157888286,100.0,138.37325929497544,61.74593544761109,635 days 19:00:00,98,1,19.53163356056882,20.429348080581875,-8.593290028177915,5.053871076470013,-2.5809424533121326,9 days 06:36:31.304347826,2 days 09:50:24,-5.934738570786054,-0.6687470085984479,-0.5502015912247182,0.9717878151373166,-0.15076754342876678,26.969520218247055,0.9792631060229877,0.38129211256440754,-0.00745819636418858,None,None,-0.000035223666530295154,-0.21303273517522509,-0.5620727463764634,-0.24918126475389024,0.38338105916570003,-2.609799534395044,4 days 00:30:36.734693877,false
XMR-USD,false,50,78,99,23.46938775510204,0.5483855433385382,0.1349862258953168,0.0001,0.00003610675039246468,4.090909090909091,8.140495867768596,0.0004090909090909091,-1.0468803466826,0,0,17424,726 days 01:00:00,1000.0,403.6571233159616,-59.63428766840384,34.915698157888286,100.0,136.56679756330652,64.99989447374136,635 days 19:00:00,98,1,18.003179641106044,20.04500434392254,-8.593290028177924,5.022892240875686,-2.6793274165611796,9 days 10:57:23.478260869,2 days 08:38:24,-6.268837309440242,-0.758060422196246,-0.5634302569707803,0.9681028050625248,-0.18122809873845913,26.999931028860342,0.974331777033661,0.3821686364718014,-0.007466933014796023,None,None,-0.00003990969581931587,-0.24137384031522238,-0.5963428766840371,-0.2701192687688104,0.38320621058749427,-2.7079506014383115,4 days 00:36:44.081632652,false
XMR-USD,false,51,73,99,23.46938775510204,0.5753760986299182,0.1349862258953168,0.0001,0.00003610675039246468,4.090909090909091,8.140495867768596,0.0004090909090909091,-0.894531797448464,0,0,17424,726 days 01:00:00,1000.0,447.24990912416024,-55.27500908758397,34.915698157888286,100.0,140.1709534853879,61.09062085520384,635 days 19:00:00,98,1,19.947425657413646,20.429348080581892,-8.593290028177906,5.093963596037937,-2.565049085917617,9 days 06:39:07.826086956,2 days 09:46:24,-5.8438522095229875,-0.6457411418966411,-0.5445972206135833,0.9727447986549257,-0.15115087431844781,26.96384188270788,0.9794185155687747,0.38129211256440754,-0.0074601899883998705,None,None,-0.00003401362534619441,-0.2057144060937838,-0.5527500908758486,-0.24367168870944178,0.3834002667544158,-2.5830990644274436,4 days 00:28:09.795918366,false
XMR-USD,false,52,71,99,23.46938775510204,0.5549227536059569,0.1349862258953168,0.0001,0.00003610675039246468,4.090909090909091,8.140495867768596,0.0004090909090909091,-0.9949658629057883,0,0,17424,726 days 01:00:00,1000.0,417.7219337707229,-58.227806622927716,34.915698157888286,100.0,136.70880125317188,63.51092176338763,635 days 19:00:00,98,1,18.630472694069113,20.429348080581875,-8.593290028177927,5.058826741979308,-2.642404722572864,9 days 06:33:54.782608695,2 days 09:48:00,-6.131719784932107,-0.7190549714371697,-0.5593085726472612,0.9696862821237717,-0.15783838126233363,26.892428148592373,0.9779586786212879,0.38085426737459394,-0.007466933014796004,None,None,-0.00003791036097131592,-0.2292818631545187,-0.582278066229277,-0.2613908100587635,0.3837547558694405,-2.6676684040405667,4 days 00:28:09.795918366,false
XMR-USD,false,52,74,99,23.46938775510204,0.5489005392216814,0.1349862258953168,0.0001,0.00003610675039246468,4.090909090909091,8.140495867768596,0.0004090909090909091,-1.0401094098773855,0,0,17424,726 days 01:00:00,1000.0,405.9959251494977,-59.40040748505023,34.915698157888286,100.0,137.11718821817558,64.76349696288925,635 days 19:00:00,98,1,18.10749061971137,20.198752313806725,-8.593290028177899,5.014186444129272,-2.6660863997988957,9 days 06:26:05.217391304,2 days 09:52:00,-6.246036382349125,-0.7526977456696339,-0.5626405107478722,0.9683148550896528,-0.17480181174447887,27.059969053026837,0.9757649797805092,0.3811826252377933,-0.007460189988399647,None,None,-0.000039597024285851806,-0.23948280288083174,-0.5940040748505029,-0.26865422003488804,0.3829127953945986,-2.701252176497873,4 days 00:29:23.265306121,false
XMR-USD,false,52,82,99,23.46938775510204,0.5444439112790417,0.1349862258953168,0.0001,0.00003610675039246468,4.090909090909091,8.140495867768596,0.0004090909090909091,-1.1572032124009037,0,0,17424,726 days 01:00:00,1000.0,373.7926002006768,-62.62073997993232,34.915698157888286,100.0,137.8617059713977,68.39371215832657,635 days 19:00:00,98,1,18.443683002194575,20.328574473760263,-8.735543285074753,5.011081555242056,-2.780937187636403,10 days 04:26:05.217391304,2 days 03:06:24,-6.578072273484873,-0.839304765819109,-0.5705963745395376,0.9647504942057962,-0.18558868384164487,26.781060954338436,0.9717748893165098,0.38096370264701224,-0.007492505718021446,None,None,-0.000044273028929641426,-0.26776327896647134,-0.626207399799321,-0.2893341439116349,0.3839524916848143,-2.793483827725919,4 days 00:28:46.530612244,false
XMR-USD,false,53,70,99,23.46938775510204,0.5550813255045567,0.1349862258953168,0.0001,0.00003610675039246468,4.090909090909091,8.140495867768596,0.0004090909090909091,-0.9904570015972336,0,0,17424,726 days 01:00:00,1000.0,419.30080287616045,-58.06991971238396,34.915698157888286,100.0,136.54856206553123,63.503459298351075,635 days 19:00:00,98,1,18.70089053756334,20.429348080581892,-8.593290028177908,5.058826741979304,-2.63760133932293,9 days 06:33:54.782608695,2 days 09:44:00,-6.116327425116349,-0.7156074291005297,-0.5574467939831815,0.9698209302731051,-0.15546160255717587,26.946138117817956,0.9787072528328762,0.3804166996751961,-0.007461921798605276,None,None,-0.00003770755456920962,-0.2280552900345798,-0.5806991971238411,-0.2604230282543427,0.3835407136385127,-2.663146457785052,4 days 00:25:06.122448978,false
XMR-USD,false,53,73,99,23.46938775510204,0.56357145536009,0.1349862258953168,0.0001,0.00003610675039246468,4.090909090909091,8.140495867768596,0.0004090909090909091,-0.9730944374982107,0,0,17424,726 days 01:00:00,1000.0,424.5443327969938,-57.54556672030062,34.915698157888286,100.0,138.85919240251877,63.15367533188666,635 days 19:00:00,98,1,20.374084283215552,20.198752313806725,-8.593290028177899,5.099449737987196,-2.6374030561017383,9 days 06:36:31.304347826,2 days 09:52:48,-6.079895423328799,-0.7039052363285128,-0.554123355118384,0.970347478604779,-0.17466427270806037,27.052928109112994,0.9765960809805059,0.38173023550868285,-0.007460189988399901,None,None,-0.00003703216114362525,-0.22397051059664552,-0.57545566720301,-0.25722593006713346,0.38293301046266504,-2.6481287717656508,4 days 00:32:26.938775509,false
XMR-USD,false,53,74,99,23.46938775510204,0.5493672294688529,0.1349862258953168,0.0001,0.00003610675039246468,4.090909090909091,8.140495867768596,0.0004090909090909091,-1.0574851456730185,0,0,17424,726 days 01:00:00,1000.0,400.8679405142741,-59.91320594857259,34.915698157888286,100.0,135.22711678176307,65.26214158998542,635 days 19:00:00,98,1,19.237842966054302,20.04500434392256,-8.73554328507474,5.097582250321802,-2.7143221467823864,9 days 16:10:26.086956521,2 days 07:00:00,-6.309896963793678,-0.7657506053693657,-0.5645453950083896,0.9677772556838858,-0.18091313699603154,27.01187088953715,0.9744099970000991,0.3818398096748612,-0.007461921798605293,None,None,-0.000040310220275473695,-0.2437962122260649,-0.5991320594857303,-0.2718737048211495,0.3831649427042945,-2.7159389360523716,4 days 00:34:53.877551019,false
XMR-USD,false,53,82,99,23.46938775510204,0.5302834354867171,0.1349862258953168,0.0001,0.00003610675039246468,4.090909090909091,8.140495867768596,0.0004090909090909091,-1.2144904443521514,0,0,17424,726 days 01:00:00,1000.0,359.41331117069217,-64.05866888293077,34.915698157888286,100.0,136.94466940654735,69.75981710178976,630 days 14:00:00,98,1,17.734179795005446,19.958883218998775,-8.735543285074737,4.844175295569785,-2.784810920015706,10 days 07:41:44.347826086,2 days 02:14:24,-6.717559883921555,-0.8810148417532776,-0.5764910086818635,0.9630561701860179,-0.18450966870860938,26.702898966908542,0.9728771384147619,0.3807448494453249,-0.007508037222203402,None,None,-0.00004650662513950546,-0.281272068843729,-0.6405866888293069,-0.2989446963762641,0.3842284729045206,-2.8346667047371756,4 days 00:34:53.877551019,false
XMR-USD,false,54,69,99,23.46938775510204,0.5599290718237296,0.1349862258953168,0.0001,0.00003610675039246468,4.090909090909091,8.140495867768596,0.0004090909090909091,-0.9720158681376064,0,0,17424,726 days 01:00:00,1000.0,424.4603147775954,-57.55396852224046,34.915698157888286,100.0,137.29996407657964,63.054368013956406,635 days 19:00:00,98,1,18.931005687914023,20.429348080581892,-8.593290028177904,5.079766790168429,-2.627853103679692,9 days 06:36:31.304347826,2 days 09:44:48,-6.066027458268561,-0.702229392429514,-0.5550986435595807,0.9703809647076929,-0.15569067890581798,26.94027253443354,0.9788647283458526,0.38063544885508277,-0.007461921798605222,None,None,-0.00003700449582856612,-0.2238031907711679,-0.5755396852224015,-0.2572769539120333,0.38356010826421905,-2.6483694028394402,4 days 00:26:19.591836734,false
XMR-USD,false,54,80,99,23.46938775510204,0.5364209998442918,0.1349862258953168,0.0001,0.00003610675039246468,4.090909090909091,8.140495867768596,0.0004090909090909091,-1.204138594226448,0,0,17424,726 days 01:00:00,1000.0,362.31998692721015,-63.768001307278986,34.915698157888286,100.0,136.46487415707892,69.40923978462546,635 days 19:00:00,98,1,17.877601056460662,20.32857447376026,-8.735543285074748,4.969126757416128,-2.809692860099976,10 days 04:46:57.391304347,2 days 03:01:36,-6.689363409482156,-0.8734613616726231,-0.5759079185574192,0.9633375223833783,-0.18463676327701709,26.800759300963026,0.9723631706255724,0.38052606559974644,-0.007488437220127385,None,None,-0.000046066386175484754,-0.2786095035893318,-0.637680013072785,-0.29698201100586763,0.3838825667472051,-2.826341865453213,4 days 00:29:59.999999999,false
XMR-USD,false,57,65,99,23.46938775510204,0.5549769884493618,0.1349862258953168,0.0001,0.00003610675039246468,4.090909090909091,8.140495867768596,0.0004090909090909091,-1.0059412813407487,0,0,17424,726 days 01:00:00,1000.0,414.87405265278585,-58.51259473472141,34.915698157888286,100.0,136.26045070191526,63.88876995980275,635 days 19:00:00,98,1,18.503456688649578,20.389732183151025,-8.593290028177902,5.1173169458018775,-2.6668726422842397,9 days 06:23:28.695652173,2 days 09:49:36,-6.159483714651673,-0.7271046698797178,-0.5594656255227473,0.9693450898422482,-0.1588145610906756,26.945649506972163,0.9772111860769228,0.38085426737459394,-0.007460189988399679,None,None,-0.00003831527702909145,-0.23173079547194508,-0.5851259473472112,-0.26314250081271695,0.3835597089026712,-2.675824853054013,4 days 00:26:56.326530611,false
XMR-USD,false,57,77,99,23.46938775510204,0.5349373595698342,0.1349862258953168,0.0001,0.00003610675039246468,4.090909090909091,8.140495867768596,0.0004090909090909091,-1.2218067798054484,0,0,17424,726 days 01:00:00,1000.0,358.1031848542939,-64.18968151457061,34.915698157888286,100.0,136.2747496569822,69.8066314126369,635 days 19:00:00,98,1,17.669535512428638,20.32857447376029,-8.735543285074744,4.953272800762779,-2.818060312903902,10 days 04:46:57.391304347,2 days 02:59:12,-6.730268884266679,-0.8865982575754842,-0.577675242829736,0.9627959828281801,-0.1877168521791037,26.825820218797073,0.9720208558150778,0.38030735107731306,-0.007488437220127334,None,None,-0.00004674530429202503,-0.2827156003581674,-0.6418968151457108,-0.29983272676266437,0.3837682679752646,-2.8384189605576777,4 days 00:28:09.795918367,false
XMR-USD,false,58,64,99,23.46938775510204,0.5549769884493618,0.1349862258953168,0.0001,0.00003610675039246468,4.090909090909091,8.140495867768596,0.0004090909090909091,-1.0059412813407487,0,0,17424,726 days 01:00:00,1000.0,414.87405265278585,-58.51259473472141,34.915698157888286,100.0,136.26045070191526,63.88876995980275,635 days 19:00:00,98,1,18.503456688649578,20.389732183151025,-8.593290028177902,5.1173169458018775,-2.6668726422842397,9 days 06:23:28.695652173,2 days 09:49:36,-6.159483714651673,-0.7271046698797178,-0.5594656255227473,0.9693450898422482,-0.1588145610906756,26.945649506972163,0.9772111860769228,0.38085426737459394,-0.007460189988399679,None,None,-0.00003831527702909145,-0.23173079547194508,-0.5851259473472112,-0.26314250081271695,0.3835597089026712,-2.675824853054013,4 days 00:26:56.326530611,false
XMR-USD,false,58,75,99,23.46938775510204,0.5364342212366828,0.1349862258953168,0.0001,0.00003610675039246468,4.090909090909091,8.140495867768596,0.0004090909090909091,-1.2034510424951221,0,0,17424,726 days 01:00:00,1000.0,362.77465077600414,-63.72253492239959,34.915698157888286,100.0,135.4346827743998,69.3262996654795,635 days 19:00:00,98,1,17.900035090454878,19.639234895509365,-8.73554328507474,4.986450988951407,-2.813452668381461,10 days 04:26:05.217391304,2 days 03:03:12,-6.684952901167866,-0.8731055531060685,-0.5760508594515675,0.9633353475041174,-0.18691603804586301,26.875186705091707,0.9715604098214153,0.3804166996751961,-0.007477354898302106,None,None,-0.000046012778233118606,-0.27828528275390135,-0.6372253492239948,-0.29667593749916266,0.38359209656389615,-2.825039689432736,4 days 00:26:19.591836733,false
XMR-USD,false,59,63,99,23.46938775510204,0.5511631095780077,0.1349862258953168,0.0001,0.00003610675039246468,4.090909090909091,8.140495867768596,0.0004090909090909091,-1.0318978404731967,0,0,17424,726 days 01:00:00,1000.0,407.8694188591369,-59.213058114086316,34.915698157888286,100.0,135.53274084912678,64.49846328878394,635 days 19:00:00,98,1,18.191048773061993,20.389732183151025,-8.593290028177913,5.117316945801873,-2.689078171164294,9 days 06:23:28.695652173,2 days 09:49:36,-6.227771733815556,-0.7461785435399593,-0.5626689426192715,0.9685533676546626,-0.1617226184521671,26.98543725454656,0.9764130391774526,0.38085426737459394,-0.00746018998839983,None,None,-0.00003930304646957661,-0.23770482504799936,-0.5921305811408627,-0.267484614961627,0.38339054869008893,-2.695886413220945,4 days 00:26:56.326530611,false
XMR-USD,false,59,74,99,23.46938775510204,0.5392634662072949,0.1349862258953168,0.0001,0.00003610675039246468,4.090909090909091,8.140495867768596,0.0004090909090909091,-1.1919738270711915,0,0,17424,726 days 01:00:00,1000.0,365.5744329609538,-63.442556703904614,34.915698157888286,100.0,135.94004051809208,69.19343498889651,635 days 19:00:00,98,1,18.03818200686436,19.639234895509386,-8.735543285074728,4.998714930879763,-2.8070868069026673,10 days 04:31:18.260869565,2 days 03:00:00,-6.657793357611331,-0.8647591256383097,-0.5737954280147933,0.9636756774128377,-0.187166812301931,26.87750874985766,0.971502281206904,0.3804166996751961,-0.007477354898302221,None,None,-0.0000455720536294493,-0.2756197803509094,-0.6344255670390451,-0.2947966602978266,0.3835848008590009,-2.817020997747726,4 days 00:25:06.122448978,false
XMR-USD,false,60,62,99,23.46938775510204,0.5518101386068199,0.1349862258953168,0.0001,0.00003610675039246468,4.090909090909091,8.140495867768596,0.0004090909090909091,-1.0345681500355577,0,0,17424,726 days 01:00:00,1000.0,407.13186549081047,-59.28681345091895,34.915698157888286,100.0,135.27176127780643,64.56266098729088,635 days 19:00:00,98,1,18.158153761385222,20.389732183151025,-8.5932900281779,5.138256993990998,-2.697630506113846,9 days 06:26:05.217391304,2 days 09:48:48,-6.234962125209948,-0.7481044367757084,-0.5630069171750729,0.9684763958479972,-0.1616135556408097,26.980930367910368,0.9767401902766696,0.3807448494453249,-0.007460189988399785,None,None,-0.00003940598853880966,-0.23832741868272084,-0.5928681345091853,-0.2679446433272932,0.38340514864492065,-2.6979987964962016,4 days 00:26:56.326530611,false
XMR-USD,false,60,73,99,23.46938775510204,0.5424917257161888,0.1349862258953168,0.0001,0.00003610675039246468,4.090909090909091,8.140495867768596,0.0004090909090909091,-1.1603691564352523,0,0,17424,726 days 01:00:00,1000.0,373.8738755180659,-62.6126124481934,34.915698157888286,100.0,136.6385730734335,68.49404987429554,635 days 19:00:00,98,1,18.447693290758423,19.639234895509386,-7.447402913544804,4.989558834103702,-2.7767935171973543,10 days 04:33:54.782608695,2 days 02:58:24,-6.577283854823391,-0.8412538033930855,-0.5696631968036552,0.9646541214733195,-0.18059583517715758,26.924012278640905,0.9726912314210262,0.38030735107731306,-0.00746829432447526,None,None,-0.00004430156197846144,-0.2679358468457348,-0.6261261244819353,-0.2892805146774088,0.38330981719597335,-2.793251051863837,4 days 00:24:29.387755101,false
XMR-USD,false,61,72,99,23.46938775510204,0.5383424993593505,0.1349862258953168,0.0001,0.00003610675039246468,4.090909090909091,8.140495867768596,0.0004090909090909091,-1.1779940085791833,0,0,17424,726 days 01:00:00,1000.0,369.34200192270794,-63.065799807729206,34.915698157888286,100.0,136.8910590030102,68.85903373525059,635 days 19:00:00,98,1,18.224081480482084,19.639234895509382,-7.447402913544815,4.9120400404160875,-2.7697871153371936,10 days 04:33:54.782608695,2 days 02:56:00,-6.621245709773207,-0.8542348085242601,-0.572056697298088,0.9641139281628307,-0.18173948065560375,26.901237941760094,0.9723507839775161,0.38008870584508153,-0.007477354898302051,None,None,-0.000044995669059543484,-0.272133806472119,-0.6306579980772908,-0.29228255532778324,0.38339936925799306,-2.80623052480711,4 days 00:22:39.183673468,false
XMR-USD,false,62,71,99,23.46938775510204,0.542454293511715,0.1349862258953168,0.0001,0.00003610675039246468,4.090909090909091,8.140495867768596,0.0004090909090909091,-1.1669803925422255,0,0,17424,726 days 01:00:00,1000.0,372.0639637083225,-62.79360362916775,34.915698157888286,100.0,137.61264213899875,68.62953229837505,635 days 19:00:00,98,1,18.3583885809731,20.32857447376029,-7.447402913544822,4.942011326426998,-2.7676626981992296,10 days 04:36:31.304347826,2 days 02:55:12,-6.594841070129086,-0.8462155121541041,-0.5707036981847455,0.9644460537057669,-0.18191105042586317,26.89952691721471,0.9722821778921253,0.38019801980198015,-0.007477354898302184,None,None,-0.000044573934316512065,-0.269583154746265,-0.6279360362916785,-0.29047658619231653,0.3834051400609439,-2.7984347139563406,4 days 00:22:39.183673469,false
XMR-USD,false,63,70,99,23.46938775510204,0.5509670145188905,0.1349862258953168,0.0001,0.00003610675039246468,4.090909090909091,8.140495867768596,0.0004090909090909091,-1.1266164467776671,0,0,17424,726 days 01:00:00,1000.0,382.3879760228831,-61.76120239771169,34.915698157888286,100.0,138.8316806495275,67.7590661246636,635 days 19:00:00,98,1,18.867796232002775,20.32857447376029,-7.447402913544822,5.01045254880943,-2.7506223393573896,10 days 04:36:31.304347826,2 days 02:54:24,-6.494692042950207,-0.8166808564424615,-0.5655967507586745,0.9656632265563109,-0.18131158748126713,26.922439321770714,0.9729041922209708,0.38030735107731306,-0.0074682943244752595,None,None,-0.00004300870989912346,-0.2601166774698987,-0.6176120239771195,-0.2837041604926456,0.3833204455865364,-2.768866316761831,4 days 00:22:02.448979591,false
XMR-USD,false,9,28,376,23.466666666666665,0.4392242366074203,0.5165289256198347,0.0001,0.0000361025641025641,15.537190082644628,31.033057851239672,0.001553719008264463,-2.920849272733248,0,0,17424,726 days 01:00:00,1000.0,116.34943005777234,-88.36505699422277,34.915698157888286,100.0,299.58855263231067,88.8818696580047,725 days 03:00:00,375,1,4.853941574528093,21.12387912204325,-11.59538764145428,2.3439368897252235,-1.4388992986385394,2 days 13:38:51.818181818,0 days 14:01:15.261324041,-2.369345364044683,-2.1346328784306876,-0.7435645026761912,0.9131861994754326,-0.40011989319956026,36.66532033481286,1.008637147030541,0.3701053624783771,-0.00764023410748194,None,None,-0.00011147736474098613,-0.6742151019534841,-0.8836505699422286,-0.5260435521562052,0.3801206329215027,-3.530811688044651,1 days 01:11:50.399999998,false
XMR-USD,false,10,29,359,23.463687150837988,0.4490063523459883,0.4931129476584022,0.0001,0.00003609798023205844,14.834710743801653,29.62809917355372,0.0014834710743801653,-2.821551844341372,0,0,17424,726 days 01:00:00,1000.0,124.76154539277695,-87.5238454607223,34.915698157888286,100.0,300.90818975240387,88.21853575655254,722 days 11:00:00,358,1,5.204883700622133,21.41807728755482,-11.595387641454284,2.4410693397331,-1.4758474337169303,2 days 16:14:17.142857142,0 days 14:50:48.175182481,-2.459338933820803,-2.0590593134891257,-0.7354263554331297,0.9160518759658384,-0.3888997881616818,36.81683815467896,1.010594498968468,0.3703208556149733,-0.007638748123339032,None,None,-0.000107482864381517,-0.6500563637794149,-0.8752384546072234,-0.514419867159757,0.3799516360630097,-3.50671904267647,1 days 02:26:08.715083797,false
XMR-USD,false,13,24,342,23.46041055718475,0.45981656058452375,0.4696969696969697,0.0001,0.00003609293931874577,14.132231404958677,28.22314049586777,0.0014132231404958679,-2.6625333005611367,0,0,17424,726 days 01:00:00,1000.0,138.94393623978203,-86.1056063760218,34.915698157888286,100.0,289.3466574824246,86.87926627151573,722 days 11:00:00,341,1,5.796553952245205,21.342974034476285,-11.595387641454279,2.600735337146607,-1.5192483409124504,2 days 17:35:15,0 days 16:07:48.965517241,-2.5420897880130857,-1.9426031512051773,-0.7242789670817043,0.9205187108760241,-0.4061730805210916,36.939932408637254,1.011651432199205,0.3701053624783771,-0.007615090235589408,None,None,-0.00010132317126037253,-0.6128025397827331,-0.8610560637602185,-0.49593061200223,0.37964932278276586,-3.466100090184463,1 days 03:43:59.296187682,false
XMR-USD,false,12,14,504,23.45924453280318,0.3756071360977002,0.6928374655647382,0.0001,0.00003609114543508182,20.826446280991735,41.611570247933884,0.0020826446280991736,-4.318542651484994,0,0,17424,726 days 01:00:00,1000.0,44.745459207161616,-95.52545407928383,34.915698157888286,100.0,325.1405864864687,95.67047909465589,725 days 02:00:00,503,1,0.9001609545214464,14.344903282656974,-11.465212964445202,1.8297522829450434,-1.3462697056420563,1 days 19:19:49.830508474,0 days 11:09:58.441558441,-1.9009039796170184,-3.190266126710228,-0.8260151553753405,0.8723149808139203,-0.43777066903708856,37.23323094553134,1.0160864679630877,0.35793329177057365,-0.007703186549122603,None,None,-0.0001663455224424248,-1.0060577197317853,-0.9552545407928386,-0.6598332907194026,0.3795265363549742,-3.7358884146414337,0 days 18:42:42.226640158,false
XMR-USD,false,3,5,1540,23.456790123456788,0.34896652291634306,2.1198347107438016,0.0001,0.00003608736942070276,63.63636363636364,127.23140495867769,0.006363636363636365,-8.028824019672856,0,0,17424,726 days 01:00:00,1000.0,2.800229063672873,-99.71997709363272,34.915698157888286,100.0,564.2689530101214,99.72743082042038,725 days 02:00:00,1539,1,0.008805841329254438,14.083376710948132,-11.192981014084515,1.2810140324228523,-0.8799020170806782,0 days 12:53:01.163434903,0 days 03:48:44.617996604,-0.6479587893292109,-6.0406330323303346,-0.9505147753937156,0.7714709498396598,-0.4007202416789455,35.51707332914205,1.0984010166047498,0.3386340938772375,-0.008118055332382223,None,None,-0.00032460321656984314,-1.9632002538144113,-0.9971997709363265,-0.8699971873276199,0.39113646840571914,-3.8560212842573107,0 days 05:56:24.795321636,false
XMR-USD,false,17,19,338,23.44213649851632,0.45792420904711884,0.4641873278236915,0.0001,0.0000360648253823328,13.966942148760332,27.892561983471076,0.0013966942148760332,-2.6754541062124964,0,0,17424,726 days 01:00:00,1000.0,138.58403781378638,-86.14159621862136,34.915698157888286,100.0,283.86284890688364,86.91325214772299,722 days 11:00:00,337,1,5.781539474463216,21.3429740344763,-11.31935827124625,2.652048865008657,-1.5429304476554113,2 days 17:47:50.886075949,0 days 16:34:11.162790697,-2.5732863550761937,-1.9495402284403676,-0.7245515894991825,0.9203800178522935,-0.37928310848605706,36.964789532436406,1.0097448786062317,0.37118350645262826,-0.00761548225861018,None,None,-0.00010151334590319358,-0.6139527160225148,-0.8614159621862132,-0.4963841746454929,0.3790084438014973,-3.4671308541244197,1 days 04:06:35.252225518,false
XMR-USD,false,28,75,129,23.4375,0.583758242513887,0.1763085399449036,0.0001,0.00003605769230769231,5.330578512396694,10.619834710743802,0.0005330578512396694,-0.778274713664533,0,0,17424,726 days 01:00:00,1000.0,482.0086277738019,-51.799137222619805,34.915698157888286,100.0,169.85115521177514,55.33351141387669,635 days 19:00:00,128,1,24.625219665014413,19.702048652753014,-7.677465801481979,4.23919158532733,-2.008546022158441,7 days 06:22:00,1 days 20:55:06.122448979,-4.239192124150092,-0.5592002888881191,-0.5550187947721482,0.9765986855055079,-0.07500472731393827,26.24958644480801,0.985547360082528,0.39244046667732146,-0.0074774153658259245,None,None,-0.000029601023910609895,-0.17902699261136865,-0.5179913722262016,-0.22376667931418903,0.3852984757716583,-2.483548660215381,3 days 03:15:28.124999999,false
XMR-USD,false,29,74,129,23.4375,0.6268066909523712,0.1763085399449036,0.0001,0.00003605769230769231,5.330578512396694,10.619834710743802,0.0005330578512396694,-0.6393899202480671,0,0,17424,726 days 01:00:00,1000.0,528.5635585604991,-47.143644143950084,34.915698157888286,100.0,178.2206721000245,51.41856201340277,635 days 19:00:00,128,1,27.00365301880487,19.702048652753017,-7.780175558306753,4.4014554109671495,-1.954069013951125,7 days 09:38:00,1 days 19:57:33.061224489,-3.8940632379555176,-0.45877075425574465,-0.5333458044418663,0.9807615330639036,-0.06754218757164167,26.21462686439957,0.9869411280893056,0.39344262295081966,-0.0074685881153025374,None,None,-0.000024297487013636285,-0.14695120145847226,-0.47143644143950036,-0.19852403960530474,0.3854992862796978,-2.350213417780369,3 days 03:17:20.624999999,false
XMR-USD,false,12,24,351,23.42857142857143,0.4389631360861127,0.4820936639118457,0.0001,0.00003604395604395605,14.50413223140496,28.96694214876033,0.001450413223140496,-2.8680964480953013,0,0,17424,726 days 01:00:00,1000.0,120.54953866500534,-87.94504613349946,34.915698157888286,100.0,284.9036678291509,88.48078699882544,725 days 03:00:00,350,1,5.029164450790205,19.95302052782692,-11.595387641454266,2.4556934831536164,-1.5102629414822628,2 days 15:31:27.804878048,0 days 15:51:42.985074626,-2.5270846451022444,-2.0989053735289405,-0.7400411311075618,0.9144487014025717,-0.43241267138291795,36.907189684176295,1.0069035828527861,0.37021310057403484,-0.007615482258610181,None,None,-0.00010947173053277739,-0.6620850262622376,-0.8794504613349957,-0.5201737180334651,0.3796357198848823,-3.5187824037146047,1 days 03:01:42.857142855,false
XMR-USD,false,18,63,176,23.42857142857143,0.5050765594631477,0.24104683195592286,0.0001,0.00003604395604395605,7.272727272727273,14.50413223140496,0.0007272727272727273,-1.4055641813609683,0,0,17424,726 days 01:00:00,1000.0,323.6042034861266,-67.63957965138734,34.915698157888286,100.0,193.85107096329241,70.47222937187652,722 days 11:00:00,175,1,14.683811007024303,21.246964398202284,-7.1255631390876015,3.594127804380689,-1.9037732687011706,5 days 13:33:39.512195121,1 days 07:02:41.194029850,-3.949026328690838,-1.00927434032611,-0.6142627649282913,0.958412138708297,0.13178438143916688,23.38083515876163,0.9882276616480543,0.38966424754765133,-0.00752349948900869,None,None,-0.00005277256348362436,-0.31916846394896015,-0.6763957965138739,-0.32402282942519367,0.38058958845423885,-2.9372254664799233,2 days 07:03:46.285714284,false
XMR-USD,false,22,51,176,23.42857142857143,0.49407437496438006,0.24104683195592286,0.0001,0.00003604395604395605,7.272727272727273,14.50413223140496,0.0007272727272727273,-1.5008419499929406,0,0,17424,726 days 01:00:00,1000.0,303.58838097435273,-69.64116190256473,34.915698157888286,100.0,190.53863006459437,72.55054555447565,722 days 11:00:00,175,1,13.775576343361763,21.537394248526965,-7.1255631390876095,3.7037299859656563,-1.9772885473814288,5 days 10:46:49.756097561,1 days 08:00:00,-4.058212544965771,-1.079158186514215,-0.6213585613475997,0.9555931737174228,0.1240244638341893,23.393022817067354,0.9884569717081111,0.3895534290271132,-0.0075645567148949185,None,None,-0.00005643331458972477,-0.3413086866386554,-0.6964116190256491,-0.3388383781129598,0.38063471424947265,-2.994551607922843,2 days 07:08:34.285714285,false
XMR-USD,false,23,46,176,23.42857142857143,0.5187584958381479,0.24104683195592286,0.0001,0.00003604395604395605,7.272727272727273,14.50413223140496,0.0007272727272727273,-1.3700408543302618,0,0,17424,726 days 01:00:00,1000.0,330.7073035603837,-66.92926964396163,34.915698157888286,100.0,194.07003353976015,71.02782157060545,722 days 11:00:00,175,1,16.477367270013076,20.68021897104221,-7.125563139087595,3.780526929969559,-1.9427535103578888,5 days 09:23:24.878048780,1 days 08:25:58.208955223,-3.918686078340736,-0.9841700337488021,-0.6006948069924503,0.9594295647369311,0.12409113708918239,23.3978877369073,0.989626203398179,0.39044047239067986,-0.007581889598690247,None,None,-0.00005150521026376902,-0.311503511675275,-0.6692926964396166,-0.31890932143983375,0.38092455721784263,-2.916881894823023,2 days 07:08:54.857142855,false
XMR-USD,false,11,17,462,23.427331887201735,0.3995343949200278,0.6349862258953168,0.0001,0.00003604204905723344,19.09090909090909,38.1404958677686,0.0019090909090909091,-3.9485304288411074,0,0,17424,726 days 01:00:00,1000.0,57.8279420999894,-94.21720579000106,34.915698157888286,100.0,329.43284171996544,94.45820991269194,725 days 02:00:00,461,1,1.1633461021762486,14.724388853031185,-11.465212964445195,1.9615513893257834,-1.3835456023769752,1 days 23:28:53.333333333,0 days 12:10:52.691218130,-2.0462807028247023,-2.910849200890981,-0.8060567568098378,0.8829218969581023,-0.44699760546592143,37.1221455712056,1.0110725767891382,0.36111545071082646,-0.00767525426964553,None,None,-0.0001516487377119996,-0.9171715656821736,-0.9421720579000109,-0.6281622659983116,0.3792076036867074,-3.698419643907798,0 days 20:27:04.295010844,false
XMR-USD,false,27,29,223,23.423423423423422,0.4742181795969211,0.30578512396694213,0.0001,0.00003603603603603604,9.214876033057852,18.388429752066116,0.0009214876033057852,-1.9291644499246015,0,0,17424,726 days 01:00:00,1000.0,230.28777032947903,-76.9712229670521,34.915698157888286,100.0,215.41461213348745,79.01688492606253,722 days 11:00:00,222,1,12.069363097649841,20.68021897104223,-6.9280260110262,3.354527567619703,-1.8502559725841896,4 days 09:00:00,1 days 00:44:49.411764705,-3.5215387061629326,-1.3855274389165837,-0.6606613211786041,0.9436373579385078,0.20862328034896296,22.77965712152594,0.9965787880078057,0.38745123019348676,-0.007650913471011484,None,None,-0.00007233408796530407,-0.437476564014159,-0.7697122296705188,-0.3993075396926117,0.38000194835735307,-3.204487580886664,1 days 19:32:42.162162160,false
XMR-USD,false,35,83,112,23.423423423423422,0.5415672598248703,0.15289256198347106,0.0001,0.00003603603603603604,4.62809917355372,9.214876033057852,0.00046280991735537196,-1.0254325630645795,0,0,17424,726 days 01:00:00,1000.0,407.7284434140181,-59.227155658598186,34.915698157888286,100.0,148.27906419226443,64.20037060648357,635 days 19:00:00,111,1,18.510084343380868,20.401051514359676,-9.192802668893407,4.58759943740368,-2.3996140846693437,8 days 16:36:55.384615384,2 days 00:20:28.235294117,-5.502537305669937,-0.7413900283494158,-0.5654539510066544,0.9688600287860736,-0.16952781331407918,26.72136131141119,0.9794541244175285,0.3853553824137382,-0.007466933014796026,None,None,-0.00003921811443219005,-0.23719115608588542,-0.5922715565859845,-0.26757250245685016,0.3850329645955212,-2.696290172711823,3 days 13:52:58.378378377,false
XMR-USD,false,35,84,112,23.423423423423422,0.5458369021116027,0.15289256198347106,0.0001,0.00003603603603603604,4.62809917355372,9.214876033057852,0.00046280991735537196,-1.0001443690096865,0,0,17424,726 days 01:00:00,1000.0,414.915324471903,-58.508467552809705,34.915698157888286,100.0,149.51234653723895,63.75075743499512,635 days 19:00:00,111,1,18.836354871464323,20.401051514359665,-9.192802668893412,4.5753178825749625,-2.3758800676702045,8 days 16:39:13.846153846,2 days 00:12:42.352941176,-5.440730003599652,-0.7230584894038852,-0.5606263927766124,0.9695963384279926,-0.1703343176613887,26.77994761412087,0.9794043938745192,0.3850250377553454,-0.00746018998839982,None,None,-0.00003822828878008412,-0.23120469054194878,-0.585084675528102,-0.2631170591355436,0.3848304006069876,-2.675706648861359,3 days 13:47:34.054054052,false
XMR-USD,false,35,85,112,23.423423423423422,0.5514530397164437,0.15289256198347106,0.0001,0.00003603603603603604,4.62809917355372,9.214876033057852,0.00046280991735537196,-0.9893869637391113,0,0,17424,726 days 01:00:00,1000.0,417.8868850891488,-58.21131149108511,34.915698157888286,100.0,150.49249461728354,63.58302611552872,635 days 19:00:00,111,1,18.97125798785254,20.40105151435966,-9.192802668893396,4.636383716935393,-2.3843000266360477,8 days 16:41:32.307692307,2 days 00:07:45.882352941,-5.415174530618948,-0.715270153668641,-0.558473014314213,0.9699091539896273,-0.1706249440997489,26.77627191198651,0.9793238029440897,0.3848048954939204,-0.007461921798605355,None,None,-0.00003781787662832883,-0.22872251784813274,-0.5821131149108502,-0.2612895900811898,0.38484423183084454,-2.6671959766593925,3 days 13:44:19.459459458,false
XMR-USD,false,36,81,112,23.423423423423422,0.5482778518634466,0.15289256198347106,0.0001,0.00003603603603603604,4.62809917355372,9.214876033057852,0.00046280991735537196,-0.9915410174979469,0,0,17424,726 days 01:00:00,1000.0,417.1386968227831,-58.286130317721685,34.915698157888286,100.0,150.32998430687317,63.32436647325951,635 days 19:00:00,111,1,18.937291684694515,20.2375634367495,-9.192802668893414,4.584444031863033,-2.372545149226631,8 days 16:36:55.384615384,2 days 00:19:03.529411764,-5.421608962719918,-0.7167739190676584,-0.5616712666703689,0.9698720425191463,-0.1698881038496414,26.734653511727103,0.9796747921238148,0.3854655323209032,-0.007461921798605284,None,None,-0.00003791156719475854,-0.22928915839389963,-0.5828613031772212,-0.2617489143406919,0.38498826129372443,-2.6693388187213856,3 days 13:51:53.513513512,false
XMR-USD,false,36,82,112,23.423423423423422,0.5521540764851014,0.15289256198347106,0.0001,0.00003603603603603604,4.62809917355372,9.214876033057852,0.00046280991735537196,-0.984315205675455,0,0,17424,726 days 01:00:00,1000.0,419.35317037755124,-58.06468296224487,34.915698157888286,100.0,151.43645911674574,63.31800291214657,635 days 19:00:00,111,1,19.0378245097574,20.401051514359672,-9.192802668893403,4.573788466732097,-2.3627284123424754,8 days 16:34:36.923076923,2 days 00:13:24.705882352,-5.402564451641501,-0.7115164989937901,-0.5590154815218422,0.9700660262122568,-0.1701063237540223,26.781727136341726,0.9800811617296248,0.3849149578763313,-0.007460189988399883,None,None,-0.000037617888854174775,-0.22751299179004905,-0.5806468296224482,-0.2603909699292557,0.38482864190938976,-2.662996475100604,3 days 13:47:01.621621620,false
XMR-USD,false,39,75,112,23.423423423423422,0.5729102166426592,0.15289256198347106,0.0001,0.00003603603603603604,4.62809917355372,9.214876033057852,0.00046280991735537196,-0.8834410887222726,0,0,17424,726 days 01:00:00,1000.0,450.9428125390016,-54.90571874609984,34.915698157888286,100.0,153.7161881616231,60.03306021472062,635 days 19:00:00,111,1,20.471933290321203,20.239170473141634,-9.192802668893403,4.667317889546251,-2.308154714840008,8 days 21:11:32.307692307,1 days 22:55:03.529411764,-5.13089297974162,-0.6363796931047684,-0.5495864075514239,0.9732600895902661,-0.10194273556276782,26.442983133493975,0.9843084497404133,0.3851351351351352,-0.007461921798605306,None,None,-0.000033534002458447286,-0.2028136468686892,-0.5490571874610017,-0.2415099653181818,0.3835544478153253,-2.572522436693575,3 days 13:51:53.513513511,false
XMR-USD,false,41,72,112,23.423423423423422,0.5648919534528379,0.15289256198347106,0.0001,0.00003603603603603604,4.62809917355372,9.214876033057852,0.00046280991735537196,-0.9226976989633894,0,0,17424,726 days 01:00:00,1000.0,438.9766767456051,-56.102332325439484,34.915698157888286,100.0,152.75025224219576,61.18640998639615,635 days 19:00:00,111,1,19.92869382204799,20.239170473141613,-9.192802668893393,4.646421552143321,-2.332730365434736,8 days 21:04:36.923076923,1 days 22:52:56.470588235,-5.2338019556436155,-0.6650731378013433,-0.5539337249955961,0.9720624696461231,-0.10662749268171699,26.407399006761782,0.9822968185214215,0.3850250377553454,-0.007461921798605206,None,None,-0.000035064382737675004,-0.21206938679745843,-0.5610233232543953,-0.24855726658034927,0.38375560823581883,-2.6067939432786233,3 days 13:48:38.918918918,false
XMR-USD,false,42,69,112,23.423423423423422,0.5619286976138058,0.15289256198347106,0.0001,0.00003603603603603604,4.62809917355372,9.214876033057852,0.00046280991735537196,-0.9596428621409815,0,0,17424,726 days 01:00:00,1000.0,427.8773183290102,-57.212268167098976,34.915698157888286,100.0,153.3350614384572,62.188683525486034,635 days 19:00:00,111,1,19.424804373648726,20.75514806614526,-9.192802668893393,4.663128958739961,-2.36417896164797,8 days 21:02:18.461538461,1 days 23:08:28.235294117,-5.32925663103278,-0.6920725902879932,-0.5586042883967003,0.9709660347412015,-0.1099950220064528,26.334645969358846,0.9817701076602272,0.38601654470251356,-0.007466933014796039,None,None,-0.000036515447417609206,-0.22084542598170048,-0.5721226816709885,-0.25520711554163444,0.38404571289381656,-2.6385829636968996,3 days 13:59:59.999999999,false
XMR-USD,false,17,82,159,23.417721518987342,0.5282570715122027,0.21763085399449036,0.0001,0.00003602726387536514,6.570247933884298,13.099173553719009,0.0006570247933884298,-1.1424193949326522,0,0,17424,726 days 01:00:00,1000.0,383.10169203995065,-61.68983079600493,34.915698157888286,100.0,186.43811969844248,64.22470236578037,722 days 11:00:00,158,1,18.19238408008124,23.09062389634422,-7.1725056880546925,3.6679740649188086,-1.880916471445895,6 days 11:19:27.567567567,1 days 08:39:10.413223140,-4.0195613420261465,-0.8204451411317548,-0.5958215657368263,0.9661585226684948,0.09058332585465224,22.93747181448602,0.988179229737862,0.39277435856446324,-0.0075213490703871675,None,None,-0.000043018773545971907,-0.2601775424060381,-0.6168983079600527,-0.28324040591826927,0.3816510148668371,-2.7668222046440083,2 days 13:22:47.088607594,false
XMR-USD,false,22,60,159,23.417721518987342,0.5571489325351184,0.21763085399449036,0.0001,0.00003602726387536514,6.570247933884298,13.099173553719009,0.0006570247933884298,-1.147233351964157,0,0,17424,726 days 01:00:00,1000.0,383.05797031938755,-61.69420296806124,34.915698157888286,100.0,192.20514363741484,64.94369162316352,722 days 11:00:00,158,1,17.381575332798093,21.322008276614884,-7.172505688054684,3.987554167026905,-1.9703568739121626,6 days 03:11:21.081081081,1 days 10:35:12.396694214,-4.014706360844367,-0.8218007893832648,-0.58927978624802,0.965950365644958,0.13543638595608495,23.335442937287926,0.9916510507726364,0.38966424754765133,-0.0075059153835619835,None,None,-0.00004304954881779774,-0.26036367125004073,-0.6169420296806134,-0.2832687989564129,0.3812940202808704,-2.766947425455477,2 days 12:57:20.506329113,false
XMR-USD,false,26,57,159,23.417721518987342,0.5949350444439607,0.21763085399449036,0.0001,0.00003602726387536514,6.570247933884298,13.099173553719009,0.0006570247933884298,-1.0126667561076068,0,0,17424,726 days 01:00:00,1000.0,418.42900711892673,-58.157099288107325,34.915698157888286,100.0,199.76276072197763,61.87093772876956,722 days 11:00:00,158,1,18.570214577365334,22.166403311106556,-7.172505688054685,4.225001828441667,-1.9644766594938083,6 days 08:35:40.540540540,1 days 09:07:26.280991735,-3.7983620725217637,-0.7247467513487341,-0.5732474636410032,0.9699530806717276,0.14256040205121273,23.21347525261157,0.988902103004755,0.39277435856446324,-0.007489941431631832,None,None,-0.00003797529596408818,-0.2296745899908053,-0.5815709928810692,-0.26095710842163133,0.3813931022482259,-2.665643316800419,2 days 13:06:04.556962024,false
XMR-USD,false,12,13,522,23.41650671785029,0.3704678320721046,0.7176308539944903,0.0001,0.00003602539495053891,21.5702479338843,43.09917355371901,0.00215702479338843,-4.4888402386332125,0,0,17424,726 days 01:00:00,1000.0,39.64138447374569,-96.03586155262543,34.915698157888286,100.0,336.0918455665034,96.19270355040427,725 days 02:00:00,521,1,0.7974803950772156,14.344903282656993,-11.465212964445195,1.7461539112468025,-1.3224930860823743,1 days 17:29:00.983606557,0 days 10:52:28.872180451,-1.844829358774147,-3.3168799445709127,-0.8344112981757591,0.8673797097353569,-0.40969590293772595,37.2843710473515,1.0147491304297585,0.35708722741433024,-0.007705955313607361,None,None,-0.00017325363826863497,-1.0478380042487043,-0.9603586155262546,-0.6738368060666532,0.3801986367895722,-3.7505066952507335,0 days 18:02:32.015355086,false
XMR-USD,false,5,8,979,23.415132924335378,0.339859472319814,1.3471074380165289,0.0001,0.000036023281422054426,40.45454545454545,80.86776859504133,0.004045454545454546,-7.0536550952907415,0,0,17424,726 days 01:00:00,1000.0,5.91451550664442,-99.40854844933556,34.915698157888286,100.0,443.06602781634024,99.43754247764448,722 days 11:00:00,978,1,0.018193338021500693,11.65418505242072,-11.19298101408454,1.3754317030791485,-1.0903487564747036,0 days 21:02:05.764192139,0 days 05:57:16.582109479,-1.0164659282529427,-5.324431249902581,-0.9293895896267891,0.7955365725817981,-0.5534027104241871,35.252157871232875,1.0282941437730304,0.34545594934754076,-0.008001117845079462,None,None,-0.00028205844387402447,-1.7058894685501,-0.9940854844933558,-0.8314763112700413,0.3855882810463191,-3.8471018394021947,0 days 09:29:08.466257668,false
XMR-USD,false,8,24,458,23.413566739606125,0.41522010075473054,0.6294765840220385,0.0001,0.00003602087190708634,18.925619834710744,37.8099173553719,0.0018925619834710746,-3.5956760628989075,0,0,17424,726 days 01:00:00,1000.0,72.75586381524397,-92.7244136184756,34.915698157888286,100.0,327.07627767191,93.07894749854403,725 days 02:00:00,457,1,3.0352766832476874,18.966464643100238,-11.465212964445183,2.037939817980822,-1.3526535177909285,2 days 01:47:06.168224299,0 days 11:42:41.142857142,-2.0356223476323967,-2.6430745793732013,-0.7866301906301372,0.8933524992450662,-0.4327718104535965,36.54079264135094,1.0129125232339657,0.3661309290474324,-0.0076575730128034935,None,None,-0.0001383583709376476,-0.8367914274308926,-0.9272441361847564,-0.597312091258472,0.3810254340390678,-3.655665460251636,0 days 20:37:32.954048138,false
XMR-USD,false,8,30,394,23.40966921119593,0.42867661970454707,0.5413223140495868,0.0001,0.000036014875709532196,16.280991735537192,32.5206611570248,0.0016280991735537194,-3.0507906254090154,0,0,17424,726 days 01:00:00,1000.0,107.0099256536339,-89.29900743463661,34.915698157888286,100.0,308.63862463441643,89.89461577202458,722 days 11:00:00,393,1,4.464310025063455,21.12387912204324,-11.520637103641047,2.2710199143244583,-1.408638968900711,2 days 12:05:13.043478260,0 days 12:58:36.279069767,-2.283598942420945,-2.231587457008733,-0.7507269327187643,0.9093241111557744,-0.40390418645316867,36.948367450989515,1.0086181232934714,0.369136481496032,-0.007631521799382603,None,None,-0.00011632325813029324,-0.7035230651720136,-0.8929900743463648,-0.5396107156079606,0.3794115876293806,-3.557560413967029,1 days 00:00:18.320610686,false
XMR-USD,false,9,16,535,23.40823970037453,0.3812181253879065,0.7355371900826446,0.0001,0.00003601267646211466,22.107438016528928,44.17355371900827,0.0022107438016528928,-4.465374326327511,0,0,17424,726 days 01:00:00,1000.0,40.552696510213195,-95.94473034897868,34.915698157888286,100.0,348.41670823968616,96.10517797260272,725 days 02:00:00,534,1,0.8158135964153885,14.344903282656976,-11.805396837296511,1.7603585638492218,-1.3013845662665084,1 days 16:23:02.400000,0 days 10:38:17.310513447,-1.7982455376146085,-3.297540542899307,-0.8328113137978467,0.8680621831352818,-0.4070637547324076,37.50542075829265,1.0169972034377575,0.35729864464869915,-0.007703186549122531,None,None,-0.00017198547681349877,-1.0401681637680407,-0.9594473034897865,-0.6712535848849084,0.3796291698577555,-3.747896659981364,0 days 17:36:04.044943819,false
XMR-USD,false,2,5,1851,23.405405405405403,0.35400857812709396,2.5482093663911844,0.0001,0.00003600831600831601,76.48760330578513,152.93388429752068,0.0076487603305785135,-8.287429814853118,0,0,17424,726 days 01:00:00,1000.0,2.596504762908694,-99.74034952370913,34.915698157888286,100.0,628.0612505269603,99.7492469210413,725 days 02:00:00,1850,1,0.008165192358520201,14.083376710948134,-5.957955217046673,1.2090971164240065,-0.7803289813553093,0 days 10:42:49.053117782,0 days 03:07:52.547635850,-0.5391414380699717,-6.157683916309165,-0.95225219576589,0.7713418102823163,0.22449606364959548,22.183784926431258,1.1419570196258761,0.33842845072586225,-0.00812219644445421,None,None,-0.00032910195983007256,-1.9904086530522789,-0.9974034952370929,-0.8733612140080038,0.3890191859974351,-3.8566047590595125,0 days 04:54:21.405405404,false
XMR-USD,false,21,44,189,23.404255319148938,0.5310768027924615,0.25895316804407714,0.0001,0.000036006546644844517,7.809917355371901,15.578512396694215,0.0007809917355371902,-1.4209206995193293,0,0,17424,726 days 01:00:00,1000.0,322.4337278426242,-67.75662721573758,34.915698157888286,100.0,198.26337161482613,71.09447213526798,722 days 11:00:00,188,1,16.333093624467722,20.680218971042226,-6.1684812290711,3.950915239194175,-1.946201261306384,5 days 01:20:27.272727272,1 days 05:47:30,-3.6909540733076778,-1.0175906950821072,-0.6103383283690366,0.9581648322921846,0.20882001304787154,22.801224524528173,0.9943368325264399,0.3883355907895786,-0.007595606630086859,None,None,-0.00005305297783300163,-0.32086440993399384,-0.6775662721573779,-0.32487246518561397,0.37948497268826475,-2.9405777570118485,2 days 03:13:05.106382977,false
XMR-USD,false,21,88,142,23.404255319148938,0.6122448251207184,0.19421487603305784,0.0001,0.000036006546644844517,5.867768595041323,11.694214876033058,0.0005867768595041323,-0.6696094517380698,0,0,17424,726 days 01:00:00,1000.0,519.2046163362637,-48.07953836637363,34.915698157888286,100.0,196.23330404984222,52.15055352243293,722 days 11:00:00,141,1,26.96556286935879,19.59368917755768,-7.0076759143037295,3.864361490841315,-1.761845428104419,6 days 22:34:32.727272727,1 days 14:24:26.666666666,-3.601141464773721,-0.47902732797413095,-0.5383025661714576,0.9799451601886451,-0.016279714959430664,26.221684900456808,0.9912981833859524,0.39344262295081966,-0.00746192179860528,None,None,-0.0000253471829153054,-0.15329976227176706,-0.48079538366373675,-0.20347839129659306,0.38514773934370233,-2.3770178144214285,2 days 20:24:15.319148934,false
XMR-USD,false,23,41,189,23.404255319148938,0.5417325540579399,0.25895316804407714,0.0001,0.000036006546644844517,7.809917355371901,15.578512396694215,0.0007809917355371902,-1.3718699607977178,0,0,17424,726 days 01:00:00,1000.0,332.80982158857864,-66.71901784114213,34.915698157888286,100.0,201.3940621737439,69.72027234661114,722 days 11:00:00,188,1,16.582124441594715,20.680218971042226,-6.168481229071118,3.9540313775653626,-1.9249553463152793,5 days 01:46:21.818181818,1 days 05:37:30,-3.6370867173032764,-0.9820029959904468,-0.6093361790162792,0.9595909013908882,0.20936740598510153,22.765443112936882,0.9950364918383249,0.38822498406628425,-0.007587215347123257,None,None,-0.000051223418267094666,-0.30979923367938855,-0.6671901784114234,-0.31740949600631296,0.37967647448081737,-2.910860196449164,2 days 03:11:29.361702126,false
XMR-USD,false,48,84,95,23.404255319148938,0.5529815128599044,0.12947658402203857,0.0001,0.000036006546644844517,3.925619834710744,7.809917355371901,0.0003925619834710744,-1.0239314699812498,0,0,17424,726 days 01:00:00,1000.0,409.23210400946596,-59.076789599053406,34.915698157888286,100.0,133.38638215752275,65.25893269414381,635 days 19:00:00,94,1,19.63924314701285,19.592312599254903,-8.73554328507473,5.187302558973357,-2.7574025457085782,10 days 07:08:10.909090909,2 days 08:00:50,-6.493692969548373,-0.7417314702739253,-0.5544737596000642,0.9687842988323426,-0.18518487802504854,26.89952834405467,0.9715952791812863,0.3829365079365079,-0.007477354898302136,None,None,-0.000039094626454354126,-0.23644430079593376,-0.5907678959905348,-0.2666361047770346,0.3836439081535285,-2.6919836267317074,4 days 04:44:40.851063829,false
XMR-USD,false,54,73,95,23.404255319148938,0.5564695685868681,0.12947658402203857,0.0001,0.000036006546644844517,3.925619834710744,7.809917355371901,0.0003925619834710744,-1.0061747147164446,0,0,17424,726 days 01:00:00,1000.0,415.0397488096436,-58.49602511903564,34.915698157888286,100.0,131.3286368325774,64.10286005019914,635 days 19:00:00,94,1,19.917954780886816,20.04500434392254,-8.735543285074758,5.3143315278145336,-2.7749994901857074,10 days 00:30:00,2 days 09:54:10,-6.434874531608974,-0.7283826419263999,-0.5573958835472917,0.9693126790797394,-0.18086999020975958,27.05829099485612,0.9741441441468025,0.3818398096748612,-0.00745819636418867,None,None,-0.000038326842754542386,-0.23180074497947234,-0.5849602511903542,-0.2630403687626467,0.3830023173374434,-2.6753502924248416,4 days 04:38:17.872340425,false
XMR-USD,false,55,72,95,23.404255319148938,0.554791589714833,0.12947658402203857,0.0001,0.000036006546644844517,3.925619834710744,7.809917355371901,0.0003925619834710744,-1.025074585514036,0,0,17424,726 days 01:00:00,1000.0,409.78696975848266,-59.02130302415174,34.915698157888286,100.0,131.85343366505853,64.70088712248875,635 days 19:00:00,94,1,19.665871417991923,20.04500434392253,-8.73554328507474,5.271651879151176,-2.7797295456920414,10 days 00:32:43.636363636,2 days 09:50:00,-6.488073421909666,-0.7424972216735818,-0.5585840207888871,0.9687195214554843,-0.18569682357392683,27.075688651492417,0.9727432785539504,0.3818398096748612,-0.00746018998839981,None,None,-0.00003906214952539388,-0.23624788032958216,-0.5902130302415152,-0.2662911321707675,0.38292987460296707,-2.6903944683350813,4 days 04:35:44.680851062,false
XMR-USD,false,55,77,95,23.404255319148938,0.5547909020751146,0.12947658402203857,0.0001,0.000036006546644844517,3.925619834710744,7.809917355371901,0.0003925619834710744,-1.0854779491239668,0,0,17424,726 days 01:00:00,1000.0,393.02342537749405,-60.697657462250596,34.915698157888286,100.0,134.14068948966695,66.7390027552768,635 days 19:00:00,94,1,19.392570816563932,19.685655172017352,-8.735543285074746,5.232011302117401,-2.8249337979074887,10 days 07:08:10.909090909,2 days 07:35:00,-6.663501547224151,-0.7871127323073595,-0.5614080490221462,0.9668543313977974,-0.18887987959633132,26.979832249761543,0.9714842813503581,0.38052606559974644,-0.007461921798605267,None,None,-0.00004144057980971661,-0.2506326266891661,-0.6069765746225033,-0.27685114687532364,0.38321882054664846,-2.7384059510360257,4 days 04:24:53.617021275,false
XMR-USD,false,56,71,95,23.404255319148938,0.5587139601170008,0.12947658402203857,0.0001,0.000036006546644844517,3.925619834710744,7.809917355371901,0.0003925619834710744,-1.0110753955036247,0,0,17424,726 days 01:00:00,1000.0,413.6555127569195,-58.63444872430805,34.915698157888286,100.0,132.8911440082191,64.6121595855743,635 days 19:00:00,94,1,19.851524634898908,20.045004343922553,-8.73554328507474,5.27893574770032,-2.7692958571219886,10 days 00:35:27.272727272,2 days 09:45:50,-6.448893743382767,-0.7323116742337402,-0.5546714357016822,0.9691365010430397,-0.1858822053142525,27.081995242118953,0.9727601938180231,0.38173023550868285,-0.007460189988399864,None,None,-0.00003852424050084066,-0.2329946065490843,-0.5863444872430779,-0.2638944056500524,0.38290943904590513,-2.679314801587639,4 days 04:33:11.489361701,false
XMR-USD,false,56,75,95,23.404255319148938,0.5698286240591457,0.12947658402203857,0.0001,0.000036006546644844517,3.925619834710744,7.809917355371901,0.0003925619834710744,-0.9987520881291785,0,0,17424,726 days 01:00:00,1000.0,417.5946371224743,-58.240536287752576,34.915698157888286,100.0,135.3477893931703,64.67139223396221,635 days 19:00:00,94,1,20.604964106749208,19.5923125992549,-8.735543285074755,5.327966455664508,-2.7728716085127414,10 days 07:05:27.272727272,2 days 07:35:50,-6.415003478556111,-0.7230554590877045,-0.5494250327646526,0.9695156567673353,-0.17413249175111417,27.09662878288592,0.9733493294996097,0.3807448494453249,-0.0074514455426357975,None,None,-0.000038002826712798086,-0.22984109595900282,-0.5824053628775279,-0.26146894163792467,0.38256235856924875,-2.6680329868928787,4 days 04:24:53.617021276,false
XMR-USD,false,56,76,95,23.404255319148938,0.5572698062638578,0.12947658402203857,0.0001,0.000036006546644844517,3.925619834710744,7.809917355371901,0.0003925619834710744,-1.0776466279122168,0,0,17424,726 days 01:00:00,1000.0,395.0752761802328,-60.492472381976725,34.915698157888286,100.0,134.47632472935467,66.6437031444242,635 days 19:00:00,94,1,19.49381328565829,19.68565517201736,-8.73554328507474,5.258111126841272,-2.825509550530728,10 days 07:08:10.909090909,2 days 07:35:00,-6.642750394738563,-0.7814084926776944,-0.5597513908105683,0.9670928430250751,-0.18898574902887721,26.97715139482725,0.9713203512897545,0.38063544885508277,-0.00746192179860526,None,None,-0.000041141205881464314,-0.24882201317109617,-0.6049247238197619,-0.27554300347436944,0.3832276485498729,-2.7325293656861915,4 days 04:24:53.617021275,false
XMR-USD,false,57,75,95,23.404255319148938,0.561095240581265,0.12947658402203857,0.0001,0.000036006546644844517,3.925619834710744,7.809917355371901,0.0003925619834710744,-1.0549778087664154,0,0,17424,726 days 01:00:00,1000.0,401.06248885069294,-59.8937511149307,34.915698157888286,100.0,135.53521832625398,66.13820139522787,635 days 19:00:00,94,1,19.78923446976256,19.685655172017334,-8.735543285074751,5.245930729922749,-2.8020906208115584,10 days 07:10:54.545454545,2 days 07:35:50,-6.582199421479471,-0.7647972565458843,-0.5568345302894419,0.9677867123119003,-0.18821960532961562,26.957614093702798,0.9716127521649873,0.38085426737459394,-0.007461921798605273,None,None,-0.00004027378699528332,-0.2435758637474735,-0.5989375111493066,-0.2717510730182766,0.38329582760410913,-2.715381741590617,4 days 04:26:10.212765956,false
XMR-USD,false,63,73,95,23.404255319148938,0.5545720671360158,0.12947658402203857,0.0001,0.000036006546644844517,3.925619834710744,7.809917355371901,0.0003925619834710744,-1.086069839446647,0,0,17424,726 days 01:00:00,1000.0,392.9195168257372,-60.708048317426275,34.915698157888286,100.0,138.83270806683421,66.89502582373763,630 days 14:00:00,94,1,18.658603997782222,18.361512054478208,-7.193138527540471,4.917024579630809,-2.7418905688226505,10 days 10:13:38.181818181,2 days 06:51:40,-6.656798799702603,-0.7877056075191268,-0.5602228968911757,0.9668447119231114,-0.192039514990057,27.0152198222691,0.9722798164873261,0.38052606559974644,-0.007458196364188605,None,None,-0.00004146159983936213,-0.25075975582846216,-0.6070804831742647,-0.2769175115607946,0.3831246216532447,-2.73870354941509,4 days 04:35:06.382978722,false
XMR-USD,false,14,20,360,23.398328690807798,0.44172330345813726,0.49449035812672176,0.0001,0.00003599742875508892,14.87603305785124,29.710743801652892,0.001487603305785124,-3.052820062544877,0,0,17424,726 days 01:00:00,1000.0,105.64702195822815,-89.43529780417718,34.915698157888286,100.0,288.90936822112394,89.90480957161992,725 days 03:00:00,359,1,4.407451517841508,19.953020527826908,-11.595387641454279,2.414506844976291,-1.5252001968172193,2 days 13:25:00,0 days 15:39:42.545454545,-2.503510945848501,-2.2369061087951243,-0.7529647502669012,0.9091151218030381,-0.42959885616194243,36.61834232279419,1.0035210030011006,0.3703208556149733,-0.007641655269443687,None,None,-0.00011697998712112309,-0.7074949621085524,-0.8943529780417725,-0.5416544290993731,0.3806464273814462,-3.561463826378383,1 days 02:22:03.676880222,false
XMR-USD,false,6,7,967,23.395445134575567,0.34135616757516807,1.3305785123966942,0.0001,0.000035992992514731646,39.95867768595041,79.87603305785125,0.003995867768595041,-7.01278339399769,0,0,17424,726 days 01:00:00,1000.0,6.096689300124353,-99.39033106998757,34.915698157888286,100.0,442.02837661711374,99.42021814729077,722 days 11:00:00,966,1,0.01875371349092525,11.654185052420724,-11.19298101408453,1.3820543091439097,-1.0959895664854435,0 days 21:18:35.044247787,0 days 06:00:24.324324324,-1.028904828585268,-5.28820212049485,-0.9283792869611395,0.7964949147543955,-0.5395352391627609,35.24878164430489,1.0286275052775737,0.3444178689915901,-0.00799049855159075,None,None,-0.00028030405324701345,-1.6952789140379374,-0.9939033106998753,-0.8296924913554059,0.3858151489633555,-3.846580086141939,0 days 09:35:13.043478260,false
XMR-USD,false,23,50,172,23.391812865497073,0.5090423848722717,0.23553719008264462,0.0001,0.00003598740440845704,7.107438016528926,14.173553719008265,0.0007107438016528926,-1.366500364874874,0,0,17424,726 days 01:00:00,1000.0,331.3209407918446,-66.86790592081555,34.915698157888286,100.0,189.94278561491421,71.00611181940046,722 days 11:00:00,171,1,15.033964407281019,21.698844834700974,-7.125563139087607,3.727158993663185,-1.9377955454544153,5 days 13:49:29.999999999,1 days 08:49:00.458015267,-3.998321775528866,-0.9808656914792151,-0.6001256046434661,0.9595667262816102,0.13309327467059098,23.265776808166205,0.9897800315049531,0.3902186053933302,-0.007564556714894859,None,None,-0.000051377881624799396,-0.3107334280667867,-0.6686790592081566,-0.31847094322541014,0.3812629413131561,-2.915124412476011,2 days 08:26:39.999999999,false
XMR-USD,false,24,46,172,23.391812865497073,0.5096024875003741,0.23553719008264462,0.0001,0.00003598740440845704,7.107438016528926,14.173553719008265,0.0007107438016528926,-1.4044883247235134,0,0,17424,726 days 01:00:00,1000.0,323.2811697585107,-67.67188302414893,34.915698157888286,100.0,190.77689451511318,70.99206661825382,722 days 11:00:00,171,1,14.669153081836384,21.32200827661488,-7.125563139087598,3.7925616160409534,-1.9745599284636322,5 days 12:40:30,1 days 09:14:11.908396946,-4.043204580838166,-1.0092494364575906,-0.6101658353611489,0.9584163502079796,0.12569709972326548,23.341888542698445,0.9867776503671956,0.3912175648702595,-0.007581889598690211,None,None,-0.00005281141359963157,-0.3194034294505717,-0.6767188302414924,-0.3242571154169509,0.38087916917381837,-2.938150648402837,2 days 08:29:49.473684209,false
XMR-USD,false,24,47,172,23.391812865497073,0.5029611554614888,0.23553719008264462,0.0001,0.00003598740440845704,7.107438016528926,14.173553719008265,0.0007107438016528926,-1.4382430404044142,0,0,17424,726 days 01:00:00,1000.0,316.14812669294315,-68.38518733070569,34.915698157888286,100.0,190.3902951525824,71.30179396911205,722 days 11:00:00,171,1,14.34548529522732,21.32200827661489,-7.125563139087605,3.7419618047648164,-1.9772229883555807,5 days 11:41:59.999999999,1 days 09:30:41.221374045,-4.083025488902246,-1.03387699906957,-0.6163824309784093,0.9574284123807442,0.12358652958613958,23.34504555639959,0.987158569414834,0.3906624102154829,-0.007569827638455702,None,None,-0.00005409426002757623,-0.32716208464678104,-0.6838518733070551,-0.32946990609304116,0.38083798186389906,-2.9585799780221738,2 days 08:28:46.315789472,false
XMR-USD,false,24,48,172,23.391812865497073,0.51538300685476,0.23553719008264462,0.0001,0.00003598740440845704,7.107438016528926,14.173553719008265,0.0007107438016528926,-1.3542939340369355,0,0,17424,726 days 01:00:00,1000.0,334.2281805092051,-66.57718194907949,34.915698157888286,100.0,192.40873282749288,70.86350125309951,722 days 11:00:00,171,1,15.165882837579318,21.32200827661489,-7.125563139087597,3.7644989686208703,-1.9428154805659366,5 days 14:48:00,1 days 08:27:56.335877862,-3.982091826481719,-0.9720102336432461,-0.5977687211476512,0.9598904929827172,0.13431210336055716,23.316775213819206,0.9895373460079548,0.3899968091895341,-0.007555296026784055,None,None,-0.0000508885923165439,-0.3077742063304575,-0.6657718194907922,-0.316401204710102,0.38107244330878565,-2.906797957984928,2 days 08:24:12.631578946,false
XMR-USD,false,26,45,172,23.391812865497073,0.5279677521076501,0.23553719008264462,0.0001,0.00003598740440845704,7.107438016528926,14.173553719008265,0.0007107438016528926,-1.2863967402329173,0,0,17424,726 days 01:00:00,1000.0,349.2912551433499,-65.07087448566502,34.915698157888286,100.0,194.384076335287,69.7106392922832,722 days 11:00:00,171,1,15.849382429765512,21.322008276614888,-7.125563139087587,3.837922733869564,-1.9303909417276686,5 days 15:04:29.999999999,1 days 08:26:06.412213740,-3.898000744365005,-0.9227425202298483,-0.5891259995073588,0.9619121930569975,0.13541490389422078,23.25400291872353,0.9898050930802975,0.39088441890166026,-0.007555296026784045,None,None,-0.00004834247833293676,-0.29237530895760155,-0.6507087448566498,-0.3058614614853318,0.38133469639067014,-2.86365669079322,2 days 08:26:39.999999999,false
XMR-USD,false,28,77,125,23.387096774193548,0.6344956582618378,0.17079889807162535,0.0001,0.000035980148883374695,5.1652892561983474,10.289256198347108,0.0005165289256198347,-0.6103488938708246,0,0,17424,726 days 01:00:00,1000.0,538.8111035565312,-46.118889644346886,34.915698157888286,100.0,173.38564876587958,50.838443763716626,635 days 19:00:00,124,1,27.52718731262013,19.593689177557675,-7.780175558306748,4.618993283562807,-2.014570062884439,7 days 12:53:47.586206896,1 days 22:15:47.368421052,-3.941258739968461,-0.4380626341109478,-0.5255841414667983,0.981621979923072,-0.07367440190257518,26.203027997771517,0.9862071353938737,0.39388848892088635,-0.00746829432447536,None,None,-0.000023198106145402364,-0.1403021459673935,-0.46118889644346284,-0.19316454520598647,0.3854555163146179,-2.320864026140847,3 days 05:44:59.999999998,false
XMR-USD,false,8,29,403,23.383084577114428,0.41319079915693946,0.5537190082644629,0.0001,0.000035973976272483736,16.65289256198347,33.264462809917354,0.0016652892561983472,-3.2759152075077034,0,0,17424,726 days 01:00:00,1000.0,91.05737794736228,-90.89426220526377,34.915698157888286,100.0,297.17819655190374,91.29873007442833,725 days 03:00:00,402,1,3.798791212528954,20.168729690256562,-11.520637103641038,2.239551374482704,-1.4350433708584476,2 days 10:10:51.063829787,0 days 12:53:22.597402597,-2.2705010280227995,-2.4044869076353814,-0.7669411678954634,0.9025941456679961,-0.4312995204898851,36.810335726022636,1.0042488833853396,0.36902891263356374,-0.007640234107482021,None,None,-0.00012554530494858572,-0.7592980043290464,-0.9089426220526383,-0.5646973859889799,0.3800458579174648,-3.6032491687332504,0 days 23:28:48.358208954,false
XMR-USD,false,10,28,356,23.380281690140844,0.4456019136343509,0.4889807162534435,0.0001,0.00003596966413867822,14.710743801652892,29.380165289256198,0.0014710743801652894,-2.88789497724621,0,0,17424,726 days 01:00:00,1000.0,119.5464553187993,-88.04535446812008,34.915698157888286,100.0,294.9251677007811,88.71100638954684,722 days 11:00:00,355,1,4.987317164091436,21.123879122043224,-11.595387641454277,2.4489243556466276,-1.496633972642859,2 days 16:23:07.951807228,0 days 15:06:50.294117647,-2.4941996108318114,-2.1121818560399888,-0.7397517952686044,0.9139708047496001,-0.4212155244730764,37.083176573975926,1.0076018202414798,0.36988993710691825,-0.007618027989106632,None,None,-0.0001099894779527684,-0.6652163626583433,-0.880453544681202,-0.5215632804034288,0.37903365853494475,-3.5216552758011668,1 days 02:38:01.690140843,false
XMR-USD,false,22,33,232,23.376623376623375,0.4672049180860026,0.3181818181818182,0.0001,0.000035964035964035965,9.586776859504132,19.132231404958677,0.0009586776859504132,-2.031085917263747,0,0,17424,726 days 01:00:00,1000.0,215.53345015127866,-78.44665498487214,34.915698157888286,100.0,223.23994233720765,80.05972487922631,722 days 11:00:00,231,1,10.23505609275199,24.879197779776185,-6.928026011026191,3.2307680825692118,-1.8072613648121854,4 days 02:41:06.666666666,1 days 00:39:39.661016949,-3.4402666923873353,-1.4603939083582016,-0.6716014813369954,0.9406994338689869,0.2034403129133434,22.861386541309823,0.9966381450599593,0.3867886987664147,-0.007658393323117616,None,None,-0.00007615944711467227,-0.4606123361495379,-0.7844665498487221,-0.4129551737599444,0.3795873354395715,-3.246744562578628,1 days 17:57:55.324675323,false
XMR-USD,false,28,36,185,23.369565217391305,0.543956420128782,0.2534435261707989,0.0001,0.000035953177257525084,7.644628099173554,15.24793388429752,0.0007644628099173554,-1.3020373299875625,0,0,17424,726 days 01:00:00,1000.0,345.76860146205354,-65.42313985379464,34.915698157888286,100.0,202.30796842041406,69.9103356449625,722 days 11:00:00,184,1,17.227790784755825,20.680218971042205,-7.125563139087589,3.9420869433567205,-1.9111215349783959,5 days 04:05:34.883720930,1 days 06:32:20.425531914,-3.6492347245799026,-0.9343090668439609,-0.5917278182050932,0.9614592972299295,0.12777776842392766,23.328206835622186,0.991719818745036,0.39044047239067986,-0.007592921762430922,None,None,-0.00004893194359914443,-0.2959403948876255,-0.6542313985379451,-0.3082992883922213,0.3812061051517514,-2.8737457162664235,2 days 04:24:07.826086954,false
XMR-USD,false,37,84,108,23.364485981308412,0.5702755710394624,0.14738292011019283,0.0001,0.00003594536304816679,4.462809917355372,8.884297520661157,0.00044628099173553724,-0.904372087349974,0,0,17424,726 days 01:00:00,1000.0,442.79947778716223,-55.72005222128378,34.915698157888286,100.0,149.7270018357969,61.32793861231699,635 days 19:00:00,107,1,20.10224161065628,20.564604478564082,-9.192802668893412,4.828875664813297,-2.4045630059907643,8 days 21:16:48,2 days 02:57:04.390243902,-5.395352932929861,-0.6532150129942957,-0.5479464660517207,0.972478831275851,-0.16629366526685796,26.83142771696044,0.9805158464103634,0.3845848232022249,-0.007451445542635746,None,None,-0.00003451243379046253,-0.2087311995647174,-0.5572005222128393,-0.24629238960686017,0.38457174523630305,-2.5958452833828067,3 days 16:52:42.616822429,false
XMR-USD,false,37,89,108,23.364485981308412,0.5656817245476241,0.14738292011019283,0.0001,0.00003594536304816679,4.462809917355372,8.884297520661157,0.00044628099173553724,-0.9501673513391247,0,0,17424,726 days 01:00:00,1000.0,429.35429796250173,-57.06457020374983,34.915698157888286,100.0,151.39041273442018,62.808275013768785,635 days 19:00:00,107,1,20.847819704637402,20.217563635414493,-9.192802668893407,4.789658950054572,-2.4327433716015627,8 days 23:07:12,2 days 02:18:17.560975609,-5.527976838711556,-0.6864602921037827,-0.5512921913044417,0.9711067764456739,-0.16570347929771845,26.80754105857665,0.9791390905601949,0.38414488839463024,-0.0074669330147960344,None,None,-0.00003627668417220954,-0.21940138587352329,-0.5706457020374999,-0.25431578044124614,0.3846538711845923,-2.634352833092572,3 days 16:48:47.102803737,false
XMR-USD,false,38,88,108,23.364485981308412,0.5556072164220078,0.14738292011019283,0.0001,0.00003594536304816679,4.462809917355372,8.884297520661157,0.00044628099173553724,-1.0043518719508808,0,0,17424,726 days 01:00:00,1000.0,413.6180064863498,-58.63819935136502,34.915698157888286,100.0,151.13606858249432,64.29887995454685,635 days 19:00:00,107,1,20.083724948695135,20.21756363541448,-9.192802668893417,4.718081402636021,-2.4552271708375697,8 days 23:04:48,2 days 02:13:10.243902439,-5.667903910863043,-0.7262741699272451,-0.5574194144790746,0.9694457550653813,-0.17220588770281325,26.762647984119297,0.9770681301310732,0.3838151207115629,-0.007477354898302175,None,None,-0.000038404173568627976,-0.232268441743062,-0.5863819935136476,-0.2639175719692174,0.38488923946762554,-2.679422221093902,3 days 16:44:17.943925233,false
XMR-USD,false,44,72,108,23.364485981308412,0.5720896072809278,0.14738292011019283,0.0001,0.00003594536304816679,4.462809917355372,8.884297520661157,0.00044628099173553724,-0.9324431561370248,0,0,17424,726 days 01:00:00,1000.0,436.0192678109563,-56.398073218904365,34.915698157888286,100.0,149.64604301569048,61.46318150420173,635 days 19:00:00,107,1,21.171445415144603,20.401051514359658,-9.192802668893393,4.887153324535516,-2.4429775344694367,8 days 21:14:24,2 days 02:39:30.731707317,-5.46871194022606,-0.6732668372836268,-0.5550882327931507,0.9716161573265565,-0.15067267786183228,26.970877949525203,0.9816909826824944,0.3826073157184797,-0.007458196364188589,None,None,-0.00003546914650599023,-0.21451739806822892,-0.5639807321890371,-0.2503182792908999,0.38346122850830255,-2.6152640844777926,3 days 16:38:41.495327102,false
XMR-USD,false,45,65,108,23.364485981308412,0.580329343574992,0.14738292011019283,0.0001,0.00003594536304816679,4.462809917355372,8.884297520661157,0.00044628099173553724,-0.8756410365724404,0,0,17424,726 days 01:00:00,1000.0,452.7229458290602,-54.72770541709397,34.915698157888286,100.0,150.80701702579148,59.73955815300342,635 days 19:00:00,107,1,20.552747905719514,20.755148066145257,-9.192802668893412,4.87682676734558,-2.3895459806349035,9 days 00:52:48,2 days 02:19:01.463414634,-5.306820580155694,-0.6311291721917405,-0.5500627563639604,0.9734852915646847,-0.1093123641802801,26.376794556503643,0.9806948102843565,0.386899076727157,-0.007458196364188665,None,None,-0.000033286359733934514,-0.20131590367083593,-0.5472770541709423,-0.2404720519593022,0.38388928645250886,-2.5674240615099855,3 days 17:14:01.121495326,false
XMR-USD,false,45,66,108,23.364485981308412,0.5678634117002729,0.14738292011019283,0.0001,0.00003594536304816679,4.462809917355372,8.884297520661157,0.00044628099173553724,-0.9192420211133232,0,0,17424,726 days 01:00:00,1000.0,439.84895613354047,-56.01510438664595,34.915698157888286,100.0,148.72670990940784,60.763322322568015,635 days 19:00:00,107,1,19.968293622607632,20.755148066145246,-9.19280266889342,4.811381398863902,-2.406757035576584,9 days 00:57:36,2 days 02:08:46.829268292,-5.4216760512996895,-0.6626877839860015,-0.5567044340057808,0.9721716939071479,-0.10805649779290949,26.38786226452698,0.9809895777521105,0.3857960871639891,-0.007460189988399796,None,None,-0.000034945565847582255,-0.21135078224617748,-0.5601510438664618,-0.24803934078493306,0.3838318918102995,-2.6042956991249735,3 days 17:07:17.383177569,false
XMR-USD,false,49,61,108,23.364485981308412,0.5770437509662543,0.14738292011019283,0.0001,0.00003594536304816679,4.462809917355372,8.884297520661157,0.00044628099173553724,-0.8861667972830453,0,0,17424,726 days 01:00:00,1000.0,449.55401713595415,-55.044598286404586,34.915698157888286,100.0,151.19493719290378,59.86929902755204,635 days 19:00:00,107,1,20.40888465964241,20.755148066145264,-9.192802668893393,4.858509903530142,-2.394234310870701,9 days 00:57:36,2 days 02:08:46.829268292,-5.335092219847546,-0.6387810098958826,-0.55282388000118,0.9731589068173655,-0.10884271058719286,26.37663940922182,0.9803749151892349,0.38623707239459026,-0.007461921798605129,None,None,-0.00003368966267925978,-0.20375507988416316,-0.550445982864048,-0.2423215668181029,0.3838862971821236,-2.576500004023798,3 days 17:07:17.383177569,false
XMR-USD,false,50,60,108,23.364485981308412,0.582855170190397,0.14738292011019283,0.0001,0.00003594536304816679,4.462809917355372,8.884297520661157,0.00044628099173553724,-0.846640077258191,0,0,17424,726 days 01:00:00,1000.0,461.8585399412568,-53.81414600587432,34.915698157888286,100.0,152.12396048896233,58.77090126780312,635 days 19:00:00,107,1,20.96748624510974,20.755148066145264,-9.192802668893405,4.858509903530144,-2.362172926890989,9 days 00:57:36,2 days 02:08:02.926829268,-5.225317255176193,-0.6099696960563895,-0.547597267777171,0.9743528837069735,-0.10605565939921535,26.425577249054417,0.9813770548562524,0.38623707239459026,-0.007458196364188526,None,None,-0.000032153113606874297,-0.19446203109437574,-0.5381414600587432,-0.23518701287748456,0.38368314387179153,-2.541259343076215,3 days 17:06:43.738317756,false
XMR-USD,false,53,56,108,23.364485981308412,0.5791632556440316,0.14738292011019283,0.0001,0.00003594536304816679,4.462809917355372,8.884297520661157,0.00044628099173553724,-0.9046784140584393,0,0,17424,726 days 01:00:00,1000.0,443.71756225779313,-55.628243774220685,34.915698157888286,100.0,151.72840770864104,60.401634589769884,635 days 19:00:00,107,1,20.14392087355833,20.755148066145253,-9.192802668893396,4.902168904364916,-2.4201191494478866,9 days 00:52:48,2 days 02:16:05.853658536,-5.387162230053876,-0.6523151116450706,-0.5552044534002613,0.9726118815540153,-0.11054227195144055,26.313226058737275,0.9798178967291427,0.3866783383733885,-0.007468294324475284,None,None,-0.00003442454625909798,-0.20819965577502458,-0.5562824377422033,-0.2457503591181145,0.3841216001878809,-2.5932158515825905,3 days 17:11:46.542056074,false
XMR-USD,false,54,55,108,23.364485981308412,0.5777622566191808,0.14738292011019283,0.0001,0.00003594536304816679,4.462809917355372,8.884297520661157,0.00044628099173553724,-0.9104323205502151,0,0,17424,726 days 01:00:00,1000.0,442.0163733720693,-55.79836266279307,34.915698157888286,100.0,151.24240960247184,60.55345255880839,635 days 19:00:00,107,1,20.066690181740285,20.755148066145253,-9.192802668893401,4.902168904364915,-2.424749199921236,9 days 00:52:48,2 days 02:16:49.756097560,-5.402339409436177,-0.656474148430499,-0.555930061478443,0.9724416385926516,-0.11042505559252819,26.31132088031031,0.9798465245008487,0.3866783383733885,-0.007468294324475461,None,None,-0.000034644591330685605,-0.20953048836798654,-0.5579836266279317,-0.24675530900496934,0.38412781735319024,-2.5980881267352487,3 days 17:12:20.186915887,false
XMR-USD,false,30,64,138,23.357664233576642,0.6110352116385679,0.1887052341597796,0.0001,0.00003593486805165637,5.702479338842975,11.363636363636363,0.0005702479338842975,-0.7639276400625967,0,0,17424,726 days 01:00:00,1000.0,491.7469624525706,-50.82530375474295,34.915698157888286,100.0,184.77007416677654,55.66024254458794,635 days 19:00:00,137,1,22.92205521672929,22.464577726885352,-7.677465801481971,4.3593219765681726,-1.958186845489914,6 days 20:45:00,1 days 17:31:25.714285714,-3.877190458132544,-0.5466099661697358,-0.5391798061444931,0.9772323554760978,0.11461448416259509,23.176598968857874,0.9877744509046015,0.39266304347826086,-0.0074669330147960735,None,None,-0.000028678028299677626,-0.1734447151564503,-0.5082530375474277,-0.21835890063572005,0.38188243889042844,-2.455657667932391,2 days 22:18:23.649635036,false
XMR-USD,false,16,80,168,23.353293413173652,0.5245590704993314,0.23002754820936638,0.0001,0.00003592814371257485,6.9421487603305785,13.842975206611571,0.0006942148760330579,-1.2429006660378294,0,0,17424,726 days 01:00:00,1000.0,359.78740635649933,-64.02125936435007,34.915698157888286,100.0,190.33972890753088,66.40186714156974,722 days 11:00:00,167,1,17.08525652486844,22.090837561254002,-7.172505688054677,3.706348753473753,-1.892006603381977,6 days 01:26:09.230769230,1 days 07:24:22.500000,-3.9359152704692795,-0.8924544462702853,-0.6051732337947151,0.9632583754460984,0.10200484676815978,23.120217439871862,0.9869916809702238,0.39244046667732146,-0.00752440535826582,None,None,-0.000046680710798338076,-0.2823249389083487,-0.6402125936435,-0.29869151501736535,0.38072320440777646,-2.83359528069142,2 days 10:02:09.341317364,false
XMR-USD,false,10,16,515,23.346303501945524,0.37614274719258894,0.7079889807162535,0.0001,0.00003591739000299312,21.280991735537192,42.5206611570248,0.002128099173553719,-4.440081553584091,0,0,17424,726 days 01:00:00,1000.0,41.207731069046304,-95.87922689309536,34.915698157888286,100.0,338.3872218381549,96.00849852545113,725 days 02:00:00,514,1,0.8289911689371934,14.34490328265697,-11.465212964445207,1.7708268981054036,-1.328415880428505,1 days 18:20:00,0 days 10:57:24.670050761,-1.8669674321009546,-3.2846692373662605,-0.8319682480992057,0.8686903268596976,-0.4456447764217317,37.37626736360077,1.0147985820972232,0.35698154349349737,-0.007703186549122473,None,None,-0.00017109514477846324,-1.0347834356201457,-0.958792268930953,-0.6694201368161816,0.3791438247044436,-3.7460206139808765,0 days 18:16:55.564202333,false
XMR-USD,false,13,26,331,23.333333333333332,0.46638320377553233,0.45454545454545453,0.0001,0.0000358974358974359,13.677685950413224,27.31404958677686,0.0013677685950413225,-2.554514363568276,0,0,17424,726 days 01:00:00,1000.0,158.38032341134044,-84.16196765886596,34.915698157888286,100.0,291.21096012196165,85.12026235956644,722 days 11:00:00,330,1,6.607413856791396,21.3429740344763,-6.1898062409500065,2.6436564379946725,-1.5017600419547341,2 days 19:39:44.415584415,0 days 16:50:59.288537549,-2.570385122561975,-1.8353124250059958,-0.7096123038517572,0.92573632132953,0.327324691853266,22.337752785525957,1.0175432574223053,0.3703208556149733,-0.007611928139435928,None,None,-0.00009421425781032133,-0.5698078312368233,-0.8416196765886602,-0.4724953592223665,0.373649642263912,-3.410433475461002,1 days 04:42:21.818181817,false
XMR-USD,false,23,67,151,23.333333333333332,0.6080849901281064,0.2066115702479339,0.0001,0.0000358974358974359,6.239669421487603,12.43801652892562,0.0006239669421487604,-0.8656128006208779,0,0,17424,726 days 01:00:00,1000.0,461.71785874506475,-53.828214125493524,34.915698157888286,100.0,198.90400713323993,57.70125082451044,635 days 19:00:00,150,1,20.49140849515851,22.09083756125399,-7.17250568805469,4.1570755840191955,-1.895758631326987,6 days 13:37:42.857142857,1 days 11:52:41.739130434,-3.72515699833395,-0.619417043105862,-0.5579284693244613,0.9742932009942451,0.12345169110546914,23.088767839000205,0.9895599035739272,0.39277435856446324,-0.007458196364188597,None,None,-0.00003238090411430732,-0.19583970808333065,-0.5382821412549401,-0.2352678786080169,0.38050797566126,-2.5416622598260274,2 days 16:17:11.999999998,false
XMR-USD,false,25,60,151,23.333333333333332,0.6032810916935082,0.2066115702479339,0.0001,0.0000358974358974359,6.239669421487603,12.43801652892562,0.0006239669421487604,-0.8980509851256048,0,0,17424,726 days 01:00:00,1000.0,451.18172699591446,-54.88182730040856,34.915698157888286,100.0,193.8392297622785,58.584444025891955,722 days 11:00:00,150,1,20.02380652668046,22.16640331110656,-7.172505688054688,4.278608571544136,-1.950108203018555,6 days 12:44:34.285714285,1 days 12:14:05.217391304,-3.792280530205102,-0.642054025954683,-0.5628714173793381,0.9733409557597016,0.1486218542132113,23.15451419841357,0.9889761602137523,0.39321979691372827,-0.007477354898302122,None,None,-0.000033647288633586695,-0.20349880165593234,-0.5488182730040904,-0.2413705101108713,0.381448968160606,-2.5718381758323643,2 days 16:21:11.999999998,false
XMR-USD,false,26,40,181,23.333333333333332,0.49690506786057687,0.24793388429752067,0.0001,0.0000358974358974359,7.479338842975207,14.917355371900827,0.0007479338842975207,-1.5251744364725308,0,0,17424,726 days 01:00:00,1000.0,297.7281063328527,-70.22718936671473,34.915698157888286,100.0,186.706061362021,73.32095810630604,722 days 11:00:00,180,1,14.834191146782985,20.680218971042216,-7.125563139087602,3.798408832494461,-1.9918059793156633,5 days 06:27:08.571428571,1 days 07:30:00,-3.983922693410716,-1.0969074700492603,-0.6221338033422862,0.9549360365755929,0.11752504818597644,23.26522549514974,0.9893199855193923,0.3898859376246311,-0.007614668757779245,None,None,-0.00005749555940963425,-0.3477331433094679,-0.7022718936671454,-0.34329634627259287,0.38152434383110795,-3.011335676266543,2 days 05:39:19.999999999,false
XMR-USD,false,29,89,121,23.333333333333332,0.5412461619530584,0.1652892561983471,0.0001,0.0000358974358974359,5.0,9.958677685950413,0.0005,-1.0740487271504682,0,0,17424,726 days 01:00:00,1000.0,395.4377713659883,-60.45622286340118,34.915698157888286,100.0,157.64588518815094,65.60452141435275,635 days 19:00:00,120,1,19.344179532926034,20.23917047314161,-8.039372144347578,4.38942150461746,-2.291736765393524,8 days 07:34:17.142857142,1 days 19:09:46.956521739,-5.199220068057818,-0.7764554265507829,-0.5681771863760766,0.9674816817846846,-0.16475862022971283,26.7922633761077,0.9804239146136626,0.3866783383733885,-0.007460189988399804,None,None,-0.00004101148209493374,-0.24803744371015926,-0.6045622286340062,-0.27531235852047786,0.38445620895387367,-2.7314911645191513,3 days 07:39:29.999999998,false
XMR-USD,false,30,78,121,23.333333333333332,0.6338848768785458,0.1652892561983471,0.0001,0.0000358974358974359,5.0,9.958677685950413,0.0005,-0.6562222177859282,0,0,17424,726 days 01:00:00,1000.0,523.2131453736291,-47.67868546263709,34.915698157888286,100.0,172.80926594486775,54.64807964912677,635 days 19:00:00,120,1,24.64557147978718,20.39867062582279,-8.039372144347572,4.728715107004399,-2.0902941584069157,7 days 23:15:00,1 days 22:13:41.739130434,-4.178603550884648,-0.4710742952777513,-0.5086023021638465,0.9802112219209562,-0.07144758632442381,26.34239801120078,0.986812644435934,0.3912175648702595,-0.007460189988399814,None,None,-0.000024914882210856226,-0.15068520761125845,-0.47678685462637493,-0.20134931263045208,0.38497043300815326,-2.365537221883256,3 days 08:03:59.999999998,false
XMR-USD,false,30,80,121,23.333333333333332,0.626192991631876,0.1652892561983471,0.0001,0.0000358974358974359,5.0,9.958677685950413,0.0005,-0.6743052586303734,0,0,17424,726 days 01:00:00,1000.0,517.3192983975163,-48.26807016024837,34.915698157888286,100.0,169.23745730845846,53.830783095726495,635 days 19:00:00,120,1,24.367946140620575,20.398670625822785,-8.039372144347578,4.73700672223179,-2.104871715151444,7 days 23:00:00,1 days 22:11:05.217391304,-4.225405397859195,-0.48405003661953516,-0.5239417991549059,0.9796614413143651,-0.06891854539568915,26.426877554034085,0.9868692508151446,0.39044047239067986,-0.007452411460490843,None,None,-0.000025582730557586987,-0.1547243544122861,-0.4826807016024883,-0.20448346557514396,0.3846932657211251,-2.3824174427783413,3 days 07:58:29.999999998,false
XMR-USD,false,30,86,121,23.333333333333332,0.5650115356047141,0.1652892561983471,0.0001,0.0000358974358974359,5.0,9.958677685950413,0.0005,-0.973204931617512,0,0,17424,726 days 01:00:00,1000.0,425.1820531677329,-57.48179468322672,34.915698157888286,100.0,160.51345629917424,62.70190336753612,635 days 19:00:00,120,1,20.799221941402436,20.755148066145253,-8.039372144347565,4.509051296053358,-2.247749589285022,8 days 11:00:00,1 days 18:05:13.043478260,-4.96347640644724,-0.7014466373294151,-0.5573332502235441,0.9706381997321231,-0.10602288241158646,26.60798481951683,0.9822195647978424,0.386899076727157,-0.007458196364188586,None,None,-0.000036930564495662434,-0.22335605406976639,-0.5748179468322671,-0.2568388595195955,0.3832209584845401,-2.6463023143141764,3 days 07:37:59.999999998,false
XMR-USD,false,31,86,121,23.333333333333332,0.5625139334569584,0.1652892561983471,0.0001,0.0000358974358974359,5.0,9.958677685950413,0.0005,-0.9393223790713124,0,0,17424,726 days 01:00:00,1000.0,434.5802735961388,-56.54197264038612,34.915698157888286,100.0,159.9688250090117,61.45732475174122,635 days 19:00:00,120,1,21.25896776342921,20.23917047314162,-8.03937214434758,4.466523290038954,-2.2151956546512275,8 days 13:02:08.571428571,1 days 17:28:02.608695652,-4.888989118060754,-0.6767772832880943,-0.556921205259038,0.9716569398366666,-0.09838339300329585,26.374637196555376,0.9824464678545948,0.38711988536857184,-0.007460189988399828,None,None,-0.00003565821192181878,-0.21566086570315998,-0.5654197264038661,-0.25117796121318814,0.3835056206221308,-2.619385423275918,3 days 07:37:59.999999998,false
XMR-USD,false,32,81,121,23.333333333333332,0.5795174796936783,0.1652892561983471,0.0001,0.0000358974358974359,5.0,9.958677685950413,0.0005,-0.8765418489357633,0,0,17424,726 days 01:00:00,1000.0,452.710160020269,-54.7289839979731,34.915698157888286,100.0,163.27400235862208,59.48692769282541,635 days 19:00:00,120,1,22.1458526370933,20.273199323916465,-8.03937214434757,4.571844029581227,-2.197772337857181,8 days 13:15:00,1 days 17:30:00,-4.745297438473531,-0.6307935825637495,-0.5524148001756819,0.9735691769465135,-0.09445058420592234,26.41922305060937,0.9845710887468131,0.38756171364867015,-0.007466933014795984,None,None,-0.000033280145283394933,-0.20127831867397256,-0.5472898399797284,-0.2404794972636809,0.3840218111236673,-2.567460680593853,3 days 07:42:29.999999999,false
XMR-USD,false,55,89,91,23.333333333333332,0.5596110154987693,0.12396694214876033,0.0001,0.0000358974358974359,3.760330578512397,7.479338842975207,0.0003760330578512397,-1.0577511410440557,0,0,17424,726 days 01:00:00,1000.0,403.988167320666,-59.6011832679334,34.915698157888286,100.0,135.07468793705962,65.44169753537123,630 days 14:00:00,90,1,19.184221987041667,18.467351974700506,-7.193138527540474,5.154809691698565,-2.8207764016484447,10 days 20:05:42.857142857,2 days 09:58:15.652173913,-6.835511718515292,-0.764944010180548,-0.5592272833889592,0.9678901910576088,-0.12503356527385648,26.953627798791153,0.972723600251406,0.38085426737459394,-0.007446826610916453,None,None,-0.000040017884541811114,-0.24202816570887362,-0.5960118326793353,-0.26991156338037203,0.3807872715423702,-2.7070024777513453,4 days 09:07:59.999999998,false
XMR-USD,false,56,89,91,23.333333333333332,0.5561897210606697,0.12396694214876033,0.0001,0.0000358974358974359,3.760330578512397,7.479338842975207,0.0003760330578512397,-1.0626429831021742,0,0,17424,726 days 01:00:00,1000.0,402.8563381842373,-59.714366181576274,34.915698157888286,100.0,133.38538069756513,65.47357605650924,630 days 14:00:00,90,1,19.130474716301876,18.1921003062634,-7.193138527540458,5.13942019168106,-2.8190462015702593,10 days 20:02:51.428571428,2 days 09:49:33.913043478,-6.847490405911813,-0.7684065245893034,-0.5603198714828357,0.967726325564352,-0.1237104687032728,26.987127670985164,0.9719583648889779,0.3804166996751961,-0.007446826610916465,None,None,-0.000040186442429809034,-0.24304760381548504,-0.5971436618157606,-0.27062216195802813,0.3806680801245013,-2.710244083092618,4 days 09:00:39.999999998,false
XMR-USD,false,25,29,224,23.318385650224215,0.4873259668888385,0.3071625344352617,0.0001,0.00003587443946188341,9.25619834710744,18.47107438016529,0.0009256198347107439,-1.8470075492003706,0,0,17424,726 days 01:00:00,1000.0,244.04849544366618,-75.59515045563339,34.915698157888286,100.0,223.49016970593829,77.80600888527665,722 days 11:00:00,223,1,12.79056156881677,24.87919777977619,-6.399618215274428,3.378186338202033,-1.8076948239075459,4 days 03:43:50.769230769,1 days 02:09:28.421052631,-3.4472738391262348,-1.325214643902265,-0.6527555279822622,0.946031788034414,0.21651550864861271,22.91568559892531,0.9981461804687854,0.3873407643312102,-0.007633162839139262,None,None,-0.0000690504776165742,-0.4176172886250408,-0.755951504556332,-0.38708448937845286,0.37926119136471637,-3.165076296449614,1 days 19:18:50.044843048,false
XMR-USD,false,25,31,224,23.318385650224215,0.47824019679264373,0.3071625344352617,0.0001,0.00003587443946188341,9.25619834710744,18.47107438016529,0.0009256198347107439,-1.8854272463065738,0,0,17424,726 days 01:00:00,1000.0,236.8035679024049,-76.31964320975952,34.915698157888286,100.0,216.99719947807705,78.42318544269199,722 days 11:00:00,223,1,12.410855512405078,20.680218971042212,-6.92802601102621,3.3609512747536137,-1.825451758894451,4 days 09:03:27.692307692,1 days 00:38:56.842105263,-3.4780595856950645,-1.3535524689011351,-0.6570537412575421,0.9449466771281773,0.2096780951539886,22.716965586342194,0.9974975799604636,0.38822498406628425,-0.0076509134710114005,None,None,-0.00007071582296272446,-0.42768929727855753,-0.7631964320975956,-0.39346206606710066,0.3802764656542026,-3.1858260678232235,1 days 19:23:56.771300448,false
XMR-USD,false,26,30,224,23.318385650224215,0.47100217487807405,0.3071625344352617,0.0001,0.00003587443946188341,9.25619834710744,18.47107438016529,0.0009256198347107439,-1.9581218131905995,0,0,17424,726 days 01:00:00,1000.0,225.72129122539695,-77.42787087746031,34.915698157888286,100.0,214.6746895365231,79.43296849136262,722 days 11:00:00,223,1,11.830034303480062,20.680218971042205,-6.928026011026199,3.3504027955356355,-1.8499676119597834,4 days 09:02:18.461538461,1 days 00:35:47.368421052,-3.525151314251491,-1.4068239396372513,-0.6632289715415264,0.9428075475490107,0.20681374750871298,22.74739291423253,0.9956915542227057,0.38756171364867015,-0.00765534521987675,None,None,-0.00007347415445574458,-0.4443716861483432,-0.774278708774602,-0.4034688971422714,0.3801480711237868,-3.2175661654346017,1 days 19:21:15.336322869,false
XMR-USD,false,2,3,2304,23.317412071211464,0.35792500674088057,3.172176308539945,0.0001,0.000035872941648017636,95.20661157024794,190.37190082644628,0.009520661157024796,-9.085362619892981,0,0,17424,726 days 01:00:00,1000.0,1.468836637248387,-99.85311633627516,34.915698157888286,100.0,707.560490475406,99.85728012280146,722 days 11:00:00,2303,1,0.004619030112215539,13.309255567986266,-5.1632927268377395,1.1412592942022977,-0.7084689372570533,0 days 08:11:50.614525139,0 days 02:37:54.971687429,-0.4335804526239094,-6.7711194824821055,-0.963725512223938,0.7555996317693684,0.2370251140827337,21.014986095001433,1.1905535590614393,0.3387369391518132,-0.008121696537180556,None,None,-0.00036179135121581596,-2.188114092153255,-0.9985311633627512,-0.8960817408686965,0.38891585421800007,-3.8598344470942783,0 days 03:55:46.765089013,false
XMR-USD,false,20,48,194,23.316062176165804,0.49486952400790046,0.26584022038567495,0.0001,0.00003587086488640893,8.016528925619834,15.991735537190083,0.0008016528925619834,-1.6467091168755879,0,0,17424,726 days 01:00:00,1000.0,275.79438929688695,-72.42056107031131,34.915698157888286,100.0,201.1647771923773,74.90765459870956,722 days 11:00:00,193,1,13.741351928213533,20.680218971042212,-7.12556313908759,3.6321409233565847,-1.9342858199094335,5 days 01:38:40,1 days 04:06:53.513513513,-3.8235593918721658,-1.1859390802761378,-0.6363561632993834,0.9513484372837152,0.11096185654818207,23.481478580581964,0.9888169295828888,0.3884462151394423,-0.007608808267455769,None,None,-0.00006196343864429229,-0.37475487692067977,-0.7242056107031125,-0.360509371744994,0.3803041586959782,-3.0741547467510624,2 days 01:55:20.207253885,false
XMR-USD,false,16,22,327,23.31288343558282,0.4580994703937065,0.4490358126721763,0.0001,0.000035865974516281266,13.512396694214877,26.983471074380166,0.0013512396694214878,-2.54982914588814,0,0,17424,726 days 01:00:00,1000.0,159.14108826357187,-84.0858911736428,34.915698157888286,100.0,285.1660978670177,85.09983727469954,722 days 11:00:00,326,1,6.6391519421679845,21.34297403447629,-7.90327488812123,2.648807913729275,-1.5086553696385163,2 days 18:57:37.894736842,0 days 17:33:50.400000,-2.5996873118975317,-1.831883805243318,-0.7086603353815589,0.9258882264632582,0.32908131117493833,22.4039526335419,1.015414314518226,0.3710756157054056,-0.007611928139435929,None,None,-0.00009395881675833421,-0.5682629237544052,-0.840858911736426,-0.4716172778951063,0.37333401422384704,-3.4082546135382317,1 days 05:04:47.116564416,false
XMR-USD,false,16,83,164,23.31288343558282,0.5040122108746133,0.22451790633608815,0.0001,0.000035865974516281266,6.776859504132232,13.512396694214877,0.0006776859504132232,-1.3072430150775758,0,0,17424,726 days 01:00:00,1000.0,343.2684901631592,-65.67315098368408,34.915698157888286,100.0,183.93438628347616,67.94445793584349,722 days 11:00:00,163,1,16.30082128425198,23.090623896344216,-7.172505688054683,3.633300330929122,-1.9256835976781117,6 days 08:37:53.684210526,1 days 07:14:52.800000,-4.1290327062643755,-0.9399732882457634,-0.6119910917291806,0.9613485837306316,0.08837548452971579,22.901565764242388,0.9869923761290658,0.39244046667732146,-0.0075492689010774675,None,None,-0.00004930806387079086,-0.2982151702905431,-0.6567315098368408,-0.3100393275969283,0.3818215022583571,-2.8809061381706025,2 days 11:32:45.644171778,false
XMR-USD,false,23,85,134,23.308270676691727,0.6223295783272593,0.18319559228650137,0.0001,0.00003585887796414112,5.537190082644628,11.03305785123967,0.0005537190082644628,-0.6415880324149329,0,0,17424,726 days 01:00:00,1000.0,529.7060932537449,-47.0293906746255,34.915698157888286,100.0,185.8540159261194,50.453318664692645,722 days 12:00:00,133,1,24.6914637919524,19.59368917755768,-7.677465801481967,4.184760247958966,-1.8571764572791571,7 days 01:50:19.354838709,1 days 18:52:56.470588235,-3.7216945153248746,-0.4592761750521,-0.5419871285001717,0.9807462648350136,-0.02730978482822649,26.393593342483776,0.990320358939565,0.393108410617205,-0.007452411460490756,None,None,-0.000024250069410931253,-0.1466644197973122,-0.47029390674626204,-0.1979231489279717,0.3843235642016966,-2.346941151282706,3 days 00:28:25.263157893,false
XMR-USD,false,25,74,134,23.308270676691727,0.6323517858547765,0.18319559228650137,0.0001,0.00003585887796414112,5.537190082644628,11.03305785123967,0.0005537190082644628,-0.6428441414330965,0,0,17424,726 days 01:00:00,1000.0,532.777580248339,-46.722241975166106,34.915698157888286,100.0,180.5065544602245,55.03501630600497,635 days 19:00:00,133,1,24.834636602083094,22.464577726885356,-7.430599770122924,4.551041328660197,-1.9535207887369181,6 days 23:19:21.290322580,1 days 19:45:52.941176470,-3.6996771154416894,-0.45899210166285015,-0.49302359213745656,0.9808890417785223,0.14615572757645587,23.09769875519174,0.9880531735504898,0.3944462227912933,-0.007466933014795995,None,None,-0.0000240807640087591,-0.14564046072497502,-0.467222419751665,-0.1963119527039604,0.38187655295075423,-2.33814428581347,3 days 00:33:50.075187968,false
XMR-USD,false,27,69,134,23.308270676691727,0.632097888255006,0.18319559228650137,0.0001,0.00003585887796414112,5.537190082644628,11.03305785123967,0.0005537190082644628,-0.651106291227565,0,0,17424,726 days 01:00:00,1000.0,530.0564409764853,-46.99435590235147,34.915698157888286,100.0,179.64874380802684,55.669312375530986,635 days 19:00:00,133,1,24.707794731356103,22.464577726885373,-7.677465801481981,4.595082233044131,-1.970535599828662,6 days 22:19:21.290322580,1 days 19:55:17.647058823,-3.7191831109388698,-0.46479971253490976,-0.490771200835214,0.9806188298487133,0.14775221901634525,23.140450143635622,0.9883920278901968,0.39344262295081966,-0.007461921798605224,None,None,-0.000024380031720523208,-0.14745043184572437,-0.4699435590235166,-0.19773906089374693,0.3817915919694464,-2.3459377409508946,3 days 00:27:04.060150374,false
XMR-USD,false,28,72,134,23.308270676691727,0.5942442748149015,0.18319559228650137,0.0001,0.00003585887796414112,5.537190082644628,11.03305785123967,0.0005537190082644628,-0.8056332076673433,0,0,17424,726 days 01:00:00,1000.0,472.5312129895726,-52.746878701042746,34.915698157888286,100.0,177.3434159262773,56.67189694856932,635 days 19:00:00,133,1,22.02634155939444,18.66646114119279,-7.677465801481988,4.337559486333852,-2.012227726622827,7 days 01:52:15.483870967,1 days 18:47:03.529411764,-4.131542320073852,-0.5795934335754784,-0.5540563543077822,0.9757384572101571,-0.09600566245235378,26.22594413712015,0.9862708682553982,0.39232920495405516,-0.007487835016430327,None,None,-0.000030713403922798714,-0.18575466692508663,-0.5274687870104268,-0.22909850002291166,0.3857113681748389,-2.510692367155946,3 days 00:24:21.654135337,false
XMR-USD,false,33,63,134,23.308270676691727,0.5752628632685711,0.18319559228650137,0.0001,0.00003585887796414112,5.537190082644628,11.03305785123967,0.0005537190082644628,-0.9303363901965637,0,0,17424,726 days 01:00:00,1000.0,435.09308973982206,-56.49069102601779,34.915698157888286,100.0,176.73767479094437,59.84575975371974,635 days 19:00:00,133,1,22.22836333668488,18.527992298983797,-8.721267796798315,4.239368644365304,-2.0677670898929126,7 days 01:46:27.096774193,1 days 18:49:24.705882352,-4.414550929299722,-0.6697616564563934,-0.5712665422017825,0.9719947267063537,-0.09210891363047473,26.306522050042553,0.9846824000714783,0.3915508704679764,-0.007487835016430337,None,None,-0.00003546722737106955,-0.21450579114022864,-0.5649069102601747,-0.25087138245019636,0.38544720664445875,-2.617916696683758,3 days 00:24:48.721804509,false
XMR-USD,false,36,57,134,23.308270676691727,0.6288899693045423,0.18319559228650137,0.0001,0.00003585887796414112,5.537190082644628,11.03305785123967,0.0005537190082644628,-0.7703073717226934,0,0,17424,726 days 01:00:00,1000.0,488.82423380414855,-51.11757661958515,34.915698157888286,100.0,181.31375773853557,55.538185495584024,635 days 19:00:00,133,1,24.973420477150682,22.46457772688536,-8.721267796798326,4.740816650129891,-2.0876495940488486,7 days 00:25:09.677419354,1 days 19:20:00,-4.0311968922782135,-0.5502812961784405,-0.5441358011323774,0.977064074103514,0.15047216711513348,23.171885195392274,0.9890037572901134,0.39232920495405516,-0.007489941431631879,None,None,-0.00002895282015050595,-0.17510665627025998,-0.5111757661958577,-0.21997451538397772,0.38296939202974906,-2.464028483361043,3 days 00:29:19.398496239,false
XMR-USD,false,36,58,134,23.308270676691727,0.6242905511522588,0.18319559228650137,0.0001,0.00003585887796414112,5.537190082644628,11.03305785123967,0.0005537190082644628,-0.7782884276837657,0,0,17424,726 days 01:00:00,1000.0,486.72721544995557,-51.327278455004446,34.915698157888286,100.0,182.3486188851571,55.10136274483434,635 days 19:00:00,133,1,22.926928510107473,22.464577726885373,-8.721267796798319,4.632318624022203,-2.0572647865762232,7 days 00:48:23.225806451,1 days 19:11:10.588235294,-4.031576789925951,-0.5559608375110858,-0.551183585403062,0.9768285558457598,0.15267630550924408,23.24782516629304,0.9875694929289739,0.39244046667732146,-0.007489941431631918,None,None,-0.000029223185986663094,-0.17674182884733838,-0.5132727845500504,-0.22113758717529475,0.3825967758739749,-2.4700344304416664,3 days 00:27:58.195488720,false
XMR-USD,false,37,56,134,23.308270676691727,0.6223542392027136,0.18319559228650137,0.0001,0.00003585887796414112,5.537190082644628,11.03305785123967,0.0005537190082644628,-0.7949253012592941,0,0,17424,726 days 01:00:00,1000.0,481.04415482557,-51.895584517443005,34.915698157888286,100.0,179.49169451060482,55.6137577091933,635 days 19:00:00,133,1,24.575945944913485,22.464577726885356,-8.72126779679831,4.718252745166603,-2.096393672270857,7 days 00:27:05.806451612,1 days 19:20:35.294117647,-4.086705196386046,-0.5681378039808687,-0.5534758726149385,0.9763292803571779,0.14805151016164,23.20078803526787,0.9870581735479151,0.39277435856446324,-0.0074925057180214565,None,None,-0.000029881884885853218,-0.18072563978964026,-0.5189558451744254,-0.22430612835686203,0.38283553678551574,-2.4863109505292407,3 days 00:30:13.533834585,false
XMR-USD,false,12,17,443,23.30316742081448,0.4140022703718903,0.6088154269972452,0.0001,0.00003585102680125304,18.305785123966942,36.570247933884296,0.0018305785123966943,-3.627987096154887,0,0,17424,726 days 01:00:00,1000.0,71.44784056165372,-92.85521594383462,34.915698157888286,100.0,316.71738404932506,93.17258018690669,725 days 03:00:00,442,1,2.980707714169796,19.696810065100617,-11.520637103641047,2.1017990931525703,-1.3953568479565008,2 days 02:05:14.563106796,0 days 12:31:51.504424778,-2.107540423421984,-2.667757218724761,-0.7884492923368694,0.8923172002465234,-0.4394623465289648,36.72026674064882,1.014223702431662,0.3637786647882914,-0.0076752542696455995,None,None,-0.0001394360000887897,-0.8433089285370001,-0.9285521594383475,-0.599839770283348,0.3804403359777551,-3.6594116928134923,0 days 21:16:58.099547509,false
XMR-USD,false,42,81,104,23.300970873786408,0.5571360567120527,0.1418732782369146,0.0001,0.000035847647498132935,4.297520661157025,8.553719008264464,0.0004297520661157025,-0.9646909810110735,0,0,17424,726 days 01:00:00,1000.0,427.0206975969859,-57.29793024030141,34.915698157888286,100.0,144.89944948738548,62.91660835937167,635 days 19:00:00,103,1,20.73450890301325,20.21756363541449,-9.192802668893387,4.896096689196561,-2.502434497326409,9 days 03:00:00,2 days 05:21:15.949367088,-5.764211760252696,-0.6965933172067066,-0.5531859120692573,0.970673586766934,-0.14820196739180333,26.969168620579616,0.9779234309834518,0.38238794129313763,-0.007466933014796096,None,None,-0.000036678748901683225,-0.22183307335738014,-0.5729793024030129,-0.2557249940568993,0.38325969904880364,-2.6410363608140095,3 days 19:57:05.242718446,false
XMR-USD,false,17,68,177,23.295454545454543,0.5057481948849768,0.24242424242424243,0.0001,0.00003583916083916084,7.31404958677686,14.586776859504132,0.000731404958677686,-1.380805426412699,0,0,17424,726 days 01:00:00,1000.0,328.5240106619426,-67.14759893380574,34.915698157888286,100.0,195.25041927731033,69.93447488546549,722 days 11:00:00,176,1,14.907051366644055,21.246964398202287,-7.125563139087611,3.546954356465623,-1.8657677859773993,5 days 17:04:23.414634146,1 days 05:45:46.666666666,-3.8999036403676195,-0.9910572348696989,-0.6128114216341262,0.9591565686030898,0.13339196560672195,23.29184898673321,0.9911808456785296,0.3892210794865662,-0.007528596230453401,None,None,-0.00005187935081902672,-0.3137663137534736,-0.671475989338057,-0.3204733711668356,0.3810252362519878,-2.9231349357577003,2 days 06:45:40.909090908,false
XMR-USD,false,22,52,177,23.295454545454543,0.48797884107501177,0.24242424242424243,0.0001,0.00003583916083916084,7.31404958677686,14.586776859504132,0.000731404958677686,-1.446795897560068,0,0,17424,726 days 01:00:00,1000.0,314.39722756255856,-68.56027724374415,34.915698157888286,100.0,191.95057431599514,72.12385117057075,722 days 11:00:00,176,1,14.26603678483724,21.32200827661489,-7.125563139087593,3.5394631466316655,-1.8923463604951631,5 days 11:05:51.219512195,1 days 07:37:46.666666666,-3.97652732512658,-1.0391796651808127,-0.6115237205017104,0.9572195931391396,0.130432050614706,23.288781269956406,0.9889571236525526,0.38966424754765133,-0.007566994865923119,None,None,-0.000054400516201747655,-0.3290143219881698,-0.6856027724374455,-0.3307611689972332,0.3810397865490206,-2.963594625366377,2 days 06:48:04.090909089,false
XMR-USD,false,21,45,190,23.28042328042328,0.5225881007355914,0.2603305785123967,0.0001,0.00003581603581603582,7.851239669421488,15.661157024793388,0.0007851239669421488,-1.4896163978847092,0,0,17424,726 days 01:00:00,1000.0,308.47510467709503,-69.1524895322905,34.915698157888286,100.0,198.4612611797477,71.93429534955284,722 days 11:00:00,189,1,15.369656305434887,20.680218971042233,-6.168481229071115,3.8845475882277616,-1.9429830157950105,5 days 02:06:49.090909090,1 days 05:17:47.586206896,-3.740182812848359,-1.067369760687701,-0.6205280139249456,0.9561487705793354,0.20825415161299285,22.86333851350134,0.9934753098047474,0.38756171364867015,-0.007592921762430861,None,None,-0.0000556092507056214,-0.33632474826759823,-0.691524895322905,-0.33516376816327775,0.37921900367025724,-2.980555829632389,2 days 02:54:17.142857141,false
XMR-USD,false,20,37,233,23.275862068965516,0.4716756004745828,0.31955922865013775,0.0001,0.000035809018567639256,9.62809917355372,19.214876033057852,0.000962809917355372,-1.9620706397707661,0,0,17424,726 days 01:00:00,1000.0,225.67229907676744,-77.43277009232325,34.915698157888286,100.0,223.14668901916113,79.08130765563848,722 days 11:00:00,232,1,10.71652051229097,20.680218971042226,-6.928026011026206,3.2535037688374997,-1.782261845434814,4 days 06:25:33.333333333,0 days 23:19:53.258426966,-3.383811299291057,-1.4101443355200727,-0.6662435274037032,0.9426328376529365,0.2035856125216729,22.89910434663576,0.9985385743176888,0.38634736255867613,-0.007633542887437838,None,None,-0.00007352589229724321,-0.44468459661372695,-0.7743277009232356,-0.40351383960055653,0.37952001180780076,-3.2177064809694875,1 days 17:44:28.965517240,false
XMR-USD,false,34,79,117,23.275862068965516,0.5857324159251613,0.15977961432506887,0.0001,0.000035809018567639256,4.834710743801653,9.62809917355372,0.00048347107438016535,-0.8411004644952682,0,0,17424,726 days 01:00:00,1000.0,463.7134265817522,-53.628657341824784,34.915698157888286,100.0,159.98805195618846,58.951867070348776,635 days 19:00:00,116,1,22.68411473350028,20.75514806614524,-8.039372144347572,4.676105868359079,-2.2275236202857847,8 days 14:17:46.666666666,1 days 20:48:32.359550561,-4.818712828894388,-0.6052751759793155,-0.5435959703637695,0.9746162474371767,-0.09131526923345634,26.31811073342909,0.9850378071465618,0.38711988536857184,-0.0074524114604908286,None,None,-0.00003191589193432606,-0.19302731441880402,-0.5362865734182494,-0.2341222960228282,0.3838062720600222,-2.535946871212965,3 days 10:23:47.586206895,false
XMR-USD,false,35,78,117,23.275862068965516,0.5875974034607244,0.15977961432506887,0.0001,0.000035809018567639256,4.834710743801653,9.62809917355372,0.00048347107438016535,-0.8383215878259787,0,0,17424,726 days 01:00:00,1000.0,464.3853762004933,-53.561462379950676,34.915698157888286,100.0,161.504991739643,58.87223346691607,635 days 19:00:00,116,1,21.082199734040614,20.755148066145246,-8.039372144347576,4.652510594263416,-2.2153852624135397,8 days 13:48:53.333333333,1 days 20:56:37.752808988,-4.799110547702995,-0.6032679906979771,-0.543490710450987,0.97469393686051,-0.09154320355930458,26.281269352079782,0.9859249781082844,0.3867886987664147,-0.007452411460490834,None,None,-0.00003182292503343243,-0.19246505060219934,-0.5356146237995066,-0.23373727882102102,0.38396156903182715,-2.5340223797830563,3 days 10:23:16.551724137,false
XMR-USD,false,36,67,117,23.275862068965516,0.6327849207084315,0.15977961432506887,0.0001,0.000035809018567639256,4.834710743801653,9.62809917355372,0.00048347107438016535,-0.6094148293901774,0,0,17424,726 days 01:00:00,1000.0,540.2265144876619,-45.97734855123381,34.915698157888286,100.0,169.71122517381184,52.70274586054969,635 days 19:00:00,116,1,25.44697375402177,19.59368917755768,-8.039372144347567,4.652384436190093,-2.054792528019515,7 days 18:46:40,2 days 03:17:31.685393258,-4.1829349936755165,-0.4375922711594244,-0.5051571305936712,0.9816094882729555,-0.08938684349037868,26.330223447243135,0.9870172532562974,0.3913286489939316,-0.0074524114604906785,None,None,-0.00002311188325359512,-0.1397806699177433,-0.4597734855123381,-0.19242952730201113,0.38443563420520355,-2.316810230840148,3 days 10:49:39.310344827,false
XMR-USD,false,4,6,1260,23.272438443208895,0.37348141565320814,1.734159779614325,0.0001,0.00003580375145109061,52.06611570247934,104.0909090909091,0.005206611570247934,-7.810311570465048,0,0,17424,726 days 01:00:00,1000.0,3.2195805637333024,-99.67804194362667,34.915698157888286,100.0,530.8013821090458,99.68802377701644,725 days 02:00:00,1259,1,0.009903586763386762,14.515260847724093,-11.192981014084518,1.3168267950875945,-0.9798648351805047,0 days 15:53:39.112627986,0 days 04:43:24.968944099,-0.7917317895337781,-5.939871456267053,-0.9470940578674811,0.7750862405497487,-0.6182983235571506,35.28048798919048,1.0488201104161103,0.3433813892529489,-0.008190219756277095,None,None,-0.0003167792234990797,-1.915880743722434,-0.9967804194362672,-0.8635453801760815,0.38818396138131084,-3.8548202442604467,0 days 07:19:23.780778394,false
XMR-USD,false,27,43,173,23.25581395348837,0.5231796777282544,0.2369146005509642,0.0001,0.000035778175313059034,7.148760330578512,14.25619834710744,0.0007148760330578513,-1.3031973796248824,0,0,17424,726 days 01:00:00,1000.0,345.1982448645563,-65.48017551354437,34.915698157888286,100.0,194.39994687357026,70.02974994122211,722 days 11:00:00,172,1,15.66365866988798,21.32200827661488,-7.125563139087615,3.806925795405167,-1.9155873744121983,5 days 13:16:30,1 days 08:44:05.454545454,-3.898054731426349,-0.9348407019437895,-0.5914133894083291,0.9614272006771051,0.13660115433854209,23.20961832251864,0.9902994782050971,0.3906624102154829,-0.007566873914135376,None,None,-0.000049004896925767314,-0.2963816166070407,-0.6548017551354477,-0.3086955227691244,0.3815573391909416,-2.875379241092186,2 days 08:06:58.604651161,false
XMR-USD,false,43,81,100,23.232323232323232,0.5588951286987033,0.13636363636363635,0.0001,0.00003574203574203574,4.132231404958678,8.223140495867769,0.0004132231404958678,-0.9587530233771727,0,0,17424,726 days 01:00:00,1000.0,427.9807322085969,-57.20192677914031,34.915698157888286,100.0,140.3164526252417,62.99408615751376,635 days 19:00:00,99,1,19.088016932758023,20.217563635414496,-8.593290028177908,5.015120227101249,-2.5666235698364934,9 days 05:52:10.434782608,2 days 09:30:47.368421052,-5.970780653779415,-0.6924033671217293,-0.5513364572370304,0.9708390120033686,-0.15026674713039315,26.83818182585905,0.9772830792890157,0.38249761980323704,-0.007477354898302075,None,None,-0.0000365131101623501,-0.2208312902618934,-0.5720192677914029,-0.25514464146914495,0.38383767553702325,-2.638286782079339,3 days 23:41:49.090909090,false
XMR-USD,false,44,80,100,23.232323232323232,0.5526755785014092,0.13636363636363635,0.0001,0.00003574203574203574,4.132231404958678,8.223140495867769,0.0004132231404958678,-0.9793737990612796,0,0,17424,726 days 01:00:00,1000.0,422.02777010426166,-57.79722298957384,34.915698157888286,100.0,138.59001226699635,63.270394366206,635 days 19:00:00,99,1,18.822513761946425,20.38973218315105,-8.593290028177918,5.023777709604862,-2.5864315237826863,9 days 05:41:44.347826086,2 days 09:26:50.526315789,-6.02822973391601,-0.7074460306276666,-0.55616735411598,0.9702075029329655,-0.15105176119017888,26.821669625230573,0.9764513128957888,0.3820590101522842,-0.0074878350164302955,None,None,-0.00003731272381452873,-0.22566735363026977,-0.5779722298957382,-0.2587570978748397,0.3839030687525672,-2.655336311140497,3 days 23:36:21.818181817,false
XMR-USD,false,45,82,100,23.232323232323232,0.5434717281815336,0.13636363636363635,0.0001,0.00003574203574203574,4.132231404958678,8.223140495867769,0.0004132231404958678,-1.042177236466924,0,0,17424,726 days 01:00:00,1000.0,404.8942621711385,-59.51057378288615,34.915698157888286,100.0,136.98922436224228,64.79103310453247,635 days 19:00:00,99,1,18.058356254534147,20.198752313806708,-8.593290028177902,5.013245586496971,-2.6354010547463935,9 days 07:00:00,2 days 09:07:06.315789473,-6.193576707913095,-0.753738410534012,-0.5637405428090726,0.9683024046579654,-0.16357586350943418,26.88203213746095,0.9759426644953837,0.3819494012213498,-0.007482015876363822,None,None,-0.00003971479897988581,-0.2401951042303494,-0.5951057378288591,-0.26934362428080283,0.38352145604948035,-2.704407384717905,3 days 23:39:23.636363634,false
XMR-USD,false,47,79,100,23.232323232323232,0.5558317729878206,0.13636363636363635,0.0001,0.00003574203574203574,4.132231404958678,8.223140495867769,0.0004132231404958678,-0.9908546676272197,0,0,17424,726 days 01:00:00,1000.0,419.25042227318795,-58.0749577726812,34.915698157888286,100.0,138.9824166220435,63.55651955118054,635 days 19:00:00,99,1,18.69864355369168,20.543804935263747,-8.593290028177899,5.057176504655598,-2.6033146192586476,9 days 06:57:23.478260869,2 days 09:03:56.842105263,-6.055032538186909,-0.7163406832433035,-0.5570428069273238,0.9698363735601198,-0.16294195860463,26.932487587726495,0.9768860668258745,0.3818398096748612,-0.007468294324475349,None,None,-0.00003772671727650731,-0.2281711860883162,-0.5807495777268148,-0.26045387270776477,0.3833428302873995,-2.663290749910458,3 days 23:36:21.818181817,false
XMR-USD,false,48,79,100,23.232323232323232,0.5417012117682303,0.13636363636363635,0.0001,0.00003574203574203574,4.132231404958678,8.223140495867769,0.0004132231404958678,-1.0573808712613326,0,0,17424,726 days 01:00:00,1000.0,401.0788254423261,-59.89211745576739,34.915698157888286,100.0,136.60875178029394,64.82307060218969,635 days 19:00:00,99,1,17.888187096428396,20.198752313806686,-8.593290028177911,4.987010626250546,-2.640191593293344,9 days 08:13:02.608695652,2 days 08:40:15.789473684,-6.230397592465685,-0.7646885553690519,-0.5681116362409886,0.9678340491681794,-0.16229800218057383,26.937020037648804,0.9762832343822859,0.3814016172506739,-0.00747735489830216,None,None,-0.00004027082103242846,-0.2435579256041273,-0.5989211745576739,-0.27174077716173506,0.38332208162418824,-2.7153349529182003,3 days 23:35:45.454545453,false
XMR-USD,false,50,75,100,23.232323232323232,0.5649178998889255,0.13636363636363635,0.0001,0.00003574203574203574,4.132231404958678,8.223140495867769,0.0004132231404958678,-0.9526085436811987,0,0,17424,726 days 01:00:00,1000.0,430.2815034508818,-56.97184965491182,34.915698157888286,100.0,139.7458871424807,62.48775942912026,635 days 19:00:00,99,1,19.190631740215565,20.543804935263726,-8.593290028177906,5.113527269074468,-2.5866088241047147,9 days 06:57:23.478260869,2 days 09:01:34.736842105,-5.9485770534276154,-0.6884780643829449,-0.5529847138061741,0.9709838937412321,-0.16257496888600081,26.974017702583758,0.9782466031064277,0.38162067871868055,-0.007460189988399816,None,None,-0.00003624557356196009,-0.21921322890273462,-0.5697184965491147,-0.25375724825060353,0.38319762890233017,-2.631697278321228,3 days 23:34:32.727272726,false
XMR-USD,false,50,76,100,23.232323232323232,0.5434905163642011,0.13636363636363635,0.0001,0.00003574203574203574,4.132231404958678,8.223140495867769,0.0004132231404958678,-1.0763615185026854,0,0,17424,726 days 01:00:00,1000.0,396.2635468454173,-60.37364531545827,34.915698157888286,100.0,137.47523649544553,65.36496647155833,635 days 19:00:00,99,1,17.673424812810083,20.198752313806693,-8.593290028177915,4.991798560454475,-2.656057880320689,9 days 08:15:39.130434782,2 days 08:36:18.947368421,-6.276867454216097,-0.7790464011299892,-0.5692525911008726,0.9672366297392998,-0.1715178425810742,27.004937469736934,0.97528017759576,0.38129211256440754,-0.0074669330147960926,None,None,-0.00004098715570719025,-0.24789031771708664,-0.6037364531545808,-0.27478745697181906,0.382950287839804,-2.7291261094780204,3 days 23:33:19.999999999,false
XMR-USD,false,51,75,100,23.232323232323232,0.5485597140862778,0.13636363636363635,0.0001,0.00003574203574203574,4.132231404958678,8.223140495867769,0.0004132231404958678,-1.0503043293808865,0,0,17424,726 days 01:00:00,1000.0,403.23525720249586,-59.676474279750416,34.915698157888286,100.0,138.25400220741983,65.0030961274945,635 days 19:00:00,99,1,17.984364337258967,20.198752313806725,-8.593290028177892,5.020068600239412,-2.641645473792964,9 days 06:15:39.130434782,2 days 09:07:53.684210526,-6.209586940755194,-0.7601509519309543,-0.5639149004099332,0.9680023991138883,-0.17505089847436067,27.061512840903013,0.9756530004379989,0.38107315526670366,-0.007460189988399886,None,None,-0.00003998876356471489,-0.24185204203939567,-0.5967647427975091,-0.27038411948345475,0.3829094430664439,-2.7091588433917106,3 days 23:29:41.818181816,false
XMR-USD,false,51,76,100,23.232323232323232,0.5598339793647421,0.13636363636363635,0.0001,0.00003574203574203574,4.132231404958678,8.223140495867769,0.0004132231404958678,-0.9935261457945394,0,0,17424,726 days 01:00:00,1000.0,418.74264558163384,-58.12573544183661,34.915698157888286,100.0,139.2600248411236,63.61069804026891,635 days 19:00:00,99,1,18.67599662275063,20.045004343922546,-8.593290028177922,5.116770112412452,-2.6207822932982485,9 days 06:44:20.869565217,2 days 09:09:28.421052631,-6.05993283879916,-0.7188007929463869,-0.557186861385143,0.9697357650399245,-0.17506251306003548,27.04278179692794,0.9771875248128151,0.3818398096748612,-0.007458196364188632,None,None,-0.00003781943528006718,-0.22873194457384632,-0.5812573544183641,-0.2607648833940712,0.38296971929861245,-2.6647450433038133,3 days 23:37:34.545454544,false
XMR-USD,false,51,83,100,23.232323232323232,0.5424663858891925,0.13636363636363635,0.0001,0.00003574203574203574,4.132231404958678,8.223140495867769,0.0004132231404958678,-1.1726789867419152,0,0,17424,726 days 01:00:00,1000.0,369.88453392300426,-63.01154660769958,34.915698157888286,100.0,138.52001016591305,68.70947991659735,635 days 19:00:00,99,1,18.250851106811297,20.328574473760295,-8.735543285074746,4.998927447790181,-2.7544107321506908,10 days 04:23:28.695652173,2 days 02:33:56.842105263,-6.549154719028344,-0.8505602880522357,-0.5726506818981489,0.964308080490705,-0.18511957162611262,26.764596428901527,0.9721267946568467,0.38129211256440754,-0.007492505718021423,None,None,-0.00004487285627073374,-0.27139103472539766,-0.6301154660769924,-0.2919219040996124,0.3840047148201834,-2.804676690775658,3 days 23:35:45.454545453,false
XMR-USD,false,54,79,100,23.232323232323232,0.5458217086737545,0.13636363636363635,0.0001,0.00003574203574203574,4.132231404958678,8.223140495867769,0.0004132231404958678,-1.142950545095242,0,0,17424,726 days 01:00:00,1000.0,377.7644838152303,-62.22355161847697,34.915698157888286,100.0,138.0604807482793,68.05786683466903,635 days 19:00:00,99,1,18.639663774069447,19.639234895509365,-8.735543285074728,5.029112434517597,-2.7365576739811455,10 days 04:13:02.608695652,2 days 02:22:53.684210526,-6.473486666250901,-0.8287430196474095,-0.5686387147309359,0.9651601672108692,-0.184555367398352,26.86304945495853,0.9721933976610839,0.38052606559974644,-0.007482015876363755,None,None,-0.000043684203994189126,-0.26420206575685584,-0.6222355161847667,-0.28672216353651914,0.38367410381718714,-2.7821081891905175,3 days 23:24:50.909090908,false
XMR-USD,false,55,78,100,23.232323232323232,0.5430521499403101,0.13636363636363635,0.0001,0.00003574203574203574,4.132231404958678,8.223140495867769,0.0004132231404958678,-1.1572074836885025,0,0,17424,726 days 01:00:00,1000.0,373.9921342772452,-62.60078657227548,34.915698157888286,100.0,138.15164554040527,68.4237576868488,635 days 19:00:00,99,1,18.45352841715038,19.639234895509382,-8.735543285074746,5.009389256935108,-2.7441111622150594,10 days 04:15:39.130434782,2 days 02:26:50.526315789,-6.509711051918225,-0.8392138392429631,-0.5701067070257501,0.9647388486502555,-0.18524681386799585,26.82647133639292,0.972167638952039,0.3807448494453249,-0.0074820158763637575,None,None,-0.000044251588809750123,-0.26763360912136874,-0.6260078657227504,-0.2892024956420517,0.38380813491709204,-2.7929123538986853,3 days 23:28:29.090909089,false
XMR-USD,false,23,61,156,23.225806451612904,0.5791692877771989,0.21349862258953167,0.0001,0.00003573200992555831,6.446280991735537,12.851239669421489,0.0006446280991735538,-1.0833618702404564,0,0,17424,726 days 01:00:00,1000.0,399.3574889523994,-60.06425110476006,34.915698157888286,100.0,192.11561875897885,63.60881701392097,722 days 11:00:00,155,1,17.723805321211955,22.166403311106535,-7.17250568805469,4.266238421048983,-2.0153306813147696,6 days 09:46:40,1 days 10:31:15.630252100,-3.989460105605243,-0.7759090246780506,-0.5811016412914934,0.9678477717234656,0.13440567513182972,23.3060731634781,0.9873783321394097,0.39188433580956944,-0.007505915383562023,None,None,-0.000040653519671193534,-0.24587248697137848,-0.6006425110475986,-0.27282712905002715,0.38136891628205877,-2.720264931640501,2 days 14:13:09.677419354,false
XMR-USD,false,24,59,156,23.225806451612904,0.5834311154967545,0.21349862258953167,0.0001,0.00003573200992555831,6.446280991735537,12.851239669421489,0.0006446280991735538,-1.0620889653942658,0,0,17424,726 days 01:00:00,1000.0,404.94149249071506,-59.50585075092849,34.915698157888286,100.0,191.81931477611639,63.099978441516015,722 days 11:00:00,155,1,17.971627872094075,22.166403311106535,-7.172505688054688,4.290110939669642,-2.0111322248772887,6 days 09:38:20,1 days 10:33:16.638655462,-3.9550331314927707,-0.7606031862508078,-0.5787895794029163,0.9684734772872995,0.1344285887709471,23.297488324275793,0.986623723755102,0.39221796100990736,-0.007505915383561997,None,None,-0.000039854767562246125,-0.24104163421646457,-0.5950585075092858,-0.2693140431413814,0.3813994694320994,-2.704272115134112,2 days 14:12:46.451612902,false
XMR-USD,false,9,33,367,23.224043715846996,0.44297754029683073,0.5041322314049587,0.0001,0.00003572929802437999,15.165289256198347,30.289256198347108,0.0015165289256198347,-2.8215798791175764,0,0,17424,726 days 01:00:00,1000.0,124.91262640472951,-87.50873735952705,34.915698157888286,100.0,302.20390891652363,88.20405837455529,722 days 11:00:00,366,1,5.77992958269617,21.41807728755482,-11.59538764145427,2.4499103028420866,-1.450553187565425,2 days 16:48:00,0 days 14:09:23.701067615,-2.4067412655135687,-2.0579232681677384,-0.7353047289512616,0.9161652073688521,-0.38249085901054863,36.847248912664256,1.0134725571445091,0.37118350645262826,-0.0076007594583101514,None,None,-0.00010741546860623312,-0.6496487541304979,-0.8750873735952716,-0.5142158543496465,0.3799230071967886,-3.5062863404252664,1 days 01:55:04.918032785,false
XMR-USD,false,16,78,169,23.214285714285715,0.5165298798086485,0.23140495867768596,0.0001,0.00003571428571428572,6.983471074380166,13.925619834710744,0.0006983471074380166,-1.2905518267285516,0,0,17424,726 days 01:00:00,1000.0,348.6893289460585,-65.13106710539415,34.915698157888286,100.0,190.39629400850808,67.67562106562919,722 days 11:00:00,168,1,16.558241137058133,21.246964398202298,-7.125563139087611,3.6833634190214766,-1.8963635173393671,6 days 01:16:55.384615384,1 days 07:11:09.767441860,-3.975410191613096,-0.9270980000071023,-0.6075958515592158,0.9618410171891557,0.10087158969486064,23.140542236554165,0.9863377831118637,0.3921067348406168,-0.007523499489008706,None,None,-0.00004848331516476663,-0.29322709011650855,-0.6513106710539407,-0.30627687935280923,0.3806489255497447,-2.8653806322552224,2 days 09:40:21.428571427,false
XMR-USD,false,26,28,225,23.214285714285715,0.4813826399089773,0.3085399449035813,0.0001,0.00003571428571428572,9.297520661157025,18.553719008264462,0.0009297520661157025,-1.8959884546114867,0,0,17424,726 days 01:00:00,1000.0,236.24977648813456,-76.37502235118654,34.915698157888286,100.0,223.2378199584933,78.51523144733606,722 days 11:00:00,224,1,12.381831349942502,24.879197779776202,-6.3996182152744145,3.3547274741129387,-1.8091915440719557,4 days 03:43:50.769230769,1 days 02:00:20.930232558,-3.4648752449187836,-1.3607386797513261,-0.6570096898687124,0.9446265359021553,0.21665038850457866,22.90308753837437,0.9984552852222303,0.386899076727157,-0.007638826118962079,None,None,-0.00007091096063959626,-0.42886948994827817,-0.7637502235118635,-0.39395477088048525,0.37931200070202664,-3.187412149280813,1 days 19:07:13.928571427,false
XMR-USD,false,32,89,113,23.214285714285715,0.542345081924441,0.15426997245179064,0.0001,0.00003571428571428572,4.669421487603306,9.297520661157025,0.00046694214876033064,-1.0080802985718946,0,0,17424,726 days 01:00:00,1000.0,412.6919228253739,-58.73080771746261,34.915698157888286,100.0,147.0226193479767,63.89088848167718,635 days 19:00:00,112,1,18.735416728268092,20.401051514359672,-8.253695447737796,4.6523395125681555,-2.3776639162449835,8 days 16:41:32.307692307,1 days 23:46:44.651162790,-5.41110262413298,-0.7288492154174293,-0.5621098979562287,0.9694018969675392,-0.17180217793275201,26.740130442125018,0.979395730956897,0.3856858846918489,-0.0074669330147960926,None,None,-0.00003853574495957762,-0.23306418551552543,-0.5873080771746239,-0.26449001720542364,0.3848433732977847,-2.6820745629052793,3 days 13:08:02.142857141,false
XMR-USD,false,33,88,113,23.214285714285715,0.5452691873115847,0.15426997245179064,0.0001,0.00003571428571428572,4.669421487603306,9.297520661157025,0.00046694214876033064,-1.0122223942011008,0,0,17424,726 days 01:00:00,1000.0,411.24380152169283,-58.87561984783072,34.915698157888286,100.0,149.0155565063924,64.28688022812644,635 days 19:00:00,112,1,18.669674816209806,20.401051514359683,-8.253695447737801,4.669073801605125,-2.3863941834352054,8 days 16:43:50.769230769,1 days 23:39:46.046511627,-5.42344529727247,-0.7322231233833462,-0.5604075164813512,0.9692370905208001,-0.1767874146344768,26.714715103702297,0.9786355108332558,0.3853553824137382,-0.007466933014796069,None,None,-0.00003872829118963036,-0.2342287051148844,-0.5887561984783092,-0.26538683602582136,0.3849841410893007,-2.686222042062456,3 days 13:03:12.857142855,false
XMR-USD,false,39,74,113,23.214285714285715,0.5669037454801447,0.15426997245179064,0.0001,0.00003571428571428572,4.669421487603306,9.297520661157025,0.00046694214876033064,-0.922380232544686,0,0,17424,726 days 01:00:00,1000.0,439.168824420645,-56.0831175579355,34.915698157888286,100.0,154.89458157714319,60.93802162610825,635 days 19:00:00,112,1,19.937416955616015,20.239170473141616,-9.192802668893394,4.656987464297657,-2.3082713405237243,8 days 21:11:32.307692307,1 days 22:26:30.697674418,-5.185433861919381,-0.664659113010251,-0.5559529135033399,0.972096463112357,-0.10328067546520171,26.396981722770125,0.9837287294339,0.3853553824137382,-0.007460189988399861,None,None,-0.00003504069719488607,-0.21192613663467094,-0.5608311755793545,-0.24844311904882466,0.38373527110089145,-2.606243624410099,3 days 13:09:06.428571427,false
XMR-USD,false,40,73,113,23.214285714285715,0.5701124891233628,0.15426997245179064,0.0001,0.00003571428571428572,4.669421487603306,9.297520661157025,0.00046694214876033064,-0.9088982886774397,0,0,17424,726 days 01:00:00,1000.0,443.1572836471905,-55.68427163528094,34.915698157888286,100.0,155.89648240429204,60.785438161878616,635 days 19:00:00,112,1,20.118485306073296,20.23917047314162,-9.1928026688934,4.665994999482795,-2.300761656976571,8 days 21:13:50.769230769,1 days 22:25:06.976744186,-5.151439300525739,-0.6549477823569573,-0.5523931686869711,0.9724937627104324,-0.10393136413373051,26.410485818818707,0.9839301449003426,0.3853553824137382,-0.0074619217986052686,None,None,-0.00003452469577009987,-0.208805360017564,-0.5568427163528036,-0.24608105641291922,0.3836905726686324,-2.594820512638111,3 days 13:08:34.285714284,false
XMR-USD,false,11,27,350,23.20916905444126,0.4575143701794184,0.4807162534435262,0.0001,0.000035706413929909636,14.462809917355372,28.884297520661157,0.0014462809917355373,-2.6954667903270915,0,0,17424,726 days 01:00:00,1000.0,136.15519348166072,-86.38448065183393,34.915698157888286,100.0,298.9105864658602,87.14261242505638,722 days 11:00:00,349,1,5.680211359010457,21.123879122043228,-11.59538764145427,2.515543328343134,-1.4726777198206114,2 days 16:57:46.666666666,0 days 15:41:25.074626865,-2.491475695923634,-1.96770185150094,-0.7264047470573743,0.9196046764375062,-0.4115809461146145,37.04408679775667,1.0125216422588263,0.3705364165486865,-0.007611928139435869,None,None,-0.00010251391758350503,-0.6200041735450385,-0.8638448065183394,-0.4994654230811927,0.3792114835873497,-3.4740871644955957,1 days 03:07:33.868194841,false
XMR-USD,false,9,32,363,23.204419889502763,0.4412663382124395,0.4986225895316804,0.0001,0.00003569910752231195,15.0,29.958677685950413,0.0015,-2.8466066883336234,0,0,17424,726 days 01:00:00,1000.0,122.50719719762708,-87.7492802802373,34.915698157888286,100.0,298.943529016314,88.43121157217668,722 days 11:00:00,362,1,5.668626091340812,21.418077287554812,-11.595387641454273,2.4686860119476477,-1.4713426759950063,2 days 16:40:42.857142857,0 days 14:33:01.294964028,-2.4396724555074973,-2.0785468856956952,-0.7372818207955654,0.9153388718842703,-0.3920783538994727,36.78935807491223,1.0094137506432979,0.3713993388950102,-0.007624566622412767,None,None,-0.00010852382998773227,-0.6563521237658048,-0.8774928028023743,-0.5174833829055461,0.3800346812783431,-3.513175588912366,1 days 02:10:56.353591158,false
XMR-USD,false,23,44,182,23.204419889502763,0.49071625709397076,0.2493112947658402,0.0001,0.00003569910752231195,7.520661157024794,15.0,0.0007520661157024794,-1.6046553589138777,0,0,17424,726 days 01:00:00,1000.0,283.13993648139524,-71.68600635186047,34.915698157888286,100.0,186.73038331383407,74.23934148478057,722 days 11:00:00,181,1,14.10734105955504,20.68021897104223,-7.125563139087598,3.8078233406873476,-2.015458121098918,5 days 06:37:08.571428571,1 days 07:06:02.589928057,-4.038493947945634,-1.155020666004403,-0.6327079031026074,0.9525529971738222,0.11587708586784046,23.423032151164925,0.9884983932935879,0.38855685712008925,-0.00759292176243091,None,None,-0.00006042480884222446,-0.36544924387777356,-0.7168600635186071,-0.3546483385404998,0.38078819369512135,-3.0531167965680472,2 days 05:15:54.696132595,false
XMR-USD,false,24,41,182,23.204419889502763,0.5284367477326827,0.2493112947658402,0.0001,0.00003569910752231195,7.520661157024794,15.0,0.0007520661157024794,-1.3918429556401246,0,0,17424,726 days 01:00:00,1000.0,326.38685069875396,-67.3613149301246,34.915698157888286,100.0,194.69331152770556,71.16770615111787,722 days 11:00:00,181,1,16.26210232784996,20.680218971042226,-7.1255631390876095,3.9976274875428452,-1.9688874575413808,5 days 05:00:00,1 days 07:29:47.050359712,-3.811465478613793,-0.9996761401693625,-0.6048225009220317,0.9587576275819429,0.123722745276148,23.459376000249677,0.9907817040769971,0.38899960143483453,-0.007586227038464343,None,None,-0.00005227769494926314,-0.31617549905314346,-0.673613149301246,-0.32201095937418533,0.3806405461952637,-2.9292558500625625,2 days 05:11:36.132596684,false
XMR-USD,false,6,9,863,23.201856148491878,0.3336444242181777,1.18732782369146,0.0001,0.00003569516330537212,35.66115702479339,71.28099173553719,0.0035661157024793394,-6.71483032919281,0,0,17424,726 days 01:00:00,1000.0,7.787336497649903,-99.221266350235,34.915698157888286,100.0,404.7357391072662,99.24272622539179,725 days 02:00:00,862,1,0.023954226686830893,12.060151609105887,-11.805396837296513,1.4202844333249844,-1.146114348622922,0 days 23:48:00,0 days 06:47:45.861027190,-1.1510865634907637,-5.026543173962792,-0.9198803898687148,0.8046625421260859,-0.3899046509920022,36.8612128121743,1.0266321777350582,0.34276026816675653,-0.007931081265477065,None,None,-0.0002662821461850631,-1.6104744201272616,-0.9922126635023493,-0.8145924473338448,0.38559427375194205,-3.8417380028191865,0 days 10:44:28.677494198,false
XMR-USD,false,12,28,333,23.19277108433735,0.4681342088506627,0.4573002754820937,0.0001,0.00003568118628359592,13.760330578512397,27.479338842975206,0.0013760330578512397,-2.564332661970386,0,0,17424,726 days 01:00:00,1000.0,157.13685312421,-84.286314687579,34.915698157888286,100.0,294.58472391174547,85.23708565704203,722 days 11:00:00,332,1,6.555537950563121,21.34297403447628,-7.297874742537451,2.636513184252363,-1.4892351294107438,2 days 20:21:02.337662337,0 days 16:30:35.294117647,-2.5584900145372087,-1.8447775461788862,-0.710476930411657,0.9253255893427919,0.305185188584104,22.51463487217368,1.0154241140581786,0.3708598851388561,-0.007614149279068307,None,None,-0.0000946724518647887,-0.5725789888782421,-0.8428631468757902,-0.47393653181670115,0.3735403876803622,-3.4139948256637314,1 days 04:31:59.277108433,false
XMR-USD,false,13,23,346,23.18840579710145,0.44932234355289413,0.47520661157024796,0.0001,0.00003567447045707915,14.297520661157025,28.553719008264462,0.0014297520661157026,-2.8013601949962874,0,0,17424,726 days 01:00:00,1000.0,126.44630795580053,-87.35536920441994,34.915698157888286,100.0,289.97823279435227,88.05944050142028,722 days 11:00:00,345,1,5.275169726465208,21.04895769573299,-11.595387641454288,2.5444010644254824,-1.5155872016328948,2 days 16:58:29.999999999,0 days 16:05:39.622641509,-2.5473300341178673,-2.0479486641829254,-0.7340564337919864,0.9164673646497714,-0.4239545682282332,36.972373205364,1.008328183531632,0.3703208556149733,-0.00761509023558936,None,None,-0.00010674674084364617,-0.645604288622372,-0.8735536920441991,-0.5121539018387278,0.3793966593103232,-3.5018938131897066,1 days 03:25:44.347826085,false
XMR-USD,false,12,23,359,23.18435754189944,0.43758002772832744,0.4931129476584022,0.0001,0.000035668242372152985,14.834710743801653,29.62809917355372,0.0014834710743801653,-3.00433362274346,0,0,17424,726 days 01:00:00,1000.0,109.57660538081166,-89.04233946191883,34.915698157888286,100.0,288.44340008544634,89.5293149081654,725 days 03:00:00,358,1,4.571388447622596,19.953020527826904,-11.595387641454282,2.425763584820732,-1.5069819451115258,2 days 14:49:52.771084337,0 days 15:27:16.363636363,-2.4999854275609215,-2.1995908503706203,-0.7494368336039717,0.9105603906998965,-0.42382883168929053,36.7443410143814,1.0039165080227659,0.3705364165486865,-0.007633162839139304,None,None,-0.00011490949219341647,-0.6949726087857828,-0.8904233946191894,-0.5358075747518289,0.38025238375710524,-3.5502093373379116,1 days 02:26:18.770949719,false
XMR-USD,false,26,32,221,23.18181818181818,0.47783430159271006,0.30303030303030304,0.0001,0.000035664335664335665,9.132231404958677,18.22314049586777,0.0009132231404958678,-1.8711031327648786,0,0,17424,726 days 01:00:00,1000.0,238.67899500869123,-76.13210049913087,34.915698157888286,100.0,213.91694756254884,78.25230227886752,722 days 11:00:00,220,1,12.090442267793861,20.680218971042223,-6.928026011026195,3.403750855421655,-1.8340478401654543,4 days 10:54:07.058823529,1 days 00:57:09.585798816,-3.515506578450468,-1.3422527679921443,-0.6560271797921521,0.9453576002722421,0.215390175662435,22.599413713935025,0.9990004246297951,0.38723031605763863,-0.007668197179948186,None,None,-0.0000702283149966581,-0.4247408490997882,-0.7613210049913085,-0.3917990766159285,0.38083414928130943,-3.1804547672185333,1 days 19:56:59.999999999,false
XMR-USD,false,27,31,221,23.18181818181818,0.47847692617664184,0.30303030303030304,0.0001,0.000035664335664335665,9.132231404958677,18.22314049586777,0.0009132231404958678,-1.856384154036281,0,0,17424,726 days 01:00:00,1000.0,241.34408070707946,-75.86559192929205,34.915698157888286,100.0,213.7618514741834,78.00946784692535,722 days 11:00:00,220,1,12.225443945565786,20.680218971042226,-6.928026011026212,3.4022650945392092,-1.8274421475779123,4 days 10:49:24.705882352,1 days 00:56:05.680473372,-3.504006196538578,-1.3314342241192643,-0.6545771790189366,0.9457453746399634,0.2167103006134098,22.66975045312347,0.9996489690381632,0.3867886987664147,-0.00765534521987675,None,None,-0.00006960936408635842,-0.42099743399429573,-0.7586559192929195,-0.38945048899503976,0.3805448899115688,-3.1728218518280498,1 days 19:55:05.454545453,false
XMR-USD,false,19,77,152,23.178807947019866,0.5690568001492464,0.20798898071625344,0.0001,0.00003565970453387672,6.2809917355371905,12.520661157024794,0.000628099173553719,-0.9826453501609901,0,0,17424,726 days 01:00:00,1000.0,426.27352760287965,-57.37264723971204,34.915698157888286,100.0,189.3284022882745,60.87085516458114,722 days 11:00:00,151,1,18.918360681399975,22.09083756125399,-7.172505688054703,3.9868287232826183,-1.899871014071862,6 days 12:53:08.571428571,1 days 11:52:14.482758620,-3.924800219063056,-0.7048585172223513,-0.5727199714519741,0.9708238406034951,0.09509969345192838,23.034658011807704,0.9872148859188105,0.39299704212966663,-0.007477354898302151,None,None,-0.00003691768085799834,-0.22327813382917394,-0.5737264723971256,-0.256177257171336,0.38123292702482864,-2.643176286502242,2 days 15:55:13.907284766,false
XMR-USD,false,19,64,165,23.170731707317074,0.5496820598560619,0.22589531680440772,0.0001,0.00003564727954971858,6.818181818181818,13.59504132231405,0.0006818181818181819,-1.1704711147603064,0,0,17424,726 days 01:00:00,1000.0,377.9187345775533,-62.20812654224467,34.915698157888286,100.0,196.26392338687594,65.41401895465539,722 days 11:00:00,164,1,17.14837821872885,21.246964398202294,-7.125563139087602,3.8611213687072974,-1.897935035464917,6 days 02:18:56.842105263,1 days 08:26:11.428571428,-3.897741729519362,-0.8381589084698915,-0.5914291231370236,0.9653492768023274,0.14649771333570288,23.343692762241787,0.9921754929128941,0.39055143244753016,-0.007489941431631943,None,None,-0.00004385386424116722,-0.2652281709305793,-0.6220812654224454,-0.28662108800419595,0.3808372730994688,-2.781666408643482,2 days 10:49:23.414634145,false
XMR-USD,false,19,66,165,23.170731707317074,0.5347766128715886,0.22589531680440772,0.0001,0.00003564727954971858,6.818181818181818,13.59504132231405,0.0006818181818181819,-1.2811217610433014,0,0,17424,726 days 01:00:00,1000.0,349.86806951768995,-65.01319304823102,34.915698157888286,100.0,193.09871152103017,67.98113109095686,722 days 11:00:00,164,1,15.875555863755835,21.2469643982023,-7.172505688054693,3.8580230856618805,-1.9569378689592056,6 days 03:22:06.315789473,1 days 08:07:37.142857142,-4.06102125820772,-0.9192409042482185,-0.6033945706753502,0.962037250084262,0.12399014233927413,23.23024511005637,0.9897656336210334,0.3903295300406926,-0.007523499489008821,None,None,-0.00004821792460061536,-0.2916220079845217,-0.6501319304823133,-0.3054638128155085,0.38180104835977763,-2.8620046706281594,2 days 10:49:45.365853657,false
XMR-USD,false,4,7,1162,23.16968130921619,0.37933569315969146,1.5991735537190082,0.0001,0.0000356456635526403,48.01652892561984,95.99173553719008,0.004801652892561984,-7.525793205380213,0,0,17424,726 days 01:00:00,1000.0,4.13529082202524,-99.58647091779747,34.915698157888286,100.0,523.0944562883948,99.59905630189535,725 days 02:00:00,1161,1,0.012720356157287505,14.515260847724113,-11.192981014084529,1.3716428673750296,-1.0144479306863048,0 days 17:33:14.052044609,0 days 05:04:42.511210762,-0.8577755637675533,-5.7001852008161356,-0.940419227082086,0.7833348582244434,-0.5248854525206404,35.03079817523706,1.0381504171512153,0.3459755909161131,-0.008118055332382277,None,None,-0.00030254249014193587,-1.829776980378428,-0.995864709177975,-0.8511602254567285,0.3863272611649336,-3.8521976123023194,0 days 07:58:08.372093022,false
XMR-USD,false,19,59,178,23.163841807909606,0.4996012204512663,0.24380165289256198,0.0001,0.00003563667970447632,7.355371900826446,14.669421487603307,0.0007355371900826447,-1.405634749361607,0,0,17424,726 days 01:00:00,1000.0,323.55541786443644,-67.64445821355636,34.915698157888286,100.0,194.49205471093296,70.68423367251849,722 days 11:00:00,177,1,14.681597318694457,21.32200827661488,-7.125563139087595,3.609136199846859,-1.879028905682658,5 days 11:05:51.219512195,1 days 07:19:24.705882352,-3.9046676805325315,-1.0100223668068855,-0.612481207121398,0.9583453459784208,0.12273231910278923,23.46210531837319,0.9863648480178628,0.3902186053933302,-0.007523499489008771,None,None,-0.00005279046635611944,-0.3192767405218104,-0.67644458213556,-0.3240582022782039,0.3804367401412304,-2.9373651905131353,2 days 06:26:06.101694914,false
XMR-USD,false,20,47,191,23.157894736842106,0.5016196961822261,0.26170798898071623,0.0001,0.00003562753036437247,7.892561983471075,15.743801652892563,0.0007892561983471075,-1.5839080727342756,0,0,17424,726 days 01:00:00,1000.0,287.8277985444047,-71.21722014555954,34.915698157888286,100.0,197.34861783055533,73.81283007394833,722 days 11:00:00,190,1,14.340912027271088,20.680218971042216,-6.168481229071117,3.718703307556491,-1.9329857715245151,5 days 02:46:21.818181818,1 days 04:53:25.479452054,-3.823753228857195,-1.1395589268215827,-0.6304085762539879,0.9531562793202412,0.11606310717243201,23.51322281361006,0.9923646824185647,0.3870094722598106,-0.007587215347123468,None,None,-0.00005952074359871145,-0.35998145728500686,-0.7121722014555949,-0.3509596101915141,0.3801802089460309,-3.0396905662179887,2 days 02:37:53.684210525,false
XMR-USD,false,24,39,191,23.157894736842106,0.5243873639998815,0.26170798898071623,0.0001,0.00003562753036437247,7.892561983471075,15.743801652892563,0.0007892561983471075,-1.479806957251444,0,0,17424,726 days 01:00:00,1000.0,309.9389863327667,-69.00610136672333,34.915698157888286,100.0,198.47714419120044,71.92471797100937,722 days 11:00:00,190,1,15.442593659465672,20.680218971042223,-6.168481229071119,3.9661026234261203,-1.9504290103367916,5 days 01:43:38.181818181,1 days 05:13:58.356164383,-3.7131768806668335,-1.0603792256464457,-0.618776448852339,0.9564189788332818,0.20527396847163293,22.7822845142546,0.9941413378998387,0.3876722147009636,-0.007608808267455841,None,None,-0.00005530965853722721,-0.3345128148331502,-0.6900610136672374,-0.33407039617357404,0.3796625068021601,-2.9763632121769046,2 days 02:39:09.473684209,false
XMR-USD,false,47,85,96,23.157894736842106,0.5440320793618816,0.13085399449035812,0.0001,0.00003562753036437247,3.9669421487603307,7.892561983471075,0.0003966942148760331,-1.0677968960872537,0,0,17424,726 days 01:00:00,1000.0,397.2434917144851,-60.275650828551484,34.915698157888286,100.0,134.12408942856652,66.09862715998034,635 days 19:00:00,95,1,19.063903945739014,19.592312599254903,-8.73554328507475,5.148611844408845,-2.748709245696365,10 days 07:08:10.909090909,2 days 07:19:43.561643835,-6.5454780234868855,-0.7736884196799337,-0.5617538987608727,0.9674679646772893,-0.1848938648828635,26.864095651767627,0.970875247751563,0.38315605651690754,-0.007482015876363735,None,None,-0.00004079268887838793,-0.2467141823364902,-0.6027565082855181,-0.2741654839505011,0.3837727912826796,-2.7263195069445803,4 days 03:44:50.526315788,false
XMR-USD,false,49,82,96,23.157894736842106,0.5580006334493379,0.13085399449035812,0.0001,0.00003562753036437247,3.9669421487603307,7.892561983471075,0.0003966942148760331,-1.0114239893836885,0,0,17424,726 days 01:00:00,1000.0,412.73698383571593,-58.72630161642841,34.915698157888286,100.0,136.1486016760806,64.8975703092399,635 days 19:00:00,95,1,19.807443995466315,20.009826981298755,-8.735543285074751,5.2269360235858615,-2.7187727497218677,10 days 06:57:16.363636363,2 days 07:17:15.616438356,-6.390215370102638,-0.7326187666525682,-0.5533363256363454,0.9691544233318344,-0.18528097602403681,26.91623850475279,0.971564256129179,0.38304627351377096,-0.007468294324475413,None,None,-0.00003860875129869743,-0.23350572785452206,-0.5872630161642889,-0.2644621439917826,0.38358857261870277,-2.681945506312631,4 days 03:40:25.263157893,false
XMR-USD,false,54,77,96,23.157894736842106,0.5753932332693789,0.13085399449035812,0.0001,0.00003562753036437247,3.9669421487603307,7.892561983471075,0.0003966942148760331,-0.9535374962602065,0,0,17424,726 days 01:00:00,1000.0,430.0906291015456,-56.99093708984544,34.915698157888286,100.0,138.55069216953373,63.64693442767986,635 days 19:00:00,95,1,21.947312583081498,19.592312599254896,-8.735543285074758,5.309319276908331,-2.6921248699055504,10 days 07:05:27.272727272,2 days 07:00:00,-6.230070352437213,-0.6898966156054548,-0.5431427717252029,0.9709164161077656,-0.1705202885303857,27.011101770211692,0.9743457905257653,0.38162067871868055,-0.007458196364188584,None,None,-0.000036290575140758356,-0.21948539845130655,-0.5699093708984517,-0.25387216330258966,0.3828844959522261,-2.6322439503324047,4 days 03:29:03.157894736,false
XMR-USD,false,55,69,96,23.157894736842106,0.5637354351065668,0.13085399449035812,0.0001,0.00003562753036437247,3.9669421487603307,7.892561983471075,0.0003966942148760331,-0.9728571059108233,0,0,17424,726 days 01:00:00,1000.0,424.59750345083444,-57.54024965491655,34.915698157888286,100.0,134.5514926375681,62.98386471850651,635 days 19:00:00,95,1,18.937124327190702,20.429348080581867,-8.593290028177895,5.300114116270291,-2.6937878925861973,9 days 10:57:16.363636363,2 days 13:04:06.575342465,-6.256206535540592,-0.7038249848885654,-0.5555523447280883,0.9703321213481583,-0.17512310050160212,27.035002838942173,0.9765884224633382,0.38107315526670366,-0.007451445542635766,None,None,-0.00003702613943899131,-0.22393409132701947,-0.5754024965491639,-0.2571936431241115,0.3829143983466319,-2.647976488819452,4 days 03:29:03.157894735,false
XMR-USD,false,55,76,96,23.157894736842106,0.5752978317731838,0.13085399449035812,0.0001,0.00003562753036437247,3.9669421487603307,7.892561983471075,0.0003966942148760331,-0.9656212523283724,0,0,17424,726 days 01:00:00,1000.0,426.79442376164275,-57.320557623835725,34.915698157888286,100.0,138.7094804584351,63.9255435410931,635 days 19:00:00,95,1,21.058900188869472,19.592312599254896,-8.73554328507473,5.312567983404713,-2.701386796061283,10 days 07:05:27.272727272,2 days 06:55:53.424657534,-6.255415541339236,-0.6988872237430539,-0.5447267101623916,0.9705339976471657,-0.1736190889559986,27.060428752102716,0.9739641593852116,0.38129211256440754,-0.00745144554263578,None,None,-0.000036744492000568215,-0.22223068761943657,-0.5732055762383546,-0.25586190336804127,0.38268645478750785,-2.6416844184135453,4 days 03:25:53.684210525,false
XMR-USD,false,57,80,96,23.157894736842106,0.5473073049385152,0.13085399449035812,0.0001,0.00003562753036437247,3.9669421487603307,7.892561983471075,0.0003966942148760331,-1.1209363562076402,0,0,17424,726 days 01:00:00,1000.0,384.1740099832157,-61.58259900167843,34.915698157888286,100.0,139.14121041850225,67.48901072410374,630 days 14:00:00,95,1,18.243305337505035,18.361512054478187,-7.4474029135448125,4.938673643446645,-2.74081686186931,10 days 10:16:21.818181818,2 days 06:04:06.575342465,-6.674413635308312,-0.8134418610878579,-0.565716614480565,0.9657866311091962,-0.19773778321558547,27.09085213026422,0.971821540280884,0.38030735107731306,-0.007461921798605199,None,None,-0.000042775932897598184,-0.2587088421646738,-0.6158259900167803,-0.28254470015586,0.3827638515247008,-2.76375104181514,4 days 03:30:18.947368419,false
XMR-USD,false,58,70,96,23.157894736842106,0.561546537988986,0.13085399449035812,0.0001,0.00003562753036437247,3.9669421487603307,7.892561983471075,0.0003966942148760331,-1.022428057382075,0,0,17424,726 days 01:00:00,1000.0,410.2440134772726,-58.975598652272744,34.915698157888286,100.0,135.94298951491436,65.41751155336416,635 days 19:00:00,95,1,20.93454958070663,20.045004343922546,-8.73554328507475,5.237965119203272,-2.7346093411060624,10 days 00:24:32.727272727,2 days 09:00:00,-6.428321432667728,-0.7407825065747414,-0.5519177496415444,0.968784244882017,-0.18962238728587807,27.04621095284742,0.9728116165090466,0.3814016172506739,-0.007458196364188599,None,None,-0.0000389880128125946,-0.23579950149057213,-0.5897559865227242,-0.26600720673295464,0.3830878043873107,-2.689085476268753,4 days 03:28:25.263157894,false
XMR-USD,false,58,72,96,23.157894736842106,0.5566486388649824,0.13085399449035812,0.0001,0.00003562753036437247,3.9669421487603307,7.892561983471075,0.0003966942148760331,-1.069292559958926,0,0,17424,726 days 01:00:00,1000.0,397.9261292334477,-60.20738707665523,34.915698157888286,100.0,135.07696397135197,66.36561298909953,635 days 19:00:00,95,1,19.634480142014127,20.009826981298755,-8.735543285074751,5.297360992378508,-2.7897214440692104,10 days 07:00:00,2 days 06:52:36.164383561,-6.544298430616488,-0.7747709471661514,-0.5586759540856046,0.9673629269189564,-0.18044298665367198,27.045171640968345,0.9728020770703111,0.3804166996751961,-0.007460189988399782,None,None,-0.000040752386252571145,-0.24647043205555028,-0.6020738707665516,-0.2737328042689199,0.3828579426991892,-2.7243644049274995,4 days 03:22:06.315789473,false
XMR-USD,false,59,71,96,23.157894736842106,0.5668484119991695,0.13085399449035812,0.0001,0.00003562753036437247,3.9669421487603307,7.892561983471075,0.0003966942148760331,-1.0172784603943816,0,0,17424,726 days 01:00:00,1000.0,412.51922678801566,-58.74807732119843,34.915698157888286,100.0,137.2338134826182,65.1321431192428,635 days 19:00:00,95,1,20.354533094298517,20.009826981298755,-8.73554328507473,5.297360992378513,-2.7417065931616973,10 days 07:00:00,2 days 06:50:08.219178082,-6.398266382171396,-0.7365071330368741,-0.5516045142003793,0.9689504587650375,-0.1739696140092182,27.107464554279957,0.973793193252828,0.3804166996751961,-0.00745144554263581,None,None,-0.00003870658842394768,-0.23409744678803557,-0.5874807732119839,-0.264596859525287,0.382530335665517,-2.6825691714809903,4 days 03:20:12.631578947,false
XMR-USD,false,59,78,96,23.157894736842106,0.5495247806153575,0.13085399449035812,0.0001,0.00003562753036437247,3.9669421487603307,7.892561983471075,0.0003966942148760331,-1.1231689478328066,0,0,17424,726 days 01:00:00,1000.0,383.7756866823172,-61.62243133176828,34.915698157888286,100.0,139.02220808838155,67.66542853423543,630 days 14:00:00,95,1,18.22439012353294,18.361512054478208,-7.193138527540468,4.960173260328671,-2.747584403259091,10 days 10:16:21.818181818,2 days 05:59:10.684931506,-6.678407404644377,-0.8151425039375816,-0.5647180123569906,0.965703273872592,-0.19835336460376654,27.138969043107508,0.9717414352348643,0.37997940920250256,-0.007458196364188678,None,None,-0.00004284624859025428,-0.2591341114738579,-0.616224313317684,-0.2828029788811576,0.38259316613691186,-2.7648918561820683,4 days 03:26:31.578947367,false
XMR-USD,false,62,74,96,23.157894736842106,0.5578731397863338,0.13085399449035812,0.0001,0.00003562753036437247,3.9669421487603307,7.892561983471075,0.0003966942148760331,-1.0751223803804781,0,0,17424,726 days 01:00:00,1000.0,395.72168001487603,-60.427831998512396,34.915698157888286,100.0,141.07709185376405,66.65893284275376,630 days 14:00:00,95,1,18.7916705700556,18.361512054478208,-7.193138527540456,4.933851483148941,-2.7002160890137805,10 days 10:19:05.454545454,2 days 06:06:34.520547945,-6.5586314795282,-0.7796569011042846,-0.5588501802502981,0.967188128565464,-0.1913249366321246,26.98757207541057,0.972421612715871,0.3807448494453249,-0.007461921798605233,None,None,-0.00004104792479911775,-0.24825784918506416,-0.6042783199851247,-0.2751318122336014,0.38321775555413135,-2.730678038435852,4 days 03:32:50.526315788,false
XMR-USD,false,36,85,109,23.14814814814815,0.5558082056944726,0.1487603305785124,0.0001,0.00003561253561253561,4.5041322314049586,8.966942148760332,0.00045041322314049587,-0.9642675136995353,0,0,17424,726 days 01:00:00,1000.0,425.2753324861211,-57.472466751387884,34.915698157888286,100.0,147.9524751831675,62.81867834978281,635 days 19:00:00,108,1,19.306679238671904,20.564604478564046,-9.192802668893403,4.797362573972712,-2.4146387933636446,8 days 21:07:12,2 days 02:23:07.951807228,-5.5002902477088025,-0.6969869892258841,-0.5561830015167969,0.970650214664829,-0.17045882466614154,26.83862452890455,0.9796785858223147,0.3843648208469055,-0.007458196364188495,None,None,-0.00003682774702478536,-0.22273421400590185,-0.5747246675138779,-0.25678227451886415,0.38459924244518207,-2.6460351584979973,3 days 16:03:19.999999999,false
XMR-USD,false,38,82,109,23.14814814814815,0.5743069745387802,0.1487603305785124,0.0001,0.00003561253561253561,4.5041322314049586,8.966942148760332,0.00045041322314049587,-0.8994836418647056,0,0,17424,726 days 01:00:00,1000.0,444.4780647530778,-55.552193524692214,34.915698157888286,100.0,151.83903275664863,60.923116296572424,635 days 19:00:00,108,1,20.17844621894062,20.564604478564057,-9.192802668893393,4.872894013291375,-2.3817808337346213,8 days 21:07:12,2 days 02:21:41.204819277,-5.330559087646885,-0.6498193127047182,-0.5495124727912464,0.9726138206776641,-0.1690665173926225,26.892679470228483,0.9808546073376724,0.3844748132846019,-0.007446826610916413,None,None,-0.0000343109352300773,-0.20751253627150754,-0.5555219352469187,-0.24530191813522362,0.38432433628646356,-2.59103774106094,3 days 16:02:13.333333333,false
XMR-USD,false,39,77,109,23.14814814814815,0.5658193761364501,0.1487603305785124,0.0001,0.00003561253561253561,4.5041322314049586,8.966942148760332,0.00045041322314049587,-0.9338211647982936,0,0,17424,726 days 01:00:00,1000.0,434.2470152247265,-56.57529847752735,34.915698157888286,100.0,149.77043045842666,62.19508398132086,635 days 19:00:00,108,1,19.713976318078835,20.23756343674949,-9.192802668893401,4.876539566473853,-2.412720790495875,8 days 21:04:48,2 days 02:23:07.951807228,-5.420990380494003,-0.6747729006285914,-0.5507227678177561,0.9715616805216175,-0.1695024013338589,26.890754839568384,0.9808012582152293,0.38425484588496983,-0.007458196364188469,None,None,-0.000035639625061565626,-0.2155484523723489,-0.565752984775272,-0.2513773209387792,0.3844443105882375,-2.6203398890004905,3 days 16:02:46.666666665,false
XMR-USD,false,40,77,109,23.14814814814815,0.5788655322740295,0.1487603305785124,0.0001,0.00003561253561253561,4.5041322314049586,8.966942148760332,0.00045041322314049587,-0.8777738842156034,0,0,17424,726 days 01:00:00,1000.0,451.2727215311561,-54.872727846884395,34.915698157888286,100.0,151.29252439898417,60.409298804545855,635 days 19:00:00,108,1,20.486910521782704,20.401051514359665,-9.192802668893394,4.946168579512679,-2.3861079039159208,8 days 21:16:48,2 days 02:11:33.975903614,-5.270501749913218,-0.633902288350312,-0.5457556108939101,0.9732425032064185,-0.16716913114226387,26.975742557413852,0.9819016026555971,0.3838151207115629,-0.007445281664846066,None,None,-0.00003345310623772489,-0.20232438652576012,-0.5487272784688447,-0.2413174089599871,0.3841245588646186,-2.5715775637293774,3 days 15:56:39.999999999,false
XMR-USD,false,40,78,109,23.14814814814815,0.5598760756026935,0.1487603305785124,0.0001,0.00003561253561253561,4.5041322314049586,8.966942148760332,0.00045041322314049587,-0.9962070194168603,0,0,17424,726 days 01:00:00,1000.0,416.89386536958,-58.310613463042,34.915698157888286,100.0,150.0390993878138,63.414689416725444,635 days 19:00:00,108,1,18.9261768092868,20.71991168845466,-9.192802668893405,4.8497841928450764,-2.451741836527521,8 days 21:00:00,2 days 02:18:47.710843373,-5.574373254071364,-0.7202914377857944,-0.5611711108023834,0.9696716773660008,-0.17149816441112936,26.97503908894905,0.9797076086159074,0.3835953628712085,-0.007460189988399791,None,None,-0.00003800484891670575,-0.22985332624823637,-0.5831061346304225,-0.26189933692759293,0.38405082505313787,-2.670040026104082,3 days 15:58:19.999999999,false
XMR-USD,false,41,74,109,23.14814814814815,0.5887171845127381,0.1487603305785124,0.0001,0.00003561253561253561,4.5041322314049586,8.966942148760332,0.00045041322314049587,-0.8413018811675674,0,0,17424,726 days 01:00:00,1000.0,464.3993552457828,-53.56006447542172,34.915698157888286,100.0,154.54743054617023,59.21948311579327,635 days 19:00:00,108,1,21.08283435571468,20.237563436749472,-9.19280266889341,4.883680093328629,-2.3359585852255766,8 days 21:31:12,2 days 02:11:33.975903614,-5.154476658425292,-0.6058706325387851,-0.5402864261522414,0.9744751599587167,-0.10130588763465569,26.592471889943965,0.9835447322851163,0.3840349483717236,-0.0074468266109164235,None,None,-0.0000318810986988129,-0.1928168849304204,-0.5356006447542201,-0.2337292728981416,0.3830110661780071,-2.5339823432206305,3 days 15:59:59.999999999,false
XMR-USD,false,44,67,109,23.14814814814815,0.5683410458723712,0.1487603305785124,0.0001,0.00003561253561253561,4.5041322314049586,8.966942148760332,0.00045041322314049587,-0.933200529371178,0,0,17424,726 days 01:00:00,1000.0,435.5580738212641,-56.44419261787359,34.915698157888286,100.0,150.6083939702066,61.377254121445105,635 days 19:00:00,108,1,19.7734958477879,20.755148066145253,-9.192802668893401,4.822859933238097,-2.3925281239501666,9 days 00:57:36,2 days 01:34:41.927710843,-5.409402055801142,-0.672891374430147,-0.5564362837503609,0.9717513156831712,-0.10964527260706576,26.349460273497844,0.9809641270025073,0.38590630716614965,-0.007461921798605224,None,None,-0.000035498114907314645,-0.21469259895943898,-0.5644419261787406,-0.2505936031832293,0.3839885495080325,-2.6165849630912077,3 days 16:19:26.666666666,false
XMR-USD,false,48,61,109,23.14814814814815,0.5800516468349314,0.1487603305785124,0.0001,0.00003561253561253561,4.5041322314049586,8.966942148760332,0.00045041322314049587,-0.8764552862881102,0,0,17424,726 days 01:00:00,1000.0,452.18485608185256,-54.781514391814746,34.915698157888286,100.0,151.56242953611277,59.506041560668976,635 days 19:00:00,108,1,20.528319669804205,20.755148066145253,-9.192802668893417,4.913279601625115,-2.3721148462174697,9 days 00:50:24,2 days 01:48:26.024096385,-5.262439477666217,-0.6316860976079867,-0.552895711288244,0.973483840298303,-0.10891677137202369,26.30383756606139,0.9814911102164484,0.38711988536857184,-0.007461921798605261,None,None,-0.00003333818578992371,-0.20162934765745857,-0.5478151439181458,-0.24078550577069335,0.38414801020195377,-2.568965172745323,3 days 16:28:19.999999999,false
XMR-USD,false,52,57,109,23.14814814814815,0.5754217915831054,0.1487603305785124,0.0001,0.00003561253561253561,4.5041322314049586,8.966942148760332,0.00045041322314049587,-0.9117868002203735,0,0,17424,726 days 01:00:00,1000.0,441.75451744054817,-55.82454825594518,34.915698157888286,100.0,151.9971718848119,60.57682117827091,635 days 19:00:00,108,1,20.054802427877235,20.755148066145253,-9.192802668893393,4.879798813110788,-2.39020486560376,9 days 00:52:48,2 days 01:41:55.662650602,-5.354632268401192,-0.6573817714358483,-0.5560417874294789,0.9724043347258877,-0.10977010008752719,26.334485321856757,0.9804093096979071,0.3866783383733885,-0.007468294324475311,None,None,-0.00003468435042318514,-0.20977095135942372,-0.5582454825594514,-0.2469102203213538,0.38403769317938796,-2.5988380929262065,3 days 16:23:53.333333332,false
XMR-USD,false,21,35,230,23.144104803493452,0.47389058749470997,0.3154269972451791,0.0001,0.00003560631508229762,9.50413223140496,18.96694214876033,0.000950413223140496,-1.9404310512707883,0,0,17424,726 days 01:00:00,1000.0,229.01043162163216,-77.09895683783678,34.915698157888286,100.0,223.66222794975377,78.81288955910408,722 days 11:00:00,229,1,10.875038708968788,20.794840878311845,-6.928026011026195,3.2847658978081506,-1.785105863212591,4 days 05:15:50.943396226,1 days 00:33:45,-3.4142559261455783,-1.394418224893456,-0.66406477106075,0.9432503919150514,0.20318815252729983,22.91448297184503,0.997776900890184,0.386899076727157,-0.007638826118962096,None,None,-0.00007268886553583427,-0.43962225876072564,-0.7709895683783713,-0.40046608886989343,0.3794309776455414,-3.2081459316435947,1 days 18:18:51.877729256,false
XMR-USD,false,9,30,364,23.140495867768596,0.44542214194391144,0.5,0.0001,0.000035600762873490146,15.041322314049587,30.041322314049587,0.0015041322314049588,-2.8845057753255734,0,0,17424,726 days 01:00:00,1000.0,119.1435372122952,-88.08564627877048,34.915698157888286,100.0,298.7131342814608,88.74905469401332,722 days 11:00:00,363,1,4.970507963158369,21.123879122043242,-11.59538764145428,2.4772801731981478,-1.4764262653015665,2 days 15:55:42.857142857,0 days 14:43:00.645161290,-2.440294685264085,-2.1070085994458094,-0.7400914998704171,0.9142704917460863,-0.3960521187109016,36.688451826343545,1.0082554829493164,0.37129141418115996,-0.007641628599557658,None,None,-0.0001101013099992428,-0.6658927228754205,-0.8808564627877048,-0.5221235822502063,0.3803506147265008,-3.522809249880912,1 days 02:06:16.859504131,false
XMR-USD,false,27,84,122,23.140495867768596,0.6157400761979078,0.16666666666666666,0.0001,0.000035600762873490146,5.041322314049587,10.041322314049587,0.0005041322314049588,-0.7033977113808854,0,0,17424,726 days 01:00:00,1000.0,507.4647055124173,-49.25352944875827,34.915698157888286,100.0,166.47924011470369,54.8596362114118,635 days 19:00:00,121,1,23.90375277028693,20.39867062582277,-8.039372144347578,4.787554392053311,-2.116684718236844,8 days 02:06:25.714285714,1 days 20:53:32.903225806,-4.268091299651824,-0.5052243050619977,-0.526708648894642,0.9787929689747982,-0.07536050190550725,26.43223306549637,0.9867863782763454,0.39099544982837064,-0.007452411460490798,None,None,-0.00002669366240812624,-0.1614432702443475,-0.4925352944875778,-0.2097763104107231,0.38457572976689014,-2.4106414033605894,3 days 07:25:17.355371899,false
XMR-USD,false,29,80,122,23.140495867768596,0.6249468093601932,0.16666666666666666,0.0001,0.000035600762873490146,5.041322314049587,10.041322314049587,0.0005041322314049588,-0.6887716162669145,0,0,17424,726 days 01:00:00,1000.0,512.3969797147437,-48.76030202852563,34.915698157888286,100.0,171.241502792201,55.432110732168084,635 days 19:00:00,121,1,24.136083929177232,20.39867062582278,-8.039372144347588,4.736527859403943,-2.0935334433003683,7 days 23:17:08.571428571,1 days 21:40:00,-4.229248795160607,-0.49475915093680845,-0.5150164023048595,0.9792227316894135,-0.07766328211568736,26.430923484018187,0.9862214647114942,0.39088441890166026,-0.007458196364188719,None,None,-0.00002613958200225841,-0.15809219194965887,-0.48760302028526314,-0.20711890649204623,0.3845587941182637,-2.3965151665601025,3 days 07:21:49.090909090,false
XMR-USD,false,29,83,122,23.140495867768596,0.5924161370931645,0.16666666666666666,0.0001,0.000035600762873490146,5.041322314049587,10.041322314049587,0.0005041322314049588,-0.8344611888439561,0,0,17424,726 days 01:00:00,1000.0,465.5742638971568,-53.44257361028431,34.915698157888286,100.0,163.58802276824593,58.64657343498063,635 days 19:00:00,121,1,21.930534241131852,20.27319932391648,-8.03937214434759,4.711795143890156,-2.185233670226219,8 days 03:02:08.571428571,1 days 20:23:52.258064516,-4.597985705322109,-0.6001983835687386,-0.5440905109911927,0.9748336910036718,-0.08142219902989259,26.555441818303333,0.9848156046940635,0.3893318450007973,-0.0074601899883997205,None,None,-0.00003166978813087212,-0.19153887861551458,-0.53442573610284,-0.23305695389982428,0.3840681388142298,-2.5306173563712737,3 days 07:15:22.314049586,false
XMR-USD,false,31,82,122,23.140495867768596,0.5804815678040686,0.16666666666666666,0.0001,0.000035600762873490146,5.041322314049587,10.041322314049587,0.0005041322314049588,-0.8819865427388928,0,0,17424,726 days 01:00:00,1000.0,451.0591042725648,-54.89408957274352,34.915698157888286,100.0,164.68506246643867,60.02051758178636,635 days 19:00:00,121,1,22.065085646393015,20.273199323916455,-8.03937214434756,4.568989712089104,-2.1781688043496636,8 days 13:15:00,1 days 17:10:58.064516129,-4.7190576973043665,-0.6347136204592799,-0.5495565291423946,0.9734242616169934,-0.09422417263900348,26.412580074257576,0.9842090195421731,0.3883355907895786,-0.007461921798605252,None,None,-0.000033488618726203175,-0.2025391660560768,-0.5489408957274352,-0.24144207940076712,0.38404079607459324,-2.5721893723709384,3 days 07:08:55.537190082,false
XMR-USD,false,11,14,524,23.135755258126196,0.3741515842160799,0.7203856749311295,0.0001,0.000035593469627886455,21.65289256198347,43.264462809917354,0.002165289256198347,-4.485174126210307,0,0,17424,726 days 01:00:00,1000.0,39.81368177638501,-96.0186318223615,34.915698157888286,100.0,338.0175496682967,96.17615551815652,725 days 02:00:00,523,1,0.8009465636483739,14.344903282656965,-11.805396837296511,1.774640272337,-1.3155740550483348,1 days 17:19:50.082644628,0 days 10:55:40.298507462,-1.8374517491152262,-3.3144148083693947,-0.834106969813118,0.8674166686253423,-0.4112397148701832,37.375051118235575,1.0144460646815987,0.35698154349349737,-0.007698776811309028,None,None,-0.00017301933098971727,-1.04642091382581,-0.9601863182236141,-0.673345458937198,0.37996685313876916,-3.750013228667708,0 days 17:57:42.332695983,false
XMR-USD,false,25,82,135,23.134328358208954,0.5880943126548815,0.18457300275482094,0.0001,0.00003559127439724454,5.578512396694215,11.115702479338843,0.0005578512396694215,-0.7952603722378156,0,0,17424,726 days 01:00:00,1000.0,478.0849562925845,-52.19150437074155,34.915698157888286,100.0,179.4672675051516,55.66404037519702,635 days 19:00:00,134,1,22.28522106526117,19.59368917755766,-7.677465801481992,4.138520118359563,-1.9256775541918014,7 days 02:25:09.677419354,1 days 18:06:59.417475728,-4.061196005766241,-0.5711505913055949,-0.556827473437722,0.9760956207838422,-0.06671968901100303,26.49189863103831,0.9862404906962086,0.39199552644192365,-0.00746018998839971,None,None,-0.000030143494524518573,-0.18230785488428833,-0.5219150437074145,-0.2259656876339169,0.3841500659480747,-2.4947862172118778,2 days 23:47:54.626865670,false
XMR-USD,false,29,67,135,23.134328358208954,0.646724105000138,0.18457300275482094,0.0001,0.00003559127439724454,5.578512396694215,11.115702479338843,0.0005578512396694215,-0.6483323655980071,0,0,17424,726 days 01:00:00,1000.0,529.9137347545999,-47.008626524540006,34.915698157888286,100.0,186.61082745873316,52.449620736424095,635 days 19:00:00,134,1,24.701142692507744,22.464577726885377,-7.677465801481989,4.674260872092954,-1.9711304862350294,7 days 01:15:29.032258064,1 days 18:32:02.330097087,-3.6924433428202104,-0.4626394883764331,-0.5210854251490034,0.9806795132762056,0.15150282586617433,23.23280746784044,0.9910655284880936,0.39232920495405516,-0.007468294324475375,None,None,-0.00002433135322872168,-0.14715602432730873,-0.47008626524539865,-0.197814035399278,0.3828084440303546,-2.3463464574578365,2 days 23:51:02.686567163,false
XMR-USD,false,35,59,135,23.134328358208954,0.6118010598564719,0.18457300275482094,0.0001,0.00003559127439724454,5.578512396694215,11.115702479338843,0.0005578512396694215,-0.8256243691168835,0,0,17424,726 days 01:00:00,1000.0,471.7837758184228,-52.82162241815772,34.915698157888286,100.0,178.84866063123414,56.42257558525574,635 days 19:00:00,134,1,24.10284473034494,22.46457772688535,-8.721267796798301,4.666576236042247,-2.080772768701158,7 days 00:36:46.451612903,1 days 18:48:55.922330097,-4.121784096357626,-0.5899244997062324,-0.5574718422435774,0.975430511487197,0.15250524356166795,23.242610344988638,0.9883540710564336,0.39188433580956944,-0.007489941431631852,None,None,-0.00003101079577466751,-0.18755329284518912,-0.5282162241815822,-0.22952195425343158,0.38262595127319776,-2.512833058050253,2 days 23:55:04.477611939,false
XMR-USD,false,35,60,135,23.134328358208954,0.6105466948824563,0.18457300275482094,0.0001,0.00003559127439724454,5.578512396694215,11.115702479338843,0.0005578512396694215,-0.815415861712356,0,0,17424,726 days 01:00:00,1000.0,474.539648521795,-52.546035147820504,34.915698157888286,100.0,179.73812224734658,56.11442370698113,635 days 19:00:00,134,1,22.35284210851637,22.464577726885366,-8.721267796798315,4.60586788466824,-2.052926990445588,7 days 01:42:34.838709677,1 days 18:27:22.718446601,-4.088158161094938,-0.5828362835765771,-0.5569511930282491,0.9757189838185313,0.14607194580138097,23.20634690358628,0.9878508342084477,0.39188433580956944,-0.0074878350164304325,None,None,-0.00003065948102611609,-0.1854285412459501,-0.5254603514782001,-0.22796279992898705,0.3828918861477044,-2.504940124932003,2 days 23:53:43.880597013,false
XMR-USD,false,8,23,468,23.126338329764454,0.4096524068721487,0.6432506887052342,0.0001,0.00003557898204579147,19.338842975206614,38.63636363636364,0.0019338842975206614,-3.67243753226968,0,0,17424,726 days 01:00:00,1000.0,69.56798398936644,-93.04320160106336,34.915698157888286,100.0,330.0360258276265,93.38220118128847,725 days 02:00:00,467,1,2.9022826289258035,18.96646464310024,-11.465212964445197,2.0130905782499906,-1.3297977279797357,2 days 00:37:13.333333333,0 days 11:36:26.072423398,-1.9985745152881371,-2.698162672706953,-0.7904633382316082,0.8912872478233301,-0.42677896512171876,36.796552138101625,1.018312923942605,0.3642057464965161,-0.007633162839139221,None,None,-0.00014097495555142792,-0.8526165311750361,-0.930432016010633,-0.6035259582265281,0.3803047772053116,-3.6647956795915504,0 days 20:10:01.284796572,false
XMR-USD,false,12,15,481,23.125,0.39186138120164027,0.6611570247933884,0.0001,0.00003557692307692308,19.87603305785124,39.710743801652896,0.0019876033057851243,-4.201372525956552,0,0,17424,726 days 01:00:00,1000.0,48.7202827103489,-95.12797172896511,34.915698157888286,100.0,331.2183885061463,95.28587958987877,725 days 02:00:00,480,1,0.9801239492494105,14.724388853031185,-11.46521296444521,1.9232076528889226,-1.3742581641607834,1 days 21:10:16.216216216,0 days 11:55:56.097560975,-1.983874669247709,-3.1065501929170924,-0.819726842852028,0.875535210485767,-0.47031227793179936,37.359642773661875,1.0110663883138928,0.359310398627038,-0.007687330976663927,None,None,-0.00016152774740182187,-0.9769198162862187,-0.9512797172896513,-0.6496352128850047,0.3784658569420761,-3.7245043561436972,0 days 19:37:07.499999998,false
XMR-USD,false,20,61,161,23.125,0.5529579946366147,0.22038567493112948,0.0001,0.00003557692307692308,6.652892561983471,13.264462809917356,0.0006652892561983472,-1.1344461241167798,0,0,17424,726 days 01:00:00,1000.0,387.35229990319135,-61.264770009680866,34.915698157888286,100.0,191.41526495811664,64.55068755112701,722 days 11:00:00,160,1,17.576434124282116,21.32200827661489,-7.125563139087604,4.010905401420407,-1.9364793048870381,6 days 00:50:16.216216216,1 days 10:45:51.219512195,-3.938900838881822,-0.8121701468796165,-0.5874928261852222,0.9663589651701301,0.14653292218200595,23.43090109804736,0.9920547445671671,0.3899968091895341,-0.00746192179860531,None,None,-0.00004245886810639636,-0.2567912343074852,-0.6126477000968136,-0.2804900864488319,0.38052161793365225,-2.7546482883613685,2 days 12:13:07.499999998,false
XMR-USD,false,14,88,174,23.121387283236995,0.5104230949262085,0.23829201101928374,0.0001,0.00003557136505113384,7.1900826446281,14.338842975206612,0.00071900826446281,-1.3013304166076338,0,0,17424,726 days 01:00:00,1000.0,345.9172988997366,-65.40827011002635,34.915698157888286,100.0,196.5122573768559,67.6971034529576,722 days 11:00:00,173,1,16.426605500014375,22.165171467728523,-6.070947836557053,3.4590922346868505,-1.8085978134764202,5 days 23:04:29.999999999,1 days 06:00:00,-3.8757763387299287,-0.9347845758564863,-0.6108860431651983,0.9616351679783222,0.10168267927507307,23.033703262087837,0.9882331714042033,0.393108410617205,-0.007555296026784024,None,None,-0.00004892293005847074,-0.29588588099363106,-0.6540827011002632,-0.30819605642858183,0.3809420074905472,-2.873319840670265,2 days 08:08:40.231213872,false
XMR-USD,false,15,81,174,23.121387283236995,0.5052485560057673,0.23829201101928374,0.0001,0.00003557136505113384,7.1900826446281,14.338842975206612,0.00071900826446281,-1.3812168707473762,0,0,17424,726 days 01:00:00,1000.0,328.1473356516699,-67.18526643483301,34.915698157888286,100.0,193.15330252696324,69.57991557708482,722 days 11:00:00,173,1,15.582761676782127,21.246964398202294,-7.1255631390876015,3.5836550264333793,-1.8826050828309153,5 days 23:28:30,1 days 05:44:39.699248120,-3.9736151793359094,-0.9927134700037045,-0.6164076512473549,0.9592385159484782,0.10122176844958339,23.071527249678947,0.9862152665498427,0.39199552644192365,-0.007555296026784003,None,None,-0.000051950934979004527,-0.31419925475301935,-0.6718526643483287,-0.32074389641194045,0.38091440587350966,-2.924213748527158,2 days 08:02:25.664739883,false
XMR-USD,false,16,79,174,23.121387283236995,0.5059147818782118,0.23829201101928374,0.0001,0.00003557136505113384,7.1900826446281,14.338842975206612,0.00071900826446281,-1.3436548286204908,0,0,17424,726 days 01:00:00,1000.0,336.771403393195,-66.3228596606805,34.915698157888286,100.0,191.7150059230465,68.55117729464644,722 days 11:00:00,173,1,15.992293547683119,22.090837561254006,-7.17250568805469,3.588002719309786,-1.8635752339264906,5 days 23:28:30,1 days 05:42:51.428571428,-3.926132313031725,-0.9653635697168788,-0.614721843921931,0.9603088617829539,0.10248553412189201,23.14460814276356,0.9873267257841858,0.39177316293929715,-0.007524405358265791,None,None,-0.000050480779271860004,-0.30530775303620933,-0.6632285966068078,-0.3146002367461619,0.38062130080612017,-2.8995140627224316,2 days 08:01:02.427745663,false
XMR-USD,false,21,55,174,23.121387283236995,0.5067991374521948,0.23829201101928374,0.0001,0.00003557136505113384,7.1900826446281,14.338842975206612,0.00071900826446281,-1.3663603933552744,0,0,17424,726 days 01:00:00,1000.0,331.4614308162213,-66.85385691837787,34.915698157888286,100.0,191.5480152279266,70.25713820431218,722 days 11:00:00,173,1,15.040339259474194,21.32200827661488,-7.125563139087587,3.699949207090865,-1.9029518332787352,5 days 14:54:00,1 days 07:52:19.849624060,-3.951323170192219,-0.9808117335572143,-0.6063491175485513,0.9595502295110534,0.13327185528197952,23.29128245293222,0.9868202114987936,0.3902186053933302,-0.007549268901077637,None,None,-0.00005136040827175617,-0.3106277492275813,-0.6685385691837787,-0.3183706527093668,0.3811542432389391,-2.9147220432501646,2 days 07:41:37.109826589,false
XMR-USD,false,23,47,174,23.121387283236995,0.5097360109537352,0.23829201101928374,0.0001,0.00003557136505113384,7.1900826446281,14.338842975206612,0.00071900826446281,-1.4033358544378924,0,0,17424,726 days 01:00:00,1000.0,323.38453735243615,-67.6615462647564,34.915698157888286,100.0,191.5137381918161,71.30390177770113,722 days 11:00:00,173,1,14.673843472743215,20.754673491149322,-7.125563139087605,3.8068974533861892,-1.9502810700246294,5 days 12:07:30,1 days 08:50:04.511278195,-3.995891942891954,-1.0086120546781152,-0.6073696081474033,0.9584308133909846,0.12019149561139404,23.395953612133344,0.9886021840496546,0.3903295300406926,-0.0075818895986902776,None,None,-0.000052788224572338105,-0.31926318221350086,-0.6766154626475668,-0.3241821295963797,0.38095251537894864,-2.93785459934932,2 days 07:47:30.867052021,false
XMR-USD,false,28,39,174,23.121387283236995,0.5229662880184055,0.23829201101928374,0.0001,0.00003557136505113384,7.1900826446281,14.338842975206612,0.00071900826446281,-1.3659945857428941,0,0,17424,726 days 01:00:00,1000.0,330.7266240580991,-66.92733759419009,34.915698157888286,100.0,192.66443064399294,70.52270331809014,722 days 11:00:00,173,1,15.006996789114737,22.18521442516036,-7.125563139087594,3.9260655245338354,-1.9655490666210627,5 days 11:09:00,1 days 09:12:10.827067669,-3.9553778770578916,-0.9813061585038363,-0.6049734012012821,0.9595381819314108,0.12091039758423253,23.234414562226974,0.9905099965882357,0.3906624102154829,-0.007592921762431055,None,None,-0.000051455101959264756,-0.31120045664963325,-0.6692733759419015,-0.31889551091531165,0.38166458480607973,-2.9168265601204832,2 days 07:50:58.959537571,false
XMR-USD,false,15,19,360,23.119777158774372,0.4402132607600587,0.49449035812672176,0.0001,0.00003556888793657596,14.87603305785124,29.710743801652892,0.001487603305785124,-3.0623352358715468,0,0,17424,726 days 01:00:00,1000.0,105.03285539363958,-89.49671446063604,34.915698157888286,100.0,288.392022232553,89.96349677651546,725 days 03:00:00,359,1,4.381829315652283,19.95302052782692,-11.595387641454272,2.4451342613594296,-1.5220017675986004,2 days 13:43:22.409638554,0 days 15:45:00,-2.5051503451866632,-2.243706011697072,-0.7535245286897441,0.9088501472536722,-0.42736762498893555,36.62322448624125,1.0044068216144533,0.37021310057403484,-0.007641655269443704,None,None,-0.00011731818720799333,-0.7095403962339437,-0.8949671446063612,-0.5425810178421262,0.3805899679368645,-3.5632228247573106,1 days 02:22:43.788300834,false
XMR-USD,false,16,18,360,23.119777158774372,0.4339858975685021,0.49449035812672176,0.0001,0.00003556888793657596,14.87603305785124,29.710743801652892,0.001487603305785124,-3.1078769271290456,0,0,17424,726 days 01:00:00,1000.0,101.9214028053268,-89.80785971946732,34.915698157888286,100.0,286.3220489623116,90.26081425698649,725 days 03:00:00,359,1,4.252023702783504,20.156325661778826,-11.595387641454275,2.430856796982074,-1.5284278935680105,2 days 14:04:20.240963855,0 days 15:37:10.434782608,-2.5134557685165912,-2.2781974596111154,-0.7563966962670404,0.9075086792297786,-0.43101052175658505,36.691655618559864,1.0040110908875566,0.36956692603945607,-0.007640234107482029,None,None,-0.00011905665128711878,-0.7200546269844944,-0.8980785971946741,-0.5473304342564271,0.3803822509162729,-3.572134153335771,1 days 02:21:33.593314762,false
XMR-USD,false,23,42,187,23.118279569892472,0.5158857613098854,0.256198347107438,0.0001,0.000035566583953680724,7.7272727272727275,15.413223140495868,0.0007727272727272728,-1.46738748534526,0,0,17424,726 days 01:00:00,1000.0,310.22071091727435,-68.97792890827257,34.915698157888286,100.0,194.76248768703874,72.4634082065814,722 days 11:00:00,186,1,15.456630481144373,20.680218971042226,-7.125563139087593,3.91220572942529,-1.9515836692158486,5 days 03:58:36.279069767,1 days 06:02:56.223776223,-3.7915909653971536,-1.0543756694438458,-0.6138266120011426,0.9565615852422584,0.12336295067565782,23.397550119443093,0.9906894744840375,0.3886675167357348,-0.007592921762430844,None,None,-0.000055176237807158285,-0.3337058862576933,-0.689779289082725,-0.3338603634181576,0.38090322824956135,-2.9755563413440957,2 days 03:45:48.387096773,false
XMR-USD,false,22,34,226,23.11111111111111,0.48033662261793003,0.30991735537190085,0.0001,0.00003555555555555555,9.338842975206612,18.636363636363637,0.0009338842975206613,-1.854556219886136,0,0,17424,726 days 01:00:00,1000.0,242.65819220652816,-75.73418077934718,34.915698157888286,100.0,222.45116575332864,77.88973003899282,722 days 11:00:00,225,1,12.717695890535879,20.794840878311852,-6.928026011026206,3.336010784801692,-1.782343360440814,4 days 06:13:50.769230769,1 days 01:09:21.849710982,-3.4224866830400327,-1.3309764749580746,-0.6538659486581574,0.9458163465734849,0.21296439771230102,22.89587809088695,0.9992577879763438,0.38756171364867015,-0.0076315217993827,None,None,-0.00006937116507022679,-0.4195568063447316,-0.7573418077934736,-0.38829866772408794,0.3793731174799465,-3.1690581822788793,1 days 18:58:07.999999998,false
XMR-USD,false,24,32,226,23.11111111111111,0.46015228560612187,0.30991735537190085,0.0001,0.00003555555555555555,9.338842975206612,18.636363636363637,0.0009338842975206613,-1.973630649542924,0,0,17424,726 days 01:00:00,1000.0,223.3753667840101,-77.66246332159898,34.915698157888286,100.0,214.90625124598913,79.64672192880286,722 days 11:00:00,225,1,11.707084596501545,20.680218971042226,-6.92802601102621,3.297727272839637,-1.8193851873797966,4 days 08:28:50.769230769,1 days 00:31:12.832369942,-3.503696523611074,-1.418111697762981,-0.6645611332220717,0.9424001748606542,0.20621151762109374,22.733825821576254,0.9962073731788403,0.38778273335457153,-0.007655345219876799,None,None,-0.00007407120971472753,-0.44798267635467215,-0.7766246332159888,-0.4056280980686192,0.38018671963596545,-3.224284989817773,1 days 18:59:59.999999998,false
XMR-USD,false,11,16,490,23.108384458077712,0.3878370153774508,0.6735537190082644,0.0001,0.00003555136070473494,20.24793388429752,40.45454545454545,0.0020247933884297523,-4.182485664560034,0,0,17424,726 days 01:00:00,1000.0,49.51441728380212,-95.04855827161978,34.915698157888286,100.0,331.49663526103257,95.20904001110709,725 days 02:00:00,489,1,0.9960998482193801,14.344903282656961,-11.46521296444519,1.8929924900271455,-1.3460618152000452,1 days 20:47:15.398230088,0 days 11:35:25.531914893,-1.9457703119926695,-3.091798288990703,-0.8185118392931376,0.8761750093697888,-0.46851325233295366,37.45630030158509,1.0126674495363095,0.3596285892634208,-0.007691273309585057,None,None,-0.0001606207622787271,-0.9714343702617415,-0.9504855827161983,-0.6476634837368919,0.3781363906392521,-3.722229921962653,0 days 19:15:42.331288342,false
XMR-USD,false,15,42,252,23.107569721115535,0.4353641375497502,0.34573002754820936,0.0001,0.00003555010726325467,10.413223140495868,20.785123966942148,0.0010413223140495868,-2.317141325320235,0,0,17424,726 days 01:00:00,1000.0,181.48846110149543,-81.85115388985047,34.915698157888286,100.0,226.3284603538703,83.2094283134724,722 days 11:00:00,251,1,8.618358673594628,24.87919777977618,-6.399618215274419,2.9907716760620606,-1.7428455460903207,3 days 20:54:49.655172413,0 days 22:07:27.668393782,-3.2953382373390405,-1.6662858397760927,-0.6921843107834036,0.932646655665127,0.28704979180574425,22.39833755188158,0.9935510456610287,0.3844748132846019,-0.007641628599557621,None,None,-0.00008621441699923652,-0.5214247940113824,-0.8185115388985043,-0.4469610169328426,0.3766069552724423,-3.344250815771196,1 days 14:28:55.458167329,false
XMR-USD,false,9,22,447,23.094170403587444,0.4142780555714655,0.6143250688705234,0.0001,0.00003552949292859607,18.47107438016529,36.900826446280995,0.0018471074380165293,-3.570934191884312,0,0,17424,726 days 01:00:00,1000.0,74.16559844113476,-92.58344015588652,34.915698157888286,100.0,319.30704637018283,92.94484356729669,725 days 02:00:00,446,1,3.094088913838519,19.696810065100617,-11.465212964445186,2.0975600009276905,-1.3681686318723891,2 days 02:29:07.572815533,0 days 12:18:22.040816326,-2.082799305992613,-2.6283243436112613,-0.7849717895239774,0.8939745952560201,-0.4584743506041399,36.709755585661,1.0117792612261156,0.36580968803887753,-0.007650564847992389,None,None,-0.00013730529743488087,-0.8304224388861595,-0.925834401558864,-0.5946208648333877,0.38024742354670604,-3.6516279221233248,0 days 21:07:23.946188339,false
XMR-USD,false,17,21,326,23.076923076923077,0.45894920481690893,0.4476584022038568,0.0001,0.000035502958579881656,13.47107438016529,26.90082644628099,0.001347107438016529,-2.5460797707019123,0,0,17424,726 days 01:00:00,1000.0,159.59539103845486,-84.04046089615451,34.915698157888286,100.0,286.11254488785926,85.05730152641365,722 days 11:00:00,325,1,6.658104842283905,21.3429740344763,-7.903274888121237,2.6823214671808926,-1.506727548970677,2 days 19:33:36,0 days 17:37:40.800000,-2.6063468117040895,-1.8290051738299533,-0.708345472027988,0.9260064483742397,0.3303847947449328,22.405693437815774,1.0162286856495018,0.3705364165486865,-0.00761414927906821,None,None,-0.00009379841758741903,-0.5672928295687103,-0.8404046089615428,-0.47109422407254253,0.3732832666843946,-3.406953471648333,1 days 05:09:02.769230769,false
XMR-USD,false,18,78,157,23.076923076923077,0.5300342997157812,0.21487603305785125,0.0001,0.000035502958579881656,6.487603305785124,12.933884297520661,0.0006487603305785124,-1.1872542868020115,0,0,17424,726 days 01:00:00,1000.0,372.29523553523927,-62.770476446476074,34.915698157888286,100.0,185.52003574945346,65.8257122493282,722 days 11:00:00,156,1,16.893207252944194,22.090837561253995,-7.172505688054696,3.8342425804027,-1.9373393473644682,6 days 11:16:40,1 days 09:54:30,-4.1320382802417,-0.8527830792678127,-0.5947238519503043,0.9648287335279782,0.0932632347088427,23.007364744413664,0.9864484444035283,0.39221796100990736,-0.007523499489008715,None,None,-0.000044679573291191236,-0.2702220592651246,-0.6277047644647649,-0.2903235399246378,0.3813540706575625,-2.7977723419027423,2 days 13:54:59.999999999,false
XMR-USD,false,23,53,170,23.076923076923077,0.5218430703916784,0.2327823691460055,0.0001,0.000035502958579881656,7.024793388429752,14.008264462809917,0.0007024793388429753,-1.2869721057559063,0,0,17424,726 days 01:00:00,1000.0,349.6684796572264,-65.03315203427736,34.915698157888286,100.0,190.05166237867888,69.09755705548253,722 days 11:00:00,169,1,15.866499307140145,21.32200827661488,-7.125563139087615,3.857121704824333,-1.9239931898921026,5 days 18:33:50.769230769,1 days 08:30:27.692307692,-3.9420001162716805,-0.9230620155838889,-0.5938902133193155,0.9618719121253874,0.13658643447508245,23.345006899750164,0.9882353476387437,0.3899968091895341,-0.007524405358265878,None,None,-0.00004830667699536698,-0.2921587824679795,-0.6503315203427744,-0.3056013591237796,0.3809203966708595,-2.8625763042227708,2 days 08:58:56.094674555,false
XMR-USD,false,24,60,157,23.076923076923077,0.5943593476781116,0.21487603305785125,0.0001,0.000035502958579881656,6.487603305785124,12.933884297520661,0.0006487603305785124,-1.0184376598875997,0,0,17424,726 days 01:00:00,1000.0,417.420601381343,-58.2579398618657,34.915698157888286,100.0,198.52928890414978,61.96282802439643,722 days 11:00:00,156,1,18.525460722806088,22.16640331110656,-7.172505688054693,4.312411037707948,-1.976257436096029,6 days 10:30:00,1 days 10:02:29.999999999,-3.8532362778298905,-0.7284528967695258,-0.573659907364961,0.9698137143374906,0.15309393027108836,23.232452823462538,0.9885779308063417,0.39232920495405516,-0.007505915383561968,None,None,-0.000038135547046412435,-0.2306437885367024,-0.5825793986186586,-0.2615757856999271,0.3810539345821204,-2.668531432435466,2 days 13:50:23.076923076,false
XMR-USD,false,24,86,131,23.076923076923077,0.6295150280060865,0.1790633608815427,0.0001,0.000035502958579881656,5.413223140495868,10.78512396694215,0.0005413223140495868,-0.6341966667755585,0,0,17424,726 days 01:00:00,1000.0,531.6861450115928,-46.831385498840724,34.915698157888286,100.0,182.32143691296758,50.89721477104021,635 days 19:00:00,130,1,24.78376096751407,20.693259147012725,-7.677465801481978,4.42297700224279,-1.91183002876691,7 days 07:44:00,1 days 19:36:00,-3.7930585842763156,-0.45513667889358206,-0.5345801914548467,0.9809151207102391,-0.06827602612545414,26.438495387323123,0.9852968735337182,0.3940000000000001,-0.007452411460490872,None,None,-0.00002403289053739508,-0.14535092197016544,-0.46831385498841105,-0.19688378569683496,0.3843457795898469,-2.3412702013595683,3 days 02:05:32.307692307,false
XMR-USD,false,25,33,222,23.076923076923077,0.4722783180307501,0.3044077134986226,0.0001,0.000035502958579881656,9.173553719008265,18.305785123966942,0.0009173553719008264,-1.9109970064274355,0,0,17424,726 days 01:00:00,1000.0,232.482350625727,-76.7517649374273,34.915698157888286,100.0,212.9836317981829,78.81692150278009,722 days 11:00:00,221,1,11.77654715036411,20.680218971042223,-6.9280260110262,3.4069074752639885,-1.8395852874456653,4 days 10:50:35.294117647,1 days 00:46:35.294117647,-3.526218083821887,-1.3711917438930998,-0.6594390215348453,0.9441837383382662,0.21503042912684214,22.608958494452175,0.9991979442163216,0.3864576702737111,-0.0076681971799481274,None,None,-0.0000717389476054667,-0.4338771551178626,-0.7675176493742725,-0.39732680806933396,0.3808156221325112,-3.198202212378997,1 days 19:42:53.755656108,false
XMR-USD,false,27,53,157,23.076923076923077,0.5817836837735681,0.21487603305785125,0.0001,0.000035502958579881656,6.487603305785124,12.933884297520661,0.0006487603305785124,-1.055204456981576,0,0,17424,726 days 01:00:00,1000.0,407.17693476770046,-59.282306523229956,34.915698157888286,100.0,194.87057999909172,62.896275265271626,722 days 11:00:00,156,1,18.070838591362246,22.166403311106546,-7.172505688054695,4.279852601372661,-1.9844019663137031,6 days 08:35:00,1 days 10:28:30,-3.915986562972198,-0.7551838164385027,-0.5778670105764628,0.9686765914581913,0.14222924192217196,23.315567887557776,0.9896487562242402,0.3907734056987789,-0.007505915383561922,None,None,-0.000039551113956084655,-0.2392051372064,-0.592823065232299,-0.2679165170198655,0.3812097411572647,-2.6978697162278187,2 days 13:43:50.769230768,false
XMR-USD,false,38,89,105,23.076923076923077,0.5632305866424991,0.14325068870523416,0.0001,0.000035502958579881656,4.338842975206612,8.636363636363637,0.0004338842975206612,-0.9338930184011669,0,0,17424,726 days 01:00:00,1000.0,434.5760874420089,-56.54239125579911,34.915698157888286,100.0,148.3534045989127,62.41362037266449,635 days 19:00:00,104,1,21.101370038524692,20.42934808058188,-9.1928026688934,4.856412308416727,-2.439184729938757,9 days 04:35:00,2 days 04:30:00,-5.639666178812654,-0.6740555531086498,-0.5483932141812489,0.9716374054955661,-0.14401774959718755,26.704568953270226,0.9776661794696866,0.3840349483717236,-0.007487835016430316,None,None,-0.00003559905390245739,-0.2153030780020623,-0.5654239125579943,-0.25118046480881673,0.3844153397897396,-2.6193974125940493,3 days 19:17:18.461538461,false
XMR-USD,false,41,87,105,23.076923076923077,0.5315140099538663,0.14325068870523416,0.0001,0.000035502958579881656,4.338842975206612,8.636363636363637,0.0004338842975206612,-1.0818152565998462,0,0,17424,726 days 01:00:00,1000.0,394.39496176867135,-60.56050382313286,34.915698157888286,100.0,141.37098678298625,65.32108964123714,635 days 19:00:00,104,1,17.59008558536135,20.19875231380671,-8.593290028177908,4.7929569608220115,-2.5349542400715563,9 days 01:52:30,2 days 05:07:30,-5.992260805929709,-0.7821847987786079,-0.5719164241008104,0.9671481277012792,-0.15798113583893694,26.859811904483433,0.9767834764205942,0.3821686364718014,-0.007482015876363763,None,None,-0.000041219345245585605,-0.24929460004530174,-0.605605038231328,-0.2759762406627151,0.3835744418268207,-2.734477814227833,3 days 19:08:39.230769230,false
XMR-USD,false,41,89,105,23.076923076923077,0.5141620374000939,0.14325068870523416,0.0001,0.000035502958579881656,4.338842975206612,8.636363636363637,0.0004338842975206612,-1.1468945394654153,0,0,17424,726 days 01:00:00,1000.0,376.9182761370164,-62.30817238629837,34.915698157888286,100.0,138.6134066521919,66.78954798295506,635 days 19:00:00,104,1,16.810622291432196,20.198752313806704,-8.593290028177918,4.682226000951043,-2.5614591034646703,9 days 05:22:30,2 days 04:03:00,-6.152811020715532,-0.8302648219124759,-0.5804711778397694,0.9651590538888637,-0.16769639898572464,26.781273277662823,0.9747765823477937,0.3820590101522842,-0.00748994143163194,None,None,-0.000043795989639868416,-0.26487814534192416,-0.6230817238629743,-0.28727713599023064,0.38395086585777954,-2.784531762891915,3 days 19:07:29.999999999,false
XMR-USD,false,44,71,105,23.076923076923077,0.5954999867552854,0.14325068870523416,0.0001,0.000035502958579881656,4.338842975206612,8.636363636363637,0.0004338842975206612,-0.7997984082287583,0,0,17424,726 days 01:00:00,1000.0,478.51125408053633,-52.14887459194637,34.915698157888286,100.0,149.70277455468647,57.55137613322876,635 days 19:00:00,104,1,23.234695446282046,20.401051514359665,-9.192802668893403,5.066981833176851,-2.3836353573945734,9 days 01:37:30,2 days 05:19:30,-5.237725397747552,-0.5754020479085858,-0.5380295515476163,0.9757298712754257,-0.08209223188710069,26.630859091571445,0.9840176120507084,0.38315605651690754,-0.007445281664846075,None,None,-0.000030214646729442337,-0.18273818341966724,-0.5214887459194573,-0.22572620124640308,0.3822117745117211,-2.493565282759918,3 days 19:14:25.384615383,false
XMR-USD,false,54,58,105,23.076923076923077,0.5780902587668765,0.14325068870523416,0.0001,0.000035502958579881656,4.338842975206612,8.636363636363637,0.0004338842975206612,-0.8561258513519809,0,0,17424,726 days 01:00:00,1000.0,460.8947149389867,-53.91052850610133,34.915698157888286,100.0,147.63588803851277,58.66998801950395,635 days 19:00:00,104,1,22.379302980000546,20.23756343674948,-9.192802668893417,4.944775729158071,-2.3954932523457058,9 days 01:22:30,2 days 05:26:15,-5.398890269625131,-0.6165868446146976,-0.549752448216829,0.9740421915689126,-0.09052418939342467,26.62267919104571,0.9813006305870199,0.3835953628712085,-0.007458196364188721,None,None,-0.00003237131204634172,-0.19578169525627473,-0.5391052850610136,-0.23574135715342703,0.38214131354256886,-2.544019777646109,3 days 19:16:09.230769230,false
XMR-USD,false,55,57,105,23.076923076923077,0.5754957858926827,0.14325068870523416,0.0001,0.000035502958579881656,4.338842975206612,8.636363636363637,0.0004338842975206612,-0.8680752436075764,0,0,17424,726 days 01:00:00,1000.0,457.22920418033164,-54.27707958196684,34.915698157888286,100.0,147.13741962801174,58.99868695802377,635 days 19:00:00,104,1,22.201319650651158,20.23756343674948,-9.192802668893409,4.944775729158069,-2.4050607887740516,9 days 01:22:30,2 days 05:27:00,-5.432424187214608,-0.6252357626937746,-0.5512897131338088,0.9736857976493282,-0.09044588074550451,26.614349482467055,0.9811431303988686,0.3835953628712085,-0.007460189988399747,None,None,-0.000032827773101454195,-0.19854237171759498,-0.5427707958196666,-0.23785651695477228,0.382169088217467,-2.5545179516825547,3 days 19:16:43.846153845,false
XMR-USD,false,56,88,92,23.076923076923077,0.5528046858633202,0.12534435261707988,0.0001,0.000035502958579881656,3.8016528925619837,7.56198347107438,0.0003801652892561984,-1.0747734396808966,0,0,17424,726 days 01:00:00,1000.0,399.4541616437672,-60.05458383562329,34.915698157888286,100.0,134.67972088495085,65.79431935598835,630 days 14:00:00,91,1,18.96891525671583,18.192100306263406,-7.193138527540461,5.117111505711432,-2.7860585083588854,10 days 20:05:42.857142857,2 days 09:07:42.857142857,-6.8078544353071315,-0.7772595772786771,-0.5616824904648632,0.9673843380048089,-0.12420888161498013,26.94618600000318,0.9726188838504144,0.3807448494453249,-0.007451445542635771,None,None,-0.00004066432639338271,-0.2459378460271786,-0.6005458383562368,-0.2727660370528223,0.38080745758974144,-2.719988057064113,4 days 07:58:01.318681317,false
XMR-USD,false,5,6,1115,23.070017953321365,0.3875913343763379,1.534435261707989,0.0001,0.0000354923353128021,46.074380165289256,92.10743801652893,0.004607438016528926,-7.364287122931974,0,0,17424,726 days 01:00:00,1000.0,4.7695094811174386,-99.52304905188825,34.915698157888286,100.0,512.2240450057578,99.53565497932195,722 days 11:00:00,1114,1,0.014671243669787337,14.515260847724122,-11.192981014084532,1.4170944453789698,-1.0338480512960682,0 days 18:18:26.614785992,0 days 05:18:12.182030338,-0.8933978112769762,-5.564888968219037,-0.9362850060215575,0.7877008774574407,-0.5028286997970428,35.34267813962029,1.0357263882245225,0.3458716304935506,-0.008066975570617115,None,None,-0.00029443499459199036,-1.7807428472923577,-0.9952304905188832,-0.8436034370977203,0.3851153833795363,-3.8503811838974675,0 days 08:18:12.280071812,false
XMR-USD,false,20,36,231,23.043478260869566,0.47907637348543525,0.3168044077134986,0.0001,0.00003545150501672241,9.545454545454545,19.049586776859506,0.0009545454545454546,-1.9775204781744615,0,0,17424,726 days 01:00:00,1000.0,223.8599623639043,-77.61400376360957,34.915698157888286,100.0,223.86612460263845,79.28938995348874,722 days 11:00:00,230,1,10.630457917820905,25.977214236284247,-6.928026011026198,3.376122295240444,-1.808961591685005,4 days 03:16:58.867924528,1 days 00:58:38.644067796,-3.420741285017029,-1.4213691524350272,-0.6669090010225169,0.9421778369699304,0.20463806799938966,22.99035989998321,0.9966759786308084,0.3865679955438848,-0.0076335428874378915,None,None,-0.0000740183955769327,-0.44766325644928895,-0.7761400376360967,-0.40518086478384563,0.37904495929947163,-3.2228970880845678,1 days 18:05:59.999999998,false
XMR-USD,false,27,35,192,23.036649214659686,0.5303163455143821,0.2630853994490358,0.0001,0.000035440998791784135,7.933884297520661,15.826446280991735,0.0007933884297520662,-1.4247378607748236,0,0,17424,726 days 01:00:00,1000.0,320.9449442660823,-67.90550557339176,34.915698157888286,100.0,201.24152494014268,71.47731897644971,722 days 11:00:00,191,1,15.990961382443516,20.680218971042233,-6.168481229071115,3.9731187953072893,-1.9158016544974323,5 days 01:51:49.090909090,1 days 05:04:29.387755102,-3.638984382808169,-1.0203858749313552,-0.6089097257638939,0.958055844331859,0.2071378703267023,22.691853378817505,0.9935902926564629,0.38899960143483453,-0.007614668757779247,None,None,-0.00005328145482303911,-0.3222462387697405,-0.6790550557339167,-0.32595607201452415,0.3800752420435074,-2.944841694596054,2 days 02:27:00.942408376,false
XMR-USD,false,10,17,496,23.03030303030303,0.38070123994850574,0.6818181818181818,0.0001,0.000035431235431235434,20.49586776859504,40.950413223140494,0.002049586776859504,-4.299409022963163,0,0,17424,726 days 01:00:00,1000.0,45.48122380984796,-95.4518776190152,34.915698157888286,100.0,328.42486324783397,95.59928732938654,725 days 02:00:00,495,1,0.9149626031980489,14.344903282656988,-11.465212964445193,1.8620949605882162,-1.346439500959392,1 days 20:09:28.421052631,0 days 11:29:45.826771653,-1.930169169279495,-3.181548463811856,-0.8248239449238246,0.872755314527776,-0.47515035433068636,37.352190837536476,1.0113571252859304,0.35899235688660114,-0.007703186549122655,None,None,-0.00016546895716924048,-1.0007562529595664,-0.9545187761901515,-0.6579021934678132,0.3785610530760103,-3.7337811544647677,0 days 19:01:05.454545453,false
XMR-USD,false,20,21,305,23.026315789473685,0.44699896447503434,0.418732782369146,0.0001,0.0000354251012145749,12.603305785123966,25.16528925619835,0.0012603305785123967,-2.6338921871466954,0,0,17424,726 days 01:00:00,1000.0,150.35897272220495,-84.9641027277795,34.915698157888286,100.0,261.71603904777294,85.90235669489876,722 days 11:00:00,304,1,6.957377324250871,23.389151865388293,-5.094970469037433,2.762566601144354,-1.6023761930489493,3 days 03:18:51.428571428,0 days 18:11:16.923076923,-2.817757909875149,-1.8920517743597316,-0.7150398995501772,0.9237544192003189,0.34638530689875896,22.334288978104425,1.0117961020108295,0.3728039076656424,-0.0076509134710113745,None,None,-0.00009718380732105446,-0.5877676666777374,-0.8496410272777941,-0.48192591520103856,0.3738684669896647,-3.433406954762097,1 days 07:20:31.578947367,false
XMR-USD,false,22,69,153,23.026315789473685,0.595160103698439,0.209366391184573,0.0001,0.0000354251012145749,6.322314049586777,12.603305785123966,0.0006322314049586777,-0.9053368867891969,0,0,17424,726 days 01:00:00,1000.0,449.61931178607847,-55.03806882139215,34.915698157888286,100.0,198.38946740818378,58.728871441020715,722 days 11:00:00,152,1,19.95446528787545,22.090837561253988,-7.172505688054691,4.132235246625612,-1.8778986746561759,6 days 13:46:17.142857142,1 days 11:14:21.538461538,-3.7522049572486695,-0.6482856608171458,-0.5634757227260154,0.9731180112496222,0.11880544122096838,23.062624439873417,0.9887591756216905,0.39288569144684243,-0.007466933014796132,None,None,-0.00003389850139979465,-0.20501813646595804,-0.5503806882139233,-0.24228337247488496,0.3806028427648321,-2.5763129974520567,2 days 15:27:14.210526314,false
XMR-USD,false,28,76,127,23.015873015873016,0.6280609694095038,0.17355371900826447,0.0001,0.00003540903540903541,5.247933884297521,10.454545454545455,0.0005247933884297522,-0.6212478703734855,0,0,17424,726 days 01:00:00,1000.0,534.8785040847986,-46.51214959152014,34.915698157888286,100.0,174.69607060095242,50.797989503372044,635 days 19:00:00,126,1,27.326275710076402,19.801775246886315,-7.780175558306748,4.562528231417298,-1.9645943700862711,7 days 12:43:26.896551724,1 days 21:24:07.422680412,-3.9083156478196646,-0.4459098881984768,-0.531305493724391,0.9813054970200481,-0.07347039351546004,26.18978593105874,0.9858863832452274,0.39422307569211074,-0.007468588115302554,None,None,-0.00002361603107831769,-0.1428297559616654,-0.4651214959152019,-0.19521337028170405,0.3854941154205882,-2.332127153270511,3 days 04:32:51.428571428,false
XMR-USD,false,21,37,227,23.008849557522122,0.4720205513253416,0.31129476584022037,0.0001,0.000035398230088495574,9.3801652892562,18.71900826446281,0.00093801652892562,-1.9476499909833807,0,0,17424,726 days 01:00:00,1000.0,227.65926579511665,-77.23407342048833,34.915698157888286,100.0,219.42541817005167,79.25638619457533,722 days 11:00:00,226,1,11.931603391245744,20.6802189710422,-6.928026011026192,3.321476285306973,-1.80551867987101,4 days 09:13:50.769230769,1 days 00:05:51.724137931,-3.4702315822837595,-1.3990148848980575,-0.6621352203998105,0.9430979493360722,0.20845122143084902,22.820475582203823,0.9967954070886063,0.3873407643312102,-0.007633542887437708,None,None,-0.00007300399677843523,-0.44152817251597626,-0.7723407342048827,-0.4016962005713246,0.37982386292929254,-3.2120157263141915,1 days 18:45:55.752212388,false
XMR-USD,false,34,86,114,23.008849557522122,0.546486414969791,0.15564738292011018,0.0001,0.000035398230088495574,4.710743801652892,9.3801652892562,0.00047107438016528926,-1.0099021713073164,0,0,17424,726 days 01:00:00,1000.0,412.08104081645274,-58.79189591835473,34.915698157888286,100.0,151.1070188036403,64.01825198996998,635 days 19:00:00,113,1,18.707683864172736,20.40105151435967,-9.192802668893407,4.669073801605126,-2.3551314269076205,8 days 16:43:50.769230769,1 days 23:08:57.931034482,-5.3683773721037165,-0.7301537231445152,-0.5617368065026642,0.9693197736531138,-0.17030048536037562,26.746729867401413,0.9791169413323643,0.3854655323209032,-0.00746192179860523,None,None,-0.000038614558281317666,-0.23354084848540924,-0.5879189591835449,-0.26486808433426134,0.38494147978769283,-2.683824154181269,3 days 12:19:38.761061945,false
XMR-USD,false,37,74,114,23.008849557522122,0.5953271082361754,0.15564738292011018,0.0001,0.000035398230088495574,4.710743801652892,9.3801652892562,0.00047107438016528926,-0.8208477303058085,0,0,17424,726 days 01:00:00,1000.0,470.01861323365006,-52.998138676635,34.915698157888286,100.0,159.19153825694173,58.46047690289,635 days 19:00:00,113,1,21.33793782220755,20.31978993118437,-8.039372144347567,4.8774955535254065,-2.264133033523312,8 days 17:39:13.846153846,1 days 23:11:43.448275862,-4.8789320760049275,-0.590702358271071,-0.5402461516586913,0.9751999434488886,-0.09237290317703743,26.3392438154021,0.9850281617189416,0.3870094722598106,-0.007446826610916508,None,None,-0.000031143742825945425,-0.18835735661131792,-0.5299813867663494,-0.23052373390222392,0.38376029923988014,-2.517888556516275,3 days 12:34:30.796460176,false
XMR-USD,false,41,71,114,23.008849557522122,0.5562630147694767,0.15564738292011018,0.0001,0.000035398230088495574,4.710743801652892,9.3801652892562,0.00047107438016528926,-0.9804078446234636,0,0,17424,726 days 01:00:00,1000.0,421.9156873074372,-57.808431269256275,34.915698157888286,100.0,154.6396677830522,62.6668387193283,635 days 19:00:00,113,1,19.154157832265867,20.755148066145253,-9.192802668893416,4.654644385789591,-2.3250584397475142,8 days 21:11:32.307692307,1 days 21:57:14.482758620,-5.285296199334757,-0.7071022031567689,-0.5616619946603975,0.9703468204465576,-0.10957363501603543,26.31327988323248,0.9821534738609417,0.38557569974554706,-0.00746829432447529,None,None,-0.00003731581722335247,-0.22568606256683574,-0.5780843126925679,-0.2588254316054608,0.38412158402399044,-2.6556573208946697,3 days 12:26:01.061946901,false
XMR-USD,false,42,70,114,23.008849557522122,0.5524866156527067,0.15564738292011018,0.0001,0.000035398230088495574,4.710743801652892,9.3801652892562,0.00047107438016528926,-0.9970079558129021,0,0,17424,726 days 01:00:00,1000.0,417.38911024797653,-58.26108897520235,34.915698157888286,100.0,154.22159048900568,62.918723455398705,635 days 19:00:00,113,1,18.948659970856284,20.23917047314162,-9.192802668893407,4.636087357019262,-2.332778882227744,8 days 21:04:36.923076923,1 days 21:55:10.344827586,-5.323535838255569,-0.7190830519848446,-0.5649834075617249,0.969846121337846,-0.10883598618403205,26.33436573176456,0.9820567742587164,0.3851351351351352,-0.007468294324475319,None,None,-0.00003794002201779702,-0.2294612531636364,-0.5826108897520308,-0.2615951218511313,0.38404000785127984,-2.6686216243406204,3 days 12:22:49.911504423,false
XMR-USD,false,8,18,540,23.00556586270872,0.37470718693088084,0.7424242424242424,0.0001,0.000035393178250321104,22.31404958677686,44.586776859504134,0.002231404958677686,-4.5625968363222755,0,0,17424,726 days 01:00:00,1000.0,37.55074234438905,-96.24492576556109,34.915698157888286,100.0,350.8916377812843,96.39349609239405,725 days 02:00:00,539,1,0.7554221740181291,14.34490328265698,-11.80539683729651,1.7343221996401565,-1.2893340061311056,1 days 16:47:25.161290322,0 days 10:26:18.795180722,-1.7870216694427297,-3.3740495923695057,-0.8381746412098918,0.8652660685847358,-0.4230790552019217,37.04918348640123,1.0146061210068427,0.3568758760317707,-0.00772943615236674,None,None,-0.00017634726577525002,-1.066548263408712,-0.9624492576556116,-0.6799131132402441,0.3804303993065525,-3.756494380560369,0 days 17:25:16.141001853,false
XMR-USD,false,5,7,1053,23.00380228136882,0.3452120545788305,1.4490358126721763,0.0001,0.000035390465048259726,43.51239669421488,86.98347107438016,0.004351239669421488,-7.2069310846496215,0,0,17424,726 days 01:00:00,1000.0,5.223988669568712,-99.47760113304312,34.915698157888286,100.0,462.48648574757726,99.49931778617027,722 days 11:00:00,1052,1,0.016069243808590095,12.286252538755036,-11.19298101408452,1.4035923582061967,-1.0531994755074265,0 days 19:20:19.834710743,0 days 05:40:40,-0.9456198484546028,-5.443059119136653,-0.9334242124141018,0.7918377338637416,-0.5257935196169923,35.096844524895054,1.033699817232658,0.3462875685698833,-0.008010485732286304,None,None,-0.0002891158537682787,-1.7485726835905495,-0.9947760113304315,-0.8385838231527984,0.3866222108544625,-3.8490795367518307,0 days 08:49:13.231939163,false
XMR-USD,false,43,85,101,23.0,0.5294405759797712,0.13774104683195593,0.0001,0.00003538461538461539,4.1735537190082646,8.305785123966942,0.0004173553719008265,-1.0842949604604308,0,0,17424,726 days 01:00:00,1000.0,393.27649914841027,-60.672350085158975,34.915698157888286,100.0,136.7783251363176,65.80129546654565,635 days 19:00:00,100,1,17.54020195316133,20.198752313806708,-8.593290028177913,4.908637804589321,-2.6114060123719316,9 days 07:10:26.086956521,2 days 08:23:22.597402597,-6.242637028047513,-0.7846402394585571,-0.5691008638769888,0.967025498028824,-0.1680554009529972,26.836675145174464,0.9746509325432656,0.38227828018403937,-0.0074773548983021595,None,None,-0.000041369613336351295,-0.25020342145825264,-0.6067235008515874,-0.2766895607276867,0.3837680623472747,-2.7376811373153553,3 days 22:44:59.999999998,false
XMR-USD,false,44,83,101,23.0,0.5349792646571324,0.13774104683195593,0.0001,0.00003538461538461539,4.1735537190082646,8.305785123966942,0.0004173553719008265,-1.075012978294505,0,0,17424,726 days 01:00:00,1000.0,396.2124182740025,-60.378758172599746,34.915698157888286,100.0,137.1302844110121,65.5459925666072,635 days 19:00:00,100,1,17.671144469412752,20.198752313806708,-8.593290028177906,4.960334419854267,-2.614120365518693,9 days 07:00:00,2 days 08:21:02.337662337,-6.21458726195411,-0.7775821938476172,-0.5677425596207863,0.9673121887399272,-0.16303977768196307,26.902803755964634,0.9755506182659615,0.38173023550868285,-0.007482015876363767,None,None,-0.00004096331612923366,-0.24774613594960518,-0.6037875817259999,-0.27481993593317733,0.38344823624872754,-2.729272543815904,3 days 22:40:47.999999999,false
XMR-USD,false,45,78,101,23.0,0.5531653996186344,0.13774104683195593,0.0001,0.00003538461538461539,4.1735537190082646,8.305785123966942,0.0004173553719008265,-0.9961640516581837,0,0,17424,726 days 01:00:00,1000.0,417.37387803916477,-58.262612196083516,34.915698157888286,100.0,139.72547585644946,63.87221396487689,635 days 19:00:00,100,1,18.6149493464099,20.217563635414507,-8.593290028177927,5.089474854504092,-2.583865054051989,9 days 05:33:54.782608695,2 days 08:47:31.948051948,-6.012410713072448,-0.7197440130751028,-0.5565677944897065,0.9696966805150558,-0.1522911745628625,26.841623383784754,0.9765397039973095,0.3821686364718014,-0.007487835016430437,None,None,-0.000037953833718241424,-0.22954478632792413,-0.5826261219608373,-0.2616044750570843,0.38382701084020604,-2.668665250015074,3 days 22:41:23.999999998,false
XMR-USD,false,45,84,101,23.0,0.5336881611065376,0.13774104683195593,0.0001,0.00003538461538461539,4.1735537190082646,8.305785123966942,0.0004173553719008265,-1.0616782288493891,0,0,17424,726 days 01:00:00,1000.0,399.1503251807528,-60.08496748192472,34.915698157888286,100.0,137.71108164542733,65.27953868991852,635 days 19:00:00,100,1,17.802175641058056,20.04500434392254,-8.593290028177908,4.878889909127712,-2.585618504803175,9 days 05:41:44.347826086,2 days 08:46:45.194805194,-6.186518504603046,-0.7683037381190182,-0.5664811656369072,0.9676970269578945,-0.16935447078998944,26.8185100260705,0.9749276398616911,0.3821686364718014,-0.007488437220127314,None,None,-0.000040514860025009506,-0.2450338734312575,-0.6008496748192458,-0.2729580780545384,0.38383037552979554,-2.7208582572292084,3 days 22:42:35.999999998,false
XMR-USD,false,45,88,101,23.0,0.5243408287862975,0.13774104683195593,0.0001,0.00003538461538461539,4.1735537190082646,8.305785123966942,0.0004173553719008265,-1.159874171397926,0,0,17424,726 days 01:00:00,1000.0,372.8599268018651,-62.71400731981349,34.915698157888286,100.0,135.91056155450687,67.86869375353194,635 days 19:00:00,100,1,16.629619187790922,19.592312599254903,-8.735543285074742,4.900868811184401,-2.6771725707465435,10 days 00:05:13.043478260,2 days 03:31:56.883116883,-6.437696923859262,-0.8409306360258424,-0.5761380586927506,0.964741852577612,-0.18560125479236367,26.722720249133403,0.9709337775113398,0.38348551012306464,-0.007517332111407953,None,None,-0.00004439594453034491,-0.26850667251952604,-0.6271400731981398,-0.28995011090195677,0.3842740608499485,-2.7961550428183233,3 days 22:53:59.999999998,false
XMR-USD,false,46,77,101,23.0,0.5570069710532543,0.13774104683195593,0.0001,0.00003538461538461539,4.1735537190082646,8.305785123966942,0.0004173553719008265,-0.986584380634887,0,0,17424,726 days 01:00:00,1000.0,420.0031600152063,-57.99968399847937,34.915698157888286,100.0,140.43448181319545,63.59958385255449,635 days 19:00:00,100,1,18.732215791141357,20.217563635414482,-8.593290028177893,5.111484047844429,-2.5821331395248364,9 days 05:33:54.782608695,2 days 08:45:58.441558441,-5.987290557759348,-0.7128276971337355,-0.555749274852036,0.9699849191757831,-0.1526186450162033,26.833681411861747,0.9760234225115945,0.38227828018403937,-0.007489941431631854,None,None,-0.00003759174726564064,-0.2273548874625946,-0.5799968399847952,-0.2599932768059705,0.38385384086027935,-2.6611348779625037,3 days 22:40:11.999999998,false
XMR-USD,false,46,80,101,23.0,0.5395753976578879,0.13774104683195593,0.0001,0.00003538461538461539,4.1735537190082646,8.305785123966942,0.0004173553719008265,-1.0538788568940793,0,0,17424,726 days 01:00:00,1000.0,401.79183328308386,-59.82081667169161,34.915698157888286,100.0,137.76213262960675,65.04094686912896,635 days 19:00:00,100,1,17.919987373201025,20.429348080581875,-8.593290028177902,4.985422063960211,-2.603106819189875,9 days 06:57:23.478260869,2 days 08:26:29.610389610,-6.161281540901176,-0.762215345617237,-0.5653408956956525,0.9679547222787951,-0.16310926769155265,26.889995298629163,0.9765971751562839,0.3819494012213498,-0.007482015876363822,None,None,-0.000040158190722373405,-0.24287673748891436,-0.598208166716917,-0.2712916827082902,0.3834903095239905,-2.713292869046546,3 days 22:44:23.999999998,false
XMR-USD,false,48,77,101,23.0,0.5503210086764616,0.13774104683195593,0.0001,0.00003538461538461539,4.1735537190082646,8.305785123966942,0.0004173553719008265,-0.9941364736185946,0,0,17424,726 days 01:00:00,1000.0,418.29726854848514,-58.170273145151484,34.915698157888286,100.0,139.27545544924402,63.47933529555089,635 days 19:00:00,100,1,18.65613272769548,20.429348080581878,-8.593290028177904,5.0046025217778105,-2.5577911624664966,9 days 06:44:20.869565217,2 days 08:24:09.350649350,-6.003588641792104,-0.7181908620380916,-0.5588838147637301,0.9697495156056419,-0.15216670549112532,26.922021149890522,0.9772013810422787,0.3818398096748612,-0.007468294324475395,None,None,-0.0000378446047375377,-0.22888416945262802,-0.5817027314515145,-0.2610378773731782,0.3835500493483865,-2.6660206215011466,3 days 22:39:35.999999998,false
XMR-USD,false,22,43,188,22.994652406417114,0.5344523170419267,0.25757575757575757,0.0001,0.0000353763883175648,7.768595041322314,15.495867768595042,0.0007768595041322315,-1.4253842422347476,0,0,17424,726 days 01:00:00,1000.0,321.6065579592422,-67.83934420407579,34.915698157888286,100.0,200.04452379262875,70.73956850171317,722 days 11:00:00,187,1,16.02392603637071,20.680218971042216,-6.168481229071121,4.0066307847530425,-1.9371636180737661,5 days 03:46:02.790697674,1 days 05:53:45,-3.713461861375018,-1.0209311271846253,-0.614433139044212,0.958030356907764,0.2077267709739837,22.83311520577796,0.9934110430471556,0.3883355907895786,-0.007587215347123408,None,None,-0.00005320861380964608,-0.32180569632073946,-0.6783934420407598,-0.32547411411074867,0.3793529310257133,-2.9429468056834276,2 days 03:28:52.620320854,false
XMR-USD,false,20,56,175,22.988505747126435,0.48932108715518163,0.2396694214876033,0.0001,0.000035366931918656054,7.231404958677686,14.421487603305785,0.0007231404958677687,-1.4373541585641674,0,0,17424,726 days 01:00:00,1000.0,316.29917696360724,-68.37008230363928,34.915698157888286,100.0,190.78369212226713,71.40034621644938,722 days 11:00:00,174,1,14.352339327415734,21.32200827661488,-7.125563139087605,3.6251039690890554,-1.9017409042356097,5 days 12:46:30,1 days 08:17:54.626865671,-4.0117997837000505,-1.0332759444460846,-0.6153431174045092,0.9574410324616304,0.12017423146559819,23.356820298986243,0.9860272064369665,0.39010769844435583,-0.0075492689010775,None,None,-0.00005406551484373583,-0.3269882337749143,-0.6837008230363887,-0.32935872768830765,0.3808570231211964,-2.958147363815289,2 days 07:23:47.586206895,false
XMR-USD,false,27,40,175,22.988505747126435,0.517462677216919,0.2396694214876033,0.0001,0.000035366931918656054,7.231404958677686,14.421487603305785,0.0007231404958677687,-1.3965164453625534,0,0,17424,726 days 01:00:00,1000.0,323.9342783566301,-67.60657216433698,34.915698157888286,100.0,192.25410717495413,70.98302987326993,722 days 11:00:00,174,1,14.698788429951605,20.680218971042223,-7.125563139087587,3.8796762879404945,-1.9546180217386675,5 days 11:01:30,1 days 08:58:39.402985074,-3.969910977432888,-1.0035446994947337,-0.6094328950198235,0.9586454329758631,0.11614021333524782,23.275342675823897,0.989392589865996,0.3906624102154829,-0.007595606630086774,None,None,-0.000052638015214637486,-0.31835471601812754,-0.6760657216433723,-0.32378359439271076,0.3817866411219136,-2.936280118433291,2 days 07:31:02.068965516,false
XMR-USD,false,32,34,175,22.988505747126435,0.5256459195053924,0.2396694214876033,0.0001,0.000035366931918656054,7.231404958677686,14.421487603305785,0.0007231404958677687,-1.3452401077414855,0,0,17424,726 days 01:00:00,1000.0,335.0363675105218,-66.49636324894782,34.915698157888286,100.0,194.9821184558302,70.85942268679506,722 days 11:00:00,174,1,15.202554997760842,22.185214425160385,-7.125563139087594,3.910813974353579,-1.9370185341355441,5 days 11:01:30,1 days 09:03:34.925373134,-3.909001077512875,-0.9662493947002861,-0.5968148803552253,0.9601885928414922,0.12070042555945047,23.17232448139786,0.9895581460483084,0.3916620078268509,-0.007595606630086818,None,None,-0.000050697145187265496,-0.3066163340925817,-0.6649636324894801,-0.31582792499850554,0.38190224721024996,-2.9044832770707383,2 days 07:34:49.655172412,false
XMR-USD,false,16,84,162,22.981366459627328,0.5061534353396346,0.22176308539944903,0.0001,0.000035355948399426656,6.694214876033058,13.347107438016529,0.0006694214876033058,-1.2805737566349038,0,0,17424,726 days 01:00:00,1000.0,349.50477655035434,-65.04952234496456,34.915698157888286,100.0,184.3588226676951,67.36209297565192,722 days 11:00:00,161,1,16.596964369877924,22.165171467728534,-7.172505688054698,3.6518119629972285,-1.9049815135021988,6 days 11:37:17.837837837,1 days 07:49:21.290322580,-4.1434297380094645,-0.9206153692740922,-0.6093967742812805,0.9621202686030463,0.08872194362962164,22.924639338752634,0.9877951016010076,0.39221796100990736,-0.007536886087186848,None,None,-0.00004828079815492592,-0.29200226724099193,-0.6504952234496468,-0.3057142125327299,0.3817281296316626,-2.863045156674558,2 days 12:16:23.850931676,false
XMR-USD,false,20,62,162,22.981366459627328,0.5441016732679762,0.22176308539944903,0.0001,0.000035355948399426656,6.694214876033058,13.347107438016529,0.0006694214876033058,-1.2229465186286124,0,0,17424,726 days 01:00:00,1000.0,364.4237552436773,-63.55762447563227,34.915698157888286,100.0,193.38402172424477,66.64903870029057,722 days 11:00:00,161,1,16.53603226046374,21.246964398202287,-7.1255631390876,3.9625331426072607,-1.9555216052481026,6 days 03:08:06.486486486,1 days 09:51:46.451612903,-4.050386813768867,-0.87671990894913,-0.5971333544326646,0.9637478693348313,0.13083577318791242,23.356072210279844,0.9911483507906605,0.3899968091895341,-0.007487835016430429,None,None,-0.00004591636873143981,-0.277702198087748,-0.6355762447563206,-0.29556787988123734,0.38121028588687395,-2.8203165862021606,2 days 11:53:39.875776396,false
XMR-USD,false,16,44,236,22.97872340425532,0.4713630811770172,0.3236914600550964,0.0001,0.0000353518821603928,9.75206611570248,19.462809917355372,0.0009752066115702481,-2.019037281078208,0,0,17424,726 days 01:00:00,1000.0,220.11810826186502,-77.9881891738135,34.915698157888286,100.0,225.12764332280335,79.5961533383125,722 days 11:00:00,235,1,10.452768159695779,25.977214236284237,-6.928026011026217,3.327981234910446,-1.7827914266825777,4 days 05:55:33.333333333,0 days 23:02:39.116022099,-3.3631262123311867,-1.4482796295704448,-0.6693342734302227,0.9412691537678921,0.292204333352221,22.21278059056679,0.9963300064290807,0.38623707239459026,-0.007631521799382655,None,None,-0.00007509207586455768,-0.45415687482884487,-0.779881891738137,-0.4086507866981356,0.37739803302066804,-3.2336139126060726,1 days 17:10:12.765957445,false
XMR-USD,false,20,73,149,22.972972972972975,0.5983382126814393,0.20385674931129477,0.0001,0.00003534303534303535,6.15702479338843,12.272727272727273,0.000615702479338843,-0.907912353223717,0,0,17424,726 days 01:00:00,1000.0,449.0301806521195,-55.09698193478805,34.915698157888286,100.0,193.45935714465318,59.011367082975056,635 days 19:00:00,148,1,19.928319176143987,22.090837561254002,-7.1725056880546925,4.244315785742195,-1.9274412310152416,6 days 15:24:42.352941176,1 days 13:07:53.684210526,-3.8574198548920586,-0.6501516607057227,-0.5615253886761725,0.9730547485985949,0.11557962900284864,23.136810226234314,0.9886885344719486,0.393108410617205,-0.007468294324475341,None,None,-0.000033982891060342754,-0.20552852513295297,-0.5509698193478845,-0.24262811804648776,0.38045525872839575,-2.5780002933248043,2 days 17:13:22.702702701,false
XMR-USD,false,77,86,75,22.972972972972975,0.5969330922507602,0.10192837465564739,0.0001,0.00003534303534303535,3.0991735537190084,6.15702479338843,0.00030991735537190085,-0.8563122997729667,0,0,17424,726 days 01:00:00,1000.0,453.3471559034251,-54.66528440965749,34.915698157888286,100.0,120.98408460849421,59.06498049336749,630 days 14:00:00,74,1,18.913032978683646,34.6112695324702,-10.76629470190215,6.321385666078509,-3.127101694785501,12 days 22:52:56.470588235,3 days 00:54:44.210526315,-7.64278212263863,-0.6241084096578841,-0.5555573488322153,0.9735170885016989,-0.41954891276884404,30.171797935237613,0.9652344156175825,0.38227828018403937,-0.007458196364188605,None,None,-0.0000330755595717411,-0.20004098428989017,-0.5466528440965744,-0.24010873502273478,0.3857492674895086,-2.565636298104705,5 days 07:34:51.891891891,false
XMR-USD,false,78,85,75,22.972972972972975,0.5984300646429389,0.10192837465564739,0.0001,0.00003534303534303535,3.0991735537190084,6.15702479338843,0.00030991735537190085,-0.8504076850015697,0,0,17424,726 days 01:00:00,1000.0,455.1651554115408,-54.48348445884592,34.915698157888286,100.0,121.02580737351582,58.90082407513771,630 days 14:00:00,74,1,18.9888774704919,34.6112695324702,-10.766294701902158,6.345272146094833,-3.1271016947855,12 days 22:49:24.705882352,3 days 00:54:44.210526315,-7.619239487283126,-0.6197945657326333,-0.5548083769357278,0.9736957923022809,-0.4196813678939886,30.174280484111677,0.9652095455131773,0.38227828018403937,-0.007458196364188605,None,None,-0.00003284633985748099,-0.19865466345804503,-0.5448348445884581,-0.2390524390077703,0.38574220830344447,-2.560429472510399,5 days 07:34:03.243243242,false
XMR-USD,false,79,84,75,22.972972972972975,0.5952317556083037,0.10192837465564739,0.0001,0.00003534303534303535,3.0991735537190084,6.15702479338843,0.00030991735537190085,-0.862590806572519,0,0,17424,726 days 01:00:00,1000.0,451.38536632117984,-54.86146336788201,34.915698157888286,100.0,120.26789631420722,59.22195077806253,630 days 14:00:00,74,1,18.831189758574965,34.61126953247021,-10.766294701902162,6.345272146094831,-3.141447353356288,12 days 22:49:24.705882352,3 days 00:54:44.210526315,-7.668186803208041,-0.628722262152189,-0.5565555037852926,0.9733252055948054,-0.41958955800470693,30.16230948834366,0.9652444649921078,0.3821686364718014,-0.007460189988399773,None,None,-0.00003332257535014958,-0.20153493571770467,-0.5486146336788214,-0.24125168317897583,0.3857781842350929,-2.571254944403496,5 days 07:34:03.243243242,false
XMR-USD,false,80,83,75,22.972972972972975,0.595901030980409,0.10192837465564739,0.0001,0.00003534303534303535,3.0991735537190084,6.15702479338843,0.00030991735537190085,-0.8596711832390964,0,0,17424,726 days 01:00:00,1000.0,452.28871036935175,-54.77112896306483,34.915698157888286,100.0,120.27940277913704,59.1403428864268,630 days 14:00:00,74,1,18.868876056044144,34.61126953247021,-10.766294701902162,6.357373608757968,-3.141447353356288,12 days 22:52:56.470588235,3 days 00:54:44.210526315,-7.656488725495848,-0.6265808800151009,-0.5561835892890219,0.9734154146198705,-0.41955167039992775,30.16482511924014,0.9651336067760402,0.38227828018403937,-0.007460189988399773,None,None,-0.00003320837333736923,-0.2008442419444091,-0.5477112896306493,-0.24072498849852753,0.38576996251561213,-2.5686677297813314,5 days 07:34:51.891891891,false
XMR-USD,false,4,9,1046,22.966507177033492,0.3320997987950659,1.4393939393939394,0.0001,0.00003533308796466691,43.22314049586777,86.40495867768595,0.004322314049586777,-7.4562739386625045,0,0,17424,726 days 01:00:00,1000.0,4.229081236418438,-99.57709187635815,34.915698157888286,100.0,449.6930104220029,99.59467259792305,722 days 11:00:00,1045,1,0.013008860044092074,11.654185052420734,-11.192981014084522,1.3441667404661934,-1.0652257653779746,0 days 19:58:45,0 days 05:34:21.614906832,-0.9529032800226059,-5.65613747024958,-0.9397393883831089,0.7846443794945689,-0.5921743036296271,34.6571459653324,1.028693537583058,0.3449367088607595,-0.008068142721674543,None,None,-0.0003011730818941318,-1.8214947992957091,-0.9957709187635818,-0.8499971102943009,0.3875735591326536,-3.851928992686097,0 days 08:52:52.822966506,false
XMR-USD,false,10,33,345,22.96511627906977,0.4515792175591779,0.4738292011019284,0.0001,0.0000353309481216458,14.25619834710744,28.47107438016529,0.001425619834710744,-2.6443803236218724,0,0,17424,726 days 01:00:00,1000.0,149.0489142189723,-85.09510857810277,34.915698157888286,100.0,295.56857766044016,85.9247832499634,722 days 11:00:00,344,1,6.896758585250296,21.418077287554794,-6.189806240950003,2.5265755450142144,-1.4428698728653249,2 days 20:19:44.810126582,0 days 15:28:58.867924528,-2.493743733622904,-1.8998345770548652,-0.7168240595785474,0.9233567221244197,0.3332934356839995,22.380443192266153,1.0171778962606823,0.37193921738445795,-0.00761414927906827,None,None,-0.00009766596363871407,-0.5906837480869427,-0.8509510857810281,-0.483497116008489,0.3741841576366284,-3.4371590163628953,1 days 03:37:09.069767441,false
XMR-USD,false,24,83,136,22.962962962962962,0.5964238068324372,0.1859504132231405,0.0001,0.000035327635327635325,5.619834710743802,11.198347107438018,0.0005619834710743802,-0.7428618010798194,0,0,17424,726 days 01:00:00,1000.0,496.1868724117552,-50.38131275882448,34.915698157888286,100.0,184.33305738412932,53.5885783394767,722 days 12:00:00,135,1,23.12901503348968,19.593689177557692,-7.677465801481982,4.089788431161387,-1.8580046679520008,7 days 00:34:50.322580645,1 days 18:22:30,-3.9032751305313678,-0.5329448109823174,-0.5541088495790119,0.9777067882762679,-0.05065575695872527,26.537273859138722,0.9864558423100597,0.393108410617205,-0.007452411460490815,None,None,-0.000028065168978758544,-0.16973814198353168,-0.5038131275882463,-0.21591657693335986,0.3833040143913894,-2.442941582637154,2 days 23:21:19.999999999,false
XMR-USD,false,26,72,136,22.962962962962962,0.6225587557682718,0.1859504132231405,0.0001,0.000035327635327635325,5.619834710743802,11.198347107438018,0.0005619834710743802,-0.6857500600288479,0,0,17424,726 days 01:00:00,1000.0,518.169358460289,-48.1830641539711,34.915698157888286,100.0,181.73594764828007,55.80342038187709,635 days 19:00:00,135,1,24.153696012691682,22.46457772688537,-7.677465801481972,4.5433585142170125,-1.9396673913106381,6 days 22:52:15.483870967,1 days 19:01:09.230769230,-3.748032130017802,-0.4897339035450362,-0.5043581964619536,0.9796105272481316,0.14648544419390663,23.13343367965056,0.9871658753373191,0.39422307569211074,-0.007466933014796083,None,None,-0.000025684635929134726,-0.15534067809940683,-0.48183064153970856,-0.20402999791766196,0.38174309288897085,-2.3799828356886343,2 days 23:27:33.333333332,false
XMR-USD,false,30,65,136,22.962962962962962,0.6268904905815903,0.1859504132231405,0.0001,0.000035327635327635325,5.619834710743802,11.198347107438018,0.0005619834710743802,-0.7359872414670235,0,0,17424,726 days 01:00:00,1000.0,500.18448352792535,-49.98155164720747,34.915698157888286,100.0,185.6334965875805,54.84925747720663,635 days 19:00:00,135,1,23.315357745771735,22.464577726885366,-7.6774658014819845,4.619482053284154,-1.9908583317527782,6 days 23:56:07.741935483,1 days 18:30:00,-3.8750435127247913,-0.5255938458061303,-0.5361916388718596,0.9780776805543584,0.1489595688696175,23.232860997367293,0.989840131258131,0.39188433580956944,-0.007468588115302585,None,None,-0.00002764349254376121,-0.1671878429046678,-0.49981551647207945,-0.2137297327740305,0.38282525887163654,-2.4314922594757125,2 days 23:18:13.333333332,false
XMR-USD,false,30,66,136,22.962962962962962,0.631089543339091,0.1859504132231405,0.0001,0.000035327635327635325,5.619834710743802,11.198347107438018,0.0005619834710743802,-0.7216812486114089,0,0,17424,726 days 01:00:00,1000.0,504.9273582615464,-49.507264173845364,34.915698157888286,100.0,184.52697042044224,54.31802488039258,635 days 19:00:00,135,1,23.536439816086727,22.46457772688536,-7.6774658014819765,4.683867685940269,-1.9991694032863137,7 days 01:21:17.419354838,1 days 18:06:55.384615384,-3.8415487522558562,-0.515136718184517,-0.5352551182925809,0.9785144725209831,0.15262854536447404,23.213912524461755,0.9914815348479695,0.39177316293929715,-0.007468588115302575,None,None,-0.00002709801874177318,-0.1638888173502442,-0.4950726417384581,-0.21114995184138008,0.3828890763365831,-2.4179084705674287,2 days 23:19:59.999999998,false
XMR-USD,false,31,63,136,22.962962962962962,0.6207276837420864,0.1859504132231405,0.0001,0.000035327635327635325,5.619834710743802,11.198347107438018,0.0005619834710743802,-0.7581623793325233,0,0,17424,726 days 01:00:00,1000.0,493.1009499993917,-50.68990500006083,34.915698157888286,100.0,182.99715097335968,55.54361201183373,635 days 19:00:00,135,1,22.98516933777273,22.464577726885377,-8.721267796798326,4.628902078320464,-2.0063577144102474,6 days 23:42:34.838709677,1 days 18:38:04.615384615,-3.925068291395422,-0.5414611498224351,-0.5385689510611781,0.9774229818230351,0.1505012438761145,23.249803883153497,0.9897702159047468,0.3921067348406168,-0.007468294324475412,None,None,-0.000028469394916539413,-0.17218290045523038,-0.5068990500006093,-0.21761257319909055,0.3827091802296205,-2.451779791738427,2 days 23:21:19.999999998,false
XMR-USD,false,31,65,136,22.962962962962962,0.6154309466064287,0.1859504132231405,0.0001,0.000035327635327635325,5.619834710743802,11.198347107438018,0.0005619834710743802,-0.790403519034107,0,0,17424,726 days 01:00:00,1000.0,482.4800157075106,-51.75199842924895,34.915698157888286,100.0,182.84612061880682,56.17514899807667,635 days 19:00:00,135,1,24.649302286665034,22.464577726885356,-7.677465801481981,4.595347787941676,-2.0223740248022404,7 days 00:56:07.741935483,1 days 18:19:02.307692307,-4.016068789475226,-0.5646457630760954,-0.5460970172330731,0.9764791733176179,0.14913542391395282,23.21187727371974,0.9890134414347781,0.3921067348406168,-0.007468588115302642,None,None,-0.000029705196556015907,-0.1796570287707842,-0.5175199842924896,-0.2235032789779584,0.3829255114161642,-2.4821985857257434,2 days 23:23:33.333333332,false
XMR-USD,false,32,63,136,22.962962962962962,0.6112610414278513,0.1859504132231405,0.0001,0.000035327635327635325,5.619834710743802,11.198347107438018,0.0005619834710743802,-0.8194565569062819,0,0,17424,726 days 01:00:00,1000.0,473.2747991055712,-52.67252008944288,34.915698157888286,100.0,180.68765004043405,57.04256015292126,635 days 19:00:00,135,1,24.17901925058385,22.46457772688538,-8.721267796798319,4.658870629994023,-2.0586828753251947,7 days 00:42:34.838709677,1 days 18:22:30,-4.080772001074171,-0.5854549881863543,-0.5495050668249495,0.9756175831208016,0.150541819187972,23.18549193701671,0.9887424833421568,0.39188433580956944,-0.007487835016430316,None,None,-0.00003080595780307312,-0.18631443279298623,-0.5267252008944292,-0.2286776613056788,0.38300033153782465,-2.5085627058424693,2 days 23:23:06.666666666,false
XMR-USD,false,32,64,136,22.962962962962962,0.6000150268588982,0.1859504132231405,0.0001,0.000035327635327635325,5.619834710743802,11.198347107438018,0.0005619834710743802,-0.8378800804829157,0,0,17424,726 days 01:00:00,1000.0,467.78007562426205,-53.221992437573796,34.915698157888286,100.0,179.20906140938936,56.67710534850093,635 days 19:00:00,135,1,23.898300680564432,22.46457772688536,-8.721267796798314,4.533911611280912,-2.0329248442953785,7 days 01:40:38.709677419,1 days 18:02:53.076923076,-4.119394259676308,-0.5987756795033561,-0.5601389382450281,0.9750672574930223,0.1500420363700451,23.23282333753848,0.988190103943786,0.3916620078268509,-0.007477415365825856,None,None,-0.00003148947030649876,-0.1904483164137045,-0.5322199243757377,-0.23179770640455932,0.3827887339606386,-2.5242998205822698,2 days 23:21:19.999999998,false
XMR-USD,false,33,62,136,22.962962962962962,0.604037660233179,0.1859504132231405,0.0001,0.000035327635327635325,5.619834710743802,11.198347107438018,0.0005619834710743802,-0.8407035518473507,0,0,17424,726 days 01:00:00,1000.0,466.79156024396457,-53.32084397560354,34.915698157888286,100.0,179.17411582660955,56.77302124430267,635 days 19:00:00,135,1,23.847798662593107,22.46457772688537,-8.721267796798315,4.601004988767636,-2.054037553850161,7 days 00:50:19.354838709,1 days 18:18:27.692307692,-4.126342506804653,-0.6008884880218284,-0.5604704571657688,0.9749753253935358,0.14858589027956004,23.21871563107744,0.9878954877076199,0.39177316293929715,-0.007489941431631896,None,None,-0.000031606371934552434,-0.19115533746017313,-0.5332084397560384,-0.23236154676297838,0.3828588645490801,-2.5271309694134554,2 days 23:21:46.666666666,false
XMR-USD,false,34,61,136,22.962962962962962,0.6057430031572791,0.1859504132231405,0.0001,0.000035327635327635325,5.619834710743802,11.198347107438018,0.0005619834710743802,-0.8428196287053847,0,0,17424,726 days 01:00:00,1000.0,465.99408830965945,-53.40059116903405,34.915698157888286,100.0,179.3336011309094,57.01391072877401,635 days 19:00:00,135,1,23.807056816021657,22.46457772688537,-8.72126779679832,4.649451022853763,-2.0688368556381835,7 days 01:00:00,1 days 18:19:36.923076923,-4.13194791486194,-0.6027054937746705,-0.5591299256454578,0.9749156124106741,0.1433009527611061,23.206481966875668,0.9872261557853073,0.39232920495405516,-0.007489941431631833,None,None,-0.00003170327167289622,-0.19174138707767635,-0.5340059116903357,-0.23281698606565482,0.38287488242934176,-2.529414961933665,2 days 23:24:53.333333332,false
XMR-USD,false,26,38,184,22.950819672131146,0.5267068018321199,0.25206611570247933,0.0001,0.00003530895334174023,7.603305785123967,15.165289256198347,0.0007603305785123968,-1.374941813157417,0,0,17424,726 days 01:00:00,1000.0,329.6792762554883,-67.03207237445116,34.915698157888286,100.0,195.75846056249472,71.13499481195187,722 days 11:00:00,183,1,16.42614619541331,20.6802189710422,-7.125563139087587,3.976388176334268,-1.9282777206874546,5 days 04:52:51.428571428,1 days 07:07:39.574468085,-3.752715136283747,-0.9870993523203188,-0.6010503302102268,0.9592947912158649,0.12690861532206002,23.366557361117575,0.9917100360552299,0.3893318450007973,-0.007592921762430955,None,None,-0.00005167590677236401,-0.31253588415925754,-0.6703207237445108,-0.3196449287823826,0.3810528230268234,-2.919826207436354,2 days 04:38:41.311475409,false
XMR-USD,false,28,84,123,22.950819672131146,0.5943768148386939,0.16804407713498623,0.0001,0.00003530895334174023,5.082644628099174,10.12396694214876,0.0005082644628099174,-0.8069503400531808,0,0,17424,726 days 01:00:00,1000.0,474.0697003451021,-52.59302996548979,34.915698157888286,100.0,166.2852115799793,58.21427915421389,635 days 19:00:00,122,1,22.330705544320892,20.273199323916486,-8.03937214434758,4.682314240049695,-2.1372140193564535,8 days 02:06:25.714285714,1 days 20:09:34.468085106,-4.493942665567373,-0.5803669947668927,-0.5374494131330759,0.9756554042074517,-0.08219399538954487,26.540695002958586,0.9850463122553222,0.3893318450007973,-0.0074601899883998376,None,None,-0.00003062821244619983,-0.18523942887461659,-0.5259302996549007,-0.22822825751928444,0.3841288170589043,-2.5062860758981493,3 days 06:34:25.573770490,false
XMR-USD,false,31,84,123,22.950819672131146,0.5612606978545136,0.16804407713498623,0.0001,0.00003530895334174023,5.082644628099174,10.12396694214876,0.0005082644628099174,-0.9728506219731328,0,0,17424,726 days 01:00:00,1000.0,425.08758535095035,-57.49124146490496,34.915698157888286,100.0,161.4164386200684,62.2303139107408,635 days 19:00:00,122,1,20.79460072780006,20.755148066145257,-8.039372144347587,4.536868613501721,-2.20798338008951,8 days 12:42:51.428571428,1 days 16:42:07.659574468,-4.882844388334835,-0.7010294800769321,-0.5616735660809357,0.9706590019738338,-0.10348718905698025,26.555747271441437,0.9826375170125881,0.3870094722598106,-0.007458196364188607,None,None,-0.000036929593726504354,-0.22335018285789834,-0.5749124146490481,-0.2568961737473804,0.38343891992825035,-2.646572874038789,3 days 06:20:39.344262294,false
XMR-USD,false,21,34,232,22.943722943722943,0.4736305199619678,0.3181818181818182,0.0001,0.0000352980352980353,9.586776859504132,19.132231404958677,0.0009586776859504132,-1.9866257551698703,0,0,17424,726 days 01:00:00,1000.0,222.04998528524607,-77.79500147147539,34.915698157888286,100.0,225.60583539551968,79.45684164549013,722 days 11:00:00,231,1,10.544507375509909,24.879197779776195,-6.399618215274411,3.2982101671740023,-1.7823377797964095,4 days 02:04:31.698113207,1 days 01:14:09.438202247,-3.413396199524948,-1.4282063421454243,-0.6679189183100456,0.9419272679183606,0.20291480954098057,22.900285148088166,0.9959675121604371,0.38711988536857184,-0.007650913471011379,None,None,-0.00007445761766109743,-0.4503196716143173,-0.7779500147147523,-0.4068545373834572,0.3794688433228236,-3.2280809371099357,1 days 17:56:52.987012986,false
XMR-USD,false,36,83,110,22.93577981651376,0.5653039835139165,0.15013774104683195,0.0001,0.000035285815102328866,4.545454545454546,9.049586776859504,0.0004545454545454546,-0.9318068651037223,0,0,17424,726 days 01:00:00,1000.0,434.79636870717263,-56.520363129282735,34.915698157888286,100.0,149.34296849938272,62.1902929956992,635 days 19:00:00,109,1,19.73891590583304,20.401051514359658,-9.192802668893409,4.946855324832968,-2.401253234464791,8 days 21:14:24,2 days 01:47:08.571428571,-5.366445387143675,-0.6732201134758422,-0.5500930411647394,0.9716400763421772,-0.16783087905408015,26.864391392944654,0.981077374045853,0.3844748132846019,-0.007451445542635772,None,None,-0.000035563258355427795,-0.2150865865336273,-0.5652036312928235,-0.25104874349719464,0.3845053672362057,-2.6187665179627357,3 days 15:16:30.825688072,false
XMR-USD,false,37,81,110,22.93577981651376,0.567860656964639,0.15013774104683195,0.0001,0.000035285815102328866,4.545454545454546,9.049586776859504,0.0004545454545454546,-0.9211936256733796,0,0,17424,726 days 01:00:00,1000.0,437.9093441997968,-56.20906558002032,34.915698157888286,100.0,150.55016492824356,61.92797078318508,635 days 19:00:00,109,1,19.880238984607786,20.401051514359676,-9.1928026688934,4.929273552893736,-2.388140103451603,8 days 21:04:48,2 days 01:49:17.142857142,-5.33918252096157,-0.6654819024168318,-0.5486062114119781,0.971960195681417,-0.16757817712143677,26.865985098758596,0.9811997429021952,0.3844748132846019,-0.007446826610916475,None,None,-0.00003515412434565754,-0.21261214404253678,-0.5620906558002067,-0.24919192235676835,0.38450144779979434,-2.6098508277234993,3 days 15:15:57.798165136,false
XMR-USD,false,37,83,110,22.93577981651376,0.557772256385059,0.15013774104683195,0.0001,0.000035285815102328866,4.545454545454546,9.049586776859504,0.0004545454545454546,-0.9779999658238955,0,0,17424,726 days 01:00:00,1000.0,421.4595025200301,-57.85404974799698,34.915698157888286,100.0,150.1084470736094,63.15229187140978,635 days 19:00:00,109,1,19.13344792343446,20.564604478564046,-9.192802668893414,4.851069476670489,-2.410455697364947,8 days 21:09:36,2 days 01:47:08.571428571,-5.483247205535822,-0.7070721805164791,-0.5579023972412529,0.970231756929909,-0.17167640776459664,26.864305223754528,0.9784489645386928,0.38469485060394154,-0.0074581963641886075,None,None,-0.00003735113822618201,-0.2258996839919488,-0.578540497479969,-0.25910367700225345,0.38450149681996554,-2.6569638529460815,3 days 15:15:24.770642200,false
XMR-USD,false,38,79,110,22.93577981651376,0.5696884597577767,0.15013774104683195,0.0001,0.000035285815102328866,4.545454545454546,9.049586776859504,0.0004545454545454546,-0.9150874793681816,0,0,17424,726 days 01:00:00,1000.0,439.69288376292684,-56.03071162370732,34.915698157888286,100.0,152.06069758875583,61.77290907633586,635 days 19:00:00,109,1,19.961208238228835,20.401051514359676,-9.192802668893412,4.88307908957826,-2.3710225539472867,8 days 21:02:24,2 days 01:45:00,-5.323562609865161,-0.6610984077328177,-0.5477970297776297,0.9721296386887761,-0.16809382215801863,26.870957290383092,0.9815795028083962,0.3840349483717236,-0.007451445542635771,None,None,-0.000034921560308851054,-0.21120559674793118,-0.5603071162370732,-0.24813196123592418,0.3844903755016435,-2.604742696833305,3 days 15:12:06.605504586,false
XMR-USD,false,38,81,110,22.93577981651376,0.5668295847125083,0.15013774104683195,0.0001,0.000035285815102328866,4.545454545454546,9.049586776859504,0.0004545454545454546,-0.9370528762615922,0,0,17424,726 days 01:00:00,1000.0,433.6364487022081,-56.63635512977919,34.915698157888286,100.0,151.6640194944623,61.90249018914648,635 days 19:00:00,109,1,19.686257776457296,20.719911688454655,-9.192802668893403,4.878867386665785,-2.3844354646722725,8 days 21:04:48,2 days 01:48:34.285714285,-5.376603752974769,-0.6770255564605321,-0.5540768839514586,0.9714797374591381,-0.16777744639964132,26.938070744045753,0.9805139569643366,0.3844748132846019,-0.0074468266109164755,None,None,-0.000035735938357573104,-0.21613095518660214,-0.5663635512977934,-0.2517428295181262,0.38420062928068216,-2.622088576710407,3 days 15:15:24.770642201,false
XMR-USD,false,39,78,110,22.93577981651376,0.5662974604767769,0.15013774104683195,0.0001,0.000035285815102328866,4.545454545454546,9.049586776859504,0.0004545454545454546,-0.9485606209412968,0,0,17424,726 days 01:00:00,1000.0,430.03792717057536,-56.99620728294247,34.915698157888286,100.0,150.05558037427866,62.3813355574368,635 days 19:00:00,109,1,19.522891844700666,20.40105151435968,-9.192802668893403,4.954262979709543,-2.4165549720701507,8 days 21:12:00,2 days 01:40:42.857142857,-5.4081189419644495,-0.6854892516171961,-0.5542267230510556,0.9711111360597183,-0.1696163598279703,26.90411084638614,0.9805530523598429,0.38392502581208793,-0.007458196364188657,None,None,-0.000036201411972638296,-0.21894613961051643,-0.5699620728294253,-0.2539038981314298,0.38439949158681996,-2.632394890836965,3 days 15:11:00.550458715,false
XMR-USD,false,39,80,110,22.93577981651376,0.5667543066089835,0.15013774104683195,0.0001,0.000035285815102328866,4.545454545454546,9.049586776859504,0.0004545454545454546,-0.9417272453373827,0,0,17424,726 days 01:00:00,1000.0,432.4592346182235,-56.75407653817766,34.915698157888286,100.0,151.82896369415894,61.994791796216774,635 days 19:00:00,109,1,19.63281452927464,20.719911688454673,-9.192802668893412,4.865705707541749,-2.384140690839825,8 days 21:04:48,2 days 01:42:51.428571428,-5.386913577165607,-0.6806105712782529,-0.5546992885597248,0.9713204229659765,-0.17091694925435305,26.990574068974126,0.980360633727811,0.3840349483717236,-0.007446826610916485,None,None,-0.00003590531082442354,-0.21715531986611358,-0.5675407653817723,-0.25244850471177793,0.38398825840015355,-2.6254601664138733,3 days 15:11:00.550458715,false
XMR-USD,false,40,75,110,22.93577981651376,0.5838505990241948,0.15013774104683195,0.0001,0.000035285815102328866,4.545454545454546,9.049586776859504,0.0004545454545454546,-0.8617744791346112,0,0,17424,726 days 01:00:00,1000.0,457.76607740345344,-54.22339225965466,34.915698157888286,100.0,154.69164524684814,59.90134161722893,635 days 19:00:00,109,1,20.78169634506594,20.237563436749483,-9.192802668893405,4.896488541896217,-2.3283688891004446,8 days 21:31:12,2 days 01:42:08.571428571,-5.165280907721216,-0.6207640246296992,-0.5423175844787242,0.9738760819427229,-0.10283571334598232,26.5172005471313,0.9837396470554136,0.3843648208469055,-0.007451445542635754,None,None,-0.0000326887861069665,-0.19770177837493338,-0.54223392259655,-0.2375460273106853,0.3832923907712943,-2.552980324622388,3 days 15:16:30.825688072,false
XMR-USD,false,40,76,110,22.93577981651376,0.5776997628122748,0.15013774104683195,0.0001,0.000035285815102328866,4.545454545454546,9.049586776859504,0.0004545454545454546,-0.905455685408177,0,0,17424,726 days 01:00:00,1000.0,442.53280918074915,-55.746719081925086,34.915698157888286,100.0,152.76576273387855,61.288313886807046,635 days 19:00:00,109,1,20.09013537064243,20.40105151435968,-9.192802668893417,4.989033495400879,-2.3931646712476153,8 days 21:12:00,2 days 01:40:42.857142857,-5.298691065962319,-0.6541686431960462,-0.5486287666362608,0.9724155782737421,-0.1694731223838731,26.884581100373037,0.9806580919618199,0.38425484588496983,-0.00745819636418865,None,None,-0.000034553482205201204,-0.2089794603770569,-0.5574671908192479,-0.2464499663394505,0.3844678617839179,-2.5966090332732064,3 days 15:11:00.550458715,false
XMR-USD,false,42,71,110,22.93577981651376,0.5625981665808361,0.15013774104683195,0.0001,0.000035285815102328866,4.545454545454546,9.049586776859504,0.0004545454545454546,-0.9380908926147279,0,0,17424,726 days 01:00:00,1000.0,434.6116681909948,-56.53883318090052,34.915698157888286,100.0,151.12645817500538,61.456598115405825,635 days 19:00:00,109,1,19.730530858903023,20.239170473141606,-9.192802668893407,4.785826034511968,-2.3582609771016236,8 days 21:21:36,2 days 01:50:42.857142857,-5.3680629602560375,-0.6762939839102524,-0.5568889224064969,0.9715871960963153,-0.10730772735338408,26.439215801108556,0.9822264773758834,0.3845848232022249,-0.007466933014796045,None,None,-0.00003564519408375497,-0.21558213381855004,-0.5653883318090089,-0.251159185681448,0.38363957744000915,-2.6192955078610405,3 days 15:20:55.045871558,false
XMR-USD,false,50,59,110,22.93577981651376,0.5745852726686316,0.15013774104683195,0.0001,0.000035285815102328866,4.545454545454546,9.049586776859504,0.0004545454545454546,-0.9169870661475288,0,0,17424,726 days 01:00:00,1000.0,440.15055670456513,-55.98494432954348,34.915698157888286,100.0,152.12648780950477,60.780015814046116,635 days 19:00:00,109,1,19.98198570638999,20.755148066145242,-9.192802668893416,4.9139858562163,-2.3753537837925642,9 days 00:52:48,2 days 01:11:25.714285714,-5.319554394512153,-0.6611100037071828,-0.5561762967302313,0.9722656785131475,-0.10940919563273357,26.311243458244224,0.9810662730111058,0.386899076727157,-0.007468294324475366,None,None,-0.00003488814541209469,-0.21100350345234867,-0.5598494432954364,-0.24786041805357795,0.38411573609515326,-2.60343190264678,3 days 15:39:04.954128439,false
XMR-USD,false,51,58,110,22.93577981651376,0.5739112778566577,0.15013774104683195,0.0001,0.000035285815102328866,4.545454545454546,9.049586776859504,0.0004545454545454546,-0.9216965685803011,0,0,17424,726 days 01:00:00,1000.0,438.79352834664894,-56.1206471653351,34.915698157888286,100.0,152.06969109257773,60.841066585911044,635 days 19:00:00,109,1,19.920379238244095,20.755148066145253,-9.192802668893405,4.9127907103431125,-2.378489911490788,9 days 00:55:12,2 days 01:08:34.285714285,-5.331438999005453,-0.6645324183274081,-0.5573058619083877,0.9721181107449869,-0.10944483817778265,26.3178128220369,0.9807191557577527,0.3867886987664147,-0.007468294324475368,None,None,-0.00003506674205417798,-0.2120836559436684,-0.5612064716533551,-0.24866609835894937,0.38409370618940697,-2.6073184878491715,3 days 15:37:25.871559631,false
XMR-USD,false,6,8,921,22.934782608695652,0.33981390529035865,1.2672176308539944,0.0001,0.00003528428093645485,38.057851239669425,76.07438016528926,0.0038057851239669425,-6.978632758841525,0,0,17424,726 days 01:00:00,1000.0,6.254794355787567,-99.37452056442125,34.915698157888286,100.0,421.8021600607831,99.40608711557017,722 days 11:00:00,920,1,0.019240052349511316,11.65418505242072,-11.023510959526494,1.4430012412176714,-1.1290453929126443,0 days 22:42:56.303317535,0 days 06:18:26.911142454,-1.0801787453223477,-5.237847363397688,-0.9275077869717928,0.7975648171796713,-0.4000225161989381,36.31988968939736,1.0270012714368382,0.34327782917052113,-0.008000229941231543,None,None,-0.00027874209054032324,-1.685832163587875,-0.993745205644212,-0.8281723492246408,0.38735365545749545,-3.8461272667397655,0 days 10:04:14.347826086,false
XMR-USD,false,18,77,158,22.929936305732486,0.5452651359357484,0.2162534435261708,0.0001,0.00003527682508574229,6.528925619834711,13.016528925619834,0.0006528925619834711,-1.1650607337938825,0,0,17424,726 days 01:00:00,1000.0,378.0210682685172,-62.19789317314828,34.915698157888286,100.0,188.12024376017115,65.30011794469544,722 days 11:00:00,157,1,17.15302169542531,22.090837561253988,-7.172505688054691,3.996301582513881,-1.9538497716625354,6 days 11:15:00,1 days 09:39:10.413223140,-4.07090416195483,-0.8363990124827732,-0.5923329277047563,0.9654882053244808,0.09797327466319555,23.03525771882528,0.9869172858336162,0.39244046667732146,-0.007520747578736164,None,None,-0.000043810020497820735,-0.2649630039708198,-0.6219789317314824,-0.2865540469101979,0.38125705540189747,-2.781373320730701,2 days 13:32:06.114649680,false
XMR-USD,false,25,56,158,22.929936305732486,0.5549247568889853,0.2162534435261708,0.0001,0.00003527682508574229,6.528925619834711,13.016528925619834,0.0006528925619834711,-1.1798513388159668,0,0,17424,726 days 01:00:00,1000.0,374.27241102031735,-62.572758897968264,34.915698157888286,100.0,188.0201376080239,65.89467789420928,722 days 11:00:00,157,1,16.61050946465508,22.166403311106546,-7.172505688054693,4.183038241413452,-2.0106641883268077,6 days 06:03:19.999999999,1 days 10:54:02.975206611,-4.091325467798329,-0.846085028898011,-0.5916391147881694,0.9649473706313255,0.12368445306979674,23.303864345516846,0.9874430762043265,0.39010769844435583,-0.00752349948900875,None,None,-0.00004435984481119865,-0.26828834141812946,-0.6257275889796801,-0.2890176525334982,0.3816224821967423,-2.792109629743479,2 days 13:18:20.636942673,false
XMR-USD,false,12,25,350,22.922636103151863,0.45273072510969525,0.4807162534435262,0.0001,0.00003526559400484902,14.462809917355372,28.884297520661157,0.0014462809917355373,-2.754065774641499,0,0,17424,726 days 01:00:00,1000.0,130.44196082727603,-86.9558039172724,34.915698157888286,100.0,293.2587566417322,87.68212358628976,722 days 11:00:00,349,1,5.441862984701274,21.048957695732994,-11.595387641454282,2.5825336981858857,-1.4924830758443053,2 days 17:11:15,0 days 15:48:37.472118959,-2.507163043431016,-2.010671424260866,-0.7308585144742662,0.9178910294720535,-0.40754549523869094,36.8614226872181,1.011648851764693,0.3703208556149733,-0.007615090235589414,None,None,-0.00010493280249240067,-0.6346335894740393,-0.8695580391727232,-0.5068575452016684,0.37986397675195993,-3.49045009852186,1 days 03:07:44.183381088,false
XMR-USD,false,9,17,529,22.916666666666664,0.3707905534397749,0.7272727272727273,0.0001,0.000035256410256410254,21.859504132231404,43.67768595041323,0.0021859504132231405,-4.598630488899889,0,0,17424,726 days 01:00:00,1000.0,36.92952003926632,-96.30704799607336,34.915698157888286,100.0,340.932809842447,96.4606364056429,725 days 02:00:00,528,1,0.7429248151115786,14.344903282656976,-11.805396837296515,1.7469683225999222,-1.3099414846484967,1 days 17:46:36.694214876,0 days 10:40:41.277641277,-1.8254041757118291,-3.4060255294640274,-0.8392540049279926,0.8642330274677561,-0.4501564513160389,37.39805706869862,1.0154454903339984,0.35634778547520823,-0.007707233942765823,None,None,-0.00017738817844438728,-1.0728437032316542,-0.963070479960735,-0.6817610882493643,0.3790833584586045,-3.758273586871277,0 days 17:48:17.727272726,false
XMR-USD,false,26,36,193,22.916666666666664,0.5337696010608105,0.2644628099173554,0.0001,0.000035256410256410254,7.975206611570248,15.90909090909091,0.0007975206611570248,-1.4144738092580285,0,0,17424,726 days 01:00:00,1000.0,323.1757012045282,-67.68242987954719,34.915698157888286,100.0,202.23114845820493,71.03382336173361,722 days 11:00:00,192,1,16.102108009594417,20.68021897104223,-6.168481229071103,3.999411955710104,-1.9058507261961777,5 days 02:00:00,1 days 04:52:17.837837837,-3.6089917021097246,-1.0129364247167447,-0.6099380408112451,0.958375570967925,0.20789526784615472,22.697370133075346,0.9935003103625324,0.389442628179571,-0.007614668757779284,None,None,-0.00005288663859693911,-0.31985839023428775,-0.6768242987954733,-0.32433364147097543,0.3800333592927236,-2.938452714692635,2 days 02:12:48.749999998,false
XMR-USD,false,28,34,193,22.916666666666664,0.5293431088578207,0.2644628099173554,0.0001,0.000035256410256410254,7.975206611570248,15.90909090909091,0.0007975206611570248,-1.435413300692965,0,0,17424,726 days 01:00:00,1000.0,318.70819344393476,-68.12918065560652,34.915698157888286,100.0,202.60800208357392,71.43006278010736,722 days 11:00:00,192,1,15.879516112286979,20.680218971042233,-6.168481229071113,3.9678200067328264,-1.9060425820879467,5 days 01:54:32.727272727,1 days 04:53:06.486486486,-3.631100638897675,-1.0280938192734712,-0.6120875557030526,0.9577556141343723,0.20713486066474768,22.69295154906879,0.9940639724570893,0.38899960143483453,-0.007614668757779264,None,None,-0.00005368313829459795,-0.3246756204057284,-0.6812918065560652,-0.3275902713658627,0.3800695640014052,-2.9512478412296765,2 days 02:12:11.249999998,false
XMR-USD,false,48,83,97,22.916666666666664,0.5417789287918516,0.1322314049586777,0.0001,0.000035256410256410254,4.008264462809917,7.975206611570248,0.0004008264462809917,-1.078578833087213,0,0,17424,726 days 01:00:00,1000.0,394.33321536692415,-60.56667846330759,34.915698157888286,100.0,133.27902649286588,65.84729474526308,635 days 19:00:00,96,1,18.924238400795787,20.00982698129876,-8.735543285074755,5.210557776356203,-2.7374072158069787,10 days 03:00:00,2 days 07:45:24.324324324,-6.506156489936165,-0.7816633561201347,-0.5674209497976258,0.9671316437672628,-0.18649458659857088,26.86480855195656,0.9711413106153874,0.3828267597809698,-0.007482015876363666,None,None,-0.00004121405802973185,-0.24926262296381824,-0.6056667846330803,-0.2760155860937912,0.3837810878872687,-2.734654658469836,4 days 02:39:59.999999998,false
XMR-USD,false,51,81,97,22.916666666666664,0.5581591418180989,0.1322314049586777,0.0001,0.000035256410256410254,4.008264462809917,7.975206611570248,0.0004008264462809917,-1.0657083314558604,0,0,17424,726 days 01:00:00,1000.0,398.6521892274343,-60.13478107725657,34.915698157888286,100.0,136.69530556352612,66.13381957945114,635 days 19:00:00,96,1,20.343024509000657,19.592312599254907,-8.735543285074748,5.297561914411374,-2.7530250939242484,10 days 07:02:43.636363636,2 days 06:17:01.621621621,-6.475946200849652,-0.7717982849328967,-0.5597617149357892,0.9675212107340835,-0.17343667723041326,26.94057816082236,0.9729533323164965,0.3811826252377933,-0.007468294324475253,None,None,-0.00004062859118958893,-0.24572171951463387,-0.6013478107725632,-0.27327313341526194,0.38316505878004103,-2.72228493915052,4 days 02:27:29.999999998,false
XMR-USD,false,52,76,97,22.916666666666664,0.5536332868082964,0.1322314049586777,0.0001,0.000035256410256410254,4.008264462809917,7.975206611570248,0.0004008264462809917,-1.0333382699624805,0,0,17424,726 days 01:00:00,1000.0,407.20947725106544,-59.27905227489345,34.915698157888286,100.0,134.33870615728975,64.92291272524012,635 days 19:00:00,96,1,19.54217632768291,20.04500434392253,-8.735543285074748,5.290644795717275,-2.7184784984026544,10 days 00:43:38.181818181,2 days 08:19:27.567567567,-6.3784656153814385,-0.7484162463574533,-0.5597888869127238,0.9684877847538087,-0.18355417503728697,26.997054635728105,0.9725064062673102,0.38238794129313763,-0.007461921798605173,None,None,-0.00003940495138899867,-0.23832114600066392,-0.5927905227489311,-0.26789620955098936,0.3832353252696429,-2.6977765132128946,4 days 02:34:59.999999998,false
XMR-USD,false,52,78,97,22.916666666666664,0.5734148466191252,0.1322314049586777,0.0001,0.000035256410256410254,4.008264462809917,7.975206611570248,0.0004008264462809917,-0.93213929619116,0,0,17424,726 days 01:00:00,1000.0,435.4490995445369,-56.45509004554631,34.915698157888286,100.0,138.84940280103308,63.19135053911046,635 days 19:00:00,96,1,22.22075268575287,20.00982698129877,-8.735543285074753,5.246781805830132,-2.6216019799093013,10 days 04:30:00,2 days 07:07:17.837837837,-6.112204720220998,-0.6744959537155744,-0.5405931929591973,0.9715519392045127,-0.1798581627501469,26.935433831893388,0.9745766961758833,0.3821686364718014,-0.007460189988399813,None,None,-0.000035539343611152145,-0.21494195016024817,-0.5645509004554663,-0.25065868651746115,0.38351998353069866,-2.6168970699155776,4 days 02:31:14.999999998,false
XMR-USD,false,52,80,97,22.916666666666664,0.5629083640619486,0.1322314049586777,0.0001,0.000035256410256410254,4.008264462809917,7.975206611570248,0.0004008264462809917,-1.0321470313137868,0,0,17424,726 days 01:00:00,1000.0,407.7505677163024,-59.22494322836977,34.915698157888286,100.0,137.55145074306597,65.50420289759698,635 days 19:00:00,96,1,20.807310273867245,19.5923125992549,-8.735543285074748,5.294978771860174,-2.722861872625283,10 days 07:08:10.909090909,2 days 06:15:24.324324324,-6.386007734974633,-0.7473783484684459,-0.5541723129097368,0.9685295048426067,-0.17383709798455035,26.957659800020345,0.9735634419779643,0.38129211256440754,-0.007466933014795986,None,None,-0.00003933722607737192,-0.23791154331594536,-0.592249432283698,-0.2675587083203962,0.3831079496606695,-2.6962268077973244,4 days 02:27:29.999999998,false
XMR-USD,false,53,75,97,22.916666666666664,0.5544041414854337,0.1322314049586777,0.0001,0.000035256410256410254,4.008264462809917,7.975206611570248,0.0004008264462809917,-1.0391203418913324,0,0,17424,726 days 01:00:00,1000.0,405.3380624228314,-59.46619375771686,34.915698157888286,100.0,135.55663288336143,65.32370964595165,635 days 19:00:00,96,1,19.452366240740787,20.045004343922553,-8.735543285074732,5.2474729433104415,-2.7119850515272983,10 days 00:46:21.818181818,2 days 08:17:01.621621621,-6.397023998103226,-0.7528622007927769,-0.5586082800429787,0.9682985485637917,-0.18697009169256068,26.95768918423583,0.9719146012347767,0.38238794129313763,-0.0074669330147960665,None,None,-0.00003965769923560001,-0.23984976497690885,-0.5946619375771727,-0.26906575357744567,0.38341576523382004,-2.7031363224877123,4 days 02:33:44.999999998,false
XMR-USD,false,54,75,97,22.916666666666664,0.5687048723717412,0.1322314049586777,0.0001,0.000035256410256410254,4.008264462809917,7.975206611570248,0.0004008264462809917,-0.9500083276996977,0,0,17424,726 days 01:00:00,1000.0,430.21282465345905,-56.9787175346541,34.915698157888286,100.0,138.04654936010678,63.35461365186572,635 days 19:00:00,96,1,21.953548161800597,20.00982698129876,-8.735543285074744,5.239287929830867,-2.6353239472036827,10 days 00:30:00,2 days 08:13:47.027027027,-6.163965869878549,-0.687595892871858,-0.5455013523281617,0.9709925298785163,-0.18185610201439048,26.93834850820985,0.9740174287254871,0.3818398096748612,-0.007458196364188485,None,None,-0.0000362319277099184,-0.2191306987895865,-0.5697871753465451,-0.25379859218066503,0.38354481105871713,-2.631893977230447,4 days 02:27:29.999999999,false
XMR-USD,false,54,78,97,22.916666666666664,0.5524828259546236,0.1322314049586777,0.0001,0.000035256410256410254,4.008264462809917,7.975206611570248,0.0004008264462809917,-1.0705736372154309,0,0,17424,726 days 01:00:00,1000.0,396.9519983040999,-60.30480016959001,34.915698157888286,100.0,136.92863498832818,66.41109642071595,635 days 19:00:00,96,1,19.58641455148654,19.685655172017356,-8.735543285074742,5.1303445082332635,-2.708484056397232,10 days 07:00:00,2 days 06:09:43.783783783,-6.485775169243615,-0.775930364976214,-0.5594600868250609,0.9673232010989323,-0.18485363747155195,26.956976857198338,0.9725585056843986,0.38063544885508277,-0.007461921798605249,None,None,-0.00004086321273814311,-0.24714071064028956,-0.6030480016958951,-0.27435039064208766,0.3833254950730731,-2.7271543560977234,4 days 02:21:14.999999998,false
XMR-USD,false,55,80,97,22.916666666666664,0.5356307088561425,0.1322314049586777,0.0001,0.000035256410256410254,4.008264462809917,7.975206611570248,0.0004008264462809917,-1.1929596016152504,0,0,17424,726 days 01:00:00,1000.0,364.89998403035315,-63.510001596964685,34.915698157888286,100.0,135.77618558719527,69.50180501394314,630 days 14:00:00,96,1,18.004903332352058,19.958883218998764,-8.735543285074735,5.044135250743062,-2.7959715845531847,10 days 09:54:32.727272727,2 days 05:31:37.297297297,-6.803176242729162,-0.8654996807014477,-0.5720545918596835,0.9636736059020804,-0.187026475392753,26.777123497529857,0.9718964191886572,0.3807448494453249,-0.007492505718021418,None,None,-0.000045654717217102325,-0.27611972972903487,-0.6351000159696483,-0.29524850413740933,0.3839517836671654,-2.818952647309911,4 days 02:31:52.499999998,false
XMR-USD,false,56,74,97,22.916666666666664,0.5637621368130635,0.1322314049586777,0.0001,0.000035256410256410254,4.008264462809917,7.975206611570248,0.0004008264462809917,-1.0178763881018398,0,0,17424,726 days 01:00:00,1000.0,411.6047766789584,-58.83952233210417,34.915698157888286,100.0,137.93388821853534,65.2094362814924,635 days 19:00:00,96,1,21.003988655446108,20.009826981298755,-8.73554328507474,5.291077145793368,-2.7082831229937097,10 days 07:02:43.636363636,2 days 06:16:12.972972973,-6.347908458088414,-0.7372513276050993,-0.5520462889156416,0.9689416375176146,-0.17983576559822748,26.985455555600524,0.9725653544250144,0.38162067871868055,-0.007460189988399882,None,None,-0.00003879983884083389,-0.23466142530936338,-0.5883952233210458,-0.2651630921041572,0.38306484980300826,-2.685188194319721,4 days 02:26:52.499999999,false
XMR-USD,false,56,81,97,22.916666666666664,0.5416853348094576,0.1322314049586777,0.0001,0.000035256410256410254,4.008264462809917,7.975206611570248,0.0004008264462809917,-1.12473026599734,0,0,17424,726 days 01:00:00,1000.0,383.07201668400694,-61.692798331599306,34.915698157888286,100.0,139.6871907233939,67.58226766341163,630 days 14:00:00,96,1,18.190974883817546,18.361512054478187,-7.447402913544819,4.86600054033263,-2.68724871680804,10 days 10:16:21.818181818,2 days 05:21:53.513513513,-6.615822481248023,-0.815891435115799,-0.5662560327040577,0.9656879554867993,-0.19385262236602455,27.040414916851084,0.9731333512677987,0.38008870584508153,-0.007461921798605281,None,None,-0.00004292786247305848,-0.25962771223705766,-0.6169279833159995,-0.2832596769674566,0.3829700700318821,-2.7669071960877125,4 days 02:29:22.499999998,false
XMR-USD,false,57,73,97,22.916666666666664,0.5588651587136152,0.1322314049586777,0.0001,0.000035256410256410254,4.008264462809917,7.975206611570248,0.0004008264462809917,-1.0536405149424282,0,0,17424,726 days 01:00:00,1000.0,401.99088402299367,-59.80091159770063,34.915698157888286,100.0,137.03160803401826,66.02204284968853,635 days 19:00:00,96,1,19.835043365523177,20.009826981298755,-8.735543285074751,5.293235041416968,-2.7379842296664085,10 days 07:00:00,2 days 06:12:58.378378378,-6.435876659818021,-0.7633615672304757,-0.5567013664991133,0.9678490391368771,-0.1803972583785606,27.01540723998396,0.9722776329099665,0.38107315526670366,-0.007460189988399704,None,None,-0.000040162808686343624,-0.24290466693500623,-0.5980091159770096,-0.2711664017147647,0.3829585146248426,-2.7127227795154423,4 days 02:23:44.999999998,false
XMR-USD,false,58,78,97,22.916666666666664,0.5493012213354532,0.1322314049586777,0.0001,0.000035256410256410254,4.008264462809917,7.975206611570248,0.0004008264462809917,-1.138288337590925,0,0,17424,726 days 01:00:00,1000.0,379.4026737950935,-62.05973262049065,34.915698157888286,100.0,139.6530420134775,67.85188996714622,630 days 14:00:00,96,1,18.016728472111083,19.785426026257415,-7.447402913544818,5.043234825948193,-2.7458240895326327,10 days 09:54:32.727272727,2 days 05:28:22.702702702,-6.652229736218928,-0.8258251220985933,-0.568397474744303,0.9652740625758133,-0.19219414557412715,27.00786074876616,0.9723125192820969,0.38019801980198015,-0.007466933014796038,None,None,-0.000043469593026603755,-0.2629040986248995,-0.6205973262049077,-0.2856500838410282,0.3831381768440113,-2.777416345503316,4 days 02:29:22.499999998,false
XMR-USD,false,58,79,97,22.916666666666664,0.5489821596169762,0.1322314049586777,0.0001,0.000035256410256410254,4.008264462809917,7.975206611570248,0.0004008264462809917,-1.1287263262732279,0,0,17424,726 days 01:00:00,1000.0,382.24006944750795,-61.7759930552492,34.915698157888286,100.0,140.8145398286572,67.79481016768972,630 days 14:00:00,96,1,18.151468131497666,18.361512054478208,-7.193138527540453,4.960173260328669,-2.7166097446575646,10 days 10:16:21.818181818,2 days 05:20:16.216216216,-6.624077069624898,-0.8191573148548755,-0.5654754650790199,0.9655509021907961,-0.1978990394027978,27.10728069453055,0.9717854529027155,0.38030735107731306,-0.0074601899883997395,None,None,-0.00004306947861102916,-0.2604842066395044,-0.6177599305524921,-0.28380033711608377,0.38270157091029294,-2.7692899272957123,4 days 02:28:07.499999998,false
XMR-USD,false,59,77,97,22.916666666666664,0.5507192568576916,0.1322314049586777,0.0001,0.000035256410256410254,4.008264462809917,7.975206611570248,0.0004008264462809917,-1.13972497507275,0,0,17424,726 days 01:00:00,1000.0,379.15887122109075,-62.08411287789093,34.915698157888286,100.0,139.61355920081985,68.0078563418911,630 days 14:00:00,96,1,18.005150997622934,19.785426026257433,-7.4474029135448285,5.045786514899557,-2.747696383627624,10 days 09:51:49.090909091,2 days 05:26:45.405405405,-6.654648747672205,-0.8269236468960355,-0.5673858009751911,0.9652200628030316,-0.19285648105043596,27.042341785824224,0.9720584629145766,0.38008870584508153,-0.007461921798605249,None,None,-0.00004351396235515559,-0.263172444323981,-0.6208411287789131,-0.28580944373122685,0.38301974669676325,-2.7781146061335353,4 days 02:27:29.999999999,false
XMR-USD,false,60,76,97,22.916666666666664,0.5564720891732209,0.1322314049586777,0.0001,0.000035256410256410254,4.008264462809917,7.975206611570248,0.0004008264462809917,-1.1224274118412796,0,0,17424,726 days 01:00:00,1000.0,383.49362912619426,-61.65063708738058,34.915698157888286,100.0,140.69853520949914,67.54658842111428,630 days 14:00:00,96,1,18.210996031310742,19.78542602625741,-7.447402913544822,5.075091121597785,-2.7404309913549163,10 days 10:00:00,2 days 05:29:11.351351351,-6.6116392385949645,-0.8143081388237075,-0.5660496093352286,0.9657554289664899,-0.19296330811752188,27.022503805005027,0.9721897770253977,0.38052606559974644,-0.0074619217986053,None,None,-0.00004285746072025113,-0.2592019224360788,-0.6165063708738043,-0.2829859750443473,0.383085403506492,-2.765699680659321,4 days 02:31:14.999999998,false
XMR-USD,false,61,75,97,22.916666666666664,0.554766363956727,0.1322314049586777,0.0001,0.000035256410256410254,4.008264462809917,7.975206611570248,0.0004008264462809917,-1.1287540773646296,0,0,17424,726 days 01:00:00,1000.0,381.8861337866856,-61.811386621331444,34.915698157888286,100.0,140.5184666912098,67.68262381753811,630 days 14:00:00,96,1,18.13466075733288,19.78542602625741,-7.447402913544822,5.055776913436556,-2.7404309913549145,10 days 09:57:16.363636363,2 days 05:29:11.351351351,-6.627588822610914,-0.8189155721237261,-0.5668369618641464,0.9655624062866842,-0.19286546950679123,27.025002070803303,0.9721978830479241,0.3804166996751961,-0.0074619217986052816,None,None,-0.00004309903074633606,-0.2606629379538405,-0.6181138662133145,-0.2840305833555251,0.3830772121894912,-2.770303613630214,4 days 02:30:37.499999998,false
XMR-USD,false,66,69,97,22.916666666666664,0.5476330927452456,0.1322314049586777,0.0001,0.000035256410256410254,4.008264462809917,7.975206611570248,0.0004008264462809917,-1.1513542066348852,0,0,17424,726 days 01:00:00,1000.0,376.1841783500381,-62.38158216499619,34.915698157888286,100.0,138.0143739221863,68.25885086923257,630 days 14:00:00,96,1,17.863891493019082,19.785426026257444,-7.447402913544823,5.043310842075341,-2.7565928151254937,10 days 09:38:10.909090909,2 days 05:30:48.648648648,-6.684163678572709,-0.835490957056238,-0.5688550062118745,0.9648584311961399,-0.19357781261251192,27.043103254970845,0.9712908207374483,0.38019801980198015,-0.007458196364188491,None,None,-0.000043965518329207934,-0.26590345485504957,-0.6238158216499565,-0.2877592422225823,0.3830261174604889,-2.786634249239628,4 days 02:27:29.999999998,false
XMR-USD,false,67,68,97,22.916666666666664,0.5476014343235095,0.1322314049586777,0.0001,0.000035256410256410254,4.008264462809917,7.975206611570248,0.0004008264462809917,-1.1516348000125431,0,0,17424,726 days 01:00:00,1000.0,376.1139206999278,-62.388607930007225,34.915698157888286,100.0,138.00886157658272,68.26477897221525,630 days 14:00:00,96,1,17.86055516174747,19.785426026257444,-7.447402913544823,5.043310842075341,-2.756843633718054,10 days 09:38:10.909090909,2 days 05:31:37.297297297,-6.684860775643948,-0.8356946195027806,-0.5688897446446823,0.9648501653154807,-0.19357127203850308,27.0430989457623,0.9714835102020247,0.38019801980198015,-0.007458196364188491,None,None,-0.000043976236490969644,-0.2659682782973844,-0.6238860793000698,-0.2878054149355552,0.38302612582331774,-2.786835470048081,4 days 02:28:07.499999998,false
XMR-USD,false,23,33,228,22.90748898678414,0.47565360643783633,0.31267217630853994,0.0001,0.000035242290748898684,9.421487603305785,18.801652892561982,0.0009421487603305785,-1.8987771684462358,0,0,17424,726 days 01:00:00,1000.0,235.6002927566052,-76.43997072433947,34.915698157888286,100.0,222.2176359129187,78.53282418214307,722 days 11:00:00,227,1,12.347791961004816,20.794840878311845,-6.928026011026205,3.3345104100851874,-1.7783801659705638,4 days 06:11:32.307692307,1 days 00:51:25.714285714,-3.4217951506801794,-1.3630746930614621,-0.6577151205867247,0.9445578352780298,0.21290569043600333,22.875033070947868,0.998737859135467,0.38723031605763863,-0.007633542887437719,None,None,-0.00007105973746864913,-0.42976929221038995,-0.7643997072433959,-0.3945335742990078,0.379456405340108,-3.1892722974828978,1 days 18:34:21.674008809,false
XMR-USD,false,22,47,180,22.905027932960895,0.49128343587308293,0.2465564738292011,0.0001,0.000035238504512247534,7.43801652892562,14.834710743801653,0.000743801652892562,-1.5883117610856565,0,0,17424,726 days 01:00:00,1000.0,285.1989787730495,-71.48010212269506,34.915698157888286,100.0,188.84962961112407,74.23246160783626,722 days 11:00:00,179,1,14.20993206888204,20.68021897104222,-7.1255631390876,3.821011757130261,-2.0024130226727612,5 days 09:01:27.804878048,1 days 07:35:39.130434782,-4.072686889920853,-1.1436326356809075,-0.6301596375988064,0.952987934494766,0.10729637805139076,23.31997685472911,0.9883271715657658,0.38911033163265296,-0.007608808267455877,None,None,-0.000059957255452856183,-0.3626214809788742,-0.7148010212269527,-0.353023270965116,0.38160420251815197,-3.0472196144972687,2 days 05:54:38.212290501,false
XMR-USD,false,23,88,132,22.900763358778626,0.6108794998501049,0.18044077134986225,0.0001,0.00003523194362889019,5.454545454545455,10.867768595041323,0.0005454545454545455,-0.6929964965722132,0,0,17424,726 days 01:00:00,1000.0,512.5568691174095,-48.74431308825905,34.915698157888286,100.0,181.73970308677414,52.05739147837606,722 days 12:00:00,131,1,23.892078147318045,20.753216922254325,-7.677465801481984,4.2574158683432355,-1.8898568946852774,7 days 04:14:00,1 days 20:13:39.801980198,-3.903322206335174,-0.49710716118776443,-0.5481880205300032,0.9791896060410217,-0.05114151092896969,26.52022588906608,0.9861553857587941,0.39344262295081966,-0.0074509256145350875,None,None,-0.000026190650983717586,-0.15840105714952396,-0.4874431308825876,-0.20703304153810176,0.38349015398074443,-2.396057236714499,3 days 01:32:31.145038167,false
XMR-USD,false,26,80,132,22.900763358778626,0.5954006479534601,0.18044077134986225,0.0001,0.00003523194362889019,5.454545454545455,10.867768595041323,0.0005454545454545455,-0.7737903886825875,0,0,17424,726 days 01:00:00,1000.0,484.1864306105298,-51.58135693894702,34.915698157888286,100.0,177.22490368726318,55.795250159267304,635 days 19:00:00,131,1,24.736480895937177,19.59368917755767,-7.677465801481981,4.305078460322806,-1.9633019277955048,7 days 06:30:00,1 days 19:27:55.247524752,-4.126336261720666,-0.556013998779795,-0.5476081187918862,0.9767173477801594,-0.07547785146798458,26.402863275531992,0.984273385894092,0.39255174618396876,-0.0074619217986053015,None,None,-0.00002938325062708554,-0.17770989979261334,-0.5158135693894703,-0.22255117763232635,0.3846555985573577,-2.4773113430439473,3 days 01:28:23.816793892,false
XMR-USD,false,5,11,857,22.897196261682243,0.33704930378483744,1.1790633608815426,0.0001,0.00003522645578720345,35.413223140495866,70.78512396694215,0.0035413223140495866,-6.7399089442196916,0,0,17424,726 days 01:00:00,1000.0,7.722046838729852,-99.22779531612701,34.915698157888286,100.0,410.9155710697782,99.26144419855059,722 days 11:00:00,856,1,0.023753392513225613,12.103466817311471,-11.805396837296508,1.4082172381593774,-1.1385795316591862,1 days 00:19:35.510204081,0 days 06:49:32.727272727,-1.1592309656002164,-5.047775482371881,-0.920077487736846,0.8040620349187163,-0.3890593034854787,37.0909027035918,1.0244345926371807,0.343484965304549,-0.007942674661801864,None,None,-0.0002668193158572165,-1.6137232223044453,-0.99227795316127,-0.8151334687262596,0.3847469455515303,-3.8419249950959125,0 days 10:49:58.598130839,false
XMR-USD,false,10,14,547,22.893772893772894,0.3703922405624925,0.7520661157024794,0.0001,0.00003522118906734292,22.60330578512397,45.16528925619835,0.002260330578512397,-4.563545278383214,0,0,17424,726 days 01:00:00,1000.0,38.37454461744585,-96.16254553825542,34.915698157888286,100.0,350.5568607489628,96.30273163261889,725 days 02:00:00,546,1,0.7719949090752962,16.505653339608426,-11.805396837296527,1.7687375586885712,-1.2794373837000241,1 days 15:29:45.600000,0 days 10:33:38.052256532,-1.7626326928418148,-3.3663810689707683,-0.8367769967770354,0.8656068171900989,-0.37943986742963337,37.63517861179377,1.0199427515611164,0.3556091489030652,-0.007703186549122639,None,None,-0.00017520469582279135,-1.059638000336242,-0.9616254553825552,-0.6774930479263807,0.3788265513268606,-3.7541349768636953,0 days 17:11:05.934065933,false
XMR-USD,false,19,65,167,22.89156626506024,0.5405987379850993,0.22865013774104684,0.0001,0.000035217794253938835,6.900826446280992,13.760330578512397,0.0006900826446280992,-1.2311321846738297,0,0,17424,726 days 01:00:00,1000.0,362.9255129507819,-63.70744870492181,34.915698157888286,100.0,195.82042963893667,66.78615330933832,722 days 11:00:00,166,1,16.468048265093444,21.246964398202294,-7.125563139087587,3.8793543019331045,-1.903931354761887,6 days 02:23:41.052631578,1 days 07:53:54.375000,-3.937003224785011,-0.8819304959232459,-0.5977723918068027,0.9635714359104526,0.14584278224367414,23.302230967841158,0.992543618581518,0.3899968091895341,-0.007520747578736221,None,None,-0.0000461656533495869,-0.27920987145830156,-0.6370744870492149,-0.29657443448166354,0.3810154358748671,-2.8246076139402296,2 days 10:06:30.361445782,false
XMR-USD,false,31,89,119,22.88135593220339,0.5431082520846283,0.162534435261708,0.0001,0.000035202086049543683,4.917355371900826,9.793388429752067,0.0004917355371900827,-1.012515785572129,0,0,17424,726 days 01:00:00,1000.0,411.2405227337092,-58.87594772662907,34.915698157888286,100.0,156.21642583227205,63.802327778962095,635 days 19:00:00,118,1,20.11722470389043,20.40105151435966,-8.039372144347572,4.489650338071483,-2.2594523874304318,8 days 13:20:00,1 days 19:56:42.197802197,-5.159972050594759,-0.7322181832974303,-0.5646676000765738,0.9692785007709065,-0.17412428239755753,26.705436457277088,0.9790550850726291,0.3865679955438848,-0.007461921798605235,None,None,-0.00003872853665184494,-0.2342301896703582,-0.5887594772662896,-0.26538886891077673,0.38498917854619213,-2.6862314326465095,3 days 08:52:22.372881354,false
XMR-USD,false,33,71,119,22.88135593220339,0.6584078278528794,0.162534435261708,0.0001,0.000035202086049543683,4.917355371900826,9.793388429752067,0.0004917355371900827,-0.5383751094595153,0,0,17424,726 days 01:00:00,1000.0,565.4836306129578,-43.451636938704226,34.915698157888286,100.0,174.27280135379502,50.7215162863233,635 days 19:00:00,118,1,26.636691685123765,20.352261490647468,-8.039372144347592,4.86874650924607,-2.019932022942407,7 days 16:40:00,2 days 02:57:21.758241758,-3.90807678874717,-0.38605225202295973,-0.49127321880680175,0.9837629085696115,-0.06704387004238406,26.279154024606026,0.985763239819246,0.39321979691372827,-0.0074524114604908685,None,None,-0.000020435592532855995,-0.12359446363871306,-0.4345163693870374,-0.17951983711753883,0.38530007074121014,-2.2444728082542285,3 days 09:33:03.050847457,false
XMR-USD,false,33,72,119,22.88135593220339,0.6386622249618629,0.162534435261708,0.0001,0.000035202086049543683,4.917355371900826,9.793388429752067,0.0004917355371900827,-0.6063476923054446,0,0,17424,726 days 01:00:00,1000.0,540.8690959143257,-45.91309040856743,34.915698157888286,100.0,169.98668569474376,52.67444523617555,635 days 19:00:00,118,1,25.477242080845144,20.111392114738088,-8.039372144347572,4.86676369585543,-2.067401261824901,7 days 20:20:00,2 days 01:44:50.109890109,-4.106848696326433,-0.43491087308381093,-0.5045957893776005,0.9817114614258523,-0.06628501450289438,26.353205871032966,0.9867150876308758,0.39177316293929715,-0.00745092561453504,None,None,-0.00002300624533533504,-0.13914177178810633,-0.4591309040856718,-0.19209625199495206,0.38503785173510496,-2.3149698511239585,3 days 09:27:27.457627116,false
XMR-USD,false,8,21,508,22.879684418145956,0.3798783471227547,0.6983471074380165,0.0001,0.00003519951448945532,20.991735537190085,41.94214876033058,0.0020991735537190088,-4.14746812910073,0,0,17424,726 days 01:00:00,1000.0,50.881495067530295,-94.91185049324697,34.915698157888286,100.0,341.7241790633621,95.12390455629401,725 days 02:00:00,507,1,1.023601857686053,14.34490328265698,-11.465212964445202,1.837531415530535,-1.2863222178773102,1 days 20:32:04.137931034,0 days 10:55:42.199488491,-1.8740475479095766,-3.05660831158252,-0.8160458033790589,0.8775794249908911,-0.4284900300928947,37.35739457330287,1.0207023327317586,0.359840799125956,-0.007658393323117574,None,None,-0.0001590248766090939,-0.9617824537317998,-0.94911850493247,-0.6443170285595871,0.3786894636959516,-3.718314554790139,0 days 18:37:02.485207099,false
XMR-USD,false,23,66,154,22.875816993464053,0.6037503299696025,0.21074380165289255,0.0001,0.000035193564605329314,6.363636363636364,12.685950413223141,0.0006363636363636364,-0.8975207796546071,0,0,17424,726 days 01:00:00,1000.0,451.72077446377307,-54.827922553622685,34.915698157888286,100.0,200.08899918583487,58.5349629648427,722 days 11:00:00,153,1,20.047729885183855,22.090837561254002,-7.1725056880547,4.221705926166489,-1.884391558107031,6 days 13:36:00,1 days 11:01:31.525423728,-3.7145552641922226,-0.6424878435421455,-0.56265968963551,0.9733724642633421,0.12141764025057195,23.012883015639147,0.9884113557624301,0.39333120102350866,-0.007461921798605325,None,None,-0.000033616167558219976,-0.20331058139211441,-0.5482792255362323,-0.24105604322915353,0.3808388361594742,-2.5702943216455707,2 days 15:03:55.294117645,false
XMR-USD,false,10,15,530,22.873345935727787,0.3737432407100485,0.7286501377410468,0.0001,0.00003518976297804275,21.90082644628099,43.760330578512395,0.002190082644628099,-4.517671223140428,0,0,17424,726 days 01:00:00,1000.0,39.073253251240885,-96.09267467487591,34.915698157888286,100.0,342.0769946903501,96.24726884914598,725 days 02:00:00,529,1,0.7860510891184802,14.34490328265698,-11.805396837296525,1.784529590918688,-1.3036770333597385,1 days 17:17:21.322314049,0 days 10:47:12.352941176,-1.8179826046084648,-3.3371772046269363,-0.8354209413948164,0.866648957001208,-0.40532439265215187,37.43758825363687,1.0164821755004323,0.3566645904702585,-0.007707233942765893,None,None,-0.0001741100660298992,-1.0530176793488304,-0.9609267467487587,-0.6754669167997269,0.3797541741299728,-3.7521338465107075,0 days 17:45:49.338374290,false
XMR-USD,false,22,44,189,22.872340425531913,0.5110547304883022,0.25895316804407714,0.0001,0.00003518821603927987,7.809917355371901,15.578512396694215,0.0007809917355371902,-1.5414834435869504,0,0,17424,726 days 01:00:00,1000.0,295.3878488802436,-70.46121511197563,34.915698157888286,100.0,196.49973878377466,73.1250010185363,722 days 11:00:00,188,1,14.717588697614644,20.680218971042223,-7.125563139087605,3.9070735835757917,-1.9565825985575473,5 days 04:18:08.372093023,1 days 05:35:10.344827586,-3.8262220203051647,-1.108505716578146,-0.6267456358581507,0.954409503207631,0.12069531413991161,23.41186165874239,0.9898232219613375,0.38877819399059543,-0.007608808267455732,None,None,-0.00005799387185320083,-0.3507469369681586,-0.7046121511197581,-0.3450926098867443,0.3808045350336424,-3.018038270160059,2 days 03:14:59.999999999,false
XMR-USD,false,9,20,482,22.86902286902287,0.37890183034360725,0.662534435261708,0.0001,0.00003518311210618903,19.917355371900825,39.79338842975207,0.0019917355371900825,-4.073413093415923,0,0,17424,726 days 01:00:00,1000.0,52.945955092643544,-94.70540449073565,34.915698157888286,100.0,327.4406230372738,94.92606241134911,725 days 02:00:00,481,1,1.065133363669105,14.344903282656974,-11.46521296444519,1.9021709781800549,-1.3336548632855225,1 days 23:08:43.636363636,0 days 11:28:18.113207547,-1.971141742767204,-3.00591782962757,-0.8129863248839533,0.8794479075795544,-0.45488228438043904,37.08839756372035,1.0152016114341147,0.36069030142120884,-0.007678807590829343,None,None,-0.0001566950191570387,-0.9476914758617702,-0.9470540449073578,-0.6393729580689578,0.37943381436056595,-3.712401856107221,0 days 19:37:47.775467775,false
XMR-USD,false,13,45,259,22.868217054263564,0.42786202677292107,0.35537190082644626,0.0001,0.000035181872391174715,10.702479338842975,21.363636363636363,0.0010702479338842977,-2.2672737259744626,0,0,17424,726 days 01:00:00,1000.0,188.1196291753232,-81.18803708246767,34.915698157888286,100.0,229.84882256237984,82.57373391336512,722 days 11:00:00,258,1,8.704630116680647,24.879197779776185,-6.399618215274414,2.887306685150376,-1.6591685973667027,3 days 20:30:30.508474576,0 days 21:13:52.160804020,-3.1805620191525534,-1.628509262858992,-0.6881645918708783,0.9342261242444393,0.2973584395569982,22.446885184488995,0.9978313689320092,0.3853553824137382,-0.007617955658402044,None,None,-0.00008417824745558587,-0.5091100406113833,-0.8118803708246773,-0.44002951400893575,0.3762422742655555,-3.325258876833467,1 days 13:31:51.627906975,false
XMR-USD,false,3,6,1431,22.867132867132867,0.35624198495234094,1.9696969696969697,0.0001,0.00003518020441097365,59.13223140495868,118.22314049586777,0.005913223140495868,-8.1478700687263,0,0,17424,726 days 01:00:00,1000.0,2.5232289909251904,-99.74767710090748,34.915698157888286,100.0,550.0364451521176,99.75324063498836,725 days 02:00:00,1430,1,0.007934763059101346,14.083376710948123,-11.192981014084529,1.3074536151701959,-0.9179279148250206,0 days 14:00:22.018348623,0 days 04:08:25.893019038,-0.6975417522882075,-6.175568298280547,-0.9529321995954569,0.7668006782639959,-0.5372148631171936,35.18220107030138,1.0765874553495238,0.3379146191646192,-0.008177292124059182,None,None,-0.0003306639954595726,-1.9998558445394952,-0.9974767710090752,-0.8746132667510095,0.38973366744841065,-3.8568146238935257,0 days 06:23:47.412587410,false
XMR-USD,false,14,25,329,22.865853658536587,0.4604633932964103,0.45179063360881544,0.0001,0.00003517823639774859,13.59504132231405,27.14876033057851,0.001359504132231405,-2.5821026599982044,0,0,17424,726 days 01:00:00,1000.0,155.40667758706923,-84.45933224129307,34.915698157888286,100.0,286.47791308129126,85.52382288339832,722 days 11:00:00,328,1,6.48335735658182,21.3429740344763,-7.903274888121222,2.7113053826194444,-1.5078105942727595,2 days 20:12:48,0 days 17:12:34.150197628,-2.5947459749070534,-1.8567710077153055,-0.7106546564144942,0.9248738668783392,0.32057848376108233,22.35825195695493,1.0156132439218246,0.3703208556149733,-0.0076150902355893516,None,None,-0.00009530438241001276,-0.5764009048157572,-0.8445933224129318,-0.47595423383544766,0.373604819034796,-3.418950119781915,1 days 04:52:19.024390243,false
XMR-USD,false,15,80,176,22.857142857142858,0.5074275035350523,0.24104683195592286,0.0001,0.00003516483516483517,7.272727272727273,14.50413223140496,0.0007272727272727273,-1.3770628251719537,0,0,17424,726 days 01:00:00,1000.0,329.1471682397487,-67.08528317602513,34.915698157888286,100.0,196.5747862605154,69.48722857818623,722 days 11:00:00,175,1,15.63024081570535,21.24696439820229,-7.1255631390875855,3.5923845565129993,-1.8551890702750344,5 days 23:13:30,1 days 05:23:06.666666666,-3.922760414719753,-0.9897185726791027,-0.6159718864200734,0.9593517048759698,0.10126844881079669,23.092159493157855,0.9869181590001844,0.39199552644192365,-0.007555296026784058,None,None,-0.000051782005583890284,-0.31317756977136846,-0.6708528317602476,-0.32002626824552216,0.38082468488296284,-2.9213501867459857,2 days 07:24:20.571428570,false
XMR-USD,false,17,38,246,22.857142857142858,0.4453909210744612,0.33746556473829203,0.0001,0.00003516483516483517,10.165289256198347,20.289256198347108,0.0010165289256198347,-2.2720643716150493,0,0,17424,726 days 01:00:00,1000.0,187.232242936308,-81.2767757063692,34.915698157888286,100.0,227.8290376698499,82.67803706102657,722 days 11:00:00,245,1,8.891114151793374,24.8791977797762,-6.399618215274422,3.060970682835438,-1.7530033689167084,3 days 21:41:47.142857142,0 days 23:19:40.952380952,-3.353709678430554,-1.6326687430520863,-0.6885362823854296,0.9339463835532973,0.2930596645486302,22.428883335986104,0.9943941126790572,0.38414488839463024,-0.007641628599557697,None,None,-0.00008443722207235517,-0.510676319093604,-0.8127677570636913,-0.4409477466408467,0.37643829942919865,-3.327800387631855,1 days 15:24:44.081632651,false
XMR-USD,false,17,67,176,22.857142857142858,0.5015029558326297,0.24104683195592286,0.0001,0.00003516483516483517,7.272727272727273,14.50413223140496,0.0007272727272727273,-1.4372682211452046,0,0,17424,726 days 01:00:00,1000.0,316.64172403224507,-68.33582759677549,34.915698157888286,100.0,192.62584196517315,71.0219058661218,722 days 11:00:00,175,1,14.367882686750022,21.246964398202298,-7.125563139087608,3.669520660618823,-1.901737436190646,5 days 18:37:30,1 days 06:17:46.666666666,-3.987006620882889,-1.0323502890476515,-0.6181923086631375,0.9574776192661141,0.1311534031233512,23.349476201161085,0.9890600607129159,0.38911033163265296,-0.007529929648075572,None,None,-0.000054007906125384964,-0.32663981624632826,-0.683358275967755,-0.3291067291699974,0.38079233751805736,-2.957166294878649,2 days 07:03:25.714285713,false
XMR-USD,false,20,88,141,22.857142857142858,0.6067848271064533,0.1928374655647383,0.0001,0.00003516483516483517,5.8264462809917354,11.611570247933885,0.0005826446280991736,-0.7081535162447932,0,0,17424,726 days 01:00:00,1000.0,511.1809600573598,-48.88190399426402,34.915698157888286,100.0,189.8919789086354,53.82033967642591,722 days 11:00:00,140,1,22.686620560774713,22.53913899546882,-7.007675914303735,4.070219222470468,-1.7862748299488536,6 days 22:03:45,1 days 16:11:40,-3.6536118607386783,-0.5044274072887509,-0.5320245722587491,0.9790527322666546,0.18719963906295045,22.99198465006039,0.9915842889779077,0.39366552027513396,-0.007477354898302143,None,None,-0.000026460603788827157,-0.16003373171482665,-0.488819039942632,-0.20777251526054585,0.3818203038719191,-2.39999789702674,2 days 20:57:51.428571428,false
XMR-USD,false,21,89,141,22.857142857142858,0.5950083080227485,0.1928374655647383,0.0001,0.00003516483516483517,5.8264462809917354,11.611570247933885,0.0005826446280991736,-0.7205954363057675,0,0,17424,726 days 01:00:00,1000.0,502.05566674594525,-49.79443332540547,34.915698157888286,100.0,188.29927304826836,53.03963377115497,722 days 12:00:00,140,1,26.074910005783806,20.447270518144983,-7.007675914303752,3.966903225857061,-1.7859301820100981,7 days 04:00:00,1 days 14:21:40,-3.742994594713136,-0.5156696242204366,-0.5519849200048814,0.9784338085369578,-0.016939997868277643,26.240830310585206,0.9911691682575933,0.393108410617205,-0.0074619217986052954,None,None,-0.00002728001802566599,-0.1649895490192279,-0.4979443332540554,-0.21271004473471844,0.38506234157497243,-2.4261331135421025,2 days 20:54:25.714285713,false
XMR-USD,false,31,35,176,22.857142857142858,0.5200228283591894,0.24104683195592286,0.0001,0.00003516483516483517,7.272727272727273,14.50413223140496,0.0007272727272727273,-1.406523775670778,0,0,17424,726 days 01:00:00,1000.0,321.7446517568617,-67.82553482431382,34.915698157888286,100.0,194.28987022091152,70.9305843159571,722 days 11:00:00,175,1,14.599432294213614,21.538862549074317,-7.125563139087587,3.902673017502424,-1.9505212860758272,5 days 11:01:30,1 days 08:48:26.666666666,-3.9591701744991568,-1.0112407598369804,-0.6126064364454155,0.9583750152259221,0.1102421651604629,23.264202165946763,0.988483083839709,0.3914397508584205,-0.007608808267455737,None,None,-0.000053031582063501836,-0.3207350083200591,-0.6782553482431366,-0.3253736002334431,0.3817138881217965,-2.942551299349872,2 days 07:15:25.714285713,false
XMR-USD,false,46,68,106,22.857142857142858,0.601851504823857,0.1446280991735537,0.0001,0.00003516483516483517,4.380165289256198,8.71900826446281,0.0004380165289256199,-0.7750989953286357,0,0,17424,726 days 01:00:00,1000.0,486.29786346470996,-51.37021365352901,34.915698157888286,100.0,152.85584828950496,56.803442124858464,635 days 19:00:00,105,1,23.612783727503597,20.237563436749493,-9.192802668893412,5.0601698299430975,-2.3332712470576267,9 days 01:40:00,2 days 04:40:00,-5.117284954883746,-0.5575795189302771,-0.5352114298453439,0.9764791230820763,-0.08238681425268114,26.610923793935417,0.9835535940627999,0.3835953628712085,-0.007445281664846144,None,None,-0.00002928401486152743,-0.1771097218825179,-0.5137021365352872,-0.221376122495345,0.3822801520565937,-2.4712641122406787,3 days 18:22:51.428571428,false
XMR-USD,false,48,63,106,22.857142857142858,0.5801812516478554,0.1446280991735537,0.0001,0.00003516483516483517,4.380165289256198,8.71900826446281,0.0004380165289256199,-0.852328760968363,0,0,17424,726 days 01:00:00,1000.0,460.2859319225913,-53.97140680774088,34.915698157888286,100.0,149.04457940963474,58.769084888264814,635 days 19:00:00,105,1,22.349742780824045,20.23917047314162,-9.192802668893414,5.023227627472511,-2.3896291393479663,9 days 01:25:00,2 days 05:08:53.333333333,-5.352988674840319,-0.6141746915806438,-0.549591171109634,0.9741561916620619,-0.10704017181228426,26.47572714408372,0.9809881451514398,0.3854655323209032,-0.007458196364188666,None,None,-0.00003235994919660004,-0.19571297274103705,-0.5397140680774074,-0.2360918890327972,0.3835074977577491,-2.545763357320909,3 days 18:41:42.857142856,false
XMR-USD,false,49,62,106,22.857142857142858,0.5905364553919678,0.1446280991735537,0.0001,0.00003516483516483517,4.380165289256198,8.71900826446281,0.0004380165289256199,-0.7955168433780939,0,0,17424,726 days 01:00:00,1000.0,479.18708339978207,-52.08129166002179,34.915698157888286,100.0,149.87997791877885,57.0703932413574,635 days 19:00:00,105,1,23.267511160170557,20.239170473141613,-9.192802668893417,5.065120044185237,-2.352917503695688,9 days 01:20:00,2 days 05:08:08.888888888,-5.181718359622746,-0.5722718457209781,-0.5417054133573583,0.9759147574216412,-0.0808080758664216,26.47254544975203,0.983367563618669,0.3851351351351352,-0.007452411460490791,None,None,-0.000030096504267498212,-0.18202365780982918,-0.5208129166002204,-0.22534681786840072,0.38279972660245815,-2.4916296797077044,3 days 18:39:59.999999998,false
XMR-USD,false,50,61,106,22.857142857142858,0.5896981664776254,0.1446280991735537,0.0001,0.00003516483516483517,4.380165289256198,8.71900826446281,0.0004380165289256199,-0.8034330707969244,0,0,17424,726 days 01:00:00,1000.0,476.71146664791763,-52.32885333520824,34.915698157888286,100.0,150.0208031366469,57.292179798892796,635 days 19:00:00,105,1,23.147304580323635,20.239170473141613,-9.192802668893405,5.065120044185239,-2.359291281968942,9 days 01:20:00,2 days 05:05:55.555555555,-5.204150837451491,-0.5779994014461272,-0.5427442379372364,0.9756722877699374,-0.08083405456153092,26.48080220849761,0.9833277796004656,0.3849149578763313,-0.007452411460490837,None,None,-0.00003039550861847913,-0.18383203612456178,-0.5232885333520901,-0.22673823886477285,0.38277183189014485,-2.498719948218647,3 days 18:38:17.142857141,false
XMR-USD,false,53,57,106,22.857142857142858,0.5887745171249029,0.1446280991735537,0.0001,0.00003516483516483517,4.380165289256198,8.71900826446281,0.0004380165289256199,-0.8069506402493114,0,0,17424,726 days 01:00:00,1000.0,475.4745960437158,-52.452540395628425,34.915698157888286,100.0,149.70376780561847,57.549900184932376,635 days 19:00:00,105,1,23.087246825046236,20.755148066145253,-9.192802668893414,5.062626435805987,-2.360288593133915,9 days 01:25:00,2 days 05:12:35.555555555,-5.2153585788698145,-0.5805439760261046,-0.5418764562008924,0.9755840562548187,-0.08074181425588603,26.44875497774615,0.9826243535679986,0.3856858846918489,-0.007452411460490865,None,None,-0.00003053783719294383,-0.1846928393429243,-0.5245254039562826,-0.22743519015490232,0.38287860306144617,-2.5022623966571937,3 days 18:44:34.285714285,false
XMR-USD,false,55,56,106,22.857142857142858,0.5855183800002408,0.1446280991735537,0.0001,0.00003516483516483517,4.380165289256198,8.71900826446281,0.0004380165289256199,-0.8263118013450373,0,0,17424,726 days 01:00:00,1000.0,469.50224866772555,-53.04977513322744,34.915698157888286,100.0,149.0956578383259,58.1643692640001,635 days 19:00:00,105,1,22.797252240389696,20.23917047314162,-9.192802668893387,5.084865186507816,-2.3825483869015174,9 days 01:22:30,2 days 04:58:31.111111111,-5.269476224501563,-0.5945538221093604,-0.5436463057483562,0.9749778116591827,-0.08098841942376829,26.47382299915492,0.9828372855439921,0.3843648208469055,-0.007460189988399869,None,None,-0.000031268260501870136,-0.1891104395153106,-0.5304977513322681,-0.23081724966190076,0.3827987319627131,-2.5193674459361266,3 days 18:33:08.571428570,false
XMR-USD,false,14,23,338,22.8486646884273,0.4508612472877361,0.4641873278236915,0.0001,0.0000351517918283497,13.966942148760332,27.892561983471076,0.0013966942148760332,-2.725327161617593,0,0,17424,726 days 01:00:00,1000.0,132.9975439276143,-86.70024560723857,34.915698157888286,100.0,282.0803523758075,87.44079513189298,722 days 11:00:00,337,1,5.548478470928671,21.34297403447629,-11.319358271246262,2.6988722323612775,-1.5400452031983638,2 days 18:44:24.935064935,0 days 16:36:27.692307692,-2.5891719125914388,-1.9899536018545934,-0.7288494928869499,0.9186550166930588,-0.4098846811397272,36.89488871853518,1.0080039225425803,0.3703208556149733,-0.007615482258610158,None,None,-0.00010382540664192142,-0.6279360593703407,-0.8670024560723874,-0.5035253743042336,0.37976823365599643,-3.4831308030898107,1 days 04:03:44.332344212,false
XMR-USD,false,17,77,163,22.839506172839506,0.5245803521440354,0.2231404958677686,0.0001,0.00003513770180436847,6.735537190082645,13.429752066115704,0.0006735537190082645,-1.295376839949746,0,0,17424,726 days 01:00:00,1000.0,346.47245960931104,-65.3527540390689,34.915698157888286,100.0,185.86180278362787,68.19607558138935,722 days 11:00:00,162,1,15.721477228153788,22.09083756125399,-7.172505688054678,3.9420195618586513,-1.9750627702794996,6 days 09:06:29.189189189,1 days 07:59:02.400000,-4.131166775424955,-0.9310381325123839,-0.6057228113245021,0.9616555163781698,0.08988047888742719,23.057300943655218,0.9863535585843787,0.39188433580956944,-0.007528596230453404,None,None,-0.00004879624386592262,-0.2951196829011,-0.6535275403906875,-0.30781089652201066,0.3814844751765814,-2.8717298374944327,2 days 11:38:53.333333332,false
XMR-USD,false,21,64,163,22.839506172839506,0.5685289489560023,0.2231404958677686,0.0001,0.00003513770180436847,6.735537190082645,13.429752066115704,0.0006735537190082645,-1.1439758442335501,0,0,17424,726 days 01:00:00,1000.0,383.6004284941764,-61.63995715058236,34.915698157888286,100.0,199.49374335506621,65.04466856627845,722 days 11:00:00,162,1,17.40618982553957,21.246964398202287,-7.172505688054688,4.114446015226993,-1.9423782641507636,6 days 06:25:56.756756756,1 days 08:36:00,-3.9123812427861973,-0.8196332617943142,-0.5876895680267532,0.9660709477104408,0.1304623748287874,23.301143056068156,0.9905384308632389,0.3907734056987789,-0.0074899414316318665,None,None,-0.00004295661169280479,-0.2598015875180834,-0.6163995715058233,-0.2829166743324676,0.38147702582655113,-2.7653938028633243,2 days 11:30:44.444444443,false
XMR-USD,false,22,61,163,22.839506172839506,0.5653148161109608,0.2231404958677686,0.0001,0.00003513770180436847,6.735537190082645,13.429752066115704,0.0006735537190082645,-1.1540001005059957,0,0,17424,726 days 01:00:00,1000.0,380.7139355466268,-61.92860644533732,34.915698157888286,100.0,198.49990928620528,65.15821060516357,722 days 11:00:00,162,1,17.275212797249083,21.32200827661489,-7.172505688054683,4.069155802384929,-1.9356478510184552,6 days 04:17:50.270270270,1 days 09:13:55.200000,-3.9293906003124803,-0.826838081062474,-0.5902586199705179,0.96577383689823,0.1311412373835001,23.23483821807529,0.9906333881646611,0.3906624102154829,-0.0075173321114078845,None,None,-0.00004337013460707225,-0.26230257410357294,-0.6192860644533731,-0.2847941313644463,0.3817932483149762,-2.773660837749744,2 days 11:30:44.444444444,false
XMR-USD,false,14,44,255,22.83464566929134,0.4378533467339194,0.349862258953168,0.0001,0.00003513022410660207,10.537190082644628,21.03305785123967,0.0010537190082644627,-2.2153046642764425,0,0,17424,726 days 01:00:00,1000.0,193.56682578339485,-80.64331742166051,34.915698157888286,100.0,228.35104261062654,82.06913852406642,722 days 11:00:00,254,1,8.956681600377237,24.879197779776216,-6.399618215274423,2.9865875998673475,-1.6824923780578098,3 days 21:11:22.758620689,0 days 21:50:48.979591836,-3.2101962827440222,-1.5919109876145543,-0.6847918182831412,0.9356438025745254,0.285898827704684,22.28623061314063,0.9965551008055799,0.3861267997772651,-0.0076416285995575175,None,None,-0.00008248373144589714,-0.4988616077847859,-0.8064331742166045,-0.4344540234517099,0.3771442263893152,-3.3096578810193797,1 days 14:08:16.062992124,false
XMR-USD,false,27,78,128,22.83464566929134,0.5971411281489628,0.174931129476584,0.0001,0.00003513022410660207,5.289256198347108,10.537190082644628,0.0005289256198347108,-0.7462216437929442,0,0,17424,726 days 01:00:00,1000.0,492.4106035983601,-50.758939640163995,34.915698157888286,100.0,171.65478665883063,54.9239428701649,635 days 19:00:00,127,1,25.156643637263585,19.59368917755768,-7.677465801481967,4.485399154868959,-2.0070456557673615,7 days 12:41:22.758620689,1 days 20:50:12.244897959,-4.194850708967743,-0.5360624445518767,-0.545543682157103,0.9775502259293428,-0.07402993026422824,26.247153639619707,0.9849092001631944,0.39288569144684243,-0.007468588115302457,None,None,-0.000028376014425285135,-0.1716181352441245,-0.5075893964016382,-0.21799292955936156,0.38529551890286623,-2.4537569723117896,3 days 03:51:29.763779527,false
XMR-USD,false,28,30,220,22.831050228310502,0.48033851436174707,0.30165289256198347,0.0001,0.000035124692658939236,9.090909090909092,18.140495867768596,0.0009090909090909092,-1.8574324716799415,0,0,17424,726 days 01:00:00,1000.0,241.2078235584513,-75.87921764415488,34.915698157888286,100.0,213.6430389745327,78.02188318025031,722 days 11:00:00,219,1,12.218541749631044,20.68021897104222,-6.928026011026195,3.472209694151308,-1.8285587844765998,4 days 10:34:48,1 days 01:38:20.591715976,-3.520596886717719,-1.3321775513023988,-0.654651065275249,0.9457221366656287,0.21700874015000401,22.673029274106135,0.9998301329597313,0.3866783383733885,-0.007655345219876751,None,None,-0.00006964342989756583,-0.4212034640204781,-0.7587921764415487,-0.38957015274004747,0.38051868305486825,-3.1732120979231215,1 days 20:07:07.397260273,false
XMR-USD,false,9,29,369,22.82608695652174,0.43696978654989976,0.5068870523415978,0.0001,0.00003511705685618729,15.24793388429752,30.454545454545457,0.001524793388429752,-2.9972638778647274,0,0,17424,726 days 01:00:00,1000.0,110.09993079537867,-88.99000692046212,34.915698157888286,100.0,298.51931270317766,89.60305922960387,722 days 11:00:00,368,1,4.593220879337281,21.123879122043235,-11.595387641454273,2.4301333667357254,-1.4650746477023724,2 days 15:24:17.142857142,0 days 14:32:57.464788732,-2.430688288271626,-2.194750514048387,-0.7479394179736468,0.9107876857801204,-0.42239598161279746,36.76124709947263,1.0047471031626556,0.3705364165486865,-0.007650913471011351,None,None,-0.00011463969472622155,-0.693340873704188,-0.8899000692046218,-0.5350393024726368,0.38019622974362416,-3.5487105117603717,1 days 01:42:03.913043477,false
XMR-USD,false,57,87,93,22.82608695652174,0.5523131925038338,0.12672176308539945,0.0001,0.00003511705685618729,3.8429752066115705,7.644628099173554,0.00038429752066115706,-1.0833172834368896,0,0,17424,726 days 01:00:00,1000.0,397.24656589074743,-60.27534341092525,34.915698157888286,100.0,135.65032552289674,65.9543563200257,630 days 14:00:00,92,1,18.86408296109579,18.1921003062634,-7.193138527540471,5.168437908574754,-2.767734453108314,10 days 20:05:42.857142857,2 days 08:14:21.971830985,-6.756712142069004,-0.7833281084118426,-0.5629789901995921,0.967119831241569,-0.1227289238178195,26.946143094235413,0.9733658134850058,0.38019801980198015,-0.007451445542635734,None,None,-0.00004098218744800559,-0.24786026968553782,-0.6027534341092561,-0.27416353434164364,0.3808108984452488,-2.7263107023769373,4 days 06:46:18.260869563,false
XMR-USD,false,58,86,93,22.82608695652174,0.554866780808533,0.12672176308539945,0.0001,0.00003511705685618729,3.8429752066115705,7.644628099173554,0.00038429752066115706,-1.0840571562144359,0,0,17424,726 days 01:00:00,1000.0,396.9260962355038,-60.30739037644962,34.915698157888286,100.0,135.52609072718246,65.98182187071762,630 days 14:00:00,92,1,18.848864790110497,18.1921003062634,-7.193138527540466,5.242476790084895,-2.7899465533322543,10 days 20:08:34.285714285,2 days 08:10:08.450704225,-6.760030092984854,-0.7839672795503236,-0.5631311525316564,0.9670867685698029,-0.12404868428344755,26.927624068150372,0.9733351407719001,0.37997940920250256,-0.0074514455426357125,None,None,-0.000041023716163271484,-0.24811143535546593,-0.6030739037644977,-0.27436682571631366,0.3808859967262496,-2.7272285406907937,4 days 06:43:41.739130434,false
XMR-USD,false,59,82,93,22.82608695652174,0.5605113311596817,0.12672176308539945,0.0001,0.00003511705685618729,3.8429752066115705,7.644628099173554,0.00038429752066115706,-1.0428860257573,0,0,17424,726 days 01:00:00,1000.0,408.06202291304794,-59.19379770869521,34.915698157888286,100.0,138.68868022895356,65.32392813935385,630 days 14:00:00,92,1,19.377677529429775,18.4673519747005,-7.193138527540464,5.10398890950537,-2.7127735693942667,10 days 19:51:25.714285714,2 days 08:09:17.746478873,-6.644735376265016,-0.7538447113853556,-0.555327284754673,0.9683119388961585,-0.1221589616367876,26.9589496622589,0.974775431187496,0.37954239569313597,-0.0074452816648462195,None,None,-0.000039440328941094214,-0.2385351094357378,-0.5919379770869508,-0.26736457299883554,0.3808172217807309,-2.695334787264505,4 days 06:39:07.826086955,false
XMR-USD,false,59,85,93,22.82608695652174,0.5546087294546391,0.12672176308539945,0.0001,0.00003511705685618729,3.8429752066115705,7.644628099173554,0.00038429752066115706,-1.078377763986208,0,0,17424,726 days 01:00:00,1000.0,398.4320108652472,-60.156798913475285,34.915698157888286,100.0,135.48488789411718,65.75230627597844,630 days 14:00:00,92,1,18.920376291900595,18.192100306263416,-7.193138527540461,5.232259420190493,-2.781782443656641,10 days 20:11:25.714285714,2 days 08:06:45.633802816,-6.744438754637537,-0.7798388683070033,-0.5632756013608894,0.9672534076092981,-0.12413205676699635,26.9299842332457,0.9733025221034154,0.3798701298701298,-0.007451445542635821,None,None,-0.00004080688098547721,-0.24680001620016617,-0.601567989134752,-0.27341247123704215,0.3808785090686753,-2.7229155390634636,4 days 06:41:44.347826085,false
XMR-USD,false,60,81,93,22.82608695652174,0.557487411953757,0.12672176308539945,0.0001,0.00003511705685618729,3.8429752066115705,7.644628099173554,0.00038429752066115706,-1.0791750890733314,0,0,17424,726 days 01:00:00,1000.0,398.44325648167,-60.155674351833,34.915698157888286,100.0,138.3913474247487,66.14130642318472,630 days 14:00:00,92,1,18.920910313486615,18.4673519747005,-7.193138527540461,5.116336540039309,-2.749236720555725,10 days 19:54:17.142857142,2 days 08:06:45.633802816,-6.744322324258874,-0.7805236247584352,-0.5599492732037501,0.9672052285852041,-0.12554324723092078,26.996447888574746,0.9732578270118971,0.37954239569313597,-0.007445281664846163,None,None,-0.000040819085882984924,-0.24687383142029282,-0.6015567435183342,-0.27340535333550586,0.3806581795620834,-2.7228833311540814,4 days 06:37:49.565217390,false
XMR-USD,false,61,80,93,22.82608695652174,0.5502195380949237,0.12672176308539945,0.0001,0.00003511705685618729,3.8429752066115705,7.644628099173554,0.00038429752066115706,-1.118058653887124,0,0,17424,726 days 01:00:00,1000.0,388.4506273847327,-61.15493726152673,34.915698157888286,100.0,137.68905751356223,66.94226927161347,630 days 14:00:00,92,1,18.44638944793445,18.467351974700502,-7.193138527540459,5.079112976058867,-2.774978344354789,10 days 19:57:08.571428571,2 days 08:03:22.816901408,-6.8477800224261145,-0.8088722891300418,-0.5651831044387117,0.9660307763631149,-0.1253898363000248,27.03092192832625,0.9730894563574173,0.37910565888405223,-0.007446826610916549,None,None,-0.00004228566643720402,-0.2557437106122099,-0.6115493726152665,-0.27978262965389833,0.3805144613084435,-2.7515026331418317,4 days 06:35:52.173913042,false
XMR-USD,false,61,81,93,22.82608695652174,0.5401600773059844,0.12672176308539945,0.0001,0.00003511705685618729,3.8429752066115705,7.644628099173554,0.00038429752066115706,-1.1460307072330518,0,0,17424,726 days 01:00:00,1000.0,381.60833440148826,-61.83916655985118,34.915698157888286,100.0,134.9846066499968,67.32830101591205,630 days 14:00:00,92,1,18.12146887325156,18.46735197470049,-7.1931385275404685,5.046090068767651,-2.791212727081258,10 days 19:57:08.571428571,2 days 08:02:32.112676056,-6.9186210268669885,-0.8293647352333114,-0.5701548452017035,0.9651804829804698,-0.12654740885950186,27.102306076739122,0.9716271069536236,0.3792148171600443,-0.007446826610916467,None,None,-0.00004332376211976807,-0.2620221133003573,-0.6183916655985139,-0.2842113981749931,0.38022313799215207,-2.771099242530261,4 days 06:35:13.043478259,false
XMR-USD,false,62,79,93,22.82608695652174,0.5521205230736367,0.12672176308539945,0.0001,0.00003511705685618729,3.8429752066115705,7.644628099173554,0.00038429752066115706,-1.1097690013776662,0,0,17424,726 days 01:00:00,1000.0,390.7039198217294,-60.929608017827064,34.915698157888286,100.0,137.8600320781678,66.75051070724706,630 days 14:00:00,92,1,18.55339174604569,18.467351974700502,-7.193138527540466,5.1029012169470995,-2.773722753827645,10 days 19:48:34.285714285,2 days 08:00:50.704225352,-6.824450781786057,-0.8028148760342247,-0.5640947915752547,0.9662663194064605,-0.12503562254658687,27.055765113652193,0.9729260496780624,0.37888739416000633,-0.007445281664846192,None,None,-0.00004195930287140404,-0.2537698637662516,-0.609296080178273,-0.27833531237238784,0.3804265309924021,-2.7450491106408426,4 days 06:31:57.391304346,false
XMR-USD,false,62,80,93,22.82608695652174,0.5443176145646798,0.12672176308539945,0.0001,0.00003511705685618729,3.8429752066115705,7.644628099173554,0.00038429752066115706,-1.130903925179113,0,0,17424,726 days 01:00:00,1000.0,385.49545574846763,-61.45045442515323,34.915698157888286,100.0,135.61763267729634,66.9955020513341,630 days 14:00:00,92,1,18.306056949941024,18.46735197470049,-7.193138527540455,5.085313515513954,-2.787911141909023,10 days 19:54:17.142857142,2 days 08:01:41.408450704,-6.87837610001602,-0.8183486492860519,-0.5682895595849247,0.9656279337444785,-0.12667783668588806,27.113066393104976,0.9720788928008105,0.37910565888405223,-0.007445281664846134,None,None,-0.000042744381051627395,-0.2585180166002425,-0.6145045442515306,-0.2816891052689605,0.38018817702027186,-2.759966366626128,4 days 06:33:54.782608695,false
XMR-USD,false,63,78,93,22.82608695652174,0.5477196380497645,0.12672176308539945,0.0001,0.00003511705685618729,3.8429752066115705,7.644628099173554,0.00038429752066115706,-1.1321989781727584,0,0,17424,726 days 01:00:00,1000.0,385.005038140235,-61.4994961859765,34.915698157888286,100.0,136.72778858840977,67.20755983751583,630 days 14:00:00,92,1,18.282768445416025,18.467351974700506,-7.193138527540459,5.102901216947096,-2.7936570587293716,10 days 19:48:34.285714285,2 days 07:59:09.295774647,-6.88345359027371,-0.8191853410689344,-0.5670859472383855,0.9655862102441256,-0.1254616011822855,27.075817602279418,0.9730526030924098,0.3785601265822785,-0.00744528166484622,None,None,-0.00004280693724612607,-0.2588963564645705,-0.6149949618597694,-0.2820064115703672,0.3803556992727733,-2.7613709428886875,4 days 06:30:39.130434780,false
XMR-USD,false,13,25,334,22.822822822822822,0.4548365707019789,0.45867768595041325,0.0001,0.00003511203511203511,13.801652892561984,27.56198347107438,0.0013801652892561985,-2.65955804991248,0,0,17424,726 days 01:00:00,1000.0,138.83666819720997,-86.116333180279,34.915698157888286,100.0,283.2855186923362,86.88939579182626,722 days 11:00:00,333,1,5.792078873929825,21.3429740344763,-11.319358271246264,2.718568406318558,-1.5374328300278275,2 days 19:07:06.315789473,0 days 17:00:56.031128404,-2.603469701731888,-1.9409070939974875,-0.7243601697497857,0.9206340349918964,-0.4075855552363621,36.795585042858306,1.0086200383361057,0.3713993388950102,-0.007615090235589376,None,None,-0.00010134208750883752,-0.6129169452534493,-0.86116333180279,-0.4960657164248502,0.38005201798546934,-3.4664073102838207,1 days 04:27:01.621621620,false
XMR-USD,false,7,23,514,22.807017543859647,0.3647146882288902,0.7066115702479339,0.0001,0.00003508771929824561,21.239669421487605,42.43801652892562,0.0021239669421487606,-4.380150995911435,0,0,17424,726 days 01:00:00,1000.0,42.89642611888735,-95.71035738811126,34.915698157888286,100.0,333.37857100244605,95.88913282379052,725 days 02:00:00,513,1,0.8629632719146585,14.344903282656995,-11.465212964445191,1.7931499469952645,-1.304223127040017,1 days 20:18:58.461538461,0 days 10:42:25.454545454,-1.8673811640409836,-3.238954299216031,-0.8287234552984849,0.870687991597876,-0.45320202600166615,37.16962354433271,1.0148566681727484,0.3588863760430477,-0.007693690548250168,None,None,-0.00016878096209142437,-1.0207872587289346,-0.9571035738811129,-0.6647796016949572,0.37929453229565513,-3.741184121689631,0 days 18:22:20.350877191,false
XMR-USD,false,18,66,172,22.807017543859647,0.5266277934712069,0.23553719008264462,0.0001,0.00003508771929824561,7.107438016528926,14.173553719008265,0.0007107438016528926,-1.2719139126638093,0,0,17424,726 days 01:00:00,1000.0,353.2732544991519,-64.6726745500848,34.915698157888286,100.0,196.9774065985856,67.66949884717202,722 days 11:00:00,171,1,16.030068976296093,21.2469643982023,-7.1255631390875855,3.7282006294221897,-1.8533073157946007,5 days 20:44:36.923076923,1 days 07:27:16.363636363,-3.875770844895582,-0.9119318585364136,-0.6019189474889574,0.9623596858288792,0.13891811950285976,23.312812959074744,0.9908959137317813,0.39010769844435583,-0.007523499489008724,None,None,-0.00004772021820513765,-0.2886118797046725,-0.6467267455008474,-0.30312499948917326,0.38088860230089927,-2.8522520803575486,2 days 08:22:48.421052630,false
XMR-USD,false,22,32,229,22.807017543859647,0.4698880937334117,0.3140495867768595,0.0001,0.00003508771929824561,9.462809917355372,18.884297520661157,0.0009462809917355373,-1.9506242060160925,0,0,17424,726 days 01:00:00,1000.0,230.23733872893376,-76.97626612710661,34.915698157888286,100.0,222.5019036908149,78.69938112108632,722 days 11:00:00,228,1,10.933300955757034,24.87919777977619,-6.399618215274412,3.3239995916632683,-1.7732611137068064,4 days 01:46:09.230769230,1 days 02:09:32.727272727,-3.424105097486064,-1.397074532006799,-0.6633935521082189,0.9433176659202445,0.30553868123034433,22.167101776700285,0.9960689827644666,0.38723031605763863,-0.007641628599557634,None,None,-0.00007249471060675551,-0.43844800974965736,-0.7697626612710682,-0.399353201605842,0.37769800345335186,-3.2046320190712225,1 days 18:29:28.421052631,false
XMR-USD,false,38,76,115,22.807017543859647,0.5599351244803262,0.15702479338842976,0.0001,0.00003508771929824561,4.75206611570248,9.462809917355372,0.000475206611570248,-0.9467676262024872,0,0,17424,726 days 01:00:00,1000.0,431.9129255044188,-56.80870744955811,34.915698157888286,100.0,155.81798093126838,61.696407604510526,635 days 19:00:00,114,1,19.608013149980536,20.239170473141606,-9.192802668893414,4.667317889546249,-2.2779529303975843,8 days 21:11:32.307692307,1 days 21:23:10.909090909,-5.155220067066333,-0.6823920785475533,-0.5580575845492942,0.9713718263601371,-0.10405443576012924,26.36022528551174,0.9837996128302839,0.38524525001987436,-0.007466933014796026,None,None,-0.00003598817060760065,-0.21765645583476875,-0.5680870744955808,-0.25277641313379706,0.38386961598828745,-2.627024818254241,3 days 11:39:28.421052630,false
XMR-USD,false,40,72,115,22.807017543859647,0.5658566838836466,0.15702479338842976,0.0001,0.00003508771929824561,4.75206611570248,9.462809917355372,0.000475206611570248,-0.9293856807868204,0,0,17424,726 days 01:00:00,1000.0,437.01592096435365,-56.29840790356464,34.915698157888286,100.0,157.61498681437692,61.29366691950251,635 days 19:00:00,114,1,19.8396792941827,20.755148066145253,-9.192802668893421,4.685415889573733,-2.2675919496024686,8 days 21:04:36.923076923,1 days 21:26:35.454545454,-5.112489108156401,-0.6698749559708452,-0.5553889305588707,0.9718792855218408,-0.10537435180759339,26.38987572118023,0.9835041563323701,0.38557569974554706,-0.007458196364188614,None,None,-0.0000353197852408547,-0.2136140611366892,-0.5629840790356501,-0.24972394540587095,0.38377992800268945,-2.612409628728718,3 days 11:40:31.578947367,false
XMR-USD,false,4,8,1093,22.802197802197803,0.35074230344614493,1.5041322314049588,0.0001,0.00003508030431107355,45.16528925619835,90.2892561983471,0.004516528925619835,-7.431053680743545,0,0,17424,726 days 01:00:00,1000.0,4.399152960108836,-99.56008470398912,34.915698157888286,100.0,474.4004681427103,99.57416969576121,722 days 11:00:00,1092,1,0.013532008956884667,12.286252538755022,-11.19298101408453,1.397235697055455,-1.0420090161311477,0 days 18:50:07.228915662,0 days 05:26:54.234875444,-0.9117347793487638,-5.626469458484812,-0.9386448012516276,0.785840197570406,-0.5345824844053555,35.028812150016,1.0327734799916188,0.3464956340313731,-0.008078241879660488,None,None,-0.00029896564026329084,-1.808144192312383,-0.9956008470398915,-0.8479302551283562,0.38676151863139036,-3.851441900252999,0 days 08:30:03.296703295,false
XMR-USD,false,18,23,308,22.80130293159609,0.44703232628178463,0.4228650137741047,0.0001,0.00003507892758707091,12.727272727272728,25.41322314049587,0.0012727272727272728,-2.6358888670171767,0,0,17424,726 days 01:00:00,1000.0,150.2828602389509,-84.97171397610491,34.915698157888286,100.0,264.02179918372315,85.90949299425328,722 days 11:00:00,307,1,6.95385546416162,23.38915186538832,-5.0949704690374364,2.769146356661246,-1.5842727132299368,3 days 03:16:17.142857142,0 days 18:00:00,-2.7904592678345654,-1.8924667582605552,-0.7150947888423523,0.923782176091928,0.35244545014494044,22.32360037398333,1.012960134366959,0.373020250571271,-0.0076509134710113546,None,None,-0.0000972115589516429,-0.5879355085395362,-0.8497171397610492,-0.4820169545595169,0.37389322214953374,-3.4336249440542197,1 days 07:03:31.074918565,false
XMR-USD,false,14,45,251,22.8,0.45335032894778265,0.3443526170798898,0.0001,0.00003507692307692308,10.37190082644628,20.702479338842977,0.001037190082644628,-2.1429044725473916,0,0,17424,726 days 01:00:00,1000.0,203.0598148853012,-79.69401851146988,34.915698157888286,100.0,228.32634362395763,81.21373470361868,722 days 11:00:00,250,1,9.642719466867732,24.36072994953201,-6.3996182152744305,3.137991901894146,-1.71175131745521,4 days 01:07:22.105263157,0 days 21:31:23.937823834,-3.226331618326264,-1.538784952332775,-0.6788661012515986,0.9377463438892456,0.2888483416532282,22.274216362581406,0.9968017835332237,0.3866783383733885,-0.007633162839139221,None,None,-0.00007973524528214184,-0.4822387634663939,-0.7969401851146996,-0.4249773817478374,0.37716410001979556,-3.282469568590457,1 days 14:45:35.999999998,false
XMR-USD,false,25,37,194,22.797927461139896,0.5339995280784333,0.26584022038567495,0.0001,0.00003507373455559984,8.016528925619834,15.991735537190083,0.0008016528925619834,-1.3986125985439046,0,0,17424,726 days 01:00:00,1000.0,326.8390505587322,-67.31609494412677,34.915698157888286,100.0,202.64678492362046,71.34685372849933,722 days 11:00:00,193,1,16.556248158733183,20.680218971042226,-6.168481229071107,4.000948200274463,-1.8868600373521411,5 days 02:00:00,1 days 04:38:39.463087248,-3.5736642362694324,-1.001208250800915,-0.6027479941708496,0.9588384134383566,0.21066035083281623,22.733759336076808,0.9949913372237357,0.38899960143483453,-0.007608808267455929,None,None,-0.000052250694909054835,-0.31601220280996367,-0.6731609494412671,-0.32168507531666524,0.3798617766574814,-2.927960731007708,2 days 01:55:38.860103626,false
XMR-USD,false,11,13,545,22.794117647058822,0.36654195759863656,0.7493112947658402,0.0001,0.00003506787330316742,22.520661157024794,45.0,0.0022520661157024793,-4.603750761466637,0,0,17424,726 days 01:00:00,1000.0,37.28705751909695,-96.2712942480903,34.915698157888286,100.0,343.62375505831716,96.40750764204746,725 days 02:00:00,544,1,0.7501175288489392,16.505653339608426,-11.805396837296524,1.7890159481569305,-1.2907357729533728,1 days 15:36:17.419354838,0 days 10:39:17.142857142,-1.7710718014885154,-3.3986054346975516,-0.838757307537759,0.864370573016879,-0.38348588141360646,37.65850821912846,1.016617662582348,0.3561366643318547,-0.0076987768113091,None,None,-0.00017685732049795046,-1.0696330743716045,-0.9627129424809027,-0.6806950502868125,0.3787740674840392,-3.757249584778539,0 days 17:15:13.235294116,false
XMR-USD,false,22,89,137,22.794117647058822,0.6195885625564257,0.18732782369146006,0.0001,0.00003506787330316742,5.661157024793389,11.28099173553719,0.0005661157024793389,-0.6445161938356319,0,0,17424,726 days 01:00:00,1000.0,528.9725849297738,-47.10274150702262,34.915698157888286,100.0,187.1551270534433,50.56930433702701,722 days 12:00:00,136,1,24.657272389487787,20.753216922254328,-7.677465801481981,4.1880902509448426,-1.8078420600940628,7 days 01:07:44.516129032,1 days 17:49:42.857142857,-3.6447403489684875,-0.4613270813592176,-0.5417445556967371,0.9806642332276017,-0.026509614353661563,26.447927668177332,0.9888364351711649,0.39344262295081966,-0.007446826610916432,None,None,-0.00002434400842290193,-0.14723256294171086,-0.4710274150702235,-0.19830882392790516,0.384097149482331,-2.349041949384048,2 days 22:50:44.117647058,false
XMR-USD,false,7,21,532,22.78719397363465,0.37569369485295534,0.731404958677686,0.0001,0.00003505722149789946,21.983471074380166,43.925619834710744,0.0021983471074380166,-4.48784673704459,0,0,17424,726 days 01:00:00,1000.0,39.79526205956938,-96.02047379404306,34.915698157888286,100.0,341.6798949096622,96.16744451907483,725 days 02:00:00,531,1,0.8005760073916051,14.344903282656974,-11.805396837296529,1.7909693534297233,-1.2946734893097442,1 days 18:04:27.768595041,0 days 10:33:57.073170731,-1.8098028511258448,-3.3194093935385602,-0.8342303659229149,0.8677015211066689,-0.4417201204698439,37.065169573213005,1.0148015398989296,0.35878041172800995,-0.007709021355675783,None,None,-0.00017307329791115995,-1.0467473057666954,-0.9602047379404305,-0.6733979208243684,0.37951347006081576,-3.7500659834965875,0 days 17:44:44.745762711,false
XMR-USD,false,17,42,238,22.78481012658228,0.4787193514517489,0.32644628099173556,0.0001,0.000035053554040895815,9.834710743801653,19.62809917355372,0.0009834710743801653,-2.018418552698779,0,0,17424,726 days 01:00:00,1000.0,218.0154733676511,-78.19845266323489,34.915698157888286,100.0,231.00197098324253,79.7910570666147,722 days 11:00:00,237,1,10.35292014970122,25.977214236284247,-6.928026011026205,3.362163989226504,-1.777581854916032,4 days 05:53:20,0 days 22:49:10.819672131,-3.343195977983336,-1.4526371375776468,-0.670518055192509,0.940942162025565,0.19276470581860347,23.062180371036323,0.9965538589986571,0.38634736255867613,-0.007617955658402022,None,None,-0.00007556241879515947,-0.4570015088731245,-0.7819845266323509,-0.4106175426189478,0.37862270407265375,-3.239635945689031,1 days 16:50:07.594936707,false
XMR-USD,false,71,89,80,22.78481012658228,0.5918822734688479,0.10881542699724518,0.0001,0.000035053554040895815,3.3057851239669422,6.570247933884298,0.00033057851239669424,-0.8809870948713443,0,0,17424,726 days 01:00:00,1000.0,446.59163788329727,-55.34083621167027,34.915698157888286,100.0,126.61448070975686,59.82815022032858,630 days 14:00:00,79,1,18.631201862200385,35.35838866899528,-11.388143219999096,6.074667702135715,-2.9732430894034056,12 days 16:16:40,2 days 16:55:04.918032786,-7.241007138973471,-0.6417386042719323,-0.556914687129033,0.9727626978366432,-0.41264123372575545,30.31491836460433,0.9679100051016452,0.3814016172506739,-0.007442722754766192,None,None,-0.00003396785866433035,-0.20543760920186996,-0.5534083621167076,-0.2440582450176325,0.3852724447315988,-2.584984380418796,4 days 23:27:20.506329112,false
XMR-USD,false,72,88,80,22.78481012658228,0.5883124059399926,0.10881542699724518,0.0001,0.000035053554040895815,3.3057851239669422,6.570247933884298,0.00033057851239669424,-0.8988211991009316,0,0,17424,726 days 01:00:00,1000.0,441.2325144531144,-55.87674855468856,34.915698157888286,100.0,125.93673361447958,60.31021455634795,630 days 14:00:00,79,1,18.407626447968653,35.35838866899527,-11.388143219999106,6.074667702135712,-2.9927444128975518,12 days 16:16:40,2 days 16:54:05.901639344,-7.306014075884235,-0.6547766523859256,-0.5591532255544553,0.9722176468705325,-0.4123312048647794,30.308791632831266,0.9675687890996348,0.38129211256440754,-0.00744272275476617,None,None,-0.00003465954843016829,-0.20962094890565783,-0.5587674855468883,-0.24721921097905009,0.38528993075742246,-2.600333131017879,4 days 23:26:34.936708860,false
XMR-USD,false,73,86,80,22.78481012658228,0.5725550557641922,0.10881542699724518,0.0001,0.000035053554040895815,3.3057851239669422,6.570247933884298,0.00033057851239669424,-0.9412233723692722,0,0,17424,726 days 01:00:00,1000.0,428.80480331359377,-57.11951966864063,34.915698157888286,100.0,122.98127897043322,61.2260259091314,630 days 14:00:00,79,1,17.889159071322354,35.358388668995275,-11.388143219999087,5.965150948510177,-3.0109626768197826,12 days 16:06:39.999999999,2 days 16:54:05.901639344,-7.456763996933274,-0.6858543298677856,-0.5662263074877414,0.9709166745236957,-0.4125580605155978,30.318889155735597,0.9668770794559883,0.38096370264701224,-0.007445281664846233,None,None,-0.000036301288818377245,-0.21955019477354557,-0.57119519668641,-0.2546471580358475,0.3852548402837352,-2.6359266084368977,4 days 23:24:18.227848100,false
XMR-USD,false,73,87,80,22.78481012658228,0.5917736200601873,0.10881542699724518,0.0001,0.000035053554040895815,3.3057851239669422,6.570247933884298,0.00033057851239669424,-0.87240673598322,0,0,17424,726 days 01:00:00,1000.0,449.53081908057914,-55.04691809194209,34.915698157888286,100.0,126.48122374855865,59.563764738119254,630 days 14:00:00,79,1,18.753820544573614,35.35838866899527,-11.388143219999083,6.0746677021357085,-2.963697920557972,12 days 16:16:40,2 days 16:54:05.901639344,-7.205354448911326,-0.6352720479895613,-0.5556887468818843,0.973031933353954,-0.4094927938968839,30.37353481553742,0.9679756460261967,0.3814016172506739,-0.007441978715800774,None,None,-0.00003360592230403693,-0.20324861809481534,-0.5504691809194212,-0.24233513747702895,0.38504724159590425,-2.5765664442114464,4 days 23:26:34.936708860,false
XMR-USD,false,74,85,80,22.78481012658228,0.5718655084601313,0.10881542699724518,0.0001,0.000035053554040895815,3.3057851239669422,6.570247933884298,0.00033057851239669424,-0.9465135138568304,0,0,17424,726 days 01:00:00,1000.0,427.28569838600185,-57.27143016139982,34.915698157888286,100.0,122.90908614733993,61.363388491473295,630 days 14:00:00,79,1,17.825784058995737,35.358388668995275,-11.388143219999117,5.965150948510177,-3.0167439555366378,12 days 16:06:39.999999999,2 days 16:53:06.885245901,-7.475190957885998,-0.6897195738115219,-0.5668566481412448,0.9707532118311869,-0.4124750278575012,30.32081559617294,0.9669154442438416,0.38085426737459394,-0.007445281664846233,None,None,-0.00003650532003951718,-0.22078417559899993,-0.5727143016140022,-0.2555647128114955,0.385249029538278,-2.6402773876214427,4 days 23:23:32.658227846,false
XMR-USD,false,75,84,80,22.78481012658228,0.5721630117372642,0.10881542699724518,0.0001,0.000035053554040895815,3.3057851239669422,6.570247933884298,0.00033057851239669424,-0.943990266985239,0,0,17424,726 days 01:00:00,1000.0,428.0132295292125,-57.198677047078746,34.915698157888286,100.0,122.92358541571558,61.297602675924665,630 days 14:00:00,79,1,17.85613567877624,35.358388668995275,-11.38814321999909,5.965150948510178,-3.014079309241482,12 days 16:06:39.999999999,2 days 16:52:07.868852459,-7.4663659006273875,-0.6878787444588095,-0.5665546989337061,0.970829084682839,-0.41253593908356057,30.321278374303333,0.9667890135855354,0.38085426737459394,-0.007445281664846233,None,None,-0.00003640777131188146,-0.2201942008942591,-0.5719867704707923,-0.25512501132382337,0.38524778375857477,-2.638193708412392,4 days 23:22:47.088607594,false
XMR-USD,false,76,83,80,22.78481012658228,0.577861312820427,0.10881542699724518,0.0001,0.000035053554040895815,3.3057851239669422,6.570247933884298,0.00033057851239669424,-0.9110635392570589,0,0,17424,726 days 01:00:00,1000.0,437.95191601026636,-56.20480839897336,34.915698157888286,100.0,123.9053378751407,60.398913180994185,630 days 14:00:00,79,1,18.270764297778783,35.358388668995275,-11.3881432199991,5.974927909819485,-2.980855865192456,12 days 16:10:00,2 days 16:50:09.836065573,-7.345808206171048,-0.6635660290349509,-0.562441289646847,0.9718469909324443,-0.4094295350796876,30.370505583522522,0.9676004685001578,0.38085426737459394,-0.007442722754766135,None,None,-0.00003510311018836297,-0.21230361041921925,-0.5620480839897379,-0.2491665890397925,0.3850520121747106,-2.6097289003019792,4 days 23:22:01.518987340,false
XMR-USD,false,77,82,80,22.78481012658228,0.5763913875053948,0.10881542699724518,0.0001,0.000035053554040895815,3.3057851239669422,6.570247933884298,0.00033057851239669424,-0.9184278254740476,0,0,17424,726 days 01:00:00,1000.0,435.76137052266813,-56.423862947733184,34.915698157888286,100.0,123.6628584664454,60.59698967949573,630 days 14:00:00,79,1,18.17937768928516,35.35838866899529,-11.388143219999115,5.974927909819486,-2.988876911526717,12 days 16:10:00,2 days 16:51:08.852459016,-7.372379837552117,-0.6689500450398344,-0.5633461700299115,0.9716250051621128,-0.4092816455165596,30.364003391017285,0.9675816218697204,0.38085426737459394,-0.007442722754766135,None,None,-0.000035389662551918734,-0.2140366791140045,-0.564238629477337,-0.25047221553650034,0.38507088099886233,-2.6160027129512144,4 days 23:22:47.088607593,false
XMR-USD,false,78,81,80,22.78481012658228,0.578930255597142,0.10881542699724518,0.0001,0.000035053554040895815,3.3057851239669422,6.570247933884298,0.00033057851239669424,-0.9021051355749284,0,0,17424,726 days 01:00:00,1000.0,440.6049301955454,-55.93950698044545,34.915698157888286,100.0,124.012746458189,60.1590187057276,630 days 14:00:00,79,1,18.381444477693265,35.358388668995275,-11.388143219999108,5.97492790981948,-2.9710915248166145,12 days 16:10:00,2 days 16:48:11.803278688,-7.313626763065168,-0.6570257199280164,-0.5613465787648692,0.9721180940216336,-0.4096301547000815,30.372007643800004,0.9678695029759621,0.3807448494453249,-0.007442722754766135,None,None,-0.00003475677150032865,-0.2102089540339877,-0.5593950698044553,-0.24759101477946255,0.38504811557231244,-2.6021305582230605,4 days 23:20:30.379746834,false
XMR-USD,false,79,80,80,22.78481012658228,0.578930255597142,0.10881542699724518,0.0001,0.000035053554040895815,3.3057851239669422,6.570247933884298,0.00033057851239669424,-0.9021051355749284,0,0,17424,726 days 01:00:00,1000.0,440.6049301955454,-55.93950698044545,34.915698157888286,100.0,124.012746458189,60.1590187057276,630 days 14:00:00,79,1,18.381444477693265,35.358388668995275,-11.388143219999108,5.97492790981948,-2.9710915248166145,12 days 16:10:00,2 days 16:48:11.803278688,-7.313626763065168,-0.6570257199280164,-0.5613465787648692,0.9721180940216336,-0.4096301547000815,30.372007643800004,0.9678695029759621,0.3807448494453249,-0.007442722754766135,None,None,-0.00003475677150032865,-0.2102089540339877,-0.5593950698044553,-0.24759101477946255,0.38504811557231244,-2.6021305582230605,4 days 23:20:30.379746834,false
XMR-USD,false,24,43,181,22.77777777777778,0.4863795915860687,0.24793388429752067,0.0001,0.000035042735042735046,7.479338842975207,14.917355371900827,0.0007479338842975207,-1.6388759429018613,0,0,17424,726 days 01:00:00,1000.0,276.43160522674134,-72.35683947732586,34.915698157888286,100.0,186.39957265479958,75.02458798719711,722 days 11:00:00,180,1,13.773100972741702,20.680218971042223,-7.125563139087592,3.853171646176635,-2.0185554462021225,5 days 08:08:46.829268292,1 days 07:37:33.237410071,-4.096341643033332,-1.1803698692390163,-0.6345545946736463,0.9515608287984466,0.1106212576443314,23.372967383480653,0.9866450051982264,0.3892210794865662,-0.0076088082674558855,None,None,-0.00006178667617184586,-0.37368581748732377,-0.7235683947732612,-0.35999692693876906,0.38100849799887454,-3.0723297340390925,2 days 05:36:39.999999998,false
XMR-USD,false,27,39,181,22.77777777777778,0.5123538534897251,0.24793388429752067,0.0001,0.000035042735042735046,7.479338842975207,14.917355371900827,0.0007479338842975207,-1.4337659121039747,0,0,17424,726 days 01:00:00,1000.0,316.4841310830599,-68.35158689169401,34.915698157888286,100.0,192.63432527664546,72.26661239779467,722 days 11:00:00,180,1,15.768703039950822,20.68021897104222,-7.125563139087604,3.8727650788704637,-1.9285527547334462,5 days 08:02:55.609756097,1 days 07:43:35.827338129,-3.8849142886493997,-1.0307466159450447,-0.6077389206719742,0.9575936194044825,0.11628843802361918,23.300153575918163,0.9892787023994825,0.3907734056987789,-0.007608808267455788,None,None,-0.00005400144375105544,-0.32660073180638327,-0.683515868916936,-0.3292226420375197,0.3813391530883297,-2.957617647586742,2 days 05:39:59.999999998,false
XMR-USD,false,42,83,102,22.772277227722775,0.5491512763046671,0.13911845730027547,0.0001,0.000035034272658035036,4.214876033057851,8.388429752066116,0.0004214876033057851,-0.9859809477329545,0,0,17424,726 days 01:00:00,1000.0,420.34520233017554,-57.96547976698244,34.915698157888286,100.0,140.98401641598016,63.066877642923046,635 days 19:00:00,101,1,18.747470939349,20.42934808058187,-8.593290028177908,4.997141381911612,-2.5184764991630493,9 days 05:54:46.956521739,2 days 08:00:00,-5.924774936724494,-0.7121254594120847,-0.5600238832935285,0.9700181640364225,-0.1498412948027156,26.850937594013264,0.9776687846743164,0.3821686364718014,-0.007468294324475322,None,None,-0.00003754891111695965,-0.22709581443537197,-0.5796547976698274,-0.2597841611659585,0.38379452857291463,-2.660155254661195,3 days 21:46:55.841584157,false
XMR-USD,false,42,86,102,22.772277227722775,0.5333784213669597,0.13911845730027547,0.0001,0.000035034272658035036,4.214876033057851,8.388429752066116,0.0004214876033057851,-1.072406719652014,0,0,17424,726 days 01:00:00,1000.0,397.1079259919386,-60.28920740080614,34.915698157888286,100.0,137.8476101904237,65.34216321801662,635 days 19:00:00,101,1,17.71108427323327,20.198752313806718,-8.593290028177906,4.959689011260449,-2.578215481426082,9 days 07:02:36.521739130,2 days 07:42:18.461538461,-6.144585725557366,-0.7754161735274665,-0.5684223873558711,0.9674150707957714,-0.15921928789911863,26.916689595114406,0.9764544558011298,0.3819494012213498,-0.007468294324475331,None,None,-0.00004083962488379473,-0.24699805129719055,-0.6028920740080651,-0.2742514680416903,0.3833582673397988,-2.726707772766829,3 days 21:48:42.772277226,false
XMR-USD,false,43,82,102,22.772277227722775,0.544743032798653,0.13911845730027547,0.0001,0.000035034272658035036,4.214876033057851,8.388429752066116,0.0004214876033057851,-1.0116751304313387,0,0,17424,726 days 01:00:00,1000.0,413.07628710760287,-58.69237128923971,34.915698157888286,100.0,140.01777605686416,64.04945314763087,635 days 19:00:00,101,1,18.423276024930203,20.429348080581903,-8.593290028177899,5.0168633391865365,-2.545317707794821,9 days 05:49:33.913043478,2 days 07:56:55.384615384,-5.993534543735921,-0.7308562674776966,-0.5602499257886563,0.9692361928522163,-0.15055638936277752,26.829626481641334,0.9772896718123522,0.38173023550868285,-0.007487835016430388,None,None,-0.00003854473264594704,-0.2331185430426877,-0.5869237128923973,-0.2642523262682889,0.38387604029038636,-2.680973727743712,3 days 21:43:21.980198018,false
XMR-USD,false,43,86,102,22.772277227722775,0.519490798018115,0.13911845730027547,0.0001,0.000035034272658035036,4.214876033057851,8.388429752066116,0.0004214876033057851,-1.1310151216121231,0,0,17424,726 days 01:00:00,1000.0,380.9380583630136,-61.906194163698636,34.915698157888286,100.0,136.12065991458275,66.6987958204995,635 days 19:00:00,101,1,16.98990529513162,20.198752313806686,-8.593290028177918,4.863249024493008,-2.606223809536946,9 days 09:07:49.565217391,2 days 07:08:27.692307692,-6.297543038931864,-0.8187242155761563,-0.5763520157612634,0.9656303809703557,-0.1685742197576376,26.78593109251732,0.9750521430433486,0.3820590101522842,-0.0074884372201273405,None,None,-0.000043187205388128026,-0.2611962181873983,-0.6190619416369862,-0.28464802339064676,0.3839506530620056,-2.7730189407572405,3 days 21:51:05.346534652,false
XMR-USD,false,44,86,102,22.772277227722775,0.5340874297792011,0.13911845730027547,0.0001,0.000035034272658035036,4.214876033057851,8.388429752066116,0.0004214876033057851,-1.0711508199056836,0,0,17424,726 days 01:00:00,1000.0,396.2127441303153,-60.37872558696847,34.915698157888286,100.0,138.71811667715755,65.53506690265586,635 days 19:00:00,101,1,17.671159002662364,20.04500434392254,-8.593290028177892,4.91766268676149,-2.573105701412099,9 days 05:46:57.391304347,2 days 08:08:27.692307692,-6.153053612597488,-0.7753559057863582,-0.5678368145769686,0.967424484356975,-0.1713640848403634,26.740367021557912,0.9738405638387205,0.3829365079365079,-0.007489941431631775,None,None,-0.00004091926735801322,-0.24747972898126397,-0.6037872558696862,-0.2748197289272445,0.38413572104177857,-2.7292716105499806,3 days 21:51:40.990099009,false
XMR-USD,false,45,81,102,22.772277227722775,0.5377168448582325,0.13911845730027547,0.0001,0.000035034272658035036,4.214876033057851,8.388429752066116,0.0004214876033057851,-1.0547593205265784,0,0,17424,726 days 01:00:00,1000.0,401.3359882645776,-59.866401173542236,34.915698157888286,100.0,138.60789160936346,65.0806089749791,635 days 19:00:00,101,1,17.89965660413327,20.429348080581875,-8.5932900281779,4.982376940446151,-2.5706863885953135,9 days 06:54:46.956521739,2 days 07:41:32.307692307,-6.10459077563917,-0.7623263659325612,-0.5655506528042015,0.967937490762729,-0.1529915872182059,26.83969191294213,0.9769855146689039,0.38173023550868285,-0.007488437220127306,None,None,-0.000040201202747326784,-0.24313687421583238,-0.5986640117354249,-0.27157874077303024,0.38384514361645555,-2.714598427985808,3 days 21:46:20.198019800,false
XMR-USD,false,46,83,102,22.772277227722775,0.5302341359400305,0.13911845730027547,0.0001,0.000035034272658035036,4.214876033057851,8.388429752066116,0.0004214876033057851,-1.1159749084084074,0,0,17424,726 days 01:00:00,1000.0,385.0442551930621,-61.49557448069379,34.915698157888286,100.0,138.39144502517755,66.66473963353823,635 days 19:00:00,101,1,17.173042405572858,20.04500434392254,-8.593290028177927,4.92625264908916,-2.6096743301155385,9 days 05:46:57.391304347,2 days 08:00:46.153846153,-6.258700863490207,-0.808408816642501,-0.5716559289041037,0.9660389850755916,-0.18103024448947475,26.90504650848445,0.9740625646858536,0.3819494012213498,-0.0074899414316319055,None,None,-0.00004259750820408461,-0.2576297296183037,-0.6149557448069366,-0.2819810279443097,0.3835403835383319,-2.761258623631459,3 days 21:45:44.554455444,false
XMR-USD,false,46,88,102,22.772277227722775,0.5374572186280967,0.13911845730027547,0.0001,0.000035034272658035036,4.214876033057851,8.388429752066116,0.0004214876033057851,-1.1635014386106748,0,0,17424,726 days 01:00:00,1000.0,373.40090529069096,-62.659909470930906,34.915698157888286,100.0,139.45117017876737,68.38797314623135,635 days 19:00:00,101,1,17.919686892768766,19.59231259925489,-8.735543285074758,5.052693810066815,-2.6882073397556594,10 days 04:05:13.043478260,2 days 01:28:27.692307692,-6.381374075268092,-0.8432589543273646,-0.5711140790358513,0.9646324212754627,-0.17795424205551422,26.927488740153862,0.971436882338402,0.38238794129313763,-0.007488437220127377,None,None,-0.000044385933250885096,-0.26844612430135306,-0.6265990947093107,-0.28959270924854574,0.38312662907281436,-2.7946056581078143,3 days 21:47:31.485148513,false
XMR-USD,false,18,20,326,22.76923076923077,0.4563687256384693,0.4476584022038568,0.0001,0.000035029585798816566,13.47107438016529,26.90082644628099,0.001347107438016529,-2.576780482821561,0,0,17424,726 days 01:00:00,1000.0,156.3575631660874,-84.36424368339127,34.915698157888286,100.0,284.4447759019968,85.36045492759496,722 days 11:00:00,325,1,6.523027022710153,21.342974034476306,-7.903274888121237,2.709817702099998,-1.5062515343715444,2 days 19:52:42.162162162,0 days 17:43:59.043824701,-2.6158937349434552,-1.8514228009190616,-0.710603497162868,0.9251400651334837,0.33015719949345784,22.38611359857179,1.0161020209960419,0.3703208556149733,-0.007624566622412791,None,None,-0.00009496937264633887,-0.5743747657650574,-0.843642436833913,-0.47484352212257397,0.3733669787681189,-3.416226744254042,1 days 05:09:02.769230768,false
XMR-USD,false,27,88,124,22.76422764227642,0.5801623496792849,0.16942148760330578,0.0001,0.000035021888680425264,5.12396694214876,10.206611570247935,0.000512396694214876,-0.88778753135047,0,0,17424,726 days 01:00:00,1000.0,449.47294196938105,-55.0527058030619,34.915698157888286,100.0,165.35933445038862,60.02231214047548,635 days 19:00:00,123,1,21.17209328069555,20.273199323916476,-8.039372144347581,4.702300826457607,-2.1734485445440437,8 days 05:23:34.285714285,1 days 18:45:28.421052631,-4.647960579766787,-0.6385533977916438,-0.5515156444991036,0.9732485271440126,-0.07928618862147284,26.563437445194108,0.9866244556196326,0.3884462151394423,-0.0074524114604907635,None,None,-0.000033691292090576816,-0.2037649345638086,-0.5505270580306159,-0.2423689970730326,0.3840417067015631,-2.5767322066456857,3 days 05:57:33.658536584,false
XMR-USD,false,32,70,124,22.76422764227642,0.6303610953391201,0.16942148760330578,0.0001,0.000035021888680425264,5.12396694214876,10.206611570247935,0.000512396694214876,-0.6705758823450716,0,0,17424,726 days 01:00:00,1000.0,517.4771380447517,-48.25228619552483,34.915698157888286,100.0,173.28673050244907,53.10975346695269,635 days 19:00:00,123,1,24.375381061441487,19.702048652753014,-8.039372144347574,4.779152267670817,-2.0508496996073386,7 days 15:51:25.714285714,1 days 23:12:37.894736842,-4.121123926964968,-0.48149704428630913,-0.5308476088182004,0.9798096499166594,-0.07313235443449798,26.1847093285467,0.9851899347545158,0.393108410617205,-0.007500231718143193,None,None,-0.00002550753136155945,-0.15426954967471154,-0.4825228619552462,-0.2043992286752967,0.38559620246141885,-2.381965383516855,3 days 06:19:01.463414633,false
XMR-USD,false,10,18,480,22.755741127348646,0.378563175735173,0.6597796143250688,0.0001,0.0000350088325036133,19.834710743801654,39.62809917355372,0.0019834710743801653,-4.117640721571877,0,0,17424,726 days 01:00:00,1000.0,51.60240259288844,-94.83975974071116,34.915698157888286,100.0,327.28622617863954,95.0548182628377,725 days 02:00:00,479,1,1.0381046210423008,14.344903282656993,-11.46521296444519,1.9290065839042532,-1.3465408822314573,1 days 22:36:52.844036697,0 days 11:43:17.837837837,-1.9821204635243275,-3.038811596412462,-0.8149681685761901,0.8780590425762596,-0.4494840487360578,37.23015356789997,1.0139809047900796,0.359310398627038,-0.007675254269645718,None,None,-0.0001582014156541132,-0.9568021618760766,-0.9483975974071119,-0.6425759276301701,0.37893483802186645,-3.7162498458958813,0 days 19:39:42.463465552,false
XMR-USD,false,17,73,168,22.75449101796407,0.5304467006474342,0.23002754820936638,0.0001,0.00003500690925840626,6.9421487603305785,13.842975206611571,0.0006942148760330579,-1.2396263473830238,0,0,17424,726 days 01:00:00,1000.0,360.4219457576594,-63.95780542423406,34.915698157888286,100.0,190.89183057603796,67.15679223977439,722 days 11:00:00,167,1,16.35444681272918,21.246964398202298,-7.1255631390876095,3.8889203620770174,-1.899773258726864,6 days 06:18:56.842105263,1 days 06:35:20.930232558,-3.9277395272758673,-0.8898858523639807,-0.597580978464024,0.9633216843576595,0.10584872114120927,23.10459040042352,0.9900533205691779,0.3913286489939316,-0.007517332111407864,None,None,-0.000046568395376282046,-0.2816456552357538,-0.6395780542423404,-0.29826246210971386,0.380903458173899,-2.8317779336680533,2 days 09:49:56.407185628,false
XMR-USD,false,24,29,234,22.746781115879827,0.471154745281691,0.3209366391184573,0.0001,0.000034995047870584354,9.669421487603307,19.297520661157026,0.0009669421487603307,-1.9552281233738613,0,0,17424,726 days 01:00:00,1000.0,229.32003782176866,-77.06799621782314,34.915698157888286,100.0,225.7032536253892,78.78424605710698,722 days 11:00:00,233,1,10.889741006096472,24.87919777977618,-6.399618215274423,3.2849974420599817,-1.7430778381055734,4 days 00:19:14.716981132,1 days 01:22:40,-3.354376408516433,-1.4019712021274031,-0.663895165363519,0.9430641397175563,0.2896704107977726,22.23898748659616,0.996653948768831,0.3864576702737111,-0.007650913471011405,None,None,-0.00007272944466808103,-0.43986768135255405,-0.7706799621782267,-0.4001848887129188,0.37759751102574135,-3.207259206713346,1 days 17:30:54.077253218,false
XMR-USD,false,18,62,177,22.727272727272727,0.5039330147594341,0.24242424242424243,0.0001,0.000034965034965034965,7.31404958677686,14.586776859504132,0.000731404958677686,-1.3980177761296697,0,0,17424,726 days 01:00:00,1000.0,325.57889076767265,-67.44211092323273,34.915698157888286,100.0,194.58214631355426,70.29204594878233,722 days 11:00:00,176,1,14.773414091680934,21.246964398202277,-7.125563139087598,3.7024834290692117,-1.875272446850493,5 days 13:36:00,1 days 07:33:05.294117647,-3.9158779734318605,-1.003613072354574,-0.6133660505250054,0.9586366091941495,0.13417834724269226,23.439498423671125,0.9896553649288771,0.3893318450007973,-0.007524405358265741,None,None,-0.00005244014927106521,-0.31715802279140237,-0.6744211092323293,-0.3225939615071075,0.38032559561922813,-2.9315698806382295,2 days 06:44:39.545454544,false
XMR-USD,false,22,49,177,22.727272727272727,0.5016287248536883,0.24242424242424243,0.0001,0.000034965034965034965,7.31404958677686,14.586776859504132,0.000731404958677686,-1.4510809015899424,0,0,17424,726 days 01:00:00,1000.0,313.28187189556365,-68.67181281044364,34.915698157888286,100.0,193.0723963415667,72.15717543808177,722 days 11:00:00,176,1,14.215426589903586,20.754673491149337,-7.125563139087614,3.7959321916092033,-1.927202075840722,5 days 12:13:30,1 days 08:03:58.235294117,-3.982577015308747,-1.0431689266381936,-0.6126240380725193,0.9570435956737439,0.12024940536727367,23.38187711330122,0.9885600650751502,0.3899968091895341,-0.007581889598690323,None,None,-0.00005460566308387603,-0.3302550503312822,-0.6867181281044383,-0.3315861775743212,0.38101404714915194,-2.9667890500115646,2 days 06:49:46.363636362,false
XMR-USD,false,22,50,177,22.727272727272727,0.49865256886345216,0.24242424242424243,0.0001,0.000034965034965034965,7.31404958677686,14.586776859504132,0.000731404958677686,-1.4842641127576377,0,0,17424,726 days 01:00:00,1000.0,306.7211271633512,-69.32788728366488,34.915698157888286,100.0,192.21046147093227,72.15752567178981,722 days 11:00:00,176,1,13.917727318153425,21.53739424852698,-7.125563139087597,3.8050467676460253,-1.943700917553955,5 days 12:25:30,1 days 08:01:19.411764705,-4.0181625008795585,-1.067140619943028,-0.6208045900287036,0.9560842374309185,0.12393396686067436,23.349995382273764,0.9883579483916578,0.3898859376246311,-0.007569827638455892,None,None,-0.000055832385855660123,-0.33767426965503244,-0.6932788728366499,-0.33647828303624194,0.38082239476428925,-2.985579293593534,2 days 06:50:27.272727271,false
XMR-USD,false,22,68,155,22.727272727272727,0.5892589213467935,0.21212121212121213,0.0001,0.000034965034965034965,6.404958677685951,12.768595041322314,0.0006404958677685951,-0.9607584229326264,0,0,17424,726 days 01:00:00,1000.0,433.5712629658642,-56.64287370341358,34.915698157888286,100.0,199.8470856786464,60.200970394596624,722 days 11:00:00,154,1,19.24224002368686,22.09083756125401,-7.172505688054695,4.144320223782506,-1.880779717475654,6 days 12:22:17.142857142,1 days 11:03:01.512605042,-3.8030582925832626,-0.6881827277087128,-0.5698197882405546,0.9714952761941935,0.11932315641576402,23.060985942852216,0.9881054132184779,0.39266304347826086,-0.007466933014796001,None,None,-0.000035984398556249635,-0.2176336424681978,-0.5664287370341339,-0.2517818720517965,0.38059968480560763,-2.622275271348587,2 days 14:37:24.155844155,false
XMR-USD,false,23,49,177,22.727272727272727,0.4999591971754751,0.24242424242424243,0.0001,0.000034965034965034965,7.31404958677686,14.586776859504132,0.000731404958677686,-1.4777531919840035,0,0,17424,726 days 01:00:00,1000.0,308.0663949452978,-69.19336050547021,34.915698157888286,100.0,193.08584746839875,72.1226170856541,722 days 11:00:00,176,1,13.978769967325263,21.53739424852697,-7.125563139087622,3.815561175823355,-1.9429271556387895,5 days 11:13:30,1 days 08:22:30,-4.0108657671706105,-1.062269542345138,-0.6194191973730734,0.9562855178406571,0.12532742390965287,23.344298518241704,0.9877705829474754,0.39010769844435583,-0.007566873914135454,None,None,-0.00005558016900908417,-0.33614886216694106,-0.6919336050547008,-0.3354696378773727,0.38084045726070515,-2.9817263911659113,2 days 06:50:27.272727272,false
XMR-USD,false,23,62,155,22.727272727272727,0.5907964018883773,0.21212121212121213,0.0001,0.000034965034965034965,6.404958677685951,12.768595041322314,0.0006404958677685951,-1.0086694066153328,0,0,17424,726 days 01:00:00,1000.0,419.61950134824644,-58.03804986517535,34.915698157888286,100.0,197.79155319176783,61.7624547416177,722 days 11:00:00,154,1,18.623049665075428,22.090837561254002,-7.172505688054696,4.304309670594622,-1.9526001951048477,6 days 12:42:51.428571428,1 days 10:59:29.747899159,-3.88963343062876,-0.7216819885672069,-0.5727609172961059,0.9700868646245828,0.14748040838654994,23.18204364614576,0.9876601866175798,0.39266304347826086,-0.0075173321114077925,None,None,-0.00003781333164156655,-0.2286950297681945,-0.5803804986517536,-0.26022796793386727,0.38137921590263524,-2.66223369221283,2 days 14:39:21.038961038,false
XMR-USD,false,23,65,155,22.727272727272727,0.5966908768053386,0.21212121212121213,0.0001,0.000034965034965034965,6.404958677685951,12.768595041322314,0.0006404958677685951,-0.943366141536086,0,0,17424,726 days 01:00:00,1000.0,438.5836948112378,-56.14163051887622,34.915698157888286,100.0,201.47744074956023,59.74086166403979,722 days 11:00:00,154,1,19.46469576489841,22.090837561253977,-7.172505688054693,4.214292964293849,-1.890643366550333,6 days 13:24:00,1 days 10:46:23.193277310,-3.771954551647145,-0.6754764206397799,-0.5678353669046374,0.9720160236535457,0.12184770963372843,23.064042408887182,0.9888294876361579,0.39277435856446324,-0.007461921798605281,None,None,-0.000035322907959322424,-0.21363294733798202,-0.561416305188764,-0.24879082363597127,0.3806310391657283,-2.6079194597514443,2 days 14:38:34.285714284,false
XMR-USD,false,24,44,177,22.727272727272727,0.5074772911663754,0.24242424242424243,0.0001,0.000034965034965034965,7.31404958677686,14.586776859504132,0.000731404958677686,-1.4426370247949216,0,0,17424,726 days 01:00:00,1000.0,314.3501221048341,-68.56498778951658,34.915698157888286,100.0,192.3005431959159,71.72252636556898,722 days 11:00:00,176,1,15.662376843603852,20.680218971042212,-7.125563139087607,3.8416985196620788,-1.9414986729700972,5 days 10:39:00,1 days 08:35:44.117647058,-3.984728720106646,-1.0374740114183074,-0.6150042156313611,0.9572824158435469,0.11045770503932345,23.331508295573176,0.9903664093563398,0.39010769844435583,-0.007586227038464358,None,None,-0.000054378547045342856,-0.3288814525302336,-0.685649877895163,-0.33079597337642896,0.38151210057597457,-2.9637295373406736,2 days 06:52:50.454545453,false
XMR-USD,false,25,42,177,22.727272727272727,0.5108413865728371,0.24242424242424243,0.0001,0.000034965034965034965,7.31404958677686,14.586776859504132,0.000731404958677686,-1.4419704048096649,0,0,17424,726 days 01:00:00,1000.0,314.6695750031047,-68.53304249968953,34.915698157888286,100.0,190.96233694329908,72.49543304794922,722 days 11:00:00,176,1,15.67829346435451,20.680218971042212,-7.125563139087605,3.945032169178701,-1.9686287422992375,5 days 10:45:00,1 days 08:33:05.294117647,-3.9830040821661923,-1.0364621761924104,-0.6080536083457714,0.9573482871038487,0.12007319066913273,23.289281048141202,0.9884513475144543,0.39055143244753016,-0.0075956066300868095,None,None,-0.00005432213963662463,-0.32854030052230576,-0.6853304249968981,-0.33056000885048653,0.3814884150781411,-2.962814611060735,2 days 06:52:09.545454544,false
XMR-USD,false,30,36,177,22.727272727272727,0.5133898006953364,0.24242424242424243,0.0001,0.000034965034965034965,7.31404958677686,14.586776859504132,0.000731404958677686,-1.4340823990682836,0,0,17424,726 days 01:00:00,1000.0,316.03860963811803,-68.3961390361882,34.915698157888286,100.0,192.80079990066014,71.44612143321672,722 days 11:00:00,176,1,14.340515867395993,21.538862549074317,-7.125563139087614,3.902114956999183,-1.94883723808741,5 days 11:00:00,1 days 08:33:31.764705882,-3.967624467211805,-1.0315355909435742,-0.6152739195289199,0.9575622005458067,0.10686282966752932,23.296913007540955,0.9882432751347227,0.3912175648702595,-0.007608808267455901,None,None,-0.00005406985920276429,-0.3270145084583184,-0.683961390361884,-0.32955053625518804,0.3815302402613387,-2.958893639385409,2 days 06:55:54.545454545,false
XMR-USD,false,36,84,111,22.727272727272727,0.5591010432785174,0.15151515151515152,0.0001,0.000034965034965034965,4.586776859504132,9.132231404958677,0.0004586776859504132,-0.9767971705980024,0,0,17424,726 days 01:00:00,1000.0,421.8528392545893,-57.814716074541074,34.915698157888286,100.0,150.6501689979845,63.30942168721755,635 days 19:00:00,110,1,19.151304651974385,20.719911688454662,-9.192802668893385,4.904782255997392,-2.3962021414477146,8 days 21:04:48,2 days 01:16:56.470588235,-5.429986049067135,-0.7060961133242776,-0.5560378476746866,0.9702859534526914,-0.17020648301424193,26.861402217418636,0.9793034809011364,0.3848048954939204,-0.007460189988399916,None,None,-0.00003729842387324679,-0.2255808675853966,-0.5781471607454136,-0.2588637534830148,0.38448960565088786,-2.6558373203108743,3 days 14:30:32.727272726,false
XMR-USD,false,37,80,111,22.727272727272727,0.5611780331684301,0.15151515151515152,0.0001,0.000034965034965034965,4.586776859504132,9.132231404958677,0.0004586776859504132,-0.9391770553726374,0,0,17424,726 days 01:00:00,1000.0,432.47667611190104,-56.752332388809904,34.915698157888286,100.0,151.49888467990775,62.24590495501505,635 days 19:00:00,110,1,19.633606339422442,20.237563436749475,-9.19280266889341,4.819395076805152,-2.3452464461151608,8 days 21:12:00,2 days 01:19:45.882352941,-5.337790274795642,-0.678502382050559,-0.5524401427000578,0.9714403983136887,-0.16705433043097243,26.81301793562504,0.9818730502575793,0.3848048954939204,-0.007458196364188645,None,None,-0.00003585891893869405,-0.2168747417412216,-0.5675233238880979,-0.25243804034648465,0.38468367833798617,-2.6254102132564174,3 days 14:34:21.818181817,false
XMR-USD,false,37,82,111,22.727272727272727,0.5634652806127758,0.15151515151515152,0.0001,0.000034965034965034965,4.586776859504132,9.132231404958677,0.0004586776859504132,-0.9582822061932648,0,0,17424,726 days 01:00:00,1000.0,427.17794532638436,-57.28220546736157,34.915698157888286,100.0,152.50721253627472,62.92766253887766,635 days 19:00:00,110,1,19.393054189242434,20.40105151435968,-9.192802668893403,4.900529827295352,-2.3807385659815616,8 days 21:24:00,2 days 01:10:35.294117647,-5.383773716935078,-0.6926237144571352,-0.5528969571002249,0.9708413574737979,-0.17020642406764439,26.87663234390978,0.9796635424653002,0.3848048954939204,-0.007451445542635694,None,None,-0.00003658185713960008,-0.2212470719803013,-0.5728220546736135,-0.25562987759514855,0.38443802426585344,-2.6405859968296284,3 days 14:29:59.999999999,false
XMR-USD,false,38,78,111,22.727272727272727,0.5596270646734759,0.15151515151515152,0.0001,0.000034965034965034965,4.586776859504132,9.132231404958677,0.0004586776859504132,-0.9529971694965718,0,0,17424,726 days 01:00:00,1000.0,428.56497826130965,-57.14350217386903,34.915698157888286,100.0,151.24343838093344,62.669344225672944,635 days 19:00:00,110,1,19.45602280727047,20.23756343674948,-9.192802668893405,4.84186772334547,-2.36183921202776,8 days 21:09:36,2 days 01:16:14.117647058,-5.371736768599648,-0.6886504071823923,-0.5534788802772306,0.971006180928806,-0.16878050737374853,26.847485890243643,0.9810372365169154,0.3845848232022249,-0.0074581963641885424,None,None,-0.00003638628180867411,-0.220064232378861,-0.5714350217386923,-0.2547918735612392,0.3845889611080142,-2.636613477280819,3 days 14:31:05.454545453,false
XMR-USD,false,39,76,111,22.727272727272727,0.5747897794979756,0.15151515151515152,0.0001,0.000034965034965034965,4.586776859504132,9.132231404958677,0.0004586776859504132,-0.8862838415956465,0,0,17424,726 days 01:00:00,1000.0,450.2889004131589,-54.9711099586841,34.915698157888286,100.0,154.11111183936026,60.79850069791905,635 days 19:00:00,110,1,20.44224694197345,20.23756343674949,-9.1928026688934,4.851235090336291,-2.308009814169629,8 days 21:26:24,2 days 01:11:17.647058823,-5.183212241171045,-0.6385653165392354,-0.5434709603183607,0.9731388336395718,-0.10361558500109554,26.505454310241884,0.9835962048628114,0.3844748132846019,-0.007458196364188555,None,None,-0.000033630623334872184,-0.20339800992930698,-0.5497110995868393,-0.2418919029972766,0.38334299797028526,-2.5743952679996696,3 days 14:31:05.454545453,false
XMR-USD,false,41,73,111,22.727272727272727,0.5762770220373777,0.15151515151515152,0.0001,0.000034965034965034965,4.586776859504132,9.132231404958677,0.0004586776859504132,-0.8813629045160212,0,0,17424,726 days 01:00:00,1000.0,451.7753166025959,-54.822468339740404,34.915698157888286,100.0,154.4562124661989,59.93444524434325,635 days 19:00:00,110,1,20.509727367929145,20.237563436749483,-9.192802668893398,4.875448120304682,-2.3107752540519724,8 days 21:26:24,2 days 01:10:35.294117647,-5.170312825139391,-0.6349876653689,-0.5494535439308805,0.97329509489722,-0.10312030223234132,26.503594741853977,0.983148702262916,0.3845848232022249,-0.007460189988399776,None,None,-0.00003344181011038751,-0.20225606754762368,-0.5482246833974056,-0.24102423835471587,0.383338493404423,-2.5701381107098014,3 days 14:30:32.727272726,false
XMR-USD,false,49,60,111,22.727272727272727,0.5716821051664321,0.15151515151515152,0.0001,0.000034965034965034965,4.586776859504132,9.132231404958677,0.0004586776859504132,-0.9242199651290274,0,0,17424,726 days 01:00:00,1000.0,438.0420951934261,-56.195790480657394,34.915698157888286,100.0,152.72145033199058,60.77255096258861,635 days 19:00:00,110,1,19.886265623485883,20.755148066145253,-9.192802668893412,4.913985856216303,-2.353058173802295,9 days 00:52:48,2 days 00:37:24.705882352,-5.289492458455078,-0.6663341493646038,-0.5588708603173183,0.9720514229164778,-0.10924473468522367,26.31140976499486,0.9812500169206252,0.386899076727157,-0.007468294324475413,None,None,-0.000035163759149458786,-0.21267041533592673,-0.5619579048065736,-0.24911293119058253,0.3841149139967267,-2.609470623400994,3 days 14:51:49.090909089,false
XMR-USD,false,4,10,1000,22.722722722722725,0.3413259431281459,1.3760330578512396,0.0001,0.00003495803495803496,41.32231404958678,82.60330578512396,0.004132231404958678,-7.271221587108238,0,0,17424,726 days 01:00:00,1000.0,4.958237110223763,-99.50417628897762,34.915698157888286,100.0,442.83383600117065,99.52534419257411,722 days 11:00:00,999,1,0.015251779057084747,11.654185052420726,-11.023510959526487,1.3788868671767847,-1.078388517207117,0 days 21:38:03.700440528,0 days 05:40:20.207253886,-0.9960530677365705,-5.495757915625823,-0.9350347272622851,0.7899531667173221,-0.5459255009564475,34.86105593952058,1.0262684683782923,0.3456637578191366,-0.00803827587166954,None,None,-0.0002920951304894975,-1.7665913492004808,-0.9950417628897771,-0.8414826257183972,0.386860747964434,-3.8498406601815938,0 days 09:17:57.477477477,false
XMR-USD,false,9,19,494,22.718052738336713,0.38440129303203213,0.6790633608815427,0.0001,0.00003495085036667187,20.41322314049587,40.78512396694215,0.002041322314049587,-4.228436529891971,0,0,17424,726 days 01:00:00,1000.0,48.17249540572459,-95.18275045942755,34.915698157888286,100.0,331.2460709174304,95.36065974334612,725 days 02:00:00,493,1,0.9691039094120342,14.344903282656984,-11.465212964445195,1.8879116134330878,-1.3295800781878733,1 days 20:35:53.571428571,0 days 11:37:19.370078740,-1.932650321508495,-3.123076842211884,-0.8203852785862261,0.8749881533241015,-0.4529937055573973,37.53190817620775,1.0152751959383044,0.35899235688660114,-0.007675254269645617,None,None,-0.00016220395288316826,-0.9810095070374016,-0.9518275045942755,-0.6510075559433072,0.3780390890544634,-3.7260732415835576,0 days 19:06:48.924949288,false
XMR-USD,false,11,30,340,22.71386430678466,0.46997940384465176,0.4669421487603306,0.0001,0.000034944406625822555,14.049586776859504,28.05785123966942,0.0014049586776859505,-2.5127215526204387,0,0,17424,726 days 01:00:00,1000.0,162.69969059530422,-83.73003094046958,34.915698157888286,100.0,299.95526608419834,84.6356920995181,722 days 11:00:00,339,1,7.528404308146946,21.418077287554805,-6.189806240950006,2.6497024238849023,-1.442431215768338,2 days 20:32:43.636363636,0 days 16:02:44.885496183,-2.4921200994479182,-1.8033948628911929,-0.7073034649432656,0.9270124721195719,0.33577480612645694,22.426381810948918,1.0185547081881683,0.3713993388950102,-0.007600759458310094,None,None,-0.00009265167572922758,-0.5603573348103684,-0.8373003094046967,-0.46754589884344633,0.3739559043408734,-3.398062629647088,1 days 03:58:13.805309733,false
XMR-USD,false,11,31,340,22.71386430678466,0.4606791531569623,0.4669421487603306,0.0001,0.000034944406625822555,14.049586776859504,28.05785123966942,0.0014049586776859505,-2.5961989800427423,0,0,17424,726 days 01:00:00,1000.0,153.63506175978762,-84.63649382402124,34.915698157888286,100.0,296.5817137092838,85.49169709819316,722 days 11:00:00,339,1,7.108967795837884,21.41807728755481,-6.189806240950007,2.6229086062652316,-1.4561080345942474,2 days 21:10:54.545454545,0 days 15:52:40.305343511,-2.5176221416992663,-1.8654225379290483,-0.7135584865284547,0.9246084649325392,0.3280947802693282,22.381297562175927,1.0173044810226364,0.37129141418115996,-0.00761509023558935,None,None,-0.00009592097857930716,-0.5801300784476497,-0.8463649382402126,-0.4780355187256913,0.37427802189113174,-3.4240241006007164,1 days 03:59:06.902654866,false
XMR-USD,false,6,10,820,22.71062271062271,0.3274187408482265,1.128099173553719,0.0001,0.00003493941955480417,33.88429752066116,67.72727272727273,0.003388429752066116,-6.515984525508142,0,0,17424,726 days 01:00:00,1000.0,9.26496139919027,-99.07350386008098,34.915698157888286,100.0,388.4592385409248,99.09791528791281,725 days 02:00:00,819,1,0.02849947291578836,12.103466817311478,-11.805396837296525,1.482879537054715,-1.1578090123421965,1 days 00:58:42.580645161,0 days 07:19:37.251184834,-1.2097234897115103,-4.866484123011515,-0.9132037670183618,0.8104645244751628,-0.36895329485624306,37.36986923142357,1.0270369383521905,0.3436921653300432,-0.007872856073490015,None,None,-0.0002564445763356344,-1.550976797677917,-0.9907350386008098,-0.8030677710199362,0.38356250996868935,-3.837506024140546,0 days 11:20:08.791208790,false
XMR-USD,false,23,31,230,22.707423580786028,0.46368150218421644,0.3154269972451791,0.0001,0.00003493449781659389,9.50413223140496,18.96694214876033,0.000950413223140496,-2.031489407823873,0,0,17424,726 days 01:00:00,1000.0,215.8860808334888,-78.41139191665111,34.915698157888286,100.0,221.00129119429232,80.02710092774976,722 days 11:00:00,229,1,10.251801497281633,24.879197779776206,-6.3996182152744145,3.333614563870989,-1.8008453944417084,4 days 01:30:00,1 days 02:04:04.067796610,-3.4688459417632815,-1.460635271825439,-0.6714003000702307,0.9406410452775081,0.20524025732253062,22.962692963590513,0.9946519223370712,0.3866783383733885,-0.007641628599557625,None,None,-0.00007609101292964104,-0.460198446198469,-0.7841139191665116,-0.4126219899706184,0.3791835829354276,-3.2457346137567096,1 days 18:17:17.554585151,false
XMR-USD,false,9,31,371,22.702702702702705,0.4438803464343408,0.509641873278237,0.0001,0.00003492723492723494,15.330578512396695,30.619834710743802,0.0015330578512396695,-2.916823326344542,0,0,17424,726 days 01:00:00,1000.0,116.87383178914388,-88.31261682108561,34.915698157888286,100.0,305.64422197619064,88.96338718886851,722 days 11:00:00,370,1,4.875818908730693,21.123879122043217,-11.595387641454284,2.4676111775854834,-1.4441827394083508,2 days 16:02:08.571428571,0 days 14:18:27.692307692,-2.4000053705934743,-2.130368323153518,-0.7420204522156804,0.91336251160477,-0.3918081059272089,36.78571361309778,1.0100874465136753,0.3706442224494611,-0.0076387481233390125,None,None,-0.00011122583466212393,-0.6726938480365255,-0.8831261682108563,-0.525303198219524,0.3800221598456803,-3.5293097798513786,1 days 01:35:50.270270269,false
XMR-USD,false,22,45,186,22.702702702702705,0.5046573797278924,0.2548209366391185,0.0001,0.00003492723492723494,7.685950413223141,15.330578512396695,0.0007685950413223141,-1.5402935449287876,0,0,17424,726 days 01:00:00,1000.0,295.8008777657931,-70.4199122234207,34.915698157888286,100.0,193.51294979900035,73.08742279410858,722 days 11:00:00,185,1,14.738167706808042,20.680218971042212,-7.125563139087605,3.926572858401295,-1.9620650639113204,5 days 05:48:34.285714285,1 days 06:26:00.839160839,-3.8861475131946723,-1.107638206171373,-0.6265470712787399,0.9544385815787086,0.12121846585592994,23.451466278249125,0.9906583021104143,0.3884462151394423,-0.0075862270384642475,None,None,-0.00005792388276657852,-0.35032364297226687,-0.7041991222342054,-0.34477491622457135,0.3806428554302909,-3.0168553383919994,2 days 04:05:11.351351350,false
XMR-USD,false,23,43,186,22.702702702702705,0.5181280564119609,0.2548209366391185,0.0001,0.00003492723492723494,7.685950413223141,15.330578512396695,0.0007685950413223141,-1.4605932981460272,0,0,17424,726 days 01:00:00,1000.0,311.5943747041856,-68.84056252958143,34.915698157888286,100.0,197.0263398048082,71.65049769464335,722 days 11:00:00,185,1,15.525072763727053,20.680218971042205,-7.125563139087597,3.923579690108335,-1.9255095560973732,5 days 05:42:51.428571428,1 days 06:30:12.587412587,-3.805030800321841,-1.0495740307826145,-0.619067744949784,0.9567955064976214,0.12320867811423686,23.39277538505505,0.9898897432143827,0.38966424754765133,-0.007592921762430935,None,None,-0.000054923384669597644,-0.3321766304817266,-0.6884056252958135,-0.33283804258591687,0.3808922714766327,-2.9716221115867536,2 days 04:07:08.108108106,false
XMR-USD,false,24,40,186,22.702702702702705,0.5380789365861758,0.2548209366391185,0.0001,0.00003492723492723494,7.685950413223141,15.330578512396695,0.0007685950413223141,-1.3999796986395892,0,0,17424,726 days 01:00:00,1000.0,326.6715321239708,-67.33284678760292,34.915698157888286,100.0,198.40864645876937,70.3419904578682,722 days 11:00:00,185,1,16.27628647300719,20.680218971042226,-7.125563139087611,4.133936261950084,-1.9480101448924056,5 days 04:54:17.142857142,1 days 06:39:51.608391608,-3.7275932667515477,-1.0023627799731385,-0.6115672950263122,0.9587726482265906,0.2086242443730458,22.76052288054695,0.9945741709958232,0.3883355907895786,-0.007587215347123363,None,None,-0.00005228971081145535,-0.31624817098768193,-0.6733284678760278,-0.32180576543587747,0.37970756726362986,-2.928440510715975,2 days 04:03:34.054054053,false
XMR-USD,false,31,32,186,22.702702702702705,0.5332696493889267,0.2548209366391185,0.0001,0.00003492723492723494,7.685950413223141,15.330578512396695,0.0007685950413223141,-1.3605276914991082,0,0,17424,726 days 01:00:00,1000.0,332.4965834902109,-66.75034165097891,34.915698157888286,100.0,198.48432897421566,71.07526174811686,722 days 11:00:00,185,1,16.566517470916438,21.53886254907431,-7.125563139087608,4.04565312004498,-1.913173866734302,5 days 05:04:17.142857142,1 days 06:45:18.881118881,-3.697675318814622,-0.9762160681558939,-0.5981026941114107,0.9597707745894747,0.1304037490763478,23.26907253308076,0.9927377527393464,0.3902186053933302,-0.007608808267455922,None,None,-0.00005116166532179765,-0.30942575186623217,-0.6675034165097896,-0.3176325505999348,0.3814667286915509,-2.9117573232857845,2 days 04:10:03.243243242,false
XMR-USD,false,15,88,164,22.699386503067483,0.5076175015995382,0.22451790633608815,0.0001,0.000034922133081642286,6.776859504132232,13.512396694214877,0.0006776859504132232,-1.2109995335160024,0,0,17424,726 days 01:00:00,1000.0,366.5144556139684,-63.348554438603166,34.915698157888286,100.0,186.95405169627554,65.77367312837046,722 days 11:00:00,163,1,17.404704510508623,22.165171467728552,-5.5707639891607865,3.601658324286162,-1.8240914089597067,6 days 07:48:38.918918918,1 days 08:34:45.714285714,-3.993191711021714,-0.8696028043096959,-0.6024443997577288,0.9642725365628796,0.10112901215370709,22.867982858854678,0.9887613758701453,0.39366552027513396,-0.00755529602678406,None,None,-0.00004557201327059677,-0.2756195362605693,-0.6334855443860281,-0.29416780364297446,0.381447899652904,-2.8143287340880856,2 days 11:38:39.018404907,false
XMR-USD,false,20,63,164,22.699386503067483,0.5466704693985537,0.22451790633608815,0.0001,0.000034922133081642286,6.776859504132232,13.512396694214877,0.0006776859504132232,-1.2026235792934137,0,0,17424,726 days 01:00:00,1000.0,369.47253414550846,-63.05274658544915,34.915698157888286,100.0,195.22378969346647,66.18698970556139,722 days 11:00:00,163,1,16.76512481986839,21.24696439820229,-7.172505688054688,3.9951421731696413,-1.923076356387773,6 days 03:12:58.378378378,1 days 09:15:42.857142857,-3.971120188186254,-0.8618805355152843,-0.5949885926400919,0.9643419124961469,0.13242985606885052,23.37089630607669,0.9931694962849349,0.389442628179571,-0.007489941431631781,None,None,-0.00004513114763996788,-0.2729531809265257,-0.6305274658544857,-0.29219575170898027,0.38114238639645465,-2.805856675135795,2 days 11:07:43.803680980,false
XMR-USD,false,10,20,446,22.696629213483146,0.41639430710132586,0.6129476584022039,0.0001,0.00003491789109766638,18.429752066115704,36.81818181818182,0.0018429752066115705,-3.6322424104041544,0,0,17424,726 days 01:00:00,1000.0,71.13716987668192,-92.8862830123318,34.915698157888286,100.0,322.08212425317083,93.23292911796403,725 days 02:00:00,445,1,2.967746951465415,19.69681006510061,-11.520637103641054,2.1275810212289565,-1.3729453612551463,2 days 02:42:10.693069306,0 days 12:28:46.744186046,-2.0940012967972628,-2.6737834566026373,-0.7885618292144797,0.8922216435128504,-0.45529289794423267,36.69877031758622,1.0131651144165232,0.3645262333594362,-0.007669288172738505,None,None,-0.0001396950352754618,-0.844875573345993,-0.928862830123318,-0.6004445561189482,0.3802880548936544,-3.6603014664722258,0 days 21:09:18.202247190,false
XMR-USD,false,15,46,239,22.689075630252102,0.46919609631871334,0.3278236914600551,0.0001,0.000034906270200387856,9.87603305785124,19.710743801652892,0.000987603305785124,-2.0425905725781432,0,0,17424,726 days 01:00:00,1000.0,216.9146748983095,-78.30853251016904,34.915698157888286,100.0,227.00884822359228,79.8930955738108,722 days 11:00:00,238,1,10.300646435005802,25.97721423628425,-6.399618215274436,3.342217910654228,-1.766169004506523,4 days 06:44:26.666666666,0 days 22:23:48.260869565,-3.3335545022550255,-1.4653164386160018,-0.6711408854474286,0.9405520134325563,0.29339073317229664,22.259764778772443,0.9965857243956568,0.3857960871639891,-0.007624566622412845,None,None,-0.00007594330574447412,-0.4593051131425795,-0.7830853251016898,-0.4116521461780177,0.37723850948916243,-3.2427886779195703,1 days 16:37:33.781512604,false
XMR-USD,false,18,39,239,22.689075630252102,0.47517091960092955,0.3278236914600551,0.0001,0.000034906270200387856,9.87603305785124,19.710743801652892,0.000987603305785124,-2.0115039393933585,0,0,17424,726 days 01:00:00,1000.0,221.73395323656587,-77.82660467634341,34.915698157888286,100.0,229.0513999255151,79.48607964076764,722 days 11:00:00,238,1,10.5294999335417,25.977214236284247,-6.928026011026208,3.3580787304046837,-1.7579429014656236,4 days 04:45:33.333333333,0 days 23:03:15.652173913,-3.3142670029284687,-1.442303338204969,-0.6680958214127687,0.9415174964497858,0.2963720165571993,22.29434393113129,0.9967299422292482,0.3867886987664147,-0.00762456662241274,None,None,-0.00007469876428555292,-0.45177812639902404,-0.778266046763437,-0.4071476823778786,0.3769769124725302,-3.2289860659355174,1 days 16:41:05.546218486,false
XMR-USD,false,30,88,120,22.689075630252102,0.5501127779674283,0.16391184573002754,0.0001,0.000034906270200387856,4.958677685950414,9.87603305785124,0.0004958677685950413,-1.0308291645720198,0,0,17424,726 days 01:00:00,1000.0,406.79612183682934,-59.320387816317066,34.915698157888286,100.0,158.07632142892032,64.61185118984089,635 days 19:00:00,119,1,19.899811762864204,20.239170473141606,-8.039372144347569,4.579627554543439,-2.26977229363922,8 days 12:53:20,1 days 19:40:26.086956521,-5.152131848117938,-0.7450703904591433,-0.562986782557074,0.968766564555283,-0.16438934254854548,26.748885665411112,0.9785299462219225,0.3870094722598106,-0.007460189988399836,None,None,-0.000039373902211011436,-0.23813336057219717,-0.5932038781631745,-0.2681542343088882,0.38465297706322366,-2.6989603801725837,3 days 08:15:07.563025209,false
XMR-USD,false,31,88,120,22.689075630252102,0.5347897424861778,0.16391184573002754,0.0001,0.000034906270200387856,4.958677685950414,9.87603305785124,0.0004958677685950413,-1.0508766824730076,0,0,17424,726 days 01:00:00,1000.0,400.73228919964447,-59.92677108003556,34.915698157888286,100.0,156.0425521120961,64.60521195999479,635 days 19:00:00,119,1,19.603178826697956,20.23756343674949,-8.039372144347588,4.4629359145842225,-2.25558552665611,8 days 13:20:00,1 days 19:31:57.391304347,-5.200595711151711,-0.7601370797353709,-0.5704522197024248,0.9681394911258052,-0.17397588812259646,26.68996584629726,0.9780977249370153,0.386899076727157,-0.007461921798605241,None,None,-0.000040210636090014634,-0.2431939270724085,-0.5992677108003563,-0.2719592344084012,0.38504099371052614,-2.7163274470138776,3 days 08:14:37.310924368,false
XMR-USD,false,32,85,120,22.689075630252102,0.5653072030073604,0.16391184573002754,0.0001,0.000034906270200387856,4.958677685950414,9.87603305785124,0.0004958677685950413,-0.9135457945937244,0,0,17424,726 days 01:00:00,1000.0,440.0986531759146,-55.990134682408545,34.915698157888286,100.0,159.12723413605931,61.10080440163755,635 days 19:00:00,119,1,21.528918013637394,20.239170473141613,-8.039372144347583,4.640124140636944,-2.2035760943106637,8 days 12:55:33.333333333,1 days 19:37:49.565217391,-4.885968612081708,-0.6592925385686825,-0.5533205135543642,0.9723046688811332,-0.15502380299848922,26.734446150638757,0.9827100697417666,0.3866783383733885,-0.007458196364188571,None,None,-0.00003485141894412274,-0.21078138177405434,-0.5599013468240858,-0.2478912038071308,0.38476915389239547,-2.603580556494158,3 days 08:13:36.806722688,false
XMR-USD,false,34,69,120,22.689075630252102,0.645861197703861,0.16391184573002754,0.0001,0.000034906270200387856,4.958677685950414,9.87603305785124,0.0004958677685950413,-0.5833524080051563,0,0,17424,726 days 01:00:00,1000.0,548.7330239551895,-45.126697604481045,34.915698157888286,100.0,172.37999981209228,51.6282775008725,635 days 19:00:00,119,1,25.847666643677144,19.59368917755768,-8.039372144347581,4.838228641217546,-2.023461150541836,7 days 16:24:26.666666666,2 days 02:29:20.869565217,-4.009366745281408,-0.4184383676515017,-0.5044633124569853,0.9824148237512097,-0.06737522456596275,26.255011410198087,0.9860126806845813,0.39288569144684243,-0.007460189988399726,None,None,-0.000022155254804543002,-0.13399498105787608,-0.4512669760448066,-0.18803840063836197,0.38539244278882356,-2.292447236782113,3 days 08:52:26.218487394,false
XMR-USD,false,34,70,120,22.689075630252102,0.6408830728451276,0.16391184573002754,0.0001,0.000034906270200387856,4.958677685950414,9.87603305785124,0.0004958677685950413,-0.599288345954956,0,0,17424,726 days 01:00:00,1000.0,543.3369124990788,-45.666308750092114,34.915698157888286,100.0,173.09229975752666,52.14381012464466,635 days 19:00:00,119,1,25.59348677113303,20.35226149064747,-8.039372144347576,4.838779177628877,-2.0332321351707696,7 days 16:31:06.666666666,2 days 02:19:33.913043478,-4.052576254387013,-0.4298291654652159,-0.5065046608879922,0.9819245655294099,-0.0661703018405358,26.33584037253707,0.9863269173618219,0.39199552644192365,-0.007450925614535089,None,None,-0.000022741076807601283,-0.13753803253237257,-0.45666308750091933,-0.19081871471616063,0.38509961881306626,-2.307901922613425,3 days 08:46:23.193277310,false
XMR-USD,false,35,67,120,22.689075630252102,0.6476392930419016,0.16391184573002754,0.0001,0.000034906270200387856,4.958677685950414,9.87603305785124,0.0004958677685950413,-0.5762123317969944,0,0,17424,726 days 01:00:00,1000.0,551.5190913348855,-44.84809086651145,34.915698157888286,100.0,172.58219121177692,50.901888463649506,635 days 19:00:00,119,1,25.97890230425071,19.59368917755768,-8.039372144347567,4.876281848219173,-2.028142805737421,7 days 16:13:20,2 days 02:32:36.521739130,-3.9870572350366764,-0.4130966590511938,-0.5079583653207194,0.9826369331251831,-0.06320725063110234,26.27099441407017,0.9878392463528863,0.39244046667732146,-0.007460189988399776,None,None,-0.000021868831595968968,-0.1322626934924203,-0.44848090866511325,-0.18660987983143107,0.38532913004826386,-2.2844678248651658,3 days 08:52:26.218487393,false
XMR-USD,false,35,68,120,22.689075630252102,0.622734143921383,0.16391184573002754,0.0001,0.000034906270200387856,4.958677685950414,9.87603305785124,0.0004958677685950413,-0.6502473178900955,0,0,17424,726 days 01:00:00,1000.0,525.5495172710883,-47.445048272891164,34.915698157888286,100.0,170.59070218013298,53.74861707651767,635 days 19:00:00,119,1,24.75562456448381,19.59368917755768,-8.039372144347578,4.682367299089288,-2.026080437054638,7 days 18:44:26.666666666,2 days 01:43:41.739130434,-4.195009304986518,-0.4670813567790021,-0.5141011272679324,0.9803961201375155,-0.09027576559048825,26.280302892258874,0.9861913682997618,0.39188433580956944,-0.007458196364188632,None,None,-0.00002468098788889218,-0.14927061475201991,-0.4744504827289071,-0.20011328782826587,0.3846165342614071,-2.3588457563799907,3 days 08:48:54.453781511,false
XMR-USD,false,20,46,195,22.68041237113402,0.5156533667383677,0.26721763085399447,0.0001,0.00003489294210943696,8.057851239669422,16.074380165289256,0.0008057851239669422,-1.5416027450429397,0,0,17424,726 days 01:00:00,1000.0,298.62487905467015,-70.13751209453298,34.915698157888286,100.0,202.85670699792237,72.8304893012451,722 days 11:00:00,194,1,15.12704065058574,20.680218971042226,-6.168481229071129,3.897819981914658,-1.9049160309121915,5 days 00:15:00,1 days 04:50:00,-3.6933101113191524,-1.1055904980278994,-0.625193616605418,0.9546345199793144,0.20009843109622186,22.947784600719068,0.9941000770578527,0.3870094722598106,-0.007586227038464268,None,None,-0.00005750896247912449,-0.3478142050737449,-0.7013751209453285,-0.34261047211913387,0.3786161886784069,-3.0087672821941625,2 days 01:34:01.237113401,false
XMR-USD,false,23,40,195,22.68041237113402,0.5257939054077876,0.26721763085399447,0.0001,0.00003489294210943696,8.057851239669422,16.074380165289256,0.0008057851239669422,-1.449051044517364,0,0,17424,726 days 01:00:00,1000.0,316.31353535862036,-68.36864646413797,34.915698157888286,100.0,201.64611317495593,72.17003792334789,722 days 11:00:00,194,1,16.023071228517324,20.680218971042226,-6.168481229071114,3.991592571784871,-1.8928878982684219,5 days 01:43:38.181818181,1 days 04:29:12,-3.606750184896376,-1.037930173463453,-0.6087627697987524,0.9573437992906165,0.2072147110113554,22.772655747296625,0.9950638915261609,0.38822498406628425,-0.007595606630086915,None,None,-0.000054140632900917865,-0.32744254778475124,-0.6836864646413804,-0.3293481612001189,0.37967599105915634,-2.9581062407796037,2 days 01:38:02.474226803,false
XMR-USD,false,47,83,98,22.68041237113402,0.5393957896230845,0.13360881542699724,0.0001,0.00003489294210943696,4.049586776859504,8.057851239669422,0.00040495867768595046,-1.0978356922501513,0,0,17424,726 days 01:00:00,1000.0,389.6678127152917,-61.03321872847083,34.915698157888286,100.0,134.2626825491379,66.09623185571482,635 days 19:00:00,97,1,17.37925389509121,20.37887300335903,-8.593290028177915,5.221174203939249,-2.7143151877404996,9 days 15:02:43.636363636,2 days 10:36:48,-6.471251970925771,-0.7954312866732989,-0.5709370728724976,0.966589063929023,-0.18334394098987813,26.908560218909887,0.9719979561002317,0.3829365079365079,-0.007488437220127351,None,None,-0.000041912902275374174,-0.25348923296146303,-0.6103321872847054,-0.27900013792493095,0.38353324065093314,-2.74801656413913,4 days 01:43:17.938144329,false
XMR-USD,false,49,83,98,22.68041237113402,0.5529043179162852,0.13360881542699724,0.0001,0.00003489294210943696,4.049586776859504,8.057851239669422,0.00040495867768595046,-1.0489459816302626,0,0,17424,726 days 01:00:00,1000.0,402.9533505086804,-59.70466494913196,34.915698157888286,100.0,136.74845180366665,65.91326908253237,635 days 19:00:00,97,1,21.04715928964214,19.59231259925489,-8.735543285074739,5.2425846578561845,-2.6901556005162166,10 days 07:08:10.909090909,2 days 05:44:48,-6.372101121453214,-0.759550074277955,-0.5564658191868714,0.9680576628280612,-0.17436939659780576,26.906718919922255,0.9722744665864907,0.38249761980323704,-0.007468294324475242,None,None,-0.000040001801039939965,-0.24193089268955692,-0.5970466494913154,-0.2705612034779207,0.3833372996497459,-2.7099662357930896,4 days 01:36:29.690721649,false
XMR-USD,false,50,82,98,22.68041237113402,0.5485431215633223,0.13360881542699724,0.0001,0.00003489294210943696,4.049586776859504,8.057851239669422,0.00040495867768595046,-1.0953202863217695,0,0,17424,726 days 01:00:00,1000.0,390.52143662704634,-60.94785633729537,34.915698157888286,100.0,136.17233610346415,66.85436131089007,635 days 19:00:00,97,1,19.92811621576675,19.59231259925489,-8.735543285074748,5.273548860333255,-2.737149420993272,10 days 07:08:10.909090909,2 days 05:41:36,-6.488728655553826,-0.7936111407302768,-0.5634375319543624,0.9666363886864899,-0.17763183925058848,26.90694073744066,0.9714525135211334,0.3820590101522842,-0.007477354898302079,None,None,-0.00004179839261194189,-0.25279667851702453,-0.6094785633729529,-0.27845232043513746,0.383362624433543,-2.7455717500389087,4 days 01:34:01.237113401,false
XMR-USD,false,53,76,98,22.68041237113402,0.5655803153250837,0.13360881542699724,0.0001,0.00003489294210943696,4.049586776859504,8.057851239669422,0.00040495867768595046,-0.954725524737867,0,0,17424,726 days 01:00:00,1000.0,428.8280891419662,-57.11719108580338,34.915698157888286,100.0,138.45649961133017,63.249811359185706,635 days 19:00:00,97,1,22.39865505188135,20.378873003359004,-8.73554328507476,5.2171407448626965,-2.5995495724762563,10 days 00:30:00,2 days 07:32:00,-6.119284184638308,-0.6909772108477761,-0.5480807338301519,0.9708646236763698,-0.18049114870189797,26.918263333341958,0.9734836815945678,0.38227828018403937,-0.007460189988399772,None,None,-0.0000364142289343916,-0.2202332565952004,-0.5711719108580284,-0.254633109687768,0.38358828797773376,-2.635859916863763,4 days 01:29:04.329896906,false
XMR-USD,false,53,78,98,22.68041237113402,0.5546411604199074,0.13360881542699724,0.0001,0.00003489294210943696,4.049586776859504,8.057851239669422,0.00040495867768595046,-1.0618924230030957,0,0,17424,726 days 01:00:00,1000.0,399.26901709458434,-60.07309829054157,34.915698157888286,100.0,136.91477753394693,66.11190746742069,635 days 19:00:00,97,1,20.37450093069947,19.59231259925489,-8.73554328507474,5.290410081479158,-2.7128255485150814,10 days 07:05:27.272727272,2 days 05:32:00,-6.403149317898094,-0.769373259688761,-0.5592065073270246,0.9676107396929551,-0.1799223851245426,26.90766991403472,0.9722366068750251,0.3814016172506739,-0.0074669330147961,None,None,-0.00004052510233383259,-0.24509581891501953,-0.6007309829054188,-0.2728830470190958,0.38339370391393224,-2.720518318691263,4 days 01:25:58.762886597,false
XMR-USD,false,53,79,98,22.68041237113402,0.565643593980534,0.13360881542699724,0.0001,0.00003489294210943696,4.049586776859504,8.057851239669422,0.00040495867768595046,-1.0244444666731138,0,0,17424,726 days 01:00:00,1000.0,409.80426434815934,-59.01957356518407,34.915698157888286,100.0,139.07442553188233,65.33045966354287,635 days 19:00:00,97,1,20.22057135568548,19.685655172017366,-8.735543285074735,5.331108668075625,-2.6867588983022492,10 days 07:05:27.272727272,2 days 05:31:12,-6.292951618634287,-0.7417807254687081,-0.553180353859363,0.9687651288875381,-0.17386996350537104,26.945844691918104,0.9738013377089544,0.3811826252377933,-0.007466933014796085,None,None,-0.00003904649803903074,-0.2361532201400579,-0.5901957356518388,-0.2662803846350227,0.3831461706600577,-2.6903449359167446,4 days 01:25:21.649484535,false
XMR-USD,false,53,85,98,22.68041237113402,0.5412272449023214,0.13360881542699724,0.0001,0.00003489294210943696,4.049586776859504,8.057851239669422,0.00040495867768595046,-1.1483266978618951,0,0,17424,726 days 01:00:00,1000.0,376.5772170112607,-62.342278298873936,34.915698157888286,100.0,140.525684781923,68.13189454347825,630 days 14:00:00,97,1,17.882555754837426,18.361512054478187,-8.994368202755666,4.901359632600989,-2.6833002259945506,10 days 10:16:21.818181818,2 days 04:52:00,-6.611395244779138,-0.833130179721351,-0.5694435443740726,0.965018312741799,-0.19264478601040216,26.908925683171745,0.973050092290214,0.38085426737459394,-0.007482015876363779,None,None,-0.00004388269307080238,-0.2654025276922128,-0.6234227829887413,-0.2875010444486392,0.3833878537777055,-2.7855085702987537,4 days 01:38:21.030927834,false
XMR-USD,false,54,81,98,22.68041237113402,0.528788363998617,0.13360881542699724,0.0001,0.00003489294210943696,4.049586776859504,8.057851239669422,0.00040495867768595046,-1.2283261494446986,0,0,17424,726 days 01:00:00,1000.0,356.25127775990927,-64.37487222400907,34.915698157888286,100.0,135.49696532989984,70.15957103971981,630 days 14:00:00,97,1,17.578158670350945,19.958883218998743,-8.735543285074737,5.018633546719068,-2.7831728301097045,10 days 09:54:32.727272727,2 days 04:52:00,-6.817802895983928,-0.8913521360248019,-0.5769833624861651,0.9626204884820745,-0.18717450115166265,26.75743567345268,0.9722386782087906,0.38063544885508277,-0.007499079125261219,None,None,-0.000047026833414888114,-0.2844182884932433,-0.6437487222400895,-0.30109161300069087,0.38402046660700795,-2.8437228988779437,4 days 01:33:24.123711339,false
XMR-USD,false,59,75,98,22.68041237113402,0.5481945168053847,0.13360881542699724,0.0001,0.00003489294210943696,4.049586776859504,8.057851239669422,0.00040495867768595046,-1.1313351633552358,0,0,17424,726 days 01:00:00,1000.0,381.27049570566464,-61.87295042943354,34.915698157888286,100.0,138.29739844155196,68.01406608739568,635 days 19:00:00,97,1,18.812657492710173,20.328574473760295,-7.447402913544813,5.126959612765768,-2.723914820904988,10 days 07:00:00,2 days 05:32:48,-6.572599606052012,-0.8202531966812423,-0.5648094107160305,0.9655240311191445,-0.1831733400711011,26.949549675667292,0.9729619634846254,0.38052606559974644,-0.007468294324475277,None,None,-0.00004318387770434832,-0.2611760923558986,-0.618729504294335,-0.2844314073915022,0.3832054261756666,-2.772066826492913,4 days 01:25:21.649484535,false
XMR-USD,false,60,74,98,22.68041237113402,0.5427785435658126,0.13360881542699724,0.0001,0.00003489294210943696,4.049586776859504,8.057851239669422,0.00040495867768595046,-1.1462762510940165,0,0,17424,726 days 01:00:00,1000.0,377.51737145617835,-62.24826285438216,34.915698157888286,100.0,137.51891969569812,68.3800647447142,635 days 19:00:00,97,1,18.627470750414545,20.32857447376028,-7.447402913544811,5.086472301248032,-2.7255215781698188,10 days 06:54:32.727272727,2 days 05:32:00,-6.609382466950887,-0.8311996545758817,-0.5662542154463427,0.9650671836133905,-0.18348874937230647,26.963493491467375,0.9727057074578646,0.38030735107731306,-0.007468294324475214,None,None,-0.00004375462699020287,-0.2646279840367469,-0.6224826285438243,-0.2868841444464223,0.3831568340216301,-2.782815929181665,4 days 01:23:30.309278349,false
XMR-USD,false,63,72,98,22.68041237113402,0.5425251460224626,0.13360881542699724,0.0001,0.00003489294210943696,4.049586776859504,8.057851239669422,0.00040495867768595046,-1.176315287491867,0,0,17424,726 days 01:00:00,1000.0,369.8649484336438,-63.01350515663562,34.915698157888286,100.0,138.5890508346912,68.66005465748945,630 days 14:00:00,97,1,17.56380966065433,19.785426026257433,-7.44740291354483,5.028651357430822,-2.7379628431413328,10 days 09:40:54.545454545,2 days 04:48:48,-6.677307847701134,-0.8537394954446073,-0.5730864227897072,0.9641113855815826,-0.1936070954453265,27.023627774035596,0.9715446261038833,0.38008870584508153,-0.0074619217986051384,None,None,-0.00004493350506201165,-0.27175783861504643,-0.6301350515663572,-0.29193491765359225,0.3830918109628714,-2.8047327844252017,4 days 01:27:50.103092783,false
XMR-USD,false,64,69,98,22.68041237113402,0.548766267566237,0.13360881542699724,0.0001,0.00003489294210943696,4.049586776859504,8.057851239669422,0.00040495867768595046,-1.1407291749392334,0,0,17424,726 days 01:00:00,1000.0,378.8306920395953,-62.11693079604047,34.915698157888286,100.0,137.59225030665806,68.05899751600552,635 days 19:00:00,97,1,18.692272644587433,20.32857447376029,-7.447402913544822,5.217480842593738,-2.7567776704521663,10 days 07:35:27.272727272,2 days 05:18:24,-6.596511140257649,-0.8270333933347965,-0.5673521813088053,0.9652338331674927,-0.1817343753468402,26.936508108449683,0.9724715790525233,0.38030735107731306,-0.0074682943244752595,None,None,-0.00004354821104316759,-0.2633795803890776,-0.6211693079604044,-0.2860240614930243,0.38327034509029106,-2.77905452484864,4 days 01:22:16.082474225,false
XMR-USD,false,64,71,98,22.68041237113402,0.5426183010231835,0.13360881542699724,0.0001,0.00003489294210943696,4.049586776859504,8.057851239669422,0.00040495867768595046,-1.1806831186747158,0,0,17424,726 days 01:00:00,1000.0,368.782710434552,-63.1217289565448,34.915698157888286,100.0,138.49135164173643,68.75175645265215,630 days 14:00:00,97,1,17.512417328658387,19.78542602625741,-7.44740291354483,5.043310842075336,-2.745895921694388,10 days 09:38:10.909090909,2 days 04:49:36,-6.687935122619654,-0.8569190932553153,-0.5736206704999748,0.963982131717223,-0.1934923135571766,27.022129476732676,0.97141437570004,0.38008870584508153,-0.0074601899883996944,None,None,-0.000045101380886300677,-0.2727731516003465,-0.6312172895654468,-0.29265470978697095,0.38309630553364554,-2.8078323587032186,4 days 01:27:50.103092783,false
XMR-USD,false,65,68,98,22.68041237113402,0.548766267566237,0.13360881542699724,0.0001,0.00003489294210943696,4.049586776859504,8.057851239669422,0.00040495867768595046,-1.1407291749392334,0,0,17424,726 days 01:00:00,1000.0,378.8306920395953,-62.11693079604047,34.915698157888286,100.0,137.59225030665806,68.05899751600552,635 days 19:00:00,97,1,18.692272644587433,20.32857447376029,-7.447402913544822,5.217480842593738,-2.7567776704521663,10 days 07:35:27.272727272,2 days 05:18:24,-6.596511140257649,-0.8270333933347965,-0.5673521813088053,0.9652338331674927,-0.1817343753468402,26.936508108449683,0.9724715790525233,0.38030735107731306,-0.0074682943244752595,None,None,-0.00004354821104316759,-0.2633795803890776,-0.6211693079604044,-0.2860240614930243,0.38327034509029106,-2.77905452484864,4 days 01:22:16.082474225,false
XMR-USD,false,65,70,98,22.68041237113402,0.546020466787527,0.13360881542699724,0.0001,0.00003489294210943696,4.049586776859504,8.057851239669422,0.00040495867768595046,-1.1576590780007774,0,0,17424,726 days 01:00:00,1000.0,374.59983922025003,-62.54001607797499,34.915698157888286,100.0,139.29661548093387,68.25885086923262,630 days 14:00:00,97,1,17.788655840029037,19.785426026257404,-7.447402913544811,5.043310842075332,-2.72545933293371,10 days 09:38:10.909090909,2 days 04:48:48,-6.630812542471935,-0.8400766449908974,-0.5707544143006242,0.96467192443703,-0.19343867744324364,27.04151601689594,0.9715050172351254,0.38019801980198015,-0.007458196364188551,None,None,-0.00004420740168682165,-0.26736636540189734,-0.6254001607797472,-0.28880182736512394,0.38303108709058503,-2.7911718618705526,4 days 01:27:12.989690721,false
XMR-USD,false,66,67,98,22.68041237113402,0.5433806909504474,0.13360881542699724,0.0001,0.00003489294210943696,4.049586776859504,8.057851239669422,0.00040495867768595046,-1.1565556976961366,0,0,17424,726 days 01:00:00,1000.0,374.8839125099869,-62.51160874900131,34.915698157888286,100.0,136.89712573591913,68.39176911399905,635 days 19:00:00,97,1,18.49753055904432,20.32857447376029,-7.447402913544822,5.167515436880918,-2.7567776704521654,10 days 07:32:43.636363636,2 days 05:18:24,-6.635191938650075,-0.8386184298917067,-0.5693049663092549,0.9647514859613087,-0.182005264178798,26.951020852861436,0.9721881119989267,0.38019801980198015,-0.007468294324475407,None,None,-0.000044152400686282575,-0.267033719350637,-0.6251160874900119,-0.2886146794653527,0.38321973323088576,-2.7903582642490696,4 days 01:21:38.969072163,false
XMR-USD,false,21,71,151,22.666666666666664,0.603170425596109,0.2066115702479339,0.0001,0.00003487179487179487,6.239669421487603,12.43801652892562,0.0006239669421487604,-0.8642118334028898,0,0,17424,726 days 01:00:00,1000.0,462.21259880299317,-53.778740119700686,34.915698157888286,100.0,196.8687265883283,57.57188154511266,722 days 11:00:00,150,1,20.513365455310463,22.09083756125401,-7.172505688054691,4.228237311108789,-1.865139535174764,6 days 15:22:56.470588235,1 days 12:28:26.896551724,-3.7220051110154486,-0.6185040878620905,-0.5585479084165034,0.9743457280573931,0.12148050342336918,23.10813177344672,0.9894027177549035,0.39321979691372827,-0.007461921798605218,None,None,-0.00003232524227396515,-0.19550306527294123,-0.5377874011970086,-0.23498356550470045,0.38041458430869224,-2.5402453038892134,2 days 16:19:59.999999998,false
XMR-USD,false,81,82,76,22.666666666666664,0.5915966110434556,0.10330578512396695,0.0001,0.00003487179487179487,3.1404958677685952,6.239669421487603,0.0003140495867768595,-0.8766166581122989,0,0,17424,726 days 01:00:00,1000.0,447.18173859825083,-55.281826140174914,34.915698157888286,100.0,121.12428799053471,59.60170553084354,630 days 14:00:00,75,1,18.655820069544063,34.61126953247021,-10.766294701902158,6.357373608757971,-3.106780009998141,12 days 22:52:56.470588235,2 days 23:38:16.551724137,-7.619654419617246,-0.6390115992133784,-0.5582876447681305,0.9728925752491925,-0.4198086793264574,30.179901168211025,0.9650173551506637,0.3821686364718014,-0.007460189988399693,None,None,-0.000033863036936741295,-0.20480364739341134,-0.5528182614017485,-0.24371170320514002,0.3857226192690985,-2.5832943076260797,5 days 05:51:59.999999998,false
XMR-USD,false,5,10,910,22.662266226622663,0.34286470056304236,1.2520661157024793,0.0001,0.00003486502496403487,37.603305785123965,75.16528925619835,0.0037603305785123965,-6.979970469276879,0,0,17424,726 days 01:00:00,1000.0,6.3165684845956775,-99.36834315154043,34.915698157888286,100.0,420.6316597467639,99.40087452105517,722 days 11:00:00,909,1,0.019430072581110736,12.060151609105887,-11.805396837296518,1.438964923747256,-1.1261308991735448,0 days 23:16:53.592233009,0 days 06:22:16.557610241,-1.0931824659933855,-5.2372780960645215,-0.9271677643510798,0.7976561596312688,-0.3967591631751403,36.5413803897703,1.0253022523059327,0.3436921653300432,-0.008006406795091953,None,None,-0.0002782220468555174,-1.6826869393821693,-0.9936834315154048,-0.8275852240088787,0.38667300224994056,-3.8459503430863164,0 days 10:12:12.673267325,false
XMR-USD,false,15,22,332,22.658610271903324,0.4671604796052514,0.4559228650137741,0.0001,0.000034859400418312805,13.71900826446281,27.396694214876035,0.001371900826446281,-2.5916353668679015,0,0,17424,726 days 01:00:00,1000.0,154.94897783175008,-84.505102216825,34.915698157888286,100.0,287.2169210588471,85.36788049445573,722 days 11:00:00,331,1,6.464262739015652,21.342974034476285,-7.903274888121226,2.7428409998633363,-1.4994340029584659,2 days 19:30:23.999999999,0 days 17:12:11.250000,-2.5725537308376634,-1.863125260394018,-0.7126335812882993,0.9246513872766547,0.3259950953036712,22.44523164772711,1.014133779593748,0.3706442224494611,-0.007615090235589344,None,None,-0.00009550424786826664,-0.5776096911072767,-0.8450510221682483,-0.476490446732842,0.373111451833662,-3.420260990763929,1 days 04:36:04.350453171,false
XMR-USD,false,22,26,257,22.65625,0.4477759076540344,0.3526170798898072,0.0001,0.00003485576923076923,10.619834710743802,21.198347107438018,0.0010619834710743803,-2.2500257596757485,0,0,17424,726 days 01:00:00,1000.0,192.2083861118483,-80.77916138881517,34.915698157888286,100.0,234.8013359894189,82.26769865235713,722 days 11:00:00,256,1,9.127416704791386,23.46552052400139,-6.39961821527444,3.0277922600089124,-1.6827163269864929,3 days 17:43:26.896551724,0 days 22:13:20,-3.1910899632536833,-1.6132858455394197,-0.6850206809016232,0.9346910491783597,0.34080504988294125,22.35809546111588,0.9996622896415354,0.3807448494453249,-0.007615090235589302,None,None,-0.00008304340779660791,-0.5022465303538847,-0.8077916138881518,-0.4358347702631177,0.37467247017525157,-3.3135485082822336,1 days 13:30:56.249999999,false
XMR-USD,false,27,79,129,22.65625,0.6043495829207232,0.1763085399449036,0.0001,0.00003485576923076923,5.330578512396694,10.619834710743802,0.0005330578512396694,-0.7252486126384675,0,0,17424,726 days 01:00:00,1000.0,499.3096154231586,-50.06903845768414,34.915698157888286,100.0,174.62790629440084,53.89665329588599,635 days 19:00:00,128,1,25.509105547420404,19.59368917755768,-7.677465801481967,4.512872383544511,-1.980641542296457,7 days 12:53:47.586206896,1 days 20:25:27.272727272,-4.1109335165957885,-0.5208640805593601,-0.5468208034718854,0.9781937504554131,-0.07340897190608536,26.232635887113037,0.9865475807765024,0.39321979691372827,-0.007468294324475349,None,None,-0.000027574730298354468,-0.1667719688444478,-0.5006903845768405,-0.21420734052760815,0.38534063504162797,-2.4339979178211664,3 days 03:20:37.499999998,false
XMR-USD,false,17,24,310,22.653721682847898,0.44972076100941655,0.4256198347107438,0.0001,0.000034851879512073694,12.809917355371901,25.578512396694215,0.0012809917355371902,-2.6108892924932903,0,0,17424,726 days 01:00:00,1000.0,152.85539183034393,-84.71446081696561,34.915698157888286,100.0,265.6319077479999,85.66829267138625,722 days 11:00:00,309,1,7.072891080299655,23.389151865388296,-5.166804431970881,2.8166409279930837,-1.5771728508488612,3 days 03:11:08.571428571,0 days 17:50:57.740585774,-2.7644579263752638,-1.8736228584192143,-0.7132503744202039,0.9244841874148412,0.35527877049330303,22.330087833415934,1.0145871917273637,0.37258763292634894,-0.007638748123339024,None,None,-0.0000962388525197337,-0.5820525800393495,-0.8471446081696576,-0.4789564374645958,0.3738748090968593,-3.4262571074445667,1 days 06:50:17.475728154,false
XMR-USD,false,21,33,235,22.64957264957265,0.46451799655938836,0.32231404958677684,0.0001,0.00003484549638395793,9.710743801652892,19.380165289256198,0.0009710743801652893,-2.0241133544370444,0,0,17424,726 days 01:00:00,1000.0,219.63582671960307,-78.0364173280397,34.915698157888286,100.0,224.84049697548042,79.68018974273583,722 days 11:00:00,234,1,10.42986601325822,24.879197779776185,-6.399618215274416,3.2402867077443593,-1.744351336268401,4 days 00:31:41.886792452,1 days 01:11:56.022099447,-3.379461706383144,-1.4509985164023573,-0.6692745929107753,0.9411725856108175,0.30131728810069575,22.237395080223482,0.9960226353900306,0.38634736255867613,-0.007650913471011313,None,None,-0.00007522180184109355,-0.4549414575349338,-0.780364173280396,-0.4091008139257709,0.3773416186904528,-3.2349951868400324,1 days 17:21:16.923076922,false
XMR-USD,false,23,30,235,22.64957264957265,0.46603204931315534,0.32231404958677684,0.0001,0.00003484549638395793,9.710743801652892,19.380165289256198,0.0009710743801652893,-1.9916696890097354,0,0,17424,726 days 01:00:00,1000.0,224.01841826897692,-77.5981581731023,34.915698157888286,100.0,223.84106124301167,79.27473025987986,722 days 11:00:00,234,1,10.637982527460451,24.87919777977619,-6.399618215274416,3.2809111991967344,-1.7451682173756453,4 days 00:15:50.943396226,1 days 01:16:34.475138121,-3.3616220694807026,-1.4280927437017552,-0.6668208480424491,0.9420582175132485,0.29167633596135506,22.246985952270922,0.9973592663271048,0.38623707239459026,-0.007650913471011379,None,None,-0.00007407482139798658,-0.4480045198150229,-0.7759815817310216,-0.4050347629722678,0.37754797469309553,-3.2224432638352107,1 days 17:21:16.923076921,false
XMR-USD,false,40,82,107,22.641509433962266,0.5660414937057989,0.14600550964187328,0.0001,0.00003483309143686503,4.421487603305785,8.801652892561984,0.0004421487603305785,-0.9022195964867812,0,0,17424,726 days 01:00:00,1000.0,444.76937008370146,-55.52306299162986,34.915698157888286,100.0,149.53722486262257,60.972160025956214,635 days 19:00:00,106,1,21.59631726444252,20.48709055027733,-9.1928026688934,4.929371251300463,-2.375295552386314,9 days 03:45:00,2 days 03:21:57.073170731,-5.441763652648507,-0.6510051711635262,-0.5487110536958313,0.9725693974508911,-0.1440681726052067,26.881343387746874,0.9810335322815881,0.38304627351377096,-0.007451445542635736,None,None,-0.000034315565706821474,-0.20754054139485628,-0.5552306299163015,-0.24513027855463365,0.38367603100004066,-2.590203430575994,3 days 17:29:26.037735848,false
XMR-USD,false,45,69,107,22.641509433962266,0.5999320199696823,0.14600550964187328,0.0001,0.00003483309143686503,4.421487603305785,8.801652892561984,0.0004421487603305785,-0.7901892007003672,0,0,17424,726 days 01:00:00,1000.0,481.39819196904864,-51.86018080309513,34.915698157888286,100.0,153.22711356435218,57.28204853042318,635 days 19:00:00,106,1,23.374874223771428,20.23756343674948,-9.1928026688934,5.155531900170895,-2.343120259011431,9 days 01:35:00,2 days 04:02:11.707317073,-5.112987568440792,-0.5682919817631891,-0.5369093434814544,0.9760354770631879,-0.07910029149368215,26.581697054819408,0.9847302202812784,0.38315605651690754,-0.007442722754766131,None,None,-0.00002985692552895921,-0.1805746855991453,-0.5186018080309571,-0.2241080263265579,0.38241199019650574,-2.4852969735442247,3 days 17:31:07.924528301,false
XMR-USD,false,47,65,107,22.641509433962266,0.5905758967427707,0.14600550964187328,0.0001,0.00003483309143686503,4.421487603305785,8.801652892561984,0.0004421487603305785,-0.8027963371449409,0,0,17424,726 days 01:00:00,1000.0,476.86929173615545,-52.313070826384454,34.915698157888286,100.0,151.16830240212596,57.56237553364131,635 days 19:00:00,106,1,23.15496796927789,20.23917047314162,-9.192802668893405,5.0842492160326325,-2.335838148326266,9 days 01:25:00,2 days 04:24:08.780487804,-5.153638455029464,-0.5775620795215914,-0.5399973981147373,0.9756902591611064,-0.08105237136123127,26.472508804116544,0.9827400442706531,0.3850250377553454,-0.007458196364188614,None,None,-0.000030374732088440418,-0.18370637967088765,-0.5231307082638417,-0.22664939262747308,0.3827998235976202,-2.49826793065473,3 days 17:45:50.943396225,false
XMR-USD,false,47,66,107,22.641509433962266,0.5900596101528197,0.14600550964187328,0.0001,0.00003483309143686503,4.421487603305785,8.801652892561984,0.0004421487603305785,-0.8172622584210819,0,0,17424,726 days 01:00:00,1000.0,472.8241026049135,-52.717589739508654,34.915698157888286,100.0,151.10679627400566,58.04288963756322,635 days 19:00:00,106,1,22.958548895148454,20.23756343674948,-9.192802668893387,5.102643324883315,-2.3509554092452842,9 days 01:27:30,2 days 04:08:46.829268292,-5.189947606511657,-0.5879132919002257,-0.540601127952044,0.9752275347333526,-0.07961265450770708,26.580649473082126,0.9835041501181733,0.3835953628712085,-0.00744682661091657,None,None,-0.000030888021041364634,-0.1868107512581733,-0.5271758973950862,-0.22893268514266152,0.38241485103099826,-2.5098535192142077,3 days 17:34:31.698113206,false
XMR-USD,false,50,62,107,22.641509433962266,0.5812374592802733,0.14600550964187328,0.0001,0.00003483309143686503,4.421487603305785,8.801652892561984,0.0004421487603305785,-0.8554153114705533,0,0,17424,726 days 01:00:00,1000.0,460.6120946096471,-53.93879053903529,34.915698157888286,100.0,149.38004753874537,58.73723526132167,635 days 19:00:00,106,1,22.365580006458913,20.23756343674949,-9.192802668893409,5.102412568696641,-2.3819812957882007,9 days 01:22:30,2 days 04:13:54.146341463,-5.299561182988787,-0.615631155206589,-0.5494786525769335,0.9740915213489557,-0.08125612468362764,26.496235757426234,0.9817472561599697,0.3840349483717236,-0.007461921798605252,None,None,-0.000032370187291706575,-0.19577489274024137,-0.539387905390354,-0.2359040498222703,0.3827212412694485,-2.5448292139290714,3 days 17:37:21.509433961,false
XMR-USD,false,51,60,107,22.641509433962266,0.5900036914365272,0.14600550964187328,0.0001,0.00003483309143686503,4.421487603305785,8.801652892561984,0.0004421487603305785,-0.8058772513385992,0,0,17424,726 days 01:00:00,1000.0,475.8548042567759,-52.41451957432241,34.915698157888286,100.0,151.82956422418812,57.59831623527124,635 days 19:00:00,106,1,23.10570829687424,20.23917047314162,-9.192802668893412,5.088880646018301,-2.33902426435911,9 days 01:22:30,2 days 04:23:24.878048780,-5.1627443777367725,-0.5798145134338312,-0.540940775374975,0.9755949527790465,-0.08139099559678668,26.465951993682282,0.9830499327982165,0.3848048954939204,-0.007460189988399817,None,None,-0.00003049527405184788,-0.18443541746557598,-0.524145195743229,-0.22722082472087202,0.3828259799236562,-2.5011734646491877,3 days 17:44:43.018867923,false
XMR-USD,false,51,61,107,22.641509433962266,0.5741460127086266,0.14600550964187328,0.0001,0.00003483309143686503,4.421487603305785,8.801652892561984,0.0004421487603305785,-0.8856843186411899,0,0,17424,726 days 01:00:00,1000.0,451.7729119774556,-54.82270880225444,34.915698157888286,100.0,149.61163422544905,59.52907098969834,635 days 19:00:00,106,1,21.936382752054385,20.23756343674949,-9.192802668893417,4.998326040146671,-2.3756256031417378,9 days 01:20:00,2 days 04:13:54.146341463,-5.3789006676848965,-0.6378475199655602,-0.5531981645193207,0.9731702582974515,-0.0878489661643958,26.57181412921622,0.980617476406448,0.3840349483717236,-0.0074601899883997465,None,None,-0.000033505543964125905,-0.20264152989503348,-0.5482270880225396,-0.2410256404984652,0.3823470521496965,-2.570144997655408,3 days 17:36:47.547169810,false
XMR-USD,false,52,59,107,22.641509433962266,0.5857944826998156,0.14600550964187328,0.0001,0.00003483309143686503,4.421487603305785,8.801652892561984,0.0004421487603305785,-0.8257026392136475,0,0,17424,726 days 01:00:00,1000.0,469.60026234703935,-53.03997376529607,34.915698157888286,100.0,151.01973678765893,58.15563562298674,635 days 19:00:00,106,1,22.802011413698608,20.23917047314162,-9.192802668893396,5.084865186507816,-2.353679304272448,9 days 01:22:30,2 days 04:23:24.878048780,-5.218884425157162,-0.5941389274114436,-0.543604556167442,0.975003721683001,-0.0812456480384191,26.453968010255576,0.9828585337353958,0.38469485060394154,-0.007461921798605234,None,None,-0.000031251976867322936,-0.1890119560935691,-0.5303997376529601,-0.2307615198018682,0.38286655506937445,-2.519086730714937,3 days 17:44:43.018867923,false
XMR-USD,false,52,60,107,22.641509433962266,0.5703980566239039,0.14600550964187328,0.0001,0.00003483309143686503,4.421487603305785,8.801652892561984,0.0004421487603305785,-0.9028090592245245,0,0,17424,726 days 01:00:00,1000.0,446.8839484910959,-55.31160515089041,34.915698157888286,100.0,149.21589874322353,59.926381565313925,635 days 19:00:00,106,1,21.69899318872666,20.23756343674948,-9.192802668893396,4.94513108805755,-2.3740303094600974,9 days 01:25:00,2 days 04:10:14.634146341,-5.422783440543692,-0.650395520889893,-0.5556357110779928,0.9726440578702689,-0.09055714422681112,26.62797873565017,0.9806957470910493,0.383705233065989,-0.007458196364188629,None,None,-0.000034144272475350974,-0.2065045599309227,-0.5531160515089053,-0.24388654571001578,0.3821186775819782,-2.5841471907785465,3 days 17:35:05.660377357,false
XMR-USD,false,53,58,107,22.641509433962266,0.5822939600636247,0.14600550964187328,0.0001,0.00003483309143686503,4.421487603305785,8.801652892561984,0.0004421487603305785,-0.8455033358589631,0,0,17424,726 days 01:00:00,1000.0,463.48379343290844,-53.651620656709156,34.915698157888286,100.0,150.4608876307637,58.70065183031249,635 days 19:00:00,106,1,22.505018832615974,20.23917047314162,-9.192802668893409,5.084865186507814,-2.3692014279305886,9 days 01:22:30,2 days 04:22:40.975609756,-5.27378514528025,-0.608432349661273,-0.5462105747931065,0.9744092766708576,-0.08095441335462196,26.452896192902625,0.982866641750457,0.3844748132846019,-0.0074619217986051966,None,None,-0.000032004113089246864,-0.19356087596376503,-0.5365162065670892,-0.23425395593327047,0.382870092971805,-2.536604550024957,3 days 17:44:09.056603772,false
XMR-USD,false,53,59,107,22.641509433962266,0.5751741378585683,0.14600550964187328,0.0001,0.00003483309143686503,4.421487603305785,8.801652892561984,0.0004421487603305785,-0.8702743672256393,0,0,17424,726 days 01:00:00,1000.0,456.5885717646779,-54.34114282353221,34.915698157888286,100.0,149.74796237901106,59.05613466691659,635 days 19:00:00,106,1,22.170212965189137,20.23756343674948,-9.192802668893405,4.944775729158069,-2.348507407211679,9 days 01:22:30,2 days 04:08:46.829268292,-5.335675860382183,-0.6268142044144788,-0.551558507162409,0.9736209817180708,-0.0903550776875995,26.619043132294962,0.9814808902850359,0.3835953628712085,-0.007458196364188613,None,None,-0.000032909257908448964,-0.19903519183029933,-0.5434114282353182,-0.23822732524928558,0.38215293903691827,-2.556352749350803,3 days 17:33:23.773584904,false
XMR-USD,false,54,56,107,22.641509433962266,0.5852591769964285,0.14600550964187328,0.0001,0.00003483309143686503,4.421487603305785,8.801652892561984,0.0004421487603305785,-0.8325152457141132,0,0,17424,726 days 01:00:00,1000.0,467.4725427552728,-53.25274572447272,34.915698157888286,100.0,150.66037961558345,58.26431892285514,635 days 19:00:00,106,1,22.698697403237645,20.755148066145253,-9.192802668893414,5.0626264358059885,-2.352008700873264,9 days 01:25:00,2 days 04:33:39.512195121,-5.237982591018533,-0.5990249144970318,-0.5452670860997177,0.9748173597426492,-0.08064666321193852,26.445095940278026,0.9824566791219485,0.38557569974554706,-0.00745819636418867,None,None,-0.00003151102727854299,-0.190578692980628,-0.5325274572447267,-0.231973036976014,0.3828914072775705,-2.525180607406576,3 days 17:53:12.452830187,false
XMR-USD,false,54,57,107,22.641509433962266,0.582987141097644,0.14600550964187328,0.0001,0.00003483309143686503,4.421487603305785,8.801652892561984,0.0004421487603305785,-0.8356172264387224,0,0,17424,726 days 01:00:00,1000.0,466.59915860673186,-53.34008413932681,34.915698157888286,100.0,150.1189481310166,58.423053017123216,635 days 19:00:00,106,1,22.656289174536823,20.23917047314162,-9.192802668893421,5.084865186507816,-2.3610475692322375,9 days 01:22:30,2 days 04:19:45.365853658,-5.245821986488728,-0.6012777394954156,-0.5448830357802188,0.9746998012521957,-0.08089728581638206,26.469079122007255,0.9827585015519238,0.3843648208469055,-0.007460189988399753,None,None,-0.00003162319299966093,-0.1912570712619493,-0.5334008413932688,-0.23247138155519576,0.382814639183549,-2.5276820156401776,3 days 17:41:53.207547168,false
XMR-USD,false,13,27,328,22.629969418960243,0.4649665672711239,0.45041322314049587,0.0001,0.00003481533756763115,13.553719008264464,27.06611570247934,0.0013553719008264464,-2.57353119070336,0,0,17424,726 days 01:00:00,1000.0,157.14645262211252,-84.28535473778875,34.915698157888286,100.0,286.8780592337959,85.21608619786932,722 days 11:00:00,327,1,6.5559384286913485,21.342974034476285,-6.189806240950001,2.7665284119832356,-1.5071782027246516,2 days 21:12:58.378378378,0 days 17:11:08.774703557,-2.5975825254023794,-1.849260282885792,-0.7106377962222863,0.9252169858177784,0.3329379323834959,22.449445754259486,1.0166182814211886,0.3701053624783771,-0.0076141492790682405,None,None,-0.00009471538053323902,-0.5728386214650296,-0.8428535473778871,-0.47392537760340514,0.3728038686768534,-3.4139673323057034,1 days 04:57:36.880733943,false
XMR-USD,false,15,23,328,22.629969418960243,0.47562652173379644,0.45041322314049587,0.0001,0.00003481533756763115,13.553719008264464,27.06611570247934,0.0013553719008264464,-2.433626837469658,0,0,17424,726 days 01:00:00,1000.0,171.4730563358719,-82.85269436641282,34.915698157888286,100.0,294.5558669384284,83.94521194817071,722 days 11:00:00,327,1,7.153625046953891,21.34297403447631,-7.903274888121239,2.7607191935224793,-1.472808851988807,2 days 19:56:45.405405405,0 days 17:35:20.158102766,-2.5555980694528486,-1.747080944788746,-0.7003289543788032,0.9292065312820268,0.328613243127029,22.352120949968455,1.0172055396470812,0.37150728059818966,-0.007609614386810162,None,None,-0.00008966241176466931,-0.54227826635272,-0.8285269436641288,-0.45775076022126815,0.37355567097567705,-3.3729353482136926,1 days 04:59:04.954128438,false
XMR-USD,false,34,60,138,22.62773722627737,0.6119853313182201,0.1887052341597796,0.0001,0.000034811903425042115,5.702479338842975,11.363636363636363,0.0005702479338842975,-0.8223803113064178,0,0,17424,726 days 01:00:00,1000.0,472.5677127320879,-52.743228726791216,34.915698157888286,100.0,181.80781678099896,56.925462095882196,635 days 19:00:00,137,1,24.142895089592002,22.46457772688536,-8.721267796798305,4.715075104017953,-2.034517683054375,7 days 00:27:05.806451612,1 days 17:36:13.584905660,-4.026096221587618,-0.5872086458212226,-0.5515416055909736,0.9755410049790594,0.15820281176481613,23.17717710355497,0.9896706278581925,0.3914397508584205,-0.007489941431631887,None,None,-0.000030894776682517006,-0.18685160937586284,-0.5274322872679121,-0.22907783260434633,0.38295748588463313,-2.510587830387555,2 days 22:18:23.649635035,false
XMR-USD,false,7,22,527,22.623574144486692,0.37024075355188335,0.7245179063360881,0.0001,0.00003480549868382568,21.776859504132233,43.51239669421488,0.0021776859504132233,-4.474371097451022,0,0,17424,726 days 01:00:00,1000.0,40.16521087846911,-95.98347891215309,34.915698157888286,100.0,339.6242014382473,96.13181592159461,725 days 02:00:00,526,1,0.8080184046280223,14.344903282656974,-11.805396837296515,1.7851949935803941,-1.291367937958292,1 days 19:01:00.504201680,0 days 10:33:27.862407862,-1.826317124574445,-3.3137137728782347,-0.8335804302793635,0.8678966584454538,-0.4677280270608428,37.21467392228113,1.0119490258259254,0.35899235688660114,-0.0077072339427658515,None,None,-0.0001725698687372364,-1.0437025661228059,-0.9598347891215301,-0.672347278407488,0.379059966810155,-3.7490064348167174,0 days 17:54:04.106463877,false
XMR-USD,false,19,22,306,22.62295081967213,0.44701524472755433,0.4201101928374656,0.0001,0.00003480453972257251,12.644628099173554,25.24793388429752,0.0012644628099173555,-2.6282069013391207,0,0,17424,726 days 01:00:00,1000.0,151.17016719006892,-84.8829832809931,34.915698157888286,100.0,262.81023571735653,85.8262991770004,722 days 11:00:00,305,1,6.994912736299,23.389151865388296,-5.094970469037437,2.8003073743071454,-1.5859334787278387,3 days 03:48:41.739130434,0 days 18:11:56.949152542,-2.8059827722827255,-1.8872612373202642,-0.7144561156975243,0.9239446148350997,0.35055591375667666,22.36994261735409,1.0130371807824008,0.37247952110901067,-0.007641628599557684,None,None,-0.00009688723653426254,-0.5859740065592198,-0.8488298328099336,-0.48095749645139085,0.37367366642867733,-3.4310836603396404,1 days 07:13:58.032786883,false
XMR-USD,false,3,7,1345,22.61904761904762,0.36410238673290635,1.8512396694214877,0.0001,0.000034798534798534804,55.578512396694215,111.11570247933885,0.005557851239669421,-8.12876746244101,0,0,17424,726 days 01:00:00,1000.0,2.532126170801803,-99.74678738291982,34.915698157888286,100.0,537.1663317823904,99.75387671486257,725 days 02:00:00,1344,1,0.00796274189672097,13.628800372026006,-11.192981014084538,1.3011966998095694,-0.9430473323552427,0 days 15:14:48.157894736,0 days 04:23:18.461538461,-0.7421695212582514,-6.187926383608276,-0.9528383800971354,0.7669001593056253,-0.5965717658841612,35.26745053869738,1.0575368088958488,0.34120997536945813,-0.008191943393690301,None,None,-0.0003305207541950804,-1.9989895213718463,-0.9974678738291987,-0.8744599862026607,0.38878682651207846,-3.8567891420032985,0 days 06:50:40.178571427,false
XMR-USD,false,17,74,169,22.61904761904762,0.533331733090989,0.23140495867768596,0.0001,0.000034798534798534804,6.983471074380166,13.925619834710744,0.0006983471074380166,-1.2313739413187546,0,0,17424,726 days 01:00:00,1000.0,362.5154525420137,-63.74845474579863,34.915698157888286,100.0,194.1509741332657,66.96602283997706,722 days 11:00:00,168,1,16.44944143156357,21.24696439820229,-7.1725056880547,3.884155012780044,-1.8795472783627458,6 days 06:20:31.578947368,1 days 06:16:09.230769230,-3.892464219580657,-0.8838856336565655,-0.5966765134020438,0.9635540142632444,0.1064365383179596,23.129880680003055,0.9889210485162969,0.3912175648702595,-0.007505915383561996,None,None,-0.00004624232313524613,-0.2796735703219686,-0.6374845474579867,-0.2968503955050762,0.3808040103468193,-2.8257820438683208,2 days 09:25:42.857142855,false
XMR-USD,false,18,70,169,22.61904761904762,0.5141481110599174,0.23140495867768596,0.0001,0.000034798534798534804,6.983471074380166,13.925619834710744,0.0006983471074380166,-1.378098365059705,0,0,17424,726 days 01:00:00,1000.0,328.4512515405777,-67.15487484594223,34.915698157888286,100.0,189.4443784413617,69.94113358047625,722 days 11:00:00,168,1,14.903749860743744,21.24696439820229,-7.172505688054681,3.8627925205329996,-1.9473920622258512,6 days 03:23:41.052631578,1 days 07:14:18.461538461,-4.086026775715276,-0.9906513885101842,-0.6128440515529984,0.9592433236661241,0.09530474730660524,23.110520261030693,0.9896239356743487,0.39055143244753016,-0.00752440535826578,None,None,-0.000051880310746320824,-0.3137721193937483,-0.6715487484594236,-0.320525610449954,0.3811883862723347,-2.9233433208830264,2 days 09:30:42.857142856,false
XMR-USD,false,6,25,536,22.61682242990654,0.3716720442720793,0.7369146005509641,0.0001,0.00003479511143062545,22.14876033057851,44.25619834710744,0.0022148760330578513,-4.478442722230539,0,0,17424,726 days 01:00:00,1000.0,39.91784994742898,-96.0082150052571,34.915698157888286,100.0,343.5362246956561,96.19275281635599,725 days 02:00:00,535,1,0.8030421532777581,14.344903282656988,-11.805396837296515,1.755957134630335,-1.271340338669295,1 days 18:58:30.743801652,0 days 10:12:53.913043478,-1.79604708823523,-3.315653721031877,-0.8336927741128263,0.86791584143674,-0.4594202161488753,37.081936870550024,1.0161195892901553,0.35899235688660114,-0.007703186549122569,None,None,-0.0001728938664669307,-1.045662104391997,-0.9600821500525711,-0.673049071478849,0.3795494473548198,-3.7497148867282943,0 days 17:37:27.476635513,false
XMR-USD,false,7,9,806,22.608695652173914,0.3293614513545045,1.1088154269972452,0.0001,0.00003478260869565218,33.30578512396694,66.5702479338843,0.0033305785123966944,-6.4748146490639416,0,0,17424,726 days 01:00:00,1000.0,9.568443688335492,-99.04315563116644,34.915698157888286,100.0,382.0571832387531,99.06836667765624,725 days 02:00:00,805,1,0.029432999231469026,15.064284734460065,-11.805396837296524,1.5181456711280767,-1.171451515734987,1 days 01:42:11.868131868,0 days 07:23:41.508828250,-1.2303863221253342,-4.834373664756136,-0.9119091358238584,0.8115466666604654,-0.36797914028508405,37.448517244813566,1.025216948485851,0.3438994292765695,-0.007894195515327348,None,None,-0.00025460915266118343,-1.5398761552948375,-0.9904315563116648,-0.8008523342363971,0.3833467100980657,-3.8366368383440226,0 days 11:32:02.981366458,false
XMR-USD,false,16,33,262,22.60536398467433,0.4505166942562553,0.359504132231405,0.0001,0.00003477748305334513,10.826446280991735,21.611570247933884,0.0010826446280991736,-2.270536965421701,0,0,17424,726 days 01:00:00,1000.0,189.79556405470225,-81.02044359452978,34.915698157888286,100.0,241.294556329741,82.46795442960108,722 days 11:00:00,261,1,8.782178606907763,23.465520524001406,-6.3996182152744145,2.971199122008768,-1.6538270849207337,3 days 16:38:38.644067796,0 days 21:36:49.900990099,-3.137879749242167,-1.6283941059175908,-0.6867076400104781,0.9340550566872039,0.3399911240158345,22.402246287562487,1.002234257905248,0.37965162311955664,-0.0076315217993827,None,None,-0.00008377971129857038,-0.5066996939337536,-0.8102044359452982,-0.4383030067219762,0.37448746211311923,-3.320458930196856,1 days 12:45:58.620689654,false
XMR-USD,false,9,21,470,22.60127931769723,0.3964345813602509,0.6460055096418733,0.0001,0.00003477119895030343,19.421487603305785,38.80165289256198,0.0019421487603305785,-3.9246365477382152,0,0,17424,726 days 01:00:00,1000.0,58.148113100048135,-94.18518868999519,34.915698157888286,100.0,327.5200355569627,94.46854009392267,725 days 02:00:00,469,1,2.4258609906085837,18.96646464310024,-11.465212964445183,2.0130655225464205,-1.3517433593661778,2 days 00:36:13.584905660,0 days 11:42:28.760330578,-2.013385389958552,-2.893893513611923,-0.8052665346766953,0.8837777846855648,-0.4540013840818238,36.70054102720038,1.011963657334998,0.3629253030895581,-0.0076936905482502,None,None,-0.00015125424829279369,-0.9147856936748162,-0.9418518868999501,-0.6274489968828294,0.38043720253680746,-3.6975026609547124,0 days 20:02:48.869936033,false
XMR-USD,false,17,66,178,22.598870056497177,0.4882294615074635,0.24380165289256198,0.0001,0.00003476749239461105,7.355371900826446,14.669421487603307,0.0007355371900826447,-1.5189631793002627,0,0,17424,726 days 01:00:00,1000.0,300.2843261283865,-69.97156738716134,34.915698157888286,100.0,192.8682168178195,72.60008797901847,722 days 11:00:00,177,1,13.625652095183398,21.246964398202277,-7.125563139087608,3.606484808103004,-1.8947239796493949,5 days 15:28:30,1 days 06:45:32.846715328,-4.030176982863255,-1.0918957336608166,-0.6250847315387226,0.9550647698097017,0.1276542261424648,23.419603068278747,0.9885586327378111,0.38855685712008925,-0.007529929648075675,None,None,-0.00005707263685954752,-0.34517530772654337,-0.6997156738716088,-0.34134482384140075,0.3804562416968373,-3.004014557313187,2 days 06:25:25.423728812,false
XMR-USD,false,28,38,178,22.598870056497177,0.5188810005092812,0.24380165289256198,0.0001,0.00003476749239461105,7.355371900826446,14.669421487603307,0.0007355371900826447,-1.3786212854074655,0,0,17424,726 days 01:00:00,1000.0,328.7575229046404,-67.12424770953596,34.915698157888286,100.0,193.440068474952,71.50741894875976,722 days 11:00:00,177,1,16.38022018068432,21.538862549074306,-7.125563139087604,3.940401782904727,-1.9202800700298253,5 days 10:36:00,1 days 08:21:53.868613138,-3.884873995909854,-0.9907184778895098,-0.599045944770576,0.9592050621938681,0.1176263027157369,23.391353902725463,0.9891679806331616,0.39099544982837064,-0.007587215347123273,None,None,-0.00005184543369388033,-0.3135611829805882,-0.6712424770953591,-0.3203057660520706,0.38090633268090546,-2.9224661470608746,2 days 06:33:53.898305084,false
XMR-USD,false,12,29,333,22.590361445783135,0.4761382871894428,0.4573002754820937,0.0001,0.00003475440222428175,13.760330578512397,27.479338842975206,0.0013760330578512397,-2.4337626113036364,0,0,17424,726 days 01:00:00,1000.0,172.38827000764968,-82.76117299923503,34.915698157888286,100.0,297.8076666939419,83.72076523847191,722 days 11:00:00,332,1,7.9767121243502,21.342974034476292,-6.18980624095001,2.7490994107022897,-1.455875406613013,2 days 21:00:00,0 days 16:43:25.447470817,-2.516832656978017,-1.7441607004059831,-0.7008874178544784,0.9293053425980854,0.36131725488625616,22.44087781583308,1.0208158856722551,0.3706442224494611,-0.007592921762430836,None,None,-0.00008938974673804875,-0.5406291882717188,-0.8276117299923513,-0.45674797159846825,0.3730432228235798,-3.3703141384998285,1 days 04:31:59.277108433,false
XMR-USD,false,7,27,457,22.587719298245617,0.40930185567168437,0.628099173553719,0.0001,0.000034750337381916334,18.884297520661157,37.72727272727273,0.0018884297520661158,-3.5982678605286744,0,0,17424,726 days 01:00:00,1000.0,72.72289132563037,-92.72771086743697,34.915698157888286,100.0,321.5072108146579,93.08208407503076,725 days 02:00:00,456,1,3.0339011153736664,18.96646464310023,-11.465212964445191,2.0848250226319633,-1.3305283220943784,2 days 03:25:37.864077669,0 days 11:42:19.376770538,-2.0401557232231182,-2.647645574691463,-0.7866692421994893,0.8932826027824273,-0.4481285905580772,36.68930918029764,1.0111767987004454,0.3666666666666667,-0.007657573012803493,None,None,-0.00013841540228272343,-0.8371363530059113,-0.927277108674369,-0.5973754425667819,0.3805244049383676,-3.655759894822197,0 days 20:40:39.473684209,false
XMR-USD,false,31,72,125,22.58064516129032,0.6274371012254624,0.17079889807162535,0.0001,0.00003473945409429281,5.1652892561983474,10.289256198347108,0.0005165289256198347,-0.6797866572306295,0,0,17424,726 days 01:00:00,1000.0,514.4219219642875,-48.557807803571244,34.915698157888286,100.0,174.04012336125191,53.28566326464098,635 days 19:00:00,124,1,24.23146734871642,19.59368917755767,-8.039372144347572,4.769874610204587,-2.0334176775500126,7 days 15:53:34.285714285,1 days 22:40:00,-4.111367301487333,-0.4881362313359589,-0.5331008237107268,0.9795247146628686,-0.0731556205395469,26.21081460004715,0.9851049164961451,0.39288569144684243,-0.0074899414316318405,None,None,-0.000025853145194541335,-0.156359822136586,-0.4855780780357086,-0.20603274674990324,0.3855052401159577,-2.390715648416753,3 days 05:39:11.612903225,false
XMR-USD,false,54,89,94,22.58064516129032,0.548417630954302,0.128099173553719,0.0001,0.00003473945409429281,3.884297520661157,7.7272727272727275,0.00038842975206611574,-1.1139982714316718,0,0,17424,726 days 01:00:00,1000.0,389.0636008344211,-61.0936399165579,34.915698157888286,100.0,139.34497725315038,66.91402356047513,630 days 14:00:00,93,1,18.475497772589108,18.46735197470052,-7.193138527540468,5.076968817712359,-2.7341174281295526,10 days 19:57:08.571428571,2 days 07:30:00,-6.7678698595501885,-0.8060917892037367,-0.5646849664943561,0.9661778846969328,-0.1280748221693416,26.95327522803361,0.972215238694207,0.38030735107731306,-0.0074514455426357255,None,None,-0.00004217522227032642,-0.2550757442909342,-0.6109363991655838,-0.27938836773126674,0.38082971428946416,-2.749747051893201,4 days 05:39:59.999999998,false
XMR-USD,false,55,88,94,22.58064516129032,0.5448580851284434,0.128099173553719,0.0001,0.00003473945409429281,3.884297520661157,7.7272727272727275,0.00038842975206611574,-1.122083273917719,0,0,17424,726 days 01:00:00,1000.0,387.0712968900589,-61.292870310994104,34.915698157888286,100.0,137.75140948923843,66.80965436429221,630 days 14:00:00,93,1,18.38088905821064,18.467351974700517,-7.193138527540476,5.0741385798212,-2.740476846521548,10 days 19:54:17.142857142,2 days 07:27:30,-6.788275184603773,-0.8119887901662192,-0.567967455992829,0.9659215432263042,-0.12785051383323792,26.975048668428887,0.97195981084389,0.38008870584508153,-0.007451445542635837,None,None,-0.00004247486387931583,-0.2568879767421021,-0.612928703109942,-0.28067129700651905,0.3807499950865588,-2.7554530925839895,4 days 05:37:25.161290321,false
XMR-USD,false,56,86,94,22.58064516129032,0.5522486510229416,0.128099173553719,0.0001,0.00003473945409429281,3.884297520661157,7.7272727272727275,0.00038842975206611574,-1.095939679845409,0,0,17424,726 days 01:00:00,1000.0,394.15102463852054,-60.58489753614794,34.915698157888286,100.0,140.08763927253605,66.59670481899082,630 days 14:00:00,93,1,18.717084718680326,18.467351974700506,-7.193138527540458,5.067137064415435,-2.7134299584463943,10 days 19:57:08.571428571,2 days 07:22:30,-6.715764086883437,-0.7927112936856501,-0.561254269279787,0.9667082517712948,-0.12467710777835184,27.018219946190197,0.9721482523544197,0.37997940920250256,-0.007446826610916475,None,None,-0.000041446447484308786,-0.25066811438509956,-0.6058489753614795,-0.27613170331681336,0.38056619700485855,-2.7351764602324122,4 days 05:34:11.612903224,false
XMR-USD,false,57,85,94,22.58064516129032,0.5498816093942132,0.128099173553719,0.0001,0.00003473945409429281,3.884297520661157,7.7272727272727275,0.00038842975206611574,-1.1006414635038357,0,0,17424,726 days 01:00:00,1000.0,392.8779602057248,-60.71220397942753,34.915698157888286,100.0,139.084451796343,66.56549661140014,630 days 14:00:00,93,1,18.656630594876276,18.467351974700502,-7.193138527540471,5.067137064415437,-2.71811982646492,10 days 19:57:08.571428571,2 days 07:25:00,-6.728802907410234,-0.7961150999717519,-0.5630461959142989,0.9665772142011915,-0.1245298663460668,27.00453237858773,0.972620839967352,0.37997940920250256,-0.007446826610916535,None,None,-0.00004162929209585754,-0.2517739585957464,-0.6071220397942789,-0.2769440562992834,0.3806108012334126,-2.7388225692892583,4 days 05:36:07.741935482,false
XMR-USD,false,59,70,94,22.58064516129032,0.571452879361935,0.128099173553719,0.0001,0.00003473945409429281,3.884297520661157,7.7272727272727275,0.00038842975206611574,-0.9644611979058131,0,0,17424,726 days 01:00:00,1000.0,426.5695321859703,-57.343046781402975,34.915698157888286,100.0,135.1977014125302,64.06480881824048,635 days 19:00:00,93,1,21.767632744897355,20.009826981298744,-8.73554328507474,5.47464656915145,-2.7159438008231507,10 days 10:25:42.857142857,2 days 10:10:50,-6.399979575902433,-0.6981198436963247,-0.5438121138660128,0.9705577608892716,-0.17667197371370916,26.975120888176754,0.973381495023197,0.3815111393007215,-0.007458196364188591,None,None,-0.00003674657723718258,-0.22224329913048027,-0.5734304678140316,-0.25599802329526766,0.3831288486089118,-2.642328517164358,4 days 05:35:29.032258064,false
XMR-USD,false,59,84,94,22.58064516129032,0.542656426409175,0.128099173553719,0.0001,0.00003473945409429281,3.884297520661157,7.7272727272727275,0.00038842975206611574,-1.128818435377688,0,0,17424,726 days 01:00:00,1000.0,385.3536068175406,-61.464639318245936,34.915698157888286,100.0,136.64320965215558,67.01133203399195,630 days 14:00:00,93,1,18.299320957157818,18.327289471882384,-7.193138527540461,5.093907525311024,-2.7516576315970176,10 days 20:08:34.285714285,2 days 07:22:30,-6.805867893974385,-0.8166908118024322,-0.5683262798180883,0.9657332140935978,-0.1250919576376073,26.950549765659215,0.971569068064991,0.38008870584508153,-0.0074581963641885875,None,None,-0.00004272682560282853,-0.25841184124590694,-0.6146463931824606,-0.2817808561894882,0.38080347493315136,-2.7603726278163974,4 days 05:36:46.451612902,false
XMR-USD,false,60,69,94,22.58064516129032,0.5695171208250224,0.128099173553719,0.0001,0.00003473945409429281,3.884297520661157,7.7272727272727275,0.00038842975206611574,-0.9735862234913363,0,0,17424,726 days 01:00:00,1000.0,423.99756167432156,-57.60024383256784,34.915698157888286,100.0,134.85761184955197,64.28147748554152,635 days 19:00:00,93,1,21.636386358777486,20.009826981298744,-8.735543285074742,5.468536462276759,-2.7223964176529583,10 days 10:28:34.285714285,2 days 10:10:50,-6.4262239213382255,-0.7047385814897942,-0.5450563613595502,0.9702823587401184,-0.1764877467964165,26.977617034752054,0.9733069296838228,0.3815111393007215,-0.007458196364188625,None,None,-0.00003709415948217418,-0.22434547654818943,-0.5760024383256778,-0.2575581004744707,0.38312053563106085,-2.6496947468184757,4 days 05:36:07.741935483,false
XMR-USD,false,60,82,94,22.58064516129032,0.5438176597020133,0.128099173553719,0.0001,0.00003473945409429281,3.884297520661157,7.7272727272727275,0.00038842975206611574,-1.1106188853186234,0,0,17424,726 days 01:00:00,1000.0,390.4154454671054,-60.95845545328946,34.915698157888286,100.0,138.01460499304676,66.66800503835863,630 days 14:00:00,93,1,18.539692938743087,18.46735197470052,-7.193138527540471,5.033823951153687,-2.717434023675024,10 days 19:54:17.142857142,2 days 07:18:20,-6.754024166361685,-0.8033054983409239,-0.5651400805278829,0.9662659020004009,-0.12318794689256825,27.02513592634335,0.9721110649453348,0.37954239569313597,-0.007446826610916515,None,None,-0.000041995653349293416,-0.2539897114565266,-0.6095845545328946,-0.2785202982626186,0.38052355633854973,-2.745875313093732,4 days 05:30:19.354838708,false
XMR-USD,false,60,83,94,22.58064516129032,0.5431251064123327,0.128099173553719,0.0001,0.00003473945409429281,3.884297520661157,7.7272727272727275,0.00038842975206611574,-1.119669424115899,0,0,17424,726 days 01:00:00,1000.0,387.91031716375267,-61.208968283624735,34.915698157888286,100.0,136.41839837424902,66.7545107449083,630 days 14:00:00,93,1,18.420731688476053,18.1921003062634,-7.193138527540463,5.125886586935503,-2.7520340242142844,10 days 19:57:08.571428571,2 days 07:16:40,-6.779681876609928,-0.8100263759744513,-0.5674241925415312,0.9659900160897216,-0.1252578059534157,27.001147012378187,0.9724407006712895,0.37932399271748596,-0.0074468266109164695,None,None,-0.000042358482565326244,-0.2561841025550931,-0.612089682836251,-0.28013049186574546,0.38062663673148645,-2.7530501039056605,4 days 05:29:40.645161289,false
XMR-USD,false,61,67,94,22.58064516129032,0.5635851911289553,0.128099173553719,0.0001,0.00003473945409429281,3.884297520661157,7.7272727272727275,0.00038842975206611574,-1.03206581025877,0,0,17424,726 days 01:00:00,1000.0,406.91748096607535,-59.30825190339246,34.915698157888286,100.0,133.5373850822767,65.6553860671083,635 days 19:00:00,93,1,20.764798268073832,20.378873003359,-8.73554328507474,5.509504727059241,-2.788283204319107,10 days 10:28:34.285714285,2 days 10:15:00,-6.600508788193535,-0.74797321376129,-0.5538932730118825,0.9684788121883183,-0.1911142046969054,26.931020707692774,0.9716976865121687,0.38173023550868285,-0.007461921798605339,None,None,-0.000039421303933127134,-0.23842004618755291,-0.5930825190339258,-0.26807846175656436,0.38362145157621186,-2.6986128026196523,4 days 05:39:21.290322580,false
XMR-USD,false,61,68,94,22.58064516129032,0.5695923021975643,0.128099173553719,0.0001,0.00003473945409429281,3.884297520661157,7.7272727272727275,0.00038842975206611574,-0.9768137945574589,0,0,17424,726 days 01:00:00,1000.0,423.11900989019773,-57.68809901098023,34.915698157888286,100.0,134.93173933837733,64.2362049515804,635 days 19:00:00,93,1,20.877547833819108,20.009826981298755,-8.735543285074748,5.468536462276761,-2.722916626703768,10 days 10:28:34.285714285,2 days 10:08:20,-6.427511160684103,-0.7070693612979964,-0.5464945186492043,0.9701783639981657,-0.176398121192457,26.98461212250296,0.9736079818372109,0.3811826252377933,-0.007458196364188623,None,None,-0.00003721463334230086,-0.2250741024542356,-0.5768809901098013,-0.25809241808114625,0.3830978105693222,-2.652210955373582,4 days 05:34:11.612903225,false
XMR-USD,false,62,66,94,22.58064516129032,0.5635851911289553,0.128099173553719,0.0001,0.00003473945409429281,3.884297520661157,7.7272727272727275,0.00038842975206611574,-1.03206581025877,0,0,17424,726 days 01:00:00,1000.0,406.91748096607535,-59.30825190339246,34.915698157888286,100.0,133.5373850822767,65.6553860671083,635 days 19:00:00,93,1,20.764798268073832,20.378873003359,-8.73554328507474,5.509504727059241,-2.788283204319107,10 days 10:28:34.285714285,2 days 10:15:00,-6.600508788193535,-0.74797321376129,-0.5538932730118825,0.9684788121883183,-0.1911142046969054,26.931020707692774,0.9716976865121687,0.38173023550868285,-0.007461921798605339,None,None,-0.000039421303933127134,-0.23842004618755291,-0.5930825190339258,-0.26807846175656436,0.38362145157621186,-2.6986128026196523,4 days 05:39:21.290322580,false
XMR-USD,false,62,67,94,22.58064516129032,0.569454807807578,0.128099173553719,0.0001,0.00003473945409429281,3.884297520661157,7.7272727272727275,0.00038842975206611574,-0.9771478192833215,0,0,17424,726 days 01:00:00,1000.0,423.0252062679085,-57.69747937320915,34.915698157888286,100.0,134.91266358375594,64.24413362754142,635 days 19:00:00,93,1,20.872919373349248,20.009826981298755,-8.735543285074732,5.467393981964819,-2.722916626703767,10 days 10:25:42.857142857,2 days 10:08:20,-6.428470033391834,-0.7073112009521474,-0.5465396610854343,0.9701681663905508,-0.17639041978174622,26.984619614279037,0.9738002435525783,0.38107315526670366,-0.0074581963641885025,None,None,-0.00003722735900994528,-0.22515106729214907,-0.5769747937320939,-0.2581495103511384,0.38309778081546586,-2.652479612817764,4 days 05:33:32.903225806,false
XMR-USD,false,63,65,94,22.58064516129032,0.5635851911289553,0.128099173553719,0.0001,0.00003473945409429281,3.884297520661157,7.7272727272727275,0.00038842975206611574,-1.03206581025877,0,0,17424,726 days 01:00:00,1000.0,406.91748096607535,-59.30825190339246,34.915698157888286,100.0,133.5373850822767,65.6553860671083,635 days 19:00:00,93,1,20.764798268073832,20.378873003359,-8.73554328507474,5.509504727059241,-2.788283204319107,10 days 10:28:34.285714285,2 days 10:15:00,-6.600508788193535,-0.74797321376129,-0.5538932730118825,0.9684788121883183,-0.1911142046969054,26.931020707692774,0.9716976865121687,0.38173023550868285,-0.007461921798605339,None,None,-0.000039421303933127134,-0.23842004618755291,-0.5930825190339258,-0.26807846175656436,0.38362145157621186,-2.6986128026196523,4 days 05:39:21.290322580,false
XMR-USD,false,63,66,94,22.58064516129032,0.5696335629955953,0.128099173553719,0.0001,0.00003473945409429281,3.884297520661157,7.7272727272727275,0.00038842975206611574,-0.9767099689851426,0,0,17424,726 days 01:00:00,1000.0,423.14856711747416,-57.68514328825258,34.915698157888286,100.0,134.98416783686216,64.23370665064425,635 days 19:00:00,93,1,20.879006247201346,20.009826981298755,-8.735543285074753,5.467393981964816,-2.7225454816107857,10 days 10:25:42.857142857,2 days 10:08:20,-6.427209022900303,-0.7069938943233054,-0.5464802946722306,0.9701811651709842,-0.17640063720769678,26.98468412043195,0.9738132909973319,0.38107315526670366,-0.007458196364188714,None,None,-0.000037210639172591446,-0.22504994571583306,-0.5768514328825224,-0.2580744301981206,0.38309758226975626,-2.6521263022552546,4 days 05:33:32.903225806,false
XMR-USD,false,63,74,94,22.58064516129032,0.5523609321950346,0.128099173553719,0.0001,0.00003473945409429281,3.884297520661157,7.7272727272727275,0.00038842975206611574,-1.069560806627545,0,0,17424,726 days 01:00:00,1000.0,397.57418839917796,-60.24258116008221,34.915698157888286,100.0,137.2643748425385,66.59728279376229,630 days 14:00:00,93,1,18.87964080025563,18.361512054478183,-7.193138527540463,5.1656939211524335,-2.727759915994885,10 days 14:11:25.714285714,2 days 09:02:30,-6.680703789258899,-0.7756506759522658,-0.5571526982559708,0.9673258597960458,-0.19197461156573153,27.084770676872953,0.9725677256473811,0.37997940920250256,-0.007458196364188696,None,None,-0.000040801191086281406,-0.24676560368982994,-0.6024258116008212,-0.2739558161817237,0.382881700769974,-2.7253723779964565,4 days 05:33:32.903225806,false
XMR-USD,false,64,65,94,22.58064516129032,0.5696335629955953,0.128099173553719,0.0001,0.00003473945409429281,3.884297520661157,7.7272727272727275,0.00038842975206611574,-0.9767099689851426,0,0,17424,726 days 01:00:00,1000.0,423.14856711747416,-57.68514328825258,34.915698157888286,100.0,134.98416783686216,64.23370665064425,635 days 19:00:00,93,1,20.879006247201346,20.009826981298755,-8.735543285074753,5.467393981964816,-2.7225454816107857,10 days 10:25:42.857142857,2 days 10:08:20,-6.427209022900303,-0.7069938943233054,-0.5464802946722306,0.9701811651709842,-0.17640063720769678,26.98468412043195,0.9738132909973319,0.38107315526670366,-0.007458196364188714,None,None,-0.000037210639172591446,-0.22504994571583306,-0.5768514328825224,-0.2580744301981206,0.38309758226975626,-2.6521263022552546,4 days 05:33:32.903225806,false
XMR-USD,false,64,73,94,22.58064516129032,0.5536556895644089,0.128099173553719,0.0001,0.00003473945409429281,3.884297520661157,7.7272727272727275,0.00038842975206611574,-1.0634074858009908,0,0,17424,726 days 01:00:00,1000.0,399.25186378279204,-60.07481362172079,34.915698157888286,100.0,137.30981471404593,66.41821292909164,630 days 14:00:00,93,1,18.959308720221998,18.361512054478215,-7.193138527540461,5.185425161399049,-2.7275167704375005,10 days 14:17:08.571428571,2 days 09:00:50,-6.663520913305691,-0.7711344278398118,-0.5566480724121119,0.9675147105258259,-0.1909471171886102,27.08278618224538,0.9723532921162885,0.38008870584508153,-0.007458196364188481,None,None,-0.000040561100387778473,-0.2453135351452842,-0.6007481362172095,-0.27289388957645755,0.38285787093586676,-2.7205674464839094,4 days 05:33:32.903225805,false
XMR-USD,false,64,77,94,22.58064516129032,0.5402543801259564,0.128099173553719,0.0001,0.00003473945409429281,3.884297520661157,7.7272727272727275,0.00038842975206611574,-1.1559627932006753,0,0,17424,726 days 01:00:00,1000.0,378.9480809305753,-62.10519190694247,34.915698157888286,100.0,136.845384106114,67.62034502472092,630 days 14:00:00,93,1,17.995141180373196,18.467351974700495,-7.193138527540456,5.070920095810074,-2.7675140065627235,10 days 19:51:25.714285714,2 days 07:11:40,-6.871473766126856,-0.8364749657133586,-0.5708911805673687,0.9648785551156844,-0.12517777846395875,27.064539999881507,0.9725411225335324,0.3785601265822785,-0.007445281664846158,None,None,-0.00004371461434957728,-0.2643859875862434,-0.6210519190694278,-0.28594727930456654,0.3803922392854346,-2.7787183182218977,4 days 05:24:30.967741935,false
XMR-USD,false,65,72,94,22.58064516129032,0.5682490091206505,0.128099173553719,0.0001,0.00003473945409429281,3.884297520661157,7.7272727272727275,0.00038842975206611574,-0.9990772974091962,0,0,17424,726 days 01:00:00,1000.0,418.75987152257665,-58.124012847742335,34.915698157888286,100.0,141.99127015773334,64.8326267522068,630 days 14:00:00,93,1,19.885687216619658,18.361512054478183,-7.193138527540464,5.153294942467303,-2.6540251206987455,10 days 14:14:17.142857142,2 days 09:00:00,-6.4637184483230445,-0.7225865850507883,-0.5466647256480945,0.9695811817372041,-0.13479022803878138,26.833527373173705,0.9740260214951166,0.38008870584508153,-0.007451445542635753,None,None,-0.00003789655360923565,-0.2291983562286572,-0.5812401284774257,-0.26075432855747627,0.3817400850312871,-2.664695707498283,4 days 05:32:15.483870967,false
XMR-USD,false,65,76,94,22.58064516129032,0.5408508745257942,0.128099173553719,0.0001,0.00003473945409429281,3.884297520661157,7.7272727272727275,0.00038842975206611574,-1.1433363307593418,0,0,17424,726 days 01:00:00,1000.0,382.09573625803546,-61.79042637419645,34.915698157888286,100.0,136.65008022146588,67.24619173566292,630 days 14:00:00,93,1,18.144614168508326,18.4673519747005,-7.193138527540463,5.069681718255186,-2.7564990348140594,10 days 19:48:34.285714285,2 days 07:11:40,-6.839235246349174,-0.8272262764460242,-0.5702629017877805,0.9652625073977418,-0.12479111083710483,27.05047618261711,0.9731314952297911,0.37845107190886795,-0.007445281664846157,None,None,-0.000043236852093053394,-0.26149648145878696,-0.6179042637419639,-0.283894213563996,0.3804413291889918,-2.769703303504946,4 days 05:23:52.258064515,false
XMR-USD,false,66,71,94,22.58064516129032,0.5688894720830345,0.128099173553719,0.0001,0.00003473945409429281,3.884297520661157,7.7272727272727275,0.00038842975206611574,-0.982737440968434,0,0,17424,726 days 01:00:00,1000.0,423.55116038150186,-57.644883961849814,34.915698157888286,100.0,141.93300139224274,64.31251371151984,630 days 14:00:00,93,1,20.11321157626429,18.3615120544782,-7.193138527540476,5.149993270564863,-2.637989414928855,10 days 14:17:08.571428571,2 days 08:58:20,-6.414645711771646,-0.7105904838030235,-0.5453281085053403,0.9700762703215735,-0.13340154388216463,26.87095170397522,0.9751319106713854,0.3798701298701298,-0.0074468266109164695,None,None,-0.000037253047140420444,-0.22530642910526283,-0.5764488396185048,-0.2578295023747481,0.38159296469958714,-2.6509732585377637,4 days 05:31:36.774193547,false
XMR-USD,false,67,70,94,22.58064516129032,0.5680494337807079,0.128099173553719,0.0001,0.00003473945409429281,3.884297520661157,7.7272727272727275,0.00038842975206611574,-0.9863096845131799,0,0,17424,726 days 01:00:00,1000.0,422.5541022751647,-57.74458977248352,34.915698157888286,100.0,141.67115502681884,64.39652362774024,630 days 14:00:00,93,1,20.065864189401964,18.3615120544782,-7.193138527540474,5.149993270564863,-2.6412069006921253,10 days 14:17:08.571428571,2 days 08:57:30,-6.4248576549917935,-0.7131783575236519,-0.5458106046834801,0.9699674977789587,-0.13332817128514907,26.87175172200751,0.9752258703690866,0.3797608678438514,-0.007446826610916478,None,None,-0.00003738846169940837,-0.2261254163580218,-0.5774458977248331,-0.25843636631443545,0.3815903523179136,-2.6538288740887643,4 days 05:30:58.064516128,false
XMR-USD,false,20,24,289,22.569444444444446,0.45341948782219427,0.39669421487603307,0.0001,0.00003472222222222223,11.942148760330578,23.84297520661157,0.0011942148760330578,-2.5267044135321814,0,0,17424,726 days 01:00:00,1000.0,159.87840581750947,-84.01215941824906,34.915698157888286,100.0,260.8596220946151,85.36599477065707,722 days 11:00:00,288,1,7.397858439264496,23.38915186538829,-5.914882632735084,2.8371788447850066,-1.6154929180844109,3 days 08:08:18.461538461,0 days 19:31:28.789237668,-2.9427758771588723,-1.8151295981978641,-0.7053690770997714,0.9266835805418302,0.3335324615168506,22.273575527899034,1.0040367821055127,0.37670854072845067,-0.007669288172738413,None,None,-0.00009357569324036027,-0.565945792717699,-0.840121594182493,-0.47076887106249266,0.37524365623533074,-3.4061429056451136,1 days 09:12:17.499999998,false
XMR-USD,false,17,33,258,22.56809338521401,0.4425778069399467,0.35399449035812675,0.0001,0.00003472014366956002,10.661157024793388,21.280991735537192,0.0010661157024793389,-2.3198727080786345,0,0,17424,726 days 01:00:00,1000.0,183.34012141543747,-81.66598785845626,34.915698157888286,100.0,232.72535026547487,83.06426507096074,722 days 11:00:00,257,1,8.483473784553098,23.4655205240014,-6.399618215274421,3.006774499350379,-1.6907901826261804,3 days 18:03:06.206896551,0 days 22:04:31.356783919,-3.2106745228370244,-1.6651042299834535,-0.6907821965169171,0.9326687332282202,0.33380212712052365,22.339498120190747,0.9998286461724362,0.3807448494453249,-0.007633162839139159,None,None,-0.00008574458291816163,-0.5185832374890416,-0.816659878584562,-0.445009078027806,0.3748203936361526,-3.338947584240299,1 days 13:24:58.832684823,false
XMR-USD,false,23,34,227,22.566371681415927,0.4581568152604257,0.31129476584022037,0.0001,0.00003471749489448604,9.3801652892562,18.71900826446281,0.00093801652892562,-2.042022248593267,0,0,17424,726 days 01:00:00,1000.0,213.80599429187782,-78.61940057081222,34.915698157888286,100.0,212.45956381731756,80.51865378997162,722 days 11:00:00,226,1,11.20555457144215,20.680218971042223,-6.928026011026196,3.37524381545832,-1.8269752609743284,4 days 08:49:24.705882352,1 days 00:40:48,-3.5283166384051494,-1.468378212427346,-0.6700917003011819,0.9403605063932955,0.2032294172646166,22.829140426522272,0.995892083622692,0.3867886987664147,-0.007655345219876698,None,None,-0.0000766104424217746,-0.4633399557668928,-0.7861940057081234,-0.4145925270941905,0.3797589193057402,-3.251692067427563,1 days 18:45:55.752212388,false
XMR-USD,false,17,75,165,22.5609756097561,0.5273251097333725,0.22589531680440772,0.0001,0.000034709193245778614,6.818181818181818,13.59504132231405,0.0006818181818181819,-1.2821261684465837,0,0,17424,726 days 01:00:00,1000.0,349.79766712659193,-65.02023328734082,34.915698157888286,100.0,189.7031277091246,68.12492249513157,722 days 11:00:00,164,1,15.872361296459815,21.24696439820228,-7.172505688054703,3.948925560569219,-1.9395554262810113,6 days 08:45:24.324324324,1 days 07:31:10.866141732,-4.0614310620113905,-0.9213725567400315,-0.6022085714661066,0.9620183152050511,0.09091454626797561,23.11584004890831,0.9871383364915157,0.3914397508584205,-0.007505915383561985,None,None,-0.00004826196458843685,-0.2918883618308661,-0.6502023328734077,-0.30551232440522935,0.38126564034398347,-2.8622063059807727,2 days 10:52:19.024390242,false
XMR-USD,false,20,35,236,22.5531914893617,0.4714629408727193,0.3236914600550964,0.0001,0.00003469721767594108,9.75206611570248,19.462809917355372,0.0009752066115702481,-2.013729528017701,0,0,17424,726 days 01:00:00,1000.0,221.2881523249846,-77.87118476750155,34.915698157888286,100.0,228.73703322123882,79.52732332159668,722 days 11:00:00,235,1,10.508330146053822,24.879197779776195,-6.3996182152744066,3.281473050508625,-1.7418792900374795,4 days 01:01:07.924528301,1 days 00:57:21.758241758,-3.3583837354088066,-1.44365715428891,-0.6683456524909416,0.9414818187786524,0.2979457050328128,22.250166873926393,0.9963047312713178,0.3867886987664147,-0.007633542887437616,None,None,-0.0000748034569200744,-0.45241130745261,-0.7787118476750147,-0.4075616625496504,0.37715124479779094,-3.2302628581381696,1 days 17:12:30.638297871,false
XMR-USD,false,40,85,103,22.54901960784314,0.5628440641553575,0.14049586776859505,0.0001,0.00003469079939668176,4.256198347107438,8.47107438016529,0.00042561983471074385,-0.9368779030796827,0,0,17424,726 days 01:00:00,1000.0,434.1465525152345,-56.58534474847655,34.915698157888286,100.0,146.46481159409294,62.297783861648824,635 days 19:00:00,102,1,21.08051344816863,20.21756363541449,-9.192802668893409,5.004457066556833,-2.4550681707433695,9 days 08:36:31.304347826,2 days 06:38:44.050632911,-5.7542545189503365,-0.6767765386450633,-0.5499376369516161,0.9715139808789769,-0.15391126069908723,26.823584175251412,0.9765414802625341,0.3835953628712085,-0.007466933014796035,None,None,-0.000035690876771530946,-0.21585842271421915,-0.5658534474847687,-0.2514374387033784,0.38385735485166794,-2.6206276183451473,3 days 20:58:14.117647057,false
XMR-USD,false,41,84,103,22.54901960784314,0.5568189794625987,0.14049586776859505,0.0001,0.00003469079939668176,4.256198347107438,8.47107438016529,0.00042561983471074385,-0.9577917690180461,0,0,17424,726 days 01:00:00,1000.0,428.21812946705427,-57.17818705329457,34.915698157888286,100.0,145.1218173174819,62.57534326544329,635 days 19:00:00,102,1,19.09860489279498,20.2175636354145,-9.19280266889341,4.978562034629305,-2.4585554688184286,9 days 06:02:36.521739130,2 days 07:22:01.518987341,-5.792945837507263,-0.6915978501160495,-0.5547350793349141,0.9708901988324666,-0.14900232650157264,26.817999585689137,0.9773279291189643,0.38304627351377096,-0.0074682943244752205,None,None,-0.00003647704897125683,-0.2206131921781613,-0.5717818705329443,-0.25500126304664494,0.3839052100018257,-2.637606866537098,3 days 20:57:03.529411763,false
XMR-USD,false,43,84,103,22.54901960784314,0.5341946750156574,0.14049586776859505,0.0001,0.00003469079939668176,4.256198347107438,8.47107438016529,0.00042561983471074385,-1.0977002516992274,0,0,17424,726 days 01:00:00,1000.0,390.15012366496717,-60.98498763350329,34.915698157888286,100.0,139.6811479206007,66.04094260882162,635 days 19:00:00,102,1,17.400765049406004,20.42934808058189,-8.593290028177917,4.981731531852334,-2.5730304582492454,9 days 06:57:23.478260869,2 days 07:01:31.139240506,-6.149516092004306,-0.7940445169314441,-0.5708285856675778,0.9666412723885616,-0.16243320503499117,26.873962148930488,0.9758741416846325,0.3819494012213498,-0.0074820158763636915,None,None,-0.000041841681841377285,-0.2530584917766498,-0.6098498763350313,-0.27869051624432184,0.3835502109802787,-2.746635205681125,3 days 20:53:31.764705881,false
XMR-USD,false,43,88,103,22.54901960784314,0.5289097443567701,0.14049586776859505,0.0001,0.00003469079939668176,4.256198347107438,8.47107438016529,0.00042561983471074385,-1.1188843707227165,0,0,17424,726 days 01:00:00,1000.0,383.74058463853476,-61.62594153614652,34.915698157888286,100.0,138.08248520918903,66.6199692659232,635 days 19:00:00,102,1,17.114898466496072,20.37887300335901,-8.593290028177915,5.010596670336254,-2.6043159603874266,9 days 06:02:36.521739130,2 days 07:30:22.784810126,-6.209552096352564,-0.8103541772499382,-0.573622712881244,0.9660037397560903,-0.17409961651137976,26.749967276669473,0.9734053008186244,0.38337567481740237,-0.0074990791252610815,None,None,-0.00004275884510475672,-0.2586054951935687,-0.6162594153614631,-0.2828257479561276,0.3840688064306112,-2.764992389883625,3 days 21:03:31.764705881,false
XMR-USD,false,47,78,103,22.54901960784314,0.535378090871439,0.14049586776859505,0.0001,0.00003469079939668176,4.256198347107438,8.47107438016529,0.00042561983471074385,-1.0645003527445132,0,0,17424,726 days 01:00:00,1000.0,398.73030193267505,-60.1269698067325,34.915698157888286,100.0,139.62331225702948,65.2895882320638,635 days 19:00:00,102,1,17.78344252933573,20.42934808058188,-8.593290028177906,4.965634444556655,-2.5422036459978155,9 days 06:46:57.391304347,2 days 06:58:28.860759493,-6.069148437222161,-0.7694553227765106,-0.5669047337214523,0.96763277906286,-0.15334829297766953,26.844622047709745,0.9768828014728539,0.3815111393007215,-0.007488437220127423,None,None,-0.000040575791961592995,-0.24540238978371443,-0.6012696980673256,-0.2732237125939032,0.3838323201875939,-2.7220612211401076,3 days 20:48:49.411764704,false
XMR-USD,false,49,86,103,22.54901960784314,0.5282136612205046,0.14049586776859505,0.0001,0.00003469079939668176,4.256198347107438,8.47107438016529,0.00042561983471074385,-1.257315682881046,0,0,17424,726 days 01:00:00,1000.0,349.4407963478059,-65.05592036521941,34.915698157888286,100.0,140.28287104287247,70.33687387172051,635 days 19:00:00,102,1,17.83179141277094,20.3285744737603,-8.735543285074732,4.970302383788905,-2.715719434286953,10 days 04:36:31.304347826,2 days 00:47:50.886075949,-6.5528528927937755,-0.9126763497643108,-0.5837004864075689,0.9617945468149388,-0.19013719947124205,26.75543410168499,0.9713805389758837,0.3819494012213498,-0.00749907912526115,None,None,-0.00004814025672710299,-0.2911522726855189,-0.6505592036521917,-0.3057583284914417,0.38392779051171777,-2.8632283986142126,3 days 20:57:03.529411763,false
XMR-USD,false,8,35,378,22.546419098143236,0.42140737197097866,0.5192837465564738,0.0001,0.000034686798612528057,15.619834710743802,31.198347107438018,0.0015619834710743803,-3.018556789689719,0,0,17424,726 days 01:00:00,1000.0,109.75047356938728,-89.02495264306127,34.915698157888286,100.0,298.83039455620553,89.63587415578999,722 days 11:00:00,377,1,5.078349780615909,21.41807728755482,-11.595387641454275,2.389327934138304,-1.423926128316543,2 days 17:00:42.352941176,0 days 13:33:54.246575342,-2.3748750032128108,-2.2059886685770653,-0.7482532027547265,0.9105324215839642,-0.38954221952057644,37.04737682901228,1.010779839233958,0.3708598851388561,-0.007618027989106657,None,None,-0.00011489272438565241,-0.6948711970844258,-0.8902495264306134,-0.5355520608655735,0.37909424787831614,-3.549711371672756,1 days 01:09:52.042440317,false
XMR-USD,false,10,32,347,22.54335260115607,0.45765083829777264,0.4765840220385675,0.0001,0.00003468208092485549,14.338842975206612,28.636363636363637,0.0014338842975206612,-2.630859235175766,0,0,17424,726 days 01:00:00,1000.0,150.43577823331304,-84.9564221766687,34.915698157888286,100.0,300.14526750912796,85.79381677022107,722 days 11:00:00,346,1,6.960931251972511,21.41807728755481,-6.189806240950003,2.5932552565658424,-1.4330547649236667,2 days 20:10:00,0 days 15:34:55.522388059,-2.475506222597281,-1.889475351910568,-0.7158290617082727,0.9237177534964875,0.33600535112174273,22.384138384380865,1.0184580359063788,0.3713993388950102,-0.007614149279068383,None,None,-0.00009713437962800287,-0.5874687279901614,-0.849564221766687,-0.4818340773971562,0.3741878521272383,-3.433186980609609,1 days 03:26:11.098265894,false
XMR-USD,false,3,8,1252,22.54196642685851,0.3635304761842872,1.7231404958677685,0.0001,0.0000346799483490131,51.735537190082646,103.42975206611571,0.005173553719008264,-7.7551520885132135,0,0,17424,726 days 01:00:00,1000.0,3.446385936821571,-99.65536140631784,34.915698157888286,100.0,530.4789756383901,99.6660694086296,725 days 02:00:00,1251,1,0.010837801847256578,14.515260847724122,-11.192981014084529,1.3539919450708435,-0.9659221744203078,0 days 16:39:34.468085106,0 days 04:42:24.891640866,-0.7966142700759583,-5.880963359204666,-0.9453513540470566,0.7777155133613847,-0.5265409692889689,34.726491037511614,1.0473119848458143,0.3460795674005407,-0.008202864595644151,None,None,-0.00031293376684171805,-1.8926234218587108,-0.9965536140631787,-0.86028283919184,0.3873128434355451,-3.8541706643148794,0 days 07:24:04.604316545,false
XMR-USD,false,17,39,245,22.540983606557376,0.44506561642373055,0.33608815426997246,0.0001,0.00003467843631778058,10.12396694214876,20.206611570247933,0.0010123966942148762,-2.213896962790781,0,0,17424,726 days 01:00:00,1000.0,194.20335522728044,-80.57966447727195,34.915698157888286,100.0,225.5138233231125,82.03309820405454,722 days 11:00:00,244,1,9.222151980385178,24.87919777977619,-6.399618215274428,3.1433548994934104,-1.7404681346158968,3 days 23:44:43.636363636,0 days 23:17:46.666666666,-3.3402409702996128,-1.5901323184034064,-0.6842107187059034,0.9356608794539085,0.2919507979934212,22.351102891631303,0.9945499773147078,0.38524525001987436,-0.00763882611896211,None,None,-0.00008231686170563187,-0.4978523795956616,-0.8057966447727186,-0.4338092177798232,0.37680224762209913,-3.307834834431546,1 days 15:37:37.377049179,false
XMR-USD,false,18,21,316,22.53968253968254,0.4697883926685571,0.43388429752066116,0.0001,0.00003467643467643468,13.057851239669422,26.074380165289256,0.0013057851239669422,-2.592959456611123,0,0,17424,726 days 01:00:00,1000.0,154.32192777423688,-84.5678072225763,34.915698157888286,100.0,282.7679750815041,85.59830686911735,722 days 11:00:00,315,1,6.438103054847318,21.3429740344763,-5.16680443197088,2.8620484570411167,-1.5634296679740904,2 days 23:37:10.985915492,0 days 18:03:26.557377049,-2.705130715176542,-1.864888975355591,-0.7116469673503331,0.9246834842107007,0.31742702398833794,22.349388140062544,1.0136820642046884,0.37118350645262826,-0.007631521799382552,None,None,-0.00009570908636267533,-0.5788485543214604,-0.8456780722257622,-0.47722674157111267,0.37355807888230724,-3.422056887998112,1 days 06:07:48.571428570,false
XMR-USD,false,75,89,72,22.535211267605636,0.6035033876288146,0.09779614325068871,0.0001,0.00003466955579631637,2.9752066115702482,5.909090909090909,0.00029752066115702486,-0.8103741626883054,0,0,17424,726 days 01:00:00,1000.0,467.5008067325854,-53.249919326741455,34.915698157888286,100.0,116.46699725848924,57.68390113008349,630 days 14:00:00,71,1,19.50350423545649,35.55274396702101,-10.766294701902144,6.777950283699507,-3.1979442203732473,13 days 10:11:15,3 days 06:00:00,-7.77468588032213,-0.5904090651985948,-0.5507176338398254,0.9749409355067492,-0.4181829307207615,30.123515859940582,0.9664455995542046,0.38238794129313763,-0.007461921798605238,None,None,-0.000031301806841101415,-0.18931332777498136,-0.532499193267407,-0.23195691998145318,0.385899605333343,-2.525099658209499,5 days 13:01:41.408450703,false
XMR-USD,false,76,88,72,22.535211267605636,0.5983416594568175,0.09779614325068871,0.0001,0.00003466955579631637,2.9752066115702482,5.909090909090909,0.00029752066115702486,-0.8347308229054122,0,0,17424,726 days 01:00:00,1000.0,459.6975676153571,-54.030243238464294,34.915698157888286,100.0,115.70842017720753,58.396562468186886,630 days 14:00:00,71,1,19.177963605405296,35.55274396702099,-10.76629470190216,6.777950283699506,-3.227121972617481,13 days 10:11:15,3 days 05:56:43.636363636,-7.880005577324615,-0.6083301351014331,-0.5538423541143677,0.974186806264962,-0.41946317683795054,30.094119183244615,0.9654941246568715,0.38227828018403937,-0.00746693301479604,None,None,-0.00003226085482401362,-0.19511364997563438,-0.5403024323846408,-0.23643095176180762,0.3860063813134444,-2.5474484569702804,5 days 12:59:09.295774646,false
XMR-USD,false,16,35,254,22.529644268774703,0.45106960109290395,0.3484848484848485,0.0001,0.00003466099118273031,10.495867768595042,20.950413223140497,0.0010495867768595044,-2.1974648714678384,0,0,17424,726 days 01:00:00,1000.0,199.3548543339948,-80.06451456660052,34.915698157888286,100.0,234.11657889022152,81.6045995983338,722 days 11:00:00,253,1,9.224503984775055,23.465520524001388,-6.399618215274424,3.0355240458629846,-1.6683035742441281,3 days 18:11:34.736842105,0 days 22:52:57.551020408,-3.2010658088963675,-1.5743633487500692,-0.6806807359766691,0.9362661840830183,0.35283099261750633,22.344753293390205,1.0016277959367235,0.38162067871868055,-0.007638748123338964,None,None,-0.00008096923044551901,-0.48970190573449895,-0.8006451456660053,-0.42864081982723035,0.3743458174686893,-3.293080728460589,1 days 14:02:50.750988141,false
XMR-USD,false,14,24,334,22.52252252252252,0.4697506248885368,0.45867768595041325,0.0001,0.000034650034650034654,13.801652892561984,27.56198347107438,0.0013801652892561985,-2.5622963275850106,0,0,17424,726 days 01:00:00,1000.0,157.1823185192069,-84.28176814807931,34.915698157888286,100.0,293.2695085125671,85.156981989072,722 days 11:00:00,333,1,6.557434705629902,21.342974034476285,-7.903274888121235,2.7298064935135944,-1.4793680306355144,2 days 19:56:48,0 days 16:59:32.093023255,-2.5506760245838564,-1.8420410627864723,-0.7110778823562983,0.9255114721769417,0.3210606971856021,22.284134037273017,1.0159631975688348,0.37118350645262826,-0.0076154822586101045,None,None,-0.00009463206323687868,-0.5723347184566422,-0.8428176814807956,-0.47388370687340875,0.373935714138666,-3.413864610896748,1 days 04:28:06.486486484,false
XMR-USD,false,34,88,112,22.52252252252252,0.531648886298267,0.15289256198347106,0.0001,0.000034650034650034654,4.62809917355372,9.214876033057852,0.00046280991735537196,-1.0702615147104222,0,0,17424,726 days 01:00:00,1000.0,395.7212726068717,-60.427872739312825,34.915698157888286,100.0,149.1429284659873,65.7733378421216,635 days 19:00:00,111,1,17.96498196468815,20.564604478564082,-9.192802668893414,4.676732554880883,-2.3794660643597454,8 days 21:16:48,2 days 00:39:04.186046511,-5.605799183403757,-0.774869735880283,-0.5663752263924147,0.9674520065881812,-0.1819827634923137,26.791500096445937,0.9770445900040524,0.38469485060394154,-0.007466933014796123,None,None,-0.000040953965139925146,-0.24768958116626727,-0.6042787273931277,-0.27513207125634176,0.384702671008753,-2.7306792052691846,3 days 13:43:47.027027025,false
XMR-USD,false,38,80,112,22.52252252252252,0.5627195207182107,0.15289256198347106,0.0001,0.000034650034650034654,4.62809917355372,9.214876033057852,0.00046280991735537196,-0.9646283877749494,0,0,17424,726 days 01:00:00,1000.0,425.3553470973145,-57.46446529026855,34.915698157888286,100.0,153.19058480875245,63.085835443971106,635 days 19:00:00,111,1,19.310311747577828,20.40105151435968,-9.192802668893409,4.922936157272041,-2.3643117526824775,8 days 21:19:12,2 days 00:35:34.883720930,-5.350945627479851,-0.697080064704539,-0.5537301230533627,0.9706464520574244,-0.16804966542664818,26.867832949748017,0.9802746871677258,0.3844748132846019,-0.007451445542635729,None,None,-0.0000368232825481768,-0.2227072128513733,-0.5746446529026854,-0.2567337425972176,0.38450127284810653,-2.6458059933504714,3 days 13:41:37.297297296,false
XMR-USD,false,40,74,112,22.52252252252252,0.5730169123164338,0.15289256198347106,0.0001,0.000034650034650034654,4.62809917355372,9.214876033057852,0.00046280991735537196,-0.88622139146998,0,0,17424,726 days 01:00:00,1000.0,450.30077142894265,-54.969922857105736,34.915698157888286,100.0,155.14032787205102,60.310415527311235,635 days 19:00:00,111,1,20.442785863176937,20.237563436749458,-9.192802668893401,4.8203161927990115,-2.2734566712115147,8 days 21:26:24,2 days 00:39:04.186046511,-5.136414544452556,-0.6384443169018704,-0.5478544934163871,0.9731559795980321,-0.10264003746405462,26.493986738114423,0.9836092146608493,0.38469485060394154,-0.007460189988399776,None,None,-0.000033627094036621834,-0.20337666473348887,-0.5496992285710571,-0.2418849661356126,0.38337541335258607,-2.574361268920717,3 days 13:45:56.756756755,false
XMR-USD,false,8,22,485,22.520661157024794,0.3854551540081044,0.6666666666666666,0.0001,0.00003464717101080737,20.041322314049587,40.04132231404959,0.0020041322314049586,-3.926052557634776,0,0,17424,726 days 01:00:00,1000.0,58.71761958529942,-94.12823804147006,34.915698157888286,100.0,329.310370785919,94.4143646078842,725 days 02:00:00,484,1,2.4496200344160854,16.849706480950683,-11.465212964445204,1.9694386785424038,-1.3112239826963714,1 days 23:06:03.302752293,0 days 11:20:28.800000,-1.9498595050601588,-2.8896984766940474,-0.8044837925676195,0.883840663040728,-0.43152767630593186,37.0323510234715,1.019007296994822,0.36111545071082646,-0.0076505648479924335,None,None,-0.00015074231382827328,-0.9116895140333968,-0.9412823804146999,-0.6261865752158379,0.3796999959794776,-3.6958715708854943,0 days 19:23:40.661157024,false
XMR-USD,false,15,35,263,22.519083969465647,0.46428746346967203,0.3608815426997245,0.0001,0.00003464474456840869,10.867768595041323,21.694214876033058,0.0010867768595041324,-2.1644695283258746,0,0,17424,726 days 01:00:00,1000.0,204.0496249523576,-79.59503750476425,34.915698157888286,100.0,246.31064991935722,81.15125956128001,722 days 11:00:00,262,1,9.441739378522414,23.46552052400137,-6.399618215274428,3.0268019254490044,-1.6254510502071025,3 days 16:06:06.101694915,0 days 21:38:07.684729064,-3.0740157039166602,-1.550370189086878,-0.6780355298107531,0.9370848370780358,0.3534297235528337,22.444725655396372,1.0036985392759954,0.3798701298701298,-0.007615090235589386,None,None,-0.00007965642387186408,-0.48176205157703395,-0.7959503750476451,-0.42400606246020867,0.37397566265412335,-3.2796347117229803,1 days 12:36:10.992366411,false
XMR-USD,false,5,9,956,22.5130890052356,0.3349084522879751,1.315426997245179,0.0001,0.00003463552154651631,39.50413223140496,78.96694214876034,0.003950413223140496,-7.143171437580589,0,0,17424,726 days 01:00:00,1000.0,5.593271416612765,-99.44067285833871,34.915698157888286,100.0,423.56402841159036,99.46947912865669,722 days 11:00:00,955,1,0.017205175540437878,11.65418505242074,-11.023510959526497,1.4274917221856773,-1.1003826807614938,0 days 22:22:53.023255813,0 days 06:01:17.837837837,-1.041281606030287,-5.391538011169407,-0.9312019146556777,0.7930881567079504,-0.5426322128999672,35.424813428833595,1.025554230001804,0.3438994292765695,-0.008002243168760196,None,None,-0.00028529063021463097,-1.7254377315380882,-0.9944067285833863,-0.8347113830742765,0.38515255332428666,-3.848021895729234,0 days 09:42:16.963350784,false
XMR-USD,false,19,39,232,22.51082251082251,0.462445828070327,0.3181818181818182,0.0001,0.00003463203463203463,9.586776859504132,19.132231404958677,0.0009586776859504132,-2.06174322480152,0,0,17424,726 days 01:00:00,1000.0,211.4727390151604,-78.85272609848396,34.915698157888286,100.0,219.5241510752379,80.39753578629167,722 days 11:00:00,231,1,10.042224742326141,20.680218971042226,-6.928026011026212,3.346968834486995,-1.7989148966823323,4 days 07:01:09.230769230,1 days 00:08:02.681564245,-3.4570107607236635,-1.483690794987061,-0.674251818977902,0.9397340360322175,0.19427006971978547,22.95350957984564,0.995912735362114,0.3857960871639891,-0.007633162839139286,None,None,-0.00007727964590441726,-0.4673872984299156,-0.7885272609848369,-0.41681785207891475,0.379122592546212,-3.2583746068004444,1 days 17:53:30.389610388,false
XMR-USD,false,19,40,232,22.51082251082251,0.4642080744394088,0.3181818181818182,0.0001,0.00003463203463203463,9.586776859504132,19.132231404958677,0.0009586776859504132,-2.060100665108864,0,0,17424,726 days 01:00:00,1000.0,211.1361840673328,-78.88638159326672,34.915698157888286,100.0,221.6372507510984,80.4287327450651,722 days 11:00:00,231,1,10.026242727623043,20.680218971042226,-6.92802601102621,3.3327629446225755,-1.7969901864939095,4 days 08:12:41.538461538,0 days 23:52:57.653631284,-3.458398522338919,-1.4828674880097303,-0.6744459905759058,0.9398144301466869,0.18959873363759652,22.84810642399748,0.9960988506391081,0.3866783383733885,-0.0076388261189622095,None,None,-0.00007733931201586998,-0.46774815907198164,-0.7888638159326676,-0.4171401597060316,0.37962596195157394,-3.2593385140558735,1 days 17:57:55.324675322,false
XMR-USD,false,18,76,161,22.5,0.5343986329289249,0.22038567493112948,0.0001,0.00003461538461538462,6.652892561983471,13.264462809917356,0.0006652892561983472,-1.2291420189866324,0,0,17424,726 days 01:00:00,1000.0,362.0591394245106,-63.79408605754894,34.915698157888286,100.0,188.38209033904786,66.765319476449,722 days 11:00:00,160,1,16.4287358427448,22.09083756125401,-7.172505688054683,3.9933458824040327,-1.9403574858956167,6 days 10:54:59.999999999,1 days 08:55:38.709677419,-4.089809977613959,-0.8829327071732189,-0.5990394493094553,0.9636039917940922,0.09513273526678884,22.997349332085594,0.9857806213404741,0.39232920495405516,-0.007523499489008678,None,None,-0.00004627256296661632,-0.2798564608220955,-0.6379408605754862,-0.29715772320926825,0.3814642950691354,-2.827088943462422,2 days 12:22:29.999999998,false
XMR-USD,false,20,34,241,22.5,0.4509057568176504,0.3305785123966942,0.0001,0.00003461538461538462,9.958677685950413,19.87603305785124,0.0009958677685950412,-2.132932386439579,0,0,17424,726 days 01:00:00,1000.0,204.12014166066183,-79.58798583393381,34.915698157888286,100.0,223.46253877163292,81.11563759802426,722 days 11:00:00,240,1,9.693071298636085,24.879197779776202,-6.399618215274424,3.1836984051130264,-1.7371626440647314,3 days 23:16:40,1 days 00:23:13.548387096,-3.3565538734915568,-1.5318157275279431,-0.6782369659484897,0.9379889906147045,0.2822451166585635,22.249865948899735,0.99458511381283,0.38634736255867613,-0.007657573012803497,None,None,-0.00007942196685865943,-0.4803440555611722,-0.7958798583393377,-0.42393698058009854,0.3773914511810244,-3.2794327489611717,1 days 16:20:14.999999999,false
XMR-USD,false,28,81,121,22.5,0.6177403336793365,0.1652892561983471,0.0001,0.00003461538461538462,5.0,9.958677685950413,0.0005,-0.7143338481649345,0,0,17424,726 days 01:00:00,1000.0,503.5953078863634,-49.64046921136366,34.915698157888286,100.0,167.54695864140805,55.619794656177426,635 days 19:00:00,120,1,23.721487632990886,20.39867062582278,-8.039372144347588,4.918384028669339,-2.112619582568486,7 days 22:31:06.666666666,2 days 00:00:00,-4.334384831221902,-0.5132316821426974,-0.5244199101440622,0.9784654222038105,-0.07852954107464274,26.388400654888443,0.9854558875594189,0.391106498483155,-0.007458196364188587,None,None,-0.000027125168012715145,-0.1640530161409012,-0.4964046921136346,-0.21187288743432997,0.38469533810459927,-2.4217235177967846,3 days 08:03:59.999999999,false
XMR-USD,false,28,82,121,22.5,0.6132556231803166,0.1652892561983471,0.0001,0.00003461538461538462,5.0,9.958677685950413,0.0005,-0.7262719632703919,0,0,17424,726 days 01:00:00,1000.0,499.7608420203453,-50.023915797965465,34.915698157888286,100.0,166.61730388660013,55.51356144050935,635 days 19:00:00,120,1,23.540867930631748,20.398670625822792,-8.039372144347563,4.902318491007804,-2.1159700829425727,8 days 02:42:13.333333333,1 days 22:44:30.967741935,-4.364833549252388,-0.5219598169543885,-0.5303168406333962,0.9781046829153526,-0.08018428351652418,26.429859144641068,0.9854964053965329,0.3907734056987789,-0.007461921798605259,None,None,-0.000027574412568359908,-0.16677004721344071,-0.5002391579796577,-0.2139609388590683,0.3845272689015863,-2.4327055862311,3 days 08:01:59.999999998,false
XMR-USD,false,28,83,121,22.5,0.6042204076846094,0.1652892561983471,0.0001,0.00003461538461538462,5.0,9.958677685950413,0.0005,-0.7753487910337741,0,0,17424,726 days 01:00:00,1000.0,484.124348063546,-51.5875651936454,34.915698157888286,100.0,165.8025142140105,57.332172919531345,635 days 19:00:00,120,1,22.804322350855898,20.398670625822785,-8.039372144347595,4.8994451983458465,-2.1489283264883214,8 days 02:37:46.666666666,1 days 22:37:25.161290322,-4.488999785727582,-0.5575290175317852,-0.5330062866282458,0.9766075967045704,-0.08263332070688122,26.535655975594093,0.9850007866087211,0.389775083745414,-0.007458196364188561,None,None,-0.00002942343026304039,-0.17795290623086826,-0.5158756519364602,-0.22258577841297889,0.3841349043117986,-2.4774891500197755,3 days 07:55:29.999999998,false
XMR-USD,false,29,81,121,22.5,0.6209974353326848,0.1652892561983471,0.0001,0.00003461538461538462,5.0,9.958677685950413,0.0005,-0.7002204669329539,0,0,17424,726 days 01:00:00,1000.0,508.60901766760526,-49.13909823323947,34.915698157888286,100.0,168.04564470351238,55.3761503346289,635 days 19:00:00,120,1,23.957654755099895,20.398670625822774,-8.039372144347581,4.915257534006455,-2.1015403702910036,8 days 02:40:00,1 days 22:41:17.419354838,-4.294571975729122,-0.5031483346388512,-0.5203410380638687,0.9788718874145663,-0.07986777301235193,26.463391651177698,0.9854710237342156,0.3906624102154829,-0.007452411460490735,None,None,-0.000026573690422911094,-0.1607176796777663,-0.49139098233239953,-0.20915828222074673,0.38442690577913086,-2.407364046138593,3 days 07:58:59.999999999,false
XMR-USD,false,31,87,121,22.5,0.5617203882634604,0.1652892561983471,0.0001,0.00003461538461538462,5.0,9.958677685950413,0.0005,-0.9410511377046141,0,0,17424,726 days 01:00:00,1000.0,432.0193131962344,-56.79806868037656,34.915698157888286,100.0,160.16816085859503,62.04596220701107,635 days 19:00:00,120,1,21.133689701140668,20.239170473141613,-8.039372144347583,4.647610594395652,-2.2014606757073274,8 days 13:04:26.666666666,1 days 19:10:58.064516129,-4.9092864708742265,-0.6797251303983686,-0.5547827441041191,0.9714735919296761,-0.16353454546833063,26.742387007037497,0.9808588455413313,0.3873407643312102,-0.007451445542635787,None,None,-0.000035921311917546923,-0.2172520944773238,-0.567980686803766,-0.2527125353508224,0.3846598050939412,-2.6267201195157694,3 days 07:36:29.999999998,false
XMR-USD,false,32,86,121,22.5,0.5387268268267409,0.1652892561983471,0.0001,0.00003461538461538462,5.0,9.958677685950413,0.0005,-1.006806963943581,0,0,17424,726 days 01:00:00,1000.0,412.9366204638478,-58.70633795361522,34.915698157888286,100.0,157.7670310727166,63.88542311577433,635 days 19:00:00,120,1,20.200195075900808,20.237563436749486,-8.039372144347578,4.47543555263157,-2.2035871437062693,8 days 13:17:46.666666666,1 days 19:07:44.516129032,-5.060529788433782,-0.7277145957095283,-0.5618590114100718,0.9694885144623505,-0.16995917757489049,26.692475892740706,0.9806572774349684,0.386899076727157,-0.007458196364188622,None,None,-0.00003849166672112833,-0.23279760032938415,-0.5870633795361546,-0.26433867943510136,0.38500252299093857,-2.681373738773488,3 days 07:36:59.999999998,false
XMR-USD,false,34,68,121,22.5,0.6503919715110681,0.1652892561983471,0.0001,0.00003461538461538462,5.0,9.958677685950413,0.0005,-0.5718115965012072,0,0,17424,726 days 01:00:00,1000.0,552.9646011675937,-44.70353988324063,34.915698157888286,100.0,174.84085819359967,51.3747176468323,635 days 19:00:00,120,1,26.04699198475987,19.593689177557675,-8.039372144347578,4.881727387964246,-2.0050480925018954,7 days 16:08:53.333333333,2 days 02:06:27.096774193,-3.9423532568097173,-0.40997740528708415,-0.5013829930915299,0.9827747752325251,-0.06410376409748096,26.236868390733555,0.9873718506505342,0.393108410617205,-0.007461921798605222,None,None,-0.000021710683915511965,-0.13130621632101636,-0.4470353988324035,-0.18587056882721398,0.3854530853801959,-2.280327825068594,3 days 08:15:59.999999998,false
XMR-USD,false,74,86,81,22.5,0.5920612472163095,0.11019283746556474,0.0001,0.00003461538461538462,3.347107438016529,6.652892561983471,0.0003347107438016529,-0.8691875685333222,0,0,17424,726 days 01:00:00,1000.0,450.55238971965684,-54.944761028034314,34.915698157888286,100.0,127.25424116487065,59.47187232730995,630 days 14:00:00,80,1,18.79643909624059,35.35838866899529,-11.3881432199991,6.0778390073237025,-2.9135759234318033,12 days 16:19:59.999999999,2 days 15:50:19.354838709,-7.1030506172072965,-0.6328944277695501,-0.5552629158933153,0.9731295038690596,-0.4094246798550969,30.38343419111714,0.9686785996933619,0.38129211256440754,-0.00744088957555982,None,None,-0.000033477560155434046,-0.2024722838200651,-0.5494476102803475,-0.24173796035377482,0.38501750150627145,-2.573640623755392,4 days 21:56:59.999999998,false
XMR-USD,false,75,85,81,22.5,0.5920612472163095,0.11019283746556474,0.0001,0.00003461538461538462,3.347107438016529,6.652892561983471,0.0003347107438016529,-0.8691875685333222,0,0,17424,726 days 01:00:00,1000.0,450.55238971965684,-54.944761028034314,34.915698157888286,100.0,127.25424116487065,59.47187232730995,630 days 14:00:00,80,1,18.79643909624059,35.35838866899529,-11.3881432199991,6.0778390073237025,-2.9135759234318033,12 days 16:19:59.999999999,2 days 15:50:19.354838709,-7.1030506172072965,-0.6328944277695501,-0.5552629158933153,0.9731295038690596,-0.4094246798550969,30.38343419111714,0.9686785996933619,0.38129211256440754,-0.00744088957555982,None,None,-0.000033477560155434046,-0.2024722838200651,-0.5494476102803475,-0.24173796035377482,0.38501750150627145,-2.573640623755392,4 days 21:56:59.999999998,false
XMR-USD,false,76,84,81,22.5,0.5840394716099896,0.11019283746556474,0.0001,0.00003461538461538462,3.347107438016529,6.652892561983471,0.0003347107438016529,-0.8864707552390384,0,0,17424,726 days 01:00:00,1000.0,445.1807678588099,-55.481923214119014,34.915698157888286,100.0,126.18220895667523,59.58111192582061,630 days 14:00:00,80,1,18.572342264308816,35.35838866899526,-11.388143219999098,5.974853915734658,-2.9049956448617635,12 days 16:16:40,2 days 15:52:15.483870967,-7.167394680068737,-0.6454090489910629,-0.5610026551224413,0.9726058706110212,-0.4063474795623203,30.33776985766155,0.9687631774229134,0.3811826252377933,-0.007440889575559799,None,None,-0.000034154902117746585,-0.20656884800813136,-0.5548192321411965,-0.24488800446200942,0.3851908296749206,-2.58902517037553,4 days 21:57:44.999999999,false
XMR-USD,false,77,83,81,22.5,0.5840621828985831,0.11019283746556474,0.0001,0.00003461538461538462,3.347107438016529,6.652892561983471,0.0003347107438016529,-0.8862837567839968,0,0,17424,726 days 01:00:00,1000.0,445.23670352824615,-55.47632964717538,34.915698157888286,100.0,126.18276213841708,59.57603341002313,630 days 14:00:00,80,1,18.574675825128566,35.35838866899526,-11.388143219999098,5.974853915734658,-2.9048041133251066,12 days 16:16:40,2 days 15:53:13.548387096,-7.166724653711027,-0.6452728520986505,-0.5609798929864495,0.9726116140515971,-0.4063518662495252,30.33777796060329,0.9685674909162477,0.38129211256440754,-0.007440889575559799,None,None,-0.00003414769313789096,-0.20652524809796452,-0.554763296471759,-0.2448550749725178,0.3851908130834719,-2.588864968310592,4 days 21:58:29.999999999,false
XMR-USD,false,15,84,170,22.485207100591715,0.516226290099224,0.2327823691460055,0.0001,0.00003459262630860265,7.024793388429752,14.008264462809917,0.0007024793388429753,-1.2638408648673662,0,0,17424,726 days 01:00:00,1000.0,354.06405519695477,-64.59359448030453,34.915698157888286,100.0,191.0797035599416,66.93633252100348,722 days 11:00:00,169,1,16.813471239961018,23.090623896344226,-5.570763989160794,3.737212706713534,-1.843779544059454,6 days 03:20:31.578947368,1 days 07:18:46.717557251,-3.9215941777692613,-0.9077166724830505,-0.6075159980816739,0.9626688735151324,0.0994078547334704,22.971318159812082,0.9889413030570937,0.39232920495405516,-0.007549268901077674,None,None,-0.000047559936154235854,-0.2876424938608184,-0.6459359448030433,-0.3025839548843371,0.38137207946282414,-2.849987194533909,2 days 09:24:08.520710058,false
XMR-USD,false,8,31,388,22.48062015503876,0.4271175142547698,0.5330578512396694,0.0001,0.0000345855694692904,16.03305785123967,32.02479338842975,0.0016033057851239669,-3.0617399162534693,0,0,17424,726 days 01:00:00,1000.0,106.18367981681217,-89.38163201831878,34.915698157888286,100.0,300.99731558086677,90.02028499205686,722 days 11:00:00,387,1,4.913307884378057,21.123879122043228,-11.59538764145428,2.4041063991119502,-1.416511744253543,2 days 14:06:12.413793103,0 days 13:26:24,-2.322298780536349,-2.241106306480872,-0.7510835942867402,0.908932723849532,-0.41379146941714146,37.059217373878916,1.007410109213387,0.369136481496032,-0.0076315217993825875,None,None,-0.00011677641705193889,-0.7062637703301264,-0.893816320183189,-0.5408476521357007,0.37927186974927907,-3.5599268161311373,1 days 00:22:47.441860464,false
XMR-USD,false,57,88,90,22.47191011235955,0.5684889716226627,0.12258953168044077,0.0001,0.00003457216940363008,3.71900826446281,7.3966942148760335,0.000371900826446281,-0.9973559666588719,0,0,17424,726 days 01:00:00,1000.0,420.8435336839441,-57.91564663160559,34.915698157888286,100.0,134.7492949153638,63.825897381982166,630 days 14:00:00,89,1,19.984634266764203,18.192100306263416,-7.193138527540474,5.456287997719955,-2.7693213172818143,11 days 09:08:59.999999999,2 days 09:47:49.565217391,-6.731922478458657,-0.7208120868598658,-0.5527602568500296,0.969691826957587,-0.12228551119020016,27.012830314834105,0.9733259000130221,0.38052606559974644,-0.0074452816648462,None,None,-0.00003768664460415029,-0.22792882656590094,-0.5791564663160574,-0.25947969328653864,0.38056019069982894,-2.6587280131049322,4 days 10:11:27.640449437,false
XMR-USD,false,19,20,317,22.468354430379748,0.46324289175977174,0.43526170798898073,0.0001,0.00003456669912366115,13.099173553719009,26.15702479338843,0.001309917355371901,-2.6281356859430143,0,0,17424,726 days 01:00:00,1000.0,150.98336712864375,-84.90166328713562,34.915698157888286,100.0,279.0382328043677,85.90986937102588,722 days 11:00:00,316,1,6.298822799596536,21.342974034476295,-5.166804431970886,2.850239916759586,-1.562893703474801,2 days 23:35:29.577464788,0 days 18:00:00,-2.7066944799713655,-1.8902059191222116,-0.7140409050580925,0.9237080803673695,0.3206459558038955,22.373135707344527,1.0132002560569757,0.37118350645262826,-0.00763316283913923,None,None,-0.00009697269444750768,-0.5864908560185265,-0.8490166328713561,-0.48118020050313337,0.3734206137744825,-3.431618663422152,1 days 06:02:28.101265821,false
XMR-USD,false,24,33,228,22.46696035242291,0.4648495704688719,0.31267217630853994,0.0001,0.00003456455438834294,9.421487603305785,18.801652892561982,0.0009421487603305785,-2.008253826312126,0,0,17424,726 days 01:00:00,1000.0,218.45169810537232,-78.15483018946277,34.915698157888286,100.0,215.69939182128496,80.09535151222359,722 days 11:00:00,227,1,11.449035526114557,20.680218971042237,-6.928026011026206,3.3893973549581493,-1.808447999590584,4 days 09:21:10.588235294,1 days 00:21:08.181818181,-3.4933803410605435,-1.443088095567177,-0.6673869794053128,0.941347614811197,0.20777827379331984,22.762244361622024,0.9971656327369989,0.3864576702737111,-0.007657573012803462,None,None,-0.00007535640340870088,-0.45575552781582296,-0.7815483018946268,-0.41020849326558717,0.38008896637445555,-3.2383865800433878,1 days 18:33:02.378854624,false
XMR-USD,false,33,60,139,22.463768115942027,0.6171110950825409,0.19008264462809918,0.0001,0.00003455964325529543,5.743801652892562,11.446280991735538,0.0005743801652892562,-0.7882215670309942,0,0,17424,726 days 01:00:00,1000.0,482.82984874607337,-51.71701512539266,34.915698157888286,100.0,183.07093211214712,56.34969039958653,635 days 19:00:00,138,1,24.667174820317598,22.464577726885377,-8.721267796798303,4.74179815812302,-2.0026615369064498,6 days 23:34:50.322580645,1 days 17:32:31.401869158,-3.926357435320611,-0.5628895812795657,-0.5439571460660985,0.9765495736644848,0.15377694949058246,23.106623266302115,0.9900796003574747,0.3921067348406168,-0.0074899414316318,None,None,-0.000029640842470667712,-0.17926781526259833,-0.5171701512539267,-0.22330790921752552,0.3832880483856814,-2.4811966494706494,2 days 21:51:18.260869563,false
XMR-USD,false,33,61,139,22.463768115942027,0.6029757200310651,0.19008264462809918,0.0001,0.00003455964325529543,5.743801652892562,11.446280991735538,0.0005743801652892562,-0.8686992945341978,0,0,17424,726 days 01:00:00,1000.0,457.96805788191,-54.203194211809006,34.915698157888286,100.0,181.34611829020773,58.38547233902551,635 days 19:00:00,138,1,23.397016930979987,22.46457772688537,-8.721267796798301,4.712195244994422,-2.0437714633293234,7 days 00:21:17.419354838,1 days 17:17:22.990654205,-4.097311297457027,-0.620779686545495,-0.5561413705052081,0.9741607993379482,0.15053013861171283,23.151746229348916,0.989062300449583,0.3915508704679764,-0.007489941431631916,None,None,-0.00003268071981085516,-0.197652993416052,-0.5420319421180922,-0.23742927758427979,0.38318814154787134,-2.552401844199218,2 days 21:49:59.999999999,false
XMR-USD,false,14,47,246,22.448979591836736,0.4633813841975547,0.33746556473829203,0.0001,0.000034536891679748826,10.165289256198347,20.289256198347108,0.0010165289256198347,-2.14197359080831,0,0,17424,726 days 01:00:00,1000.0,203.32811552071576,-79.66718844792842,34.915698157888286,100.0,228.67214145547146,81.18891262388354,722 days 11:00:00,245,1,9.655460282974303,25.977214236284237,-6.399618215274429,3.318918514487127,-1.7548119241043756,4 days 05:21:49.090909090,0 days 21:34:25.263157894,-3.2911320194377884,-1.5391665606642668,-0.6787066963404949,0.9376450432808977,0.28343833963014775,22.35466381630077,0.9942320664902277,0.38623707239459026,-0.00763354288743779,None,None,-0.00007968104712480056,-0.4819109730107938,-0.7966718844792849,-0.4247137884249834,0.3768142841837169,-3.281701144501666,1 days 15:29:08.571428570,false
XMR-USD,false,19,51,197,22.448979591836736,0.48896335941366925,0.2699724517906336,0.0001,0.000034536891679748826,8.140495867768596,16.239669421487605,0.0008140495867768597,-1.7225721647943695,0,0,17424,726 days 01:00:00,1000.0,261.988851522053,-73.80111484779471,34.915698157888286,100.0,202.1340725693811,76.32948119605493,722 days 11:00:00,196,1,13.053496190444946,20.980269207092284,-7.1255631390875855,3.7185302984629605,-1.9177037000169441,5 days 02:20:27.272727272,1 days 04:00:00,-3.8319624727979154,-1.2412212216688403,-0.6419761214456758,0.9491232872390564,0.10837131072959895,23.468328798001057,0.9906523053536648,0.3876722147009636,-0.007608808267455779,None,None,-0.00006489447948725076,-0.3924818119388926,-0.7380111484779512,-0.3718068090082952,0.38055418771429844,-3.113694376496988,2 days 01:10:42.857142856,false
XMR-USD,false,48,81,99,22.448979591836736,0.5386128478342553,0.1349862258953168,0.0001,0.000034536891679748826,4.090909090909091,8.140495867768596,0.0004090909090909091,-1.086181949740368,0,0,17424,726 days 01:00:00,1000.0,393.16086267584535,-60.68391373241546,34.915698157888286,100.0,134.45466585524318,65.79231258880439,635 days 19:00:00,98,1,17.53504454587579,20.045004343922532,-8.593290028177906,5.239112124675365,-2.674878177214393,9 days 13:16:21.818181818,2 days 10:14:12.631578947,-6.3711651211227585,-0.7866389616146579,-0.5693191147838482,0.9669311163288815,-0.18047201436658963,26.985625863959573,0.9735539321941484,0.3821686364718014,-0.007477354898302051,None,None,-0.00004141892140290382,-0.2505016366447623,-0.6068391373241508,-0.2767633855246411,0.38324921734160733,-2.7380123249434587,4 days 00:37:57.551020407,false
XMR-USD,false,49,78,99,22.448979591836736,0.5487556347505366,0.1349862258953168,0.0001,0.000034536891679748826,4.090909090909091,8.140495867768596,0.0004090909090909091,-1.0514229855143298,0,0,17424,726 days 01:00:00,1000.0,402.89686213297546,-59.71031378670245,34.915698157888286,100.0,136.9214937421003,65.03246553284143,635 days 19:00:00,98,1,17.96927185684831,20.198752313806725,-8.59329002817791,5.256076531876601,-2.6448507052282153,9 days 10:57:16.363636363,2 days 10:47:22.105263157,-6.276249078815025,-0.7609911117256039,-0.5640712484138778,0.9679752141498411,-0.1751497191714613,27.054271574706135,0.9748131857436704,0.38162067871868055,-0.007461921798605276,None,None,-0.00004003543696405365,-0.24213432275859648,-0.5971031378670202,-0.27059669724101054,0.38293312242195465,-2.710128020831583,4 days 00:32:26.938775509,false
XMR-USD,false,49,79,99,22.448979591836736,0.5434221250200418,0.1349862258953168,0.0001,0.000034536891679748826,4.090909090909091,8.140495867768596,0.0004090909090909091,-1.0608540701708855,0,0,17424,726 days 01:00:00,1000.0,399.8362615526994,-60.01637384473006,34.915698157888286,100.0,135.9464506768905,65.26474669899922,635 days 19:00:00,98,1,17.832768525496874,20.04500434392255,-8.593290028177911,5.221207053605189,-2.647947879867646,9 days 16:02:43.636363636,2 days 09:28:25.263157894,-6.306086805844873,-0.7681358567430782,-0.5657756917441134,0.9676997245320857,-0.18014742482557775,26.972180911544193,0.9745272386707211,0.38227828018403937,-0.007477354898302038,None,None,-0.00004044974047025524,-0.2446400303641037,-0.6001637384473038,-0.2725246646774787,0.38329719871018814,-2.7188937071610852,4 days 00:39:47.755102039,false
XMR-USD,false,49,84,99,22.448979591836736,0.5417950959800556,0.1349862258953168,0.0001,0.000034536891679748826,4.090909090909091,8.140495867768596,0.0004090909090909091,-1.1433127494134931,0,0,17424,726 days 01:00:00,1000.0,378.39214245520066,-62.16078575447993,34.915698157888286,100.0,136.34982127651364,67.74397281015224,635 days 19:00:00,98,1,19.309164319144998,19.592312599254896,-8.735543285074748,5.202159465568402,-2.7224943125853494,10 days 07:05:27.272727272,2 days 05:02:22.105263157,-6.539969610856576,-0.8283125471215301,-0.5705180089489318,0.9652162202730565,-0.17256135392454633,26.908773579628846,0.9716309490474568,0.3818398096748612,-0.007477354898302089,None,None,-0.00004361523530230652,-0.2637849431083498,-0.6216078575447975,-0.2863110472345106,0.38326743845182504,-2.780310548951069,4 days 00:36:07.346938774,false
XMR-USD,false,50,80,99,22.448979591836736,0.5538575106132974,0.1349862258953168,0.0001,0.000034536891679748826,4.090909090909091,8.140495867768596,0.0004090909090909091,-1.0064921566500087,0,0,17424,726 days 01:00:00,1000.0,413.95318750349475,-58.604681249650525,34.915698157888286,100.0,138.07849257349068,64.27137701284103,635 days 19:00:00,98,1,19.865810187448233,20.009826981298755,-8.735543285074746,5.209547676396163,-2.6032621995774967,10 days 02:51:49.090909091,2 days 06:16:34.736842105,-6.182781864121979,-0.7287733002857055,-0.5572513509827595,0.9693206434095676,-0.1813994009420244,26.858881522798267,0.9725349709317523,0.3829365079365079,-0.0074773548983020745,None,None,-0.000038426878833038976,-0.23240576318221973,-0.5860468124965061,-0.26371059092786087,0.38379613958994835,-2.678462248832631,4 days 00:36:44.081632652,false
XMR-USD,false,50,83,99,22.448979591836736,0.5496776769540717,0.1349862258953168,0.0001,0.000034536891679748826,4.090909090909091,8.140495867768596,0.0004090909090909091,-1.106808534389142,0,0,17424,726 days 01:00:00,1000.0,387.82099254384775,-61.217900745615225,34.915698157888286,100.0,137.50128604055064,67.04740637740282,635 days 19:00:00,98,1,19.790313886683407,19.592312599254907,-8.735543285074737,5.271291178728232,-2.708156430500442,10 days 07:10:54.545454545,2 days 05:00:00,-6.4486665443146505,-0.8018116825458652,-0.5650526732416566,0.9663086432353746,-0.17384218888772074,26.935776698694873,0.972127362224958,0.3819494012213498,-0.0074682943244754624,None,None,-0.000042209005110056985,-0.25528006290562466,-0.6121790074561546,-0.28018803125803005,0.3831692777148003,-2.7533059333022285,4 days 00:35:30.612244897,false
XMR-USD,false,50,86,99,22.448979591836736,0.5249907988738085,0.1349862258953168,0.0001,0.000034536891679748826,4.090909090909091,8.140495867768596,0.0004090909090909091,-1.2211715564928638,0,0,17424,726 days 01:00:00,1000.0,358.0280894961427,-64.19719105038573,34.915698157888286,100.0,137.33490817114034,69.7340788304462,630 days 14:00:00,98,1,17.665830155554488,19.95888321899875,-8.735543285074746,5.015552125711269,-2.7393372545175874,10 days 11:10:54.545454545,2 days 04:04:44.210526315,-6.730997353667462,-0.8861716702901689,-0.5783664863368144,0.9628930839202314,-0.1892756881719429,26.743739775426498,0.9720901524128265,0.3819494012213498,-0.0074925057180214565,None,None,-0.00004674546223826912,-0.2827165556170516,-0.6419719105038542,-0.29988369216373323,0.383954304522584,-2.8386340367615435,4 days 00:46:31.836734692,false
XMR-USD,false,52,79,99,22.448979591836736,0.5499016202958125,0.1349862258953168,0.0001,0.000034536891679748826,4.090909090909091,8.140495867768596,0.0004090909090909091,-1.080767502418232,0,0,17424,726 days 01:00:00,1000.0,393.92651808133917,-60.60734819186608,34.915698157888286,100.0,138.47778339154092,66.56535387363954,635 days 19:00:00,98,1,20.101875842207164,19.59231259925489,-8.73554328507475,5.208940837234278,-2.6733557423130354,10 days 07:13:38.181818181,2 days 04:55:15.789473684,-6.3895444669476404,-0.7830903873058341,-0.5617880351324488,0.9670732289152685,-0.17904257478482785,26.821944080950274,0.9718925307204952,0.3819494012213498,-0.007488437220127391,None,None,-0.00004127941610520023,-0.249657908604251,-0.606073481918663,-0.27627483826859667,0.3836892195152915,-2.7358194562743816,4 days 00:32:26.938775509,false
XMR-USD,false,52,84,99,22.448979591836736,0.5231417767103441,0.1349862258953168,0.0001,0.000034536891679748826,4.090909090909091,8.140495867768596,0.0004090909090909091,-1.240184735465129,0,0,17424,726 days 01:00:00,1000.0,353.76212242202746,-64.62378775779726,34.915698157888286,100.0,137.01907827870912,70.28773437178617,630 days 14:00:00,98,1,17.455338710912315,19.95888321899877,-8.73554328507474,4.985157079885507,-2.7464758239458194,10 days 10:05:27.272727272,2 days 04:08:41.052631578,-6.772379758049848,-0.9002264503663574,-0.578910900253681,0.962272642781025,-0.19131999752273768,26.82197760216222,0.9724882765824071,0.38063544885508277,-0.007492505718021348,None,None,-0.000047451428604920405,-0.2869862402025586,-0.646237877577972,-0.3027904359785112,0.38366790201219847,-2.8508519424577856,4 days 00:34:53.877551018,false
XMR-USD,false,52,87,99,22.448979591836736,0.5347760191515092,0.1349862258953168,0.0001,0.000034536891679748826,4.090909090909091,8.140495867768596,0.0004090909090909091,-1.1671896555723915,0,0,17424,726 days 01:00:00,1000.0,371.7579128378982,-62.82420871621019,34.915698157888286,100.0,140.8564098970424,68.50398119971278,630 days 14:00:00,98,1,17.653701029467527,18.361512054478197,-8.994368202755666,4.850328465918607,-2.6507489025209536,10 days 10:21:49.090909091,2 days 04:15:00,-6.590773348893568,-0.8469045026478391,-0.5721169570528782,0.9644779018957313,-0.19195397272316178,26.882164450378255,0.9722963675315515,0.3814016172506739,-0.007488437220127296,None,None,-0.00004461703984108638,-0.2698438569588904,-0.6282420871620995,-0.290679213697953,0.38346369762507904,-2.7993112562756157,4 days 00:43:28.163265306,false
XMR-USD,false,53,81,99,22.448979591836736,0.5409848417891712,0.1349862258953168,0.0001,0.000034536891679748826,4.090909090909091,8.140495867768596,0.0004090909090909091,-1.1716730634124055,0,0,17424,726 days 01:00:00,1000.0,370.2024396159102,-62.979756038408986,34.915698157888286,100.0,137.27150962245565,68.6972806312686,635 days 19:00:00,98,1,18.266537216759446,20.328574473760263,-8.73554328507474,5.21964461041376,-2.75104679886654,10 days 07:51:49.090909091,2 days 04:38:41.052631578,-6.612898955110708,-0.8498613415471296,-0.5723709680448118,0.9643119366525067,-0.18545069118893295,26.785894605144616,0.9715352470394178,0.38085426737459394,-0.007489941431631882,None,None,-0.00004482792715270761,-0.27111930341957563,-0.6297975603840869,-0.29171073494833466,0.38393572718545066,-2.803766195755715,4 days 00:28:09.795918365,false
XMR-USD,false,55,82,99,22.448979591836736,0.5474996744528329,0.1349862258953168,0.0001,0.000034536891679748826,4.090909090909091,8.140495867768596,0.0004090909090909091,-1.1659429062324973,0,0,17424,726 days 01:00:00,1000.0,372.40241171806576,-62.759758828193426,34.915698157888286,100.0,142.41068951710517,68.57794355189053,630 days 14:00:00,98,1,17.684306405039592,19.785426026257426,-7.44740291354481,5.044643345699331,-2.6981728400073934,10 days 09:57:16.363636363,2 days 04:06:18.947368421,-6.584509129458917,-0.8461841035362969,-0.570727452447214,0.964456573772538,-0.19587566613899832,26.995794558666294,0.9722911512308041,0.38030735107731306,-0.0074773548983020945,None,None,-0.00004453923068605688,-0.269373267189272,-0.6275975882819367,-0.290252636144101,0.38312085501303256,-2.7974653848934854,4 days 00:31:13.469387754,false
XMR-USD,false,56,80,99,22.448979591836736,0.5323030600158921,0.1349862258953168,0.0001,0.000034536891679748826,4.090909090909091,8.140495867768596,0.0004090909090909091,-1.223394588904416,0,0,17424,726 days 01:00:00,1000.0,357.35883117780554,-64.26411688221944,34.915698157888286,100.0,139.4949739265684,69.71797095310535,630 days 14:00:00,98,1,16.96993055963219,19.785426026257415,-7.447402913544811,4.9694686746804395,-2.73047763262527,10 days 09:54:32.727272727,2 days 04:11:03.157894736,-6.730725503896178,-0.8883623299207722,-0.5793047655340927,0.9627109662405319,-0.1980077485064919,26.84158966001468,0.971131178773247,0.3804166996751961,-0.007489941431631914,None,None,-0.00004685539602782918,-0.28338143517631087,-0.6426411688221936,-0.3003382101596207,0.3839082303925758,-2.8405508201960625,4 days 00:34:17.142857141,false
XMR-USD,false,57,79,99,22.448979591836736,0.5414801881847756,0.1349862258953168,0.0001,0.000034536891679748826,4.090909090909091,8.140495867768596,0.0004090909090909091,-1.1746474218273701,0,0,17424,726 days 01:00:00,1000.0,370.21929540413,-62.978070459587,34.915698157888286,100.0,140.93727905173228,68.38680535737956,630 days 14:00:00,98,1,17.580636566717715,19.78542602625741,-7.447402913544816,5.011634222397758,-2.6969219923918746,10 days 09:57:16.363636363,2 days 04:04:44.210526315,-6.605727971046811,-0.8523116567202298,-0.5749492154886343,0.9641887291332765,-0.19187857561897276,26.991910367943692,0.9724262240060546,0.38008870584508153,-0.007466933014796052,None,None,-0.00004487150313564642,-0.2713828509643895,-0.6297807045958703,-0.2916995417811731,0.38320408868957534,-2.803717920082854,4 days 00:29:59.999999998,false
XMR-USD,false,62,73,99,22.448979591836736,0.5388686677449018,0.1349862258953168,0.0001,0.000034536891679748826,4.090909090909091,8.140495867768596,0.0004090909090909091,-1.1937700194821854,0,0,17424,726 days 01:00:00,1000.0,365.57426227264455,-63.44257377273554,34.915698157888286,100.0,139.26306588667885,68.78344685697179,630 days 14:00:00,98,1,17.360057465793602,19.785426026257422,-7.447402913544816,5.028651357430822,-2.717054016353836,10 days 09:40:54.545454545,2 days 04:07:53.684210526,-6.650875461154587,-0.8664482483109776,-0.5772157781081785,0.9635896372086984,-0.19326827903942892,27.022280952854494,0.9718237295650052,0.37997940920250256,-0.007461921798605141,None,None,-0.000045602859908156076,-0.27580609672452794,-0.6344257377273557,-0.29479677458076203,0.38309580455196923,-2.8170214866060856,4 days 00:28:46.530612243,false
XMR-USD,false,7,24,500,22.44488977955912,0.3867304136889236,0.6873278236914601,0.0001,0.00003453059966086018,20.66115702479339,41.28099173553719,0.002066115702479339,-4.0476270634709826,0,0,17424,726 days 01:00:00,1000.0,54.16827934952164,-94.58317206504783,34.915698157888286,100.0,339.0292025677732,94.84713003691913,725 days 02:00:00,499,1,2.259827684800328,16.849706480950672,-11.465212964445197,1.9291200376724087,-1.294757825196988,1 days 21:32:40.714285714,0 days 11:05:25.581395348,-1.899983062796149,-2.982036618126346,-0.8108855717377245,0.8804640477388945,-0.4307434686970502,37.1074120360173,1.019524790891076,0.361009138483168,-0.007657573012803491,None,None,-0.00015539484552955755,-0.939828025762764,-0.9458317206504793,-0.6365047759706524,0.379298898348774,-3.7089010690075304,0 days 18:49:25.130260519,false
XMR-USD,false,17,34,255,22.440944881889763,0.4544061175670448,0.349862258953168,0.0001,0.00003452453058752271,10.537190082644628,21.03305785123967,0.0010537190082644627,-2.213586107603391,0,0,17424,726 days 01:00:00,1000.0,197.23406844239412,-80.2765931557606,34.915698157888286,100.0,235.97420298088971,81.80029438476137,722 days 11:00:00,254,1,9.126371446326061,23.4655205240014,-6.3996182152744145,3.06565894279443,-1.6726462622454585,3 days 17:42:06.315789473,0 days 22:52:59.695431472,-3.196426389779259,-1.5863233009548325,-0.681966407746054,0.9357935024590871,0.3513723640539509,22.348028299890313,1.001149273988132,0.3814016172506739,-0.007633162839139268,None,None,-0.00008158321460949303,-0.4934152819582138,-0.802765931557603,-0.4307578777764881,0.3743407055801472,-3.2991547467488975,1 days 13:52:40.629921258,false
XMR-USD,false,18,22,313,22.435897435897438,0.4509006208424637,0.4297520661157025,0.0001,0.00003451676528599606,12.933884297520661,25.826446280991735,0.001293388429752066,-2.657603344845065,0,0,17424,726 days 01:00:00,1000.0,147.62671293805613,-85.23732870619438,34.915698157888286,100.0,267.9564406594644,86.1521264474345,722 days 11:00:00,312,1,6.8309508002992345,24.35030201579447,-5.166804431970894,2.884200367446606,-1.5888999727165847,3 days 02:36:51.428571428,0 days 17:42:53.553719008,-2.7538597367379603,-1.9099288021400949,-0.7170760569845916,0.9229535121156464,0.3380300303128414,22.315519194872934,1.0118305169860387,0.37204724409448825,-0.007638748123339094,None,None,-0.0000982103153984243,-0.5939759875296702,-0.8523732870619437,-0.4852130550385477,0.3742810783553134,-3.441232259505521,1 days 06:28:50.769230768,false
XMR-USD,false,36,86,108,22.429906542056074,0.5655559125878821,0.14738292011019283,0.0001,0.000034507548526240116,4.462809917355372,8.884297520661157,0.00044628099173553724,-0.9216043030435888,0,0,17424,726 days 01:00:00,1000.0,437.57700368015344,-56.24229963198466,34.915698157888286,100.0,149.2831684332972,62.15231956122223,635 days 19:00:00,107,1,19.865151366491773,20.564604478564075,-9.1928026688934,4.98537538960122,-2.37766658807468,9 days 03:25:00,2 days 03:06:30.361445783,-5.441945305479793,-0.6658330676854106,-0.5470313159589953,0.9719507914440041,-0.16782785645227566,26.812188426204617,0.9799851025946071,0.3844748132846019,-0.0074514455426358305,None,None,-0.00003518742270957831,-0.21281353254752963,-0.5624229963198455,-0.24938974438260653,0.38466267071631816,-2.610802664682739,3 days 16:51:35.327102802,false
XMR-USD,false,37,88,108,22.429906542056074,0.5567038364656693,0.14738292011019283,0.0001,0.000034507548526240116,4.462809917355372,8.884297520661157,0.00044628099173553724,-0.9640449335585738,0,0,17424,726 days 01:00:00,1000.0,425.51351623890025,-57.44864837610998,34.915698157888286,100.0,149.5725744862326,63.15097472430477,635 days 19:00:00,107,1,20.661325880589345,20.217563635414486,-9.192802668893416,4.921406224022508,-2.3973421009055476,9 days 03:55:00,2 days 02:55:39.759036144,-5.562129062071852,-0.6966425787195383,-0.5529663638046911,0.9706852321116171,-0.1675648165804257,26.838890492436505,0.9787123996295937,0.38425484588496983,-0.007461921798605249,None,None,-0.000036801252780914055,-0.2225739768189682,-0.5744864837611012,-0.2566378244986107,0.38451256174789356,-2.6453529904035715,3 days 16:49:54.392523363,false
XMR-USD,false,38,85,108,22.429906542056074,0.5547587654282427,0.14738292011019283,0.0001,0.000034507548526240116,4.462809917355372,8.884297520661157,0.00044628099173553724,-1.00631729667189,0,0,17424,726 days 01:00:00,1000.0,413.52636776753934,-58.64736322324606,34.915698157888286,100.0,149.80857234361605,63.79574787369185,635 days 19:00:00,107,1,20.07927531934058,20.48709055027732,-9.1928026688934,4.948488277751897,-2.438197503886615,9 days 03:47:30,2 days 02:53:29.638554216,-5.66871876216636,-0.7275786177479281,-0.5619275836544714,0.969391349308069,-0.16969791525793337,26.831325023514378,0.9778156068439564,0.3838151207115629,-0.007466933014796129,None,None,-0.000038438844564212504,-0.23247813192435723,-0.5864736322324549,-0.2639741797894164,0.38454603840140467,-2.6796846781652057,3 days 16:46:32.523364484,false
XMR-USD,false,38,86,108,22.429906542056074,0.5551241302386253,0.14738292011019283,0.0001,0.000034507548526240116,4.462809917355372,8.884297520661157,0.00044628099173553724,-0.9839069414572318,0,0,17424,726 days 01:00:00,1000.0,419.96252370435207,-58.00374762956479,34.915698157888286,100.0,149.991562499409,63.63168486958701,635 days 19:00:00,107,1,20.391790692304994,20.217563635414486,-9.192802668893405,4.921315286146843,-2.4127996350740886,9 days 03:52:30,2 days 02:49:52.771084337,-5.611488476522919,-0.7112535807541737,-0.5555183325704869,0.9700627393446355,-0.16951803563618892,26.872493049697976,0.9778906819960819,0.3838151207115629,-0.007461921798605194,None,None,-0.000037561964814292304,-0.22717476319683985,-0.5800374762956472,-0.2600181281622118,0.38439858473412813,-2.6612512620332742,3 days 16:44:51.588785045,false
XMR-USD,false,39,83,108,22.429906542056074,0.558905410908502,0.14738292011019283,0.0001,0.000034507548526240116,4.462809917355372,8.884297520661157,0.00044628099173553724,-0.9816061514474801,0,0,17424,726 days 01:00:00,1000.0,420.32644226277694,-57.9673557737223,34.915698157888286,100.0,149.14166385052374,63.14929082700578,635 days 19:00:00,107,1,20.409461200156386,20.674404149974848,-9.192802668893407,4.979733599785054,-2.427080630561649,9 days 03:45:00,2 days 02:50:36.144578313,-5.608252513433447,-0.7097003475176713,-0.5593160035466224,0.9701243551681354,-0.17127788184326762,26.821822292586624,0.977551336575382,0.3838151207115629,-0.007461921798605285,None,None,-0.000037499452083752955,-0.22679668620253787,-0.5796735577372272,-0.25979562769556075,0.3845987324799754,-2.6602089842681864,3 days 16:43:44.299065419,false
XMR-USD,false,39,84,108,22.429906542056074,0.5608361870741461,0.14738292011019283,0.0001,0.000034507548526240116,4.462809917355372,8.884297520661157,0.00044628099173553724,-0.9588300071593645,0,0,17424,726 days 01:00:00,1000.0,427.2292928833547,-57.277070711664535,34.915698157888286,100.0,151.31863680027723,63.002390262175865,635 days 19:00:00,107,1,20.744637500635406,20.48709055027732,-9.192802668893412,4.938133979826553,-2.396936460262763,9 days 03:52:30,2 days 02:44:49.156626506,-5.546872379600756,-0.6929596794267259,-0.552178619149154,0.9708075170670185,-0.16906535853393237,26.90605381998385,0.9792528185825153,0.38326585695006754,-0.007458196364188689,None,None,-0.000036584858125952445,-0.2212652219457604,-0.5727707071166472,-0.2555988232875487,0.38428316067779966,-2.6404389353080795,3 days 16:40:56.074766354,false
XMR-USD,false,41,75,108,22.429906542056074,0.582887605911962,0.14738292011019283,0.0001,0.000034507548526240116,4.462809917355372,8.884297520661157,0.00044628099173553724,-0.8837014521199887,0,0,17424,726 days 01:00:00,1000.0,449.5820321219493,-55.041796787805076,34.915698157888286,100.0,151.32888835458695,60.45811166597973,635 days 19:00:00,107,1,20.410156485932646,20.401051514359676,-9.192802668893412,5.188531723618652,-2.400225897250908,9 days 01:15:00,2 days 03:31:48.433734939,-5.334842283775548,-0.6382021165732306,-0.5474051593018038,0.9730511415165919,-0.1669511418569367,26.99770793102938,0.9813109959269816,0.38348551012306464,-0.007446826610916468,None,None,-0.000033673349831679834,-0.20365641978199964,-0.5504179678780443,-0.2423051789064784,0.3840484586041709,-2.576419767948126,3 days 16:42:03.364485980,false
XMR-USD,false,42,73,108,22.429906542056074,0.5855636166810596,0.14738292011019283,0.0001,0.000034507548526240116,4.462809917355372,8.884297520661157,0.00044628099173553724,-0.8718172615818183,0,0,17424,726 days 01:00:00,1000.0,454.6991618194429,-54.53008381805571,34.915698157888286,100.0,153.2158668213912,59.8032873680671,635 days 19:00:00,107,1,20.64246429723846,20.23756343674949,-9.192802668893412,5.102373411734182,-2.3637199245695184,9 days 01:32:30,2 days 03:31:48.433734939,-5.2891897427831385,-0.628271083095797,-0.5470155606395726,0.9735252749244645,-0.10682031113807786,26.55572170864815,0.9827950250065449,0.3835953628712085,-0.0074581963641887385,None,None,-0.00003307849978982877,-0.2000587667288844,-0.5453008381805546,-0.23932292817121192,0.38322751039537606,-2.5617640973831155,3 days 16:45:58.878504672,false
XMR-USD,false,43,72,108,22.429906542056074,0.5896126450562135,0.14738292011019283,0.0001,0.000034507548526240116,4.462809917355372,8.884297520661157,0.00044628099173553724,-0.8527799523303856,0,0,17424,726 days 01:00:00,1000.0,460.4844323810671,-53.95155676189329,34.915698157888286,100.0,153.6437300505051,59.15584863419634,635 days 19:00:00,107,1,22.359381211810387,20.40105151435966,-9.192802668893405,5.144845993482188,-2.3632004350242024,9 days 01:37:30,2 days 03:30:21.686746987,-5.251167746081711,-0.6144464396904756,-0.5457498240081201,0.9740988724556453,-0.10645062587449133,26.551038381605355,0.9831724492017645,0.3835953628712085,-0.00745819636418859,None,None,-0.00003235197701909301,-0.19566475701147454,-0.5395155676189397,-0.23597756098244582,0.3832434469525937,-2.5451948438185346,3 days 16:45:58.878504671,false
XMR-USD,false,43,73,108,22.429906542056074,0.5674754149928067,0.14738292011019283,0.0001,0.000034507548526240116,4.462809917355372,8.884297520661157,0.00044628099173553724,-0.9419692724553509,0,0,17424,726 days 01:00:00,1000.0,433.1960125517012,-56.68039874482989,34.915698157888286,100.0,148.95083689602876,61.72391622766644,635 days 19:00:00,107,1,21.034358825108313,20.401051514359676,-9.192802668893401,5.076782376973178,-2.4172324404602588,9 days 01:25:00,2 days 03:31:05.060240963,-5.493816320312212,-0.6801669575248389,-0.5562235370854384,0.9713400394028703,-0.1503917240764532,26.953032386171174,0.9816049258532521,0.38304627351377096,-0.007460189988399945,None,None,-0.000035838186946750464,-0.2167493546539468,-0.5668039874483024,-0.25200670018838156,0.3835203780769869,-2.623350004016014,3 days 16:43:44.299065419,false
XMR-USD,false,44,69,108,22.429906542056074,0.5777870782569833,0.14738292011019283,0.0001,0.000034507548526240116,4.462809917355372,8.884297520661157,0.00044628099173553724,-0.8950974731749569,0,0,17424,726 days 01:00:00,1000.0,447.575593546904,-55.2424406453096,34.915698157888286,100.0,151.27013098836753,60.11114941447984,635 days 19:00:00,107,1,20.31906804740504,20.237563436749486,-9.192802668893401,5.061420294379918,-2.3721341123237623,9 days 01:27:30,2 days 03:45:32.530120481,-5.352742752341134,-0.645067631506257,-0.5530647534692003,0.9728649481279745,-0.10588610629925328,26.511650948585235,0.9819101800837089,0.3845848232022249,-0.0074581963641886205,None,None,-0.00003397557463880951,-0.20548427541551992,-0.5524244064530943,-0.24348057454919625,0.3833712182486352,-2.5821662908043277,3 days 16:55:30.841121493,false
XMR-USD,false,44,70,108,22.429906542056074,0.5889878976771769,0.14738292011019283,0.0001,0.000034507548526240116,4.462809917355372,8.884297520661157,0.00044628099173553724,-0.854059596358653,0,0,17424,726 days 01:00:00,1000.0,460.3100371926996,-53.96899628073004,34.915698157888286,100.0,153.5035927480159,59.15867028748969,635 days 19:00:00,107,1,22.350913241507783,20.237563436749483,-9.192802668893412,5.11987132165665,-2.3589335545076233,9 days 01:27:30,2 days 03:31:48.433734939,-5.252718467745881,-0.6153132094423422,-0.5459417466882992,0.9740620858822653,-0.10578783299944582,26.59603086391538,0.982732065119056,0.3835953628712085,-0.007445281664846071,None,None,-0.000032383971026114345,-0.19585825676593957,-0.5396899628073033,-0.236078003677626,0.3830820546155743,-2.545694318832836,3 days 16:44:51.588785045,false
XMR-USD,false,45,67,108,22.429906542056074,0.5687650563398193,0.14738292011019283,0.0001,0.000034507548526240116,4.462809917355372,8.884297520661157,0.00044628099173553724,-0.9216851345105473,0,0,17424,726 days 01:00:00,1000.0,439.44949553298386,-56.055050446701614,34.915698157888286,100.0,150.04493338402773,60.84735740628202,635 days 19:00:00,107,1,19.950158882371568,20.239170473141613,-9.192802668893405,5.009313011650029,-2.379387560283663,9 days 01:22:30,2 days 03:54:13.012048192,-5.4252398443868035,-0.6643868519337836,-0.5564322157335598,0.9720818680452903,-0.10674556166460998,26.452044735239987,0.9815137111084887,0.3850250377553454,-0.007460189988399796,None,None,-0.00003501310136051481,-0.21175923702839355,-0.5605505044670194,-0.24827644174122843,0.3835901936825525,-2.6054397707650434,3 days 17:01:07.289719624,false
XMR-USD,false,46,66,108,22.429906542056074,0.5808932584631906,0.14738292011019283,0.0001,0.000034507548526240116,4.462809917355372,8.884297520661157,0.00044628099173553724,-0.8686620409041772,0,0,17424,726 days 01:00:00,1000.0,455.31899334688035,-54.46810066531197,34.915698157888286,100.0,151.1478551476206,59.48545732488202,635 days 19:00:00,107,1,20.670603452200226,20.239170473141616,-9.192802668893405,5.088880646018299,-2.359948474798953,9 days 01:22:30,2 days 03:51:19.518072289,-5.283659907526354,-0.6259967653936083,-0.5491633466214703,0.9736655033928034,-0.10697513912813418,26.476047819503272,0.9810980644874046,0.3853553824137382,-0.007458196364188681,None,None,-0.00003298267955854021,-0.19947924597005118,-0.5446810066531194,-0.23896318242665437,0.38350567120910717,-2.5599888743168764,3 days 16:58:52.710280372,false
XMR-USD,false,47,64,108,22.429906542056074,0.5680420015417115,0.14738292011019283,0.0001,0.000034507548526240116,4.462809917355372,8.884297520661157,0.00044628099173553724,-0.9176078308018211,0,0,17424,726 days 01:00:00,1000.0,440.63678875585606,-55.93632112441439,34.915698157888286,100.0,150.28848767297958,60.524507582454156,635 days 19:00:00,107,1,20.004059703005225,20.23917047314161,-9.192802668893412,4.979790862055978,-2.3676739540847476,9 days 01:22:30,2 days 03:54:13.012048192,-5.414647392029431,-0.6614757330683141,-0.5579170033022973,0.9722025758828162,-0.10715157056883684,26.455136198237557,0.9804262824252558,0.3853553824137382,-0.007458196364188547,None,None,-0.00003485884135570232,-0.21082627251928765,-0.5593632112441453,-0.24757213227867592,0.3835809018661139,-2.60203931399198,3 days 17:01:07.289719624,false
XMR-USD,false,48,64,108,22.429906542056074,0.5874660757698345,0.14738292011019283,0.0001,0.000034507548526240116,4.462809917355372,8.884297520661157,0.00044628099173553724,-0.8191046585107552,0,0,17424,726 days 01:00:00,1000.0,471.65896302748115,-52.83410369725189,34.915698157888286,100.0,152.54149708419874,57.959318032399985,635 days 19:00:00,107,1,22.90197412704589,20.239170473141627,-9.192802668893394,5.085682346934703,-2.321044141659892,9 days 01:22:30,2 days 03:41:55.662650602,-5.151803842052003,-0.5893788190297238,-0.54284824861823,0.9751971613302848,-0.08139576823969324,26.455193207587865,0.9830567788735565,0.3844748132846019,-0.007461921798605293,None,None,-0.00003100122962688394,-0.18749543678339406,-0.5283410369725143,-0.22959270855832103,0.3828620673369417,-2.5131905270327644,3 days 16:51:35.327102802,false
XMR-USD,false,48,65,108,22.429906542056074,0.5891975002529586,0.14738292011019283,0.0001,0.000034507548526240116,4.462809917355372,8.884297520661157,0.00044628099173553724,-0.8382423892790161,0,0,17424,726 days 01:00:00,1000.0,466.38377183135935,-53.36162281686406,34.915698157888286,100.0,153.0630488031459,58.61438687627826,635 days 19:00:00,107,1,22.64583080791266,20.23756343674948,-9.192802668893398,5.066468530670464,-2.3292738518163896,9 days 01:37:30,2 days 03:29:38.313253012,-5.198710831556578,-0.603221184704419,-0.543374295767503,0.9745944409544621,-0.08218065132243427,26.605149984104404,0.9826606064082536,0.3838151207115629,-0.007451445542635705,None,None,-0.000031682443390674754,-0.19161541762680093,-0.5336162281686454,-0.23259437277659867,0.3822962400166504,-2.5282988922508025,3 days 16:45:25.233644859,false
XMR-USD,false,49,63,108,22.429906542056074,0.5819749782038968,0.14738292011019283,0.0001,0.000034507548526240116,4.462809917355372,8.884297520661157,0.00044628099173553724,-0.8411036849105018,0,0,17424,726 days 01:00:00,1000.0,464.9680398781318,-53.50319601218683,34.915698157888286,100.0,150.55507297937203,58.33066122725536,635 days 19:00:00,107,1,22.5770882224744,20.23917047314162,-9.192802668893412,5.101861982790019,-2.342237039875289,9 days 01:22:30,2 days 03:37:35.421686747,-5.211299517236852,-0.6052435952579386,-0.547801622048265,0.974526498303792,-0.08091559801126207,26.484412188446704,0.9827903217640735,0.3840349483717236,-0.00746018998839989,None,None,-0.00003182744424302122,-0.19249238278179234,-0.5350319601218703,-0.23340371549044514,0.3827626105478827,-2.5323536069720314,3 days 16:48:13.457943924,false
XMR-USD,false,49,64,108,22.429906542056074,0.5849471654871846,0.14738292011019283,0.0001,0.000034507548526240116,4.462809917355372,8.884297520661157,0.00044628099173553724,-0.8527585535149971,0,0,17424,726 days 01:00:00,1000.0,462.0728270495864,-53.792717295041356,34.915698157888286,100.0,153.55880107326183,58.95528827955426,635 days 19:00:00,107,1,22.43650764521567,20.237563436749493,-9.19280266889341,4.988323714920903,-2.3177046784468662,9 days 01:32:30,2 days 03:28:11.566265060,-5.237043743884396,-0.6139900298552319,-0.5456163386813843,0.9741519287577537,-0.08858218692918042,26.63840046560245,0.9822177696085745,0.3835953628712085,-0.007451445542635759,None,None,-0.00003222921132536897,-0.19492227009583152,-0.5379271729504139,-0.23506386822791403,0.38207296041720296,-2.5406456159573687,3 days 16:43:10.654205607,false
XMR-USD,false,12,43,273,22.426470588235293,0.4464863755171007,0.3746556473829201,0.0001,0.00003450226244343892,11.28099173553719,22.520661157024794,0.0011280991735537192,-2.2889900987906544,0,0,17424,726 days 01:00:00,1000.0,187.71478853957115,-81.22852114604288,34.915698157888286,100.0,242.76554761668925,82.67868265342429,722 days 11:00:00,272,1,8.685897419801137,23.465520524001388,-6.3996182152744145,2.974838931471663,-1.617466057653676,3 days 16:47:12.786885245,0 days 19:55:27.014218009,-3.0182761355890797,-1.642111344871799,-0.6878563401847148,0.9335824683886763,0.34612132972640647,22.404295618307824,1.0032904771556326,0.38107315526670366,-0.007610016453929196,None,None,-0.00008442820411986226,-0.5106217785169269,-0.8122852114604298,-0.44044807570714506,0.3742337007113968,-3.326418357116294,1 days 11:22:03.529411763,false
XMR-USD,false,18,73,166,22.424242424242426,0.5297529446399134,0.22727272727272727,0.0001,0.0000344988344988345,6.859504132231405,13.677685950413224,0.0006859504132231406,-1.2781856639291205,0,0,17424,726 days 01:00:00,1000.0,351.0962412504755,-64.89037587495245,34.915698157888286,100.0,190.77121957742858,68.00659080017026,722 days 11:00:00,165,1,15.931285181898545,22.090837561253984,-7.172505688054678,3.9717408781013877,-1.926503383603723,6 days 08:48:38.918918918,1 days 07:15:00,-4.029303296554076,-0.9181745155021839,-0.6016394732254197,0.9621456246155622,0.09524009463393703,23.164102614813558,0.9876667287167679,0.3913286489939316,-0.0075173321114078255,None,None,-0.000048064469304595815,-0.2906939103541955,-0.6489037587495257,-0.30461855023499207,0.3810279738322217,-2.858487136116228,2 days 10:30:32.727272726,false
XMR-USD,false,2,6,1723,22.41579558652729,0.35535275820684603,2.371900826446281,0.0001,0.00003448583936388815,71.19834710743802,142.35537190082644,0.007119834710743803,-8.249511147810919,0,0,17424,726 days 01:00:00,1000.0,2.314856369430572,-99.76851436305695,34.915698157888286,100.0,608.9777986144952,99.77335905029099,725 days 02:00:00,1722,1,0.007279496578928235,14.083376710948142,-11.192981014084511,1.2603141842751595,-0.8083995468810371,0 days 11:56:44.145077720,0 days 03:22:30,-0.5793800366592041,-6.221319374128026,-0.9548404566911223,0.7667188776654873,-0.4371394511997208,34.83840359800408,1.1179289528608645,0.33904556981480055,-0.008128503981072947,None,None,-0.0003354365875678159,-2.0287204816101507,-0.9976851436305686,-0.8783087943916065,0.39245139667839457,-3.85741141167807,0 days 05:17:46.202090591,false
XMR-USD,false,2,7,1616,22.41486068111455,0.3547041447955831,2.224517906336088,0.0001,0.00003448440104786854,66.77685950413223,133.51239669421489,0.006677685950413224,-8.139244305692422,0,0,17424,726 days 01:00:00,1000.0,2.5597660203197847,-99.74402339796802,34.915698157888286,100.0,591.8359896674935,99.74938064860568,725 days 02:00:00,1615,1,0.008049660546475046,14.083376710948126,-11.192981014084532,1.283547235439351,-0.8363134285244662,0 days 13:03:08.950276243,0 days 03:33:11.061452513,-0.6176150363097377,-6.141141399550705,-0.9526097076940108,0.7696123840841601,-0.48234760282919187,34.63787005298191,1.1036606004002933,0.34141647421093146,-0.008122196444454234,None,None,-0.00032976884475703345,-1.9944419730905383,-0.9974402339796812,-0.8739860385173244,0.3908575181716542,-3.8567099803339744,0 days 05:40:56.470588234,false
XMR-USD,false,19,25,291,22.413793103448278,0.4481606340408726,0.39944903581267216,0.0001,0.000034482758620689657,12.024793388429753,24.00826446280992,0.0012024793388429754,-2.585835000301354,0,0,17424,726 days 01:00:00,1000.0,153.96044892029954,-84.60395510797004,34.915698157888286,100.0,258.53608484473637,85.90767775616067,722 days 11:00:00,290,1,7.1240240389816165,23.389151865388293,-5.914882632735076,2.851392839670148,-1.6217976226924489,3 days 07:45:13.846153846,0 days 19:23:59.999999999,-2.941943362478214,-1.8585922961815018,-0.7096202378601936,0.9249438979708021,0.3324762318410455,22.330628766734556,1.004274801980067,0.3755131038838017,-0.007669288172738463,None,None,-0.00009575488305921666,-0.5791255327421423,-0.8460395510797,-0.4776520852814582,0.37500299983783,-3.4230921783488952,1 days 08:55:39.310344825,false
XMR-USD,false,23,48,175,22.413793103448278,0.4979226125065941,0.2396694214876033,0.0001,0.000034482758620689657,7.231404958677686,14.421487603305785,0.0007231404958677687,-1.4623485310462647,0,0,17424,726 days 01:00:00,1000.0,311.0925927282465,-68.89074072717534,34.915698157888286,100.0,190.72731268905866,71.82311410638845,722 days 11:00:00,174,1,14.116086219203225,21.322008276614895,-7.125563139087595,3.860487920181425,-1.936973060204442,5 days 13:20:00,1 days 09:00:53.333333333,-4.04036490512044,-1.0510799682674534,-0.6182073581709386,0.9567401112033002,0.1261150771509804,23.322393631286257,0.987634232922106,0.39044047239067986,-0.00757386945924154,None,None,-0.00005501180129332016,-0.3327113742220003,-0.6889074072717543,-0.33321114166449917,0.38095883562384714,-2.9730592358672707,2 days 07:29:59.999999999,false
XMR-USD,false,25,27,233,22.413793103448278,0.4638595825012638,0.31955922865013775,0.0001,0.000034482758620689657,9.62809917355372,19.214876033057852,0.000962809917355372,-1.9671184531628592,0,0,17424,726 days 01:00:00,1000.0,228.55363471080523,-77.14463652891948,34.915698157888286,100.0,220.1540647729387,78.85515054490371,722 days 11:00:00,232,1,10.853346753487983,24.87919777977619,-6.399618215274416,3.3336192164065146,-1.7406658191046684,3 days 23:51:55.384615384,1 days 02:00:40,-3.37198151742535,-1.4095404720950038,-0.6643152889455368,0.9427514961960347,0.3001926121883473,22.394078232257822,0.9969616502435786,0.38590630716614965,-0.007633542887437755,None,None,-0.00007297066025410141,-0.4413265532168053,-0.7714463652891939,-0.4008814287747875,0.37681542284772623,-3.2094542168417353,1 days 17:40:05.172413792,false
XMR-USD,false,25,28,233,22.413793103448278,0.47615056605055067,0.31955922865013775,0.0001,0.000034482758620689657,9.62809917355372,19.214876033057852,0.000962809917355372,-1.9129951823316202,0,0,17424,726 days 01:00:00,1000.0,235.61957543317408,-76.4380424566826,34.915698157888286,100.0,226.87266337567607,78.20143854849562,722 days 11:00:00,232,1,11.188887708224968,24.879197779776195,-6.399618215274416,3.3531191507070415,-1.7294655545914897,4 days 00:19:36.923076923,1 days 01:56:20,-3.3429711735993606,-1.3707661349217761,-0.6604768100263286,0.9443045334277453,0.29370018795853226,22.19415439973602,0.9975431017732592,0.3867886987664147,-0.007650913471011313,None,None,-0.00007115861845604465,-0.430367324422158,-0.7643804245668258,-0.3945163750711934,0.3778523133320902,-3.189217071101682,1 days 17:42:55.862068965,false
XMR-USD,false,22,46,184,22.404371584699454,0.48875632843090466,0.25206611570247933,0.0001,0.0000344682639764607,7.603305785123967,15.165289256198347,0.0007603305785123968,-1.6184044377909286,0,0,17424,726 days 01:00:00,1000.0,280.40436416011266,-71.95956358398873,34.915698157888286,100.0,191.70065540167894,74.66565185503131,722 days 11:00:00,183,1,13.971042195435018,20.680218971042212,-7.1255631390876015,3.8327611696787534,-1.9615501001935425,5 days 08:08:46.829268292,1 days 06:52:23.661971830,-4.0085610821602256,-1.1644668970101975,-0.6325532907336634,0.9521634124081868,0.12126787735256656,23.381749824086278,0.990289052124735,0.38789326961369974,-0.007608808267455894,None,None,-0.00006096429994467321,-0.3687120860653836,-0.7195956358398836,-0.35681932670691563,0.38107142883005646,-3.0609515885544836,2 days 04:39:59.999999998,false
XMR-USD,false,25,39,184,22.404371584699454,0.5250074624680675,0.25206611570247933,0.0001,0.0000344682639764607,7.603305785123967,15.165289256198347,0.0007603305785123968,-1.4031301616985574,0,0,17424,726 days 01:00:00,1000.0,323.6539259843464,-67.63460740156536,34.915698157888286,100.0,194.67431033173042,71.43630989796121,722 days 11:00:00,183,1,16.12593537974874,20.680218971042237,-7.1255631390875855,4.092031224594703,-1.932563564443672,5 days 05:52:40.975609756,1 days 07:26:37.183098591,-3.784000051340997,-1.0073328400576038,-0.6059115597394644,0.958452903545047,0.12795014139499045,23.36970321628987,0.9932663991180981,0.38822498406628425,-0.007592921762430855,None,None,-0.0000527346572820514,-0.3189392072418469,-0.6763460740156548,-0.3239867808563077,0.38104922233098215,-2.9370830591936796,2 days 04:36:03.934426229,false
XMR-USD,false,19,21,309,22.4025974025974,0.45296698988027856,0.42424242424242425,0.0001,0.00003446553446553447,12.768595041322314,25.49586776859504,0.0012768595041322314,-2.591367271446922,0,0,17424,726 days 01:00:00,1000.0,154.06040706700958,-84.59395929329904,34.915698157888286,100.0,265.0467863363774,85.54862467596972,722 days 11:00:00,308,1,7.1286492803670285,24.35030201579445,-5.166804431970889,2.924467561042104,-1.5906570481221394,3 days 03:06:57.391304347,0 days 18:08:32.133891213,-2.769702085108304,-1.8613977032703013,-0.712449641806374,0.9248646063124509,0.33820185911955747,22.279303792751236,1.012853839471137,0.37258763292634894,-0.007638748123339083,None,None,-0.00009575324019083218,-0.579115596674153,-0.8459395929329894,-0.4775344017040025,0.37443138951947125,-3.4228058940928623,1 days 06:54:21.038961038,false
XMR-USD,false,15,43,251,22.400000000000002,0.4483573619008302,0.3443526170798898,0.0001,0.00003446153846153847,10.37190082644628,20.702479338842977,0.001037190082644628,-2.258404759794508,0,0,17424,726 days 01:00:00,1000.0,188.66809222950928,-81.13319077704907,34.915698157888286,100.0,229.23733219729928,82.54519814475482,722 days 11:00:00,250,1,8.959298454723353,24.87919777977618,-6.399618215274418,3.15081024522157,-1.7279325352913582,4 days 00:57:51.428571428,0 days 21:51:20.412371134,-3.281164824900851,-1.6232436314454184,-0.6876364035663216,0.9343721727844595,0.2887003375835576,22.388395474276404,0.9949279751073303,0.3851351351351352,-0.007633162839139233,None,None,-0.00008398801877684313,-0.5079595375623472,-0.81133190777049,-0.4394633992085436,0.37660976223412723,-3.3236880560189843,1 days 14:40:47.999999998,false
XMR-USD,false,16,40,251,22.400000000000002,0.430977481950949,0.3443526170798898,0.0001,0.00003446153846153847,10.37190082644628,20.702479338842977,0.001037190082644628,-2.389438985312038,0,0,17424,726 days 01:00:00,1000.0,173.07221517719722,-82.69277848228029,34.915698157888286,100.0,225.3500002773393,83.98806503597086,722 days 11:00:00,250,1,8.218695655788736,24.879197779776174,-6.399618215274421,3.065848137070021,-1.7489581725909944,3 days 21:49:17.142857142,0 days 22:41:08.041237113,-3.3405859219143683,-1.7193370444603508,-0.6976764490631414,0.930565539233148,0.28608130193910025,22.412015801061166,0.9915641488148039,0.38414488839463024,-0.007655345219876698,None,None,-0.00008894329530478919,-0.537929050003365,-0.8269277848228034,-0.45600084828148923,0.37653915151690065,-3.368355291317525,1 days 14:37:11.999999998,false
XMR-USD,false,17,22,318,22.397476340694006,0.46772998723866555,0.4366391184573003,0.0001,0.00003445765590876001,13.140495867768596,26.239669421487605,0.0013140495867768596,-2.6015275349553093,0,0,17424,726 days 01:00:00,1000.0,153.4568268022972,-84.65431731977027,34.915698157888286,100.0,283.4582978128094,85.6790401706307,722 days 11:00:00,317,1,6.402012207029827,21.342974034476285,-6.070947836557034,2.855639555305257,-1.5513291645543337,2 days 23:35:29.577464788,0 days 17:54:52.682926829,-2.6906788183114583,-1.8712671716808764,-0.7122637712955757,0.9244334923792541,0.31697956366529423,22.35382821888714,1.0136039903721628,0.37118350645262826,-0.00763152179938254,None,None,-0.00009603257224070798,-0.5808049969118019,-0.8465431731977036,-0.4782457740720867,0.37354309024547333,-3.424534572872198,1 days 05:56:12.870662459,false
XMR-USD,false,8,33,385,22.395833333333336,0.43492494041964685,0.5289256198347108,0.0001,0.00003445512820512821,15.90909090909091,31.776859504132233,0.0015909090909090912,-2.9466200314280635,0,0,17424,726 days 01:00:00,1000.0,114.61584025013565,-88.53841597498644,34.915698157888286,100.0,306.7652076379027,89.2830725742865,722 days 11:00:00,384,1,5.3034789578505865,21.123879122043242,-11.595387641454282,2.449738722816912,-1.4063346809483093,2 days 15:40:27.906976744,0 days 13:25:10.067114093,-2.319499059134678,-2.15264431698357,-0.74307881907108,0.912525366287595,-0.39252496082753,36.83084480214213,1.0116161377699358,0.3709677419354838,-0.00763316283913913,None,None,-0.0001123529047186576,-0.6795103677384412,-0.8853841597498661,-0.5285066649471085,0.3799005937537999,-3.535776760774394,1 days 00:40:28.124999998,false
XMR-USD,false,20,49,193,22.395833333333336,0.49656604751906136,0.2644628099173554,0.0001,0.00003445512820512821,7.975206611570248,15.90909090909091,0.0007975206611570248,-1.630597440961441,0,0,17424,726 days 01:00:00,1000.0,278.7737841070274,-72.12262158929727,34.915698157888286,100.0,201.62605773005558,74.63658308107122,722 days 11:00:00,192,1,13.889799156322908,20.68021897104222,-7.125563139087619,3.752834770731689,-1.901059178961442,5 days 04:30:41.860465116,1 days 04:44:41.879194630,-3.8287292450484074,-1.1734664075441497,-0.6348695705038764,0.9518404391348056,0.1183492921471545,23.46685901501525,0.9907189792390378,0.3881143949653469,-0.007595606630086843,None,None,-0.00006133720941197874,-0.3709674425236474,-0.7212262158929734,-0.3581199623695047,0.3804620083851022,-3.06562163709744,2 days 02:11:33.749999998,false
XMR-USD,false,22,42,193,22.395833333333336,0.5247029283599166,0.2644628099173554,0.0001,0.00003445512820512821,7.975206611570248,15.90909090909091,0.0007975206611570248,-1.4637357814313217,0,0,17424,726 days 01:00:00,1000.0,313.36610243372036,-68.66338975662796,34.915698157888286,100.0,200.93798097303235,72.04606885475829,722 days 11:00:00,192,1,15.873767065344566,20.68021897104224,-6.168481229071112,4.050319231185437,-1.9017801918995492,5 days 03:15:20.930232558,1 days 05:02:24.966442953,-3.6588940866230457,-1.0486908910218926,-0.6134641330753693,0.9569158599270461,0.20579663577606924,22.794953672569825,0.9942340071737902,0.3881143949653469,-0.0075872153471234355,None,None,-0.00005468511670798796,-0.3307355858499112,-0.6866338975662782,-0.33152380687505234,0.3795592605910497,-2.9665478102752836,2 days 02:08:26.249999998,false
XMR-USD,false,29,33,193,22.395833333333336,0.5231915077606109,0.2644628099173554,0.0001,0.00003445512820512821,7.975206611570248,15.90909090909091,0.0007975206611570248,-1.4812993181364027,0,0,17424,726 days 01:00:00,1000.0,309.0709925955955,-69.09290074044046,34.915698157888286,100.0,202.98624514640719,72.00334366846948,722 days 11:00:00,192,1,15.399346197309626,20.680218971042216,-7.1255631390876,4.017814019417778,-1.901698171524082,5 days 02:33:29.302325581,1 days 05:21:20.536912751,-3.678793508342265,-1.0614709278261512,-0.6191866199256784,0.9564273406609113,0.20579910175602478,22.670918593137834,0.9920681629377922,0.389442628179571,-0.007630041728543091,None,None,-0.00005543931773572743,-0.3352969936656795,-0.6909290074044029,-0.33471829200662484,0.38016113655350947,-2.978849182049958,2 days 02:13:44.999999998,false
XMR-USD,false,8,20,519,22.393822393822393,0.3755317718890726,0.7134986225895317,0.0001,0.000034452034452034455,21.446280991735538,42.85123966942149,0.002144628099173554,-4.341591815550884,0,0,17424,726 days 01:00:00,1000.0,44.375297026961334,-95.56247029730388,34.915698157888286,100.0,339.37438908486513,95.72635587664222,725 days 02:00:00,518,1,0.8927142650168349,14.344903282656981,-11.465212964445195,1.828284715624149,-1.282376684208305,1 days 19:14:28.965517241,0 days 10:56:25.074626865,-1.846558720536789,-3.204801696540419,-0.8264461349277864,0.8719304437776315,-0.43022833078451017,37.2484227998361,1.0180428358796472,0.358144972720187,-0.007705955313607459,None,None,-0.0001668575761804454,-1.0091546207393336,-0.9556247029730389,-0.6608126691524552,0.3789681512498945,-3.736948574396873,0 days 18:10:25.482625481,false
XMR-USD,false,20,28,260,22.393822393822393,0.4466302041994009,0.35674931129476584,0.0001,0.000034452034452034455,10.743801652892563,21.446280991735538,0.0010743801652892562,-2.2733116215738542,0,0,17424,726 days 01:00:00,1000.0,189.48838177295738,-81.05116182270426,34.915698157888286,100.0,236.0572328305099,82.49632987551206,722 days 11:00:00,259,1,8.767964735911363,23.46552052400138,-6.399618215274423,3.014798990401918,-1.6607275856694526,3 days 17:21:43.448275862,0 days 21:57:00.895522388,-3.1632416330615984,-1.6300833382225506,-0.6868993548024921,0.9339973200037476,0.3412451898820853,22.398366798822693,1.0003777047726659,0.37997940920250256,-0.0076141492790683125,None,None,-0.00008387138987518931,-0.5072541659651449,-0.8105116182270451,-0.43861871124921903,0.3745087560392902,-3.32133871292483,1 days 13:02:46.795366794,false
XMR-USD,false,15,24,327,22.392638036809817,0.46166986280900696,0.4490358126721763,0.0001,0.0000344502123643228,13.512396694214877,26.983471074380166,0.0013512396694214878,-2.61222554631426,0,0,17424,726 days 01:00:00,1000.0,152.04421832632102,-84.7955781673679,34.915698157888286,100.0,286.53655651606334,85.83703693933028,722 days 11:00:00,326,1,6.343080083282729,21.342974034476295,-7.903274888121227,2.7931749806257202,-1.516232439996503,2 days 21:44:23.013698630,0 days 17:19:26.798418972,-2.620548655696196,-1.880729888280716,-0.7130587623374463,0.9239653389258394,0.301804996900813,22.40777671908015,1.0150080055772666,0.3703208556149733,-0.007615090235589391,None,None,-0.00009655409091411101,-0.5839591418485434,-0.847955781673681,-0.4799178282732923,0.3736820158933105,-3.4285803418257172,1 days 05:03:40.858895704,false
XMR-USD,false,12,48,269,22.388059701492537,0.4252634769534823,0.3691460055096419,0.0001,0.00003444316877152698,11.115702479338843,22.1900826446281,0.0011115702479338845,-2.33265544485847,0,0,17424,726 days 01:00:00,1000.0,180.43727794439508,-81.95627220556048,34.915698157888286,100.0,232.3988402681054,83.28538052519403,722 days 11:00:00,268,1,8.349154049750268,24.87919777977619,-6.399618215274426,2.8815682571793406,-1.6191462535591716,3 days 19:52:00,0 days 19:56:49.615384615,-3.0892234183035643,-1.6766235840196053,-0.6930377182453815,0.932271394774165,0.2947442538370041,22.54113215906445,0.9978157029261918,0.38414488839463024,-0.0076179556584019805,None,None,-0.00008659079020810119,-0.523701099178596,-0.8195627220556045,-0.4480749193527376,0.37591882664170556,-3.347261447700556,1 days 12:02:54.626865671,false
XMR-USD,false,3,9,1194,22.380553227158423,0.3579320730247072,1.643250688705234,0.0001,0.0000344316203494745,49.33884297520661,98.63636363636364,0.004933884297520661,-7.689930514174624,0,0,17424,726 days 01:00:00,1000.0,3.6939431804681817,-99.63060568195317,34.915698157888286,100.0,509.715313862495,99.64022189214387,725 days 02:00:00,1193,1,0.0116162916628757,14.515260847724107,-11.192981014084525,1.364292948149395,-0.984869195283715,0 days 17:56:10.786516853,0 days 04:51:11.274298056,-0.8351363563379663,-5.817641350619133,-0.9435377505823319,0.7800801561455034,-0.493368433722403,34.85107074375204,1.041323577421508,0.34691195795006574,-0.008195355791270443,None,None,-0.0003090007601785898,-1.8688365975601111,-0.9963060568195308,-0.8568780598182064,0.3866077432015815,-3.8534616501558987,0 days 07:46:52.405699915,false
XMR-USD,false,27,30,220,22.37442922374429,0.4778733762506559,0.30165289256198347,0.0001,0.000034422198805760445,9.090909090909092,18.140495867768596,0.0009090909090909092,-1.889677618036967,0,0,17424,726 days 01:00:00,1000.0,236.11885588702944,-76.38811441129705,34.915698157888286,100.0,212.05743404964142,78.48557430073062,722 days 11:00:00,219,1,11.960756728239659,20.680218971042226,-6.928026011026198,3.5846822156873417,-1.8411606876365443,4 days 12:08:34.285714285,1 days 01:40:14.117647058,-3.5426570814667118,-1.3563693966475223,-0.6574298285514243,0.9447856771375288,0.2109477145446933,22.70040724081843,0.9986345727274647,0.3867886987664147,-0.007655345219876763,None,None,-0.00007087723401191154,-0.428665511304041,-0.7638811441129691,-0.3940713603165723,0.3803528920571888,-3.187787111283615,1 days 20:07:23.835616437,false
XMR-USD,false,20,39,229,22.36842105263158,0.4651729149048019,0.3140495867768595,0.0001,0.00003441295546558704,9.462809917355372,18.884297520661157,0.0009462809917355373,-2.018772206265512,0,0,17424,726 days 01:00:00,1000.0,216.53271620698843,-78.34672837930115,34.915698157888286,100.0,217.74059991243223,80.27020325507118,722 days 11:00:00,228,1,11.348461842691108,20.680218971042226,-6.9280260110262075,3.420108138361392,-1.8116025473861577,4 days 10:02:21.176470588,1 days 00:01:21.355932203,-3.4860339720864166,-1.451789794154373,-0.6684995971251161,0.9410020358095785,0.19851214015268434,22.746193704489446,0.9951938437130506,0.3870094722598106,-0.007638826118962151,None,None,-0.00007585000059940486,-0.4587408036252006,-0.7834672837930117,-0.4120119373104263,0.38028552401124827,-3.2438826233695335,1 days 18:22:06.315789472,false
XMR-USD,false,20,72,153,22.36842105263158,0.5624495880079027,0.209366391184573,0.0001,0.00003441295546558704,6.322314049586777,12.603305785123966,0.0006322314049586777,-1.063566198707979,0,0,17424,726 days 01:00:00,1000.0,404.51642265607325,-59.548357734392674,34.915698157888286,100.0,186.60037459469768,62.868016272498096,722 days 11:00:00,152,1,17.952762932270616,22.090837561254016,-7.172505688054696,4.238797603564575,-1.947249457153876,6 days 16:49:24.705882352,1 days 11:26:26.440677966,-4.03576539655393,-0.7631614211847222,-0.5814580988447918,0.9684258245624102,0.09879538934995151,23.107334735324624,0.986169783074343,0.39255174618396876,-0.0074899414316318335,None,None,-0.00003994187949201702,-0.24156848716771892,-0.5954835773439272,-0.269580352635335,0.3809518029070279,-2.7054895326771313,2 days 15:29:12.631578946,false
XMR-USD,false,74,89,77,22.36842105263158,0.591910216729872,0.1046831955922865,0.0001,0.00003441295546558704,3.181818181818182,6.322314049586777,0.0003181818181818182,-0.8863745902041018,0,0,17424,726 days 01:00:00,1000.0,444.20276046156243,-55.579723953843754,34.915698157888286,100.0,123.99701399351441,59.890674447580224,630 days 14:00:00,76,1,18.531541112439527,34.61126953247021,-10.766294701902174,6.280583458331932,-3.0445811181266405,12 days 22:52:56.470588235,2 days 22:26:26.440677966,-7.556957640143127,-0.6461628963723994,-0.5593313075520947,0.9725941413628586,-0.4198311308963079,30.171354225510548,0.9647229706815681,0.38227828018403937,-0.0074601899883998376,None,None,-0.00003424467510895963,-0.20711179505898783,-0.555797239538437,-0.24546419728619784,0.3857527031291854,-2.591826223909745,5 days 04:13:25.263157893,false
XMR-USD,false,75,88,77,22.36842105263158,0.5906694678870439,0.1046831955922865,0.0001,0.00003441295546558704,3.181818181818182,6.322314049586777,0.0003181818181818182,-0.8914614830279793,0,0,17424,726 days 01:00:00,1000.0,442.6866214223588,-55.73133785776412,34.915698157888286,100.0,123.68966862896696,60.02757434942452,630 days 14:00:00,76,1,18.468289832983317,34.61126953247021,-10.76629470190215,6.280583458331934,-3.0503038676541467,12 days 22:52:56.470588235,2 days 22:24:24.406779661,-7.576074584350309,-0.6498789100727456,-0.559958242362753,0.9724362354219165,-0.41974111516662344,30.17292510897591,0.964564709232326,0.3821686364718014,-0.007460189988399704,None,None,-0.0000344411855896925,-0.20830029044646023,-0.5573133785776425,-0.24635906982193267,0.3857479208390043,-2.596168508667586,5 days 04:11:50.526315788,false
XMR-USD,false,76,87,77,22.36842105263158,0.5891099854759201,0.1046831955922865,0.0001,0.00003441295546558704,3.181818181818182,6.322314049586777,0.0003181818181818182,-0.8982619654755452,0,0,17424,726 days 01:00:00,1000.0,440.67437937538375,-55.93256206246162,34.915698157888286,100.0,123.60861326512149,60.20926991400981,630 days 14:00:00,76,1,18.384341803972916,34.6112695324702,-10.766294701902146,6.258685929005938,-3.052081748987769,12 days 22:49:24.705882352,2 days 22:26:26.440677966,-7.601446874060388,-0.6548402372944857,-0.5607909125928893,0.972227845567855,-0.4196008998568207,30.176101437640384,0.9649618703881908,0.3820590101522842,-0.007460189988399801,None,None,-0.00003470324941036227,-0.20988525243387102,-0.5593256206246193,-0.2475498535449434,0.38573827022055096,-2.601931652906821,5 days 04:12:37.894736841,false
XMR-USD,false,19,37,238,22.362869198312236,0.4751549379624037,0.32644628099173556,0.0001,0.000034404414151249595,9.834710743801653,19.62809917355372,0.0009834710743801653,-2.0039148893147574,0,0,17424,726 days 01:00:00,1000.0,222.8575988638844,-77.71424011361157,34.915698157888286,100.0,227.94605945459696,79.38212453342226,722 days 11:00:00,237,1,10.58285859325747,24.879197779776188,-6.928026011026196,3.3619865770470443,-1.7402616659094434,4 days 02:03:23.773584905,1 days 00:20:52.173913043,-3.3237352731197163,-1.4368312686602105,-0.667467612492303,0.9417219158323387,0.2956511058771988,22.290899664643263,0.9975851314368105,0.38623707239459026,-0.007633162839139242,None,None,-0.00007441028180536005,-0.4500333843588176,-0.7771424011361125,-0.4061066466727872,0.37695119373338276,-3.2257678985019544,1 days 16:49:52.405063290,false
XMR-USD,false,19,38,238,22.362869198312236,0.4715608505894105,0.32644628099173556,0.0001,0.000034404414151249595,9.834710743801653,19.62809917355372,0.0009834710743801653,-2.0584622457031494,0,0,17424,726 days 01:00:00,1000.0,212.20491521619385,-78.7795084783806,34.915698157888286,100.0,225.79281962193008,80.36766734619889,722 days 11:00:00,237,1,10.076993658622314,25.97721423628423,-6.928026011026218,3.400209349944025,-1.7749775393578866,4 days 05:29:26.037735849,0 days 23:22:49.565217391,-3.3665488541874615,-1.4815793479037036,-0.6735115124786272,0.9398227430817241,0.1939881688817654,23.021792667310816,0.9951519535636861,0.3865679955438848,-0.007633162839139242,None,None,-0.0000771020890941105,-0.4663134348411803,-0.7877950847838071,-0.41611782600273506,0.3787905835062932,-3.2562776239541535,1 days 16:50:53.164556961,false
XMR-USD,false,16,23,323,22.36024844720497,0.46627851427118594,0.44352617079889806,0.0001,0.00003440038222646919,13.347107438016529,26.65289256198347,0.0013347107438016529,-2.6003799579817244,0,0,17424,726 days 01:00:00,1000.0,153.1346929893557,-84.68653070106443,34.915698157888286,100.0,283.40249906096085,85.70910247213234,722 days 11:00:00,322,1,6.388573218059975,21.3429740344763,-7.9032748881212225,2.8499138010180096,-1.5365753264186106,2 days 22:44:10,0 days 17:33:50.400000,-2.6498567708965957,-1.8718853691096613,-0.7124940724127365,0.9243552313424898,0.3033251988138835,22.363984506384742,1.0145553599843071,0.3708598851388561,-0.0076331628391392075,None,None,-0.00009613554528145167,-0.5814277778622197,-0.8468653070106447,-0.47862618495360365,0.3738201337121476,-3.425457177402358,1 days 05:27:12.298136645,false
XMR-USD,false,3,10,1137,22.359154929577464,0.33439885851116646,1.5647382920110193,0.0001,0.000034398699891657635,46.98347107438017,93.92561983471074,0.004698347107438017,-7.636948836321345,0,0,17424,726 days 01:00:00,1000.0,3.7881887863539987,-99.6211811213646,34.915698157888286,100.0,478.4647482536862,99.63104267521975,725 days 02:00:00,1136,1,0.01191266450685724,12.28625253875503,-11.192981014084523,1.3502601658331417,-1.0075723505726224,0 days 18:51:29.763779527,0 days 05:04:37.551020408,-0.8769575034138692,-5.788758928921999,-0.942858920682003,0.780418210848808,-0.5343503185715053,35.06782067422316,1.0332960187857503,0.3458716304935506,-0.008120232359832622,None,None,-0.000307547204980841,-1.8600454957241261,-0.9962118112136462,-0.8556210631708189,0.38670898686717126,-3.853191726852462,0 days 08:09:30.422535210,false
XMR-USD,false,7,30,426,22.35294117647059,0.41207445241131724,0.5853994490358126,0.0001,0.00003438914027149322,17.60330578512397,35.16528925619835,0.001760330578512397,-3.2653308132744288,0,0,17424,726 days 01:00:00,1000.0,91.75798112635732,-90.82420188736427,34.915698157888286,100.0,311.4910950956462,91.27344260728863,725 days 03:00:00,425,1,4.245805126555467,19.91205887306293,-11.520637103641043,2.252527169513471,-1.3497923623619716,2 days 09:04:25.263157894,0 days 12:08:43.636363636,-2.147030174118112,-2.3948327250869235,-0.7658856010651386,0.9030232624756895,-0.4254165626714274,36.78683550514211,1.008017023402374,0.36892136067248016,-0.007624566622412732,None,None,-0.0001250953652751942,-0.7565767691843744,-0.9082420188736426,-0.5635378089126961,0.38021038927759737,-3.6012426123246493,0 days 22:11:17.647058822,false
XMR-USD,false,15,83,171,22.35294117647059,0.5158228515880684,0.23415977961432508,0.0001,0.00003438914027149322,7.066115702479339,14.090909090909092,0.0007066115702479339,-1.2991505803014183,0,0,17424,726 days 01:00:00,1000.0,346.12297954174346,-65.38770204582566,34.915698157888286,100.0,192.4276674941372,67.67789631725904,722 days 11:00:00,170,1,16.43637267493159,23.09062389634423,-7.125563139087595,3.7836955439758624,-1.8581877959719777,6 days 03:11:03.157894736,1 days 07:06:21.818181818,-3.94301995960699,-0.9333100690249098,-0.6108004312338677,0.9616387529843333,0.09942659654663026,23.016462666498967,0.9876872161507104,0.39232920495405516,-0.00753688608718687,None,None,-0.00004887457399010681,-0.295593423492166,-0.6538770204582572,-0.3080533120921415,0.38116672266498186,-2.8727307628260337,2 days 09:03:10.588235292,false
XMR-USD,false,16,77,171,22.35294117647059,0.516693751181713,0.23415977961432508,0.0001,0.00003438914027149322,7.066115702479339,14.090909090909092,0.0007066115702479339,-1.3263413447492696,0,0,17424,726 days 01:00:00,1000.0,340.54237740306655,-65.94576225969334,34.915698157888286,100.0,193.06573797354378,68.43086399099096,722 days 11:00:00,170,1,16.17136612545812,21.246964398202294,-7.125563139087597,3.818067708026783,-1.881624543486419,6 days 02:48:56.842105263,1 days 07:05:54.545454545,-3.9742881689552476,-0.9534716973130702,-0.6110561400385898,0.9607555782743104,0.09683673411842669,23.17424746289123,0.9850338932745168,0.39199552644192365,-0.0075234994890086716,None,None,-0.00004984720062082347,-0.30147586935474036,-0.6594576225969357,-0.31194611661204885,0.38053176193316696,-2.888713837583529,2 days 08:57:52.941176469,false
XMR-USD,false,18,67,171,22.35294117647059,0.5351463802050511,0.23415977961432508,0.0001,0.00003438914027149322,7.066115702479339,14.090909090909092,0.0007066115702479339,-1.229289195456957,0,0,17424,726 days 01:00:00,1000.0,363.4714001236475,-63.652859987635246,34.915698157888286,100.0,198.1604923693777,66.73619536418714,722 days 11:00:00,170,1,16.492818351486505,21.246964398202287,-7.125563139087594,3.8400237394980974,-1.8360275509792765,6 days 02:33:09.473684210,1 days 06:50:54.545454545,-3.841302460163761,-0.8804186572202775,-0.5975394186259871,0.9636270555971663,0.14741592152175567,23.30988119166572,0.9936048109084159,0.38966424754765133,-0.007520747578736189,None,None,-0.000046081878640673736,-0.2787032020187947,-0.6365285998763501,-0.2962073809510901,0.3809771099237036,-2.8230441705561184,2 days 08:42:42.352941175,false
XMR-USD,false,13,40,265,22.348484848484848,0.4611265809795574,0.36363636363636365,0.0001,0.00003438228438228438,10.950413223140496,21.859504132231404,0.0010950413223140495,-2.1702814612633463,0,0,17424,726 days 01:00:00,1000.0,202.84448771560596,-79.71555122843941,34.915698157888286,100.0,245.01841745528114,81.28259488204932,722 days 11:00:00,264,1,9.385975533293959,23.46552052400139,-6.399618215274409,3.0827973646521163,-1.6292316269641032,3 days 17:47:47.796610169,0 days 20:59:42.439024390,-3.0550813932488223,-1.5548314617844698,-0.6785853251976953,0.9369500096444754,0.3514748148766021,22.372129255397944,1.0046695791813671,0.38030735107731306,-0.007610016453929135,None,None,-0.00007997144951321763,-0.48366732665594026,-0.7971555122843942,-0.425189095551479,0.3743773727522061,-3.2830862744879634,1 days 12:22:16.363636362,false
XMR-USD,false,21,53,180,22.3463687150838,0.4832226003649622,0.2465564738292011,0.0001,0.00003437902879243661,7.43801652892562,14.834710743801653,0.000743801652892562,-1.5477388949516977,0,0,17424,726 days 01:00:00,1000.0,294.43227116176104,-70.5567728838239,34.915698157888286,100.0,192.6389295330169,73.27304112686022,722 days 11:00:00,179,1,13.360110213443534,21.32200827661489,-7.125563139087597,3.727012591870863,-1.9104692124827956,5 days 11:15:00,1 days 07:34:57.841726618,-4.016356642746833,-1.1133634872355092,-0.6266826346917915,0.9542209621155319,0.12057563079426756,23.392367974414586,0.9862627798442276,0.389442628179571,-0.007564556714894908,None,None,-0.000058199692611669416,-0.3519917409153766,-0.7055677288382393,-0.3458287347777772,0.3804886100745948,-3.0207750841689367,2 days 05:51:17.094972065,false
XMR-USD,false,23,45,180,22.3463687150838,0.4944739179859556,0.2465564738292011,0.0001,0.00003437902879243661,7.43801652892562,14.834710743801653,0.000743801652892562,-1.5508889670241708,0,0,17424,726 days 01:00:00,1000.0,292.72508482180785,-70.72749151781922,34.915698157888286,100.0,190.35326517521833,73.74136215651684,722 days 11:00:00,179,1,14.584917477862632,20.680218971042216,-7.12556313908759,3.899877600745896,-1.965882282376799,5 days 10:46:30,1 days 07:45:45.323741007,-4.032736495285219,-1.1158130273422568,-0.6248435216157457,0.9541336228976826,0.11691550327198057,23.30274173914747,0.9891315570162651,0.38899960143483453,-0.007608808267455739,None,None,-0.000058473401486908,-0.35364713219281957,-0.7072749151781943,-0.3471477502630116,0.38143880654501916,-3.0256645362779375,2 days 05:53:17.765363128,false
XMR-USD,false,55,74,95,22.340425531914892,0.5671886956773655,0.12947658402203857,0.0001,0.00003436988543371522,3.925619834710744,7.809917355371901,0.0003925619834710744,-0.984406726929529,0,0,17424,726 days 01:00:00,1000.0,420.1742741078848,-57.98257258921152,34.915698157888286,100.0,135.2727283931326,64.48253634168096,635 days 19:00:00,94,1,21.441285880790076,20.00982698129877,-8.735543285074755,5.491931106961136,-2.703856161769934,10 days 10:25:42.857142857,2 days 09:27:07.397260273,-6.396457572052183,-0.7130984056282333,-0.547934117368193,0.9699325121314274,-0.18911437173092208,26.927616232628193,0.9727526689683615,0.3818398096748612,-0.0074601899883997265,None,None,-0.000037582290233968295,-0.22729769133504024,-0.5798257258921127,-0.2598886482746533,0.38361159092088826,-2.66064480014162,4 days 04:33:49.787234040,false
XMR-USD,false,56,73,95,22.340425531914892,0.5669708366748033,0.12947658402203857,0.0001,0.00003436988543371522,3.925619834710744,7.809917355371901,0.0003925619834710744,-0.9824057901672734,0,0,17424,726 days 01:00:00,1000.0,420.73900500966795,-57.9260994990332,34.915698157888286,100.0,135.0811313868846,64.43479946077979,635 days 19:00:00,94,1,21.47010382005243,20.00982698129877,-8.73554328507476,5.491931106961134,-2.7021112253731587,10 days 10:25:42.857142857,2 days 09:27:07.397260273,-6.390756370323231,-0.7116225453095499,-0.5476621567159348,0.9699944019380015,-0.1888645587971472,26.925858142781113,0.9728147387245301,0.3818398096748612,-0.007461921798605178,None,None,-0.00003750494221259274,-0.22682989050176092,-0.5792609949903313,-0.2595435381510862,0.3836160296993564,-2.6590273875404757,4 days 04:33:49.787234040,false
XMR-USD,false,57,72,95,22.340425531914892,0.5604731964478374,0.12947658402203857,0.0001,0.00003436988543371522,3.925619834710744,7.809917355371901,0.0003925619834710744,-1.0354913467387816,0,0,17424,726 days 01:00:00,1000.0,405.89327616400965,-59.41067238359904,34.915698157888286,100.0,134.4550983055161,65.66457415394068,635 days 19:00:00,94,1,20.71253360239865,20.009826981298744,-8.735543285074744,5.4919311069611325,-2.7495739885969,10 days 10:25:42.857142857,2 days 09:24:39.452054794,-6.54063039828074,-0.7505087675768118,-0.5550427607821209,0.9683728770512952,-0.1915095151850506,26.912640368976042,0.9717939782378839,0.3815111393007215,-0.007466933014796046,None,None,-0.00003956172698837016,-0.23926932482566274,-0.5941067238359936,-0.2687184045983624,0.38368729246450234,-2.7015461674271797,4 days 04:31:54.893617020,false
XMR-USD,false,58,69,95,22.340425531914892,0.55232307846397,0.12947658402203857,0.0001,0.00003436988543371522,3.925619834710744,7.809917355371901,0.0003925619834710744,-1.0399274140707229,0,0,17424,726 days 01:00:00,1000.0,405.617363849467,-59.4382636150533,34.915698157888286,100.0,132.48503419571418,65.2998156713557,635 days 19:00:00,94,1,21.186306694825532,20.045004343922553,-8.735543285074744,5.402393309878827,-2.729261684445175,10 days 03:45:42.857142857,2 days 11:20:32.876712328,-6.548605774950628,-0.7534372563927096,-0.5584758284627588,0.9682492368593368,-0.18795943110830018,27.067910049495755,0.972475641759368,0.3814016172506739,-0.007460189988399751,None,None,-0.00003964467335222634,-0.23977098443426492,-0.5943826361505307,-0.2688909801490036,0.38299728608646194,-2.7023363916790184,4 days 04:32:33.191489360,false
XMR-USD,false,58,71,95,22.340425531914892,0.5633641103806271,0.12947658402203857,0.0001,0.00003436988543371522,3.925619834710744,7.809917355371901,0.0003925619834710744,-1.0220797971558184,0,0,17424,726 days 01:00:00,1000.0,409.60070077567184,-59.03992992243282,34.915698157888286,100.0,134.66648855571367,65.35095476108785,635 days 19:00:00,94,1,20.901721650974196,20.009826981298744,-8.73554328507474,5.529940157108256,-2.747649922247723,10 days 10:22:51.428571428,2 days 09:23:00.821917808,-6.5032023497372595,-0.7407478821414784,-0.5532509232996237,0.9687709647400718,-0.1917540279745691,26.925878432286982,0.9719928178757671,0.3814016172506739,-0.007461921798605292,None,None,-0.00003904272982777102,-0.23613042999835915,-0.5903992992243305,-0.26640690579230863,0.3836433736016065,-2.690927950386531,4 days 04:29:59.999999999,false
XMR-USD,false,58,84,95,22.340425531914892,0.549246367700573,0.12947658402203857,0.0001,0.00003436988543371522,3.925619834710744,7.809917355371901,0.0003925619834710744,-1.1124836016809785,0,0,17424,726 days 01:00:00,1000.0,389.78253921596513,-61.02174607840348,34.915698157888286,100.0,140.44243316383447,66.82892157806673,630 days 14:00:00,94,1,18.509638063375405,18.467351974700502,-7.193138527540464,5.065898686860548,-2.690923464886127,10 days 19:54:17.142857142,2 days 06:36:09.863013698,-6.688586157951175,-0.8047513631865152,-0.5645396206967812,0.9662141382900451,-0.12469595117355317,27.0013052971009,0.9730667208311081,0.37954239569313597,-0.007446826610916444,None,None,-0.00004208236275149125,-0.25451412992101907,-0.6102174607840347,-0.27892646606181426,0.38062414900653535,-2.747687982708065,4 days 04:28:05.106382977,false
XMR-USD,false,59,68,95,22.340425531914892,0.5616035142658361,0.12947658402203857,0.0001,0.00003436988543371522,3.925619834710744,7.809917355371901,0.0003925619834710744,-1.000215676130372,0,0,17424,726 days 01:00:00,1000.0,416.4654705282833,-58.35345294717167,34.915698157888286,100.0,133.63347179721538,64.3717703386825,635 days 19:00:00,94,1,21.25202746416096,20.045004343922553,-8.735543285074735,5.466848375136555,-2.7084427265369464,10 days 03:51:25.714285714,2 days 11:23:50.136986301,-6.433899541871046,-0.7244839820101138,-0.5533446680848347,0.9694649415597738,-0.18779734347352747,27.050701362999458,0.9730891095656049,0.3818398096748612,-0.007460189988399792,None,None,-0.00003812663400493463,-0.23058988246184467,-0.5835345294717129,-0.2621626782830718,0.38305190092769825,-2.671266966603337,4 days 04:36:22.978723403,false
XMR-USD,false,59,69,95,22.340425531914892,0.5627727823083617,0.12947658402203857,0.0001,0.00003436988543371522,3.925619834710744,7.809917355371901,0.0003925619834710744,-1.0143260673139018,0,0,17424,726 days 01:00:00,1000.0,412.0168031215692,-58.79831968784308,34.915698157888286,100.0,134.5347192722809,65.22499352085038,635 days 19:00:00,94,1,21.02501416150602,20.045004343922525,-8.735543285074735,5.46937903105636,-2.7235947068163187,10 days 06:14:17.142857142,2 days 10:39:27.123287671,-6.478810755744009,-0.7348333444712172,-0.5514209394073518,0.9690265361061133,-0.18855978434216075,26.961650481458214,0.9730540778189387,0.3815111393007215,-0.0074601899883998575,None,None,-0.00003871525290984807,-0.23414984959876115,-0.5879831968784366,-0.264907861486803,0.38348748016585865,-2.6840081335895944,4 days 04:33:49.787234041,false
XMR-USD,false,59,83,95,22.340425531914892,0.5519596312323533,0.12947658402203857,0.0001,0.00003436988543371522,3.925619834710744,7.809917355371901,0.0003925619834710744,-1.089777444157281,0,0,17424,726 days 01:00:00,1000.0,395.8051728479413,-60.419482715205866,34.915698157888286,100.0,140.96504818125985,66.31638642727546,630 days 14:00:00,94,1,18.795635401635877,18.467351974700502,-7.19313852754047,5.073207331397005,-2.6727036199830834,10 days 19:51:25.714285714,2 days 06:32:52.602739726,-6.6275581122733485,-0.7882082960031338,-0.561636472924348,0.9668867740733756,-0.1244549912796558,27.026367222212514,0.9727356928151651,0.37954239569313597,-0.007445281664846064,None,None,-0.000041207924555995044,-0.24922552771465803,-0.604194827152057,-0.2750787326535218,0.38053769613320676,-2.7304389115173877,4 days 04:24:53.617021276,false
XMR-USD,false,60,67,95,22.340425531914892,0.5605470312318869,0.12947658402203857,0.0001,0.00003436988543371522,3.925619834710744,7.809917355371901,0.0003925619834710744,-1.0109272321747507,0,0,17424,726 days 01:00:00,1000.0,413.5387347282865,-58.64612652717135,34.915698157888286,100.0,133.55763379931454,64.62214983619039,635 days 19:00:00,94,1,21.102677580428804,20.045004343922553,-8.735543285074735,5.466848375136553,-2.7178367203936937,10 days 03:51:25.714285714,2 days 11:23:50.136986301,-6.463446200554701,-0.7323522091721298,-0.5547266078131398,0.9691379340976756,-0.18846334723146885,27.066488868538226,0.9727608796457059,0.3818398096748612,-0.007460189988399725,None,None,-0.000038534941519677246,-0.23305932631100798,-0.5864612652717107,-0.2639665398910517,0.3829946016687862,-2.679649258679417,4 days 04:36:22.978723403,false
XMR-USD,false,60,68,95,22.340425531914892,0.5645491415800515,0.12947658402203857,0.0001,0.00003436988543371522,3.925619834710744,7.809917355371901,0.0003925619834710744,-1.0160934212152837,0,0,17424,726 days 01:00:00,1000.0,411.5573005864876,-58.844269941351236,34.915698157888286,100.0,134.6264811582628,65.2637764139595,635 days 19:00:00,94,1,21.001565973873483,20.378873003359,-8.735543285074742,5.501669344814456,-2.7332928574064064,10 days 06:14:17.142857142,2 days 10:38:37.808219178,-6.483449631780708,-0.7361424055633764,-0.5516435087433222,0.9689676894886458,-0.18871080603645915,26.97073071213087,0.972793621762188,0.3815111393007215,-0.0074601899883999,None,None,-0.000038781186300252284,-0.23454861474392583,-0.5884426994135095,-0.26519251198244054,0.38345746611837234,-2.6853241678072224,4 days 04:33:11.489361701,false
XMR-USD,false,61,66,95,22.340425531914892,0.5605470312318869,0.12947658402203857,0.0001,0.00003436988543371522,3.925619834710744,7.809917355371901,0.0003925619834710744,-1.0109272321747507,0,0,17424,726 days 01:00:00,1000.0,413.5387347282865,-58.64612652717135,34.915698157888286,100.0,133.55763379931454,64.62214983619039,635 days 19:00:00,94,1,21.102677580428804,20.045004343922553,-8.735543285074735,5.466848375136553,-2.7178367203936937,10 days 03:51:25.714285714,2 days 11:23:50.136986301,-6.463446200554701,-0.7323522091721298,-0.5547266078131398,0.9691379340976756,-0.18846334723146885,27.066488868538226,0.9727608796457059,0.3818398096748612,-0.007460189988399725,None,None,-0.000038534941519677246,-0.23305932631100798,-0.5864612652717107,-0.2639665398910517,0.3829946016687862,-2.679649258679417,4 days 04:36:22.978723403,false
XMR-USD,false,61,76,95,22.340425531914892,0.5452840062404877,0.12947658402203857,0.0001,0.00003436988543371522,3.925619834710744,7.809917355371901,0.0003925619834710744,-1.1122887978802523,0,0,17424,726 days 01:00:00,1000.0,386.317423518527,-61.36825764814729,34.915698157888286,100.0,137.28542101768335,67.4512774709201,630 days 14:00:00,94,1,18.345089806451597,18.361512054478208,-7.1931385275404685,5.129608796777277,-2.7196165724587793,10 days 14:20:00,2 days 08:15:36.986301369,-6.72369857753111,-0.8067991257555364,-0.5634659460117369,0.9660454113134371,-0.1915246497955738,27.067658517981815,0.9724897417620565,0.3798701298701298,-0.007461921798605214,None,None,-0.00004244588426688277,-0.256712708046107,-0.6136825764814711,-0.28115787242216217,0.3829376880750932,-2.7576122170217223,4 days 04:30:38.297872339,false
XMR-USD,false,61,77,95,22.340425531914892,0.5607881674777052,0.12947658402203857,0.0001,0.00003436988543371522,3.925619834710744,7.809917355371901,0.0003925619834710744,-1.0385351821682751,0,0,17424,726 days 01:00:00,1000.0,408.85659338495293,-59.114340661504706,34.915698157888286,100.0,142.33196228858762,65.62657953145651,630 days 14:00:00,94,1,19.415409368009307,18.623204355218682,-7.19313852754047,5.081758095138527,-2.6319077722690194,10 days 14:17:08.571428571,2 days 08:09:02.465753424,-6.495306553011234,-0.7511317727608717,-0.5518162140301096,0.9684058032845018,-0.1307589697746513,26.96091837230544,0.9738587660975746,0.37965162311955664,-0.007451445542635776,None,None,-0.000039316993207038106,-0.23778917491616647,-0.5911434066150444,-0.266869741547921,0.3809974849801678,-2.693059104652311,4 days 04:24:53.617021275,false
XMR-USD,false,62,65,95,22.340425531914892,0.5553590121399792,0.12947658402203857,0.0001,0.00003436988543371522,3.925619834710744,7.809917355371901,0.0003925619834710744,-1.0508169757646508,0,0,17424,726 days 01:00:00,1000.0,402.3973569615048,-59.76026430384952,34.915698157888286,100.0,133.34977329242867,65.62121411919381,635 days 19:00:00,94,1,20.534138570489063,20.04500434392255,-8.735543285074748,5.444462290171618,-2.7481883595510856,10 days 03:54:17.142857142,2 days 11:22:11.506849315,-6.57592320860622,-0.7616002734140058,-0.5596120159683363,0.9679232156866577,-0.1908573786350282,27.027157878865168,0.972146441851092,0.38162067871868055,-0.007461921798605268,None,None,-0.000040091465694951866,-0.24247318452306887,-0.5976026430384949,-0.2709106965439647,0.38316231352832153,-2.7115586242501717,4 days 04:35:44.680851063,false
XMR-USD,false,62,75,95,22.340425531914892,0.5472413900579254,0.12947658402203857,0.0001,0.00003436988543371522,3.925619834710744,7.809917355371901,0.0003925619834710744,-1.0951609822568122,0,0,17424,726 days 01:00:00,1000.0,390.75450829531087,-60.924549170468914,34.915698157888286,100.0,137.8117602349796,67.17024716769133,630 days 14:00:00,94,1,18.555794045384346,18.361512054478183,-7.193138527540464,5.126591373446328,-2.7034374309093474,10 days 14:14:17.142857142,2 days 08:16:26.301369863,-6.678737082447592,-0.7943301646019387,-0.5605094341926081,0.9665602600258316,-0.19179308778734014,27.066704899540053,0.9724023291256139,0.37997940920250256,-0.0074619217986053085,None,None,-0.00004179029411640501,-0.2527476988160175,-0.6092454917046877,-0.27830288140516235,0.38294139662088994,-2.7449042231654364,4 days 04:29:59.999999999,false
XMR-USD,false,63,64,95,22.340425531914892,0.5553590121399792,0.12947658402203857,0.0001,0.00003436988543371522,3.925619834710744,7.809917355371901,0.0003925619834710744,-1.0508169757646508,0,0,17424,726 days 01:00:00,1000.0,402.3973569615048,-59.76026430384952,34.915698157888286,100.0,133.34977329242867,65.62121411919381,635 days 19:00:00,94,1,20.534138570489063,20.04500434392255,-8.735543285074748,5.444462290171618,-2.7481883595510856,10 days 03:54:17.142857142,2 days 11:22:11.506849315,-6.57592320860622,-0.7616002734140058,-0.5596120159683363,0.9679232156866577,-0.1908573786350282,27.027157878865168,0.972146441851092,0.38162067871868055,-0.007461921798605268,None,None,-0.000040091465694951866,-0.24247318452306887,-0.5976026430384949,-0.2709106965439647,0.38316231352832153,-2.7115586242501717,4 days 04:35:44.680851063,false
XMR-USD,false,63,77,95,22.340425531914892,0.5526922887191225,0.12947658402203857,0.0001,0.00003436988543371522,3.925619834710744,7.809917355371901,0.0003925619834710744,-1.119841710845254,0,0,17424,726 days 01:00:00,1000.0,387.38764776918777,-61.26123522308122,34.915698157888286,100.0,140.74702529892863,67.08078390614304,630 days 14:00:00,94,1,18.395911640508643,18.4673519747005,-7.193138527540471,5.1458495892127925,-2.7198642583787294,10 days 19:51:25.714285714,2 days 06:27:07.397260273,-6.712853870971502,-0.8106792171145528,-0.5652918147058479,0.9659350180990397,-0.1354647744601415,26.984889132897415,0.9727942057797784,0.37888739416000633,-0.007451445542635778,None,None,-0.000042419975729638486,-0.25655601321285354,-0.6126123522308116,-0.28046729773045787,0.3808722404353942,-2.7545470506148493,4 days 04:20:25.531914892,false
XMR-USD,false,64,76,95,22.340425531914892,0.551881615096903,0.12947658402203857,0.0001,0.00003436988543371522,3.925619834710744,7.809917355371901,0.0003925619834710744,-1.132938800348103,0,0,17424,726 days 01:00:00,1000.0,383.96925672683506,-61.6030743273165,34.915698157888286,100.0,140.97367387929015,67.37127007436375,630 days 14:00:00,94,1,18.23358220143143,18.4673519747005,-7.193138527540466,5.145849589212795,-2.7314568651461437,10 days 19:51:25.714285714,2 days 06:27:56.712328767,-6.747492824197826,-0.8202492612339611,-0.5669511770918784,0.9655428342297662,-0.1356401627443232,26.971969136678474,0.9726008958834937,0.37888739416000633,-0.007451445542635785,None,None,-0.00004292577760474971,-0.25961510295352624,-0.6160307432731653,-0.28267744334877054,0.38091692310650116,-2.764337463588678,4 days 04:21:03.829787233,false
XMR-USD,false,65,75,95,22.340425531914892,0.5565724877196366,0.12947658402203857,0.0001,0.00003436988543371522,3.925619834710744,7.809917355371901,0.0003925619834710744,-1.1023869990713746,0,0,17424,726 days 01:00:00,1000.0,391.81266733727693,-60.818733266272304,34.915698157888286,100.0,141.38980732701378,66.50889609301477,630 days 14:00:00,94,1,18.606042937804432,18.467351974700513,-7.193138527540474,5.168306878952176,-2.7108227932114377,10 days 19:51:25.714285714,2 days 06:28:46.027397260,-6.668014634048166,-0.7979400527114412,-0.56480762852172,0.966473724425322,-0.1342692212504223,26.949676715417358,0.9725255323428266,0.3792148171600443,-0.007446826610916462,None,None,-0.000041762819873691505,-0.25258153459608623,-0.6081873326627225,-0.2776251503508891,0.38095834757033764,-2.741873612014025,4 days 04:21:42.127659574,false
XMR-USD,false,66,74,95,22.340425531914892,0.557094479331581,0.12947658402203857,0.0001,0.00003436988543371522,3.925619834710744,7.809917355371901,0.0003925619834710744,-1.0818763961633555,0,0,17424,726 days 01:00:00,1000.0,397.24905742438034,-60.27509425756197,34.915698157888286,100.0,141.3180023387343,66.04420793853667,630 days 14:00:00,94,1,18.864201276774622,18.467351974700513,-7.193138527540468,5.145680743798888,-2.6864642861909713,10 days 19:48:34.285714285,2 days 06:28:46.027397260,-6.6129270622595175,-0.782991618456523,-0.5622100687858895,0.9670866821294635,-0.13426234034157603,26.964105130751715,0.9729404733592188,0.3792148171600443,-0.007445281664846278,None,None,-0.000040975168406736927,-0.24781781852394494,-0.6027509425756206,-0.27416195424557466,0.38090930187575806,-2.7263035665218225,4 days 04:21:03.829787233,false
XMR-USD,false,67,73,95,22.340425531914892,0.5556431934342232,0.12947658402203857,0.0001,0.00003436988543371522,3.925619834710744,7.809917355371901,0.0003925619834710744,-1.0899294305195821,0,0,17424,726 days 01:00:00,1000.0,395.13927190392803,-60.486072809607194,34.915698157888286,100.0,140.89000762714392,66.3148028094694,630 days 14:00:00,94,1,18.76401370435684,18.46735197470051,-7.193138527540456,5.145680743798888,-2.693626345762747,10 days 19:48:34.285714285,2 days 06:30:24.657534246,-6.634305763834352,-0.7888225515002174,-0.5624505931535458,0.9668509191420785,-0.1337116975996881,26.96103282814138,0.9731068946155523,0.3792148171600443,-0.0074452816648461,None,None,-0.00004128060346054522,-0.24966508972937748,-0.6048607280960708,-0.275502274849729,0.38091200794053853,-2.732346079293332,4 days 04:22:20.425531913,false
XMR-USD,false,68,69,95,22.340425531914892,0.5663096900150769,0.12947658402203857,0.0001,0.00003436988543371522,3.925619834710744,7.809917355371901,0.0003925619834710744,-0.9982742664416913,0,0,17424,726 days 01:00:00,1000.0,419.2310053394715,-58.07689946605286,34.915698157888286,100.0,142.68950899368204,64.67652044375895,630 days 14:00:00,94,1,19.908059990032427,18.3615120544782,-7.1931385275404685,5.1389231397130555,-2.612752927715765,10 days 14:14:17.142857142,2 days 08:09:51.780821917,-6.390181432452776,-0.7218476149588684,-0.5474197717759511,0.9696045516644116,-0.13309089989719097,26.87437877060107,0.975875726523916,0.3794331855604814,-0.007446826610916402,None,None,-0.00003784209435773054,-0.2288689866755543,-0.5807689946605276,-0.260465760958837,0.3815817388506888,-2.6633463608096837,4 days 04:24:53.617021275,false
XMR-USD,false,68,72,95,22.340425531914892,0.5551524675536406,0.12947658402203857,0.0001,0.00003436988543371522,3.925619834710744,7.809917355371901,0.0003925619834710744,-1.0892808358898969,0,0,17424,726 days 01:00:00,1000.0,395.30899515134786,-60.469100484865216,34.915698157888286,100.0,140.6043365809091,66.22236787637962,630 days 14:00:00,94,1,18.772073367283213,18.467351974700495,-7.1931385275404685,5.145680743798888,-2.6929906004276116,10 days 19:48:34.285714285,2 days 06:31:13.972602739,-6.632585938467397,-0.7883345490013532,-0.563031245347803,0.9668722749516742,-0.1336202599153581,26.959529312376024,0.9733301987250955,0.3792148171600443,-0.007445281664846118,None,None,-0.00004125563334084716,-0.2495140704454436,-0.6046910048486565,-0.2753942791974425,0.38091725225639733,-2.73185998491065,4 days 04:22:58.723404254,false
XMR-USD,false,69,71,95,22.340425531914892,0.5540143798255343,0.12947658402203857,0.0001,0.00003436988543371522,3.925619834710744,7.809917355371901,0.0003925619834710744,-1.0943495839223987,0,0,17424,726 days 01:00:00,1000.0,393.99103213959256,-60.60089678604075,34.915698157888286,100.0,140.22960284088433,66.33498274300207,630 days 14:00:00,94,1,18.709487140671854,18.467351974700495,-7.193138527540473,5.145680743798884,-2.6974188900264755,10 days 19:48:34.285714285,2 days 06:30:24.657534246,-6.645941010649782,-0.7920137673358492,-0.563661339147111,0.9667181217841656,-0.133527131005212,26.961138986432623,0.9733781840010509,0.37910565888405223,-0.007445281664846208,None,None,-0.00004144760808550089,-0.2506751337011094,-0.6060089678604155,-0.2762337016495765,0.38091202773367044,-2.735634685349964,4 days 04:22:20.425531913,false
XMR-USD,false,6,11,789,22.33502538071066,0.33791742349351134,1.0853994490358128,0.0001,0.00003436157750878563,32.603305785123965,65.16528925619835,0.0032603305785123965,-6.297478024090596,0,0,17424,726 days 01:00:00,1000.0,10.904719566745484,-98.90952804332545,34.915698157888286,100.0,382.78954049114606,98.93825992500962,725 days 02:00:00,788,1,0.03354344897474881,15.064284734460061,-11.80539683729653,1.5471718962380367,-1.1648633304138378,1 days 02:23:31.363636363,0 days 07:35:05.882352941,-1.2552396242160293,-4.6940688399870805,-0.9064771344518928,0.8164122745975947,-0.3616117429413587,37.50400216539575,1.0277900323111613,0.34410675717371175,-0.007862830900282562,None,None,-0.00024711921753219177,-1.494577027634696,-0.9890952804332543,-0.7916082661471049,0.3831907440019349,-3.832809689099098,0 days 11:47:07.918781724,false
XMR-USD,false,18,53,198,22.33502538071066,0.4935819687814961,0.2713498622589532,0.0001,0.00003436157750878563,8.181818181818182,16.322314049586776,0.0008181818181818182,-1.670838274585192,0,0,17424,726 days 01:00:00,1000.0,271.34031364114435,-72.86596863588557,34.915698157888286,100.0,207.34550987920392,75.48458280191203,722 days 11:00:00,197,1,13.519429280488566,20.980269207092274,-7.125563139087602,3.6700877907886627,-1.8703788207244787,5 days 03:31:21.818181818,1 days 03:22:44.705882352,-3.7674066783723066,-1.2035234536829131,-0.6371440466489825,0.9505859353912587,0.10870894098016623,23.522785583713326,0.9914398240395765,0.38711988536857184,-0.007573869459241635,None,None,-0.00006289339722472238,-0.38037926641512093,-0.728659686358855,-0.3641130792125058,0.3803719126474504,-3.086911403185659,2 days 00:51:10.050761419,false
XMR-USD,false,19,49,198,22.33502538071066,0.49162382765526175,0.2713498622589532,0.0001,0.00003436157750878563,8.181818181818182,16.322314049586776,0.0008181818181818182,-1.6762741014946205,0,0,17424,726 days 01:00:00,1000.0,270.3543091700253,-72.96456908299747,34.915698157888286,100.0,202.56911848664797,75.40260436872457,722 days 11:00:00,197,1,13.470301977808617,20.68021897104223,-6.168481229071121,3.7411491438933893,-1.892363222871711,5 days 02:05:27.272727272,1 days 03:44:18.823529411,-3.772162400039505,-1.2080337234321026,-0.6390954359429593,0.9503884854959037,0.10250144908185661,23.52853703275387,0.9900694527019234,0.3870094722598106,-0.007586227038464324,None,None,-0.00006310948668617154,-0.38168617547796546,-0.7296456908299734,-0.3649160493140424,0.38025377469512245,-3.0897353606693683,2 days 00:48:43.857868018,false
XMR-USD,false,21,43,198,22.33502538071066,0.5167038725664256,0.2713498622589532,0.0001,0.00003436157750878563,8.181818181818182,16.322314049586776,0.0008181818181818182,-1.518990928610003,0,0,17424,726 days 01:00:00,1000.0,302.13604359991655,-69.78639564000835,34.915698157888286,100.0,203.2790239460823,72.75742978935942,722 days 11:00:00,197,1,15.304901011634627,20.680218971042216,-6.16848122907111,3.9621202030985647,-1.8772772137428209,5 days 00:06:49.090909090,1 days 04:22:44.705882352,-3.620146484323448,-1.088614187300359,-0.6214092860935602,0.9553139149079091,0.20535254802303893,22.785239389019633,0.9947507801567262,0.38778273335457153,-0.007592921762430871,None,None,-0.000056775671536775024,-0.34337926145441533,-0.6978639564000847,-0.3399379117352842,0.37961750815975703,-2.9987111620805997,2 days 00:52:04.873096445,false
XMR-USD,false,22,41,198,22.33502538071066,0.5265284048314626,0.2713498622589532,0.0001,0.00003436157750878563,8.181818181818182,16.322314049586776,0.0008181818181818182,-1.49168636223546,0,0,17424,726 days 01:00:00,1000.0,307.67918530888767,-69.23208146911122,34.915698157888286,100.0,205.07186727954172,72.12941810191408,722 days 11:00:00,197,1,15.585692519123938,20.680218971042237,-6.168481229071106,4.031338365382922,-1.884269619676865,5 days 00:36:49.090909090,1 days 04:13:20,-3.5934340467524746,-1.068941220277189,-0.6198456176022658,0.956093928720645,0.2050645434003482,22.804598157704522,0.9939687497885998,0.3881143949653469,-0.0075872153471233696,None,None,-0.000055737561131474767,-0.3371007697231594,-0.6923208146911131,-0.3357596618807456,0.37953521808888796,-2.9828353755392416,2 days 00:51:28.324873095,false
XMR-USD,false,24,38,198,22.33502538071066,0.526026420946777,0.2713498622589532,0.0001,0.00003436157750878563,8.181818181818182,16.322314049586776,0.0008181818181818182,-1.4689776419312757,0,0,17424,726 days 01:00:00,1000.0,312.136218320843,-68.7863781679157,34.915698157888286,100.0,203.72854496123142,72.50557430752409,722 days 11:00:00,197,1,15.81146647260789,20.680218971042223,-6.168481229071116,4.044486598880769,-1.878522704095684,5 days 00:49:05.454545454,1 days 04:13:20,-3.5719555743744444,-1.0523202750479033,-0.611096310685267,0.9567802130785479,0.20691779066047677,22.758683170252567,0.9952476842095,0.3884462151394423,-0.00761410657105972,None,None,-0.0000548997950465079,-0.3320339604412798,-0.6878637816791543,-0.3324355960020978,0.37973508894830404,-2.9700702491144435,2 days 00:54:12.791878171,false
XMR-USD,false,30,31,198,22.33502538071066,0.5331035591221082,0.2713498622589532,0.0001,0.00003436157750878563,8.181818181818182,16.322314049586776,0.0008181818181818182,-1.428510064587143,0,0,17424,726 days 01:00:00,1000.0,320.2910422736147,-67.97089577263853,34.915698157888286,100.0,205.05732941631044,71.59649925074297,722 days 11:00:00,197,1,16.224554470575242,20.680218971042237,-6.168481229071119,4.061153832169916,-1.8664077579266187,5 days 01:06:49.090909090,1 days 04:11:45.882352941,-3.532657422319595,-1.0225825184101296,-0.6087045010322598,0.9580208541758813,0.2118575231105946,22.67489122660417,0.9971037057505021,0.38877819399059543,-0.007617955658401868,None,None,-0.000053397898120164275,-0.32295048783075353,-0.6797089577263852,-0.32643305008184886,0.38008763622591923,-2.946714496879745,2 days 00:56:57.258883248,false
XMR-USD,false,16,25,310,22.330097087378643,0.45418407121051896,0.4256198347107438,0.0001,0.000034353995519044066,12.809917355371901,25.578512396694215,0.0012809917355371902,-2.5804325592799153,0,0,17424,726 days 01:00:00,1000.0,156.1169915072869,-84.38830084927132,34.915698157888286,100.0,269.0136878265997,85.35571025884079,722 days 11:00:00,309,1,7.223811103377159,23.389151865388307,-5.166804431970892,2.868732344719612,-1.5650717297911005,3 days 03:18:15.652173913,0 days 18:00:30,-2.7543910019290947,-1.851353524031623,-0.7109996564847207,0.9252780458832792,0.3559758063275769,22.383752868340462,1.0153580249533936,0.37204724409448825,-0.007631521799382713,None,None,-0.00009504055546122577,-0.5748052794294934,-0.8438830084927149,-0.47512411171752233,0.37366081188556555,-3.416915751409828,1 days 06:48:09.320388349,false
XMR-USD,false,39,87,104,22.330097087378643,0.5631057450984868,0.1418732782369146,0.0001,0.000034353995519044066,4.297520661157025,8.553719008264464,0.0004297520661157025,-0.9254577534258711,0,0,17424,726 days 01:00:00,1000.0,437.2800119223516,-56.271998807764845,34.915698157888286,100.0,146.98863643834545,62.31287898203366,635 days 19:00:00,103,1,21.23266237757582,20.42934808058189,-9.192802668893405,5.03386059798627,-2.4232080245627876,9 days 08:39:07.826086956,2 days 06:03:00,-5.669443208303142,-0.668085221527347,-0.5459832638205462,0.971878523081054,-0.14666208785827828,26.76839712241203,0.9775079394331964,0.38392502581208793,-0.007468294324475341,None,None,-0.00003525967610165547,-0.21325052106281228,-0.562719988077651,-0.24956660846660772,0.38415314926426736,-2.6116532613297228,3 days 20:08:44.271844659,false
XMR-USD,false,40,86,104,22.330097087378643,0.5583046696549488,0.1418732782369146,0.0001,0.000034353995519044066,4.297520661157025,8.553719008264464,0.0004297520661157025,-0.943622413676226,0,0,17424,726 days 01:00:00,1000.0,432.30205389275454,-56.769794610724546,34.915698157888286,100.0,145.7155538750594,62.134217722401615,635 days 19:00:00,103,1,20.990951576051827,20.429348080581885,-9.192802668893405,4.998817135574172,-2.4268087029645544,9 days 06:10:26.086956521,2 days 06:41:15,-5.71542619109997,-0.6813527163333309,-0.5536475354423117,0.9713186586888907,-0.14943018158954982,26.82609371365115,0.977351693836025,0.38348551012306464,-0.007466933014796078,None,None,-0.00003593409790080441,-0.21732942410406508,-0.5676979461072487,-0.25254282079597845,0.38387753673931224,-2.625910338496236,3 days 20:05:14.563106795,false
XMR-USD,false,40,87,104,22.330097087378643,0.5478723545432919,0.1418732782369146,0.0001,0.000034353995519044066,4.297520661157025,8.553719008264464,0.0004297520661157025,-0.9810246249158779,0,0,17424,726 days 01:00:00,1000.0,421.6678385415603,-57.83321614584397,34.915698157888286,100.0,143.96453337243437,62.89980720401637,635 days 19:00:00,103,1,18.806460750101735,20.42934808058189,-9.192802668893407,4.961114960507527,-2.4410053287935596,9 days 06:02:36.521739130,2 days 06:41:15,-5.797462351539234,-0.7084501294653475,-0.5598860064256513,0.9701899377853929,-0.14884856039760133,26.82582308360684,0.9778323958359378,0.3828267597809698,-0.007468294324475274,None,None,-0.00003736331834426423,-0.22597334934611005,-0.5783321614584389,-0.25897658012475167,0.38387877526543956,-2.6563671699853457,3 days 20:03:29.708737863,false
XMR-USD,false,41,85,104,22.330097087378643,0.5485205183423382,0.1418732782369146,0.0001,0.000034353995519044066,4.297520661157025,8.553719008264464,0.0004297520661157025,-0.9840852373631063,0,0,17424,726 days 01:00:00,1000.0,420.7482073688724,-57.92517926311276,34.915698157888286,100.0,143.74180953342153,62.95013112215637,635 days 19:00:00,103,1,18.76544503589986,20.429348080581892,-8.59329002817792,5.007377554384411,-2.457164329783727,9 days 05:57:23.478260869,2 days 06:39:45,-5.805992598709002,-0.7107185758845908,-0.5605673741308692,0.9700899699622255,-0.14945200334856504,26.81737336671806,0.9777348100407337,0.3826073157184797,-0.00746829432447533,None,None,-0.00003748636555892109,-0.22671753890035476,-0.5792517926311275,-0.2595379170443989,0.38391370306224565,-2.6590010316040633,3 days 20:01:09.902912620,false
XMR-USD,false,41,86,104,22.330097087378643,0.5497921249107212,0.1418732782369146,0.0001,0.000034353995519044066,4.297520661157025,8.553719008264464,0.0004297520661157025,-0.9688097854298645,0,0,17424,726 days 01:00:00,1000.0,425.2878378477342,-57.47121621522658,34.915698157888286,100.0,143.4950595799045,62.55038440654356,635 days 19:00:00,103,1,18.96791336432625,20.429348080581892,-8.593290028177925,4.99567849393289,-2.4407573906481415,9 days 06:02:36.521739130,2 days 06:39:00,-5.763884228316433,-0.6994451799483048,-0.5585532307185334,0.9705619613852818,-0.14699640883240422,26.847023944336446,0.9796251048304653,0.38227828018403937,-0.007466933014795981,None,None,-0.00003687903613635766,-0.22304441055269114,-0.5747121621522645,-0.25677468914575996,0.38378131317184944,-2.645999342626419,3 days 20:01:44.854368931,false
XMR-USD,false,42,84,104,22.330097087378643,0.543530893231895,0.1418732782369146,0.0001,0.000034353995519044066,4.297520661157025,8.553719008264464,0.0004297520661157025,-1.0217368367832296,0,0,17424,726 days 01:00:00,1000.0,410.1704684404617,-58.98295315595383,34.915698157888286,100.0,143.16884437898088,63.96086831919661,635 days 19:00:00,103,1,18.293675994490343,20.42934808058187,-8.593290028177911,5.000634159442181,-2.4860090829704053,9 days 06:00:00,2 days 06:42:00,-5.9041088112041615,-0.7381277354252129,-0.5645771463208871,0.9689593446117646,-0.15010676970759354,26.792637815651187,0.9782066744566057,0.38238794129313763,-0.007477354898302166,None,None,-0.00003894152490209734,-0.2355183426078847,-0.5898295315595388,-0.26605288055205656,0.3840072058005712,-2.68929611228834,3 days 20:03:29.708737863,false
XMR-USD,false,8,19,525,22.328244274809162,0.3784138323233825,0.721763085399449,0.0001,0.00003435114503816794,21.694214876033058,43.34710743801653,0.0021694214876033058,-4.377169851717098,0,0,17424,726 days 01:00:00,1000.0,42.95301546739074,-95.70469845326093,34.915698157888286,100.0,344.739254386984,95.83944516898707,725 days 02:00:00,524,1,0.8641017007712648,14.344903282656984,-11.805396837296524,1.8499886750013133,-1.2851065918800262,1 days 19:01:01.538461538,0 days 10:45:06.633906633,-1.8280745920484356,-3.23080916059491,-0.8290110544717576,0.8706798347905437,-0.4155987816062266,37.19660225858139,1.018416622266434,0.3577216767960106,-0.00770595531360737,None,None,-0.00016866325883986067,-1.0200753894634773,-0.9570469845326107,-0.664626176714249,0.3799855888202287,-3.741022047460877,0 days 17:57:21.984732822,false
XMR-USD,false,22,36,225,22.321428571428573,0.4692557626761013,0.3085399449035813,0.0001,0.00003434065934065934,9.297520661157025,18.553719008264462,0.0009297520661157025,-1.9314215467747253,0,0,17424,726 days 01:00:00,1000.0,230.09879821734262,-76.99012017826574,34.915698157888286,100.0,215.0820676999611,79.03410348512483,722 days 11:00:00,224,1,12.059459084799073,20.680218971042226,-6.928026011026199,3.4591499813628093,-1.8002878258153234,4 days 11:06:00,1 days 00:44:49.655172413,-3.4908958074440024,-1.3868862596178542,-0.6607669216601852,0.9435808568526695,0.21075553539029934,22.79436025208805,0.9969398401211189,0.38711988536857184,-0.007638826118962091,None,None,-0.00007238716385555686,-0.4377975669984079,-0.7699012017826579,-0.3994786729424775,0.37990819347173377,-3.2050288048120223,1 days 19:07:46.071428570,false
XMR-USD,false,22,37,225,22.321428571428573,0.46616212234967763,0.3085399449035813,0.0001,0.00003434065934065934,9.297520661157025,18.553719008264462,0.0009297520661157025,-1.986902189167046,0,0,17424,726 days 01:00:00,1000.0,221.05193315801853,-77.89480668419814,34.915698157888286,100.0,212.43136278392655,79.85842607214965,722 days 11:00:00,224,1,11.197531797609344,20.680218971042226,-6.928026011026213,3.4872682747677817,-1.8293693692457031,4 days 11:20:24,1 days 00:41:02.068965517,-3.527435708212456,-1.4274332748803695,-0.6658895127509159,0.9419607632108544,0.207935768119085,22.653885548042926,0.9960251641439578,0.386899076727157,-0.007657573012803543,None,None,-0.00007464380588938487,-0.4514457380189997,-0.7789480668419831,-0.4077812414108176,0.3806237667071143,-3.2309393995777755,1 days 19:08:02.142857142,false
XMR-USD,false,23,35,225,22.321428571428573,0.4753450458994377,0.3085399449035813,0.0001,0.00003434065934065934,9.297520661157025,18.553719008264462,0.0009297520661157025,-1.9041572409964564,0,0,17424,726 days 01:00:00,1000.0,233.96698175501376,-76.60330182449863,34.915698157888286,100.0,215.32477316025773,78.68164646935733,722 days 11:00:00,224,1,11.85175212161414,20.680218971042237,-6.928026011026215,3.503071718364622,-1.8016979981738526,4 days 11:40:48,1 days 00:34:08.275862068,-3.472699867708036,-1.3665084448301827,-0.6586163365434321,0.9443664393505201,0.2137645957876428,22.712902370539506,0.9987855797123508,0.3866783383733885,-0.007641628599557605,None,None,-0.00007140379450052427,-0.4318501491391708,-0.7660330182449868,-0.3959937585490855,0.3803355456066906,-3.1939501675750432,1 days 19:07:13.928571427,false
XMR-USD,false,34,89,113,22.321428571428573,0.5220877158457623,0.15426997245179064,0.0001,0.00003434065934065934,4.669421487603306,9.297520661157025,0.00046694214876033064,-1.131071605052737,0,0,17424,726 days 01:00:00,1000.0,379.5687976848186,-62.04312023151813,34.915698157888286,100.0,148.96598898062723,67.19139239469855,635 days 19:00:00,112,1,17.231690780344763,20.564604478564068,-9.192802668893405,4.645261414741399,-2.391301313335434,8 days 21:28:48,2 days 00:08:16.551724137,-5.693418688352917,-0.8192890682573176,-0.5737836385831334,0.9656434296959628,-0.18323602167891215,26.725481903688532,0.9760095441353083,0.3850250377553454,-0.007477354898302148,None,None,-0.000043329582990782926,-0.26205731792825515,-0.620431202315182,-0.2855415363898721,0.384950859429324,-2.776940559829565,3 days 13:02:40.714285713,false
XMR-USD,false,37,79,113,22.321428571428573,0.5552704472256388,0.15426997245179064,0.0001,0.00003434065934065934,4.669421487603306,9.297520661157025,0.00046694214876033064,-0.977299529976599,0,0,17424,726 days 01:00:00,1000.0,421.5830486100476,-57.84169513899524,34.915698157888286,100.0,152.91940365830303,63.19689045505902,635 days 19:00:00,112,1,19.139056677455528,20.237563436749475,-9.192802668893394,4.850724354153734,-2.329188350184339,8 days 21:09:36,2 days 00:16:33.103448275,-5.335321500601858,-0.7061918392357609,-0.5573576615797224,0.9703010559225863,-0.1667922596274891,26.811525548068754,0.980712870802482,0.38524525001987436,-0.007451445542635736,None,None,-0.000037322678704515514,-0.22572756080490983,-0.5784169513899543,-0.2590283018791527,0.3846874834672124,-2.656610011847276,3 days 13:04:49.285714284,false
XMR-USD,false,38,77,113,22.321428571428573,0.5658749516821246,0.15426997245179064,0.0001,0.00003434065934065934,4.669421487603306,9.297520661157025,0.00046694214876033064,-0.9037738313030995,0,0,17424,726 days 01:00:00,1000.0,444.93874118449276,-55.50612588155073,34.915698157888286,100.0,154.0387067414236,60.948279079046365,635 days 19:00:00,112,1,20.19936003974044,20.237563436749497,-9.192802668893407,4.827889514920067,-2.262987736211403,8 days 21:31:12,2 days 00:10:20.689655172,-5.1362555254932865,-0.6512173605537441,-0.5487170537142424,0.9726355348009837,-0.10341645960982106,26.467292036434223,0.9838798762437699,0.3850250377553454,-0.007451445542635691,None,None,-0.00003430841908429397,-0.20749731862180995,-0.555061258815515,-0.24503051740196513,0.38347113689472234,-2.5897183447557834,3 days 13:04:49.285714284,false
XMR-USD,false,7,26,467,22.317596566523605,0.4043029600005576,0.6418732782369146,0.0001,0.00003433476394849785,19.297520661157026,38.553719008264466,0.0019297520661157028,-3.7616202963448373,0,0,17424,726 days 01:00:00,1000.0,64.65023283493235,-93.53497671650676,34.915698157888286,100.0,323.7569047274319,93.85001246335048,725 days 02:00:00,466,1,2.697120671795112,18.96646464310024,-11.465212964445195,2.0713594770008137,-1.331501357935712,2 days 02:45:00,0 days 11:27:50.718232044,-2.0129761541563598,-2.769472369399268,-0.7966190860847883,0.8886266433454465,-0.44021328653975156,36.42120417762071,1.0129047582019943,0.365274621954086,-0.007693690548250122,None,None,-0.00014511272194517766,-0.8776417423244345,-0.9353497671650679,-0.6134873378840121,0.38138744840303657,-3.678880321783713,0 days 20:13:54.334763947,false
XMR-USD,false,18,41,234,22.317596566523605,0.46779205191764095,0.3209366391184573,0.0001,0.00003433476394849785,9.669421487603307,19.297520661157026,0.0009669421487603307,-2.0380941556725705,0,0,17424,726 days 01:00:00,1000.0,215.07239922416977,-78.49276007758303,34.915698157888286,100.0,224.64120837910684,80.06386530584473,722 days 11:00:00,233,1,10.213162126422162,20.68021897104223,-6.928026011026202,3.352804499632802,-1.7717011808604533,4 days 07:32:18.461538461,0 days 23:44:25.193370165,-3.412621300009664,-1.4664306875009034,-0.6721880491392488,0.9404059711275129,0.19538200778883638,23.014063880281352,0.9961911245126247,0.38623707239459026,-0.007624566622412859,None,None,-0.00007632761845686702,-0.4616294364271317,-0.7849276007758295,-0.4133913359461294,0.3788594425054206,-3.248065031454903,1 days 17:32:57.682403432,false
XMR-USD,false,15,45,243,22.31404958677686,0.45925597306234256,0.3333333333333333,0.0001,0.000034329307056579784,10.041322314049587,20.041322314049587,0.0010041322314049588,-2.1104040629617837,0,0,17424,726 days 01:00:00,1000.0,207.576593322681,-79.24234066773191,34.915698157888286,100.0,225.8048353159463,80.79586079756038,722 days 11:00:00,242,1,9.8572081257403,25.977214236284258,-6.399618215274414,3.346460095949243,-1.7531931594582926,4 days 06:33:20,0 days 22:01:35.744680851,-3.3152091520787517,-1.5155476863870714,-0.6762014306654542,0.9386183156595518,0.28737001998692446,22.29885026477222,0.9960492261974331,0.3861267997772651,-0.007633162839139147,None,None,-0.00007848621819015864,-0.47468464761407947,-0.7924234066773184,-0.4205697842231034,0.3769482590131755,-3.2695333288023964,1 days 15:59:45.123966941,false
XMR-USD,false,30,89,122,22.31404958677686,0.5514013011570391,0.16666666666666666,0.0001,0.000034329307056579784,5.041322314049587,10.041322314049587,0.0005041322314049588,-1.0174252789820617,0,0,17424,726 days 01:00:00,1000.0,410.4262566023124,-58.95737433976876,34.915698157888286,100.0,159.89575088818702,64.40087475417062,635 days 19:00:00,121,1,20.077392114861595,20.239170473141616,-8.039372144347585,4.647610594395652,-2.230720210243127,8 days 13:04:26.666666666,1 days 18:42:07.659574468,-5.0384391364673515,-0.7352813823042377,-0.5604088151115038,0.9691738696554556,-0.16399946238324917,26.73612217286949,0.9795393655876012,0.3870094722598106,-0.00745819636418868,None,None,-0.00003886119836184569,-0.23503252769244276,-0.5895737433976891,-0.265894050958397,0.38469856257865653,-2.6885635244400485,3 days 06:56:01.983471073,false
XMR-USD,false,32,71,122,22.31404958677686,0.6327065180050393,0.16666666666666666,0.0001,0.000034329307056579784,5.041322314049587,10.041322314049587,0.0005041322314049588,-0.6633721337568964,0,0,17424,726 days 01:00:00,1000.0,520.2478554358173,-47.97521445641827,34.915698157888286,100.0,172.6300846652485,53.694221832765365,635 days 19:00:00,121,1,24.50589367205845,19.59368917755768,-8.039372144347578,4.9171675785485025,-2.056120098048019,7 days 16:13:20,2 days 01:32:33.191489361,-4.167421803605296,-0.47620240412110576,-0.5214743105530211,0.980024618048871,-0.07068551776728593,26.23270038724014,0.9842093510661605,0.39321979691372827,-0.007477354898302087,None,None,-0.000025213951998142,-0.15249398168476283,-0.47975214456418114,-0.20292325807924694,0.3853960706167233,-2.374029934600621,3 days 07:35:42.148760329,false
XMR-USD,false,32,72,122,22.31404958677686,0.653393978998703,0.16666666666666666,0.0001,0.000034329307056579784,5.041322314049587,10.041322314049587,0.0005041322314049588,-0.5682048574135009,0,0,17424,726 days 01:00:00,1000.0,554.0677499517138,-44.59322500482862,34.915698157888286,100.0,177.11558800612056,51.15801259198708,635 days 19:00:00,121,1,26.09895499916854,19.59368917755768,-8.039372144347572,4.897860267611795,-1.9859260624294643,7 days 16:33:20,2 days 01:26:48.510638297,-3.901084339235159,-0.407551842786316,-0.5020521051538213,0.9828776376685113,-0.06786442041766226,26.206088775000264,0.986273759587284,0.39344262295081966,-0.007460189988399722,None,None,-0.000021588746983741186,-0.1305687417576667,-0.4459322500482874,-0.18530720807670575,0.3855693645141458,-2.277168361439565,3 days 07:35:42.148760329,false
XMR-USD,false,33,69,122,22.31404958677686,0.6477966975728142,0.16666666666666666,0.0001,0.000034329307056579784,5.041322314049587,10.041322314049587,0.0005041322314049588,-0.5899515223725231,0,0,17424,726 days 01:00:00,1000.0,546.0120349442384,-45.39879650557616,34.915698157888286,100.0,174.22020507634224,51.427584039835196,635 days 19:00:00,121,1,25.719496451933992,19.80177524688633,-8.039372144347578,4.943565233671734,-2.0129429613140135,7 days 16:08:53.333333333,2 days 01:37:39.574468085,-3.964524475270208,-0.4231123204895181,-0.5100212345804852,0.982238413244313,-0.06532615629839426,26.167511033656652,0.9864300423193231,0.39355406269993604,-0.007487835016430328,None,None,-0.000022420790885427114,-0.1356009432750632,-0.453987965055757,-0.189438131581668,0.3857031634166011,-2.300240261566114,3 days 07:38:40.661157023,false
XMR-USD,false,33,70,122,22.31404958677686,0.6394216607810069,0.16666666666666666,0.0001,0.000034329307056579784,5.041322314049587,10.041322314049587,0.0005041322314049588,-0.6118773695488662,0,0,17424,726 days 01:00:00,1000.0,538.2648868919418,-46.173511310805814,34.915698157888286,100.0,174.16208776593442,52.55106107503482,635 days 19:00:00,121,1,25.354572724815057,19.59368917755768,-8.039372144347563,4.836552350285556,-1.9990982847352072,7 days 16:20:00,2 days 01:30:38.297872340,-4.02553459366011,-0.43889084651805077,-0.5091664153917111,0.9815706072499643,-0.06569742113889113,26.20773130347509,0.9861620499928448,0.393108410617205,-0.007461921798605301,None,None,-0.000023249092012294198,-0.1406105084903553,-0.46173511310805804,-0.19344853070356138,0.3855737127027422,-2.322428413202848,3 days 07:35:42.148760330,false
XMR-USD,false,14,39,261,22.30769230769231,0.4495527378726272,0.3581267217630854,0.0001,0.00003431952662721894,10.78512396694215,21.528925619834713,0.001078512396694215,-2.176086274934568,0,0,17424,726 days 01:00:00,1000.0,201.99752002294667,-79.80024799770533,34.915698157888286,100.0,240.47743549515536,81.3607485336661,722 days 11:00:00,260,1,9.346784830454027,23.46552052400138,-6.3996182152744145,3.0029640896866674,-1.6189820117920954,3 days 19:14:28.965517241,0 days 21:25:32.673267326,-3.105189480028878,-1.558773972593914,-0.6790916378141443,0.9368371796882438,0.353749472437619,22.327671887179104,1.004450012748104,0.38107315526670366,-0.007624566622412752,None,None,-0.00008020325828889417,-0.48506930613123195,-0.798002479977053,-0.4260232770957215,0.3745129252598232,-3.285512024902087,1 days 12:59:59.999999999,false
XMR-USD,false,25,83,131,22.30769230769231,0.613906526970604,0.1790633608815427,0.0001,0.00003431952662721894,5.413223140495868,10.78512396694215,0.0005413223140495868,-0.6979634006157898,0,0,17424,726 days 01:00:00,1000.0,509.6497737640964,-49.035022623590365,34.915698157888286,100.0,179.66909319244346,52.89197218301661,635 days 19:00:00,130,1,26.037371341525898,20.447270518144986,-7.6774658014819845,4.524385083877935,-1.9247507641964674,7 days 10:24:49.655172413,1 days 20:11:17.227722772,-3.9722122890571434,-0.5010155208608306,-0.5433960916854538,0.9790111201501916,-0.06699006437863748,26.430937479017278,0.9851784326323382,0.39355406269993604,-0.0074524114604907,None,None,-0.0000264588948821499,-0.1600233962472426,-0.49035022623590174,-0.2085969711779052,0.38439565078594984,-2.404383277740995,3 days 02:07:50.769230768,false
XMR-USD,false,32,62,140,22.302158273381295,0.5966949068917684,0.19146005509641872,0.0001,0.00003431101272827892,5.785123966942149,11.52892561983471,0.0005785123966942149,-0.878657833477974,0,0,17424,726 days 01:00:00,1000.0,455.049044142418,-54.4950955857582,34.915698157888286,100.0,181.1959750268309,58.648570344499795,635 days 19:00:00,139,1,23.24788815942219,22.464577726885373,-8.721267796798326,4.665467199936627,-2.0196632591260752,6 days 23:40:38.709677419,1 days 17:05:33.333333333,-4.087761467748233,-0.6280229709042959,-0.5573418842120346,0.9738638766490489,0.14889954685302426,23.169883243460575,0.9887608358064386,0.3915508704679764,-0.007487835016430389,None,None,-0.00003305370645671322,-0.19990881665020155,-0.5449509558575842,-0.2391198196676867,0.38309155751765717,-2.560762019975432,2 days 21:19:25.467625898,false
XMR-USD,false,21,23,288,22.299651567944252,0.45740438751407875,0.3953168044077135,0.0001,0.000034307156258375775,11.900826446280993,23.7603305785124,0.0011900826446280995,-2.4988998682337136,0,0,17424,726 days 01:00:00,1000.0,162.8015062505151,-83.71984937494848,34.915698157888286,100.0,261.7063537166469,85.09843726779238,722 days 11:00:00,287,1,7.533115499757201,23.389151865388296,-5.914882632735087,2.89644569714121,-1.611573385616337,3 days 08:49:41.250000,0 days 19:40:21.524663677,-2.9433157116698347,-1.7948943502798784,-0.7033089571314396,0.9274646405831106,0.33328988167522383,22.270521661676394,1.004104965329281,0.37670854072845067,-0.007669288172738521,None,None,-0.00009253531881526596,-0.5596536081947285,-0.837198493749485,-0.46743027156493033,0.37525507928539226,-3.3977710254100755,1 days 09:18:36.376306619,false
XMR-USD,false,22,63,158,22.29299363057325,0.5658579501470985,0.2162534435261708,0.0001,0.000034296913277804996,6.528925619834711,13.016528925619834,0.0006528925619834711,-1.1319610779049551,0,0,17424,726 days 01:00:00,1000.0,386.0768926120468,-61.39231073879532,34.915698157888286,100.0,193.17687741966995,64.81900243664533,722 days 11:00:00,157,1,17.1344018153369,22.090837561254002,-7.17250568805468,4.298523277989419,-1.969948398710359,6 days 11:29:08.571428571,1 days 10:29:30.491803278,-4.019474580912676,-0.8112236317078113,-0.5866474956102125,0.9664193124123457,0.12815217059964987,23.21101654571692,0.9870987556166053,0.39199552644192365,-0.007523499489008754,None,None,-0.000042561447260767296,-0.2574116330331206,-0.6139231073879505,-0.28131324966284577,0.3818860006059323,-2.7583011074611816,2 days 13:27:53.885350317,false
XMR-USD,false,15,87,167,22.289156626506024,0.5130920313644578,0.22865013774104684,0.0001,0.00003429101019462465,6.900826446280992,13.760330578512397,0.0006900826446280992,-1.212814660759581,0,0,17424,726 days 01:00:00,1000.0,366.2141889516672,-63.37858110483327,34.915698157888286,100.0,191.12500299429533,65.80171301813513,722 days 11:00:00,166,1,17.390445720843843,22.165171467728527,-5.570763989160799,3.6456993080559648,-1.7949196361662207,6 days 07:51:53.513513513,1 days 07:46:58.604651162,-3.922748534754076,-0.8710019248763874,-0.6025656506578746,0.9642049917147132,0.09990924915992168,22.900390731336987,0.9886921156408289,0.39366552027513396,-0.007555296026784087,None,None,-0.000045628083883603044,-0.2759586513280312,-0.633785811048331,-0.29436856154901403,0.3813037363036883,-2.8151887101966637,2 days 10:32:53.493975902,false
XMR-USD,false,16,81,167,22.289156626506024,0.5062610420321219,0.22865013774104684,0.0001,0.00003429101019462465,6.900826446280992,13.760330578512397,0.0006900826446280992,-1.3595468781706033,0,0,17424,726 days 01:00:00,1000.0,332.0515687779605,-66.79484312220396,34.915698157888286,100.0,185.84917216468133,68.99193099438911,722 days 11:00:00,166,1,15.768162342055689,22.09083756125399,-7.1725056880546925,3.837767803953181,-1.9203565036091896,6 days 05:47:01.621621621,1 days 08:11:09.767441860,-4.11877466002467,-0.9780785520443952,-0.6167243004612945,0.959788027481383,0.08571456137486765,23.00774472068459,0.9844230430573966,0.39221796100990736,-0.00753446886705493,None,None,-0.000051243979267207983,-0.3099235866080739,-0.6679484312220394,-0.3179496784142478,0.3813529020143451,-2.9130318637811174,2 days 10:23:51.325301203,false
XMR-USD,false,18,71,167,22.289156626506024,0.51760838474975,0.22865013774104684,0.0001,0.00003429101019462465,6.900826446280992,13.760330578512397,0.0006900826446280992,-1.3764071685367174,0,0,17424,726 days 01:00:00,1000.0,328.66512873031763,-67.13348712696823,34.915698157888286,100.0,189.39232327912077,70.05061086460853,722 days 11:00:00,166,1,14.913454716858212,21.246964398202277,-7.1725056880547005,3.9732662671659784,-1.9631291793633727,6 days 08:30:48.648648648,1 days 07:05:34.883720930,-4.134026060159883,-0.9897396763372706,-0.6116193112159373,0.9592566061284029,0.09198329703339438,23.10898860736191,0.9864848414259013,0.39088441890166026,-0.007523499489008682,None,None,-0.00005183957539331037,-0.31352575197874116,-0.6713348712696827,-0.32037207334846673,0.38123994615550005,-2.9227307677879324,2 days 10:09:23.855421685,false
XMR-USD,false,20,64,167,22.289156626506024,0.5463304410610272,0.22865013774104684,0.0001,0.00003429101019462465,6.900826446280992,13.760330578512397,0.0006900826446280992,-1.2296124005226703,0,0,17424,726 days 01:00:00,1000.0,362.41512655072154,-63.75848734492785,34.915698157888286,100.0,199.77434768098158,66.83286233099622,722 days 11:00:00,166,1,16.444889055916633,21.246964398202298,-7.17250568805469,3.9904060452577905,-1.892186855461094,6 days 04:16:12.972972972,1 days 08:12:33.488372093,-3.939938328344546,-0.8817003259968272,-0.5979903588160234,0.9635425245169892,0.1272495585659263,23.298074071696846,0.9919283926696978,0.3898859376246311,-0.0075173321114077605,None,None,-0.00004621416605230852,-0.27950327628436195,-0.637584873449282,-0.2969179435696504,0.3815153915227012,-2.826069381646412,2 days 10:04:41.927710842,false
XMR-USD,false,20,65,167,22.289156626506024,0.5540973269937765,0.22865013774104684,0.0001,0.00003429101019462465,6.900826446280992,13.760330578512397,0.0006900826446280992,-1.2250038161005021,0,0,17424,726 days 01:00:00,1000.0,363.509263594589,-63.6490736405411,34.915698157888286,100.0,200.4108270939689,66.73273021369718,722 days 11:00:00,166,1,16.494536438104035,21.24696439820229,-7.172505688054698,4.073850899977015,-1.9126082094798422,6 days 04:24:19.459459459,1 days 08:10:41.860465116,-3.933646221948889,-0.8782069901922729,-0.597523265209475,0.9636893361765826,0.12894622905285436,23.28281214626585,0.9910769496970362,0.3902186053933302,-0.007517332111407862,None,None,-0.000046037752895052746,-0.278436329509279,-0.6364907364054117,-0.29618193497503453,0.3815708348693737,-2.8229357280132534,2 days 10:05:03.614457830,false
XMR-USD,false,21,63,167,22.289156626506024,0.550865726517809,0.22865013774104684,0.0001,0.00003429101019462465,6.900826446280992,13.760330578512397,0.0006900826446280992,-1.2322065671245965,0,0,17424,726 days 01:00:00,1000.0,361.74368842763033,-63.82563115723696,34.915698157888286,100.0,198.82124439440966,66.89431031987222,722 days 11:00:00,166,1,16.414421990297,21.246964398202277,-7.172505688054691,4.088342655219217,-1.9202651666905823,6 days 04:12:58.378378378,1 days 08:07:54.418604651,-3.9437995997751,-0.8835668955192977,-0.5982773192722034,0.9634471381815221,0.12725675705896122,23.292685152023672,0.9902643323675004,0.38966424754765133,-0.007517332111407856,None,None,-0.000046317647365470336,-0.2801291312663646,-0.6382563115723696,-0.29737032789438467,0.3815618980016833,-2.827992408131677,2 days 10:00:21.686746987,false
XMR-USD,false,14,87,176,22.285714285714285,0.503928782252487,0.24104683195592286,0.0001,0.00003428571428571429,7.272727272727273,14.50413223140496,0.0007272727272727273,-1.3344398422070343,0,0,17424,726 days 01:00:00,1000.0,338.5072549781719,-66.1492745021828,34.915698157888286,100.0,196.9703509838253,68.38907775713,722 days 11:00:00,175,1,16.074724086091294,22.16517146772855,-5.570763989160792,3.5551651664205015,-1.7866024347432699,6 days 00:52:18.461538461,1 days 05:47:38.823529411,-3.8718141091881058,-0.9587442649590205,-0.6139893881133607,0.960635814430272,0.10169967150614502,23.054187518646355,0.9890164568696348,0.3921067348406168,-0.0075492689010776,None,None,-0.0000501692138199019,-0.3034234051827667,-0.6614927450218273,-0.3133760969816466,0.3808837643262512,-2.8945425121690747,2 days 07:26:23.999999998,false
XMR-USD,false,29,37,176,22.285714285714285,0.5142830716170673,0.24104683195592286,0.0001,0.00003428571428571429,7.272727272727273,14.50413223140496,0.0007272727272727273,-1.423191576924283,0,0,17424,726 days 01:00:00,1000.0,318.3447637799984,-68.16552362200015,34.915698157888286,100.0,192.6572904136373,71.23776193752425,722 days 11:00:00,175,1,15.861408365693421,21.53886254907429,-7.125563139087595,3.9985172958233846,-1.94535166365801,5 days 12:23:04.615384615,1 days 09:05:44.117647058,-3.9858093976325435,-1.0238528518711,-0.6141928555919126,0.9578632978755638,0.1054909019540697,23.314499530570753,0.9873751032171696,0.3913286489939316,-0.007608808267455861,None,None,-0.00005365709642075386,-0.32451811915271933,-0.6816552362200013,-0.3278565043573589,0.3814587380820815,-2.9522887187807796,2 days 07:13:22.285714284,false
XMR-USD,false,8,17,553,22.282608695652172,0.3728148806403282,0.7603305785123967,0.0001,0.0000342809364548495,22.85123966942149,45.66115702479339,0.0022851239669421488,-4.657180313160881,0,0,17424,726 days 01:00:00,1000.0,35.75585789317597,-96.42441421068241,34.915698157888286,100.0,349.6749132639736,96.55503397747384,725 days 02:00:00,552,1,0.7193138195730597,18.56859208487396,-11.805396837296529,1.8206566506205064,-1.2777113548447883,1 days 16:04:52.682926829,0 days 10:24:28.531468531,-1.7481222027652146,-3.437637313333997,-0.8416102368828252,0.8629515595341612,-0.37402626348660745,37.48660813694917,1.0165117169621811,0.35655897236278705,-0.007705955313607389,None,None,-0.00017921958526030703,-1.083920051654337,-0.9642441421068243,-0.6853086023864712,0.37947516424585687,-3.7616350036780766,0 days 17:01:11.739130433,false
XMR-USD,false,28,29,221,22.272727272727273,0.48116459331034095,0.30303030303030304,0.0001,0.000034265734265734265,9.132231404958677,18.22314049586777,0.0009132231404958678,-1.8540598862812026,0,0,17424,726 days 01:00:00,1000.0,241.7212985752326,-75.82787014247674,34.915698157888286,100.0,214.60856119521236,77.97509691214199,722 days 11:00:00,220,1,12.244552166032008,20.680218971042237,-6.928026011026221,3.5802715812747334,-1.8157971273895352,4 days 12:07:20.816326530,1 days 01:31:55.789473684,-3.5023784254127226,-1.3304033074989963,-0.6543727683690598,0.9458176959024023,0.2112931127234553,22.689540352030473,0.9997143224740853,0.386899076727157,-0.007655345219876734,None,None,-0.00006952872860617061,-0.42050975061011986,-0.7582787014247692,-0.38911943866527066,0.38039860570524003,-3.171741484291226,1 days 19:55:38.181818181,false
XMR-USD,false,17,43,230,22.270742358078603,0.4649185200357547,0.3154269972451791,0.0001,0.00003426268055089016,9.50413223140496,18.96694214876033,0.000950413223140496,-2.055093897209551,0,0,17424,726 days 01:00:00,1000.0,212.56845320228933,-78.74315467977107,34.915698157888286,100.0,222.877945375239,80.29596856660336,722 days 11:00:00,229,1,10.094257019260453,20.680218971042226,-6.92802601102621,3.3707523615908044,-1.7956683548844257,4 days 08:23:31.764705882,1 days 00:24:56.629213483,-3.4826454315151634,-1.4797056470376146,-0.6736211108024484,0.9398192758277225,0.19011577632101476,23.044281834502264,0.9926659621924916,0.38623707239459026,-0.007631521799382693,None,None,-0.00007700391913183918,-0.4657197029093634,-0.7874315467977097,-0.4157708368930596,0.3787873286385654,-3.2552364361639183,1 days 18:13:37.467248907,false
XMR-USD,false,22,35,230,22.270742358078603,0.4659525665519039,0.3154269972451791,0.0001,0.00003426268055089016,9.50413223140496,18.96694214876033,0.000950413223140496,-1.9885947807515136,0,0,17424,726 days 01:00:00,1000.0,221.51215751563518,-77.84878424843649,34.915698157888286,100.0,219.90969342269705,79.81649184072313,722 days 11:00:00,229,1,11.609433952028468,20.680218971042223,-6.9280260110262,3.3981734897250355,-1.7834986363455694,4 days 08:47:03.529411764,1 days 00:19:53.258426966,-3.4502064473204896,-1.4293214834011048,-0.6656256690308333,0.941948270714532,0.20454690398713826,22.815961024765052,0.9969017031062574,0.3876722147009636,-0.007641628599557638,None,None,-0.00007457721206407091,-0.45104297856350084,-0.7784878424843629,-0.4073535785883582,0.37978181608008255,-3.229621298030628,1 days 18:14:56.069868994,false
XMR-USD,false,25,26,239,22.268907563025213,0.4522843864000057,0.3278236914600551,0.0001,0.00003425985778926956,9.87603305785124,19.710743801652892,0.000987603305785124,-2.136760505222027,0,0,17424,726 days 01:00:00,1000.0,204.79485924730125,-79.52051407526987,34.915698157888286,100.0,224.57152605116113,81.12670540869699,722 days 11:00:00,238,1,9.725111672606715,23.465520524001406,-6.399618215274405,3.197834484629346,-1.7345709400591738,3 days 23:01:07.924528301,1 days 00:55:08.108108108,-3.382059884139941,-1.532906882174493,-0.6772237563173208,0.9378327572332533,0.2981669948110331,22.486662939038098,0.9960350384020519,0.38392502581208793,-0.00764162859955767,None,None,-0.00007928916985679252,-0.47954089929388116,-0.795205140752698,-0.4232767781564901,0.3764922503431538,-3.2775003299570082,1 days 16:31:45.882352940,false
XMR-USD,false,18,31,257,22.265625,0.44524655974577676,0.3526170798898072,0.0001,0.0000342548076923077,10.619834710743802,21.198347107438018,0.0010619834710743803,-2.275245570903478,0,0,17424,726 days 01:00:00,1000.0,189.27447881925048,-81.07255211807495,34.915698157888286,100.0,234.01412422091988,82.51608880059916,722 days 11:00:00,256,1,8.758067065471351,23.46552052400138,-6.399618215274416,3.04624719189197,-1.6716947938783786,3 days 18:52:37.894736842,0 days 22:15:22.613065326,-3.2011077665868006,-1.6315983968581966,-0.6870329791046286,0.9339742496365497,0.3417449099635083,22.402638413156073,1.0008811929674446,0.3804166996751961,-0.007624566622412769,None,None,-0.00008393905849647402,-0.5076634257866749,-0.8107255211807515,-0.4388387459814911,0.3744628755985689,-3.321951339808989,1 days 13:32:06.562499998,false
XMR-USD,false,18,19,329,22.25609756097561,0.4658821830843375,0.45179063360881544,0.0001,0.000034240150093808636,13.59504132231405,27.14876033057851,0.001359504132231405,-2.538332694663131,0,0,17424,726 days 01:00:00,1000.0,160.4209432655424,-83.95790567344575,34.915698157888286,100.0,289.7861750598225,84.98000619900303,722 days 11:00:00,328,1,6.692545769712694,21.342974034476285,-7.903274888121224,2.758627522554685,-1.4759719783821168,2 days 20:06:34.520547945,0 days 17:38:49.411764705,-2.5800963490980804,-1.8240428167209404,-0.7077749228177657,0.9261776288151722,0.3268418158520826,22.444830021414006,1.0141419234323403,0.37118350645262826,-0.007609614386810213,None,None,-0.00009351045620000681,-0.5655512390976412,-0.839579056734458,-0.47014622133208306,0.37314969548638094,-3.4045890560111185,1 days 04:52:40.975609755,false
XMR-USD,false,9,34,365,22.252747252747252,0.4232659828129962,0.5013774104683195,0.0001,0.000034234995773457314,15.082644628099175,30.123966942148762,0.0015082644628099176,-2.9428660119486763,0,0,17424,726 days 01:00:00,1000.0,115.28452583171043,-88.47154741682895,34.915698157888286,100.0,292.0165656596391,89.11327400464911,722 days 11:00:00,364,1,5.3344202300478685,21.41807728755481,-11.59538764145427,2.5199113481002766,-1.4543521402191453,2 days 19:04:26.666666666,0 days 14:22:28.409893992,-2.4451920175778534,-2.1481747435509186,-0.7433885965057443,0.9127449640639134,-0.3777005018724027,36.89026619328466,1.0101662817022434,0.3717232149885854,-0.007618027989106719,None,None,-0.00011203725142048046,-0.6776012965910658,-0.884715474168291,-0.5275537227011671,0.3796214852303876,-3.5338616176815907,1 days 02:06:05.934065932,false
XMR-USD,false,7,10,765,22.25130890052356,0.3334404470014554,1.0523415977961432,0.0001,0.0000342327829238824,31.611570247933884,63.18181818181819,0.0031611570247933886,-6.309737774321985,0,0,17424,726 days 01:00:00,1000.0,11.077506271702077,-98.89224937282978,34.915698157888286,100.0,371.4979513011858,98.92143651492974,725 days 02:00:00,764,1,0.03407494930226562,15.064284734460056,-11.805396837296511,1.570031242280847,-1.1886293781239092,1 days 02:48:42.352941176,0 days 07:55:39.393939393,-1.2944457705204169,-4.698446753665585,-0.905803939196055,0.8164281988205366,-0.3302311857803443,37.5348370140264,1.0255380972816537,0.3426568038218523,-0.007879205861022686,None,None,-0.0002463196758845024,-1.4897413997494704,-0.9889224937282982,-0.7904680623300209,0.3815950560111209,-3.8323148208476447,0 days 12:07:46.492146595,false
XMR-USD,false,7,28,446,22.247191011235955,0.40107246949315667,0.6129476584022039,0.0001,0.00003422644770959378,18.429752066115704,36.81818181818182,0.0018429752066115705,-3.6205272770284886,0,0,17424,726 days 01:00:00,1000.0,71.58195083379405,-92.84180491662059,34.915698157888286,100.0,314.60447831250406,93.190618406574,725 days 02:00:00,445,1,2.986302614163648,18.96646464310023,-11.46521296444519,2.1144696312968345,-1.3469352335246183,2 days 05:55:45.454545454,0 days 11:48:22.890173410,-2.0930434871469004,-2.6670926856088584,-0.7880280816956594,0.8925036229816298,-0.4600719513034646,36.75026098017222,1.0056163924682935,0.36709555939118155,-0.007658393323117549,None,None,-0.000139338411871209,-0.8427187149970721,-0.9284180491662064,-0.5995792269731206,0.3802687982933458,-3.659027595461253,0 days 21:10:39.101123594,false
XMR-USD,false,4,11,963,22.245322245322246,0.3264857991984153,1.325068870523416,0.0001,0.000034223572685111146,39.79338842975207,79.54545454545455,0.003979338842975208,-7.098240985125624,0,0,17424,726 days 01:00:00,1000.0,5.695013387596305,-99.43049866124038,34.915698157888286,100.0,427.5644098127521,99.45623370828761,722 days 11:00:00,962,1,0.017518138802938843,11.65418505242073,-11.805396837296525,1.426172022531426,-1.0839013285671997,0 days 22:34:12.336448598,0 days 05:56:33.048128342,-1.0335992772881557,-5.335388791425886,-0.9306509741255476,0.7945293781988321,-0.4123456067107131,36.230325197873334,1.0282773220874892,0.3443141490510723,-0.008008752890447222,None,None,-0.00028410544368252214,-1.718269723391894,-0.9943049866124034,-0.8336739615764921,0.38758898611679404,-3.847730502526889,0 days 09:38:28.939708939,false
XMR-USD,false,7,25,482,22.245322245322246,0.4101104352796707,0.662534435261708,0.0001,0.000034223572685111146,19.917355371900825,39.79338842975207,0.0019917355371900825,-3.8773301024517552,0,0,17424,726 days 01:00:00,1000.0,60.52704133369696,-93.94729586663031,34.915698157888286,100.0,339.0718256537263,94.24223960982587,725 days 02:00:00,481,1,2.5251066736375805,18.96646464310025,-11.465212964445195,2.033207246953891,-1.3137970510912589,2 days 00:16:15.700934579,0 days 11:22:27.593582887,-1.9584159362576758,-2.85397458241401,-0.8020303181880334,0.8854192420647279,-0.4285832264619959,36.85707898108545,1.0160985880321118,0.3637786647882914,-0.007672555628129262,None,None,-0.0001489840643694905,-0.9010556213066785,-0.9394729586663026,-0.6222279209538191,0.37996855851030825,-3.6906893123489035,0 days 19:34:55.634095632,false
XMR-USD,false,7,20,545,22.24264705882353,0.37160428344958574,0.7493112947658402,0.0001,0.000034219457013574654,22.520661157024794,45.0,0.0022520661157024793,-4.510757528171677,0,0,17424,726 days 01:00:00,1000.0,38.991196658125546,-96.10088033418745,34.915698157888286,100.0,350.90080033336136,96.25566502635243,725 days 02:00:00,544,1,0.784400326281478,14.344903282656968,-11.80539683729653,1.7975601174797333,-1.2618312850914926,1 days 17:35:12.396694214,0 days 10:19:25.957446808,-1.768002212625287,-3.33392770757073,-0.835563083615182,0.8668913440434075,-0.4214054778764144,37.065142150560746,1.0166940975466587,0.3575101277656591,-0.007709021355675773,None,None,-0.0001741950868589275,-1.0535318853227935,-0.9610088033418739,-0.6757036340284177,0.3803099321484386,-3.7523688599787017,0 days 17:16:39.264705880,false
XMR-USD,false,10,11,640,22.22222222222222,0.3282697320457231,0.8801652892561983,0.0001,0.000034188034188034184,26.446280991735538,52.85123966942149,0.002644628099173554,-5.614836700318742,0,0,17424,726 days 01:00:00,1000.0,18.143097098068097,-98.1856902901932,34.915698157888286,100.0,346.2523296423999,98.23299012382309,725 days 02:00:00,639,1,0.05705434471037307,16.68255658221163,-11.805396837296522,1.606794165767384,-1.2446485780157774,1 days 09:43:05.915492957,0 days 09:15:34.406438631,-1.536641560636376,-4.176859096450296,-0.882359231371627,0.8356324090780842,-0.4183979710997027,37.69380774138436,1.0173879993815378,0.3506704906596388,-0.007807436686204816,None,None,-0.0002181050756968941,-1.3190994978148156,-0.9818569029019325,-0.7513316741829034,0.380079015045373,-3.812078677224179,0 days 14:41:41.408450702,false
XMR-USD,false,14,89,172,22.22222222222222,0.4995906254171607,0.23553719008264462,0.0001,0.000034188034188034184,7.107438016528926,14.173553719008265,0.0007107438016528926,-1.3177146853429826,0,0,17424,726 days 01:00:00,1000.0,342.17808669020826,-65.78219133097917,34.915698157888286,100.0,193.19229221939182,68.04628340306719,722 days 11:00:00,171,1,16.249041197673534,22.165171467728538,-6.070947836557031,3.548115765548153,-1.7914264948975505,6 days 04:50:31.578947368,1 days 06:32:28.872180451,-3.9419354064764036,-0.9464494194064819,-0.6124473643421183,0.9611753342070037,0.10678470461964244,22.952509512706197,0.9883470591317083,0.393108410617205,-0.007555296026784136,None,None,-0.00004954244814551539,-0.29963272638407706,-0.6578219133097926,-0.3108008234406856,0.3810114250474317,-2.884029098702625,2 days 08:49:49.473684210,false
XMR-USD,false,15,27,316,22.22222222222222,0.4412309374080404,0.43388429752066116,0.0001,0.000034188034188034184,13.057851239669422,26.074380165289256,0.0013057851239669422,-2.722750684995666,0,0,17424,726 days 01:00:00,1000.0,141.53041160515568,-85.84695883948443,34.915698157888286,100.0,270.1987589718741,86.7239796596086,722 days 11:00:00,315,1,6.548864085503169,23.389151865388296,-5.166804431970892,2.758582792960896,-1.5539355478172905,3 days 02:54:00,0 days 17:30:51.428571428,-2.7460903253344373,-1.9564873220056291,-0.7215934225136037,0.9212739090893003,0.3464297482054663,22.248025625417455,1.0144342493779965,0.3722633485588282,-0.007655345219876734,None,None,-0.0001006256644268313,-0.6085840184534757,-0.8584695883948438,-0.492693351243649,0.3743601971487513,-3.458692318030867,1 days 06:15:59.999999999,false
XMR-USD,false,16,30,289,22.22222222222222,0.4494379387143477,0.39669421487603307,0.0001,0.000034188034188034184,11.942148760330578,23.84297520661157,0.0011942148760330578,-2.5118066100776946,0,0,17424,726 days 01:00:00,1000.0,161.61412263469572,-83.83858773653043,34.915698157888286,100.0,259.07466628946213,85.07116761677909,722 days 11:00:00,288,1,7.478173146172793,23.389151865388293,-5.914882632735092,2.8501754956556105,-1.5943606320004786,3 days 09:30:56.250000,0 days 19:27:03.214285714,-2.937027953164851,-1.8044433221120542,-0.705268013908316,0.9271733260555336,0.3351854698139549,22.298191946255592,1.0042759256458234,0.37736147340131215,-0.00766239902055086,None,None,-0.00009296986702695743,-0.5622817557790385,-0.8383858773653028,-0.4687816752339482,0.3750221409218056,-3.401171741072269,1 days 09:14:34.999999999,false
XMR-USD,false,17,41,244,22.22222222222222,0.4682793730454615,0.3347107438016529,0.0001,0.000034188034188034184,10.082644628099175,20.123966942148762,0.0010082644628099176,-2.0886555377166736,0,0,17424,726 days 01:00:00,1000.0,210.55152544694272,-78.94484745530573,34.915698157888286,100.0,230.7188937276478,80.52063221943588,722 days 11:00:00,243,1,9.99847899178252,25.97721423628425,-6.928026011026203,3.338485106003624,-1.7340239626187006,4 days 05:15:33.333333333,0 days 22:15:52.380952380,-3.2899051586207393,-1.4987932249555267,-0.6744678300858497,0.9392739295025191,0.2935726911993214,22.26886318993159,0.9975549958352861,0.3857960871639891,-0.007633162839139264,None,None,-0.00007765797201175596,-0.46967541472710006,-0.789448474553057,-0.41770086652660143,0.37713971461216367,-3.2610130004652427,1 days 15:49:08.148148147,false
XMR-USD,false,18,37,244,22.22222222222222,0.45407953505258525,0.3347107438016529,0.0001,0.000034188034188034184,10.082644628099175,20.123966942148762,0.0010082644628099176,-2.1506917821903326,0,0,17424,726 days 01:00:00,1000.0,202.48084124055265,-79.75191587594473,34.915698157888286,100.0,228.05143849470468,81.26729898218359,722 days 11:00:00,243,1,9.615225693970473,24.87919777977619,-6.399618215274421,3.203436614493572,-1.719459957560852,3 days 23:12:13.333333333,0 days 23:58:05.714285714,-3.321540676763034,-1.544023533409672,-0.6792105755199292,0.9374998816910781,0.292181478965033,22.339268596923592,0.995900245608301,0.3854655323209032,-0.007650913471011368,None,None,-0.00007992360361007482,-0.4833779546337325,-0.7975191587594481,-0.4255469731492246,0.3767724039594422,-3.2841277729950495,1 days 15:47:54.074074072,false
XMR-USD,false,19,24,298,22.22222222222222,0.4417384277059819,0.4090909090909091,0.0001,0.000034188034188034184,12.31404958677686,24.586776859504134,0.001231404958677686,-2.6906666404594977,0,0,17424,726 days 01:00:00,1000.0,143.41459422587445,-85.65854057741255,34.915698157888286,100.0,258.5046760899414,86.59948371173842,722 days 11:00:00,297,1,6.636048569427203,23.38915186538828,-5.914882632735086,2.823202200479424,-1.6141376655319066,3 days 06:35:27.272727272,0 days 18:51:41.298701298,-2.9064695432442846,-1.935663420330227,-0.7197482921483638,0.9219857507482544,0.3289885755815808,22.264303029006797,1.0046907264944624,0.37464499842221516,-0.007687330976663888,None,None,-0.00009980731048400054,-0.6036346138072353,-0.8565854057741271,-0.49035932914820346,0.37531027478284656,-3.453295941271627,1 days 08:08:04.848484847,false
XMR-USD,false,19,29,262,22.22222222222222,0.4424567346669258,0.359504132231405,0.0001,0.000034188034188034184,10.826446280991735,21.611570247933884,0.0010826446280991736,-2.307948881742567,0,0,17424,726 days 01:00:00,1000.0,185.2709306583556,-81.47290693416444,34.915698157888286,100.0,236.9927087088219,82.88590981907078,722 days 11:00:00,261,1,8.572815765287089,23.4655205240014,-6.399618215274411,3.0076386731780076,-1.653320658619453,3 days 17:16:33.103448275,0 days 21:46:06.502463054,-3.154413352900125,-1.6552092984374562,-0.6895533182718657,0.9330139638084902,0.34171812960425074,22.399130637692654,1.0001022959289405,0.37997940920250256,-0.0076150902355892934,None,None,-0.0000851632534816089,-0.5150673570567706,-0.8147290693416467,-0.4429873641950991,0.3745046990477884,-3.3334176669114597,1 days 12:46:12.413793102,false
XMR-USD,false,20,23,298,22.22222222222222,0.4460357264557158,0.4090909090909091,0.0001,0.000034188034188034184,12.31404958677686,24.586776859504134,0.001231404958677686,-2.674021441677661,0,0,17424,726 days 01:00:00,1000.0,144.90230473004,-85.50976952699601,34.915698157888286,100.0,260.9473791022677,86.46047352974884,722 days 11:00:00,297,1,6.704887582752065,23.389151865388286,-5.914882632735086,2.831899579442985,-1.6123239640256242,3 days 06:35:27.272727272,0 days 18:51:10.129870129,-2.9016921981572765,-1.9236816079407422,-0.7186391789691218,0.9224500884927241,0.3280794583625257,22.246498114822607,1.003996928561538,0.3748619220451318,-0.007693690548250171,None,None,-0.00009921023203391988,-0.6000234833411474,-0.8550976952699597,-0.48853054140864194,0.3753887186953007,-3.4490350770109783,1 days 08:07:40.606060605,false
XMR-USD,false,20,68,163,22.22222222222222,0.5395300127440337,0.2231404958677686,0.0001,0.000034188034188034184,6.735537190082645,13.429752066115704,0.0006735537190082645,-1.254233997731925,0,0,17424,726 days 01:00:00,1000.0,356.77428880259913,-64.32257111974009,34.915698157888286,100.0,191.42482642100288,67.48918253016379,722 days 11:00:00,162,1,16.18893133187464,22.090837561253995,-7.172505688054683,4.140484728800389,-1.9592235881183868,6 days 09:38:20,1 days 08:44:45.714285714,-4.070460756353556,-0.9008696469371659,-0.5991625865359053,0.9628591828962797,0.09718759685819321,23.156207925369056,0.9872055407019776,0.3916620078268509,-0.007505915383561937,None,None,-0.000047148875006365205,-0.28515639603849674,-0.6432257111973974,-0.3007356493516675,0.3809494269480532,-2.84222497367443,2 days 11:36:39.999999999,false
XMR-USD,false,21,47,190,22.22222222222222,0.4811584321889878,0.2603305785123967,0.0001,0.000034188034188034184,7.851239669421488,15.661157024793388,0.0007851239669421488,-1.6688245233290728,0,0,17424,726 days 01:00:00,1000.0,271.83524810709207,-72.8164751892908,34.915698157888286,100.0,193.33041469180316,75.26786547348516,722 days 11:00:00,189,1,13.544089204482418,20.680218971042205,-7.1255631390876,3.7929288750472674,-1.9299671363037494,5 days 05:48:34.285714285,1 days 05:33:28.163265306,-3.9243854026316956,-1.2015239222698446,-0.6383464845679796,0.9506758489215356,0.11666639853638397,23.505815394912418,0.9897500720584667,0.38745123019348676,-0.0075872153471234684,None,None,-0.00006278907214203627,-0.37974830831503537,-0.7281647518929063,-0.36371073863249104,0.38037291753548924,-3.0854938904562568,2 days 02:56:49.523809522,false
XMR-USD,false,25,32,226,22.22222222222222,0.4694057097563501,0.30991735537190085,0.0001,0.000034188034188034184,9.338842975206612,18.636363636363637,0.0009338842975206613,-1.9767227693101685,0,0,17424,726 days 01:00:00,1000.0,223.0429946162226,-77.69570053837775,34.915698157888286,100.0,214.96931342377505,79.67700666096246,722 days 11:00:00,225,1,11.689664998531384,20.680218971042226,-6.928026011026202,3.4959556390516426,-1.8170340774461786,4 days 10:33:36,1 days 00:45:15.428571428,-3.5050963128102626,-1.4197261742425142,-0.6647506082273631,0.9422790794515021,0.2100757479536923,22.73577663325951,0.998757598940767,0.38623707239459026,-0.007657573012803476,None,None,-0.0000741564977217467,-0.44849849822112403,-0.7769570053837769,-0.40593521072780925,0.3801916425540542,-3.2252369174186035,1 days 18:55:59.999999999,false
XMR-USD,false,29,32,199,22.22222222222222,0.5307742787369266,0.2727272727272727,0.0001,0.000034188034188034184,8.223140495867769,16.40495867768595,0.000822314049586777,-1.4397488721427327,0,0,17424,726 days 01:00:00,1000.0,317.9472559969431,-68.2052744003057,34.915698157888286,100.0,205.921748406632,71.76692341065024,722 days 11:00:00,198,1,16.105828427401207,20.680218971042216,-6.168481229071116,4.050470457052871,-1.856525069700836,5 days 01:05:27.272727272,1 days 03:59:36.623376623,-3.52605339611342,-1.0307227506982373,-0.6101563409682996,0.9576907370285893,0.2115667759998245,22.678018094070993,0.9973735121834151,0.3884462151394423,-0.007617955658401935,None,None,-0.000053820462797844104,-0.32550615900136115,-0.682052744003054,-0.3281479288449656,0.38006992931224937,-2.9534271974709605,2 days 00:40:54.545454544,false
XMR-USD,false,30,32,190,22.22222222222222,0.529292184266197,0.2603305785123967,0.0001,0.000034188034188034184,7.851239669421488,15.661157024793388,0.0007851239669421488,-1.4377084151129371,0,0,17424,726 days 01:00:00,1000.0,318.12425411655727,-68.18757458834426,34.915698157888286,100.0,201.77079951972974,71.33249984679291,722 days 11:00:00,189,1,15.850421554480079,20.680218971042226,-7.125563139087592,4.098241179103997,-1.903932909706771,5 days 04:35:42.857142857,1 days 06:00:24.489795918,-3.6916728435868933,-1.0298741706057846,-0.6136517620471297,0.9576939427329976,0.20658161148440057,22.677659670791424,0.9919953017134078,0.38966424754765133,-0.007617955658401889,None,None,-0.0000537845876089067,-0.32528918585866773,-0.6818757458834463,-0.32801813702629734,0.38012954102000857,-2.952920267554182,2 days 03:01:35.238095237,false
XMR-USD,false,36,88,109,22.22222222222222,0.5524417008945085,0.1487603305785124,0.0001,0.000034188034188034184,4.5041322314049586,8.966942148760332,0.00045041322314049587,-1.0124518555860715,0,0,17424,726 days 01:00:00,1000.0,411.72844268334666,-58.827155731665336,34.915698157888286,100.0,149.7020326354463,64.29651981059024,635 days 19:00:00,108,1,18.69167658950613,20.487090550277344,-9.192802668893414,4.952415382772817,-2.4118879669479476,9 days 03:45:00,2 days 02:23:34.285714285,-5.620029943575549,-0.7321150614119522,-0.5597341995487195,0.9692159336710422,-0.17081315387080923,26.81478618078864,0.9772276380204606,0.3844748132846019,-0.007466933014796055,None,None,-0.000038684838145672974,-0.23396590110503016,-0.588271557316655,-0.2650864694330419,0.38460895070726425,-2.6848340097812105,3 days 16:01:39.999999999,false
XMR-USD,false,36,89,109,22.22222222222222,0.5535002359093242,0.1487603305785124,0.0001,0.000034188034188034184,4.5041322314049586,8.966942148760332,0.00045041322314049587,-0.9970704265191518,0,0,17424,726 days 01:00:00,1000.0,416.12607062609254,-58.38739293739075,34.915698157888286,100.0,150.96818782895423,63.94176473615638,635 days 19:00:00,108,1,18.891320409911373,20.217563635414482,-9.192802668893403,4.9269052057867295,-2.3929646781390717,9 days 03:55:00,2 days 02:20:42.857142857,-5.5811597202205405,-0.720693042525123,-0.5574784782133229,0.9696897179738287,-0.1680904970401101,26.82463820228693,0.9777053387051683,0.3844748132846019,-0.007461921798605322,None,None,-0.00003807763139907003,-0.23029351470157555,-0.5838739293739088,-0.26237143858066536,0.3845718932915518,-2.672239021925433,3 days 16:01:39.999999999,false
XMR-USD,false,37,86,109,22.22222222222222,0.550691747140888,0.1487603305785124,0.0001,0.000034188034188034184,4.5041322314049586,8.966942148760332,0.00045041322314049587,-1.0275169514470017,0,0,17424,726 days 01:00:00,1000.0,407.63187895374233,-59.23681210462577,34.915698157888286,100.0,149.13922167589632,64.48853936074208,635 days 19:00:00,108,1,18.50570050327076,20.67440414997486,-9.1928026688934,4.980677148104959,-2.430649461628034,9 days 03:42:30,2 days 02:22:51.428571428,-5.6562390884215565,-0.743066407954052,-0.563044814925384,0.9687566147222639,-0.17063437723650504,26.822457011377026,0.9775707774699454,0.38414488839463024,-0.007466933014796013,None,None,-0.000039260526072499894,-0.23744766168647935,-0.5923681210462538,-0.26763271452240134,0.38457976570611296,-2.6965667373098987,3 days 16:00:33.333333332,false
XMR-USD,false,37,87,109,22.22222222222222,0.5516887064115101,0.1487603305785124,0.0001,0.000034188034188034184,4.5041322314049586,8.966942148760332,0.00045041322314049587,-0.996812529780613,0,0,17424,726 days 01:00:00,1000.0,416.3379295663276,-58.36620704336723,34.915698157888286,100.0,149.6532176922226,63.54959551155462,635 days 19:00:00,108,1,20.215794119193617,20.217563635414503,-9.192802668893409,4.940207264101662,-2.399957968680753,9 days 03:55:00,2 days 02:20:42.857142857,-5.591461708822838,-0.7205358632447753,-0.5606595636825927,0.9696964493586708,-0.16844144082707688,26.856126093631662,0.9779142158786602,0.3843648208469055,-0.007460189988399908,None,None,-0.000038056593908530045,-0.23016627995878972,-0.5836620704336744,-0.2622411139742292,0.3844432663793429,-2.6716322491801847,3 days 16:01:39.999999999,false
XMR-USD,false,38,84,109,22.22222222222222,0.5535976919963671,0.1487603305785124,0.0001,0.000034188034188034184,4.5041322314049586,8.966942148760332,0.00045041322314049587,-1.0042178760900315,0,0,17424,726 days 01:00:00,1000.0,414.0966051751816,-58.590339482481845,34.915698157888286,100.0,150.31444363028484,63.80205153891983,635 days 19:00:00,108,1,20.10696388964203,20.674404149974855,-9.19280266889341,4.971503270353795,-2.4135703294891986,9 days 03:45:00,2 days 02:21:25.714285714,-5.611207025133898,-0.7261058585521036,-0.5611752675647617,0.9694542820555809,-0.1708351883880863,26.836569905091938,0.9778738601875767,0.38414488839463024,-0.007460189988399729,None,None,-0.000038360233362151955,-0.23200269137429502,-0.5859033948248171,-0.26362206104854236,0.38453798299703656,-2.678051494704106,3 days 15:59:59.999999999,false
XMR-USD,false,41,76,109,22.22222222222222,0.5694577547086132,0.1487603305785124,0.0001,0.000034188034188034184,4.5041322314049586,8.966942148760332,0.00045041322314049587,-0.9434422443749447,0,0,17424,726 days 01:00:00,1000.0,431.8830161723522,-56.811698382764774,34.915698157888286,100.0,151.39374991937834,62.110381086948564,635 days 19:00:00,108,1,20.970604690307766,20.401051514359665,-9.192802668893393,5.114631962217874,-2.4028854740693224,9 days 01:22:30,2 days 02:57:51.428571428,-5.454514708499589,-0.6817333425231203,-0.5543748134390971,0.9712567367661977,-0.16902113158727558,26.97731255868456,0.980908977628469,0.38348551012306464,-0.007458196364188714,None,None,-0.0000359748811456098,-0.2175760811686481,-0.5681169838276436,-0.25279437328132526,0.3840986466214421,-2.6271104798152134,3 days 15:56:39.999999999,false
XMR-USD,false,42,74,109,22.22222222222222,0.5744641907347494,0.1487603305785124,0.0001,0.000034188034188034184,4.5041322314049586,8.966942148760332,0.00045041322314049587,-0.9164714310545389,0,0,17424,726 days 01:00:00,1000.0,439.64030565119447,-56.03596943488055,34.915698157888286,100.0,151.51356548089717,61.19897523631318,635 days 19:00:00,108,1,21.347269307895203,20.40105151435968,-9.192802668893407,5.151782288943784,-2.3925166861321085,9 days 01:25:00,2 days 02:55:00,-5.386175589413889,-0.6619677186359628,-0.5529993501467163,0.972069670471275,-0.16629807650070463,26.944123718488402,0.9815306923209652,0.38337567481740237,-0.0074581963641886595,None,None,-0.00003494453946193708,-0.21134457466579545,-0.560359694348807,-0.24816316831505325,0.3842381249449631,-2.60489328271446,3 days 15:54:59.999999999,false
XMR-USD,false,45,68,109,22.22222222222222,0.5818505513691757,0.1487603305785124,0.0001,0.000034188034188034184,4.5041322314049586,8.966942148760332,0.00045041322314049587,-0.8660134916434226,0,0,17424,726 days 01:00:00,1000.0,456.40369814550854,-54.35963018544915,34.915698157888286,100.0,153.19049959452406,59.340338359063004,635 days 19:00:00,108,1,22.161236201945144,20.237563436749486,-9.192802668893412,5.0856153870850305,-2.3320031791263114,9 days 01:25:00,2 days 03:05:00,-5.238495722744789,-0.623987001753824,-0.5491481993879099,0.9737310144026791,-0.10576728067367064,26.531729236186482,0.9819812668495709,0.3844748132846019,-0.007458196364188644,None,None,-0.00003285919699507292,-0.19873242342620104,-0.5435963018544877,-0.23833439621194452,0.3833004661060228,-2.556882235023217,3 days 16:02:46.666666666,false
XMR-USD,false,45,85,100,22.22222222222222,0.551492046968524,0.13636363636363635,0.0001,0.000034188034188034184,4.132231404958678,8.223140495867769,0.0004132231404958678,-1.0244426786284517,0,0,17424,726 days 01:00:00,1000.0,408.66092145121775,-59.13390785487822,34.915698157888286,100.0,138.320941025206,64.62012344180017,635 days 19:00:00,99,1,18.226349929733203,20.37887300335901,-8.593290028177918,5.274702615939781,-2.6018022789604713,9 days 16:19:05.454545454,2 days 08:49:05.454545454,-6.15722655028803,-0.741516139368295,-0.5606482512194063,0.9688302804856181,-0.17553460746877728,26.76429508137362,0.9732413455043851,0.383705233065989,-0.00749250571802134,None,None,-0.00003913986691830542,-0.23671791512191118,-0.5913390785487791,-0.26699154105666956,0.3841993988038209,-2.6936195171431354,3 days 23:49:05.454545453,false
XMR-USD,false,45,87,100,22.22222222222222,0.532619205537988,0.13636363636363635,0.0001,0.000034188034188034184,4.132231404958678,8.223140495867769,0.0004132231404958678,-1.1326735705215294,0,0,17424,726 days 01:00:00,1000.0,379.7991344788604,-62.02008655211396,34.915698157888286,100.0,135.23734657703795,67.11379320074514,635 days 19:00:00,99,1,16.939109086915323,20.00982698129876,-8.593290028177899,5.19165795852338,-2.6699663149598725,9 days 23:19:05.454545454,2 days 06:50:38.961038961,-6.435757319273286,-0.8211069941299238,-0.5741677956410313,0.9655463587877651,-0.18611004453229282,26.74347223440184,0.9707428409505637,0.3835953628712085,-0.007499079125261201,None,None,-0.00004334195074051918,-0.26213211807866,-0.6202008655211435,-0.2853910827224384,0.3842082154907621,-2.776280865748696,3 days 23:50:18.181818181,false
XMR-USD,false,46,67,109,22.22222222222222,0.580450083872822,0.1487603305785124,0.0001,0.000034188034188034184,4.5041322314049586,8.966942148760332,0.00045041322314049587,-0.8537518548191764,0,0,17424,726 days 01:00:00,1000.0,461.3905459807586,-53.86094540192414,34.915698157888286,100.0,151.76201005858601,58.667499672172895,635 days 19:00:00,108,1,22.40337865878581,20.23756343674949,-9.192802668893412,5.102643324883316,-2.3237884649263454,9 days 01:27:30,2 days 02:59:17.142857142,-5.1945632655372895,-0.6142843662743438,-0.5491514079634681,0.9741435479370881,-0.07952491535260836,26.542833765087163,0.9838204705987162,0.383705233065989,-0.007451445542635776,None,None,-0.00003228450476528946,-0.19525668482047065,-0.5386094540192379,-0.23545608533044649,0.3825450710752331,-2.5425996970865574,3 days 15:58:53.333333332,false
XMR-USD,false,46,87,100,22.22222222222222,0.5345798664824247,0.13636363636363635,0.0001,0.000034188034188034184,4.132231404958678,8.223140495867769,0.0004132231404958678,-1.1102245961734056,0,0,17424,726 days 01:00:00,1000.0,385.9097851590608,-61.40902148409392,34.915698157888286,100.0,137.95431246702836,67.2306967922472,635 days 19:00:00,99,1,18.519993982131382,19.592312599254907,-8.735543285074737,5.112806591723795,-2.6349776224883508,10 days 07:13:38.181818181,2 days 04:33:30.389610389,-6.390002109323948,-0.804539165573088,-0.5658039274358935,0.9662260563619699,-0.18377707859978312,26.80464712548052,0.9712272264259556,0.38348551012306464,-0.007489941431631795,None,None,-0.00004244119873225803,-0.25668436993269655,-0.6140902148409397,-0.2814212343119957,0.3839709740084919,-2.7587797101006886,3 days 23:49:05.454545453,false
XMR-USD,false,47,81,100,22.22222222222222,0.5318558784020245,0.13636363636363635,0.0001,0.000034188034188034184,4.132231404958678,8.223140495867769,0.0004132231404958678,-1.0959830827810921,0,0,17424,726 days 01:00:00,1000.0,390.44016645746274,-60.95598335425373,34.915698157888286,100.0,135.69761079543096,65.79154026275012,635 days 19:00:00,99,1,17.41370100964366,20.045004343922532,-8.593290028177904,5.138612555018425,-2.6221972758377725,9 days 11:05:27.272727272,2 days 10:07:00.779220779,-6.333066005577584,-0.793643663341303,-0.572638635831163,0.9666544546105705,-0.17680968535572966,26.894416666177538,0.9752888836816653,0.38173023550868285,-0.007482015876363849,None,None,-0.000041806593104291224,-0.2528462750947533,-0.6095598335425387,-0.2785044422855111,0.383422124104746,-2.745804511157464,3 days 23:39:59.999999999,false
XMR-USD,false,47,82,100,22.22222222222222,0.5317881942651749,0.13636363636363635,0.0001,0.000034188034188034184,4.132231404958678,8.223140495867769,0.0004132231404958678,-1.1325164255850118,0,0,17424,726 days 01:00:00,1000.0,380.8966363082584,-61.91033636917416,34.915698157888286,100.0,135.22220059778195,66.79586795746225,635 days 19:00:00,99,1,16.98805786410719,20.045004343922542,-8.593290028177902,5.220022702679553,-2.6746003629057635,9 days 16:08:10.909090909,2 days 08:43:38.181818181,-6.42516587430151,-0.8204852791220995,-0.5755648028774751,0.9655506519395157,-0.180961525296439,26.92638298277616,0.973366441774641,0.3821686364718014,-0.007488437220127353,None,None,-0.00004322435296088199,-0.26142088670741426,-0.6191033636917411,-0.28467502262626676,0.38345610074864783,-2.773137575230961,3 days 23:42:25.454545453,false
XMR-USD,false,48,85,100,22.22222222222222,0.543462458256297,0.13636363636363635,0.0001,0.000034188034188034184,4.132231404958678,8.223140495867769,0.0004132231404958678,-1.1183021371098465,0,0,17424,726 days 01:00:00,1000.0,384.6577479188186,-61.534225208118144,34.915698157888286,100.0,136.7767284727449,67.20986145444604,635 days 19:00:00,99,1,20.091538839972884,19.592312599254896,-8.735543285074732,5.234060726630573,-2.677781273019796,10 days 07:08:10.909090909,2 days 04:21:49.090909090,-6.418523140617717,-0.810063879504783,-0.5674841893820582,0.9659760216898512,-0.1745270387880382,26.900119611728968,0.9723931345597028,0.3820590101522842,-0.007477354898302064,None,None,-0.00004266605192156991,-0.2580442820216548,-0.6153422520811812,-0.28223127231197276,0.3833726565802892,-2.7623655964105676,3 days 23:38:47.272727271,false
XMR-USD,false,50,88,100,22.22222222222222,0.5340761657790785,0.13636363636363635,0.0001,0.000034188034188034184,4.132231404958678,8.223140495867769,0.0004132231404958678,-1.2318269507368913,0,0,17424,726 days 01:00:00,1000.0,355.26852860805866,-64.47314713919413,34.915698157888286,100.0,142.63381831318006,70.19691305378184,630 days 14:00:00,99,1,17.529667839292017,19.78542602625743,-8.735543285074735,5.007916479421179,-2.715458609341658,10 days 09:49:05.454545454,2 days 03:40:31.168831168,-6.689506456881148,-0.8944627805401287,-0.5778530981921964,0.9625282198155853,-0.1980956362018322,26.77371677520242,0.9717294455245447,0.3815111393007215,-0.007492505718021537,None,None,-0.000047186970295672976,-0.28538679634823017,-0.6447314713919416,-0.3017614004737855,0.3839880988271946,-2.846537532992967,3 days 23:42:25.454545453,false
XMR-USD,false,51,82,100,22.22222222222222,0.5437308664450513,0.13636363636363635,0.0001,0.000034188034188034184,4.132231404958678,8.223140495867769,0.0004132231404958678,-1.1328506276719355,0,0,17424,726 days 01:00:00,1000.0,380.48331410401124,-61.951668589598874,34.915698157888286,100.0,139.1798941761874,67.80462774953591,635 days 19:00:00,99,1,19.4158757765353,19.592312599254903,-8.735543285074742,5.132503892762949,-2.6604756780181718,10 days 07:10:54.545454545,2 days 04:13:14.805194805,-6.453864259318428,-0.8213451524171963,-0.5674972399601084,0.9654848604695737,-0.18446120448159878,26.889569519127647,0.9721073922499718,0.3814016172506739,-0.007477354898302078,None,None,-0.000043280446976835595,-0.2617601433159017,-0.619516685895988,-0.2849445344962265,0.38355176300514754,-2.7743213470758716,3 days 23:32:43.636363635,false
XMR-USD,false,51,84,100,22.22222222222222,0.5408576482712711,0.13636363636363635,0.0001,0.000034188034188034184,4.132231404958678,8.223140495867769,0.0004132231404958678,-1.179857242222729,0,0,17424,726 days 01:00:00,1000.0,368.0370254880322,-63.196297451196784,34.915698157888286,100.0,140.56967568937466,68.88037869737644,635 days 19:00:00,99,1,18.159691303486568,20.328574473760263,-8.735543285074737,5.17848571570364,-2.7116845310033866,10 days 08:00:00,2 days 04:08:34.285714285,-6.566895614297522,-0.8557737291118249,-0.5734437507316413,0.9641028477906888,-0.18479666856596275,26.744579038010336,0.9721153376954513,0.38162067871868055,-0.00749250571802149,None,None,-0.00004515589378764466,-0.2731028456276749,-0.6319629745119657,-0.29315146472015774,0.38407269866977206,-2.8099680311538964,3 days 23:39:59.999999999,false
XMR-USD,false,52,81,100,22.22222222222222,0.5465208214386067,0.13636363636363635,0.0001,0.000034188034188034184,4.132231404958678,8.223140495867769,0.0004132231404958678,-1.1306897182497644,0,0,17424,726 days 01:00:00,1000.0,380.8740981633574,-61.912590183664264,34.915698157888286,100.0,139.17500161413642,67.7798136314907,635 days 19:00:00,99,1,18.793098436139132,19.639234895509386,-8.735543285074748,5.190286236796394,-2.67260263007541,10 days 07:13:38.181818181,2 days 04:07:00.779220779,-6.443626265381632,-0.8198241135206709,-0.56723646176747,0.9655402408597631,-0.18530336965412073,26.858778839352553,0.9725718489392658,0.38085426737459394,-0.00748201587636376,None,None,-0.00004321385946438674,-0.261357422040611,-0.6191259018366415,-0.2846897139796115,0.38367218154237975,-2.773202125407787,3 days 23:28:29.090909090,false
XMR-USD,false,52,85,100,22.22222222222222,0.5314427539216633,0.13636363636363635,0.0001,0.000034188034188034184,4.132231404958678,8.223140495867769,0.0004132231404958678,-1.2274273105200209,0,0,17424,726 days 01:00:00,1000.0,356.0644051908316,-64.39355948091684,34.915698157888286,100.0,142.3734776006268,70.27707423525428,630 days 14:00:00,99,1,17.5689379997865,19.78542602625742,-8.73554328507475,4.947052234410743,-2.694618640426291,10 days 09:54:32.727272727,2 days 03:31:10.129870129,-6.68186396776722,-0.891593501405287,-0.576242014276326,0.9626113462793383,-0.20510011783699697,26.784619449574453,0.9718229381097626,0.38096370264701224,-0.0074899414316319515,None,None,-0.000047050527312512765,-0.2845615891860772,-0.6439355948091685,-0.3012188820378692,0.3841099391798198,-2.8442581096253634,3 days 23:36:21.818181816,false
XMR-USD,false,53,84,100,22.22222222222222,0.5304654971839158,0.13636363636363635,0.0001,0.000034188034188034184,4.132231404958678,8.223140495867769,0.0004132231404958678,-1.2540376419601904,0,0,17424,726 days 01:00:00,1000.0,349.8094595457919,-65.01905404542082,34.915698157888286,100.0,141.19389582931646,70.35769291070454,630 days 14:00:00,99,1,16.61143287834676,19.785426026257426,-8.735543285074753,4.976006889276807,-2.722794302045545,10 days 09:57:16.363636363,2 days 03:31:10.129870129,-6.735373468005605,-0.9113468974793845,-0.5830835416786183,0.961778365276305,-0.20850688933600567,26.825153392101107,0.970791282068774,0.3804166996751961,-0.007489941431631874,None,None,-0.000048076013288652654,-0.29076372836977127,-0.6501905404542077,-0.30550419825663166,0.3839747545405268,-2.862172532005678,3 days 23:36:58.181818180,false
XMR-USD,false,70,88,82,22.22222222222222,0.5714163381403531,0.1115702479338843,0.0001,0.000034188034188034184,3.388429752066116,6.735537190082645,0.0003388429752066116,-0.9778923574466748,0,0,17424,726 days 01:00:00,1000.0,418.5866701554212,-58.14133298445788,34.915698157888286,100.0,127.56858688990745,63.29665442770901,630 days 14:00:00,81,1,17.462872313184505,18.062286395549105,-11.388143219999108,5.771188974171039,-2.9445008151665255,12 days 04:23:20,2 days 18:00:00,-7.393533359972388,-0.7129120363764577,-0.56014232404785,0.9697572519652917,-0.4155723722571107,30.41493650543987,0.9661214197354704,0.38030735107731306,-0.007442722754766124,None,None,-0.00003770420485902773,-0.2280350309873997,-0.58141332984458,-0.26086046699583965,0.38495661213702537,-2.665191763359381,4 days 20:18:31.111111111,false
XMR-USD,false,71,87,82,22.22222222222222,0.5740191750459355,0.1115702479338843,0.0001,0.000034188034188034184,3.388429752066116,6.735537190082645,0.0003388429752066116,-0.9719612894637458,0,0,17424,726 days 01:00:00,1000.0,420.31379433218467,-57.96862056678154,34.915698157888286,100.0,127.9206889571179,63.165285221349606,630 days 14:00:00,81,1,17.53492560851913,19.65320680683071,-11.38814321999911,5.821839783982405,-2.9474452134453406,12 days 04:33:20,2 days 17:58:05.714285714,-7.373100386127588,-0.708440064100393,-0.5591898665426973,0.9699423104459055,-0.41419734713531103,30.414150782238508,0.9665078136165821,0.38030735107731306,-0.007442722754766243,None,None,-0.0000374678610815666,-0.22660562382131477,-0.5796862056678171,-0.25980335855309034,0.38495833917977496,-2.660245208463204,4 days 20:19:15.555555554,false
XMR-USD,false,72,86,82,22.22222222222222,0.5713688744987793,0.1115702479338843,0.0001,0.000034188034188034184,3.388429752066116,6.735537190082645,0.0003388429752066116,-0.9768241958175877,0,0,17424,726 days 01:00:00,1000.0,418.92729831937413,-58.107270168062584,34.915698157888286,100.0,126.70900453510592,62.79404032224195,630 days 14:00:00,81,1,17.47708286157865,19.653206806830724,-11.388143219999117,5.831763093383521,-2.955206120599243,12 days 04:30:00,2 days 17:59:02.857142857,-7.3895035128667175,-0.7120194893404509,-0.5642053792427335,0.9697942005482063,-0.41422977892299445,30.413349287915196,0.9659570306584903,0.3804166996751961,-0.007441978715800771,None,None,-0.00003765735146856324,-0.22775166168187047,-0.5810727016806252,-0.2606517560387125,0.38496020314989565,-2.664216190244925,4 days 20:19:15.555555555,false
XMR-USD,false,9,12,645,22.204968944099377,0.3249892892268381,0.8870523415977961,0.0001,0.000034161490683229814,26.65289256198347,53.264462809917354,0.002665289256198347,-5.69099242512785,0,0,17424,726 days 01:00:00,1000.0,17.198073017607726,-98.28019269823923,34.915698157888286,100.0,344.8612883562005,98.32502881348955,725 days 02:00:00,644,1,0.054082540648764166,16.682556582211614,-11.805396837296518,1.5983556339491098,-1.2460892540563577,1 days 09:34:49.510489510,0 days 09:09:13.293413173,-1.526173927830808,-4.2357380713376225,-0.8851286689103832,0.8334872476577576,-0.41895724357317354,37.698563198881686,1.0181940740702895,0.3499380229315153,-0.007812256682019771,None,None,-0.0002211747218241717,-1.3376647175925904,-0.9828019269823921,-0.7559060252045947,0.3800706534988597,-3.8147852651783616,0 days 14:34:39.503105588,false
XMR-USD,false,16,21,330,22.188449848024316,0.46483651365714845,0.453168044077135,0.0001,0.00003413607668926818,13.636363636363637,27.231404958677686,0.0013636363636363637,-2.54241342727639,0,0,17424,726 days 01:00:00,1000.0,159.9683333145083,-84.00316666854917,34.915698157888286,100.0,287.82594579563204,84.89389344212252,722 days 11:00:00,329,1,6.6736634919286075,21.342974034476303,-7.903274888121231,2.7760543398164814,-1.4763096807197469,2 days 20:00:49.315068493,0 days 17:36:05.625000,-2.573572432150216,-1.8270478668314807,-0.7091591859525562,0.9260610681692438,0.32660987359183546,22.43864761801228,1.0152489606064172,0.3708598851388561,-0.007611928139435947,None,None,-0.00009367098494114563,-0.5665221169240487,-0.8400316666854917,-0.47066556939210236,0.37317548469099326,-3.405885349583676,1 days 04:47:14.042553190,false
XMR-USD,false,17,29,285,22.183098591549296,0.46000039401048454,0.39118457300275483,0.0001,0.00003412784398699892,11.776859504132231,23.51239669421488,0.001177685950413223,-2.4209070780087294,0,0,17424,726 days 01:00:00,1000.0,171.511832527715,-82.84881674722851,34.915698157888286,100.0,258.66936905593343,84.15688333541938,722 days 11:00:00,284,1,7.936157801993318,23.389151865388293,-5.914882632735085,2.9346860631192926,-1.6002163405220655,3 days 11:51:25.714285714,0 days 19:25:14.932126696,-2.9451560749094345,-1.7378468752368796,-0.6985118201562398,0.929790079520104,0.33674502370527654,22.275481523638916,1.0053099771239966,0.3776881720430108,-0.007658393323117664,None,None,-0.00008955487336459518,-0.5416278741090716,-0.8284881674722852,-0.4577082028145558,0.3750901513138851,-3.37282429160051,1 days 09:42:53.239436618,false
XMR-USD,false,13,39,267,22.18045112781955,0.46967471467168226,0.36639118457300274,0.0001,0.00003412377096587623,11.03305785123967,22.024793388429753,0.001103305785123967,-2.10196082058096,0,0,17424,726 days 01:00:00,1000.0,212.2870008797695,-78.77129991202305,34.915698157888286,100.0,249.8922424568809,80.390345833611,722 days 11:00:00,266,1,9.82289742616743,23.465520524001384,-6.399618215274423,3.1120344109097537,-1.599466373228083,3 days 17:32:32.542372881,0 days 20:50:08.695652173,-2.998255250174429,-1.5044411569177818,-0.6732105585287566,0.9388996535782501,0.3557935100852946,22.391003548650957,1.0075996282303146,0.3798701298701298,-0.007592921762430984,None,None,-0.00007736507477038352,-0.4679039722112795,-0.787712999120227,-0.41603944311641017,0.3743067750674096,-3.256042527227162,1 days 12:04:30.676691727,false
XMR-USD,false,9,18,515,22.17898832684825,0.38381449976645815,0.7079889807162535,0.0001,0.00003412152050284346,21.280991735537192,42.5206611570248,0.002128099173553719,-4.334952277391108,0,0,17424,726 days 01:00:00,1000.0,44.42752332559894,-95.55724766744011,34.915698157888286,100.0,343.35802529009845,95.70124221722011,725 days 02:00:00,514,1,0.8937649207854079,14.344903282656988,-11.465212964445191,1.866637355902314,-1.290333649376016,1 days 19:21:34.736842105,0 days 11:10:03,-1.860829263803867,-3.20019754231063,-0.8265339112784507,0.8719612673162384,-0.42212049649380773,37.292803137187015,1.0169718045886782,0.35803912399657084,-0.00770595531360738,None,None,-0.00016676880503238377,-1.008617732835857,-0.9555724766744005,-0.6606741659526294,0.37931146853271513,-3.736798996122936,0 days 18:18:26.614785991,false
XMR-USD,false,14,43,258,22.17898832684825,0.4299035823044105,0.35399449035812675,0.0001,0.00003412152050284346,10.661157024793388,21.280991735537192,0.0010661157024793389,-2.279618663492768,0,0,17424,726 days 01:00:00,1000.0,186.55745521845154,-81.34425447815484,34.915698157888286,100.0,229.41329598200764,82.71844427222247,722 days 11:00:00,257,1,8.6323455468455,24.879197779776195,-6.399618215274414,2.988251407654979,-1.6549352637925705,3 days 21:18:56.842105263,0 days 21:46:30,-3.198734981822547,-1.6379358195293883,-0.6891442430975558,0.9338320234409093,0.29505013565418514,22.45545670577561,0.9974760894746756,0.3848048954939204,-0.0076315217993825684,None,None,-0.00008465857744746433,-0.5120150764022643,-0.8134425447815499,-0.44164789425508866,0.376211468415876,-3.3297330074947173,1 days 13:38:31.284046691,false
XMR-USD,false,20,29,258,22.17898832684825,0.4363559230465859,0.35399449035812675,0.0001,0.00003412152050284346,10.661157024793388,21.280991735537192,0.0010661157024793389,-2.3333081317586992,0,0,17424,726 days 01:00:00,1000.0,182.07012430719897,-81.7929875692801,34.915698157888286,100.0,232.30356231955858,83.20301014993517,722 days 11:00:00,257,1,8.64598016591188,23.465520524001402,-6.399618215274422,3.0266716173987325,-1.6781677924735676,3 days 18:03:09.473684210,0 days 22:23:06,-3.2162484663763133,-1.6743313124614618,-0.6914172148053915,0.9323053176747677,0.3384934409587915,22.38537722684397,0.9992729076389125,0.38052606559974644,-0.007624566622412807,None,None,-0.0000861597592392179,-0.5210942238787898,-0.8179298756928016,-0.4463464580706459,0.3745596769575694,-3.3425849083530674,1 days 13:23:34.785992217,false
XMR-USD,false,16,38,249,22.177419354838708,0.43875447937986106,0.3415977961432507,0.0001,0.00003411910669975186,10.289256198347108,20.537190082644628,0.0010289256198347109,-2.2493820624208807,0,0,17424,726 days 01:00:00,1000.0,190.41642651541645,-80.95835734845835,34.915698157888286,100.0,226.33019518456106,82.45177966938635,722 days 11:00:00,248,1,9.042321760259398,23.46552052400139,-6.399618215274426,3.1184412798876555,-1.7106670481632047,3 days 22:18:32.727272727,0 days 23:08:04.974093264,-3.3009108679227506,-1.6159092246756828,-0.6859780551055925,0.9345835719757879,0.29349476887477394,22.51456352142267,0.9980764078515224,0.38326585695006754,-0.007638748123338944,None,None,-0.00008349162399883347,-0.5049573419449448,-0.8095835734845844,-0.43766593659781794,0.37608316471109415,-3.3186807544951793,1 days 14:55:09.677419354,false
XMR-USD,false,15,47,240,22.17573221757322,0.479862243482666,0.32920110192837465,0.0001,0.0000341165111039588,9.917355371900827,19.793388429752067,0.0009917355371900827,-1.9802669037220801,0,0,17424,726 days 01:00:00,1000.0,225.77823519080243,-77.42217648091976,34.915698157888286,100.0,230.4323858768131,79.07148790821384,722 days 11:00:00,239,1,10.721551109948251,25.977214236284222,-6.399618215274431,3.439487610970983,-1.7351742518101403,4 days 08:14:43.018867924,0 days 22:16:07.741935483,-3.2842816565654607,-1.4202038202369016,-0.6661850772287321,0.9423316888011521,0.2923532354327306,22.224361832238937,0.9970777819700671,0.3861267997772651,-0.007633162839139247,None,None,-0.00007363546647439531,-0.44534730123714283,-0.774221764809197,-0.4034166681669604,0.3773934081627595,-3.21740307556841,1 days 16:26:51.715481170,false
XMR-USD,false,24,27,240,22.17573221757322,0.44819594425248716,0.32920110192837465,0.0001,0.0000341165111039588,9.917355371900827,19.793388429752067,0.0009917355371900827,-2.1655329909470074,0,0,17424,726 days 01:00:00,1000.0,200.92746312838744,-79.90725368716124,34.915698157888286,100.0,223.93877762105916,81.48311331132597,722 days 11:00:00,239,1,9.54146028957453,23.465520524001402,-6.3996182152744066,3.193884594486444,-1.7342888886806487,3 days 22:58:52.075471698,1 days 00:47:05.806451612,-3.3833221638543423,-1.5538830982417104,-0.679536291317813,0.9369999957477175,0.2977405268580188,22.480195633924243,0.9957564110439819,0.383705233065989,-0.007650913471011374,None,None,-0.00008038112090936946,-0.4861450192598665,-0.7990725368716142,-0.42708045166548114,0.37652486336185575,-3.2885767119941804,1 days 16:21:05.271966526,false
XMR-USD,false,26,31,222,22.171945701357465,0.47516184615241874,0.3044077134986226,0.0001,0.000034110685694396097,9.173553719008265,18.305785123966942,0.0009173553719008264,-1.934858162222076,0,0,17424,726 days 01:00:00,1000.0,229.26817765962278,-77.07318223403772,34.915698157888286,100.0,212.83441831041912,79.10978708187194,722 days 11:00:00,221,1,12.015926329702523,20.68021897104222,-6.92802601102622,3.584511492954181,-1.837642608619755,4 days 12:03:40.408163265,1 days 01:22:19.534883720,-3.5418450166066897,-1.3894272424285092,-0.6612317491140732,0.9434718474815487,0.2095466032433159,22.732497969221342,0.9978506283162171,0.3865679955438848,-0.0076553452198767635,None,None,-0.0000725761112972865,-0.43894032112598874,-0.7707318223403778,-0.40023197346952466,0.3802032536257755,-3.2074077363572653,1 days 19:42:21.176470587,false
XMR-USD,false,30,33,186,22.162162162162165,0.5279781310072498,0.2548209366391185,0.0001,0.000034095634095634105,7.685950413223141,15.330578512396695,0.0007685950413223141,-1.3885569413094616,0,0,17424,726 days 01:00:00,1000.0,326.5150314451148,-67.34849685548852,34.915698157888286,100.0,197.7993040149654,71.3730782042825,722 days 11:00:00,185,1,16.2684888854252,21.53886254907431,-7.1255631390876,4.109842730967117,-1.903948019690842,5 days 05:57:04.390243902,1 days 07:09:10,-3.7283970672449236,-0.9966825650041589,-0.6029246198671342,0.9589402524771327,0.12881446861548526,23.30288008716242,0.9920815413664246,0.39010769844435583,-0.007608808267455931,None,None,-0.00005221308937040401,-0.31578476451220344,-0.6734849685548867,-0.3219185542318881,0.3813120006950698,-2.9288887351167827,2 days 04:09:43.783783783,false
XMR-USD,false,17,65,177,22.15909090909091,0.5015154224449454,0.24242424242424243,0.0001,0.00003409090909090909,7.31404958677686,14.586776859504132,0.000731404958677686,-1.4498864307169808,0,0,17424,726 days 01:00:00,1000.0,314.41803309676743,-68.55819669032326,34.915698157888286,100.0,194.04216647555037,71.31043582681666,722 days 11:00:00,176,1,14.266980853328732,21.246964398202287,-7.125563139087611,3.791109091571564,-1.8856236691113333,5 days 17:07:41.538461538,1 days 07:14:00.875912408,-3.976414475889551,-1.0415894596635358,-0.6184731000930062,0.9570789836903517,0.13002376141289002,23.42913043591225,0.9880727281919051,0.38888888888888895,-0.007528596230453355,None,None,-0.00005443639360875919,-0.3292313085457756,-0.6855819669032337,-0.3307457976862396,0.3804089389470942,-2.9635350374580534,2 days 06:41:55.909090907,false
XMR-USD,false,26,41,177,22.15909090909091,0.5173714355081334,0.24242424242424243,0.0001,0.00003409090909090909,7.31404958677686,14.586776859504132,0.000731404958677686,-1.3828640066862234,0,0,17424,726 days 01:00:00,1000.0,326.8542937931902,-67.31457062068098,34.915698157888286,100.0,194.22495479208038,70.90419682388873,722 days 11:00:00,176,1,16.28539250457709,20.680218971042216,-7.125563139087608,3.9699483014391954,-1.9061622045973194,5 days 12:30:46.153846153,1 days 08:43:47.737226277,-3.9172221517692387,-0.993670175596285,-0.6064921200040171,0.959042262129795,0.11572404741409778,23.272208100543295,0.9896187168390207,0.39044047239067986,-0.0075929217624309655,None,None,-0.00005212210328948297,-0.315234480694793,-0.6731457062068094,-0.3216740952002247,0.3818014926484141,-2.927917073755348,2 days 06:50:27.272727271,false
XMR-USD,false,17,76,168,22.15568862275449,0.5137604799990665,0.23002754820936638,0.0001,0.00003408567480423768,6.9421487603305785,13.842975206611571,0.0006942148760330579,-1.3552047569563308,0,0,17424,726 days 01:00:00,1000.0,333.0529737556251,-66.6947026244375,34.915698157888286,100.0,190.0093151129599,69.65077143340265,722 days 11:00:00,167,1,15.11255684960446,22.09083756125399,-7.172505688054696,3.923468268821166,-1.9244949262158153,6 days 08:53:30.810810810,1 days 06:48:00,-4.084189120323238,-0.9742873774963007,-0.609640951858666,0.9599066879872222,0.09076186281885164,23.06037840516075,0.9875284926823642,0.3912175648702595,-0.007529929648075678,None,None,-0.00005106303548832746,-0.3088292386334045,-0.6669470262443751,-0.31723644357961067,0.3814850267113532,-2.910163798611301,2 days 09:51:01.077844310,false
XMR-USD,false,18,72,168,22.15568862275449,0.5319274640659151,0.23002754820936638,0.0001,0.00003408567480423768,6.9421487603305785,13.842975206611571,0.0006942148760330579,-1.2674753677137978,0,0,17424,726 days 01:00:00,1000.0,353.6385483759466,-64.63614516240534,34.915698157888286,100.0,193.52692634088382,67.77492477068738,722 days 11:00:00,167,1,16.04664449104871,21.246964398202287,-7.172505688054685,3.9722258521957774,-1.8928899316797039,6 days 08:45:24.324324324,1 days 06:46:36.923076923,-3.9665155455994183,-0.9104604638798462,-0.6005281739068519,0.9624546246872414,0.09628870007906398,23.163501741455246,0.9873846139459138,0.3915508704679764,-0.007520747578736218,None,None,-0.00004765388980281504,-0.2882107255274254,-0.6463614516240517,-0.30287497706001043,0.38097388697849033,-2.85120586362391,2 days 09:48:08.622754490,false
XMR-USD,false,21,62,168,22.15568862275449,0.5415902051650269,0.23002754820936638,0.0001,0.00003408567480423768,6.9421487603305785,13.842975206611571,0.0006942148760330579,-1.2769424665191258,0,0,17424,726 days 01:00:00,1000.0,351.32741567952144,-64.86725843204786,34.915698157888286,100.0,198.8928858876368,67.8475761383343,722 days 11:00:00,167,1,15.941774914693156,21.246964398202284,-7.172505688054686,4.030605065885583,-1.911144215369025,6 days 03:14:35.675675675,1 days 08:12:27.692307692,-3.97972670200702,-0.91593028655267,-0.6027613253747217,0.9621437578726608,0.12717021494482117,23.31646793270575,0.9907027844625326,0.3895534290271132,-0.007520747578736097,None,None,-0.00004800091539084948,-0.29030953628385764,-0.6486725843204797,-0.3044596654237147,0.3814565214520179,-2.857825043014149,2 days 09:41:40.598802394,false
XMR-USD,false,16,24,317,22.151898734177212,0.4552351823008606,0.43526170798898073,0.0001,0.00003407984420642648,13.099173553719009,26.15702479338843,0.001309917355371901,-2.6731128544361273,0,0,17424,726 days 01:00:00,1000.0,146.34533713097335,-85.36546628690267,34.915698157888286,100.0,274.14596177717016,86.27232373284885,722 days 11:00:00,316,1,6.771659260708134,24.35030201579445,-5.166804431970882,2.8825737854018003,-1.5665476845167767,3 days 02:00:00,0 days 17:35:07.317073170,-2.7228681080054913,-1.9217207110284522,-0.7180144492374763,0.9224665359849773,0.33623566206052874,22.388376351589695,1.0125252130474638,0.3717232149885854,-0.0076387481233390645,None,None,-0.00009873061832139239,-0.5971227796077812,-0.8536546628690269,-0.4867683503545249,0.37395516027639947,-3.444902172681218,1 days 06:04:56.202531644,false
XMR-USD,false,23,64,159,22.151898734177212,0.5757669613283042,0.21763085399449036,0.0001,0.00003407984420642648,6.570247933884298,13.099173553719009,0.0006570247933884298,-1.0386569852918888,0,0,17424,726 days 01:00:00,1000.0,412.0683631094705,-58.79316368905295,34.915698157888286,100.0,201.67331335696107,62.17479712410011,722 days 11:00:00,158,1,18.28792410013682,22.090837561254002,-7.172505688054706,4.191982284953944,-1.873059764720338,6 days 12:53:08.571428571,1 days 09:47:48.292682926,-3.8368326644978774,-0.744264996803206,-0.5784079811849818,0.9692148487392694,0.11813239373539686,23.12090516734496,0.9881610156052787,0.39244046667732146,-0.007489941431631966,None,None,-0.00003890850947693729,-0.23531866531651674,-0.5879316368905237,-0.2648759342810246,0.38051777090635863,-2.683860463657095,2 days 13:03:47.848101264,false
XMR-USD,false,24,58,159,22.151898734177212,0.5591209488946193,0.21763085399449036,0.0001,0.00003407984420642648,6.570247933884298,13.099173553719009,0.0006570247933884298,-1.1832955599743908,0,0,17424,726 days 01:00:00,1000.0,373.7816140870401,-62.62183859129598,34.915698157888286,100.0,190.68294335478117,65.9394014351519,722 days 11:00:00,158,1,16.5887275035343,22.166403311106556,-7.172505688054678,4.347408347691335,-1.991112341086022,6 days 10:34:17.142857142,1 days 10:21:57.073170731,-4.068399452003124,-0.8481229996534921,-0.5918480346250964,0.9649019964243557,0.13339456098187755,23.287280756588284,0.9867689056940766,0.39099544982837064,-0.007523499489008746,None,None,-0.00004444647598111352,-0.26881228673377455,-0.6262183859129611,-0.28934139364443834,0.38144896117041355,-2.7935152924086157,2 days 12:59:37.215189871,false
XMR-USD,false,16,26,308,22.149837133550488,0.45412073671329917,0.4228650137741047,0.0001,0.0000340766725131546,12.727272727272728,25.41322314049587,0.0012727272727272728,-2.56681825460662,0,0,17424,726 days 01:00:00,1000.0,156.7879208585548,-84.32120791414452,34.915698157888286,100.0,269.0955153865767,85.29957911526797,722 days 11:00:00,307,1,7.254856198792453,23.389151865388293,-5.077324435018424,2.8437824083883427,-1.5515179260746934,3 days 04:22:56.470588235,0 days 18:11:17.824267782,-2.770250603714126,-1.8422699082112564,-0.7104728688334573,0.9257452094559063,0.3492021834291882,22.234303635325258,1.0150560730238463,0.3733448928121059,-0.007641628599557642,None,None,-0.00009475108619374031,-0.5730545692997414,-0.8432120791414458,-0.4743422788163315,0.37435952128165195,-3.4149941820680554,1 days 07:04:41.433224754,false
XMR-USD,false,18,27,290,22.145328719723185,0.4521676922571039,0.39807162534435264,0.0001,0.000034069736491881826,11.983471074380166,23.925619834710744,0.0011983471074380166,-2.5257172727055597,0,0,17424,726 days 01:00:00,1000.0,160.18321368130228,-83.98167863186977,34.915698157888286,100.0,262.3218989418517,85.33809506869362,722 days 11:00:00,289,1,7.411962441715531,23.389151865388303,-5.914882632735086,2.846865415029356,-1.5908229649583223,3 days 09:37:30,0 days 19:17:36,-2.9315873659529887,-1.8139326106620113,-0.7051530589344972,0.9267739622030596,0.3384054489205106,22.28467236479637,1.0039079796023478,0.3769261161596207,-0.007669288172738416,None,None,-0.0000934760198263901,-0.5653429679100074,-0.8398167863186998,-0.47041888509267715,0.3750913144188243,-3.405269923348112,1 days 09:05:48.788927335,false
XMR-USD,false,13,46,263,22.137404580152673,0.4226243787411715,0.3608815426997245,0.0001,0.00003405754550792719,10.867768595041323,21.694214876033058,0.0010867768595041324,-2.3437541296357973,0,0,17424,726 days 01:00:00,1000.0,178.14066123506905,-82.1859338764931,34.915698157888286,100.0,229.54850544933916,83.49812522414531,722 days 11:00:00,262,1,8.242885506365866,24.879197779776195,-6.399618215274412,2.957549968972316,-1.650568549088245,3 days 21:07:14.482758620,0 days 21:00:00,-3.168329100272131,-1.685919086750243,-0.6945223060004784,0.9319899368044887,0.2830418357328756,22.374089140342655,0.995403685081906,0.3856858846918489,-0.007638748123339015,None,None,-0.0000872715525712927,-0.5278183499511783,-0.8218593387649293,-0.45052339005070385,0.37678527248941757,-3.3538390527048745,1 days 12:57:56.335877861,false
XMR-USD,false,18,30,263,22.137404580152673,0.44531246843909295,0.3608815426997245,0.0001,0.00003405754550792719,10.867768595041323,21.694214876033058,0.0010867768595041324,-2.290158254094546,0,0,17424,726 days 01:00:00,1000.0,187.36397349212166,-81.26360265078783,34.915698157888286,100.0,239.67983449527375,82.69256851246462,722 days 11:00:00,262,1,8.66966458306419,23.46552052400138,-6.399618215274426,3.0168229825899404,-1.642574520272085,3 days 17:30:00,0 days 21:36:10.588235294,-3.1347545461486366,-1.6423499204412464,-0.6882310817625139,0.933530839268266,0.3409285711369866,22.383425567566956,1.0022558416168976,0.37965162311955664,-0.007617955658401926,None,None,-0.0000845149440005299,-0.5111463813152048,-0.8126360265078791,-0.4408112576700246,0.3745637622533645,-3.3274231058853525,1 days 12:38:00.916030533,false
XMR-USD,false,15,40,254,22.134387351778656,0.42777607995313804,0.3484848484848485,0.0001,0.00003405290361812101,10.495867768595042,20.950413223140497,0.0010495867768595044,-2.366688440966636,0,0,17424,726 days 01:00:00,1000.0,175.6277789398314,-82.43722210601686,34.915698157888286,100.0,225.81464120745366,83.79400729394433,722 days 11:00:00,253,1,8.126609969343491,24.8791977797762,-6.399618215274428,3.0674900685671407,-1.715888874889699,3 days 21:28:55.714285714,0 days 22:28:56.040609137,-3.290509213555377,-1.7027292857194816,-0.6956376813914705,0.9312308584328088,0.28191898569411367,22.432870345548817,0.9967833412210357,0.38348551012306464,-0.007650913471011398,None,None,-0.00008809827346649161,-0.5328183579253413,-0.8243722210601707,-0.4532261549272667,0.3765994972910376,-3.3610360512694584,1 days 14:11:51.462450592,false
XMR-USD,false,18,32,254,22.134387351778656,0.44360071551522734,0.3484848484848485,0.0001,0.00003405290361812101,10.495867768595042,20.950413223140497,0.0010495867768595044,-2.2845133560918915,0,0,17424,726 days 01:00:00,1000.0,187.83754687973794,-81.2162453120262,34.915698157888286,100.0,232.12563584102762,82.66735516993981,722 days 11:00:00,253,1,8.691577666724726,23.46552052400138,-6.399618215274421,3.0646563629472516,-1.6830130027058794,3 days 18:15:00,0 days 23:09:08.223350253,-3.244482335126428,-1.6393516172941802,-0.6877790999684725,0.9336463311142801,0.33455282292443694,22.390887724773783,1.0003075908087413,0.38063544885508277,-0.007633162839139232,None,None,-0.00008436786816866447,-0.5102568666840827,-0.8121624531202642,-0.4403210945692835,0.37459580216616273,-3.3260667721655603,1 days 14:00:14.229249010,false
XMR-USD,false,16,43,245,22.131147540983605,0.4615388462398305,0.33608815426997246,0.0001,0.00003404791929382093,10.12396694214876,20.206611570247933,0.0010123966942148762,-2.134618270275688,0,0,17424,726 days 01:00:00,1000.0,204.34102068883044,-79.56589793111696,34.915698157888286,100.0,228.9002278469963,81.09520277184305,722 days 11:00:00,244,1,9.70356020066697,25.977214236284258,-6.928026011026199,3.3366151735050447,-1.7401085846201103,4 days 05:42:13.333333333,0 days 22:02:31.578947368,-3.3006661455403146,-1.5327384967613584,-0.6781061897268402,0.9379591298218692,0.2892522942066694,22.287404451421814,0.9975243694064336,0.3856858846918489,-0.007631521799382605,None,None,-0.0000793852053281947,-0.4801217218249215,-0.7956589793111724,-0.4237206966464582,0.3769896710245297,-3.2788001423119515,1 days 15:40:19.672131146,false
XMR-USD,false,20,32,245,22.131147540983605,0.43649151811180575,0.33608815426997246,0.0001,0.00003404791929382093,10.12396694214876,20.206611570247933,0.0010123966942148762,-2.2976205000716883,0,0,17424,726 days 01:00:00,1000.0,184.12556939868978,-81.58744306013102,34.915698157888286,100.0,224.1965466506942,83.0315266417086,722 days 11:00:00,244,1,8.743587269552734,23.465520524001406,-6.399618215274416,3.12723098640269,-1.7415816141695826,3 days 22:30:00,0 days 23:54:56.842105263,-3.3795820404543515,-1.6524604467603068,-0.6899502143539258,0.9331475750293858,0.28066694452631047,22.519685160339925,0.9928087793919077,0.3838151207115629,-0.007641628599557698,None,None,-0.00008541060261805261,-0.5165633246339821,-0.8158744306013119,-0.4441849808938939,0.37621720910121104,-3.3366980288119623,1 days 15:32:12.786885245,false
XMR-USD,false,26,89,123,22.131147540983605,0.6187800301586684,0.16804407713498623,0.0001,0.00003404791929382093,5.082644628099174,10.12396694214876,0.0005082644628099174,-0.7214050884998924,0,0,17424,726 days 01:00:00,1000.0,502.5240950223594,-49.74759049776406,34.915698157888286,100.0,170.28856736393837,55.67323558354354,635 days 19:00:00,122,1,23.671028936676976,20.27319932391646,-8.039372144347578,4.954602334014617,-2.079564881125089,8 days 08:40:00,1 days 19:56:12.631578947,-4.2716961796255495,-0.517882076114213,-0.5252777666461181,0.9782493264396052,-0.06636630508783296,26.600722080634,0.9884644606837506,0.389442628179571,-0.00744272275476616,None,None,-0.000027305935080840504,-0.16514629536892336,-0.4974759049776404,-0.21245516652856378,0.38378157192418255,-2.424791515633059,3 days 06:37:22.622950818,false
XMR-USD,false,27,85,123,22.131147540983605,0.6077795125066409,0.16804407713498623,0.0001,0.00003404791929382093,5.082644628099174,10.12396694214876,0.0005082644628099174,-0.7560087176020037,0,0,17424,726 days 01:00:00,1000.0,490.04935350642063,-50.995064649357936,34.915698157888286,100.0,168.97348926191785,56.877434020990194,635 days 19:00:00,122,1,23.08341538674705,20.398670625822778,-8.039372144347578,4.9118134740103025,-2.0952545140899677,8 days 04:57:46.666666666,1 days 21:06:56.842105263,-4.369131654756776,-0.5432679408862101,-0.5297786479137238,0.9772134461788126,-0.07695443501118863,26.4417345531976,0.9866020463362952,0.3903295300406926,-0.007458196364188663,None,None,-0.000028700395226697133,-0.17357999033106428,-0.5099506464935839,-0.2192965327094063,0.38453134260008887,-2.4605196899904156,3 days 06:43:16.721311474,false
XMR-USD,false,29,79,123,22.131147540983605,0.6249036058491545,0.16804407713498623,0.0001,0.00003404791929382093,5.082644628099174,10.12396694214876,0.0005082644628099174,-0.6921345392173456,0,0,17424,726 days 01:00:00,1000.0,510.97754785367897,-48.9022452146321,34.915698157888286,100.0,171.05204789137915,55.093128720554475,635 days 19:00:00,122,1,24.069222632396247,20.693259147012714,-8.039372144347585,4.979738663151342,-2.069066354070354,7 days 22:35:33.333333333,1 days 23:02:31.578947368,-4.20566946539932,-0.4971903120447685,-0.5199926366834028,0.9791372271677244,-0.07795624246282336,26.365919610013908,0.9867274382310374,0.3914397508584205,-0.007460189988399761,None,None,-0.000026283938596500247,-0.1589652606316335,-0.48902245214632,-0.20788194809860094,0.384791730952737,-2.4005804779700193,3 days 06:48:41.311475408,false
XMR-USD,false,29,82,123,22.131147540983605,0.598318256574224,0.16804407713498623,0.0001,0.00003404791929382093,5.082644628099174,10.12396694214876,0.0005082644628099174,-0.8007700886811988,0,0,17424,726 days 01:00:00,1000.0,476.08389802598356,-52.39161019740164,34.915698157888286,100.0,166.77736117103237,57.73918201385639,635 days 19:00:00,122,1,22.42558284883347,20.56341825819545,-8.039372144347583,4.879589524906034,-2.1163085242720343,8 days 02:44:26.666666666,1 days 21:36:00,-4.478210531334832,-0.5759007015488516,-0.5393325071892673,0.9758394839692132,-0.08229447256191953,26.556638633718382,0.9844257532163333,0.389775083745414,-0.007458196364188707,None,None,-0.00003038829332985404,-0.18378839805895722,-0.523916101974021,-0.22709171320477994,0.384075537168093,-2.500517330642725,3 days 06:36:23.606557376,false
XMR-USD,false,31,73,123,22.131147540983605,0.6359817130484627,0.16804407713498623,0.0001,0.00003404791929382093,5.082644628099174,10.12396694214876,0.0005082644628099174,-0.6433164349508285,0,0,17424,726 days 01:00:00,1000.0,527.1215476153174,-47.287845238468265,34.915698157888286,100.0,175.1698959112162,52.933204010247415,635 days 19:00:00,122,1,24.82967390089601,19.59368917755767,-8.039372144347585,4.891243481981842,-2.0147997412326957,7 days 16:26:40,2 days 01:00:00,-4.079574805619491,-0.4617620174531021,-0.5199662890762848,0.9806268640974523,-0.07157665999361708,26.212058949847375,0.985811146014193,0.39321979691372827,-0.007466933014796005,None,None,-0.00002445500610180184,-0.14790387690369752,-0.4728784523846842,-0.19928364499924411,0.3854850262244895,-2.3543433966187157,3 days 06:58:31.475409835,false
XMR-USD,false,21,38,227,22.123893805309734,0.4605999368250078,0.31129476584022037,0.0001,0.000034036759700476515,9.3801652892562,18.71900826446281,0.00093801652892562,-2.0151415132712374,0,0,17424,726 days 01:00:00,1000.0,217.55435769959377,-78.24456423004062,34.915698157888286,100.0,212.7404470764658,80.17711441681902,722 days 11:00:00,226,1,11.020359800736315,20.680218971042223,-6.928026011026205,3.4886524859511208,-1.8182629395262102,4 days 11:12:00,1 days 00:23:51.818181818,-3.5109115137218683,-1.448087841940506,-0.667906454653373,0.9411472520100056,0.20844760855096708,22.779578211952916,0.9955969900818202,0.3864576702737111,-0.007650913471011335,None,None,-0.00007559859159697223,-0.4572202819784881,-0.7824456423004054,-0.41105051368736745,0.379994002160591,-3.240956599986053,1 days 18:43:00.530973450,false
XMR-USD,false,24,30,227,22.123893805309734,0.47654198356777455,0.31129476584022037,0.0001,0.000034036759700476515,9.3801652892562,18.71900826446281,0.00093801652892562,-1.924987521637023,0,0,17424,726 days 01:00:00,1000.0,232.0023769760519,-76.79976230239481,34.915698157888286,100.0,222.3369667190785,78.90149380416993,722 days 11:00:00,226,1,12.159225490939377,24.87919777977619,-6.399618215274409,3.4953500907955424,-1.7799839834617237,4 days 04:14:24,1 days 02:22:50.454545454,-3.4520214536057003,-1.3816467975204734,-0.6593642561870835,0.9437725123546117,0.21766334306523571,22.952166089125154,0.997963195817652,0.3866783383733885,-0.007633162839139348,None,None,-0.00007196407651288723,-0.43523873474994196,-0.7679976230239508,-0.3977589647396742,0.3791199742904593,-3.199576876713374,1 days 18:43:16.460176989,false
XMR-USD,false,9,15,557,22.12230215827338,0.35567108668343944,0.7658402203856749,0.0001,0.00003403431101272828,23.016528925619834,45.99173553719008,0.0023016528925619835,-4.776565575513119,0,0,17424,726 days 01:00:00,1000.0,32.720411085753994,-96.7279588914246,34.915698157888286,100.0,341.2338065194172,96.84748986389098,725 days 02:00:00,556,1,0.6582486133156493,16.505653339608433,-11.805396837296534,1.790384786524285,-1.2785127518944122,1 days 15:26:20.487804878,0 days 10:26:27.990762124,-1.740895391236624,-3.532984714714811,-0.847508373915679,0.8591553283511786,-0.4061266619388956,37.68041531756291,1.0174902287054943,0.35423952747338155,-0.007707233942765794,None,None,-0.00018429496435331142,-1.1146159444088275,-0.9672795889142466,-0.6948508765874926,0.3796904331786764,-3.7703286485643837,0 days 16:51:22.014388488,false
XMR-USD,false,40,88,105,22.115384615384613,0.5368286944599883,0.14325068870523416,0.0001,0.00003402366863905325,4.338842975206612,8.636363636363637,0.0004338842975206612,-1.021786512336457,0,0,17424,726 days 01:00:00,1000.0,410.5971308641066,-58.94028691358935,34.915698157888286,100.0,142.7063792371545,63.830239481786755,635 days 19:00:00,104,1,18.31270521462619,20.08462281648706,-8.593290028177899,4.933925305281508,-2.4373545903841625,9 days 06:05:13.043478260,2 days 05:59:15.555555555,-5.8434189841396105,-0.7378238268194809,-0.5652092689535486,0.9689759206537009,-0.14605500132020852,26.85760029946823,0.9790317106148227,0.3821686364718014,-0.0074669330147960475,None,None,-0.00003889877111407909,-0.23525976769795034,-0.5894028691358906,-0.2657879839703291,0.38374360377159983,-2.6880741335047125,3 days 19:09:48.461538460,false
XMR-USD,false,41,88,105,22.115384615384613,0.5060452500365539,0.14325068870523416,0.0001,0.00003402366863905325,4.338842975206612,8.636363636363637,0.0004338842975206612,-1.1705309708822393,0,0,17424,726 days 01:00:00,1000.0,371.168886270151,-62.8831113729849,34.915698157888286,100.0,137.0507901360318,67.29612951107238,635 days 19:00:00,104,1,16.55419847869325,20.198752313806704,-8.59329002817791,4.837811826962115,-2.535011396583121,9 days 07:07:49.565217391,2 days 05:40:00,-6.205628002005213,-0.8474073066354599,-0.583105510613536,0.9644492719457349,-0.16710845391082932,26.816028720652252,0.9748627607624254,0.3819494012213498,-0.0074884372201273605,None,None,-0.00004468591054536583,-0.2702603869783725,-0.6288311137298453,-0.2910694980343217,0.3838277337590063,-2.8009982526664188,3 days 19:08:39.230769229,false
XMR-USD,false,28,33,200,22.110552763819097,0.5284002285551452,0.2741046831955923,0.0001,0.00003401623502126015,8.264462809917356,16.487603305785125,0.0008264462809917356,-1.4562244471099564,0,0,17424,726 days 01:00:00,1000.0,314.54768445327534,-68.54523155467247,34.915698157888286,100.0,206.10118845899075,71.96388429022693,722 days 11:00:00,199,1,15.933620883614424,20.680218971042223,-6.168481229071113,4.04048539011422,-1.848977510158636,5 days 01:04:05.454545454,1 days 03:47:13.548387096,-3.5245524443735636,-1.0425730774334954,-0.61269622349092,0.9572053994463499,0.21148891515151735,22.683923809671235,0.9976866789137989,0.38800382348255535,-0.007617955658402073,None,None,-0.000054437913180696846,-0.32924049891685453,-0.6854523155467236,-0.3306500250884348,0.38006065028821895,-2.9631637106241415,2 days 00:24:43.417085425,false
XMR-USD,false,25,38,191,22.105263157894736,0.5205040760705397,0.26170798898071623,0.0001,0.000034008097165991904,7.892561983471075,15.743801652892563,0.0007892561983471075,-1.499758411461531,0,0,17424,726 days 01:00:00,1000.0,305.43653223461047,-69.45634677653896,34.915698157888286,100.0,198.40978894449913,72.33256491573871,722 days 11:00:00,190,1,15.218260574006194,20.68021897104224,-6.168481229071111,4.115610429985058,-1.9232416311499345,5 days 05:10:00,1 days 05:34:51.891891891,-3.735693307049451,-1.0745829604537318,-0.6209108817104516,0.9558858860205909,0.20703552481692863,22.678969234060588,0.9933446886939459,0.3883355907895786,-0.007614106571059666,None,None,-0.000056119947855968304,-0.3394134446328963,-0.6945634677653881,-0.3374441368618414,0.38013272020835154,-2.9892584264664666,2 days 02:42:37.894736840,false
XMR-USD,false,54,76,96,22.105263157894736,0.572371109358195,0.13085399449035812,0.0001,0.000034008097165991904,3.9669421487603307,7.892561983471075,0.0003966942148760331,-0.9475308283742848,0,0,17424,726 days 01:00:00,1000.0,431.00432358660737,-56.89956764133927,34.915698157888286,100.0,138.81078000507088,63.540374130614566,635 days 19:00:00,95,1,21.993937961809138,20.009826981298744,-8.735543285074744,5.462147130512348,-2.625993025740919,10 days 10:31:25.714285714,2 days 08:38:55.135135135,-6.220943309212641,-0.685613265571104,-0.5429544543211192,0.9710950313812373,-0.1736399115495602,26.865888863245452,0.9745243241800504,0.38173023550868285,-0.0074619217986052365,None,None,-0.000036127056739115395,-0.2184964391581699,-0.568995676413393,-0.2533223790285106,0.3835405737265837,-2.629627091631971,4 days 03:30:18.947368420,false
XMR-USD,false,55,75,96,22.105263157894736,0.5718604741473053,0.13085399449035812,0.0001,0.000034008097165991904,3.9669421487603307,7.892561983471075,0.0003966942148760331,-0.951819835633576,0,0,17424,726 days 01:00:00,1000.0,429.94311087342385,-57.00568891265762,34.915698157888286,100.0,138.22321754409285,63.50843340901642,635 days 19:00:00,95,1,21.93978480069046,20.009826981298744,-8.735543285074728,5.4940460737847765,-2.6376800643561604,10 days 10:31:25.714285714,2 days 08:39:43.783783783,-6.231543936076491,-0.6889174472695698,-0.5445049388743145,0.9709539032517146,-0.176537606581289,26.91663186399902,0.9733727213623695,0.3820590101522842,-0.0074601899883998775,None,None,-0.000036281555832593514,-0.21943084967552556,-0.5700568891265823,-0.2539609988087912,0.3833334015709293,-2.632666448623731,4 days 03:30:56.842105261,false
XMR-USD,false,56,87,96,22.105263157894736,0.5417490263577968,0.13085399449035812,0.0001,0.000034008097165991904,3.9669421487603307,7.892561983471075,0.0003966942148760331,-1.1470744265551995,0,0,17424,726 days 01:00:00,1000.0,380.63211192884273,-61.936788807115725,34.915698157888286,100.0,139.8988198143374,67.36179753841064,630 days 14:00:00,95,1,18.075110909977127,18.467351974700517,-7.1931385275404605,5.074138579821199,-2.6889065710091016,10 days 19:54:17.142857142,2 days 05:59:11.351351351,-6.709926305064572,-0.8301725937005731,-0.5710483746135516,0.9651764718953921,-0.12759524993750476,26.956017651369702,0.971610981708028,0.38019801980198015,-0.007451445542635799,None,None,-0.00004343345258931432,-0.262685521260173,-0.6193678880711562,-0.2848474870178358,0.3808148765360134,-2.7738951839667774,4 days 03:30:18.947368420,false
XMR-USD,false,57,70,96,22.105263157894736,0.5538422949033512,0.13085399449035812,0.0001,0.000034008097165991904,3.9669421487603307,7.892561983471075,0.0003966942148760331,-1.0327110703173128,0,0,17424,726 days 01:00:00,1000.0,407.75151883067474,-59.22484811693253,34.915698157888286,100.0,133.2139577483369,65.11724071812644,635 days 19:00:00,95,1,21.29777840682783,20.045004343922553,-8.735543285074753,5.499809408306906,-2.711238232473389,10 days 03:40:00,2 days 10:34:51.891891891,-6.4583816797489835,-0.7480431539390971,-0.5574643600913435,0.9684776764181792,-0.1855726069384215,27.08713688452233,0.9727041999436958,0.3815111393007215,-0.007460189988399739,None,None,-0.00003935019613518348,-0.2379899862255897,-0.5922484811693283,-0.26755811532727747,0.382893675653135,-2.696224083766523,4 days 03:29:41.052631577,false
XMR-USD,false,57,71,96,22.105263157894736,0.5599138198980336,0.13085399449035812,0.0001,0.000034008097165991904,3.9669421487603307,7.892561983471075,0.0003966942148760331,-1.020904611218551,0,0,17424,726 days 01:00:00,1000.0,410.5829101754754,-58.94170898245247,34.915698157888286,100.0,136.14168701135245,65.38894345543909,635 days 19:00:00,95,1,20.951843311993798,20.045004343922546,-8.73554328507474,5.427711433064599,-2.680609762099572,10 days 03:57:08.571428571,2 days 10:29:11.351351351,-6.424936138279142,-0.7396220707917233,-0.55175315710701,0.9688366482215319,-0.1890731674204136,27.022639214737477,0.9730656171703265,0.3814016172506739,-0.007460189988399892,None,None,-0.00003893538078920713,-0.23548118301312473,-0.589417089824524,-0.2657968100960879,0.3831708906711762,-2.6881148621436384,4 days 03:29:03.157894736,false
XMR-USD,false,57,86,96,22.105263157894736,0.5499501569522594,0.13085399449035812,0.0001,0.000034008097165991904,3.9669421487603307,7.892561983471075,0.0003966942148760331,-1.1114373021404431,0,0,17424,726 days 01:00:00,1000.0,389.7075413213922,-61.02924586786078,34.915698157888286,100.0,140.16131829813693,66.4759311688505,630 days 14:00:00,95,1,18.506076631693816,18.467351974700513,-7.193138527540466,5.159523643067186,-2.679845310573919,10 days 20:02:51.428571428,2 days 05:57:34.054054054,-6.618931950634748,-0.8041156815662974,-0.5676279704800684,0.9662569790691894,-0.1265917761024448,26.934717227038725,0.9724960889111293,0.38030735107731306,-0.007451445542635682,None,None,-0.000042077275789410966,-0.2544833639743575,-0.6102924586786029,-0.2789746245144097,0.38087899909576706,-2.7479027797722217,4 days 03:30:56.842105262,false
XMR-USD,false,58,85,96,22.105263157894736,0.5404254310111853,0.13085399449035812,0.0001,0.000034008097165991904,3.9669421487603307,7.892561983471075,0.0003966942148760331,-1.1490428050802195,0,0,17424,726 days 01:00:00,1000.0,380.1586062027875,-61.98413937972125,34.915698157888286,100.0,138.218517363174,67.48014630027616,630 days 14:00:00,95,1,18.052625501503258,18.467351974700506,-7.193138527540478,5.112306809931173,-2.7003125137069595,10 days 20:00:00,2 days 05:55:56.756756756,-6.714673887354899,-0.8314309963199209,-0.5706173038129331,0.9651271878685602,-0.12550466435752264,26.94100113672088,0.9719663551023119,0.37997940920250256,-0.007458196364188598,None,None,-0.00004350294859688431,-0.2631058331139563,-0.619841393797212,-0.2851563984154115,0.3808469019913333,-2.7752513239010677,4 days 03:29:03.157894735,false
XMR-USD,false,60,77,96,22.105263157894736,0.5390732747641701,0.13085399449035812,0.0001,0.000034008097165991904,3.9669421487603307,7.892561983471075,0.0003966942148760331,-1.149458705750597,0,0,17424,726 days 01:00:00,1000.0,376.9972836295019,-62.30027163704981,34.915698157888286,100.0,137.1781684077634,68.23653495275236,630 days 14:00:00,95,1,17.9025034956515,18.361512054478208,-7.193138527540452,5.129608796777279,-2.7155562208447277,10 days 14:20:00,2 days 07:29:11.351351351,-6.746370735433148,-0.8343596200407943,-0.568067466414786,0.9649119662953535,-0.19825006643126994,27.117816278822836,0.9713487357182112,0.3798701298701298,-0.007461921798605202,None,None,-0.00004386441451615589,-0.2652919789937108,-0.6230027163704945,-0.2872252857165797,0.3826634684525659,-2.7843054821739175,4 days 03:26:31.578947367,false
XMR-USD,false,60,78,96,22.105263157894736,0.5450997128058872,0.13085399449035812,0.0001,0.000034008097165991904,3.9669421487603307,7.892561983471075,0.0003966942148760331,-1.1231582555344648,0,0,17424,726 days 01:00:00,1000.0,384.45162663084625,-61.554837336915384,34.915698157888286,100.0,139.4772828022559,67.67835562442487,630 days 14:00:00,95,1,18.25648854391119,18.623204355218682,-7.193138527540466,5.113888314070274,-2.6865524852700875,10 days 14:20:00,2 days 07:25:08.108108108,-6.671630125400684,-0.8145877123246084,-0.5638021176452778,0.9657307375782521,-0.187256227368569,27.191490238668372,0.9719742522528996,0.37965162311955664,-0.007460189988399749,None,None,-0.000042771496903787195,-0.25868201327410495,-0.6155483733691567,-0.28236479279042703,0.38218579344658304,-2.7629559362830234,4 days 03:23:22.105263157,false
XMR-USD,false,62,76,96,22.105263157894736,0.5616246607562616,0.13085399449035812,0.0001,0.000034008097165991904,3.9669421487603307,7.892561983471075,0.0003966942148760331,-1.0398681726963082,0,0,17424,726 days 01:00:00,1000.0,408.56279496529135,-59.14372050347087,34.915698157888286,100.0,145.27911526199983,65.65127977299694,630 days 14:00:00,95,1,19.401457736357315,18.623204355218682,-7.193138527540466,5.038607824716515,-2.585637449277935,10 days 14:08:34.285714285,2 days 07:21:53.513513513,-6.429880660748061,-0.7522119844778565,-0.5519596535357912,0.9683548211226584,-0.1320243119924318,26.985646019802303,0.9734046480997287,0.37954239569313597,-0.007446826610916413,None,None,-0.0000393640065848379,-0.23807351182509962,-0.5914372050347156,-0.2670526359857678,0.3809052790249903,-2.693900555447118,4 days 03:18:18.947368419,false
XMR-USD,false,63,75,96,22.105263157894736,0.5611059262371707,0.13085399449035812,0.0001,0.000034008097165991904,3.9669421487603307,7.892561983471075,0.0003966942148760331,-1.0527415240721487,0,0,17424,726 days 01:00:00,1000.0,405.13499386673584,-59.48650061332642,34.915698157888286,100.0,144.8054537967365,65.93946210966342,630 days 14:00:00,95,1,19.238681441105257,18.623204355218682,-7.193138527540474,5.038607824716512,-2.59672052729434,10 days 14:08:34.285714285,2 days 07:17:50.270270270,-6.464249342888095,-0.7616006707905529,-0.5536345210852621,0.9679551362235131,-0.13211284509796786,26.999933980916637,0.9732080758064434,0.3792148171600443,-0.007446826610916536,None,None,-0.000039850435328877926,-0.2410154328690537,-0.5948650061332639,-0.2691928735066422,0.3808585384475315,-2.7037179192101304,4 days 03:15:09.473684209,false
XMR-USD,false,16,66,182,22.099447513812155,0.4946490469641307,0.2493112947658402,0.0001,0.00003399915002124947,7.520661157024794,15.0,0.0007520661157024794,-1.5202423320637577,0,0,17424,726 days 01:00:00,1000.0,300.03313545788694,-69.99668645421131,34.915698157888286,100.0,198.0276784504758,72.14886382255642,722 days 11:00:00,181,1,14.247700154850122,21.24696439820228,-7.125563139087595,3.697022997808472,-1.8670353503388724,5 days 15:21:00,1 days 06:10:38.297872340,-3.945936821530185,-1.0927953969306325,-0.6293124796815668,0.9550632863875904,0.12958977517814832,23.39324572767547,0.9891167724186234,0.38899960143483453,-0.007566403830294627,None,None,-0.00005712042067207092,-0.3454643042246849,-0.6999668645421131,-0.3415361113378903,0.38046129738515555,-3.004733977756575,2 days 05:25:11.602209944,false
XMR-USD,false,7,29,440,22.095671981776764,0.40162111003933526,0.6046831955922864,0.0001,0.00003399334151042579,18.181818181818183,36.32231404958678,0.0018181818181818184,-3.4161723537486552,0,0,17424,726 days 01:00:00,1000.0,82.1160276359044,-91.78839723640955,34.915698157888286,100.0,314.6115072264992,92.18854249435728,725 days 02:00:00,439,1,3.4257701157547444,18.966464643100238,-11.520637103641043,2.193941352231595,-1.3308604224323255,2 days 07:34:01.237113402,0 days 11:49:49.473684210,-2.0986554498402046,-2.5073962992364276,-0.7760042431016232,0.8986557570455544,-0.42199531897835524,36.45200657380787,1.0088086157752882,0.3683838542484687,-0.0076553452198767375,None,None,-0.00013138991599464655,-0.7946462119356223,-0.9178839723640958,-0.5800365590343862,0.38141432385242974,-3.6288575649080173,0 days 21:29:39.498861046,false
XMR-USD,false,17,32,259,22.093023255813954,0.44863315256671843,0.35537190082644626,0.0001,0.000033989266547406084,10.702479338842975,21.363636363636363,0.0010702479338842977,-2.2264158173650337,0,0,17424,726 days 01:00:00,1000.0,195.53248985602465,-80.44675101439753,34.915698157888286,100.0,237.63753321709453,81.93801557099958,722 days 11:00:00,258,1,9.047636376127656,23.465520524001377,-6.399618215274431,3.0633584977268717,-1.6440671356671412,3 days 18:24:12.631578947,0 days 22:08:57.313432835,-3.1531594826360583,-1.595791176916611,-0.6831655753836837,0.9353504988422476,0.34312329901025507,22.42353204665765,1.0023699888655198,0.38030735107731306,-0.007614149279068221,None,None,-0.00008207790741391025,-0.4964071840393292,-0.8044675101439736,-0.432467237095457,0.37437613837668043,-3.304028138020282,1 days 13:13:43.255813952,false
XMR-USD,false,17,70,173,22.093023255813954,0.4967610634912594,0.2369146005509642,0.0001,0.000033989266547406084,7.148760330578512,14.25619834710744,0.0007148760330578513,-1.4154648399557113,0,0,17424,726 days 01:00:00,1000.0,321.71606079352443,-67.82839392064756,34.915698157888286,100.0,189.29075690661682,70.55751789329621,722 days 11:00:00,172,1,14.598134955372984,21.246964398202284,-7.125563139087607,3.754407181567764,-1.8761114764562679,5 days 23:34:44.210526315,1 days 07:18:48.358208955,-4.028384152103772,-1.0171825926442495,-0.6158813406756793,0.9581848807557022,0.10787040455154108,23.21475446768932,0.990143983592447,0.389775083745414,-0.007523499489008712,None,None,-0.000053131855720672724,-0.3213414633986286,-0.6782839392064745,-0.3253944083311838,0.38020166080436163,-2.9426331850484138,2 days 08:06:58.604651162,false
XMR-USD,false,59,89,87,22.093023255813954,0.5593265086012793,0.1184573002754821,0.0001,0.000033989266547406084,3.59504132231405,7.148760330578512,0.000359504132231405,-1.0084377003281964,0,0,17424,726 days 01:00:00,1000.0,417.04522639895913,-58.29547736010409,34.915698157888286,100.0,128.75250421043444,63.868497443491655,630 days 14:00:00,86,1,19.29742501430826,18.057665683864627,-6.59225861930527,5.540658206860286,-2.810620975499431,11 days 17:03:09.473684210,2 days 13:12:32.238805970,-7.002932542038945,-0.7295828413671891,-0.5569997287792712,0.9692912841483384,-0.13811899062777955,26.999784714200835,0.9745503770923819,0.37932399271748596,-0.007416129821413569,None,None,-0.00003818271852347558,-0.23092908162998033,-0.5829547736010381,-0.2618063350553739,0.380934387439607,-2.6696065218714167,4 days 13:46:44.651162790,false
XMR-USD,false,60,88,87,22.093023255813954,0.5546570317985524,0.1184573002754821,0.0001,0.000033989266547406084,3.59504132231405,7.148760330578512,0.000359504132231405,-1.043137091698248,0,0,17424,726 days 01:00:00,1000.0,407.2008751758992,-59.27991248241008,34.915698157888286,100.0,128.01949585278334,64.84275237432522,630 days 14:00:00,86,1,18.841909359131364,18.057665683864617,-6.592258619305262,5.538801590740474,-2.8453863379714592,11 days 17:00:00,2 days 13:12:32.238805970,-7.112105048642226,-0.7552028850730589,-0.5604913386024243,0.9682275798967926,-0.14296482812733163,26.962116688550367,0.973684090992017,0.3792148171600443,-0.00743745852343399,None,None,-0.00003954208258638497,-0.2391505154824563,-0.592799124824102,-0.2679015773964303,0.3811130699108847,-2.697801149911056,4 days 13:46:02.790697673,false
XMR-USD,false,16,41,250,22.08835341365462,0.4417602796385811,0.34297520661157027,0.0001,0.00003398208217485326,10.330578512396695,20.619834710743802,0.0010330578512396695,-2.270848269588637,0,0,17424,726 days 01:00:00,1000.0,186.97082255447458,-81.30291774455254,34.915698157888286,100.0,226.35330848492595,82.70222260778168,722 days 11:00:00,249,1,8.878700058899824,24.879197779776195,-6.399618215274418,3.213805295492805,-1.734403330148578,4 days 00:40:21.818181818,0 days 22:26:54.432989690,-3.300834849415358,-1.6321607937558327,-0.6887006307139037,0.9340288019340426,0.289137090380228,22.34385318701401,0.9943571170403869,0.38524525001987436,-0.007641628599557707,None,None,-0.00008449416942239443,-0.5110207366666415,-0.8130291774455247,-0.4412187959256939,0.3768094137120971,-3.328549106390539,1 days 14:50:36.144578312,false
XMR-USD,false,18,74,164,22.085889570552148,0.52017093573412,0.22451790633608815,0.0001,0.0000339782916470033,6.776859504132232,13.512396694214877,0.0006776859504132232,-1.3257623884038086,0,0,17424,726 days 01:00:00,1000.0,339.958162557979,-66.00418374420211,34.915698157888286,100.0,188.2274361809224,68.7940457960914,722 days 11:00:00,163,1,15.425885558716573,22.090837561254002,-7.172505688054683,4.011098260654192,-1.9470021252379917,6 days 10:09:59.999999999,1 days 08:20:47.244094488,-4.143973760740724,-0.9529219632239692,-0.6085599702589263,0.9607553093802251,0.09502170657186391,23.066762882328824,0.9858372346506027,0.3915508704679764,-0.007523499489008801,None,None,-0.00004990435451475291,-0.3018215361052256,-0.660041837442027,-0.31235604336185363,0.381187850578688,-2.8903870530021236,2 days 11:15:05.521472392,false
XMR-USD,false,18,38,241,22.083333333333332,0.48396712329175057,0.3305785123966942,0.0001,0.00003397435897435897,9.958677685950413,19.87603305785124,0.0009958677685950412,-1.9739915158672614,0,0,17424,726 days 01:00:00,1000.0,227.26828410407768,-77.27317158959222,34.915698157888286,100.0,234.52027911860526,78.97406593695455,722 days 11:00:00,240,1,10.792309195051104,24.879197779776206,-6.399618215274419,3.3637918593966547,-1.7029091772996379,4 days 04:07:55.471698113,0 days 23:24:42.352941176,-3.264683437879051,-1.4145211704822007,-0.6650220025186869,0.9426345790007312,0.3004340037759324,22.26035627692708,0.9978897939359861,0.3870094722598106,-0.007631521799382758,None,None,-0.00007327834402623442,-0.44318742467066574,-0.7727317158959215,-0.4020530421878612,0.37707187370905254,-3.2131355140075977,1 days 16:21:14.999999998,false
XMR-USD,false,78,84,78,22.07792207792208,0.5803403416021655,0.10606060606060606,0.0001,0.000033966033966033965,3.2231404958677685,6.404958677685951,0.0003223140495867769,-0.9068954859021883,0,0,17424,726 days 01:00:00,1000.0,438.59992217441277,-56.14000778255872,34.915698157888286,100.0,123.78628605854254,60.39658320114884,630 days 14:00:00,77,1,18.29779824250153,34.61126953247021,-10.766294701902144,6.178608884286143,-2.987404433977845,12 days 22:42:21.176470588,2 days 21:14:00,-7.528543845040119,-0.660867088090363,-0.5616500676645148,0.9719729880488513,-0.4151675839177934,30.257840281487994,0.9669211533916348,0.38129211256440754,-0.007451445542635826,None,None,-0.000034994213392903436,-0.21164500260028,-0.5614000778255857,-0.24878117668417143,0.38542515529696986,-2.607872983913838,5 days 02:32:43.636363636,false
XMR-USD,false,79,83,78,22.07792207792208,0.5811035410842986,0.10606060606060606,0.0001,0.000033966033966033965,3.2231404958677685,6.404958677685951,0.0003223140495867769,-0.9025881785425725,0,0,17424,726 days 01:00:00,1000.0,439.8706594442681,-56.0129340555732,34.915698157888286,100.0,123.91667221151287,60.281841872672494,630 days 14:00:00,77,1,18.350811690538137,34.61126953247022,-10.766294701902144,6.18067840572635,-2.9831879964935846,12 days 22:38:49.411764705,2 days 21:15:00,-7.5127292499515566,-0.6577230318376103,-0.561123689329268,0.9721056764790302,-0.415250316717345,30.256869253228054,0.9666500844472422,0.3814016172506739,-0.007451445542635751,None,None,-0.00003482799935384693,-0.21063974009206626,-0.560129340555731,-0.24802646275166151,0.3854281425020399,-2.6042335399476624,5 days 02:32:43.636363635,false
XMR-USD,false,80,82,78,22.07792207792208,0.5811035410842986,0.10606060606060606,0.0001,0.000033966033966033965,3.2231404958677685,6.404958677685951,0.0003223140495867769,-0.9025881785425725,0,0,17424,726 days 01:00:00,1000.0,439.8706594442681,-56.0129340555732,34.915698157888286,100.0,123.91667221151287,60.281841872672494,630 days 14:00:00,77,1,18.350811690538137,34.61126953247022,-10.766294701902144,6.18067840572635,-2.9831879964935846,12 days 22:38:49.411764705,2 days 21:15:00,-7.5127292499515566,-0.6577230318376103,-0.561123689329268,0.9721056764790302,-0.415250316717345,30.256869253228054,0.9666500844472422,0.3814016172506739,-0.007451445542635751,None,None,-0.00003482799935384693,-0.21063974009206626,-0.560129340555731,-0.24802646275166151,0.3854281425020399,-2.6042335399476624,5 days 02:32:43.636363635,false
XMR-USD,false,23,36,223,22.07207207207207,0.47398981174515453,0.30578512396694213,0.0001,0.000033957033957033956,9.214876033057852,18.388429752066116,0.0009214876033057852,-1.9180267258451127,0,0,17424,726 days 01:00:00,1000.0,231.56330951557743,-76.84366904844225,34.915698157888286,100.0,212.70171913914197,78.90066170897671,722 days 11:00:00,222,1,11.729992515409378,20.680218971042233,-6.9280260110262075,3.563853719173272,-1.814248564269531,4 days 14:17:08.571428571,1 days 00:33:38.497109826,-3.5142643378370795,-1.3767861515514739,-0.6599499859820057,0.943927858478484,0.21271443505688428,22.67497311135259,0.9967676151169168,0.3866783383733885,-0.00765757301280357,None,None,-0.00007198249091040868,-0.4353501050261517,-0.7684366904844214,-0.3981548019996881,0.3805557834179205,-3.2008343840342612,1 days 19:28:55.135135134,false
XMR-USD,false,24,34,223,22.07207207207207,0.4734760359070103,0.30578512396694213,0.0001,0.000033957033957033956,9.214876033057852,18.388429752066116,0.0009214876033057852,-1.8924410022154736,0,0,17424,726 days 01:00:00,1000.0,235.43596176338542,-76.45640382366146,34.915698157888286,100.0,214.68193255510593,78.54779751805232,722 days 11:00:00,222,1,11.926164274988224,20.680218971042226,-6.9280260110262075,3.529373274916188,-1.7961346085183534,4 days 13:03:40.408163265,1 days 00:58:15.953757225,-3.4977036149171328,-1.3579330569899437,-0.6578056125294358,0.9447181994554744,0.2137777755781449,22.63417411026919,0.9989408650897187,0.386899076727157,-0.00765757301280347,None,None,-0.00007102222441956118,-0.42954241328950604,-0.764564038236617,-0.3946801870128218,0.3806920906406949,-3.1897429482270896,1 days 19:31:53.513513512,false
XMR-USD,false,19,26,282,22.064056939501782,0.46186942800562136,0.38705234159779617,0.0001,0.0000339447029838489,11.652892561983471,23.264462809917354,0.0011652892561983472,-2.4016912096107523,0,0,17424,726 days 01:00:00,1000.0,173.7834881334095,-82.62165118665905,34.915698157888286,100.0,258.57485054307733,83.94704297483116,722 days 11:00:00,281,1,8.041271350679011,23.389151865388293,-5.91488263273508,2.971326220246927,-1.6056446751369222,3 days 12:24:11.612903225,0 days 19:46:34.520547945,-2.968888908246509,-1.7234930095544228,-0.6969994240825896,0.9302816090243325,0.3386847618812364,22.295324893307967,1.005140816456297,0.3771437603730341,-0.0076553452198767245,None,None,-0.00008880307791907771,-0.537081015254582,-0.8262165118665898,-0.4552259148012757,0.3750390041220194,-3.3663181762267826,1 days 10:02:08.113879003,false
XMR-USD,false,15,34,273,22.058823529411764,0.44891703167479385,0.3746556473829201,0.0001,0.0000339366515837104,11.28099173553719,22.520661157024794,0.0011280991735537192,-2.371313965526689,0,0,17424,726 days 01:00:00,1000.0,177.65314707592051,-82.23468529240795,34.915698157888286,100.0,249.24938007840157,83.58958974740767,722 days 11:00:00,272,1,8.220327358390335,23.465520524001377,-6.399618215274421,2.946489754401576,-1.6137701472836625,3 days 15:07:00,0 days 20:33:23.773584905,-3.0535558098620195,-1.7016299867954687,-0.6944542449975061,0.931149753277873,0.3389421344528372,22.397937058001183,1.0039597068061867,0.37834203448821385,-0.007633162839139238,None,None,-0.00008756808277965538,-0.5296117646513557,-0.8223468529240799,-0.45104578719411215,0.3745748854734297,-3.355235313369473,1 days 11:14:20.294117646,false
XMR-USD,false,16,32,273,22.058823529411764,0.4442950333914908,0.3746556473829201,0.0001,0.0000339366515837104,11.28099173553719,22.520661157024794,0.0011280991735537192,-2.3985352429551257,0,0,17424,726 days 01:00:00,1000.0,174.4837950557967,-82.55162049442033,34.915698157888286,100.0,245.57749698915936,83.88235330235275,722 days 11:00:00,272,1,8.073675798605336,23.46552052400138,-6.399618215274419,2.9654631480849245,-1.6267915354055689,3 days 14:58:00,0 days 20:35:39.622641509,-3.064668679201504,-1.7211612703516959,-0.6965359361208134,0.9303813186902293,0.3404338504659138,22.383690277666666,1.0045548450390405,0.37790605725130466,-0.007638748123339031,None,None,-0.00008859530362058894,-0.5358243962973219,-0.8255162049442059,-0.45446494941455606,0.3746684124687401,-3.3643124683093286,1 days 11:14:07.058823528,false
XMR-USD,false,31,64,137,22.058823529411764,0.6129563688370385,0.18732782369146006,0.0001,0.0000339366515837104,5.661157024793389,11.28099173553719,0.0005661157024793389,-0.81174431058674,0,0,17424,726 days 01:00:00,1000.0,475.7359576699736,-52.42640423300264,34.915698157888286,100.0,182.49241024963743,56.76869945907402,635 days 19:00:00,136,1,22.17572597887977,22.464577726885373,-7.677465801481981,4.82251606738272,-2.012580848925043,7 days 03:34:00,1 days 18:14:43.018867924,-4.0179394728596,-0.5798619949970458,-0.5489983462134896,0.9758356122419097,0.15013443313284405,23.203638206473695,0.9899752711131713,0.3912175648702595,-0.007477415365825905,None,None,-0.000030509783318764553,-0.18452316951188802,-0.5242640423300293,-0.2272878196719491,0.3829767613662563,-2.501513846176903,2 days 22:46:19.411764704,false
XMR-USD,false,83,88,69,22.058823529411764,0.5497521203973267,0.09366391184573003,0.0001,0.0000339366515837104,2.8512396694214877,5.661157024793389,0.0002851239669421488,-0.9759008298369004,0,0,17424,726 days 01:00:00,1000.0,407.61375766545063,-59.23862423345494,34.915698157888286,100.0,105.00168609853424,64.1047400315996,630 days 14:00:00,68,1,15.991911398964874,34.645865794483015,-9.102289379868962,6.887609563753514,-3.4741713967365127,13 days 20:40:00,3 days 12:20:22.641509434,-8.946737554904617,-0.7195519669933851,-0.5664380059422953,0.9692270669858344,-1.014764223119764,42.03066225475846,0.9605911855352792,0.38304627351377096,-0.007477302977569956,None,None,-0.00003874896995866625,-0.23435377031001348,-0.5923862423345521,-0.2676440149574618,0.39197280969937526,-2.696618637427175,5 days 19:07:03.529411764,false
XMR-USD,false,84,87,69,22.058823529411764,0.5497521203973267,0.09366391184573003,0.0001,0.0000339366515837104,2.8512396694214877,5.661157024793389,0.0002851239669421488,-0.9759008298369004,0,0,17424,726 days 01:00:00,1000.0,407.61375766545063,-59.23862423345494,34.915698157888286,100.0,105.00168609853424,64.1047400315996,630 days 14:00:00,68,1,15.991911398964874,34.645865794483015,-9.102289379868962,6.887609563753514,-3.4741713967365127,13 days 20:40:00,3 days 12:20:22.641509434,-8.946737554904617,-0.7195519669933851,-0.5664380059422953,0.9692270669858344,-1.014764223119764,42.03066225475846,0.9605911855352792,0.38304627351377096,-0.007477302977569956,None,None,-0.00003874896995866625,-0.23435377031001348,-0.5923862423345521,-0.2676440149574618,0.39197280969937526,-2.696618637427175,5 days 19:07:03.529411764,false
XMR-USD,false,84,89,69,22.058823529411764,0.5450144534411132,0.09366391184573003,0.0001,0.0000339366515837104,2.8512396694214877,5.661157024793389,0.0002851239669421488,-0.9832388862531013,0,0,17424,726 days 01:00:00,1000.0,405.0794802178698,-59.49205197821302,34.915698157888286,100.0,103.11666547890903,63.97083966264506,630 days 14:00:00,68,1,15.892484086613479,34.645865794483015,-10.709155354728356,6.970217431986415,-3.507191106594835,13 days 17:48:00,3 days 13:13:35.094339622,-8.982544174540346,-0.7251665613815335,-0.5707403043901718,0.9690021417815832,-1.0160102432821978,41.89727083374523,0.9603718410159254,0.38326585695006754,-0.007482015876363779,None,None,-0.00003908486872818412,-0.2363852860680576,-0.5949205197821298,-0.26922763202170097,0.3923095064923654,-2.7038769125907436,5 days 19:10:35.294117646,false
XMR-USD,false,85,86,69,22.058823529411764,0.5497521203973267,0.09366391184573003,0.0001,0.0000339366515837104,2.8512396694214877,5.661157024793389,0.0002851239669421488,-0.9759008298369004,0,0,17424,726 days 01:00:00,1000.0,407.61375766545063,-59.23862423345494,34.915698157888286,100.0,105.00168609853424,64.1047400315996,630 days 14:00:00,68,1,15.991911398964874,34.645865794483015,-9.102289379868962,6.887609563753514,-3.4741713967365127,13 days 20:40:00,3 days 12:20:22.641509434,-8.946737554904617,-0.7195519669933851,-0.5664380059422953,0.9692270669858344,-1.014764223119764,42.03066225475846,0.9605911855352792,0.38304627351377096,-0.007477302977569956,None,None,-0.00003874896995866625,-0.23435377031001348,-0.5923862423345521,-0.2676440149574618,0.39197280969937526,-2.696618637427175,5 days 19:07:03.529411764,false
XMR-USD,false,85,88,69,22.058823529411764,0.5450144534411132,0.09366391184573003,0.0001,0.0000339366515837104,2.8512396694214877,5.661157024793389,0.0002851239669421488,-0.9832388862531013,0,0,17424,726 days 01:00:00,1000.0,405.0794802178698,-59.49205197821302,34.915698157888286,100.0,103.11666547890903,63.97083966264506,630 days 14:00:00,68,1,15.892484086613479,34.645865794483015,-10.709155354728356,6.970217431986415,-3.507191106594835,13 days 17:48:00,3 days 13:13:35.094339622,-8.982544174540346,-0.7251665613815335,-0.5707403043901718,0.9690021417815832,-1.0160102432821978,41.89727083374523,0.9603718410159254,0.38326585695006754,-0.007482015876363779,None,None,-0.00003908486872818412,-0.2363852860680576,-0.5949205197821298,-0.26922763202170097,0.3923095064923654,-2.7038769125907436,5 days 19:10:35.294117646,false
XMR-USD,false,85,89,69,22.058823529411764,0.5328458118808652,0.09366391184573003,0.0001,0.0000339366515837104,2.8512396694214877,5.661157024793389,0.0002851239669421488,-1.0306975694912954,0,0,17424,726 days 01:00:00,1000.0,391.6836857482672,-60.831631425173285,34.915698157888286,100.0,102.55680993437241,65.05088873030368,630 days 14:00:00,68,1,15.36692685443478,35.203421191010094,-10.709155354728358,6.771092455674542,-3.5156808215342665,13 days 18:04:00,3 days 13:14:43.018867924,-9.171812369208347,-0.7604155733178897,-0.5776257031898228,0.9675252057205442,-1.0158648131031909,41.82405907486945,0.960708824246342,0.38304627351377096,-0.007489941431631856,None,None,-0.00004100314974683118,-0.24798704966883497,-0.6083163142517327,-0.27770769663754935,0.39248599180184524,-2.7422430206061903,5 days 19:14:59.999999999,false
XMR-USD,false,86,87,69,22.058823529411764,0.5450144534411132,0.09366391184573003,0.0001,0.0000339366515837104,2.8512396694214877,5.661157024793389,0.0002851239669421488,-0.9832388862531013,0,0,17424,726 days 01:00:00,1000.0,405.0794802178698,-59.49205197821302,34.915698157888286,100.0,103.11666547890903,63.97083966264506,630 days 14:00:00,68,1,15.892484086613479,34.645865794483015,-10.709155354728356,6.970217431986415,-3.507191106594835,13 days 17:48:00,3 days 13:13:35.094339622,-8.982544174540346,-0.7251665613815335,-0.5707403043901718,0.9690021417815832,-1.0160102432821978,41.89727083374523,0.9603718410159254,0.38326585695006754,-0.007482015876363779,None,None,-0.00003908486872818412,-0.2363852860680576,-0.5949205197821298,-0.26922763202170097,0.3923095064923654,-2.7038769125907436,5 days 19:10:35.294117646,false
XMR-USD,false,86,88,69,22.058823529411764,0.5328458118808652,0.09366391184573003,0.0001,0.0000339366515837104,2.8512396694214877,5.661157024793389,0.0002851239669421488,-1.0306975694912954,0,0,17424,726 days 01:00:00,1000.0,391.6836857482672,-60.831631425173285,34.915698157888286,100.0,102.55680993437241,65.05088873030368,630 days 14:00:00,68,1,15.36692685443478,35.203421191010094,-10.709155354728358,6.771092455674542,-3.5156808215342665,13 days 18:04:00,3 days 13:14:43.018867924,-9.171812369208347,-0.7604155733178897,-0.5776257031898228,0.9675252057205442,-1.0158648131031909,41.82405907486945,0.960708824246342,0.38304627351377096,-0.007489941431631856,None,None,-0.00004100314974683118,-0.24798704966883497,-0.6083163142517327,-0.27770769663754935,0.39248599180184524,-2.7422430206061903,5 days 19:14:59.999999999,false
XMR-USD,false,12,30,332,22.054380664652566,0.45900708191130607,0.4559228650137741,0.0001,0.00003392981640715779,13.71900826446281,27.396694214876035,0.001371900826446281,-2.4821568344347686,0,0,17424,726 days 01:00:00,1000.0,165.8730072059068,-83.41269927940932,34.915698157888286,100.0,287.52902584873107,84.46925972268654,722 days 11:00:00,331,1,7.675239316590819,24.35030201579445,-6.189806240950005,2.7706338133257593,-1.4483818213713673,2 days 23:16:26.301369863,0 days 16:34:11.162790697,-2.543209160455234,-1.7792178177478846,-0.7040603537871584,0.9278928554368364,0.36170133879800653,22.37000271574314,1.018812579553867,0.3709677419354838,-0.007614149279068302,None,None,-0.00009151705194311037,-0.5534951301519315,-0.8341269927940942,-0.4639640828346937,0.37439569546047585,-3.388974119956539,1 days 04:38:03.987915407,false
XMR-USD,false,14,37,264,22.0532319391635,0.46740431792932524,0.3622589531680441,0.0001,0.00003392804913717462,10.90909090909091,21.776859504132233,0.001090909090909091,-2.0974601835477524,0,0,17424,726 days 01:00:00,1000.0,212.9973653994648,-78.70026346005352,34.915698157888286,100.0,248.53205275258443,80.32472710752053,722 days 11:00:00,263,1,9.855767257024894,23.465520524001402,-6.399618215274428,3.112909544444168,-1.5983271325546642,3 days 17:57:55.862068965,0 days 21:20:11.707317073,-3.0298798549717114,-1.5008802847979352,-0.6728004396856861,0.9390124897247113,0.3579764822586382,22.397575340049535,1.0063504710599795,0.3798701298701298,-0.007595606630086855,None,None,-0.00007717541851031007,-0.4667569311503553,-0.7870026346005359,-0.4153619473902941,0.37427505663431354,-3.2540080139360827,1 days 12:28:17.338403041,false
XMR-USD,false,22,25,264,22.0532319391635,0.4352397779599368,0.3622589531680441,0.0001,0.00003392804913717462,10.90909090909091,21.776859504132233,0.001090909090909091,-2.349420457380841,0,0,17424,726 days 01:00:00,1000.0,179.8947201113558,-82.01052798886442,34.915698157888286,100.0,236.26774463848184,83.38252821358128,722 days 11:00:00,263,1,8.32404893299963,23.465520524001395,-6.399618215274416,2.993854218905144,-1.6480747113879157,3 days 17:13:26.896551724,0 days 21:33:04.390243902,-3.1499214023636664,-1.6858798039201297,-0.6929973442854318,0.9318368157010496,0.33771797260729935,22.31513066866231,1.0000626651610116,0.37954239569313597,-0.007641628599557705,None,None,-0.0000868293566558622,-0.5251439490546546,-0.8201052798886443,-0.44865150749667415,0.37488487557031513,-3.34881535571805,1 days 12:28:31.026615968,false
XMR-USD,false,23,24,264,22.0532319391635,0.43082182909891814,0.3622589531680441,0.0001,0.00003392804913717462,10.90909090909091,21.776859504132233,0.001090909090909091,-2.377643646355925,0,0,17424,726 days 01:00:00,1000.0,176.63739579216076,-82.33626042078393,34.915698157888286,100.0,233.9021959120237,83.68341806148752,722 days 11:00:00,263,1,8.17332673833576,23.465520524001395,-6.399618215274418,2.984233660481212,-1.6542583348841289,3 days 17:14:28.965517241,0 days 21:32:29.268292682,-3.1617335777421127,-1.706332852543237,-0.6951186010685586,0.9310401549273704,0.33815200371435106,22.319272058091048,1.0002220157401724,0.3792148171600443,-0.007641628599557689,None,None,-0.00008787892425070009,-0.5314917338682341,-0.8233626042078381,-0.45213723262638095,0.3748684787797549,-3.358144466951815,1 days 12:28:17.338403040,false
XMR-USD,false,13,29,323,22.049689440993788,0.4555674203010563,0.44352617079889806,0.0001,0.000033922599139990446,13.347107438016529,26.65289256198347,0.0013347107438016529,-2.603270590323738,0,0,17424,726 days 01:00:00,1000.0,152.83513123092155,-84.71648687690785,34.915698157888286,100.0,277.8872897920734,85.66355959870484,722 days 11:00:00,322,1,7.071953586298207,24.350302015794444,-6.189806240949992,2.860441800332183,-1.523950266618045,3 days 01:54:05.070422535,0 days 16:56:10.517928286,-2.652909386196815,-1.8685670135723484,-0.7133200406755061,0.9244937492232148,0.3552575367028795,22.281630936272787,1.015180318267778,0.37150728059818966,-0.007638748123339077,None,None,-0.00009619458789635416,-0.58178486759715,-0.847164868769078,-0.4789804094139226,0.3747139874840969,-3.42631513463718,1 days 05:29:48.819875775,false
XMR-USD,false,16,36,255,22.04724409448819,0.44965711260808605,0.349862258953168,0.0001,0.000033918837068443365,10.537190082644628,21.03305785123967,0.0010537190082644627,-2.2063700129170565,0,0,17424,726 days 01:00:00,1000.0,198.13650148321926,-80.18634985167807,34.915698157888286,100.0,233.1483333601677,81.71702268727941,722 days 11:00:00,254,1,9.168128629560414,23.46552052400138,-6.399618215274433,3.1074897452742527,-1.6599837172087875,3 days 18:43:55.714285714,0 days 22:57:34.545454545,-3.1930379021509525,-1.5810184373051506,-0.6814181866259071,0.9360386454435861,0.35130442985320764,22.333502313058304,1.0025789108232792,0.3814016172506739,-0.007624566622412793,None,None,-0.00008131885233648662,-0.4918164189310711,-0.8018634985167816,-0.4298552233222446,0.3743796642976122,-3.296570141289358,1 days 13:54:05.669291337,false
XMR-USD,false,19,30,255,22.04724409448819,0.4451206622313318,0.349862258953168,0.0001,0.000033918837068443365,10.537190082644628,21.03305785123967,0.0010537190082644627,-2.263331753527163,0,0,17424,726 days 01:00:00,1000.0,190.73675537304428,-80.92632446269558,34.915698157888286,100.0,232.37599761901868,82.3810134667508,722 days 11:00:00,254,1,8.82572920463707,23.465520524001402,-6.399618215274416,3.1050305979373274,-1.6774336917101733,3 days 19:07:30,0 days 22:45:09.090909090,-3.2208227316204425,-1.6230491937769118,-0.6861215558865555,0.9342991791871643,0.340976248669013,22.406478723008423,1.00064570565589,0.3804166996751961,-0.0076179556584020204,None,None,-0.00008349780838692845,-0.5049947451241432,-0.8092632446269558,-0.43733777580650746,0.3744564688274869,-3.3177633194315033,1 days 13:49:36.377952754,false
XMR-USD,false,19,31,255,22.04724409448819,0.4400097248229284,0.349862258953168,0.0001,0.000033918837068443365,10.537190082644628,21.03305785123967,0.0010537190082644627,-2.31722354998379,0,0,17424,726 days 01:00:00,1000.0,183.88803377239833,-81.61119662276016,34.915698157888286,100.0,231.36576475517188,83.05341722952609,722 days 11:00:00,254,1,8.732307394167208,23.46552052400138,-6.3996182152744305,3.0722207052459485,-1.6872453872463056,3 days 18:13:55.714285714,0 days 23:05:45.454545454,-3.2474184000857016,-1.6631502960797226,-0.6901020052152771,0.9327361966793188,0.3349167453952588,22.394762511491596,0.999041700579614,0.3814016172506739,-0.007624566622412768,None,None,-0.00008558842797848842,-0.517638812413898,-0.8161119662276006,-0.4444339623040454,0.37457733594024667,-3.337378340645388,1 days 13:53:51.496062991,false
XMR-USD,false,21,28,255,22.04724409448819,0.44581956735142625,0.349862258953168,0.0001,0.000033918837068443365,10.537190082644628,21.03305785123967,0.0010537190082644627,-2.2755902786850397,0,0,17424,726 days 01:00:00,1000.0,189.13483652817547,-81.08651634718245,34.915698157888286,100.0,234.46790568756438,82.5698872501302,722 days 11:00:00,254,1,8.98146278269408,23.46552052400137,-6.399618215274419,3.076272320134107,-1.674558469508718,3 days 18:20:21.428571428,0 days 22:59:23.636363636,-3.2277426230492843,-1.6322287354346736,-0.6867799185984005,0.9339362085642139,0.3390257083843254,22.400251348865712,1.0006320485678615,0.38052606559974644,-0.0076245666224128575,None,None,-0.00008397918534195002,-0.5079061129481137,-0.8108651634718245,-0.43898247888869013,0.3744972063555443,-3.3223512810916853,1 days 13:50:18.897637794,false
XMR-USD,false,26,81,128,22.04724409448819,0.5978092225428474,0.174931129476584,0.0001,0.000033918837068443365,5.289256198347108,10.537190082644628,0.0005289256198347108,-0.7432255219823232,0,0,17424,726 days 01:00:00,1000.0,493.8393193715492,-50.61606806284507,34.915698157888286,100.0,171.46448902062227,54.72601808408434,635 days 19:00:00,127,1,25.229634944320026,20.111392114738084,-7.677465801481967,4.6642151700970755,-1.9886858047787455,7 days 13:10:42.857142857,1 days 22:09:41.818181818,-4.18417571317142,-0.5339657550345525,-0.5456513393677533,0.9776445880522483,-0.07590667461900903,26.34361560582316,0.9840006682671351,0.39366552027513396,-0.007460189988399843,None,None,-0.000028235402273228637,-0.1707677129484868,-0.5061606806284514,-0.21720614248775738,0.3848916759341936,-2.4496650713945325,3 days 03:55:44.881889763,false
XMR-USD,false,27,36,187,22.043010752688172,0.5410414584748805,0.256198347107438,0.0001,0.00003391232423490488,7.7272727272727275,15.413223140495868,0.0007727272727272728,-1.3734023093614471,0,0,17424,726 days 01:00:00,1000.0,332.19653503555924,-66.78034649644408,34.915698157888286,100.0,200.68289390425892,70.31159217950592,722 days 11:00:00,186,1,16.551567669285703,20.680218971042216,-7.125563139087607,4.249581198459079,-1.9133886103193851,5 days 05:49:45.365853658,1 days 06:53:47.586206896,-3.6793281324393847,-0.9828553162312736,-0.6049698371144078,0.9595876044173941,0.21228038695893106,22.69799169473499,0.993984947877665,0.3892210794865662,-0.0076141065710597635,None,None,-0.00005130986442268854,-0.3103220600284203,-0.6678034649644395,-0.3178463416358117,0.37998742122879475,-2.912616674438653,2 days 03:49:21.290322579,false
XMR-USD,false,29,34,187,22.043010752688172,0.522656125260119,0.256198347107438,0.0001,0.00003391232423490488,7.7272727272727275,15.413223140495868,0.0007727272727272728,-1.4164579093028753,0,0,17424,726 days 01:00:00,1000.0,320.428174859328,-67.9571825140672,34.915698157888286,100.0,197.4909511413272,71.87829720674357,722 days 11:00:00,186,1,15.965213540719674,21.5388625490743,-7.125563139087608,4.1116403116386335,-1.9039446070178,5 days 05:57:04.390243902,1 days 06:54:12.413793103,-3.73944644452361,-1.0169956628694468,-0.6061491523647254,0.9581160102009453,0.1276663323947211,23.286268347936172,0.9920402979137494,0.38966424754765133,-0.007614106571059754,None,None,-0.00005328802510814665,-0.3222859758540709,-0.6795718251406742,-0.3263329683193117,0.3813892685504175,-2.9463217434967444,2 days 03:51:17.419354838,false
XMR-USD,false,13,50,246,22.040816326530614,0.4680764602658102,0.33746556473829203,0.0001,0.000033908948194662484,10.165289256198347,20.289256198347108,0.0010165289256198347,-2.1067860436706485,0,0,17424,726 days 01:00:00,1000.0,208.08476757448204,-79.1915232425518,34.915698157888286,100.0,229.65168648138675,80.68697373828226,722 days 11:00:00,245,1,9.628452610669541,24.360729949531994,-6.399618215274436,3.3878655182577537,-1.7360270088303111,4 days 05:35:33.333333333,0 days 21:50:34.554973821,-3.271606877698726,-1.5135130778692778,-0.6764224107159021,0.938597284600985,0.28296198487270974,22.364380412509473,0.9935471153217998,0.3857960871639891,-0.007631521799382685,None,None,-0.00007835382543883945,-0.47388393625410097,-0.7919152324255192,-0.4200778266520565,0.3768182871383127,-3.268077896780092,1 days 15:25:13.469387753,false
XMR-USD,false,14,48,246,22.040816326530614,0.45559991807228206,0.33746556473829203,0.0001,0.000033908948194662484,10.165289256198347,20.289256198347108,0.0010165289256198347,-2.1318310281937345,0,0,17424,726 days 01:00:00,1000.0,204.75007145531902,-79.5249928544681,34.915698157888286,100.0,226.17436850607083,81.02069341349303,722 days 11:00:00,245,1,9.722984830750391,25.977214236284247,-6.399618215274418,3.338362392701778,-1.7309475126949116,4 days 06:44:26.666666666,0 days 21:33:55.602094240,-3.28560372806299,-1.53099698898644,-0.6781710215942975,0.937943615017639,0.2883843446086322,22.32870534824543,0.9959846803033814,0.3854655323209032,-0.007633542887437735,None,None,-0.00007927603061073,-0.4794614331336951,-0.7952499285446816,-0.42332055838711513,0.3768994506513036,-3.2776286040410025,1 days 15:27:25.714285713,false
XMR-USD,false,23,28,246,22.040816326530614,0.44194638267184017,0.33746556473829203,0.0001,0.000033908948194662484,10.165289256198347,20.289256198347108,0.0010165289256198347,-2.264028652551163,0,0,17424,726 days 01:00:00,1000.0,188.2508866670837,-81.17491133329163,34.915698157888286,100.0,225.6473942101549,82.65134948113362,722 days 11:00:00,245,1,8.939486577120903,23.465520524001388,-6.399618215274424,3.1600428947587673,-1.72984378390403,3 days 22:17:46.666666666,0 days 23:50:34.554973821,-3.349749387387905,-1.6268501278954806,-0.6873351516596566,0.9341358885859874,0.28813545211386865,22.505173180379646,0.9938602812143887,0.3838151207115629,-0.007650913471011379,None,None,-0.00008412799085167522,-0.5088060886709317,-0.8117491133329171,-0.43989393413570743,0.37640112755546506,-3.3248829499619297,1 days 15:22:17.142857141,false
XMR-USD,false,5,12,827,22.033898305084744,0.3346408411141323,1.137741046831956,0.0001,0.00003389830508474576,34.17355371900827,68.30578512396694,0.003417355371900827,-6.469389543445643,0,0,17424,726 days 01:00:00,1000.0,9.515244512996787,-99.04847554870032,34.915698157888286,100.0,396.9610703852662,99.07649773749222,725 days 02:00:00,826,1,0.029269355974754774,15.06428473446004,-11.805396837296524,1.5218457149658484,-1.135246125895828,1 days 01:46:48.791208791,0 days 07:08:11.925465838,-1.199169521601669,-4.8307096609773765,-0.9121071583773793,0.811699845690646,-0.3706160031562356,37.218866171823976,1.0293664410821293,0.344003085229464,-0.007867363380759421,None,None,-0.00025488409337927223,-1.5415389967578386,-0.9904847554870034,-0.801237340488296,0.3840517439427716,-3.8367892029769686,0 days 11:14:40.387409200,false
XMR-USD,false,21,22,296,22.033898305084744,0.45045599784145157,0.40633608815426997,0.0001,0.00003389830508474576,12.231404958677686,24.421487603305785,0.0012231404958677687,-2.64977812424774,0,0,17424,726 days 01:00:00,1000.0,147.14093722946336,-85.28590627705367,34.915698157888286,100.0,261.5638804632268,86.2512979473482,722 days 11:00:00,295,1,6.808473093525578,23.389151865388293,-5.914882632735074,2.8881412382662384,-1.6161066291158412,3 days 07:15:41.538461538,0 days 19:04:41.739130434,-2.9141272402171623,-1.9060336748572895,-0.7169852504382547,0.9231166121650317,0.32767057175267,22.22518882412141,1.003539650346074,0.37497040953207605,-0.007699160702434756,None,None,-0.00009832466726770682,-0.5946675876350909,-0.8528590627705364,-0.48580163367077234,0.37548263807886095,-3.442623541176007,1 days 08:20:20.338983049,false
XMR-USD,false,22,31,237,22.033898305084744,0.4509949949324652,0.325068870523416,0.0001,0.00003389830508474576,9.793388429752067,19.545454545454547,0.0009793388429752067,-2.0622635282302375,0,0,17424,726 days 01:00:00,1000.0,214.03700822871292,-78.5962991771287,34.915698157888286,100.0,220.20430645400342,80.19816957826148,722 days 11:00:00,236,1,10.16399442224909,24.879197779776188,-6.399618215274412,3.3231278736235783,-1.7352402625907684,4 days 00:11:32.307692307,1 days 01:23:48.260869565,-3.3734194330234604,-1.4792430644479253,-0.6724577069376277,0.940040775720779,0.293150000329538,22.275938348016147,0.9960209496715925,0.38601654470251356,-0.007655345219876728,None,None,-0.0000766991914725753,-0.4638767100261354,-0.7859629917712878,-0.4143730635254135,0.3774063373032094,-3.251030433981797,1 days 16:59:44.745762711,false
XMR-USD,false,15,85,169,22.023809523809522,0.5156983900965739,0.23140495867768596,0.0001,0.00003388278388278388,6.983471074380166,13.925619834710744,0.0006983471074380166,-1.2386377363327798,0,0,17424,726 days 01:00:00,1000.0,360.0114136285665,-63.99885863714335,34.915698157888286,100.0,192.2305228224522,66.38094860480268,722 days 11:00:00,168,1,17.095893978095262,22.16517146772853,-5.5707639891608,3.739097945864018,-1.8061786873002212,6 days 06:34:03.243243243,1 days 07:32:31.145038167,-3.9112171449376714,-0.8897199505013619,-0.6050819408922041,0.9634122074096633,0.09998224151533669,22.912829753037585,0.9879140438137738,0.39288569144684243,-0.007555296026784026,None,None,-0.00004660846155425182,-0.281887975480115,-0.6399885863714334,-0.2985399929115119,0.3813022634971089,-2.8329537146226156,2 days 09:45:21.428571427,false
XMR-USD,false,6,24,546,22.018348623853214,0.37064797762229684,0.7506887052341598,0.0001,0.000033874382498235716,22.56198347107438,45.082644628099175,0.0022561983471074383,-4.531996334906426,0,0,17424,726 days 01:00:00,1000.0,38.484022344166874,-96.1515977655833,34.915698157888286,100.0,346.3725052709576,96.3295070782098,725 days 02:00:00,545,1,0.7741973130003075,14.344903282656993,-11.805396837296518,1.796523642143278,-1.2541646165101734,1 days 18:45:30,0 days 10:05:30.352941176,-1.7656700458143744,-3.3540456428049987,-0.836255534820917,0.8665143759260975,-0.4510947468818543,37.00162900464436,1.0163032276028168,0.3585685326680181,-0.007744458309297759,None,None,-0.00017498139556293657,-1.0582874803646403,-0.9615159776558335,-0.6771739995167356,0.3797351960623799,-3.753821428137772,0 days 17:17:03.853211008,false
XMR-USD,false,35,87,110,22.018348623853214,0.5443229132906958,0.15013774104683195,0.0001,0.000033874382498235716,4.545454545454546,9.049586776859504,0.0004545454545454546,-1.01835286558346,0,0,17424,726 days 01:00:00,1000.0,409.982798653817,-59.001720134618296,34.915698157888286,100.0,147.98796734082572,64.37884534390963,635 days 19:00:00,109,1,18.61242771996558,20.564604478564082,-9.192802668893393,4.959278538584062,-2.389979185074826,9 days 02:15:00,2 days 02:15:31.764705882,-5.583758064827049,-0.7364762244312105,-0.5611399463414293,0.9690185375112916,-0.1723363402650821,26.815228536313356,0.9790373395947424,0.38414488839463024,-0.007460189988399882,None,None,-0.00003892345167915162,-0.235409035755509,-0.5900172013461829,-0.26616945372525624,0.3846897007518961,-2.689833606299761,3 days 15:14:51.743119265,false
XMR-USD,false,39,79,110,22.018348623853214,0.5602949555101924,0.15013774104683195,0.0001,0.000033874382498235716,4.545454545454546,9.049586776859504,0.0004545454545454546,-0.9701326152490894,0,0,17424,726 days 01:00:00,1000.0,424.30535462984403,-57.569464537015605,34.915698157888286,100.0,150.50926155406162,62.775178491214014,635 days 19:00:00,109,1,19.262644116224863,20.401051514359665,-9.192802668893396,5.0692200344805505,-2.378507424048524,9 days 01:22:30,2 days 02:26:07.058823529,-5.458323756755786,-0.701088936978316,-0.5577574683357144,0.9704669185905069,-0.16816357867350248,26.977388377812378,0.9805069239556056,0.3838151207115629,-0.007446826610916524,None,None,-0.000036992924515256256,-0.22373320746826983,-0.5756946453701565,-0.25737107795918857,0.3840639078246182,-2.6488132150956085,3 days 15:11:33.577981650,false
XMR-USD,false,43,70,110,22.018348623853214,0.5682800898156695,0.15013774104683195,0.0001,0.000033874382498235716,4.545454545454546,9.049586776859504,0.0004545454545454546,-0.9166125859261866,0,0,17424,726 days 01:00:00,1000.0,440.97337379609564,-55.90266262039043,34.915698157888286,100.0,151.47813710486358,60.69955271655838,635 days 19:00:00,109,1,20.019340014163788,20.239170473141623,-9.192802668893405,5.034506744385165,-2.32671382058585,9 days 01:22:30,2 days 02:33:52.941176470,-5.3123483139272265,-0.6607732028024429,-0.5558891485182584,0.9722166438754126,-0.10798341074897874,26.471106740175546,0.9816575906237898,0.3845848232022249,-0.007460189988399847,None,None,-0.00003481779942580478,-0.2105780509272673,-0.5590266262039012,-0.24737269347646718,0.38353662413337464,-2.6010753205506414,3 days 15:17:36.880733944,false
XMR-USD,false,43,71,110,22.018348623853214,0.5767999100467189,0.15013774104683195,0.0001,0.000033874382498235716,4.545454545454546,9.049586776859504,0.0004545454545454546,-0.9149787451330084,0,0,17424,726 days 01:00:00,1000.0,441.77557343756007,-55.822442656244,34.915698157888286,100.0,153.59749091475237,60.97396763588626,635 days 19:00:00,109,1,20.055758329499838,20.237563436749497,-9.192802668893403,5.131184867165262,-2.3504624199337356,9 days 01:25:00,2 days 02:27:31.764705882,-5.305322797173757,-0.659484761329714,-0.5523940159413334,0.9722528281619476,-0.10621622033870341,26.53308491788123,0.9821060626148814,0.3840349483717236,-0.007458196364188652,None,None,-0.000034728535294527464,-0.2100381814613021,-0.5582244265624361,-0.24689776159052934,0.3833007301155958,-2.598777787682083,3 days 15:13:12.660550458,false
XMR-USD,false,44,68,110,22.018348623853214,0.563147577195976,0.15013774104683195,0.0001,0.000033874382498235716,4.545454545454546,9.049586776859504,0.0004545454545454546,-0.9348376821485967,0,0,17424,726 days 01:00:00,1000.0,435.5269075512508,-56.44730924487492,34.915698157888286,100.0,150.89317080508906,61.19683939875746,635 days 19:00:00,109,1,19.772080959285688,20.239170473141613,-9.192802668893387,5.009313011650029,-2.3340697934008685,9 days 01:22:30,2 days 02:40:14.117647058,-5.360047462459034,-0.67397976518361,-0.5581154233284389,0.9716838692146383,-0.10809820860612188,26.43963647562878,0.9817157076331237,0.3849149578763313,-0.0074581963641885355,None,None,-0.000035523945076432266,-0.21484881982226234,-0.5644730924487498,-0.2506122157083567,0.38364741500951033,-2.6166742245743158,3 days 15:22:34.128440366,false
XMR-USD,false,12,44,269,22.01492537313433,0.43979572338631434,0.3691460055096419,0.0001,0.000033869115958668195,11.115702479338843,22.1900826446281,0.0011115702479338845,-2.258540998229947,0,0,17424,726 days 01:00:00,1000.0,191.4196267535035,-80.85803732464964,34.915698157888286,100.0,238.96983986273963,82.33681998548786,722 days 11:00:00,268,1,8.857326879001107,23.465520524001384,-6.399618215274412,3.019892953171543,-1.6082678866759559,3 days 18:54:54.915254237,0 days 20:25:50.239234449,-3.050140672110068,-1.6200634685925925,-0.6855402890783018,0.9345026123205648,0.34524222890447814,22.39349493479581,1.0034015588156406,0.3818398096748612,-0.007595606630086875,None,None,-0.00008330405156489905,-0.5038229038645095,-0.8085803732464966,-0.4366394077158581,0.3742760517817808,-3.315807547625448,1 days 11:56:51.940298506,false
XMR-USD,false,17,31,269,22.01492537313433,0.44964158331984355,0.3691460055096419,0.0001,0.000033869115958668195,11.115702479338843,22.1900826446281,0.0011115702479338845,-2.2875153905376724,0,0,17424,726 days 01:00:00,1000.0,187.73236242962935,-81.22676375703706,34.915698157888286,100.0,245.1754343709407,82.65853920481354,722 days 11:00:00,268,1,8.686710594977711,23.46552052400138,-6.399618215274409,3.008484465807358,-1.6141896528020827,3 days 15:44:44.745762711,0 days 21:08:02.296650717,-3.0632624931542844,-1.6396316083434794,-0.687999410337686,0.9336160840180265,0.3449223263568259,22.37052691439291,1.005162774941936,0.37899651788540684,-0.007624566622412862,None,None,-0.00008439649411279336,-0.5104299963941743,-0.8122676375703732,-0.4404298939633754,0.3746589127857384,-3.326368024770142,1 days 11:47:54.626865669,false
XMR-USD,false,14,46,251,22.0,0.44885554890210483,0.3443526170798898,0.0001,0.00003384615384615384,10.37190082644628,20.702479338842977,0.001037190082644628,-2.2043116226198185,0,0,17424,726 days 01:00:00,1000.0,195.27137319574842,-80.47286268042517,34.915698157888286,100.0,227.23153035369145,81.934289540665,722 days 11:00:00,250,1,9.272869044523759,24.36072994953199,-6.399618215274421,3.241333778401055,-1.7113806699715333,4 days 03:19:38.181818181,0 days 21:36:18.461538461,-3.256005983395098,-1.584144323159802,-0.6835574731284824,0.9358881882643968,0.2856787111609318,22.362699002928935,0.9945137825838612,0.38601654470251356,-0.007633162839139339,None,None,-0.0000820030163339767,-0.4959542427878911,-0.804728626804251,-0.4327304062686175,0.37678449801757485,-3.3047759869078956,1 days 14:42:14.399999998,false
XMR-USD,false,16,39,251,22.0,0.4357479329307505,0.3443526170798898,0.0001,0.00003384615384615384,10.37190082644628,20.702479338842977,0.001037190082644628,-2.33856479940979,0,0,17424,726 days 01:00:00,1000.0,178.24028863321007,-82.175971136679,34.915698157888286,100.0,228.87435672158097,83.50993597301141,722 days 11:00:00,250,1,8.464112419064321,24.879197779776188,-6.399618215274424,3.1021779508066643,-1.7216017760237745,3 days 22:02:10.909090909,0 days 23:03:23.076923076,-3.320895295143415,-1.683345813300498,-0.6942826677689709,0.9319663117501741,0.27071488951037065,22.357693840995175,0.9939690291847906,0.3845848232022249,-0.007650913471011306,None,None,-0.00008721764778734659,-0.5274923338178722,-0.8217597113667902,-0.4504167489398644,0.377128167607098,-3.3535537157263886,1 days 14:40:19.199999998,false
XMR-USD,false,27,34,201,22.0,0.5283403008381549,0.27548209366391185,0.0001,0.00003384615384615384,8.305785123966942,16.570247933884296,0.0008305785123966942,-1.4752049015387751,0,0,17424,726 days 01:00:00,1000.0,310.6637666701505,-68.93362333298495,34.915698157888286,100.0,206.01504686185905,71.85906500936727,722 days 11:00:00,200,1,15.73687846089706,20.680218971042226,-6.168481229071109,4.057319991744718,-1.8497028468951793,5 days 00:36:49.090909090,1 days 03:42:41.538461538,-3.5253655589537356,-1.0563115051921286,-0.6184344260284539,0.9566403584818431,0.21131184434379266,22.689549395154494,0.9977122226812475,0.3876722147009636,-0.007630041728543053,None,None,-0.000055152201892911856,-0.3335605170483309,-0.6893362333298512,-0.3335303060077308,0.38003954556510017,-2.9742874113892293,2 days 00:08:59.999999998,false
XMR-USD,false,45,86,101,22.0,0.5285217468390078,0.13774104683195593,0.0001,0.00003384615384615384,4.1735537190082646,8.305785123966942,0.0004173553719008265,-1.1571489274072735,0,0,17424,726 days 01:00:00,1000.0,374.0166438651929,-62.59833561348071,34.915698157888286,100.0,136.50565668951225,67.68139749464567,635 days 19:00:00,100,1,16.681208974969593,20.378873003359022,-8.593290028177917,5.192260231359424,-2.654355155616424,9 days 15:05:27.272727272,2 days 08:26:55.384615384,-6.426645651097763,-0.8390607378640756,-0.5763302063661686,0.9648114404350313,-0.1880193497881426,26.825767815902683,0.970805299042,0.38337567481740237,-0.007508037222203325,None,None,-0.00004424622378735504,-0.2676011614659233,-0.6259833561348074,-0.28918632790860566,0.3838316264170685,-2.7928421574276396,3 days 22:52:11.999999998,false
XMR-USD,false,48,80,101,22.0,0.5347110212478524,0.13774104683195593,0.0001,0.00003384615384615384,4.1735537190082646,8.305785123966942,0.0004173553719008265,-1.084545623868922,0,0,17424,726 days 01:00:00,1000.0,393.4517941878737,-60.65482058121263,34.915698157888286,100.0,137.12411368389786,65.7013896126541,635 days 19:00:00,100,1,17.548020143163058,20.045004343922542,-8.593290028177906,5.156528407892432,-2.583657484204549,9 days 11:16:21.818181818,2 days 09:21:32.307692307,-6.240962259552888,-0.7853334566675978,-0.5697529249392462,0.9669999080327354,-0.17963508489598695,26.941211371713724,0.9756338357830276,0.3819494012213498,-0.007477354898302133,None,None,-0.000041366759843283545,-0.2501861635321789,-0.6065482058121244,-0.27657767564779234,0.3834028613744773,-2.7371790850903914,3 days 22:44:23.999999998,false
XMR-USD,false,49,87,101,22.0,0.5278245449184222,0.13774104683195593,0.0001,0.00003384615384615384,4.1735537190082646,8.305785123966942,0.0004173553719008265,-1.2057300883825328,0,0,17424,726 days 01:00:00,1000.0,361.9245617066431,-63.807543829335685,34.915698157888286,100.0,139.62981023715167,69.4062997650837,630 days 14:00:00,100,1,17.858089976210977,19.082571513487146,-8.73554328507474,5.076888088281793,-2.6742206959798818,10 days 11:05:27.272727272,2 days 02:46:09.230769230,-6.559335282695676,-0.8748280197974753,-0.5764069562791048,0.9633556128373856,-0.18854136562650922,26.77693735649714,0.9717517397805654,0.38227828018403937,-0.007492505718021496,None,None,-0.00004613220549633947,-0.2790075788418611,-0.6380754382933607,-0.2972484098310215,0.3838304964119573,-2.8274743795985087,3 days 22:50:23.999999998,false
XMR-USD,false,50,77,101,22.0,0.5504340666921087,0.13774104683195593,0.0001,0.00003384615384615384,4.1735537190082646,8.305785123966942,0.0004173553719008265,-1.0494545675244826,0,0,17424,726 days 01:00:00,1000.0,403.29694066454044,-59.670305933545954,34.915698157888286,100.0,139.53316982929167,64.99774260209428,635 days 19:00:00,100,1,17.987115430659628,20.198752313806725,-8.59329002817791,5.28881031853327,-2.5846468265489353,9 days 11:10:54.545454545,2 days 09:16:09.230769230,-6.146901747661194,-0.7595513315064063,-0.5638864041919297,0.9680511256032073,-0.17517407260008683,27.021029674513517,0.9756925761169027,0.38173023550868285,-0.007466933014795967,None,None,-0.000039971380565898484,-0.24174690966255402,-0.5967030593354633,-0.27034538285392984,0.3830451461893524,-2.7089821794116125,3 days 22:38:59.999999998,false
XMR-USD,false,50,84,101,22.0,0.5340284568028765,0.13774104683195593,0.0001,0.00003384615384615384,4.1735537190082646,8.305785123966942,0.0004173553719008265,-1.2215316594218164,0,0,17424,726 days 01:00:00,1000.0,358.1277028551018,-64.18722971448983,34.915698157888286,100.0,138.6066721559912,69.70405342510736,635 days 19:00:00,100,1,18.275079965450914,19.639234895509386,-8.73554328507474,5.17777079685154,-2.7145722080101633,10 days 07:16:21.818181818,2 days 03:39:13.846153846,-6.601473771103501,-0.8862265157933016,-0.5784958954966913,0.9628361002274645,-0.18530668322841654,26.804115526198764,0.9708380624151026,0.38162067871868055,-0.007488437220127307,None,None,-0.00004673606599256079,-0.28265972712300763,-0.6418722971448978,-0.2998160885003128,0.3838533695261745,-2.838348739991854,3 days 22:41:23.999999998,false
XMR-USD,false,50,85,101,22.0,0.5437671340536863,0.13774104683195593,0.0001,0.00003384615384615384,4.1735537190082646,8.305785123966942,0.0004173553719008265,-1.1730299461259854,0,0,17424,726 days 01:00:00,1000.0,369.6660777933239,-63.03339222066761,34.915698157888286,100.0,141.45381794135605,68.74263307040961,635 days 19:00:00,100,1,18.240072039479458,20.328574473760263,-8.735543285074748,5.204757063322208,-2.6794456020854565,10 days 07:54:32.727272727,2 days 03:33:04.615384615,-6.485739942461556,-0.8507105665199519,-0.5726365171768842,0.9643195649015117,-0.18401199392991147,26.72283972749691,0.9721286311455242,0.3819494012213498,-0.007499079125261151,None,None,-0.000044897637185019856,-0.2715409096950001,-0.6303339222066746,-0.29206708248850644,0.3841489082962408,-2.8053023581436496,3 days 22:44:59.999999998,false
XMR-USD,false,51,87,101,22.0,0.5341726895414047,0.13774104683195593,0.0001,0.00003384615384615384,4.1735537190082646,8.305785123966942,0.0004173553719008265,-1.2385667597304568,0,0,17424,726 days 01:00:00,1000.0,353.79976731946863,-64.62002326805315,34.915698157888286,100.0,143.2753160190911,69.80609756881528,630 days 14:00:00,100,1,16.800920978046634,19.785426026257426,-8.73554328507474,5.032394019634981,-2.69063740603498,10 days 09:54:32.727272727,2 days 03:06:55.384615384,-6.6300115365857835,-0.8995709179664003,-0.5828597245526509,0.962315484438785,-0.20001562957847202,26.815275604606896,0.9713146940812939,0.3815111393007215,-0.00749250571802141,None,None,-0.00004743543217287123,-0.2868894937815252,-0.6462002326805281,-0.3027646856939471,0.3838180540482084,-2.850744125918443,3 days 22:50:59.999999998,false
XMR-USD,false,51,88,101,22.0,0.5274355633273853,0.13774104683195593,0.0001,0.00003384615384615384,4.1735537190082646,8.305785123966942,0.0004173553719008265,-1.2318567922006263,0,0,17424,726 days 01:00:00,1000.0,355.45840927213146,-64.45415907278685,34.915698157888286,100.0,142.20464399572873,69.9171678079512,630 days 14:00:00,100,1,16.879685055786638,18.361512054478208,-8.735543285074735,4.86963979581534,-2.644678032416566,10 days 10:19:05.454545454,2 days 02:58:27.692307692,-6.614212757836551,-0.8946628816035181,-0.5799367587662617,0.9625040984104781,-0.2000220748772896,26.839140970340615,0.9711050286331829,0.3815111393007215,-0.007489941431631863,None,None,-0.000047170302748855625,-0.28528599102507884,-0.6445415907278685,-0.3016318941148889,0.38376661243698745,-2.84599370693738,3 days 22:49:47.999999998,false
XMR-USD,false,52,83,101,22.0,0.5299871098538743,0.13774104683195593,0.0001,0.00003384615384615384,4.1735537190082646,8.305785123966942,0.0004173553719008265,-1.2370029375831595,0,0,17424,726 days 01:00:00,1000.0,354.05520620024095,-64.59447937997591,34.915698157888286,100.0,139.69123744074273,70.06104608025251,635 days 19:00:00,100,1,17.4698000573797,20.328574473760277,-8.735543285074748,5.1083736249787135,-2.7051064491660304,10 days 08:02:43.636363636,2 days 03:24:36.923076923,-6.634145938571389,-0.8975180781196317,-0.5804315044128412,0.9623801967088732,-0.1850728490046127,26.716736740402258,0.9725927206439852,0.38085426737459394,-0.007508037222203362,None,None,-0.000047371680823887444,-0.28650392562287125,-0.6459447937997609,-0.30259000476305997,0.3841789221492184,-2.85001253842557,3 days 22:40:11.999999998,false
XMR-USD,false,52,86,101,22.0,0.535906375587128,0.13774104683195593,0.0001,0.00003384615384615384,4.1735537190082646,8.305785123966942,0.0004173553719008265,-1.2282742563733917,0,0,17424,726 days 01:00:00,1000.0,356.2927286742449,-64.37072713257551,34.915698157888286,100.0,144.0438600350302,69.75575376427658,630 days 14:00:00,100,1,16.91930445534581,19.78542602625741,-8.735543285074748,5.029404145135688,-2.6803827108060387,10 days 09:54:32.727272727,2 days 03:00:46.153846153,-6.606265757811009,-0.8922117954169365,-0.5802736209435426,0.962599906723775,-0.20187145719924618,26.844713168701443,0.9708050202738123,0.38129211256440754,-0.0074899414316318864,None,None,-0.00004703753038689186,-0.284482983779922,-0.6437072713257572,-0.30106338887897766,0.3837377243112538,-2.843604181749195,3 days 22:46:11.999999998,false
XMR-USD,false,53,80,101,22.0,0.5474819401446926,0.13774104683195593,0.0001,0.00003384615384615384,4.1735537190082646,8.305785123966942,0.0004173553719008265,-1.1389902630222573,0,0,17424,726 days 01:00:00,1000.0,378.82940338665685,-62.117059661334316,34.915698157888286,100.0,140.59759569970214,67.95278534862689,635 days 19:00:00,100,1,18.692209059844686,19.639234895509386,-8.73554328507474,5.213701625588325,-2.6515999920131996,10 days 07:05:27.272727272,2 days 03:25:23.076923076,-6.398628056731871,-0.825877011820748,-0.5682405140233928,0.9652816213105534,-0.1851767607173029,26.875345887042922,0.9723142725898772,0.38063544885508277,-0.007482015876363728,None,None,-0.000043526404245458596,-0.2632476928765336,-0.6211705966133418,-0.2860249044664127,0.3836148032746817,-2.77905821560382,3 days 22:28:11.999999998,false
XMR-USD,false,53,86,101,22.0,0.5427975999893051,0.13774104683195593,0.0001,0.00003384615384615384,4.1735537190082646,8.305785123966942,0.0004173553719008265,-1.1273604742901184,0,0,17424,726 days 01:00:00,1000.0,382.30986478223645,-61.76901352177635,34.915698157888286,100.0,144.8584807662174,67.75232619323137,630 days 14:00:00,100,1,18.154782508757705,18.361512054478204,-7.1931385275404685,4.881341213482531,-2.5583740244924136,10 days 10:27:16.363636363,2 days 02:50:46.153846153,-6.358449177265217,-0.8174755838226042,-0.5657465030161255,0.9656913206826329,-0.18623571029751862,26.941293168306487,0.9741253060161057,0.3811826252377933,-0.007477354898302195,None,None,-0.00004303118449298639,-0.2602526038135817,-0.6176901352177624,-0.28375494949663715,0.3831479048081661,-2.769090030577586,3 days 22:45:35.999999998,false
XMR-USD,false,54,84,101,22.0,0.5481957145555444,0.13774104683195593,0.0001,0.00003384615384615384,4.1735537190082646,8.305785123966942,0.0004173553719008265,-1.104001525642318,0,0,17424,726 days 01:00:00,1000.0,388.6276679075247,-61.13723320924753,34.915698157888286,100.0,145.8241499499482,67.11211686545346,630 days 14:00:00,100,1,18.454796586966438,18.361512054478187,-7.193138527540459,4.931244058504158,-2.5507771402798864,10 days 10:16:21.818181818,2 days 02:46:55.384615384,-6.298271286794415,-0.800319643802779,-0.5635405266311795,0.9663716913896205,-0.1858303741870646,27.005203531039935,0.9750215628987292,0.38063544885508277,-0.007461921798605265,None,None,-0.00004210434583622449,-0.2546470836174857,-0.6113723320924759,-0.27966871624775735,0.3829317635101337,-2.750995581780603,3 days 22:40:11.999999998,false
XMR-USD,false,55,83,101,22.0,0.5446946153937746,0.13774104683195593,0.0001,0.00003384615384615384,4.1735537190082646,8.305785123966942,0.0004173553719008265,-1.1201611433412146,0,0,17424,726 days 01:00:00,1000.0,384.4261304869119,-61.557386951308814,34.915698157888286,100.0,145.0095119295666,67.61062615249533,630 days 14:00:00,100,1,18.255277806259357,18.361512054478208,-7.193138527540474,4.931359471178165,-2.564418049760558,10 days 10:21:49.090909091,2 days 02:42:18.461538461,-6.338291473193472,-0.8121965021061901,-0.5643974069943686,0.9658788712330159,-0.18650382179315345,27.006228450784455,0.9741239334275941,0.38052606559974644,-0.007466933014796105,None,None,-0.000042728490421338876,-0.25842191006825754,-0.6155738695130888,-0.28238131183537607,0.3829255803286437,-2.7630289582911156,3 days 22:37:47.999999999,false
XMR-USD,false,8,32,392,21.994884910485936,0.41959017584308544,0.5385674931129476,0.0001,0.00003383828447767067,16.198347107438018,32.35537190082645,0.0016198347107438018,-3.1937677707732854,0,0,17424,726 days 01:00:00,1000.0,96.8076589046899,-90.31923410953101,34.915698157888286,100.0,301.5031102598226,90.90170863942858,722 days 11:00:00,391,1,4.479462706370498,21.123879122043245,-11.595387641454279,2.38386782657443,-1.410697123101416,2 days 14:41:51.627906976,0 days 13:21:50.163934426,-2.3214112629198973,-2.3403895999888262,-0.7599800901109367,0.9052347404038974,-0.41401965586085476,36.95305887905939,1.0067779617621382,0.3701053624783771,-0.007650913471011235,None,None,-0.0001220594577613537,-0.7382156005406671,-0.9031923410953118,-0.5553462892517411,0.37961312628505717,-3.5867801268389,1 days 00:12:53.401534525,false
XMR-USD,false,19,35,242,21.991701244813278,0.44507867214917496,0.3319559228650138,0.0001,0.000033833386530481965,10.0,19.958677685950413,0.001,-2.194006576298468,0,0,17424,726 days 01:00:00,1000.0,196.3936901783229,-80.36063098216772,34.915698157888286,100.0,222.5497061579568,81.83045735410863,722 days 11:00:00,241,1,9.32616461076853,24.879197779776206,-6.399618215274405,3.2519304435457816,-1.741183542551971,3 days 23:21:30.566037735,1 days 00:32:52.340425531,-3.373163794325498,-1.5763323323130711,-0.6828736477602777,0.9362074062290493,0.28254052215439973,22.331920830017584,0.9945513263035772,0.38524525001987436,-0.007655345219876719,None,None,-0.00008165719835186704,-0.4938627356320919,-0.8036063098216787,-0.4316008902368441,0.37705494086094504,-3.301561624767693,1 days 16:07:13.195020745,false
XMR-USD,false,6,22,565,21.98581560283688,0.36956991654498444,0.7768595041322314,0.0001,0.00003382433169667212,23.34710743801653,46.65289256198347,0.002334710743801653,-4.791605943805374,0,0,17424,726 days 01:00:00,1000.0,31.692847709854618,-96.83071522901454,34.915698157888286,100.0,353.83105957184404,96.95718866134025,725 days 02:00:00,564,1,0.6375767407799806,14.34490328265697,-11.805396837296522,1.7765829356545482,-1.2659818272170207,1 days 17:08:42.580645161,0 days 09:49:38.181818181,-1.717987108210858,-3.5583747306561713,-0.8494907523656977,0.8587764767943364,-0.461279650985509,36.95346137526833,1.0078372668649496,0.3596285892634208,-0.007771798389880529,None,None,-0.00018606608775937892,-1.1253276987687237,-0.9683071522901453,-0.6982117228551954,0.3806041234059882,-3.7732716324659306,0 days 16:42:45.957446807,false
XMR-USD,false,16,45,233,21.982758620689655,0.4727612665224229,0.31955922865013775,0.0001,0.00003381962864721485,9.62809917355372,19.214876033057852,0.000962809917355372,-2.0425985511093567,0,0,17424,726 days 01:00:00,1000.0,214.13598211936073,-78.58640178806394,34.915698157888286,100.0,225.9532058253612,80.15066648348879,722 days 11:00:00,232,1,10.168694404185942,25.97721423628424,-6.399618215274418,3.5132555406314347,-1.7954044675862793,4 days 09:30:35.294117647,0 days 23:41:46.077348066,-3.4311754839863147,-1.470910521183002,-0.6727226482920672,0.9401748061262468,0.18819065313362804,23.017003892407278,0.9912355238422155,0.386899076727157,-0.007617955658402024,None,None,-0.00007657372298895989,-0.4631178766372294,-0.7858640178806366,-0.41427908551157466,0.3789234238132403,-3.250746968675733,1 days 17:40:51.724137929,false
XMR-USD,false,24,28,233,21.982758620689655,0.4661854230856792,0.31955922865013775,0.0001,0.00003381962864721485,9.62809917355372,19.214876033057852,0.000962809917355372,-1.9424529823907533,0,0,17424,726 days 01:00:00,1000.0,232.2394953166563,-76.77605046833436,34.915698157888286,100.0,220.91243294823357,78.5141497652757,722 days 11:00:00,232,1,11.02837754348593,24.879197779776195,-6.399618215274428,3.3815849393018698,-1.7177760261055985,4 days 00:44:42.352941176,1 days 02:08:17.237569060,-3.3568486302880585,-1.3911634108175794,-0.6623033043323827,0.9434683949978393,0.30311121702488086,22.370030019616145,0.9977309557491048,0.3857960871639891,-0.007633162839139212,None,None,-0.00007204452430276473,-0.4357252829831211,-0.7677605046833429,-0.3975453962358765,0.376947420530227,-3.1988977600033706,1 days 17:39:34.137931033,false
XMR-USD,false,26,27,233,21.982758620689655,0.4637122474752762,0.31955922865013775,0.0001,0.00003381962864721485,9.62809917355372,19.214876033057852,0.000962809917355372,-1.9836471777763,0,0,17424,726 days 01:00:00,1000.0,225.0085266414436,-77.49914733585564,34.915698157888286,100.0,222.51102473409046,79.18312947432892,722 days 11:00:00,232,1,10.684999891693167,24.87919777977619,-6.3996182152744305,3.3963610009341934,-1.7388684022453453,4 days 01:25:52.941176470,1 days 02:00:59.668508287,-3.386536522630382,-1.4220056349871275,-0.6662709699018615,0.942278419989155,0.2939176811250848,22.209176303062147,0.9965995971760919,0.3864576702737111,-0.007650913471011351,None,None,-0.00007380665748002063,-0.44638266443916474,-0.7749914733585546,-0.4041233734345099,0.3777914845016641,-3.2196075526087324,1 days 17:42:55.862068964,false
XMR-USD,false,14,26,324,21.981424148606813,0.4717257086555143,0.44490358126721763,0.0001,0.00003381757561324125,13.388429752066116,26.735537190082646,0.0013388429752066117,-2.525770906193335,0,0,17424,726 days 01:00:00,1000.0,161.96708260320895,-83.80329173967911,34.915698157888286,100.0,288.4995308605616,84.76257435001452,722 days 11:00:00,323,1,6.757048621229785,21.34297403447628,-6.189806240950004,2.8712573244317636,-1.4979465527111777,2 days 23:18:35.492957746,0 days 17:30:00,-2.6154488112013015,-1.8149619560648893,-0.7073177991529269,0.9265839609822024,0.32824944702128817,22.450710608515774,1.0166849066573267,0.37042862760519074,-0.007614149279068218,None,None,-0.00009297691113262341,-0.5623243585301064,-0.8380329173967905,-0.4683792837232065,0.37287694543010713,-3.4001608491607938,1 days 05:19:41.424148606,false
XMR-USD,false,21,49,183,21.978021978021978,0.4811765067404321,0.25068870523415976,0.0001,0.0000338123415046492,7.56198347107438,15.082644628099175,0.0007561983471074381,-1.621830956854409,0,0,17424,726 days 01:00:00,1000.0,279.274986178797,-72.07250138212031,34.915698157888286,100.0,189.3808666065721,74.64687861980596,722 days 11:00:00,182,1,13.914771361424357,20.680218971042216,-7.125563139087593,3.874532023051802,-1.9502168730540659,5 days 10:13:30,1 days 07:19:26.197183098,-4.0364823361682864,-1.1668695408235739,-0.6341452112417623,0.9520956914471469,0.12170394371809741,23.268410123856455,0.9897502956375756,0.38899960143483453,-0.007608808267455829,None,None,-0.00006116604941621869,-0.36993226686929065,-0.7207250138212034,-0.3577196499448714,0.3815452683592725,-3.0641861736863887,2 days 05:03:37.582417581,false
XMR-USD,false,64,79,92,21.978021978021978,0.5574585708477096,0.12534435261707988,0.0001,0.0000338123415046492,3.8016528925619837,7.56198347107438,0.0003801652892561984,-1.0811215603772113,0,0,17424,726 days 01:00:00,1000.0,398.224435951606,-60.17755640483941,34.915698157888286,100.0,134.41216742314654,65.55381339032702,630 days 14:00:00,91,1,18.910519163538083,18.192100306263395,-6.629251517615223,5.551463243944553,-2.7982163551837367,11 days 00:27:00,2 days 10:22:49.014084507,-6.820726189142119,-0.7821081431240552,-0.5652327576401328,0.9671309090803589,-0.12770021827158393,27.07052458218563,0.972581239814065,0.3792148171600443,-0.007441978715800786,None,None,-0.000040869525632096806,-0.24717889102292148,-0.6017755640483917,-0.27354387913132305,0.38035640468603926,-2.723510042179806,4 days 07:40:13.186813185,false
XMR-USD,false,64,80,92,21.978021978021978,0.5419341724938304,0.12534435261707988,0.0001,0.0000338123415046492,3.8016528925619837,7.56198347107438,0.0003801652892561984,-1.1293044581757397,0,0,17424,726 days 01:00:00,1000.0,385.11895663506016,-61.48810433649399,34.915698157888286,100.0,132.7183069602644,66.67188548456214,630 days 14:00:00,91,1,18.288178103098915,18.192100306263406,-6.592258619305253,5.367180489210153,-2.79472238234729,11 days 00:18:00,2 days 10:24:30.422535211,-6.957903532615809,-0.8178292475012641,-0.5715041252410079,0.9656506189703165,-0.13890815804130233,27.035258616079638,0.972509219564635,0.37877828770375055,-0.00744272275476618,None,None,-0.00004277026832890995,-0.2586745828532474,-0.6148810433649425,-0.2819326813653449,0.38066003338093685,-2.7610446756197073,4 days 07:39:33.626373625,false
XMR-USD,false,67,76,92,21.978021978021978,0.5515120173653743,0.12534435261707988,0.0001,0.0000338123415046492,3.8016528925619837,7.56198347107438,0.0003801652892561984,-1.0939427854157004,0,0,17424,726 days 01:00:00,1000.0,394.1970399076158,-60.580296009238424,34.915698157888286,100.0,134.4614399713872,65.90218085138162,630 days 14:00:00,91,1,18.719269849851344,18.192100306263395,-6.59225861930526,5.415441170651299,-2.7760167913104876,11 days 00:27:00,2 days 10:21:58.309859154,-6.862881647716872,-0.7919330683709684,-0.5671133969264167,0.9667159241584401,-0.13747180090677683,27.009445528001784,0.9731768492990173,0.37888739416000633,-0.007442722754766139,None,None,-0.00004142696516830365,-0.25055028533790047,-0.6058029600923829,-0.2761023726925148,0.380761111164053,-2.7350446706033256,4 days 07:39:33.626373624,false
XMR-USD,false,68,75,92,21.978021978021978,0.5528130556825679,0.12534435261707988,0.0001,0.0000338123415046492,3.8016528925619837,7.56198347107438,0.0003801652892561984,-1.0849904721336376,0,0,17424,726 days 01:00:00,1000.0,396.5488732667734,-60.34511267332267,34.915698157888286,100.0,134.68598399377066,65.69874860702217,630 days 14:00:00,91,1,18.830951569486444,18.192100306263395,-6.592258619305268,5.415441170651296,-2.7677824054129987,11 days 00:27:00,2 days 10:20:16.901408450,-6.8382645967331115,-0.7854354116382826,-0.5660146064234229,0.9669807110192941,-0.13765864638727993,27.012148863417625,0.9730394874041273,0.37888739416000633,-0.007442722754766151,None,None,-0.00004108614503957596,-0.24848900519935538,-0.6034511267332296,-0.27460625617138457,0.3807525859140566,-2.7283089228358817,4 days 07:38:14.505494504,false
XMR-USD,false,69,72,92,21.978021978021978,0.5416836278368335,0.12534435261707988,0.0001,0.0000338123415046492,3.8016528925619837,7.56198347107438,0.0003801652892561984,-1.136834406006417,0,0,17424,726 days 01:00:00,1000.0,383.80811257066193,-61.61918874293381,34.915698157888286,100.0,134.42253929205265,67.18136167972784,630 days 14:00:00,91,1,18.225929934573116,18.46735197470051,-7.19313852754047,5.296376739743139,-2.7817484519153113,11 days 00:08:59.999999999,2 days 10:19:26.197183098,-6.971624366636393,-0.8226088804786633,-0.568747951546722,0.9654433001685404,-0.125665719520143,27.07414256988114,0.9721043139476697,0.37834203448821385,-0.007446826610916404,None,None,-0.0000429856902811914,-0.2599774548206456,-0.6161918874293368,-0.28278194691280556,0.3803544098954459,-2.7647989871000926,4 days 07:33:37.582417580,false
XMR-USD,false,69,74,92,21.978021978021978,0.5526737714472518,0.12534435261707988,0.0001,0.0000338123415046492,3.8016528925619837,7.56198347107438,0.0003801652892561984,-1.0875334018351452,0,0,17424,726 days 01:00:00,1000.0,395.885090071581,-60.4114909928419,34.915698157888286,100.0,134.73429121376392,65.75616547486287,630 days 14:00:00,91,1,18.799430437933722,18.192100306263395,-6.592258619305265,5.415441170651296,-2.7701095032229626,11 days 00:27:00,2 days 10:21:58.309859154,-6.84521253149839,-0.7872752925408337,-0.5663245644677026,0.9669063136298667,-0.1375605635417304,27.012231845267202,0.9729633588186116,0.37899651788540684,-0.007442722754766126,None,None,-0.00004118232416325607,-0.24907069653937272,-0.6041149099284189,-0.27502793307200546,0.38075198412286404,-2.730210025291833,4 days 07:39:33.626373624,false
XMR-USD,false,70,71,92,21.978021978021978,0.5416836278368335,0.12534435261707988,0.0001,0.0000338123415046492,3.8016528925619837,7.56198347107438,0.0003801652892561984,-1.136834406006417,0,0,17424,726 days 01:00:00,1000.0,383.80811257066193,-61.61918874293381,34.915698157888286,100.0,134.42253929205265,67.18136167972784,630 days 14:00:00,91,1,18.225929934573116,18.46735197470051,-7.19313852754047,5.296376739743139,-2.7817484519153113,11 days 00:08:59.999999999,2 days 10:19:26.197183098,-6.971624366636393,-0.8226088804786633,-0.568747951546722,0.9654433001685404,-0.125665719520143,27.07414256988114,0.9721043139476697,0.37834203448821385,-0.007446826610916404,None,None,-0.0000429856902811914,-0.2599774548206456,-0.6161918874293368,-0.28278194691280556,0.3803544098954459,-2.7647989871000926,4 days 07:33:37.582417580,false
XMR-USD,false,70,73,92,21.978021978021978,0.5533350783303754,0.12534435261707988,0.0001,0.0000338123415046492,3.8016528925619837,7.56198347107438,0.0003801652892561984,-1.0841995743937376,0,0,17424,726 days 01:00:00,1000.0,396.7644528846221,-60.323554711537795,34.915698157888286,100.0,134.83247355683255,65.6801010930194,630 days 14:00:00,91,1,18.841188817948705,18.192100306263395,-6.592258619305261,5.416633413676633,-2.7673605465386637,11 days 00:23:59.999999999,2 days 10:20:16.901408450,-6.836008087179419,-0.7848551919354053,-0.5659139676763609,0.9670035882465808,-0.13763169522992744,27.01359225937498,0.9728605439815767,0.37888739416000633,-0.007442722754766201,None,None,-0.000041055266064374904,-0.24830224915733942,-0.603235547115375,-0.2744694055672531,0.38074769229910643,-2.7276914939164483,4 days 07:37:34.945054944,false
XMR-USD,false,71,72,92,21.978021978021978,0.5533350783303754,0.12534435261707988,0.0001,0.0000338123415046492,3.8016528925619837,7.56198347107438,0.0003801652892561984,-1.0841995743937376,0,0,17424,726 days 01:00:00,1000.0,396.7644528846221,-60.323554711537795,34.915698157888286,100.0,134.83247355683255,65.6801010930194,630 days 14:00:00,91,1,18.841188817948705,18.192100306263395,-6.592258619305261,5.416633413676633,-2.7673605465386637,11 days 00:23:59.999999999,2 days 10:20:16.901408450,-6.836008087179419,-0.7848551919354053,-0.5659139676763609,0.9670035882465808,-0.13763169522992744,27.01359225937498,0.9728605439815767,0.37888739416000633,-0.007442722754766201,None,None,-0.000041055266064374904,-0.24830224915733942,-0.603235547115375,-0.2744694055672531,0.38074769229910643,-2.7276914939164483,4 days 07:37:34.945054944,false
XMR-USD,false,2,8,1526,21.9672131147541,0.3520642156173004,2.100550964187328,0.0001,0.00003379571248423708,63.057851239669425,126.07438016528926,0.006305785123966943,-8.178069010357937,0,0,17424,726 days 01:00:00,1000.0,2.4542240347029747,-99.7545775965297,34.915698157888286,100.0,585.7436368013325,99.7611103176087,725 days 02:00:00,1525,1,0.007717764134515193,13.628800372026017,-11.192981014084529,1.2928188381371748,-0.8580360247851134,0 days 14:03:56.417910447,0 days 03:46:44.369747899,-0.6541334385111042,-6.197502714626974,-0.9535427895950696,0.7674466116058088,-0.5395869247672076,34.95048458344827,1.084671677630334,0.342863748458693,-0.008154126876394165,None,None,-0.00033222527892437834,-2.0092984869346404,-0.9975457759652959,-0.8758142399106035,0.3901879861450422,-3.857012256935002,0 days 06:02:19.278688523,false
XMR-USD,false,16,76,174,21.965317919075144,0.5132563224236059,0.23829201101928374,0.0001,0.00003379279679857715,7.1900826446281,14.338842975206612,0.00071900826446281,-1.3524793670588522,0,0,17424,726 days 01:00:00,1000.0,334.72936250109,-66.527063749891,34.915698157888286,100.0,195.6411277835379,68.96974511193186,722 days 11:00:00,173,1,15.895322970449229,21.246964398202284,-7.125563139087605,3.8373161032490075,-1.857604103998794,6 days 02:48:56.842105263,1 days 06:23:06.666666666,-3.9373754940425396,-0.9722831497332702,-0.6135523458407555,0.9600036897742978,0.09733315683011559,23.166967617955986,0.988631250784726,0.3907734056987789,-0.007523499489008795,None,None,-0.0000508337620903185,-0.30744259312224625,-0.6652706374989061,-0.3160455896033295,0.38055500416645904,-2.9053625520834947,2 days 07:57:34.335260114,false
XMR-USD,false,17,47,215,21.962616822429908,0.4981533458021176,0.29476584022038566,0.0001,0.00003378864126527678,8.884297520661157,17.727272727272727,0.0008884297520661157,-1.7570123751682838,0,0,17424,726 days 01:00:00,1000.0,258.46167854352393,-74.1538321456476,34.915698157888286,100.0,218.02857994709268,76.2557553835583,722 days 11:00:00,214,1,12.273592687645845,20.68021897104222,-6.1684812290711015,3.73890429920464,-1.8193069137034616,4 days 16:34:28.085106383,1 days 02:08:58.922155688,-3.5224855801127113,-1.2620328196774997,-0.647138509276753,0.9483749230156585,0.19751265047724406,22.920165230619386,0.9940280256664846,0.386899076727157,-0.007614106571059689,None,None,-0.00006575739959670332,-0.39770075276086164,-0.7415383214564769,-0.3747552672263751,0.3792555332751057,-3.123796345423913,1 days 21:07:51.028037382,false
XMR-USD,false,15,30,297,21.95945945945946,0.44439173656469355,0.40771349862258954,0.0001,0.000033783783783783784,12.272727272727273,24.50413223140496,0.0012272727272727275,-2.6201628801292363,0,0,17424,726 days 01:00:00,1000.0,150.24213573652605,-84.9757864263474,34.915698157888286,100.0,260.20983906680704,85.96152505964906,722 days 11:00:00,296,1,6.951971068940139,23.389151865388296,-6.189806240950018,2.854560806048936,-1.5907541047694163,3 days 07:41:32.307692307,0 days 19:00:00,-2.894289984231132,-1.883749763530612,-0.7147230699626188,0.9240328901411959,0.32946043520256185,22.28027081350347,1.005901855003588,0.376164902858948,-0.007657573012803549,None,None,-0.00009713702378926354,-0.5874847198774659,-0.8497578642634739,-0.4820656781516398,0.3753353993754301,-3.4337415807092877,1 days 08:19:39.729729728,false
XMR-USD,false,16,42,247,21.951219512195124,0.46224571315266966,0.33884297520661155,0.0001,0.00003377110694183865,10.206611570247935,20.371900826446282,0.0010206611570247935,-2.103523981449686,0,0,17424,726 days 01:00:00,1000.0,208.75444481011664,-79.12455551898833,34.915698157888286,100.0,228.4485394362308,80.68689078527515,722 days 11:00:00,246,1,9.91314086395036,25.977214236284222,-6.928026011026206,3.36533349852089,-1.7178487470402748,4 days 04:41:06.666666666,0 days 22:05:37.500000,-3.2567426668855055,-1.5099616362926511,-0.6755130500113844,0.938846673605321,0.29054913265675175,22.328470679636954,0.9974641354026423,0.38601654470251356,-0.007624566622412864,None,None,-0.00007816979261940668,-0.47277090576217157,-0.7912455551898849,-0.41943071645769237,0.3768174366050314,-3.2661599135491497,1 days 15:20:43.902439023,false
XMR-USD,false,17,20,329,21.951219512195124,0.46472677494452214,0.45179063360881544,0.0001,0.00003377110694183865,13.59504132231405,27.14876033057851,0.001359504132231405,-2.536830829850668,0,0,17424,726 days 01:00:00,1000.0,160.5292756232759,-83.9470724376724,34.915698157888286,100.0,288.97469782893427,84.96986318831829,722 days 11:00:00,328,1,6.697065249823652,21.342974034476303,-7.903274888121226,2.800804035262459,-1.4710984129584228,2 days 20:42:29.999999999,0 days 17:41:15,-2.5797798464224115,-1.823047381058777,-0.7077002069514406,0.9262293386157936,0.326486128997032,22.434565370902202,1.0135539266844404,0.37150728059818966,-0.007609614386810202,None,None,-0.00009346928148106179,-0.5653022143974618,-0.8394707243767259,-0.4700220571181756,0.37318905005385306,-3.4042787876692295,1 days 04:53:13.902439023,false
XMR-USD,false,17,40,247,21.951219512195124,0.464783480197332,0.33884297520661155,0.0001,0.00003377110694183865,10.206611570247935,20.371900826446282,0.0010206611570247935,-2.118702535119586,0,0,17424,726 days 01:00:00,1000.0,206.58250180337927,-79.34174981966208,34.915698157888286,100.0,230.7632694854906,80.88783008759958,722 days 11:00:00,246,1,9.810001613459946,24.879197779776206,-6.3996182152744066,3.336908649544608,-1.7174373364338285,4 days 03:05:33.333333333,0 days 22:32:11.250000,-3.2651524382523607,-1.5204123935592324,-0.6767844831560043,0.938437317708879,0.29469351360205226,22.276703183384907,0.9972347094202337,0.38590630716614965,-0.007633162839139264,None,None,-0.00007875649743841326,-0.47631929650752336,-0.793417498196621,-0.42153443111169697,0.3770361018571174,-3.272380447925739,1 days 15:20:29.268292682,false
XMR-USD,false,27,86,124,21.951219512195124,0.5910296588756678,0.16942148760330578,0.0001,0.00003377110694183865,5.12396694214876,10.206611570247935,0.000512396694214876,-0.8417435138778253,0,0,17424,726 days 01:00:00,1000.0,463.13668667087006,-53.68633133291299,34.915698157888286,100.0,167.05449180368677,58.98141175920178,635 days 19:00:00,123,1,21.815713953646423,20.273199323916465,-8.039372144347576,4.901317393426018,-2.1289930767834697,8 days 05:00:00,1 days 20:28:07.500000,-4.5421059128681005,-0.6053991193751695,-0.5440442775711252,0.9746244661426573,-0.08115281937654303,26.506160332278743,0.9850055542703563,0.3892210794865662,-0.007460189988399791,None,None,-0.00003195941754894923,-0.19329055733604494,-0.5368633133291287,-0.23445305007841377,0.38425100783618116,-2.5375986781116096,3 days 05:57:04.390243901,false
XMR-USD,false,27,87,124,21.951219512195124,0.5867224510757351,0.16942148760330578,0.0001,0.00003377110694183865,5.12396694214876,10.206611570247935,0.000512396694214876,-0.8715729346049129,0,0,17424,726 days 01:00:00,1000.0,454.35892323422047,-54.564107676577954,34.915698157888286,100.0,166.99139890011614,59.65514552045605,635 days 19:00:00,123,1,21.402243844717646,20.273199323916472,-8.039372144347578,4.886363992333138,-2.142170004362687,8 days 08:37:46.666666666,1 days 19:26:52.500000,-4.610108297646311,-0.6268860144387314,-0.5487983442704982,0.9737253934653424,-0.08010684648975393,26.57352007031052,0.9857023355743877,0.38877819399059543,-0.007452411460490861,None,None,-0.000033072889776556285,-0.2000248373686124,-0.5456410767657767,-0.23952053632076042,0.3840090917522447,-2.562738554728015,3 days 05:57:04.390243901,false
XMR-USD,false,30,74,124,21.951219512195124,0.6302776683784398,0.16942148760330578,0.0001,0.00003377110694183865,5.12396694214876,10.206611570247935,0.000512396694214876,-0.656980423611065,0,0,17424,726 days 01:00:00,1000.0,522.3330305748417,-47.76669694251583,34.915698157888286,100.0,173.97302087236022,52.423722166075834,635 days 19:00:00,123,1,24.604114317680853,19.59368917755768,-8.039372144347585,4.909142491769787,-2.007505454606997,7 days 16:02:13.333333333,2 days 00:32:30,-4.08350474587674,-0.4716763382601593,-0.5313477296576342,0.9802093161524189,-0.07299759288733616,26.219001076859033,0.9859940272164013,0.39277435856446324,-0.007477415365825785,None,None,-0.000024979349508867827,-0.15107510582963263,-0.4776669694251573,-0.20181585940126878,0.3854739007710327,-2.368057906976842,3 days 06:17:04.390243902,false
XMR-USD,false,31,74,124,21.951219512195124,0.6228460327559076,0.16942148760330578,0.0001,0.00003377110694183865,5.12396694214876,10.206611570247935,0.000512396694214876,-0.7013715750073904,0,0,17424,726 days 01:00:00,1000.0,507.3097448027367,-49.26902551972633,34.915698157888286,100.0,174.19122511592894,54.822243204027785,635 days 19:00:00,123,1,23.89645345970814,20.352261490647482,-8.03937214434758,4.866467780025148,-2.025880209999856,7 days 16:51:06.666666666,2 days 00:21:15,-4.199891940300578,-0.503726927380653,-0.5272670286799787,0.9788809037184981,-0.0737338467056305,26.25942291490384,0.9850549236605662,0.39288569144684243,-0.007466933014796026,None,None,-0.000026664912522054543,-0.16126939093338588,-0.49269025519726417,-0.20986007261430362,0.3853034878268151,-2.411085217226146,3 days 06:19:01.463414633,false
XMR-USD,false,69,84,83,21.951219512195124,0.5837937687298219,0.11294765840220386,0.0001,0.00003377110694183865,3.4297520661157024,6.818181818181818,0.0003429752066115703,-0.9236825169280517,0,0,17424,726 days 01:00:00,1000.0,434.2369259571301,-56.576307404286986,34.915698157888286,100.0,130.92883521844095,61.799976156329926,630 days 14:00:00,82,1,20.092915556082175,17.256207945979884,-11.388143219999115,5.8495510181883175,-2.8723795092937645,12 days 02:16:40,2 days 17:46:52.500000,-7.144585239011613,-0.6729051196609576,-0.5542561483569612,0.9714491186361226,-0.4127805574732937,30.399032111140052,0.9702355657084083,0.38052606559974644,-0.0074312642347534544,None,None,-0.00003559400283423744,-0.21527252914146805,-0.5657630740428716,-0.2513833580345928,0.385017919103574,-2.620368785079128,4 days 19:03:39.512195121,false
XMR-USD,false,70,83,83,21.951219512195124,0.5827319571929406,0.11294765840220386,0.0001,0.00003377110694183865,3.4297520661157024,6.818181818181818,0.0003429752066115703,-0.9252518931251213,0,0,17424,726 days 01:00:00,1000.0,433.75983832050633,-56.624016167949364,34.915698157888286,100.0,130.82115536091365,61.84194577707185,630 days 14:00:00,82,1,20.070839861864272,17.256207945979884,-11.388143219999103,5.835531188727553,-2.8703775105172626,12 days 02:19:59.999999999,2 days 17:45:00,-7.150134165138514,-0.6740467821252643,-0.5544673703503956,0.9714021477845881,-0.41261217063379335,30.39341977877602,0.9699864044919618,0.38052606559974644,-0.007431264234753464,None,None,-0.00003565599108225905,-0.21564743406550274,-0.5662401616794981,-0.2516689366733327,0.3850351844327938,-2.621735183753061,4 days 19:02:55.609756097,false
XMR-USD,false,71,82,83,21.951219512195124,0.5864033015491016,0.11294765840220386,0.0001,0.00003377110694183865,3.4297520661157024,6.818181818181818,0.0003429752066115703,-0.9076103148227997,0,0,17424,726 days 01:00:00,1000.0,438.9206505287583,-56.10793494712417,34.915698157888286,100.0,130.89782984789863,61.387946732717445,630 days 14:00:00,82,1,20.309639829583887,17.256207945979884,-11.388143219999089,5.882636881282231,-2.86353278192458,12 days 02:23:20,2 days 17:43:07.500000,-7.090109625619823,-0.6611108038476341,-0.5521842563094472,0.9719454805220297,-0.41249067468278794,30.381633277883957,0.9707310546821433,0.3804166996751961,-0.007431264234753425,None,None,-0.00003497496710906971,-0.2115286010756536,-0.5610793494712505,-0.2485905557400231,0.3850711700968991,-2.6069544046750805,4 days 19:02:11.707317072,false
XMR-USD,false,72,81,83,21.951219512195124,0.5884209881220729,0.11294765840220386,0.0001,0.00003377110694183865,3.4297520661157024,6.818181818181818,0.0003429752066115703,-0.8967451559654928,0,0,17424,726 days 01:00:00,1000.0,442.2023182962637,-55.779768170373636,34.915698157888286,100.0,131.6179092678099,61.099256896657586,630 days 14:00:00,82,1,20.46148843893519,17.256207945979884,-11.388143219999094,5.882636881282228,-2.852019502825688,12 days 02:23:20,2 days 17:40:18.750000,-7.051941099300874,-0.6531352741049204,-0.5507343080032503,0.972274583707211,-0.41243239581843816,30.39374378184761,0.9708569786070345,0.38030735107731306,-0.007428272403563784,None,None,-0.00003454980774827033,-0.20895723726153895,-0.557797681703747,-0.24664534224908918,0.3850352047156706,-2.5975555728010455,4 days 18:59:59.999999999,false
XMR-USD,false,74,83,83,21.951219512195124,0.5710326822472593,0.11294765840220386,0.0001,0.00003377110694183865,3.4297520661157024,6.818181818181818,0.0003429752066115703,-0.973038724293461,0,0,17424,726 days 01:00:00,1000.0,420.144330198743,-57.985566980125704,34.915698157888286,100.0,129.55241514097233,62.979250820318256,630 days 14:00:00,82,1,17.527855793030596,17.209452191573693,-11.388143219999113,5.699688900545988,-2.8745466895766665,12 days 04:23:20,2 days 17:00:56.250000,-7.285164946271799,-0.7091864417720443,-0.5610498389600338,0.9699059690415801,-0.4138616271555973,30.447276570060495,0.9674812041189773,0.38019801980198015,-0.007437644843583016,None,None,-0.00003749747206254076,-0.22678471103424652,-0.5798556698012567,-0.2599069556127972,0.3848571065411808,-2.660730560732763,4 days 18:55:36.585365852,false
XMR-USD,false,75,82,83,21.951219512195124,0.5687645289256384,0.11294765840220386,0.0001,0.00003377110694183865,3.4297520661157024,6.818181818181818,0.0003429752066115703,-0.9856399052256123,0,0,17424,726 days 01:00:00,1000.0,416.557494499389,-58.34425055006109,34.915698157888286,100.0,128.85184790264108,63.36082999915745,630 days 14:00:00,82,1,17.378217836803003,17.209452191573686,-11.388143219999119,5.7096857635063305,-2.890619918721336,12 days 04:19:59.999999999,2 days 16:59:03.750000,-7.32708199191968,-0.7184265684683804,-0.5620605765943656,0.9695199068824748,-0.4137576046183936,30.440084195135597,0.9668935766492022,0.38008870584508153,-0.007440889575559835,None,None,-0.00003798813102897652,-0.22975221646324998,-0.583442505500611,-0.26210609472403845,0.3848783542412259,-2.6710034061535652,4 days 18:53:24.878048780,false
XMR-USD,false,76,81,83,21.951219512195124,0.5695147726022307,0.11294765840220386,0.0001,0.00003377110694183865,3.4297520661157024,6.818181818181818,0.0003429752066115703,-0.9828180273170489,0,0,17424,726 days 01:00:00,1000.0,417.3470625756586,-58.265293742434146,34.915698157888286,100.0,128.89448516058417,63.29138191730635,630 days 14:00:00,82,1,17.411157553907003,17.209452191573686,-11.38814321999912,5.720524775801721,-2.8906199187213364,12 days 04:23:20,2 days 16:59:03.750000,-7.3178548168079125,-0.716367126980884,-0.5617083703765933,0.9696071711064203,-0.41381679320263753,30.439637132290294,0.966779150190693,0.38019801980198015,-0.007440889575559835,None,None,-0.000037879371362114394,-0.22909443799806786,-0.5826529374243383,-0.2616209414018539,0.3848797473048111,-2.66874205060885,4 days 18:54:08.780487804,false
XMR-USD,false,77,80,83,21.951219512195124,0.5695147726022307,0.11294765840220386,0.0001,0.00003377110694183865,3.4297520661157024,6.818181818181818,0.0003429752066115703,-0.9828180273170489,0,0,17424,726 days 01:00:00,1000.0,417.3470625756586,-58.265293742434146,34.915698157888286,100.0,128.89448516058417,63.29138191730635,630 days 14:00:00,82,1,17.411157553907003,17.209452191573686,-11.38814321999912,5.720524775801721,-2.8906199187213364,12 days 04:23:20,2 days 16:59:03.750000,-7.3178548168079125,-0.716367126980884,-0.5617083703765933,0.9696071711064203,-0.41381679320263753,30.439637132290294,0.966779150190693,0.38019801980198015,-0.007440889575559835,None,None,-0.000037879371362114394,-0.22909443799806786,-0.5826529374243383,-0.2616209414018539,0.3848797473048111,-2.66874205060885,4 days 18:54:08.780487804,false
XMR-USD,false,78,79,83,21.951219512195124,0.5691895484223174,0.11294765840220386,0.0001,0.00003377110694183865,3.4297520661157024,6.818181818181818,0.0003429752066115703,-0.9845696539757824,0,0,17424,726 days 01:00:00,1000.0,416.8498379785742,-58.31501620214258,34.915698157888286,100.0,128.8245190648427,63.33511632799815,630 days 14:00:00,82,1,17.39041401315677,17.209452191573686,-11.388143219999094,5.720524775801721,-2.8924464204247347,12 days 04:23:20,2 days 16:58:07.500000,-7.323665561397352,-0.7176499387322666,-0.5619301533469049,0.9695538609402864,-0.41378666287823135,30.438399502790276,0.9669274387289463,0.38008870584508153,-0.007440889575559768,None,None,-0.000037947554298095326,-0.22950680839488052,-0.5831501620214217,-0.2619263931406891,0.38488331392766273,-2.670166122368309,4 days 18:53:24.878048779,false
XMR-USD,false,14,27,320,21.9435736677116,0.4537132602560031,0.4393939393939394,0.0001,0.0000337593441041717,13.223140495867769,26.40495867768595,0.001322314049586777,-2.708639698148872,0,0,17424,726 days 01:00:00,1000.0,143.28470859812523,-85.67152914018747,34.915698157888286,100.0,276.08934355154304,86.559420804041,722 days 11:00:00,319,1,6.630038530219849,24.35030201579445,-6.189806240950004,2.8742479181163008,-1.5539639423104192,3 days 02:23:08.571428571,0 days 17:14:13.012048192,-2.706411692577093,-1.9478436968763244,-0.7202796075968346,0.9214505522843787,0.3411933751400205,22.4303910209259,1.0118577584101789,0.3713993388950102,-0.007624566622412846,None,None,-0.00009996779572566498,-0.6046052285488218,-0.856715291401873,-0.49051957960358084,0.37356308740812966,-3.4536679390680387,1 days 05:46:38.746081503,false
XMR-USD,false,14,35,279,21.942446043165468,0.4642473107482034,0.38292011019283745,0.0001,0.00003375760929717764,11.52892561983471,23.016528925619834,0.001152892561983471,-2.3286685516578323,0,0,17424,726 days 01:00:00,1000.0,182.77048807634378,-81.72295119236563,34.915698157888286,100.0,259.6927446585843,83.1168839912667,722 days 11:00:00,278,1,8.457115835939874,23.46552052400139,-6.189806240950012,2.9483006080045535,-1.5776451113787338,3 days 12:53:06.885245901,0 days 20:16:18.801843317,-2.9700957833079054,-1.6698663001328815,-0.6911464424905581,0.9323563560883293,0.34410599320802293,22.407866703925375,1.0056811814155002,0.37812401138880103,-0.007638748123339057,None,None,-0.0000859376044388246,-0.5197506316460111,-0.8172295119236572,-0.44560818419859094,0.37459285331003256,-3.3405790376241544,1 days 10:26:58.705035969,false
XMR-USD,false,22,67,156,21.935483870967744,0.5733714809092784,0.21349862258953167,0.0001,0.0000337468982630273,6.446280991735537,12.851239669421489,0.0006446280991735538,-1.0657394115217338,0,0,17424,726 days 01:00:00,1000.0,404.67859474024544,-59.53214052597545,34.915698157888286,100.0,198.4491242972559,63.216507501972515,635 days 19:00:00,155,1,17.959960259296963,22.090837561254013,-7.17250568805469,4.242452254055238,-1.8991430362004151,6 days 15:01:45.882352941,1 days 11:02:28.760330578,-3.9566539710906508,-0.7642040293662973,-0.5780504643805565,0.9683996704121002,0.11333164678792712,23.11987932379411,0.9861431497152523,0.39255174618396876,-0.007487835016430409,None,None,-0.00003994830935659784,-0.24160737498870372,-0.5953214052597545,-0.26947872904085357,0.38049331020974947,-2.70502506513752,2 days 14:14:19.354838708,false
XMR-USD,false,23,63,156,21.935483870967744,0.5665136326541524,0.21349862258953167,0.0001,0.0000337468982630273,6.446280991735537,12.851239669421489,0.0006446280991735538,-1.1151109299283166,0,0,17424,726 days 01:00:00,1000.0,391.79404627192616,-60.82059537280738,34.915698157888286,100.0,193.88998099672767,64.03584790160578,722 days 11:00:00,155,1,17.388133675292636,22.09083756125399,-7.172505688054695,4.3332265312369165,-1.9497240947427437,6 days 14:58:14.117647058,1 days 11:03:58.016528925,-4.036090886473334,-0.799705055826599,-0.5866436511214601,0.9669368444202439,0.11561637946281948,23.13103723519758,0.9848503730933403,0.39255174618396876,-0.007520747578736223,None,None,-0.000041804799554415353,-0.25283542770510403,-0.6082059537280698,-0.27763706645811514,0.3804996381204884,-2.7419269435134166,2 days 14:14:42.580645160,false
XMR-USD,false,14,36,270,21.933085501858738,0.46257320588833517,0.37052341597796146,0.0001,0.00003374320846439806,11.15702479338843,22.272727272727273,0.001115702479338843,-2.2214420082122106,0,0,17424,726 days 01:00:00,1000.0,196.50832016786603,-80.3491679832134,34.915698157888286,100.0,252.93601124979918,81.84787488946468,722 days 11:00:00,269,1,9.092789781747626,23.4655205240014,-6.399618215274419,3.0287223125065164,-1.5905078571090667,3 days 15:55:55.932203389,0 days 20:56:51.428571428,-3.020760110088784,-1.59127062623286,-0.6825701799445781,0.9354711853730163,0.35498036336960725,22.40696991808338,1.0059880151745726,0.37899651788540684,-0.007617955658401941,None,None,-0.00008180430589116681,-0.49475244202977686,-0.8034916798321342,-0.43148576239235814,0.37418817788554715,-3.3012333197484875,1 days 11:38:21.858736058,false
XMR-USD,false,8,34,384,21.93211488250653,0.4260540437791338,0.5275482093663911,0.0001,0.0000337417152038562,15.867768595041323,31.694214876033058,0.0015867768595041324,-3.007584232177316,0,0,17424,726 days 01:00:00,1000.0,110.01960454422249,-88.99803954557775,34.915698157888286,100.0,304.0378024164826,89.61045916484687,722 days 11:00:00,383,1,5.090802949905864,21.41807728755481,-11.595387641454279,2.456884921611237,-1.400972188144708,2 days 16:40:00,0 days 13:32:18.461538461,-2.3370005180305053,-2.1981256331733663,-0.7480126755686733,0.9107634090573405,-0.3935068797106231,36.85743356932096,1.0108430539219333,0.3708598851388561,-0.007624566622412763,None,None,-0.00011470569963330506,-0.693740071382229,-0.8899803954557777,-0.5351570709770646,0.3798310217344876,-3.548940569457609,1 days 00:45:07.049608354,false
XMR-USD,false,28,35,188,21.92513368983957,0.5427700524846573,0.25757575757575757,0.0001,0.000033730974907445494,7.768595041322314,15.495867768595042,0.0007768595041322315,-1.3521336181201422,0,0,17424,726 days 01:00:00,1000.0,336.9713235205526,-66.30286764794474,34.915698157888286,100.0,201.85230871703513,70.29735389030257,722 days 11:00:00,187,1,16.789469713349547,20.68021897104223,-7.12556313908759,4.255025675472513,-1.8923291831585525,5 days 05:51:13.170731707,1 days 06:41:05.753424657,-3.6353911561112193,-0.9674811104716724,-0.5992066377312081,0.9602007148973869,0.21254085357192123,22.719114414898186,0.9946129870880569,0.3893318450007973,-0.0076088082674558594,None,None,-0.00005049617017929717,-0.30540083724438927,-0.6630286764794464,-0.31445904148747295,0.3799040214223382,-2.89894148322981,2 days 03:33:02.887700533,false
XMR-USD,false,21,27,261,21.923076923076923,0.44472206471135817,0.3581267217630854,0.0001,0.000033727810650887574,10.78512396694215,21.528925619834713,0.001078512396694215,-2.3027644332043575,0,0,17424,726 days 01:00:00,1000.0,185.8281838541992,-81.41718161458009,34.915698157888286,100.0,235.3860960966363,82.83443449364665,722 days 11:00:00,260,1,8.598600862633987,23.46552052400139,-6.399618215274416,3.087989064213439,-1.6591492566309323,3 days 18:11:34.736842105,0 days 21:57:38.128078817,-3.1645016038785907,-1.6516059601622184,-0.6892002874307069,0.9331764101807463,0.3407619813982845,22.38726047376792,1.0000679886558803,0.38008870584508153,-0.007615090235589357,None,None,-0.00008498809352359179,-0.5140079896306832,-0.814171816145802,-0.4424064347530391,0.3745498176919802,-3.3318216707686257,1 days 12:55:09.230769229,false
XMR-USD,false,18,26,293,21.91780821917808,0.4440698592670866,0.4022038567493113,0.0001,0.00003371970495258167,12.107438016528926,24.173553719008265,0.0012107438016528927,-2.6528446101618233,0,0,17424,726 days 01:00:00,1000.0,147.19559755056412,-85.28044024494359,34.915698157888286,100.0,259.1182921278457,86.52687876591699,722 days 11:00:00,292,1,6.811002323884651,23.389151865388293,-5.914882632735084,2.8835166258934217,-1.6167224341061837,3 days 07:55:18.750000,0 days 19:25:00,-2.943888372511375,-1.9080155261693903,-0.7146193603110967,0.9230165683021828,0.33012190834146016,22.310812694377958,1.0036420946851328,0.3748619220451318,-0.00767799072698161,None,None,-0.00009832704923695884,-0.5946819937851271,-0.8528044024494364,-0.4857353425001374,0.3751017119570663,-3.442466991761318,1 days 08:40:41.095890410,false
XMR-USD,false,14,86,179,21.910112359550563,0.49968217000952486,0.24517906336088155,0.0001,0.00003370786516853933,7.3966942148760335,14.75206611570248,0.0007396694214876034,-1.3782133693479628,0,0,17424,726 days 01:00:00,1000.0,328.607896243039,-67.1392103756961,34.915698157888286,100.0,197.53371429962715,69.31351247641174,722 days 11:00:00,178,1,15.60463235849511,22.239846018718115,-5.570763989160806,3.626231163997802,-1.7884358806753753,6 days 01:24:36.923076923,1 days 05:01:17.697841726,-3.859532225367725,-0.9903658664587869,-0.6181956247934366,0.9593672076410726,0.10341289051515928,23.007065152247744,0.9880896067293081,0.39232920495405516,-0.0075645567148948925,None,None,-0.00005185710566322095,-0.3136317750511603,-0.6713921037569619,-0.3204131527298296,0.38112773519936927,-2.9228946839926713,2 days 06:31:20.898876403,false
XMR-USD,false,16,72,179,21.910112359550563,0.4889857853857486,0.24517906336088155,0.0001,0.00003370786516853933,7.3966942148760335,14.75206611570248,0.0007396694214876034,-1.4710244577573721,0,0,17424,726 days 01:00:00,1000.0,310.26289737616366,-68.97371026238363,34.915698157888286,100.0,193.04457345376986,71.11391312287577,722 days 11:00:00,178,1,14.733481767753176,21.24696439820229,-7.125563139087602,3.670875671638607,-1.840446145693836,5 days 22:04:36.923076923,1 days 05:45:19.424460431,-3.9576999123123033,-1.0577639882382206,-0.6254215371315117,0.9565686432446314,0.10641293488031825,23.24779034748121,0.9880694719544674,0.3899968091895341,-0.007529929648075646,None,None,-0.00005522391349143527,-0.3339942287962005,-0.6897371026238331,-0.3338289230751087,0.38001115659767487,-2.9754355175853995,2 days 06:21:54.606741571,false
XMR-USD,false,16,74,179,21.910112359550563,0.49397945640571594,0.24517906336088155,0.0001,0.00003370786516853933,7.3966942148760335,14.75206611570248,0.0007396694214876034,-1.4452791062930999,0,0,17424,726 days 01:00:00,1000.0,314.8839087786896,-68.51160912213105,34.915698157888286,100.0,194.85744063140743,70.68368785919658,722 days 11:00:00,178,1,14.952920146700365,21.246964398202294,-7.125563139087595,3.6646316627656854,-1.8277556729104603,5 days 21:39:59.999999999,1 days 05:54:49.208633093,-3.9329719739775935,-1.0393450941360045,-0.6233682215512855,0.9573033208431623,0.09921707150190945,23.15997381593926,0.9908001221249682,0.389775083745414,-0.0075285962304534595,None,None,-0.00005434073198590995,-0.3286527470507834,-0.6851160912213091,-0.33040177843659047,0.3805604553614279,-2.9622007502849446,2 days 06:23:55.955056178,false
XMR-USD,false,19,58,179,21.910112359550563,0.48654883647773167,0.24517906336088155,0.0001,0.00003370786516853933,7.3966942148760335,14.75206611570248,0.0007396694214876034,-1.4632965210986562,0,0,17424,726 days 01:00:00,1000.0,311.5033620686579,-68.84966379313421,34.915698157888286,100.0,194.53269039238992,71.57638953399135,722 days 11:00:00,178,1,14.134725221098506,21.322008276614884,-7.12556313908759,3.7044002478645193,-1.841009472651468,5 days 14:29:13.846153846,1 days 07:32:22.446043165,-3.947367208721577,-1.0519534043366447,-0.6198228715657293,0.9566464168390653,0.12175189067925642,23.478196049595244,0.9864191963967094,0.389442628179571,-0.007528596230453517,None,None,-0.00005497278713877811,-0.33247541661533003,-0.6884966379313392,-0.33290568572730384,0.3803725756156053,-2.9718827755297066,2 days 06:05:43.820224718,false
XMR-USD,false,17,23,316,21.904761904761905,0.4514157949960685,0.43388429752066116,0.0001,0.0000336996336996337,13.057851239669422,26.074380165289256,0.0013057851239669422,-2.6944929825505493,0,0,17424,726 days 01:00:00,1000.0,144.41513098585347,-85.55848690141465,34.915698157888286,100.0,271.1793536178956,86.45338344823526,722 days 11:00:00,315,1,6.682345186382861,24.350302015794465,-5.166804431970886,2.9097984083389745,-1.5680175694151408,3 days 02:31:18.260869565,0 days 17:42:55.609756097,-2.7373562355572365,-1.937225343792475,-0.7194390363539451,0.9218236940047853,0.3370172077643213,22.417149829678266,1.0133217828264642,0.3709677419354838,-0.0076331628391391885,None,None,-0.00009949904111352562,-0.601770200654603,-0.8555848690141455,-0.4891280505793245,0.37384940833828195,-3.4504303627130812,1 days 06:09:31.428571427,false
XMR-USD,false,39,88,106,21.904761904761905,0.5447255063948668,0.1446280991735537,0.0001,0.0000336996336996337,4.380165289256198,8.71900826446281,0.0004380165289256199,-1.0157116979232212,0,0,17424,726 days 01:00:00,1000.0,411.81038728529825,-58.81896127147017,34.915698157888286,100.0,145.95784936875955,63.80623035845374,635 days 19:00:00,105,1,19.995953801702967,20.429348080581892,-9.19280266889341,4.998370929559606,-2.425887111041446,9 days 06:05:13.043478260,2 days 05:24:52.682926829,-5.792243490632433,-0.7337765447809846,-0.5639348463411977,0.9691536291811458,-0.15025293014265126,26.791070432129427,0.9769823349678193,0.38326585695006754,-0.007477354898302058,None,None,-0.00003871232060596072,-0.23413211502485046,-0.5881896127147083,-0.26503570535489196,0.3840106992438904,-2.684599317060529,3 days 18:21:42.857142856,false
XMR-USD,false,44,89,106,21.904761904761905,0.5112038567945543,0.1446280991735537,0.0001,0.0000336996336996337,4.380165289256198,8.71900826446281,0.0004380165289256199,-1.2445107092256478,0,0,17424,726 days 01:00:00,1000.0,352.3084508879341,-64.7691549112066,34.915698157888286,100.0,138.9724997074678,69.36403601693975,635 days 19:00:00,105,1,15.713019699272252,19.592312599254896,-8.593290028177911,4.878349058250208,-2.5767435434499983,9 days 20:23:28.695652173,2 days 01:30:00,-6.318138750584169,-0.9031408216886968,-0.5883882297398091,0.9622092606033843,-0.19184098161891805,26.740056811457645,0.970176217842909,0.3835953628712085,-0.007521349070387166,None,None,-0.00004765970345837893,-0.28824588651627575,-0.6476915491120706,-0.30378616418329796,0.38410840235584354,-2.855015317703842,3 days 18:26:17.142857142,false
XMR-USD,false,3,12,1056,21.895734597156398,0.33107136954231653,1.453168044077135,0.0001,0.00003368574553408677,43.63636363636364,87.23140495867769,0.004363636363636364,-7.6500309130373845,0,0,17424,726 days 01:00:00,1000.0,3.712702206344602,-99.62872977936554,34.915698157888286,100.0,457.0270907321811,99.63839482374973,725 days 02:00:00,1055,1,0.011675282910232898,11.65418505242073,-11.805396837296527,1.3383504979154355,-1.0408266351868873,0 days 21:02:04.675324675,0 days 05:21:50.679611650,-0.9443592161863201,-5.817003610290822,-0.9434018759509101,0.7792181456956714,-0.60853260785634,35.06765075815648,1.0247634829843209,0.34452160493827155,-0.008068142721674398,None,None,-0.0003087248338068033,-1.8671677948635463,-0.9962872977936551,-0.8566262070660379,0.3863048640690722,-3.85340792353187,0 days 08:47:42.938388624,false
XMR-USD,false,17,25,307,21.895424836601308,0.4454372417880863,0.4214876033057851,0.0001,0.00003368526897938662,12.685950413223141,25.330578512396695,0.0012685950413223142,-2.642003146061303,0,0,17424,726 days 01:00:00,1000.0,149.1976399219658,-85.08023600780342,34.915698157888286,100.0,265.7896697207709,86.01124315029206,722 days 11:00:00,306,1,6.903640388276784,23.389151865388293,-5.077324435018444,2.8733244020016224,-1.5683723819932434,3 days 04:56:25.074626865,0 days 18:18:34.644351464,-2.802960785837608,-1.8983417445773947,-0.7158795538728661,0.9235199311779705,0.3440100273742403,22.259081804262543,1.0116971616157455,0.373020250571271,-0.007657573012803419,None,None,-0.00009760533153082899,-0.5903170450984537,-0.8508023600780359,-0.4833182912923606,0.3742459311020561,-3.436733059813721,1 days 07:08:49.411764705,false
XMR-USD,false,22,30,234,21.888412017167383,0.4589164652197796,0.3209366391184573,0.0001,0.00003367448002641136,9.669421487603307,19.297520661157026,0.0009669421487603307,-2.0274693336166405,0,0,17424,726 days 01:00:00,1000.0,219.66104024240678,-78.03389597575932,34.915698157888286,100.0,221.0244046895212,79.67785709051364,722 days 11:00:00,233,1,10.431063330055252,23.46552052400138,-6.399618215274416,3.314413529644058,-1.7222294038930546,4 days 00:47:03.529411764,1 days 01:55:23.076923076,-3.393862760032827,-1.45330312700061,-0.6692603825725151,0.9409807907513795,0.3007000381720733,22.394833906160134,0.9955557344461441,0.3851351351351352,-0.007638826118962153,None,None,-0.00007524515898515622,-0.4550827215422248,-0.780338959757595,-0.4090772706733824,0.37686022274387976,-3.2349229742705177,1 days 17:26:00.515021458,false
XMR-USD,false,23,29,234,21.888412017167383,0.4664879735206942,0.3209366391184573,0.0001,0.00003367448002641136,9.669421487603307,19.297520661157026,0.0009669421487603307,-1.9756258159123274,0,0,17424,726 days 01:00:00,1000.0,227.2588779851501,-77.274112201485,34.915698157888286,100.0,223.01514849371495,78.97493615268715,722 days 11:00:00,233,1,10.791862525846085,24.879197779776206,-6.3996182152744145,3.375226345632286,-1.7183569674973964,4 days 00:44:42.352941176,1 days 01:58:40.879120879,-3.3628025087583553,-1.415284883838832,-0.6650271840319272,0.9425006526411102,0.30243397753220075,22.379172865383385,0.9971186529282071,0.38557569974554706,-0.007633162839139101,None,None,-0.00007328978600082806,-0.4432566257330081,-0.7727411220148491,-0.402061631910819,0.3769272446402073,-3.2131624535202636,1 days 17:28:04.120171672,false
XMR-USD,false,11,52,266,21.88679245283019,0.4273712421597113,0.3650137741046832,0.0001,0.00003367198838896952,10.991735537190083,21.94214876033058,0.0010991735537190083,-2.399145190994257,0,0,17424,726 days 01:00:00,1000.0,172.4157828066526,-82.75842171933473,34.915698157888286,100.0,228.4226293714077,84.02844337990908,722 days 11:00:00,265,1,7.97798519053606,24.360729949532008,-6.08568795822859,3.075969118283809,-1.6734298568424815,3 days 23:36:12.413793103,0 days 19:46:05.217391304,-3.153064914656161,-1.727095937547296,-0.6982815982065347,0.9302111094527941,0.2839926959673815,22.560690695735108,0.992802954291748,0.38348551012306464,-0.007617955658402009,None,None,-0.00008919932687589239,-0.5394775289453971,-0.8275842171933482,-0.45671788003241665,0.37592660168603215,-3.370235340708421,1 days 12:21:57.735849055,false
XMR-USD,false,11,53,266,21.88679245283019,0.4346641907659855,0.3650137741046832,0.0001,0.00003367198838896952,10.991735537190083,21.94214876033058,0.0010991735537190083,-2.3970535453671573,0,0,17424,726 days 01:00:00,1000.0,172.26883710651953,-82.77311628934805,34.915698157888286,100.0,231.39957547496425,84.04205554192556,722 days 11:00:00,265,1,7.971185751410502,24.360729949531997,-6.085687958228594,3.1463820523923767,-1.6916558590296733,4 days 01:37:14.482758620,0 days 19:14:12.173913043,-3.153593768471285,-1.7258314826949184,-0.6983792226224478,0.9302866613101091,0.2798684816148448,22.491440457226112,0.9930372202977119,0.3838151207115629,-0.007624566622412842,None,None,-0.00008922441615671016,-0.5396292689157831,-0.8277311628934801,-0.45687863527531036,0.3763078447592093,-3.370656199255968,1 days 12:23:32.830188678,false
XMR-USD,false,21,26,266,21.88679245283019,0.4352261113819486,0.3650137741046832,0.0001,0.00003367198838896952,10.991735537190083,21.94214876033058,0.0010991735537190083,-2.377157903513735,0,0,17424,726 days 01:00:00,1000.0,176.67318851657194,-82.3326811483428,34.915698157888286,100.0,237.01523777694766,83.68011176885304,722 days 11:00:00,265,1,8.174982931409517,23.465520524001395,-6.3996182152744145,3.011909293168935,-1.6457851083039394,3 days 16:41:22.758620689,0 days 21:30:08.695652173,-3.1377426204333454,-1.705992010299474,-0.6950951459879496,0.9310588571287002,0.33799450430781086,22.31422509654941,1.0004074930550397,0.3794331855604814,-0.007641628599557613,None,None,-0.0000878660549793221,-0.5314139005149401,-0.8233268114834282,-0.4520987030566508,0.3748884663049183,-3.3580419551124425,1 days 12:12:27.169811318,false
XMR-USD,false,4,13,883,21.882086167800455,0.3285768597686345,1.2148760330578512,0.0001,0.00003366474795046224,36.48760330578512,72.93388429752066,0.0036487603305785125,-6.813509446556289,0,0,17424,726 days 01:00:00,1000.0,7.2682313542584325,-99.27317686457415,34.915698157888286,100.0,412.84689412198315,99.30064967523434,722 days 11:00:00,882,1,0.02285630589304155,12.103466817311483,-11.805396837296524,1.443956049386299,-1.1031459540630106,1 days 00:36:41.036269430,0 days 06:34:18.635703918,-1.1255721371333738,-5.109222173717208,-0.9223331620971875,0.8021815938524424,-0.3988335181967584,36.94150178606149,1.0245205209408317,0.3443141490510723,-0.00800428444323456,None,None,-0.00027027488462983155,-1.6346225022412213,-0.9927317686457421,-0.8189791455848268,0.3850426579783168,-3.843224741365969,0 days 10:31:09.387755100,false
XMR-USD,false,10,12,609,21.875,0.3492817066521798,0.837465564738292,0.0001,0.00003365384615384615,25.16528925619835,50.28925619834711,0.002516528925619835,-5.219968292885609,0,0,17424,726 days 01:00:00,1000.0,24.04969734114468,-97.59503026588553,34.915698157888286,100.0,346.90957053401945,97.66404484959672,725 days 02:00:00,608,1,0.4085052351710239,16.505653339608433,-11.80539683729653,1.7435643254229978,-1.2534072728823664,1 days 11:57:17.593984962,0 days 09:41:03.157894736,-1.6058533024572785,-3.869434458005787,-0.8667347348526867,0.8470494553582693,-0.3995872239164008,37.6258916423288,1.021047064748241,0.35255763409143837,-0.007769641496193154,None,None,-0.0002019479369232168,-1.2213811225116153,-0.9759503026588552,-0.7257773303317565,0.3798830098902402,-3.795161930446362,0 days 15:25:51.315789472,false
XMR-USD,false,15,25,321,21.875,0.4502124142855353,0.44077134986225897,0.0001,0.00003365384615384615,13.264462809917356,26.487603305785125,0.0013264462809917357,-2.728694804947597,0,0,17424,726 days 01:00:00,1000.0,141.12097153940454,-85.88790284605955,34.915698157888286,100.0,275.38857005239447,86.76238649089991,722 days 11:00:00,320,1,6.529918564810032,21.34297403447631,-6.070947836557034,2.8439013461796137,-1.5475671783409826,3 days 00:39:25.714285714,0 days 17:37:26.399999999,-2.7044029594543884,-1.9648761407319935,-0.7219017131112533,0.9208167535445768,0.3151200879619681,22.347834395409414,1.0124490593821296,0.3707520453115167,-0.0076416285995577135,None,None,-0.00010084033748213847,-0.6098823610919735,-0.8588790284605969,-0.49320322274244066,0.37355715201414724,-3.4598649712709646,1 days 05:39:44.999999998,false
XMR-USD,false,18,54,193,21.875,0.47547760658192495,0.2644628099173554,0.0001,0.00003365384615384615,7.975206611570248,15.90909090909091,0.0007975206611570248,-1.7046945222291612,0,0,17424,726 days 01:00:00,1000.0,265.4250824279204,-73.45749175720796,34.915698157888286,100.0,200.38041769857236,76.01902001497987,722 days 11:00:00,192,1,13.224705105551976,20.680218971042212,-7.1255631390876,3.6700345815039026,-1.8770775865690936,5 days 06:37:08.571428571,1 days 04:45:12,-3.894789701446,-1.2273351353955966,-0.6401887977305569,0.9496515770750448,0.11998454428553175,23.445126202587755,0.991654269745512,0.386899076727157,-0.007587215347123444,None,None,-0.0000641529728283011,-0.3879971796655651,-0.7345749175720805,-0.3689591919766678,0.3804622425797711,-3.1038528694180547,2 days 02:09:41.249999999,false
XMR-USD,false,21,65,161,21.875,0.5390462130232181,0.22038567493112948,0.0001,0.00003365384615384615,6.652892561983471,13.264462809917356,0.0006652892561983472,-1.2541311218854287,0,0,17424,726 days 01:00:00,1000.0,356.8752755944838,-64.31247244055162,34.915698157888286,100.0,189.15107629384013,67.47998017657252,722 days 11:00:00,160,1,16.193513691900478,22.09083756125399,-7.172505688054685,4.237441608661081,-1.9687108118181762,6 days 11:42:51.428571428,1 days 09:38:52.800000,-4.1207389881088545,-0.9009214859425131,-0.5991186999843786,0.9628384537974043,0.09607977021222347,23.184731760412518,0.9865952753531716,0.3916620078268509,-0.0075234994890086716,None,None,-0.00004713899514386045,-0.285096642630068,-0.6431247244055157,-0.30066695654142794,0.3808476852547282,-2.841935743336179,2 days 12:20:59.999999999,false
XMR-USD,false,21,66,161,21.875,0.5500554894166128,0.22038567493112948,0.0001,0.00003365384615384615,6.652892561983471,13.264462809917356,0.0006652892561983472,-1.1903905150810583,0,0,17424,726 days 01:00:00,1000.0,372.4386337405912,-62.75613662594088,34.915698157888286,100.0,193.60236679147806,66.06177961732274,722 days 11:00:00,160,1,16.89971406627808,22.09083756125399,-7.172505688054698,4.200338430618246,-1.9262413389977626,6 days 11:32:34.285714285,1 days 09:43:40.800000,-4.027881752035539,-0.854545360469775,-0.5924202972938253,0.9647276219851514,0.10250564303270497,23.146855414043056,0.9865327056830451,0.39244046667732146,-0.007489941431631819,None,None,-0.0000446976620012625,-0.2703314597836356,-0.627561366259408,-0.2902286760121342,0.3807216998196737,-2.797361643526603,2 days 12:22:29.999999999,false
XMR-USD,false,22,62,161,21.875,0.5657485611984954,0.22038567493112948,0.0001,0.00003365384615384615,6.652892561983471,13.264462809917356,0.0006652892561983472,-1.1464639651237845,0,0,17424,726 days 01:00:00,1000.0,382.47809563709063,-61.75219043629093,34.915698157888286,100.0,194.58922347191074,65.14694039416024,722 days 11:00:00,160,1,17.355263034778318,22.090837561254,-7.172505688054698,4.38520247814458,-1.95312214538239,6 days 10:46:17.142857142,1 days 09:46:33.600000,-3.9679822962355393,-0.821826686181391,-0.5881627052902434,0.9659673235479235,0.12639523561959343,23.24151326291981,0.9884454364045177,0.391106498483155,-0.0075207475787362815,None,None,-0.00004310558963019626,-0.260702606083427,-0.617521904362906,-0.2836455718940629,0.3817783484823722,-2.7686082104687815,2 days 12:14:37.499999999,false
XMR-USD,false,23,60,161,21.875,0.5532606927282815,0.22038567493112948,0.0001,0.00003365384615384615,6.652892561983471,13.264462809917356,0.0006652892561983472,-1.2284421367460687,0,0,17424,726 days 01:00:00,1000.0,362.6217584871554,-63.737824151284464,34.915698157888286,100.0,191.4035810751607,66.95633578211738,722 days 11:00:00,160,1,16.093444170839007,22.166403311106546,-7.172505688054695,4.35387375835148,-1.9855659063058904,6 days 10:46:17.142857142,1 days 09:44:38.400000,-4.084198035523027,-0.8807363220400376,-0.5966306481808744,0.9635754232622885,0.13198098494030386,23.25403364717647,0.9874038774243024,0.39044047239067986,-0.007524405358265866,None,None,-0.00004617547729394701,-0.27926928667379153,-0.6373782415128467,-0.2967788345396396,0.3816132367062251,-2.825477579255696,2 days 12:13:07.499999999,false
XMR-USD,false,48,82,97,21.875,0.5430760641636467,0.1322314049586777,0.0001,0.00003365384615384615,4.008264462809917,7.975206611570248,0.0004008264462809917,-1.0729495491936587,0,0,17424,726 days 01:00:00,1000.0,396.02117479964977,-60.39788252003502,34.915698157888286,100.0,133.61564080957717,65.63084260977361,635 days 19:00:00,96,1,19.005244376125745,20.378873003359036,-8.735543285074746,5.42745928702156,-2.6868796298211968,10 days 02:05:42.857142857,2 days 10:32:00,-6.489417391421618,-0.7774736334721962,-0.5672407283179298,0.9673170344555129,-0.18621062804506533,26.890255049967816,0.9713266387434115,0.3829365079365079,-0.007488437220127351,None,None,-0.00004097797746079818,-0.2478348076829074,-0.6039788252003515,-0.27494144588257374,0.3836390385160214,-2.7298202730163568,4 days 02:41:14.999999999,false
XMR-USD,false,49,80,97,21.875,0.5469224292756708,0.1322314049586777,0.0001,0.00003365384615384615,4.008264462809917,7.975206611570248,0.0004008264462809917,-1.0470598098686819,0,0,17424,726 days 01:00:00,1000.0,403.28210852749953,-59.671789147250045,34.915698157888286,100.0,134.08974389029342,65.05445447168931,635 days 19:00:00,96,1,17.986453914704157,20.04500434392252,-8.735543285074753,5.451585718010961,-2.6652232484226324,10 days 02:02:51.428571428,2 days 10:35:12,-6.403170264450056,-0.7583077927302331,-0.5634128348206807,0.9681193605120372,-0.1825088284318799,26.93279445607548,0.97293487650215,0.3829365079365079,-0.0074682943244753445,None,None,-0.00003994774406887854,-0.2416039561285774,-0.596717891472496,-0.27035469694213987,0.3834464171382435,-2.7090246592640095,4 days 02:43:07.499999999,false
XMR-USD,false,49,81,97,21.875,0.5501233415013618,0.1322314049586777,0.0001,0.00003365384615384615,4.008264462809917,7.975206611570248,0.0004008264462809917,-1.031728013097296,0,0,17424,726 days 01:00:00,1000.0,407.14846451419385,-59.28515354858062,34.915698157888286,100.0,135.3860595134697,64.95376795733272,635 days 19:00:00,96,1,19.539248297445965,20.009826981298755,-8.735543285074753,5.459520271511646,-2.6601148246334274,10 days 06:37:08.571428571,2 days 09:14:24,-6.379070664408876,-0.747458193587236,-0.5595967911961884,0.968552194854857,-0.1866190801722393,26.905046981517494,0.9713613373300939,0.38315605651690754,-0.007477354898302199,None,None,-0.0000393909244561528,-0.23823631111081212,-0.5928515354858113,-0.26793428416637055,0.3835899415700228,-2.6979512562084254,4 days 02:39:59.999999999,false
XMR-USD,false,50,79,97,21.875,0.548253285108528,0.1322314049586777,0.0001,0.00003365384615384615,4.008264462809917,7.975206611570248,0.0004008264462809917,-1.0532303648685504,0,0,17424,726 days 01:00:00,1000.0,401.32868886000597,-59.867131113999406,34.915698157888286,100.0,134.7593072149065,65.42948474569042,635 days 19:00:00,96,1,19.259954498123136,20.37887300335901,-8.735543285074742,5.451334747480878,-2.67595098336073,10 days 06:34:17.142857142,2 days 09:16:00,-6.436784017063718,-0.763113196534264,-0.5625439180027572,0.9679037752792863,-0.1864062454144472,26.903340367540096,0.9713132995602126,0.38304627351377096,-0.0074773548983021335,None,None,-0.000040216671544688634,-0.24323042950227686,-0.5986713111399902,-0.2715833391388296,0.38359691399402196,-2.7146193337816444,4 days 02:40:37.499999999,false
XMR-USD,false,51,77,97,21.875,0.5476974817326148,0.1322314049586777,0.0001,0.00003365384615384615,4.008264462809917,7.975206611570248,0.0004008264462809917,-1.0541259444968283,0,0,17424,726 days 01:00:00,1000.0,401.5541392101819,-59.84458607898181,34.915698157888286,100.0,134.32439938313652,65.26924186420288,635 days 19:00:00,96,1,19.27077396756681,20.04500434392254,-8.735543285074735,5.449788661339803,-2.675529187258735,10 days 01:45:42.857142857,2 days 10:29:36,-6.434548278722762,-0.7635273893660456,-0.5636516330782662,0.967866666154284,-0.1832977395074178,26.985022531179105,0.9730907752097154,0.3820590101522842,-0.007466933014796016,None,None,-0.000040204897417244,-0.24315921957949171,-0.5984458607898211,-0.2714413386150032,0.3832765793854746,-2.713973634677601,4 days 02:34:59.999999999,false
XMR-USD,false,51,78,97,21.875,0.5562137583719646,0.1322314049586777,0.0001,0.00003365384615384615,4.008264462809917,7.975206611570248,0.0004008264462809917,-1.0214205490555492,0,0,17424,726 days 01:00:00,1000.0,410.0047653889583,-58.999523461104175,34.915698157888286,100.0,136.16563236484333,64.92447759238577,635 days 19:00:00,96,1,19.676323533799405,20.378873003359015,-8.735543285074753,5.462828810079469,-2.6512271638678166,10 days 06:34:17.142857142,2 days 09:08:00,-6.3507453973420915,-0.7399709861136767,-0.5563975663641949,0.9688446407057127,-0.1869813740434447,26.918451401170813,0.9718584668381458,0.3826073157184797,-0.007468294324475468,None,None,-0.00003899227869893911,-0.23582530157118375,-0.5899952346110424,-0.26615580704352526,0.3835498954690644,-2.689770692664061,4 days 02:34:22.499999999,false
XMR-USD,false,52,77,97,21.875,0.5560331928269396,0.1322314049586777,0.0001,0.00003365384615384615,4.008264462809917,7.975206611570248,0.0004008264462809917,-1.0198727209909595,0,0,17424,726 days 01:00:00,1000.0,410.55419498839797,-58.9445805011602,34.915698157888286,100.0,135.70032967184667,64.87747440643919,635 days 19:00:00,96,1,19.70269092137687,20.378873003359015,-8.735543285074735,5.480112240643992,-2.6540581699042187,10 days 03:57:08.571428571,2 days 09:48:48,-6.34529683263519,-0.7387824199862062,-0.5561376086781082,0.9688835893084615,-0.1865793337857886,26.943774501948074,0.9723015227009179,0.38227828018403937,-0.007461921798605237,None,None,-0.000038920910557486575,-0.2353936670516788,-0.5894458050116027,-0.26581463289717266,0.3834638108398838,-2.6881971036240966,4 days 02:31:52.499999999,false
XMR-USD,false,53,77,97,21.875,0.5665920039658482,0.1322314049586777,0.0001,0.00003365384615384615,4.008264462809917,7.975206611570248,0.0004008264462809917,-0.9829787354295868,0,0,17424,726 days 01:00:00,1000.0,420.31066298121164,-57.96893370187883,34.915698157888286,100.0,138.83931513191004,64.4449749513267,635 days 19:00:00,96,1,21.44824573769756,20.009826981298744,-8.735543285074751,5.464915522730662,-2.624853268863734,10 days 10:25:42.857142857,2 days 07:57:36,-6.2618498203800605,-0.7118825281774648,-0.5480897414043661,0.9699909872326182,-0.18639846761154394,26.8556989863274,0.9738185736827553,0.3818398096748612,-0.007466933014796067,None,None,-0.00003754583462838678,-0.22707720783248325,-0.5796893370187912,-0.25980527256777985,0.3838940430655863,-2.660254176781577,4 days 02:29:59.999999999,false
XMR-USD,false,54,74,97,21.875,0.5548169921608191,0.1322314049586777,0.0001,0.00003365384615384615,4.008264462809917,7.975206611570248,0.0004008264462809917,-1.0293288696709664,0,0,17424,726 days 01:00:00,1000.0,408.1107381906594,-59.18892618093407,34.915698157888286,100.0,135.37117051157165,65.08650983942937,635 days 19:00:00,96,1,21.316541241483435,20.045004343922553,-8.735543285074742,5.480253873696001,-2.6677973914864697,10 days 03:48:34.285714285,2 days 09:48:48,-6.387560448446077,-0.7456618272641871,-0.557294212998715,0.9685876137100989,-0.18644341110324503,26.97800279550851,0.9726108229051559,0.3818398096748612,-0.007461921798605204,None,None,-0.00003927106825617372,-0.23751142081333868,-0.5918892618093419,-0.267334216688102,0.3833440693147259,-2.6951952646996373,4 days 02:29:59.999999999,false
XMR-USD,false,55,73,97,21.875,0.5497423174531733,0.1322314049586777,0.0001,0.00003365384615384615,4.008264462809917,7.975206611570248,0.0004008264462809917,-1.0590177669349237,0,0,17424,726 days 01:00:00,1000.0,400.2007562869478,-59.979924371305216,34.915698157888286,100.0,134.46908172323975,65.76320135847612,635 days 19:00:00,96,1,20.903385105927157,20.045004343922553,-8.735543285074742,5.455109736113507,-2.6868261938514575,10 days 03:51:25.714285714,2 days 09:44:48,-6.465652383531032,-0.7674947527282223,-0.561047918119799,0.9676814929397548,-0.18931025667064577,27.01472760978742,0.9721056394162055,0.3815111393007215,-0.0074669330147960015,None,None,-0.000040404181473846565,-0.24436448955382403,-0.5997992437130538,-0.2722945537998549,0.38318530212299123,-2.7178497792046676,4 days 02:27:29.999999999,false
XMR-USD,false,56,72,97,21.875,0.5516532499650056,0.1322314049586777,0.0001,0.00003365384615384615,4.008264462809917,7.975206611570248,0.0004008264462809917,-1.0484789539004682,0,0,17424,726 days 01:00:00,1000.0,403.1709076662345,-59.68290923337655,34.915698157888286,100.0,135.03169450551508,65.55512587684885,635 days 19:00:00,96,1,20.57361248125767,20.04500434392255,-8.735543285074735,5.432723651148573,-2.670084033533373,10 days 03:54:17.142857142,2 days 09:43:12,-6.431278175156501,-0.7596902090333196,-0.5592437821636488,0.9680030167954478,-0.18803500779363738,27.03526757072808,0.9728329694780047,0.38129211256440754,-0.007461921798605261,None,None,-0.00003998497887311454,-0.24182915222459672,-0.5968290923337584,-0.2704245345058722,0.38310541098622514,-2.709343143118356,4 days 02:26:52.499999999,false
XMR-USD,false,61,73,97,21.875,0.5418633310502281,0.1322314049586777,0.0001,0.00003365384615384615,4.008264462809917,7.975206611570248,0.0004008264462809917,-1.1445463557516826,0,0,17424,726 days 01:00:00,1000.0,378.0031354630795,-62.19968645369205,34.915698157888286,100.0,136.49305348740796,68.33937833500458,635 days 19:00:00,96,1,19.109472542755782,20.32857447376028,-7.4474029135448125,5.302031311842776,-2.7182413512031136,10 days 10:14:17.142857142,2 days 07:52:48,-6.6781910112466205,-0.8300536244749472,-0.5660114770393359,0.9651002541059267,-0.1850366374787084,26.992194888554256,0.9721359776830384,0.38030735107731306,-0.007466933014796051,None,None,-0.000043685606228030984,-0.2642105464671314,-0.6219968645369175,-0.286565794236493,0.38308060168462343,-2.781424681025307,4 days 02:23:44.999999999,false
XMR-USD,false,62,72,97,21.875,0.543973802467196,0.1322314049586777,0.0001,0.00003365384615384615,4.008264462809917,7.975206611570248,0.0004008264462809917,-1.1325034601270032,0,0,17424,726 days 01:00:00,1000.0,381.09677360299725,-61.89032263970028,34.915698157888286,100.0,136.27628359772788,67.93766375996434,635 days 19:00:00,96,1,19.265867523499935,20.328574473760284,-7.447402913544823,5.344451412347634,-2.7191205717834115,10 days 10:11:25.714285714,2 days 07:52:00,-6.647594728338558,-0.8212542440278677,-0.5656522590054892,0.9654612037956403,-0.18504737790760903,26.999971126427216,0.9725010250733183,0.38019801980198015,-0.007461921798605219,None,None,-0.000043219534091626205,-0.2613917421861553,-0.618903226397,-0.284544589232963,0.3830543497397154,-2.772564373762,4 days 02:22:29.999999999,false
XMR-USD,false,65,69,97,21.875,0.5510116452282204,0.1322314049586777,0.0001,0.00003365384615384615,4.008264462809917,7.975206611570248,0.0004008264462809917,-1.135323026662955,0,0,17424,726 days 01:00:00,1000.0,380.2897968548227,-61.97102031451773,34.915698157888286,100.0,137.9865788117398,68.00555612124899,635 days 19:00:00,96,1,19.225071830117713,20.328574473760284,-7.4474029135448125,5.406959197942248,-2.738533134026553,10 days 10:11:25.714285714,2 days 07:48:48,-6.655575780992654,-0.8235667629741349,-0.5660518591312657,0.9653471671078342,-0.19021966409719915,27.034526035909995,0.971985311828519,0.38008870584508153,-0.007460189988399803,None,None,-0.000043341061337571744,-0.2621267389696339,-0.6197102031451767,-0.2850707855222694,0.3830528299171139,-2.774875588461261,4 days 02:19:59.999999999,false
XMR-USD,false,66,68,97,21.875,0.5510116452282204,0.1322314049586777,0.0001,0.00003365384615384615,4.008264462809917,7.975206611570248,0.0004008264462809917,-1.135323026662955,0,0,17424,726 days 01:00:00,1000.0,380.2897968548227,-61.97102031451773,34.915698157888286,100.0,137.9865788117398,68.00555612124899,635 days 19:00:00,96,1,19.225071830117713,20.328574473760284,-7.4474029135448125,5.406959197942248,-2.738533134026553,10 days 10:11:25.714285714,2 days 07:48:48,-6.655575780992654,-0.8235667629741349,-0.5660518591312657,0.9653471671078342,-0.19021966409719915,27.034526035909995,0.971985311828519,0.38008870584508153,-0.007460189988399803,None,None,-0.000043341061337571744,-0.2621267389696339,-0.6197102031451767,-0.2850707855222694,0.3830528299171139,-2.774875588461261,4 days 02:19:59.999999999,false
XMR-USD,false,11,12,568,21.869488536155202,0.36027296610718257,0.78099173553719,0.0001,0.00003364536697870031,23.47107438016529,46.900826446280995,0.002347107438016529,-4.847246823567715,0,0,17424,726 days 01:00:00,1000.0,31.01787868382371,-96.89821213161764,34.915698157888286,100.0,347.6969979572825,97.01152358095132,725 days 02:00:00,567,1,0.6239981392076643,16.505653339608433,-11.805396837296527,1.7935412972770544,-1.2665281822803796,1 days 14:58:32.903225806,0 days 10:16:39.548532731,-1.7100637027431813,-3.5872406298519897,-0.85097174861716,0.8573504087704346,-0.40574822935110716,37.511534074630795,1.0151253964675726,0.3555036950602878,-0.007744458309297826,None,None,-0.00018733422283929237,-1.1329973797320403,-0.9689821213161767,-0.7004582344319492,0.3801146057034409,-3.7752047716028856,0 days 16:33:13.650793650,false
XMR-USD,false,6,29,472,21.86836518046709,0.4109696649447811,0.6487603305785123,0.0001,0.00003364363873918014,19.50413223140496,38.96694214876033,0.0019504132231404961,-3.801675623481226,0,0,17424,726 days 01:00:00,1000.0,63.36203207497147,-93.66379679250285,34.915698157888286,100.0,335.61967137778373,94.0011937104529,725 days 02:00:00,471,1,2.931874015868111,18.96646464310024,-11.465212964445191,2.0953768665648234,-1.3176593581568412,2 days 02:46:36.116504854,0 days 11:22:10.434782608,-1.9948404287492463,-2.800076871649182,-0.7980407411284296,0.8875453461512993,-0.4391988222731142,36.66415171881404,1.0134112525672525,0.36441938767520166,-0.0077059553136074755,None,None,-0.00014633088655397966,-0.885009201878469,-0.9366379679250294,-0.6161780255311324,0.3803855351679608,-3.6825697819060212,0 days 19:59:14.140127387,false
XMR-USD,false,20,25,280,21.863799283154123,0.45756179826804705,0.384297520661157,0.0001,0.000033636614281775573,11.570247933884298,23.09917355371901,0.0011570247933884298,-2.3849706048207686,0,0,17424,726 days 01:00:00,1000.0,176.19443497701263,-82.38055650229875,34.915698157888286,100.0,255.7250988179358,83.72433582073944,722 days 11:00:00,279,1,8.15283015289728,23.389151865388303,-5.914882632735087,2.9842994434508228,-1.5969152120988015,3 days 12:27:32.459016393,0 days 20:13:12.660550458,-2.9819297318132056,-1.7106252841605234,-0.6954091462640016,0.9307749885511428,0.34443627076728783,22.381833295951836,1.0053150400451734,0.3769261161596207,-0.007638748123339037,None,None,-0.00008803923311899526,-0.5324612819036834,-0.8238055650229897,-0.45261448635292534,0.37460994988190816,-3.3594131250011112,1 days 10:15:54.838709676,false
XMR-USD,false,18,36,248,21.86234817813765,0.43867185212325727,0.3402203856749311,0.0001,0.000033634381812519464,10.24793388429752,20.454545454545457,0.001024793388429752,-2.316596425771413,0,0,17424,726 days 01:00:00,1000.0,181.12394585007792,-81.88760541499221,34.915698157888286,100.0,226.94033410770817,83.24315177678578,722 days 11:00:00,247,1,8.601048905471401,24.879197779776185,-6.399618215274418,3.162709533669486,-1.7305104124463555,3 days 21:55:33.333333333,0 days 23:45:23.316062176,-3.3501097289692034,-1.6664317361916168,-0.6924184941673445,0.9326472249692016,0.2786468349600856,22.35296368779226,0.9935894340449397,0.38414488839463024,-0.007658393323117582,None,None,-0.00008630648902586739,-0.521981645628446,-0.8188760541499245,-0.44734680288284223,0.3769761425644687,-3.3452948024896316,1 days 15:05:49.797570849,false
XMR-USD,false,16,68,184,21.85792349726776,0.4998757251111864,0.25206611570247933,0.0001,0.00003362757461118117,7.603305785123967,15.165289256198347,0.0007603305785123968,-1.4964184558427414,0,0,17424,726 days 01:00:00,1000.0,304.9019829032619,-69.50980170967381,34.915698157888286,100.0,200.96034880287002,71.69690396478484,722 days 11:00:00,183,1,14.478907545978814,21.24696439820229,-7.1255631390876,3.7286169544460503,-1.8388063141888018,5 days 16:00:00,1 days 05:31:53.286713286,-3.877469533566758,-1.0752758130461642,-0.6270921506708587,0.9557672375761206,0.13134265996602856,23.40183542760996,0.9898597958660447,0.38877819399059543,-0.0075368860871869075,None,None,-0.000056199115455381605,-0.33989225027414793,-0.6950980170967367,-0.33784683220213385,0.3804236843814033,-2.9907893978047206,2 days 04:48:11.803278687,false
XMR-USD,false,16,69,184,21.85792349726776,0.4931592034648984,0.25206611570247933,0.0001,0.00003362757461118117,7.603305785123967,15.165289256198347,0.0007603305785123968,-1.5188795957705767,0,0,17424,726 days 01:00:00,1000.0,299.96085435941893,-70.0039145640581,34.915698157888286,100.0,199.57614499000394,72.07305361988713,722 days 11:00:00,183,1,14.244267735906533,21.246964398202287,-7.125563139087592,3.6695372871309195,-1.835010554712844,5 days 18:00:00,1 days 04:57:03.776223776,-3.9031880512376342,-1.091798987029217,-0.6300661719957361,0.9550904231449051,0.1283594945045817,23.349885968402866,0.989368688946866,0.38855685712008925,-0.007549268901077638,None,None,-0.00005711473805430763,-0.3454299357524525,-0.7000391456405834,-0.3415911744356761,0.3807706335771775,-3.0049409938046034,2 days 04:47:12.786885245,false
XMR-USD,false,21,70,152,21.85430463576159,0.5909396552426649,0.20798898071625344,0.0001,0.00003362200713194091,6.2809917355371905,12.520661157024794,0.000628099173553719,-0.9568333292956324,0,0,17424,726 days 01:00:00,1000.0,434.99835346479995,-56.50016465352,34.915698157888286,100.0,195.84334927081673,60.154799674359516,635 days 19:00:00,151,1,19.305575443401324,22.090837561254,-7.172505688054691,4.394423485077327,-1.8926451815390335,6 days 18:29:05.454545454,1 days 12:13:13.220338983,-3.8695842515139134,-0.6855738552037859,-0.5684514747869734,0.9715754040159059,0.11459623700627315,23.175867564421424,0.9872076763004799,0.39232920495405516,-0.007466933014796003,None,None,-0.00003581659028149159,-0.21661873802246115,-0.565001646535197,-0.25092800121303394,0.3802663849944793,-2.6181880252838443,2 days 15:48:52.450331124,false
XMR-USD,false,11,47,271,21.85185185185185,0.44851941339429957,0.371900826446281,0.0001,0.00003361823361823362,11.198347107438018,22.355371900826448,0.0011198347107438018,-2.286643897928124,0,0,17424,726 days 01:00:00,1000.0,187.91824209481888,-81.20817579051811,34.915698157888286,100.0,243.23460137896586,82.6599090468098,722 days 11:00:00,270,1,8.695311577973428,23.465520524001374,-6.189806240950008,3.083662868942493,-1.6186645150058288,3 days 19:54:54.915254237,0 days 19:58:17.630331753,-3.039915072159834,-1.6393068763744933,-0.6877283449285537,0.9337401639011418,0.354684433269589,22.33283006902589,1.0027481560848246,0.3820590101522842,-0.007600759458309997,None,None,-0.00008434863151550304,-0.5101405234057624,-0.8120817579051799,-0.4402376530098575,0.37452061221961713,-3.325835657740421,1 days 11:41:33.333333332,false
XMR-USD,false,19,36,239,21.84873949579832,0.4741307268336625,0.3278236914600551,0.0001,0.00003361344537815126,9.87603305785124,19.710743801652892,0.000987603305785124,-2.020128681277407,0,0,17424,726 days 01:00:00,1000.0,220.40996760991948,-77.95900323900806,34.915698157888286,100.0,231.63828385332693,79.60856938717474,722 days 11:00:00,238,1,10.4666277104821,24.879197779776188,-6.399618215274409,3.3731323729770404,-1.7144451414360358,4 days 02:31:09.230769230,1 days 00:30:38.709677419,-3.319565798741861,-1.448533929502705,-0.6688387866058905,0.9412946325016492,0.2962126573714507,22.258603384221875,0.9963003270758197,0.3867886987664147,-0.007633542887437778,None,None,-0.00007503742877409001,-0.4538263692256964,-0.7795900323900822,-0.4083787591010489,0.37705718090865437,-3.2327780153923475,1 days 16:40:50.420168065,false
XMR-USD,false,20,43,207,21.844660194174757,0.5134734449807299,0.2837465564738292,0.0001,0.00003360716952949963,8.553719008264464,17.06611570247934,0.0008553719008264464,-1.611617169404201,0,0,17424,726 days 01:00:00,1000.0,283.8988750908952,-71.61011249091048,34.915698157888286,100.0,211.19901863435192,74.28351599068446,722 days 11:00:00,206,1,14.38108518536842,20.680218971042205,-6.928026011026213,3.9480930828985996,-1.8420833643992125,4 days 22:05:20,1 days 02:49:56.273291925,-3.5460301460896755,-1.1547684203930975,-0.6313703411929752,0.9526884602405841,0.2168135417110693,22.7197166929603,0.9959479937752352,0.38756171364867015,-0.007633162839139223,None,None,-0.000060313961843410606,-0.3647788412289473,-0.7161011249091058,-0.35404846278178403,0.38017267845458147,-3.050943165079804,1 days 22:46:01.165048542,false
XMR-USD,false,61,86,88,21.839080459770116,0.5657580294227299,0.11983471074380166,0.0001,0.00003359858532272326,3.6363636363636367,7.231404958677686,0.00036363636363636367,-1.0049106862212718,0,0,17424,726 days 01:00:00,1000.0,418.04327992930325,-58.195672007069675,34.915698157888286,100.0,131.66029589572352,63.90663182053578,630 days 14:00:00,87,1,19.343606727808208,18.057665683864617,-6.592258619305262,5.596316296755873,-2.7795902757692037,11 days 16:50:31.578947368,2 days 12:16:45.882352941,-6.911498009178214,-0.7271115791508246,-0.5554552121386885,0.969384939221552,-0.13925456523328086,27.013958366899345,0.9752563183438225,0.37888739416000633,-0.007428272403563761,None,None,-0.00003804855418237099,-0.23011765569497977,-0.5819567200706959,-0.2611936447511991,0.3808860282794317,-2.6667480553849927,4 days 12:26:53.793103447,false
XMR-USD,false,61,87,88,21.839080459770116,0.5559377282234088,0.11983471074380166,0.0001,0.00003359858532272326,3.6363636363636367,7.231404958677686,0.00036363636363636367,-1.0244403997728833,0,0,17424,726 days 01:00:00,1000.0,412.4306731577112,-58.75693268422888,34.915698157888286,100.0,129.33239656540692,64.3912177291716,630 days 14:00:00,87,1,19.083901421396206,18.057665683864617,-6.592258619305261,5.538801590740476,-2.785295111977391,11 days 17:00:00,2 days 12:14:07.058823529,-6.973025612226255,-0.7415284487580607,-0.5580590087335506,0.9687825749277922,-0.14294121913261068,26.99428752117324,0.9746503056447735,0.37888739416000633,-0.007416129821413525,None,None,-0.000038816005776947384,-0.23475920293897778,-0.5875693268422881,-0.2646516565638549,0.38101403249570176,-2.6828227927315353,4 days 12:26:53.793103447,false
XMR-USD,false,62,85,88,21.839080459770116,0.5594088928435923,0.11983471074380166,0.0001,0.00003359858532272326,3.6363636363636367,7.231404958677686,0.00036363636363636367,-1.0398253121209762,0,0,17424,726 days 01:00:00,1000.0,408.1805789612147,-59.18194210387854,34.915698157888286,100.0,130.1259950909868,64.75816589458042,630 days 14:00:00,87,1,18.887241997264198,18.057665683864617,-6.5922586193052695,5.611821910652798,-2.8179113236310074,11 days 16:53:41.052631578,2 days 12:15:00,-7.019616816506314,-0.7527474924056904,-0.5600352073375295,0.9683192913385035,-0.14269890291411938,26.978661152843376,0.9743877222430717,0.37877828770375055,-0.007437458523433934,None,None,-0.00003940772564028748,-0.23833792467245868,-0.5918194210387845,-0.2672907004199181,0.38105704720160005,-2.6949952378514284,4 days 12:26:12.413793102,false
XMR-USD,false,62,86,88,21.839080459770116,0.5444140233523026,0.11983471074380166,0.0001,0.00003359858532272326,3.6363636363636367,7.231404958677686,0.00036363636363636367,-1.0765680129775534,0,0,17424,726 days 01:00:00,1000.0,397.6074249490573,-60.239257505094265,34.915698157888286,100.0,128.64568197867345,65.6710396540713,630 days 14:00:00,87,1,18.39800333968242,18.057665683864617,-6.592258619305268,5.3793527489002475,-2.7985685265987748,11 days 17:03:09.473684210,2 days 12:10:35.294117647,-7.135523889547416,-0.7801152075220033,-0.5649706896229048,0.967163297513848,-0.15653067382429706,26.948261557517604,0.9740369497118982,0.37845107190886795,-0.007428272403563765,None,None,-0.00004088626242385102,-0.24728011513945097,-0.6023925750509431,-0.27393474989703837,0.38148424972095274,-2.7252771871464008,4 days 12:24:49.655172413,false
XMR-USD,false,63,84,88,21.839080459770116,0.556690596494719,0.11983471074380166,0.0001,0.00003359858532272326,3.6363636363636367,7.231404958677686,0.00036363636363636367,-1.0374884567151648,0,0,17424,726 days 01:00:00,1000.0,408.831425482025,-59.1168574517975,34.915698157888286,100.0,129.68525925617396,64.70197256668403,630 days 14:00:00,87,1,18.917357824364387,18.057665683864617,-6.592258619305261,5.574603445691598,-2.8062217826559883,11 days 16:56:50.526315789,2 days 12:14:07.058823529,-7.012481980946426,-0.7510351521643807,-0.5597323109419324,0.9683900427242521,-0.1426174326761865,26.981701373249816,0.9748648612297219,0.37866919851254055,-0.007437458523433821,None,None,-0.00003931697611809703,-0.23778907156225085,-0.5911685745179713,-0.26688540562791285,0.38104633464812776,-2.6931311865646195,4 days 12:26:12.413793102,false
XMR-USD,false,65,81,88,21.839080459770116,0.5649922734140863,0.11983471074380166,0.0001,0.00003359858532272326,3.6363636363636367,7.231404958677686,0.00036363636363636367,-1.0256481232590489,0,0,17424,726 days 01:00:00,1000.0,412.3327986373206,-58.766720136267935,34.915698157888286,100.0,131.29246947549927,64.1902473857626,630 days 14:00:00,87,1,19.07937259310978,18.05766568386461,-6.592258619305266,5.658872817137581,-2.8143496254566767,11 days 16:47:22.105263157,2 days 12:10:35.294117647,-6.974098551215967,-0.7425907508413566,-0.5599252889998336,0.9687258952155533,-0.14528795230660838,27.055611281744994,0.9745981884766851,0.37845107190886795,-0.007402943331494333,None,None,-0.00003884560291332979,-0.23493820641981855,-0.587667201362681,-0.2647122303127257,0.38075908550405146,-2.6831031093958275,4 days 12:21:22.758620689,false
XMR-USD,false,8,14,633,21.835443037974684,0.33699542991179554,0.8705234159779615,0.0001,0.000033592989289191826,26.15702479338843,52.27272727272727,0.002615702479338843,-5.462924948486282,0,0,17424,726 days 01:00:00,1000.0,20.065031976591285,-97.99349680234087,34.915698157888286,100.0,349.2235709368195,98.05728522316318,725 days 02:00:00,632,1,0.4036556704654721,16.682556582211618,-11.80539683729652,1.6673483719323954,-1.239109593484572,1 days 10:43:54.782608695,0 days 09:16:45.668016194,-1.5511687083763812,-4.0589128378750035,-0.8768856021817085,0.8400679204381721,-0.41607781184484627,37.48653099822552,1.0183763637667922,0.35203289882060834,-0.0078074366862046956,None,None,-0.0002122893640829758,-1.2839260739738376,-0.9799349680234085,-0.7424876494119508,0.38069437086653496,-3.8065741764410865,0 days 14:50:13.291139240,false
XMR-USD,false,15,26,317,21.835443037974684,0.45299462464754403,0.43526170798898073,0.0001,0.000033592989289191826,13.099173553719009,26.15702479338843,0.001309917355371901,-2.6243753438373574,0,0,17424,726 days 01:00:00,1000.0,151.7182051729808,-84.82817948270193,34.915698157888286,100.0,273.06672454192096,85.7683309541737,722 days 11:00:00,316,1,7.020271429339459,24.350302015794465,-5.166804431970889,2.912559814901756,-1.5431418466361155,3 days 03:02:36.521739130,0 days 17:32:18.461538461,-2.7066521084061996,-1.884452811681257,-0.7141177848832129,0.9239490614628153,0.35050906833366474,22.437395884517624,1.0145246311128822,0.3718312076838293,-0.0076179556584019675,None,None,-0.00009669179293991105,-0.5847919637005821,-0.848281794827021,-0.4803051576422094,0.37347564921494425,-3.4295140569468243,1 days 06:05:41.772151897,false
XMR-USD,false,15,39,253,21.825396825396826,0.44186482124997734,0.34710743801652894,0.0001,0.00003357753357753358,10.454545454545455,20.867768595041323,0.0010454545454545456,-2.2751253613456464,0,0,17424,726 days 01:00:00,1000.0,188.7735210062582,-81.12264789937417,34.915698157888286,100.0,229.70690823069754,82.58098848034766,722 days 11:00:00,252,1,8.734886855701234,23.465520524001384,-6.399618215274424,3.1660409539189236,-1.6919901052217488,3 days 22:22:54.545454545,0 days 22:37:45.989847715,-3.253814943846998,-1.6315476229551835,-0.6871913133625683,0.9341044644614118,0.34748822920160766,22.21050746564484,1.0007708411781586,0.38238794129313763,-0.0076387481233390645,None,None,-0.00008405785314105384,-0.5083818957970936,-0.8112264789937423,-0.4393547004781291,0.37500450351104897,-3.3233861036528247,1 days 14:17:22.857142855,false
XMR-USD,false,18,33,253,21.825396825396826,0.4509521338288883,0.34710743801652894,0.0001,0.00003357753357753358,10.454545454545455,20.867768595041323,0.0010454545454545456,-2.2460883352128826,0,0,17424,726 days 01:00:00,1000.0,193.36065188118425,-80.66393481188157,34.915698157888286,100.0,235.16044327455842,82.18044848033438,722 days 11:00:00,252,1,9.18213445173339,23.46552052400139,-6.399618215274409,3.131701825901418,-1.670876914798721,3 days 19:30:32.727272727,0 days 23:18:34.720812182,-3.237386835597417,-1.609848338369974,-0.684149761051184,0.9348634728530492,0.3532504114169049,22.403579667968526,0.9991292692215541,0.3818398096748612,-0.007624566622412882,None,None,-0.00008273706614522309,-0.5003937760463093,-0.8066393481188159,-0.4346631748391393,0.37408741453401617,-3.3102483715811846,1 days 14:11:39.999999998,false
XMR-USD,false,9,35,363,21.823204419889503,0.4399180997026246,0.4986225895316804,0.0001,0.00003357416064598385,15.0,29.958677685950413,0.0015,-2.847437770348865,0,0,17424,726 days 01:00:00,1000.0,130.2206403174123,-86.97793596825876,34.915698157888286,100.0,301.14532500709424,87.70280382516985,722 days 11:00:00,362,1,6.025540835315823,21.41807728755481,-6.189806240950018,2.570222751728128,-1.4104552725595088,2 days 19:18:13.670886075,0 days 14:47:16.749116607,-2.419350553916856,-2.0498775065083135,-0.7310356430319638,0.9176113529484877,0.32520416399617397,22.369098209228508,1.0145393938293668,0.37193921738445795,-0.007631521799382602,None,None,-0.00010540835471148289,-0.6375097292950485,-0.8697793596825883,-0.50714811899627,0.37428728084271423,-3.491083969592869,1 days 02:14:55.027624308,false
XMR-USD,false,19,69,166,21.818181818181817,0.5352469296173992,0.22727272727272727,0.0001,0.000033566433566433566,6.859504132231405,13.677685950413224,0.0006859504132231406,-1.270956501354726,0,0,17424,726 days 01:00:00,1000.0,352.80994271380223,-64.71900572861978,34.915698157888286,100.0,194.08657374276376,67.85043090518737,722 days 11:00:00,165,1,16.009045817078402,21.246964398202284,-7.172505688054688,4.092064576803057,-1.9114250472825243,6 days 09:38:20,1 days 07:58:36.279069767,-4.019388503656213,-0.9130952546772352,-0.6008899632802374,0.9623443052810596,0.09512978898202347,23.171033921221728,0.9886614760785429,0.3912175648702595,-0.007489941431631841,None,None,-0.00004778957411796618,-0.28903134426545946,-0.6471900572861979,-0.303442352412573,0.38095617613477845,-2.8535790244250983,2 days 10:31:16.363636362,false
XMR-USD,false,20,66,166,21.818181818181817,0.535248310419318,0.22727272727272727,0.0001,0.000033566433566433566,6.859504132231405,13.677685950413224,0.0006859504132231406,-1.277214195257575,0,0,17424,726 days 01:00:00,1000.0,351.4641660103673,-64.85358339896327,34.915698157888286,100.0,194.2807776946938,67.97306390351066,722 days 11:00:00,165,1,15.94798007516897,21.2469643982023,-7.172505688054698,4.121161023011639,-1.9218479882940156,6 days 08:18:19.999999999,1 days 08:14:25.116279069,-4.0271746306957725,-0.9175958005860503,-0.601478411651984,0.9621364311789218,0.09580451534018213,23.19114824291793,0.9884855588670421,0.39044047239067986,-0.007520747578736292,None,None,-0.0000480143103413391,-0.29039054894441885,-0.6485358339896308,-0.3043657098642317,0.38087040015850987,-2.8574333844248594,2 days 10:26:10.909090907,false
XMR-USD,false,42,72,111,21.818181818181817,0.5713436347209432,0.15151515151515152,0.0001,0.000033566433566433566,4.586776859504132,9.132231404958677,0.0004586776859504132,-0.9278545219870178,0,0,17424,726 days 01:00:00,1000.0,437.8004778671077,-56.219952213289226,34.915698157888286,100.0,154.30688164230287,61.55522272393268,635 days 19:00:00,110,1,19.875296663234963,20.237563436749472,-9.192802668893403,5.071012744185005,-2.3177163174619415,9 days 01:25:00,2 days 01:53:01.395348837,-5.291589261782967,-0.6689103250533427,-0.5520623655048585,0.9718669956751104,-0.10797839211203712,26.497835986255478,0.9821183331682701,0.3840349483717236,-0.007460189988399823,None,None,-0.000035238062052874073,-0.2131197992957824,-0.5621995221328917,-0.24925671304052321,0.3834441008744186,-2.610162625391691,3 days 14:26:10.909090908,false
XMR-USD,false,26,37,189,21.808510638297875,0.527150921222679,0.25895316804407714,0.0001,0.00003355155482815058,7.809917355371901,15.578512396694215,0.0007809917355371902,-1.4573274124609412,0,0,17424,726 days 01:00:00,1000.0,314.4045703808938,-68.55954296191062,34.915698157888286,100.0,198.97600170972126,71.3948202650011,722 days 11:00:00,188,1,15.66508970852152,20.680218971042226,-7.125563139087604,4.203336513363828,-1.9125137342652139,5 days 05:46:49.756097561,1 days 06:28:09.795918367,-3.7301091453597177,-1.0435046087655315,-0.6177589546595482,0.9571350032918563,0.21188103720572377,22.7096633139272,0.9940460557264967,0.3884462151394423,-0.007614106571059702,None,None,-0.00005447089781769988,-0.32943999000144886,-0.6855954296191071,-0.33075574398286633,0.3799514501511224,-2.963573595231731,2 days 03:15:19.148936169,false
XMR-USD,false,20,38,235,21.794871794871796,0.4578414843737486,0.32231404958677684,0.0001,0.000033530571992110454,9.710743801652892,19.380165289256198,0.0009710743801652893,-2.0960623346591665,0,0,17424,726 days 01:00:00,1000.0,206.00435396198918,-79.39956460380108,34.915698157888286,100.0,221.95539824168668,80.90442770442152,722 days 11:00:00,234,1,9.782547055560116,20.68021897104224,-6.928026011026212,3.384475784155444,-1.7676269124024466,4 days 09:04:42.352941176,0 days 23:41:18.688524590,-3.434949543134915,-1.5081852847835127,-0.6774332056555257,0.9388015454041635,0.1978541689421883,22.813001261517776,0.9967999934316032,0.38634736255867613,-0.007650913471011355,None,None,-0.00007873025114351629,-0.4761605589159865,-0.7939956460380078,-0.4220968489690363,0.3799661269365306,-3.274036287195444,1 days 17:25:38.461538460,false
XMR-USD,false,75,87,79,21.794871794871796,0.5733861095721987,0.10743801652892562,0.0001,0.000033530571992110454,3.2644628099173554,6.487603305785124,0.00032644628099173556,-0.9333319638567676,0,0,17424,726 days 01:00:00,1000.0,430.843137412037,-56.915686258796306,34.915698157888286,100.0,124.89786704817887,61.096982732549534,630 days 14:00:00,78,1,17.974195625590824,34.61126953247021,-10.766294701902167,6.111463439939855,-2.94916215666454,12 days 22:38:49.411764705,2 days 20:06:53.114754098,-7.527321259148117,-0.6801526496720303,-0.5648698742617385,0.9711631856233114,-0.4132360635664527,30.259385804833393,0.966317464946605,0.38129211256440754,-0.007451445542635819,None,None,-0.00003601710257701617,-0.21783143638579378,-0.569156862587965,-0.2534193119543935,0.3854431419148054,-2.630088735485809,5 days 00:58:27.692307691,false
XMR-USD,false,76,86,79,21.794871794871796,0.5699406432698985,0.10743801652892562,0.0001,0.000033530571992110454,3.2644628099173554,6.487603305785124,0.00032644628099173556,-0.945913181484013,0,0,17424,726 days 01:00:00,1000.0,427.28826201040874,-57.27117379895913,34.915698157888286,100.0,124.01846171033561,61.41797050541719,630 days 14:00:00,78,1,17.825891009954432,34.61126953247019,-10.766294701902156,6.111463439939859,-2.9624943045442413,12 days 22:38:49.411764705,2 days 20:03:56.065573770,-7.570995243583914,-0.6895233818312922,-0.5663496811418985,0.9707695868619568,-0.41610492732151333,30.293217457117933,0.9661257223657381,0.38107315526670366,-0.0074514455426357325,None,None,-0.00003650084673791323,-0.2207571210708992,-0.5727117379895905,-0.25556316256364553,0.3853114242902205,-2.6402700452953773,5 days 00:56:09.230769229,false
XMR-USD,false,77,85,79,21.794871794871796,0.5699406432698985,0.10743801652892562,0.0001,0.000033530571992110454,3.2644628099173554,6.487603305785124,0.00032644628099173556,-0.945913181484013,0,0,17424,726 days 01:00:00,1000.0,427.28826201040874,-57.27117379895913,34.915698157888286,100.0,124.01846171033561,61.41797050541719,630 days 14:00:00,78,1,17.825891009954432,34.61126953247019,-10.766294701902156,6.111463439939859,-2.9624943045442413,12 days 22:38:49.411764705,2 days 20:03:56.065573770,-7.570995243583914,-0.6895233818312922,-0.5663496811418985,0.9707695868619568,-0.41610492732151333,30.293217457117933,0.9661257223657381,0.38107315526670366,-0.0074514455426357325,None,None,-0.00003650084673791323,-0.2207571210708992,-0.5727117379895905,-0.25556316256364553,0.3853114242902205,-2.6402700452953773,5 days 00:56:09.230769229,false
XMR-USD,false,11,54,258,21.78988326848249,0.4429320517060763,0.35399449035812675,0.0001,0.00003352289733612691,10.661157024793388,21.280991735537192,0.0010661157024793389,-2.3126027606950306,0,0,17424,726 days 01:00:00,1000.0,181.87278434193001,-81.812721565807,34.915698157888286,100.0,226.80906228063756,83.15240388388247,722 days 11:00:00,257,1,8.415577486131895,24.36072994953202,-6.085687958228577,3.3058075631458452,-1.7278839534893662,4 days 04:10:42.857142857,0 days 20:05:40.298507462,-3.2161198176817174,-1.664449231932466,-0.6921163983606846,0.9326971423737936,0.27767357021514266,22.44786698640107,0.9926411000671679,0.3844748132846019,-0.007631521799382613,None,None,-0.000086098384434734,-0.5207230290612712,-0.8181272156580696,-0.4465548146267546,0.37651509608127653,-3.34315009815502,1 days 13:32:41.089494162,false
XMR-USD,false,15,37,258,21.78988326848249,0.45664262792648364,0.35399449035812675,0.0001,0.00003352289733612691,10.661157024793388,21.280991735537192,0.0010661157024793389,-2.1506034623849177,0,0,17424,726 days 01:00:00,1000.0,205.7357775613608,-79.42642224386391,34.915698157888286,100.0,242.52631105866334,81.0158021090937,722 days 11:00:00,257,1,9.51976066128799,23.465520524001388,-6.399618215274404,3.0967603948859868,-1.6135906375686757,3 days 19:18:12.857142857,0 days 22:24:28.656716417,-3.1275641365755935,-1.540179688209553,-0.6768676526226768,0.9375808401768657,0.35364780929148365,22.386081923573414,1.0044812412962032,0.38096370264701224,-0.007615090235589347,None,None,-0.00007917260054994564,-0.4788358881260712,-0.7942642224386399,-0.42235846866920534,0.3741635375249636,-3.2748055010871835,1 days 13:25:12.840466924,false
XMR-USD,false,23,25,258,21.78988326848249,0.4423310920835629,0.35399449035812675,0.0001,0.00003352289733612691,10.661157024793388,21.280991735537192,0.0010661157024793389,-2.2862737325323113,0,0,17424,726 days 01:00:00,1000.0,187.5406585430344,-81.24593414569657,34.915698157888286,100.0,233.56122632737214,82.69832269292698,722 days 11:00:00,257,1,8.905759911105974,23.46552052400139,-6.399618215274421,3.114190144105929,-1.6638343518654661,3 days 18:30:00,0 days 22:34:55.522388059,-3.1959731570742083,-1.6398095137808686,-0.6879362455650923,0.9336693058228869,0.3393737788426109,22.322249049226645,0.9993467720805624,0.3807448494453249,-0.007624566622412784,None,None,-0.00008444430131222564,-0.5107191343363406,-0.8124593414569674,-0.4406282886826012,0.3748304715595505,-3.3269170726102515,1 days 13:22:52.762645912,false
XMR-USD,false,15,72,180,21.787709497206702,0.5024915084770464,0.2465564738292011,0.0001,0.0000335195530726257,7.43801652892562,14.834710743801653,0.000743801652892562,-1.417124942534051,0,0,17424,726 days 01:00:00,1000.0,321.93748801539937,-67.80625119846006,34.915698157888286,100.0,199.7791343234625,70.02698573867441,722 days 11:00:00,179,1,15.287874090469813,21.246964398202294,-7.1255631390876,3.7544277584539043,-1.8227448292796242,5 days 21:07:41.538461538,1 days 05:43:17.142857142,-3.873465843994807,-1.0185925228402224,-0.6202679787846813,0.9581303478464922,0.10802926763018433,23.326494019261425,0.9903166192612474,0.3892210794865662,-0.007524405358265815,None,None,-0.00005312741773495726,-0.32131462246102155,-0.6780625119846,-0.3252332882597684,0.379643674305556,-2.941999008349802,2 days 05:59:39.888268155,false
XMR-USD,false,15,73,180,21.787709497206702,0.49813293208627357,0.2465564738292011,0.0001,0.0000335195530726257,7.43801652892562,14.834710743801653,0.000743801652892562,-1.4155605929130712,0,0,17424,726 days 01:00:00,1000.0,322.3444575916328,-67.76555424083672,34.915698157888286,100.0,200.09758002290837,69.98909606951047,722 days 11:00:00,179,1,15.307199890886693,21.2469643982023,-7.125563139087589,3.6650080715044275,-1.7987560145767898,5 days 21:36:55.384615384,1 days 05:36:51.428571428,-3.8713002363086844,-1.0173020421870451,-0.620090319518377,0.9581882072385485,0.10880691476982082,23.33434972787393,0.9903632412244459,0.389442628179571,-0.007520747578736197,None,None,-0.00005305655006965973,-0.3208860148213021,-0.6776555424083661,-0.32493734810244124,0.37961820836093524,-2.9408334306936053,2 days 06:01:00.335195529,false
XMR-USD,false,16,71,180,21.787709497206702,0.46934297346137904,0.2465564738292011,0.0001,0.0000335195530726257,7.43801652892562,14.834710743801653,0.000743801652892562,-1.6046037036581426,0,0,17424,726 days 01:00:00,1000.0,283.5094836019705,-71.64905163980295,34.915698157888286,100.0,190.31297380716205,73.60470864201919,722 days 11:00:00,179,1,13.463040031404205,21.246964398202284,-7.12556313908759,3.62208669806504,-1.8769636186639054,5 days 21:13:50.769230769,1 days 05:48:00,-4.077952829214715,-1.155565829935548,-0.6376906591563419,0.952643264701762,0.09863526075066824,23.19043743997163,0.9867776978145397,0.389442628179571,-0.00755529602678406,None,None,-0.00006037884463294279,-0.365171252340038,-0.7164905163980293,-0.3543561123282333,0.38031902539505724,-3.0520583983687497,2 days 06:04:41.564245809,false
XMR-USD,false,16,73,180,21.787709497206702,0.4851816953120323,0.2465564738292011,0.0001,0.0000335195530726257,7.43801652892562,14.834710743801653,0.000743801652892562,-1.5078783758572347,0,0,17424,726 days 01:00:00,1000.0,301.96961928631174,-69.80303807136883,34.915698157888286,100.0,193.35996250191457,71.88603364848657,722 days 11:00:00,179,1,14.33965813442461,21.246964398202294,-7.1255631390876,3.6686348164693974,-1.8454576978493797,5 days 21:38:27.692307692,1 days 05:45:51.428571428,-3.979720887419626,-1.0849903339993485,-0.6291530333999793,0.9555060830613535,0.09888534975931072,23.123767796144044,0.9887105054081311,0.3903295300406926,-0.007536886087186979,None,None,-0.00005673890888262927,-0.34315692092214184,-0.6980303807136858,-0.3400641282353011,0.3806387995513425,-2.9991878081807357,2 days 06:08:22.793296088,false
XMR-USD,false,18,61,180,21.787709497206702,0.4941912168383456,0.2465564738292011,0.0001,0.0000335195530726257,7.43801652892562,14.834710743801653,0.000743801652892562,-1.458562718428033,0,0,17424,726 days 01:00:00,1000.0,312.68767883241117,-68.73123211675887,34.915698157888286,100.0,195.57523913424976,71.4683247024026,722 days 11:00:00,179,1,14.188464583393738,21.24696439820229,-7.125563139087605,3.787555748508358,-1.8474616649646627,5 days 14:38:27.692307692,1 days 07:17:34.285714285,-3.918998803078114,-1.0479192274468736,-0.6192735896830435,0.9568457139185049,0.13075012531319766,23.435701660203353,0.9874083534294142,0.389442628179571,-0.007529929648075712,None,None,-0.00005475738791170477,-0.33117268208999046,-0.6873123211675878,-0.3320264746843946,0.38034074969905407,-2.9684908434583557,2 days 05:48:36.201117317,false
XMR-USD,false,15,33,281,21.785714285714285,0.4654999014320528,0.3856749311294766,0.0001,0.000033516483516483513,11.611570247933885,23.181818181818183,0.0011611570247933886,-2.311020019810823,0,0,17424,726 days 01:00:00,1000.0,184.78215394404606,-81.5217846055954,34.915698157888286,100.0,261.70163007351834,82.93105974484327,722 days 11:00:00,280,1,8.550199196636783,23.46552052400138,-6.189806240950011,2.9741078209397873,-1.5652919062890034,3 days 12:35:24.590163934,0 days 20:11:30.410958904,-2.9420287330449635,-1.6567248711307465,-0.6898635688560766,0.9329344735553312,0.3458875769066323,22.342963759817568,1.0068592415832365,0.37834203448821385,-0.007655345219876734,None,None,-0.0000852992336484827,-0.5158897651060234,-0.8152178460559545,-0.443497847667658,0.3747595266009101,-3.3348175435861274,1 days 10:13:17.142857142,false
XMR-USD,false,18,24,304,21.782178217821784,0.44182344785301086,0.41735537190082644,0.0001,0.000033511043412033515,12.561983471074381,25.082644628099175,0.001256198347107438,-2.6521264026335376,0,0,17424,726 days 01:00:00,1000.0,148.01035452766212,-85.19896454723379,34.915698157888286,100.0,263.1362278055652,86.1225629184921,722 days 11:00:00,303,1,6.848702579576809,23.389151865388307,-5.077324435018426,2.8793685718485857,-1.574909713512183,3 days 05:42:43.636363636,0 days 18:36:57.721518987,-2.83444999357068,-1.905480625416347,-0.7167427644020459,0.9232958789098287,0.3449070182856144,22.19047003270429,1.0099583269408035,0.3737779880163986,-0.007684856761732392,None,None,-0.00009804636035218669,-0.5929843874100251,-0.8519896454723386,-0.4847491178564902,0.3745285106544874,-3.440133494165441,1 days 07:29:18.415841583,false
XMR-USD,false,20,22,304,21.782178217821784,0.4400764317507461,0.41735537190082644,0.0001,0.000033511043412033515,12.561983471074381,25.082644628099175,0.001256198347107438,-2.681620654912577,0,0,17424,726 days 01:00:00,1000.0,144.95300968081074,-85.50469903191893,34.915698157888286,100.0,260.31780249831667,86.4092192871229,722 days 11:00:00,303,1,6.707233791084889,23.389151865388296,-5.077324435018428,2.902100083081277,-1.5897590518106384,3 days 05:36:21.818181818,0 days 18:38:28.860759493,-2.8440733468985933,-1.9277477222577273,-0.7189883617846264,0.9224026286049839,0.3399763156087037,22.171020694464335,1.0087866756626935,0.3737779880163986,-0.007684856761732404,None,None,-0.0000992340825610509,-0.6001677313292358,-0.85504699031919,-0.48846842817080494,0.3746869821831311,-3.4488898559400964,1 days 07:29:06.534653464,false
XMR-USD,false,23,39,203,21.782178217821784,0.5241913757118197,0.27823691460055094,0.0001,0.000033511043412033515,8.388429752066116,16.735537190082646,0.0008388429752066117,-1.4973926223658596,0,0,17424,726 days 01:00:00,1000.0,306.0856528164013,-69.39143471835987,34.915698157888286,100.0,208.56703113388954,72.27376546098083,722 days 11:00:00,202,1,15.504971077333153,20.680218971042223,-6.168481229071121,4.02716403998605,-1.8271696995418307,4 days 23:36:49.090909090,1 days 03:40:37.974683544,-3.511976823073931,-1.07178006412476,-0.6206021127133956,0.9559901730848263,0.22085171713292562,22.71708141804771,0.995798584394819,0.3884462151394423,-0.007614106571059702,None,None,-0.000055991152007981865,-0.3386344873442743,-0.6939143471836002,-0.3369557490306353,0.38025214523619744,-2.987399318340215,1 days 23:42:10.693069306,false
XMR-USD,false,44,88,102,21.782178217821784,0.5203725711789613,0.13911845730027547,0.0001,0.000033511043412033515,4.214876033057851,8.388429752066116,0.0004214876033057851,-1.195959395721194,0,0,17424,726 days 01:00:00,1000.0,364.06297513781703,-63.5937024862183,34.915698157888286,100.0,136.63210239183198,68.49363116545219,635 days 19:00:00,101,1,16.237273575750294,20.00982698129876,-8.593290028177899,5.1385630041642205,-2.6414891104744287,9 days 15:08:10.909090909,2 days 07:48:36.455696202,-6.457171271662708,-0.8676168855471273,-0.5814895936358907,0.9636471386392556,-0.1908607447649069,26.77121778650238,0.9704291719064339,0.3835953628712085,-0.007517332111407971,None,None,-0.00004577940525713662,-0.27687384299516227,-0.6359370248621793,-0.29581001314900246,0.3840608996617349,-2.821349875309624,3 days 21:59:59.999999999,false
XMR-USD,false,47,89,102,21.782178217821784,0.5109032755757736,0.13911845730027547,0.0001,0.000033511043412033515,4.214876033057851,8.388429752066116,0.0004214876033057851,-1.2999022332621115,0,0,17424,726 days 01:00:00,1000.0,339.4804538019532,-66.05195461980468,34.915698157888286,100.0,137.03364603429907,71.17077312997783,630 days 14:00:00,101,1,17.323520047396016,19.082571513487157,-8.735543285074742,5.0702781556340195,-2.719610001191036,10 days 10:57:16.363636363,2 days 02:10:37.974683544,-6.711317487578643,-0.9438830310663439,-0.5888145240737979,0.9605131563681988,-0.19071644411390043,26.737683406627504,0.9706847034975139,0.3819494012213498,-0.007508037222203375,None,None,-0.00004979526924844209,-0.30116178841457775,-0.6605195461980431,-0.3126915797997869,0.383997017143638,-2.891755230587648,3 days 21:54:39.207920791,false
XMR-USD,false,48,88,102,21.782178217821784,0.5173282329986333,0.13911845730027547,0.0001,0.000033511043412033515,4.214876033057851,8.388429752066116,0.0004214876033057851,-1.2618845634516382,0,0,17424,726 days 01:00:00,1000.0,348.209264557898,-65.1790735442102,34.915698157888286,100.0,138.66473148485605,70.55184504454385,630 days 14:00:00,101,1,17.768946953207774,19.08257151348714,-8.735543285074744,5.071991078344514,-2.6892729930150088,10 days 11:00:00,2 days 02:10:37.974683544,-6.629303786092169,-0.9161107607889644,-0.5834035095312277,0.9616629579272437,-0.19100141262347703,26.72476970564362,0.9712436598742166,0.3821686364718014,-0.007508037222203313,None,None,-0.000048335635809818434,-0.2923339253777819,-0.6517907354421009,-0.30660853034323077,0.38404082640574577,-2.8667555564683647,3 days 21:55:14.851485147,false
XMR-USD,false,49,85,102,21.782178217821784,0.5392606778806529,0.13911845730027547,0.0001,0.000033511043412033515,4.214876033057851,8.388429752066116,0.0004214876033057851,-1.187928683889032,0,0,17424,726 days 01:00:00,1000.0,366.36703405973844,-63.36329659402615,34.915698157888286,100.0,141.0530017055883,68.77509254650886,635 days 19:00:00,101,1,18.695528971283636,19.63923489550938,-8.735543285074764,5.200475877868855,-2.657728956400046,10 days 07:19:05.454545454,2 days 03:03:02.278481012,-6.458697969421233,-0.8615283987682286,-0.5763306041992023,0.9638545433583059,-0.1840649122800555,26.809188416765743,0.9710564453012073,0.3821686364718014,-0.007488437220127325,None,None,-0.0000454317992106228,-0.27477152162584667,-0.6336329659402602,-0.29426635608122664,0.38383827850381047,-2.8147509555013976,3 days 21:48:07.128712870,false
XMR-USD,false,54,83,102,21.782178217821784,0.5215821952014333,0.13911845730027547,0.0001,0.000033511043412033515,4.214876033057851,8.388429752066116,0.0004214876033057851,-1.3039962144954955,0,0,17424,726 days 01:00:00,1000.0,338.4744431257484,-66.15255568742516,34.915698157888286,100.0,141.5618446129273,71.26827583463263,630 days 14:00:00,101,1,16.073165946740573,19.785426026257426,-8.994368202755652,4.991095740345939,-2.69869312543513,10 days 09:54:32.727272727,2 days 02:10:37.974683544,-6.7088982457524065,-0.9480319511419176,-0.589224228958432,0.9602555294724521,-0.2094321917768547,26.889469617528565,0.9704624973763901,0.37997940920250256,-0.007489941431631837,None,None,-0.00004998098783765051,-0.3022850144421103,-0.6615255568742505,-0.31339919817556117,0.3837424158090097,-2.894636486668096,3 days 21:40:59.405940593,false
XMR-USD,false,56,82,102,21.782178217821784,0.5372313977616509,0.13911845730027547,0.0001,0.000033511043412033515,4.214876033057851,8.388429752066116,0.0004214876033057851,-1.1719360600983109,0,0,17424,726 days 01:00:00,1000.0,371.4249828809727,-62.85750171190273,34.915698157888286,100.0,145.16125239826184,68.67046133258249,630 days 14:00:00,101,1,17.637891155029422,18.361512054478204,-7.193138527540461,4.920103325733775,-2.5713373742744,10 days 10:24:32.727272727,2 days 01:57:43.291139240,-6.398147606673831,-0.8501188207177589,-0.571128712462278,0.9642993013807515,-0.18749569603484437,27.038801233410407,0.9737473037082278,0.3798701298701298,-0.007466933014796018,None,None,-0.0000447100672745194,-0.2704064868762933,-0.6285750171190252,-0.29089976079729685,0.38281031945192184,-2.800264781407549,3 days 21:37:25.544554454,false
XMR-USD,false,13,28,327,21.779141104294478,0.4530021014135354,0.4490358126721763,0.0001,0.00003350637092968381,13.512396694214877,26.983471074380166,0.0013512396694214878,-2.6621563811605427,0,0,17424,726 days 01:00:00,1000.0,147.98004760636434,-85.20199523936357,34.915698157888286,100.0,282.9402023521001,86.1189824878415,722 days 11:00:00,326,1,6.8473002243785,21.342974034476295,-6.189806240950011,2.8174986308469103,-1.502590638592687,2 days 23:53:14.366197183,0 days 17:09:10.588235294,-2.6345621245951367,-1.91598626006936,-0.7168183129972316,0.9226512738420941,0.32039999433505695,22.45766770189089,1.0149555962676715,0.37021310057403484,-0.007615090235589378,None,None,-0.00009815780206264836,-0.5936583868748972,-0.8520199523936355,-0.48478573938737546,0.3728982791211588,-3.4402202944383746,1 days 05:04:25.030674846,false
XMR-USD,false,21,30,249,21.774193548387096,0.4377550195115587,0.3415977961432507,0.0001,0.00003349875930521092,10.289256198347108,20.537190082644628,0.0010289256198347109,-2.3242792083093318,0,0,17424,726 days 01:00:00,1000.0,181.4512692373121,-81.85487307626879,34.915698157888286,100.0,225.88098331659887,83.27798231426192,722 days 11:00:00,248,1,8.616592540236496,23.465520524001402,-6.399618215274408,3.1983503089058694,-1.7310356373189395,3 days 21:57:46.666666666,0 days 23:31:32.783505154,-3.335344045576307,-1.671572799384433,-0.6916669680329376,0.932343690867502,0.28223676357893807,22.628997170607974,0.994976773148461,0.3827170290430091,-0.007624566622412786,None,None,-0.00008628176553800406,-0.5218321179738485,-0.8185487307626884,-0.4470003558794583,0.375709063600258,-3.344357334804598,1 days 14:51:46.451612902,false
XMR-USD,false,22,29,249,21.774193548387096,0.43065818656425403,0.3415977961432507,0.0001,0.00003349875930521092,10.289256198347108,20.537190082644628,0.0010289256198347109,-2.359377539774949,0,0,17424,726 days 01:00:00,1000.0,177.22749070532006,-82.277250929468,34.915698157888286,100.0,225.11891536253913,83.66723337659666,722 days 11:00:00,248,1,8.41601759389772,23.465520524001388,-6.399618215274416,3.135046824624004,-1.726951477335449,3 days 22:02:13.333333333,0 days 23:31:32.783505154,-3.351566640679755,-1.6975356757141455,-0.6944141007992518,0.9313696666419314,0.2798449377590841,22.609334372030816,0.9939113810444145,0.3829365079365079,-0.007638748123339085,None,None,-0.00008763082782474387,-0.529991246684051,-0.8227725092946792,-0.45150266637274705,0.37574736910951606,-3.356454410775676,1 days 14:52:44.516129031,false
XMR-USD,false,26,88,125,21.774193548387096,0.6186468730323263,0.17079889807162535,0.0001,0.00003349875930521092,5.1652892561983474,10.289256198347108,0.0005165289256198347,-0.7107317052006003,0,0,17424,726 days 01:00:00,1000.0,506.04388390442386,-49.39561160955762,34.915698157888286,100.0,173.26279012406897,55.420346313065686,635 days 19:00:00,124,1,23.836826010496054,20.27319932391646,-8.039372144347585,4.933823166186264,-2.0265731082736274,8 days 04:42:13.333333333,1 days 20:07:25.360824742,-4.175749533113486,-0.5101865029296752,-0.5231868911550658,0.9785687916937125,-0.06654853591430036,26.59115837472293,0.9885848489270149,0.3895534290271132,-0.007442722754766155,None,None,-0.000026902910212619876,-0.16270880096592502,-0.4939561160955801,-0.21054494538187152,0.383820565910495,-2.4147106950630453,3 days 05:20:48.387096773,false
XMR-USD,false,18,69,171,21.764705882352942,0.5088109266047297,0.23415977961432508,0.0001,0.0000334841628959276,7.066115702479339,14.090909090909092,0.0007066115702479339,-1.3977665782809177,0,0,17424,726 days 01:00:00,1000.0,325.1525785879778,-67.48474214120222,34.915698157888286,100.0,190.15154594201758,70.24301816511041,722 days 11:00:00,170,1,14.754069820471898,21.2469643982023,-7.125563139087597,3.9466306202819696,-1.9061815704638059,6 days 05:25:56.756756756,1 days 07:01:21.203007518,-4.05647936019114,-1.0040225098936912,-0.6143274260775013,0.9586960794821829,0.11093923056707308,23.162340674720657,0.9908684054562098,0.389775083745414,-0.007524405358265783,None,None,-0.00005249789214929229,-0.31750725171891975,-0.6748474214120217,-0.32290195766508634,0.38058911312084526,-2.932790856308735,2 days 08:47:38.823529410,false
XMR-USD,false,18,40,240,21.75732217573222,0.4738430412235673,0.32920110192837465,0.0001,0.00003347280334728034,9.917355371900827,19.793388429752067,0.0009917355371900827,-2.0701186852161255,0,0,17424,726 days 01:00:00,1000.0,210.7364547191495,-78.92635452808506,34.915698157888286,100.0,228.7495204659329,80.4657856544822,722 days 11:00:00,239,1,10.007260744558721,25.97721423628424,-6.928026011026202,3.5124448483256625,-1.7630424443887653,4 days 07:01:09.230769230,0 days 23:05:27.272727272,-3.3442293139138455,-1.4902593579937033,-0.6746768836560278,0.9394529908225253,0.19343227470026722,23.066313961848113,0.9959789074349658,0.38601654470251356,-0.007624566622412821,None,None,-0.00007751300505994547,-0.46879865460255016,-0.7892635452808484,-0.4175234034831904,0.37859132715578175,-3.260483355400233,1 days 16:28:52.217573220,false
XMR-USD,false,12,47,263,21.755725190839694,0.41089965601741824,0.3608815426997245,0.0001,0.000033470346447445686,10.867768595041323,21.694214876033058,0.0010867768595041324,-2.3676184975304824,0,0,17424,726 days 01:00:00,1000.0,176.50450386113278,-82.34954961388672,34.915698157888286,100.0,223.8333199761959,83.64968895985339,722 days 11:00:00,262,1,8.16717759212409,24.879197779776195,-6.399618215274419,3.008917422191353,-1.6465338452085896,3 days 22:14:44.210526315,0 days 20:54:43.902439024,-3.174285014240424,-1.7020871346675008,-0.6955880561118608,0.9312684421258945,0.2961166291358846,22.56831065709674,0.997594807362188,0.38348551012306464,-0.007615090235589435,None,None,-0.00008786596425772748,-0.5314133518307358,-0.8234954961388681,-0.45228033058505457,0.3757481358631967,-3.3585250749248443,1 days 12:51:59.083969465,false
XMR-USD,false,2,9,1459,21.742112482853223,0.352448581297636,2.0082644628099175,0.0001,0.00003344940381977419,60.28925619834711,120.53719008264463,0.006028925619834711,-8.391040277142025,0,0,17424,726 days 01:00:00,1000.0,2.065148555310998,-99.7934851444689,34.915698157888286,100.0,569.5242726365221,99.79926705367575,725 days 02:00:00,1458,1,0.006494243894297647,14.510734618759832,-11.192981014084532,1.299011427353184,-0.8909412195337191,0 days 15:07:22.902208201,0 days 03:53:25.609114811,-0.6844590848344205,-6.395364553132243,-0.9572370530900656,0.7608698847466526,-0.6040944113009548,35.066633605126555,1.0659694837941482,0.3433813892529489,-0.00819154946360936,None,None,-0.00034217326786659623,-2.069463924057174,-0.9979348514446902,-0.883035758063063,0.38943834983014564,-3.858126585159609,0 days 06:19:57.530864196,false
XMR-USD,false,7,16,622,21.73913043478261,0.34952427029348854,0.8553719008264463,0.0001,0.000033444816053511705,25.702479338842977,51.36363636363637,0.002570247933884298,-5.2259563021206406,0,0,17424,726 days 01:00:00,1000.0,23.666939766240375,-97.63330602337597,34.915698157888286,100.0,351.50598366663144,97.70854521138949,725 days 02:00:00,621,1,0.4761165818401487,16.50565333960844,-11.805396837296522,1.7307709553180173,-1.2326891556405137,1 days 11:47:59.999999999,0 days 09:21:21.481481481,-1.5729616373842192,-3.8747608978533603,-0.8676020598443085,0.8467224777108175,-0.4060577634795763,37.41971243486566,1.0212449065746594,0.35297771566115377,-0.007801705018947497,None,None,-0.00020280015228741577,-1.2265353210342906,-0.9763330602337585,-0.7273000747628406,0.38096169706375393,-3.7962581639318667,0 days 15:06:16.811594201,false
XMR-USD,false,9,40,346,21.73913043478261,0.4266424324958036,0.47520661157024796,0.0001,0.000033444816053511705,14.297520661157025,28.553719008264462,0.0014297520661157026,-2.955888020610328,0,0,17424,726 days 01:00:00,1000.0,120.09735376077128,-87.99026462392288,34.915698157888286,100.0,283.9493133286822,88.69759858975463,722 days 11:00:00,345,1,5.557118345716958,23.465520524001384,-6.1898062409500065,2.6196336056658405,-1.4834668983774997,3 days 00:07:12,0 days 15:20:26.666666666,-2.5665500422752032,-2.131328911997916,-0.7389667859951028,0.9144430195242571,0.30564018009984323,22.431119789641354,1.0107103331830312,0.37366968860859284,-0.007655345219876794,None,None,-0.00010997197196491512,-0.6651104864438067,-0.8799026462392309,-0.5207991875152553,0.3755687776935758,-3.5200774799355914,1 days 03:41:02.608695650,false
XMR-USD,false,13,38,277,21.73913043478261,0.4505536368119613,0.38016528925619836,0.0001,0.000033444816053511705,11.446280991735538,22.85123966942149,0.0011446280991735539,-2.2722130270231413,0,0,17424,726 days 01:00:00,1000.0,190.02891879781646,-80.99710812021836,34.915698157888286,100.0,253.48936832374577,82.4463986782287,722 days 11:00:00,276,1,8.792976346270166,23.46552052400139,-6.3996182152744145,2.9496233030912435,-1.5541963946690294,3 days 13:37:00,0 days 20:36:06.666666666,-2.9665364403929524,-1.6281409075370685,-0.6865621436234103,0.9340402969174534,0.3557202818695215,22.394997993583292,1.0058145356448736,0.37899651788540684,-0.007617955658402004,None,None,-0.00008372211071269198,-0.5063513255903611,-0.8099710812021839,-0.43806340086173234,0.3742881908180068,-3.319790592585335,1 days 10:44:07.826086955,false
XMR-USD,false,18,75,162,21.73913043478261,0.5204234479193348,0.22176308539944903,0.0001,0.000033444816053511705,6.694214876033058,13.347107438016529,0.0006694214876033058,-1.310783769615936,0,0,17424,726 days 01:00:00,1000.0,343.037112533794,-65.6962887466206,34.915698157888286,100.0,184.87445383751822,68.51141815974218,722 days 11:00:00,161,1,15.565595485404515,22.09083756125398,-7.1725056880546925,4.131877462484544,-1.9582015054259432,6 days 12:46:17.142857142,1 days 09:05:42.857142857,-4.177195546283297,-0.9422262699486076,-0.6072156011352681,0.9611906365626341,0.09358921362180371,23.015148179576318,0.9849019652117844,0.39177316293929715,-0.007529929648075685,None,None,-0.000049372935728977085,-0.29860751528885343,-0.6569628874662088,-0.3102007806824729,0.38140965895474965,-2.8815688132467785,2 days 11:58:52.919254657,false
XMR-USD,false,19,71,162,21.73913043478261,0.5414170185309775,0.22176308539944903,0.0001,0.000033444816053511705,6.694214876033058,13.347107438016529,0.0006694214876033058,-1.2301076654607073,0,0,17424,726 days 01:00:00,1000.0,361.9802850920187,-63.80197149079814,34.915698157888286,100.0,190.44738023317402,67.0147896144579,722 days 11:00:00,161,1,16.42515776154886,22.090837561253988,-7.17250568805468,4.224208999781371,-1.9390677362194562,6 days 12:25:42.857142857,1 days 09:14:45.714285714,-4.064874985525034,-0.8837099596469074,-0.5969075003136942,0.9635702033082857,0.09264024101376424,23.08278553106625,0.986330159240633,0.39244046667732146,-0.007517332111407883,None,None,-0.00004629464221191199,-0.2799899960976437,-0.638019714907978,-0.2972108573667547,0.3813106424634528,-2.827314785523879,2 days 12:01:29.440993788,false
XMR-USD,false,63,80,93,21.73913043478261,0.5489778459985039,0.12672176308539945,0.0001,0.000033444816053511705,3.8429752066115705,7.644628099173554,0.00038429752066115706,-1.1072325850554061,0,0,17424,726 days 01:00:00,1000.0,391.4400035741605,-60.855999642583946,34.915698157888286,100.0,135.5511133392469,66.33867731930634,630 days 14:00:00,92,1,18.58834622058231,18.1921003062634,-6.62925151761525,5.450787032788304,-2.758790870783672,11 days 00:27:00,2 days 09:36:40,-6.816829811374152,-0.8012099874772434,-0.5667069993872976,0.9663443407371877,-0.12854916407464212,27.089427185106036,0.9717879662744123,0.3794331855604814,-0.007442722754766158,None,None,-0.00004185998272611546,-0.2531691755275463,-0.6085599964258381,-0.2778636980346839,0.3802862603734976,-2.7429409364061397,4 days 06:34:33.913043477,false
XMR-USD,false,69,73,93,21.73913043478261,0.5470674888521329,0.12672176308539945,0.0001,0.000033444816053511705,3.8429752066115705,7.644628099173554,0.00038429752066115706,-1.1047850862030886,0,0,17424,726 days 01:00:00,1000.0,392.1415632428759,-60.7858436757124,34.915698157888286,100.0,134.47401604108728,66.1186993797824,630 days 14:00:00,92,1,18.621661246888777,18.327289471882374,-6.6292515176152325,5.442011272229428,-2.7538800680321653,11 days 00:27:00,2 days 09:29:10,-6.809566282652314,-0.799500174809933,-0.5677424104315628,0.9663987802855394,-0.1295071321777333,27.115206723882547,0.9720502351410115,0.37888739416000633,-0.007441978715800711,None,None,-0.000041762091554767285,-0.25257712972323254,-0.6078584367571247,-0.2774147421638732,0.3802083254679631,-2.7409316405715183,4 days 06:28:41.739130434,false
XMR-USD,false,70,72,93,21.73913043478261,0.5480574494751954,0.12672176308539945,0.0001,0.000033444816053511705,3.8429752066115705,7.644628099173554,0.00038429752066115706,-1.0989740862552102,0,0,17424,726 days 01:00:00,1000.0,393.65802806520014,-60.63419719347999,34.915698157888286,100.0,134.68437625574913,65.98767577672369,630 days 14:00:00,92,1,18.693673746611125,18.327289471882374,-6.629251517615245,5.442011272229425,-2.74859245363498,11 days 00:27:00,2 days 09:28:20,-6.793865713928383,-0.7952817343949082,-0.5670312467727361,0.9665707083888347,-0.1296224029933126,27.117308875597217,0.9720212950902786,0.37888739416000633,-0.007441978715800822,None,None,-0.000041541016143838586,-0.25124006563793577,-0.6063419719348029,-0.27644608498358203,0.38020169799340364,-2.7365884227573805,4 days 06:28:02.608695651,false
XMR-USD,false,81,89,70,21.73913043478261,0.5518017601456091,0.09504132231404959,0.0001,0.000033444816053511705,2.8925619834710745,5.743801652892562,0.00028925619834710745,-0.9419419911328757,0,0,17424,726 days 01:00:00,1000.0,417.38124425554986,-58.26187557444501,34.915698157888286,100.0,107.60085348473982,63.22728249371092,630 days 14:00:00,69,1,17.41258356757146,35.82657847567366,-9.102289379868981,6.85333782699598,-3.358189748074409,13 days 20:48:00,3 days 10:45:33.333333333,-8.696106366840898,-0.6943323326821884,-0.5622358578534725,0.9702870925292966,-1.0146628890195657,42.03450181814973,0.9622449284801525,0.38304627351377096,-0.007466933014796013,None,None,-0.00003739040196622594,-0.2261371510917345,-0.5826187557444515,-0.26159995186785334,0.3919680686852673,-2.6686441528674476,5 days 17:06:57.391304347,false
XMR-USD,false,82,89,70,21.73913043478261,0.5486330574477963,0.09504132231404959,0.0001,0.000033444816053511705,2.8925619834710745,5.743801652892562,0.00028925619834710745,-0.980485691295738,0,0,17424,726 days 01:00:00,1000.0,406.31875547841275,-59.368124452158725,34.915698157888286,100.0,106.64733435099984,64.218780441888,630 days 14:00:00,69,1,15.94110457547788,34.64586579448303,-9.10228937986898,6.8876095637535135,-3.4159429524912985,13 days 20:40:00,3 days 10:45:33.333333333,-8.835106508653126,-0.7229376423417335,-0.5670173640831273,0.9690849494988444,-1.0146502233043064,42.02972105694276,0.9608502380108781,0.3829365079365079,-0.007477302977569863,None,None,-0.000038931466285311697,-0.23545750809356514,-0.5936812445215851,-0.2684524290740413,0.391974546984894,-2.70032757711723,5 days 17:05:13.043478260,false
XMR-USD,false,11,32,337,21.726190476190478,0.4478201261821952,0.4628099173553719,0.0001,0.00003342490842490843,13.925619834710744,27.8099173553719,0.0013925619834710744,-2.617211438312142,0,0,17424,726 days 01:00:00,1000.0,151.5665987426736,-84.84334012573264,34.915698157888286,100.0,283.3578207988602,85.68702938530092,722 days 11:00:00,336,1,7.0132563299321475,24.427265072754324,-6.189806240950011,2.781371225602099,-1.4572161044253653,3 days 00:18:54.246575342,0 days 16:03:52.699619771,-2.545972195200177,-1.8779309438354506,-0.7150225971176609,0.9241674970897493,0.35922194944136315,22.29565432294725,1.0179151106234172,0.3717232149885854,-0.007618027989106609,None,None,-0.00009667369896860964,-0.5846825313621511,-0.8484334012573262,-0.48048546317635044,0.3747025617357138,-3.4299482640178716,1 days 04:17:08.571428570,false
XMR-USD,false,14,29,314,21.72523961661342,0.43039611371009673,0.43112947658402206,0.0001,0.000033423445564020644,12.975206611570249,25.90909090909091,0.0012975206611570249,-2.7201123586384446,0,0,17424,726 days 01:00:00,1000.0,141.1682665558459,-85.88317334441541,34.915698157888286,100.0,265.64135069702536,86.75795006205638,722 days 11:00:00,313,1,6.532106989411403,23.389151865388293,-6.189806240949997,2.766447936518097,-1.536503418688952,3 days 03:55:35.294117647,0 days 17:50:41.632653061,-2.76474070426059,-1.9534512028120565,-0.7218660697351169,0.9213394802857228,0.35591172093782053,22.14803517446357,1.0139021395783845,0.37237142632117826,-0.0076692881727384865,None,None,-0.00010071615400791547,-0.6091312994398728,-0.8588317334441552,-0.49314427744625444,0.3752792141922189,-3.459729516392682,1 days 06:27:47.731629391,false
XMR-USD,false,19,48,199,21.71717171717172,0.5016393386598044,0.2727272727272727,0.0001,0.000033411033411033416,8.223140495867769,16.40495867768595,0.000822314049586777,-1.652160193680995,0,0,17424,726 days 01:00:00,1000.0,277.1752777935237,-72.28247222064763,34.915698157888286,100.0,201.22603606594484,74.78201849999634,722 days 11:00:00,198,1,14.040496919723921,20.680218971042237,-6.168481229071117,3.995707315489789,-1.8930574128124402,5 days 01:08:22.325581395,1 days 04:27:05.806451612,-3.721541510738393,-1.186217306052844,-0.6356659793648785,0.9514043365417522,0.19206890717707759,22.895761672747593,0.9953092750224585,0.3861267997772651,-0.007587215347123355,None,None,-0.00006176290182006168,-0.3735420302077331,-0.7228247222064785,-0.3593998447751684,0.3789844412572545,-3.0701998251270055,2 days 00:34:50.909090907,false
XMR-USD,false,16,75,176,21.714285714285715,0.5045219619162362,0.24104683195592286,0.0001,0.00003340659340659341,7.272727272727273,14.50413223140496,0.0007272727272727273,-1.4053500626696314,0,0,17424,726 days 01:00:00,1000.0,323.353462083268,-67.6646537916732,34.915698157888286,100.0,193.58617162750159,69.89515576388176,722 days 11:00:00,175,1,15.355114576808887,21.2469643982023,-7.125563139087602,3.8414632071998667,-1.8562298038368883,6 days 00:36:18.947368421,1 days 06:31:05.693430656,-3.954295157105947,-1.0105593168268576,-0.6196504065235912,0.9584457126078971,0.09770391865619861,23.18817168583718,0.9884277600478891,0.3902186053933302,-0.00752074757873623,None,None,-0.00005282322832673911,-0.31947488492011816,-0.676646537916733,-0.32420467084351723,0.3804705741819483,-2.937943600202253,2 days 07:17:29.142857142,false
XMR-USD,false,17,69,176,21.714285714285715,0.4926820834584036,0.24104683195592286,0.0001,0.00003340659340659341,7.272727272727273,14.50413223140496,0.0007272727272727273,-1.4344735617281428,0,0,17424,726 days 01:00:00,1000.0,317.73579997806235,-68.22642000219376,34.915698157888286,100.0,191.6697644597758,70.92177934033177,722 days 11:00:00,175,1,14.417527296562412,21.24696439820229,-7.12556313908759,3.7634166316377033,-1.8467155672144902,5 days 22:37:53.684210526,1 days 06:48:36.788321167,-3.9810384418200004,-1.0312354405893263,-0.6176923481388773,0.9575907160399252,0.10594719201642895,23.24041044989708,0.988758970666402,0.3895534290271132,-0.0075285962304534465,None,None,-0.00005385222789927821,-0.3256982743348346,-0.6822642000219376,-0.3283030503259633,0.38010518103800695,-2.9540328162328264,2 days 07:05:29.142857141,false
XMR-USD,false,19,23,305,21.710526315789476,0.4344537746463431,0.418732782369146,0.0001,0.000033400809716599196,12.603305785123966,25.16528925619835,0.0012603305785123967,-2.7314712988827026,0,0,17424,726 days 01:00:00,1000.0,140.1830920577679,-85.98169079422321,34.915698157888286,100.0,258.2139351342322,86.85644632004906,722 days 11:00:00,304,1,6.486521211660602,23.38915186538829,-5.077324435018432,2.8924938284566406,-1.5943351572513624,3 days 05:38:10.909090909,0 days 18:34:02.016806722,-2.8496823327430696,-1.964286555759927,-0.7225596733042066,0.9210089557228591,0.3392901918922507,22.14336082272998,1.00844651481047,0.37366968860859284,-0.007693690548250102,None,None,-0.00010114677518121232,-0.6117356962959721,-0.8598169079422348,-0.494374805581419,0.37480479734325106,-3.4625510967993605,1 days 07:23:29.210526315,false
XMR-USD,false,13,37,282,21.70818505338078,0.4540258853061946,0.38705234159779617,0.0001,0.00003339720777443197,11.652892561983471,23.264462809917354,0.0011652892561983472,-2.3119074766789938,0,0,17424,726 days 01:00:00,1000.0,184.42221197779986,-81.55777880222001,34.915698157888286,100.0,253.98375566304128,82.60940082166947,722 days 11:00:00,281,1,8.533544041120166,23.46552052400139,-6.189806240949996,2.9660452822491674,-1.5570463337264298,3 days 11:54:05.901639344,0 days 20:18:49.090909090,-2.932780541150603,-1.6568669856601252,-0.6930571894596743,0.932938761858761,0.35264080554075056,22.22220849367498,1.0076284662466988,0.37845107190886795,-0.00764162859955763,None,None,-0.00008538896723204554,-0.5164324738194115,-0.8155777880222013,-0.44387433874297133,0.3751215902240537,-3.3358484322271575,1 days 10:07:02.775800710,false
XMR-USD,false,27,80,130,21.705426356589147,0.6121978423232775,0.17768595041322313,0.0001,0.000033392963625521765,5.371900826446281,10.702479338842975,0.0005371900826446281,-0.6834293078853135,0,0,17424,726 days 01:00:00,1000.0,513.1769487382733,-48.68230512617268,34.915698157888286,100.0,178.67908450460655,52.554082957370404,635 days 19:00:00,129,1,26.217570312106943,20.11139211473807,-7.78017555830675,4.656052430283291,-1.9096933371438418,7 days 12:23:34.285714285,1 days 21:27:55.247524752,-3.9770590819676954,-0.4906760671079596,-0.5421803058736709,0.9794497523096287,-0.07323000223102924,26.179165197751033,0.9878143089580607,0.39321979691372827,-0.0074682943244753185,None,None,-0.00002598999208283414,-0.15718747211698086,-0.4868230512617251,-0.20670020725963134,0.3855397983664895,-2.3942813030984516,3 days 02:45:06.976744184,false
XMR-USD,false,39,89,107,21.69811320754717,0.542097071009959,0.14600550964187328,0.0001,0.000033381712626995646,4.421487603305785,8.801652892561984,0.0004421487603305785,-1.0023019615326392,0,0,17424,726 days 01:00:00,1000.0,415.89766330079317,-58.410233669920686,34.915698157888286,100.0,146.4545842707581,63.43308490358454,635 days 19:00:00,106,1,20.194416455642852,20.429348080581892,-9.192802668893389,4.957978340156695,-2.3742815801771973,9 days 06:07:49.565217391,2 days 04:41:55.662650602,-5.700912765611791,-0.7237620995172911,-0.5622289700878387,0.9695626471930349,-0.14680136996317117,26.848591026950835,0.9786089501421716,0.3827170290430091,-0.007468294324475428,None,None,-0.0000381606300835743,-0.23079549074545735,-0.5841023366992064,-0.262511991431871,0.383775851614101,-2.6728931899282222,3 days 17:27:44.150943395,false
XMR-USD,false,40,89,107,21.69811320754717,0.508386937026375,0.14600550964187328,0.0001,0.000033381712626995646,4.421487603305785,8.801652892561984,0.0004421487603305785,-1.1585944608510919,0,0,17424,726 days 01:00:00,1000.0,374.0153251161985,-62.59846748838015,34.915698157888286,100.0,140.47323590941832,67.1298629935477,635 days 19:00:00,106,1,16.68115015852942,20.198752313806708,-8.593290028177893,4.857096666236188,-2.4718643969608562,9 days 07:02:36.521739130,2 days 04:25:18.072289156,-6.062885141908774,-0.8385373932650072,-0.581066907637299,0.9648233353814667,-0.1651297988712693,26.772959462139774,0.9756392913936316,0.3820590101522842,-0.007488437220127381,None,None,-0.00004423713694041873,-0.2675462042156525,-0.6259846748838008,-0.2891871978028965,0.3839923051760167,-2.792845934379166,3 days 17:26:36.226415093,false
XMR-USD,false,8,13,651,21.69230769230769,0.3247318576461144,0.8953168044077136,0.0001,0.00003337278106508875,26.90082644628099,53.760330578512395,0.002690082644628099,-5.810807740246813,0,0,17424,726 days 01:00:00,1000.0,15.760014658674208,-98.42399853413258,34.915698157888286,100.0,345.84539629955276,98.46508556945676,725 days 02:00:00,650,1,0.049560298559629956,16.682556582211625,-11.805396837296517,1.6188365159897158,-1.2428413882381335,1 days 09:29:47.234042553,0 days 09:10:43.614931237,-1.514291608676745,-4.330052086764258,-0.8895268632819799,0.8302951685962751,-0.4240936943882371,37.62286509407866,1.0154583389380987,0.35025184037194884,-0.007816478375588595,None,None,-0.00022617640287978725,-1.3679148846169533,-0.9842399853413253,-0.7631930741269561,0.3802000034837417,-3.818903923646627,0 days 14:27:13.846153844,false
XMR-USD,false,11,50,273,21.691176470588236,0.4168373914680799,0.3746556473829201,0.0001,0.0000333710407239819,11.28099173553719,22.520661157024794,0.0011280991735537192,-2.4685380673044786,0,0,17424,726 days 01:00:00,1000.0,164.93269510205585,-83.5067304897944,34.915698157888286,100.0,233.08087899069173,84.72163142233502,722 days 11:00:00,272,1,7.631729401681099,24.879197779776185,-6.189806240950004,2.9557493237716175,-1.630198431415024,3 days 21:09:09.152542372,0 days 19:29:17.746478873,-3.0981582143368596,-1.7768878715266259,-0.7033283107248242,0.9283100255207641,0.28900057121502276,22.570830304944423,0.9968313543794396,0.3827170290430091,-0.007624566622412793,None,None,-0.00009175077472937063,-0.5549086855632336,-0.8350673048979416,-0.465020741425776,0.3758440344794613,-3.391667212615316,1 days 11:28:00.882352940,false
XMR-USD,false,6,26,522,21.689059500959694,0.36728540646600644,0.7176308539944903,0.0001,0.000033367783847630305,21.5702479338843,43.09917355371901,0.00215702479338843,-4.35051746045941,0,0,17424,726 days 01:00:00,1000.0,43.394937849437724,-95.66050621505623,34.915698157888286,100.0,335.9801902336095,95.891580216403,725 days 02:00:00,521,1,2.0079610223113207,16.849706480950694,-11.465212964445184,1.882345114827875,-1.275360756651835,1 days 21:02:07.433628318,0 days 10:31:28.235294117,-1.8399482210611775,-3.2176359769339613,-0.8274548108596737,0.8716005658398648,-0.45193644343515116,36.842245760427204,1.014569499391493,0.36026541764246683,-0.007712634506743205,None,None,-0.0001680622193110006,-1.0164403023929316,-0.9566050621505615,-0.663432552564692,0.3801816308796779,-3.7397563635268236,0 days 18:00:34.548944336,false
XMR-USD,false,11,33,333,21.686746987951807,0.4452673615309188,0.4573002754820937,0.0001,0.00003336422613531047,13.760330578512397,27.479338842975206,0.0013760330578512397,-2.613307411574791,0,0,17424,726 days 01:00:00,1000.0,151.86353313265647,-84.81364668673436,34.915698157888286,100.0,282.12048251480377,85.75469871127406,722 days 11:00:00,332,1,7.026996012734315,24.42726507275431,-6.189806240950011,2.757334036566988,-1.4583080264046449,3 days 01:46:39.999999999,0 days 16:07:36.923076923,-2.5757935628917976,-1.875519741515419,-0.7140137522810889,0.9242389755866636,0.3560733768189665,22.297896257829493,1.016995544383628,0.3718312076838293,-0.007631521799382643,None,None,-0.00009655900801394236,-0.5839888804683233,-0.8481364668673421,-0.4801324294903151,0.3747391780958274,-3.4290978316746887,1 days 04:37:46.265060239,false
XMR-USD,false,12,53,250,21.686746987951807,0.4463539391544672,0.34297520661157027,0.0001,0.00003336422613531047,10.330578512396695,20.619834710743802,0.0010330578512396695,-2.2606651615534856,0,0,17424,726 days 01:00:00,1000.0,188.18902015512776,-81.18109798448722,34.915698157888286,100.0,224.66961028942617,82.53356297633866,722 days 11:00:00,249,1,8.707840960840144,24.360729949532,-6.399618215274419,3.383748657127815,-1.7508201765491818,4 days 07:03:20,0 days 20:57:13.846153846,-3.295256308456683,-1.6254634143845466,-0.6884025376313165,0.934237530641559,0.28401889422755494,22.39002205873686,0.9943177357758669,0.38414488839463024,-0.00761795565840197,None,None,-0.0000841270084371509,-0.5088001470278887,-0.8118109798448747,-0.4399578302535201,0.3767178432416433,-3.3250601382045253,1 days 14:45:32.530120481,false
XMR-USD,false,13,49,250,21.686746987951807,0.46613568674571554,0.34297520661157027,0.0001,0.00003336422613531047,10.330578512396695,20.619834710743802,0.0010330578512396695,-2.1151881929134544,0,0,17424,726 days 01:00:00,1000.0,206.69159394283383,-79.33084060571662,34.915698157888286,100.0,231.84845135726277,80.8533392835808,722 days 11:00:00,249,1,9.563987986722708,24.360729949531994,-6.399618215274422,3.4087333089817067,-1.7093257730486964,4 days 05:11:06.666666666,0 days 21:36:36.923076923,-3.2243871246742537,-1.5195927474517235,-0.6769246106040413,0.9384299060728143,0.28249545509338697,22.307164000253195,0.9936316652535679,0.3870094722598106,-0.007633162839139163,None,None,-0.00007872304724479136,-0.47611698973649813,-0.7933084060571676,-0.42142842239396017,0.37707924495371026,-3.272068003537655,1 days 14:52:02.891566264,false
XMR-USD,false,15,44,250,21.686746987951807,0.4556584300591675,0.34297520661157027,0.0001,0.00003336422613531047,10.330578512396695,20.619834710743802,0.0010330578512396695,-2.174598060717344,0,0,17424,726 days 01:00:00,1000.0,199.12748793351022,-80.08725120664899,34.915698157888286,100.0,228.49719545833966,81.57753754363497,722 days 11:00:00,249,1,9.455984707607058,25.97721423628424,-6.399618215274405,3.3566921041368354,-1.7138534389658777,4 days 04:25:33.333333333,0 days 21:51:23.076923076,-3.2543313123457684,-1.5623730223092398,-0.6812190680728661,0.9367992106664349,0.28506126982295316,22.346814161547307,0.9962295210444478,0.38623707239459026,-0.007631521799382638,None,None,-0.00008087978439194796,-0.4891609360025012,-0.8008725120664901,-0.42886708069456103,0.37680199875521303,-3.293731915211765,1 days 14:53:44.096385541,false
XMR-USD,false,24,26,250,21.686746987951807,0.4529614739458883,0.34297520661157027,0.0001,0.00003336422613531047,10.330578512396695,20.619834710743802,0.0010330578512396695,-2.29607249766067,0,0,17424,726 days 01:00:00,1000.0,186.1910667028027,-81.38089332971973,34.915698157888286,100.0,233.53196421442007,82.8411764579133,722 days 11:00:00,249,1,8.841671723507233,23.46552052400139,-6.399618215274411,3.2053243256582653,-1.7102568526386732,3 days 21:00:00,0 days 23:39:04.615384615,-3.303817690846203,-1.6479610812656953,-0.6886359295750987,0.9333622132789915,0.3327179701113862,22.349670218979963,0.9966836746362988,0.38238794129313763,-0.007633162839139207,None,None,-0.00008485968400197505,-0.5132313688439452,-0.8138089332971984,-0.4420287452146314,0.3748110650415844,-3.330782359319195,1 days 14:41:26.746987950,false
XMR-USD,false,68,86,84,21.686746987951807,0.5774841768379972,0.11432506887052342,0.0001,0.00003336422613531047,3.4710743801652892,6.900826446280992,0.00034710743801652895,-0.927674189825969,0,0,17424,726 days 01:00:00,1000.0,432.81699175736776,-56.718300824263224,34.915698157888286,100.0,131.52460655715092,61.924888426671345,630 days 14:00:00,83,1,20.027212673011718,17.256207945979884,-11.388143219999096,5.781113391817321,-2.8149327656636953,12 days 03:30:00,2 days 16:31:23.076923076,-7.0748219387427,-0.6757978102771399,-0.554884901038226,0.9713502050821197,-0.4122227141201904,30.326846276839397,0.9711480089528376,0.38063544885508277,-0.007437644843582988,None,None,-0.000035767737869274685,-0.2163232786333733,-0.5671830082426379,-0.252233916434234,0.3852411211993796,-2.624435535207799,4 days 17:44:49.156626505,false
XMR-USD,false,73,80,84,21.686746987951807,0.5820061204350151,0.11432506887052342,0.0001,0.00003336422613531047,3.4710743801652892,6.900826446280992,0.00034710743801652895,-0.9314915830746889,0,0,17424,726 days 01:00:00,1000.0,431.80983018267125,-56.81901698173287,34.915698157888286,100.0,132.1781184439169,62.01348889767703,630 days 14:00:00,83,1,19.980609514086154,17.256207945979884,-11.3881432199991,5.882636881282233,-2.84387994024814,12 days 02:23:20,2 days 16:40:36.923076923,-7.086394931703795,-0.6786144580303476,-0.5553310664283748,0.9712150299463159,-0.4125426703038308,30.358866822152983,0.9706080205526021,0.38019801980198015,-0.007437644843583069,None,None,-0.000035907672843433686,-0.21716960535708693,-0.5681901698173359,-0.2528383238987806,0.3851430770625146,-2.6273200875090077,4 days 17:37:35.421686746,false
XMR-USD,false,74,79,84,21.686746987951807,0.5811363622375366,0.11432506887052342,0.0001,0.00003336422613531047,3.4710743801652892,6.900826446280992,0.00034710743801652895,-0.937478620697459,0,0,17424,726 days 01:00:00,1000.0,430.05973494720297,-56.994026505279706,34.915698157888286,100.0,131.9901448000971,62.16744558750993,630 days 14:00:00,83,1,19.899629492168742,17.256207945979884,-11.388143219999112,5.88263688128223,-2.8500634288884985,12 days 02:23:20,2 days 16:39:41.538461538,-7.106504753553811,-0.6830004278454022,-0.5561067356395836,0.9710298422238917,-0.41259106449686955,30.35726127740886,0.9706251621479514,0.38008870584508153,-0.007437644843583069,None,None,-0.00003614032809497543,-0.21857670431841142,-0.5699402650528036,-0.25389076612135597,0.3851492526832608,-2.632332432465006,4 days 17:36:52.048192770,false
XMR-USD,false,75,78,84,21.686746987951807,0.5825544516002327,0.11432506887052342,0.0001,0.00003336422613531047,3.4710743801652892,6.900826446280992,0.00034710743801652895,-0.9323496930643662,0,0,17424,726 days 01:00:00,1000.0,431.5444003673531,-56.84555996326469,34.915698157888286,100.0,132.4095897007331,62.1674455875099,630 days 14:00:00,83,1,19.968327604035608,17.25620794597988,-11.388143219999092,5.882636881282229,-2.8448506128080284,12 days 02:23:20,2 days 16:40:36.923076923,-7.089444906466058,-0.6792573056182996,-0.5542817425971479,0.9711871461738624,-0.4126961216173357,30.356683690899494,0.9705801542075047,0.38019801980198015,-0.007437644843582935,None,None,-0.00003594243848938859,-0.21737986798382217,-0.5684555996326479,-0.2529977641367982,0.3851511193938726,-2.628080289450604,4 days 17:37:35.421686746,false
XMR-USD,false,76,77,84,21.686746987951807,0.5820675125804001,0.11432506887052342,0.0001,0.00003336422613531047,3.4710743801652892,6.900826446280992,0.00034710743801652895,-0.9343272544049953,0,0,17424,726 days 01:00:00,1000.0,430.9718938901931,-56.902810610980694,34.915698157888286,100.0,132.27316681558355,62.217635979113226,630 days 14:00:00,83,1,19.941836710209543,17.25620794597988,-11.388143219999126,5.882636881282225,-2.846862097537802,12 days 02:23:20,2 days 16:39:41.538461538,-7.096023407470081,-0.6806995265719131,-0.554537412101319,0.9711260326386044,-0.4126538308200041,30.3569483453022,0.9707213124749721,0.38008870584508153,-0.007437644843582954,None,None,-0.00003601867423802809,-0.2178409417915939,-0.5690281061098108,-0.25334187945254694,0.3851502811368756,-2.6297199716204154,4 days 17:36:52.048192770,false
XMR-USD,false,10,13,573,21.678321678321677,0.3596268277761092,0.7878787878787878,0.0001,0.00003335126412049489,23.677685950413224,47.31404958677686,0.0023677685950413223,-4.833009218819975,0,0,17424,726 days 01:00:00,1000.0,31.447601020640718,-96.85523989793593,34.915698157888286,100.0,348.43840116542486,96.96669185539209,725 days 02:00:00,572,1,0.6326430224146229,16.505653339608433,-11.805396837296518,1.8050598606386274,-1.2525409569972026,1 days 14:52:15.483870967,0 days 10:12:03.214285714,-1.694379444059042,-3.574840987976022,-0.8501163949504719,0.8579094615603893,-0.40150955975781166,37.59632482510025,1.016656487912111,0.35571461915506114,-0.007744458309297741,None,None,-0.00018656105379383773,-1.1283212533451306,-0.9685523989793603,-0.6990243356756933,0.3798588085929145,-3.773974029101693,0 days 16:24:57.902097901,false
XMR-USD,false,13,43,264,21.673003802281368,0.43485819163793926,0.3622589531680441,0.0001,0.00003334308277274057,10.90909090909091,21.776859504132233,0.001090909090909091,-2.2782389064222652,0,0,17424,726 days 01:00:00,1000.0,188.28653777137242,-81.17134622286277,34.915698157888286,100.0,234.0691568085847,82.62592469032633,722 days 11:00:00,263,1,8.712353274536497,23.465520524001388,-6.399618215274418,3.081423554985595,-1.6274188147757571,3 days 20:48:25.263157894,0 days 21:08:26.796116504,-3.1194897927876957,-1.6350230757160273,-0.6874968865230484,0.9339241713545994,0.3374111691318972,22.279225919857687,1.0011310746022213,0.3826073157184797,-0.007617955658401976,None,None,-0.00008421243690459386,-0.5093168183989837,-0.8117134622286271,-0.439857119680342,0.3748955564789406,-3.324780843728431,1 days 12:40:22.813688211,false
XMR-USD,false,14,28,324,21.671826625387,0.44662484610418945,0.44490358126721763,0.0001,0.000033341271731364614,13.388429752066116,26.735537190082646,0.0013388429752066117,-2.6780820942136674,0,0,17424,726 days 01:00:00,1000.0,145.81121796678326,-85.41887820332167,34.915698157888286,100.0,273.8500097054466,86.3224258756149,722 days 11:00:00,323,1,6.746944616187051,24.350302015794462,-6.189806240950009,2.8883897044006064,-1.5268700970315905,3 days 02:29:08.571428571,0 days 16:59:45.770750988,-2.6654356862210635,-1.922246526613247,-0.7184073186543831,0.9224676734341715,0.36073594960776184,22.315018968679805,1.015456790874799,0.3717232149885854,-0.007641628599557567,None,None,-0.00009890650502898808,-0.5981865424153199,-0.8541887820332164,-0.4874192737501386,0.37451887948240675,-3.446431912002983,1 days 05:27:18.390092878,false
XMR-USD,false,4,12,924,21.668472372697725,0.33056555009269895,1.2713498622589532,0.0001,0.00003333611134261189,38.18181818181818,76.32231404958678,0.0038181818181818182,-6.9612855035219665,0,0,17424,726 days 01:00:00,1000.0,6.458633073803298,-99.35413669261966,34.915698157888286,100.0,422.2313632573257,99.38203737344827,722 days 11:00:00,923,1,0.0198670701829311,12.060151609105892,-11.805396837296534,1.4671920231519031,-1.0883158963204207,0 days 23:38:24,0 days 06:17:15.684647302,-1.0764477074716998,-5.225100413879402,-0.926456623113941,0.7983614215419035,-0.39946645069981324,36.65101346799854,1.025264141348549,0.34452160493827155,-0.008010485732286318,None,None,-0.0002769974450171489,-1.6752805474637167,-0.9935413669261977,-0.8262490689416996,0.38586826879226044,-3.845543464241834,0 days 10:02:51.614301190,false
XMR-USD,false,14,76,181,21.666666666666668,0.5088757748885824,0.24793388429752067,0.0001,0.000033333333333333335,7.479338842975207,14.917355371900827,0.0007479338842975207,-1.3585196622565163,0,0,17424,726 days 01:00:00,1000.0,333.9447517212634,-66.60552482787367,34.915698157888286,100.0,202.40676407111218,68.90908583669679,722 days 11:00:00,180,1,15.858064088652043,21.246964398202277,-7.125563139087605,3.7208183801813712,-1.7744405046363418,5 days 22:27:41.538461538,1 days 05:17:26.808510638,-3.7884072909299333,-0.976099635401535,-0.6150794497204924,0.959899476746005,0.10508337582203844,23.203990008732333,0.9916738362132804,0.39055143244753016,-0.007528596230453428,None,None,-0.00005098934447334676,-0.3083835553748012,-0.6660552482787356,-0.31660246655438606,0.38022723591254537,-2.9076097097266804,2 days 05:48:39.999999998,false
XMR-USD,false,16,70,181,21.666666666666668,0.48148437296642826,0.24793388429752067,0.0001,0.000033333333333333335,7.479338842975207,14.917355371900827,0.0007479338842975207,-1.537531653592221,0,0,17424,726 days 01:00:00,1000.0,296.4645435084972,-70.35354564915028,34.915698157888286,100.0,194.55073674555868,72.39856704686561,722 days 11:00:00,180,1,14.078238111958285,21.246964398202287,-7.125563139087597,3.6965245007494167,-1.8521631017858629,5 days 21:00:00,1 days 05:36:35.744680851,-3.986742747797004,-1.1070282955430082,-0.6316644752932715,0.9545703768783859,0.09695654494971415,23.22272140862067,0.9881943999836658,0.3893318450007973,-0.007549268901077568,None,None,-0.000057822927406798393,-0.3497130649563167,-0.7035354564915048,-0.34426504367320265,0.3801887815508601,-3.0149545723248194,2 days 05:44:39.999999999,false
XMR-USD,false,17,63,181,21.666666666666668,0.48824890048202896,0.24793388429752067,0.0001,0.000033333333333333335,7.479338842975207,14.917355371900827,0.0007479338842975207,-1.5126684484266464,0,0,17424,726 days 01:00:00,1000.0,301.44429344703644,-69.85557065529635,34.915698157888286,100.0,193.85149172894225,72.49424495055274,722 days 11:00:00,180,1,15.01934877488884,21.24696439820227,-7.125563139087607,3.7988716346778078,-1.8667368182854507,5 days 15:52:18.461538461,1 days 06:41:16.595744680,-3.9643058629325125,-1.0874741463792157,-0.6245356399383171,0.9552379702669735,0.12760975429027563,23.4059780294666,0.9873533919815651,0.38877819399059543,-0.0075634376799309745,None,None,-0.00005684847006805743,-0.3438195469716113,-0.6985557065529641,-0.34046283449667714,0.38050273674093615,-3.0006923630571687,2 days 05:28:39.999999998,false
XMR-USD,false,21,50,181,21.666666666666668,0.48245121746284614,0.24793388429752067,0.0001,0.000033333333333333335,7.479338842975207,14.917355371900827,0.0007479338842975207,-1.6209515031444344,0,0,17424,726 days 01:00:00,1000.0,280.04216966061676,-71.99578303393832,34.915698157888286,100.0,192.71979044349553,74.57723222504094,722 days 11:00:00,180,1,13.952995990446198,20.754673491149322,-7.125563139087605,3.873611569414258,-1.9354005029741033,5 days 13:32:18.461538461,1 days 07:31:03.829787234,-4.077282368499052,-1.1672148717546664,-0.6337628836429074,0.9520769117474954,0.11142568239101872,23.400597931142393,0.9867758655335415,0.389442628179571,-0.007592921762431053,None,None,-0.00006105784620619573,-0.3692778538550718,-0.7199578303393868,-0.3571078044345014,0.38075762797743357,-3.0619889285436717,2 days 05:37:19.999999998,false
XMR-USD,false,27,83,121,21.666666666666668,0.6298324445488177,0.1652892561983471,0.0001,0.000033333333333333335,5.0,9.958677685950413,0.0005,-0.6511404223645849,0,0,17424,726 days 01:00:00,1000.0,525.15334070167,-47.484665929833,34.915698157888286,100.0,168.8698193729085,53.852079790437514,635 days 19:00:00,120,1,24.736962957743742,20.398670625822763,-8.039372144347585,5.140307752945074,-2.0544271948448474,8 days 02:04:36.923076923,2 days 00:35:06.382978723,-4.163196852133942,-0.4674294639237705,-0.5136227829457284,0.9803707488801254,-0.07305904536011786,26.36960531446852,0.9867692526460174,0.3915508704679764,-0.007452411460490813,None,None,-0.000024712217946064208,-0.14945949413779633,-0.47484665929832903,-0.2003226265325847,0.3848164117180326,-2.3599804224193948,3 days 08:06:29.999999999,false
XMR-USD,false,30,77,121,21.666666666666668,0.6335130207775139,0.1652892561983471,0.0001,0.000033333333333333335,5.0,9.958677685950413,0.0005,-0.6597485265008765,0,0,17424,726 days 01:00:00,1000.0,521.7722524169839,-47.82277475830161,34.915698157888286,100.0,171.77820202492526,54.03081096606117,635 days 19:00:00,120,1,24.577699273838732,20.693259147012725,-8.03937214434758,5.122103447414423,-2.05554368282257,8 days 02:02:18.461538461,2 days 00:38:17.872340425,-4.190045390473795,-0.4737267213477502,-0.5162642241743561,0.980106024717468,-0.07421482511033889,26.314761164882672,0.9856986411209896,0.39199552644192365,-0.007460189988399801,None,None,-0.000025064192435274373,-0.15158823584853942,-0.4782277475830169,-0.20211339433687658,0.3851090974240475,-2.36966399875631,3 days 08:08:29.999999998,false
XMR-USD,false,11,46,278,21.660649819494584,0.43904702036352317,0.38154269972451793,0.0001,0.000033324076645376286,11.487603305785123,22.933884297520663,0.0011487603305785125,-2.3660544832561414,0,0,17424,726 days 01:00:00,1000.0,178.08861809637915,-82.1911381903621,34.915698157888286,100.0,242.57730562303252,83.56693420981985,722 days 11:00:00,277,1,8.240477377695868,23.46552052400137,-6.189806240949997,3.026894870956511,-1.5977778165316991,3 days 18:09:00,0 days 19:27:55.576036866,-2.996938120149155,-1.6991598405092603,-0.6940242725308443,0.9313883520292141,0.3366284825092165,22.372939049298587,1.002408407128882,0.38162067871868055,-0.007600759458310036,None,None,-0.00008743033210896246,-0.528778648595005,-0.8219113819036217,-0.45057911248120797,0.37452933321582216,-3.353988106401165,1 days 10:46:34.223826713,false
XMR-USD,false,11,48,278,21.660649819494584,0.4429435679466088,0.38154269972451793,0.0001,0.000033324076645376286,11.487603305785123,22.933884297520663,0.0011487603305785125,-2.3719903697716402,0,0,17424,726 days 01:00:00,1000.0,177.58874406084988,-82.24112559391502,34.915698157888286,100.0,245.0604645683695,83.61305991398031,722 days 11:00:00,277,1,8.217347316238175,24.879197779776185,-6.18980624095002,3.051401591507502,-1.6046247711234867,3 days 20:05:00,0 days 18:59:26.820276497,-2.9986592175284787,-1.7019632837452985,-0.6943507590615219,0.9313467349835765,0.3510914645410773,22.306204804607965,1.0024684611661758,0.38227828018403937,-0.007615090235589283,None,None,-0.0000875884923332446,-0.5297352016314634,-0.8224112559391498,-0.4511148683852233,0.37458881747888917,-3.3554197662616345,1 days 10:49:23.176895305,false
XMR-USD,false,21,69,158,21.656050955414013,0.5623774227217081,0.2162534435261708,0.0001,0.00003331700146986771,6.528925619834711,13.016528925619834,0.0006528925619834711,-1.1084009376044393,0,0,17424,726 days 01:00:00,1000.0,393.1771322944122,-60.68228677055878,34.915698157888286,100.0,196.4885728458271,63.90888957604892,722 days 11:00:00,157,1,17.44951614108618,22.090837561253988,-7.1725056880546925,4.23176302878196,-1.8886487664041722,6 days 16:42:21.176470588,1 days 10:00:29.268292682,-3.9762572219533325,-0.795121189550565,-0.5860768400369717,0.9671447552930972,0.11117805409943922,23.07317984543182,0.985656587302372,0.39244046667732146,-0.007505915383562001,None,None,-0.00004158880291372371,-0.251529080022201,-0.6068228677055905,-0.2767529977953044,0.3807159193386547,-2.7379657280846668,2 days 13:26:45.095541400,false
XMR-USD,false,12,52,255,21.653543307086615,0.45189424610040124,0.349862258953168,0.0001,0.00003331314354936402,10.537190082644628,21.03305785123967,0.0010537190082644627,-2.2654936814919395,0,0,17424,726 days 01:00:00,1000.0,187.35156910897422,-81.26484308910258,34.915698157888286,100.0,229.99197754409866,82.64488235834875,722 days 11:00:00,254,1,8.669090610174749,24.360729949532015,-6.399618215274411,3.3712147594238897,-1.7300790655911942,4 days 04:56:43.636363636,0 days 20:40:06.030150753,-3.2335335492173245,-1.629516967852935,-0.6886455444686085,0.9341217054574535,0.28121032455270273,22.351358111173816,0.9926849140487215,0.38557569974554706,-0.007633162839139258,None,None,-0.00008437281798704927,-0.510286803185674,-0.8126484308910271,-0.4408241074557626,0.3768787160941171,-3.32745863255044,1 days 14:03:04.251968502,false
XMR-USD,false,20,30,255,21.653543307086615,0.44994711202564475,0.349862258953168,0.0001,0.00003331314354936402,10.537190082644628,21.03305785123967,0.0010537190082644627,-2.285566870278169,0,0,17424,726 days 01:00:00,1000.0,187.80895509999186,-81.21910449000082,34.915698157888286,100.0,235.8711185791984,82.69207660038647,722 days 11:00:00,254,1,8.918500533538435,23.465520524001395,-6.399618215274405,3.1411867214342775,-1.6713739795708644,3 days 19:37:05.454545454,0 days 23:03:00.904522613,-3.2327147458013656,-1.6398278857089825,-0.6876134089846174,0.933654698927645,0.3365916485302061,22.399886189675815,0.9988204610463983,0.38173023550868285,-0.007617955658402001,None,None,-0.00008438006089096851,-0.5103306082685776,-0.8121910449000093,-0.4403506650440985,0.3745411256120186,-3.3261486602023305,1 days 13:53:51.496062991,false
XMR-USD,false,47,84,98,21.649484536082475,0.533647310049087,0.13360881542699724,0.0001,0.00003330689928628073,4.049586776859504,8.057851239669422,0.00040495867768595046,-1.1320867729047444,0,0,17424,726 days 01:00:00,1000.0,380.39161000817603,-61.9608389991824,34.915698157888286,100.0,133.16835106488955,67.1332534581638,635 days 19:00:00,97,1,16.965533601115908,20.00982698129875,-8.735543285074748,5.453323655007698,-2.7052929145417357,10 days 02:02:51.428571428,2 days 09:46:34.736842105,-6.562617768999379,-0.8207306288532885,-0.5732836097228715,0.965518322030161,-0.18683014963868208,26.856874670670738,0.9707232725532335,0.3827170290430091,-0.007489941431631858,None,None,-0.00004327756521348309,-0.2617427144111457,-0.6196083899918219,-0.28500435719732486,0.38381339075326787,-2.7745839913896715,4 days 01:40:12.371134020,false
XMR-USD,false,50,81,98,21.649484536082475,0.5611882358471173,0.13360881542699724,0.0001,0.00003330689928628073,4.049586776859504,8.057851239669422,0.00040495867768595046,-0.9992230465838158,0,0,17424,726 days 01:00:00,1000.0,416.1095927074101,-58.38904072925899,34.915698157888286,100.0,138.32218508316572,64.82612513999689,635 days 19:00:00,97,1,21.734339393394123,20.00982698129877,-8.735543285074751,5.494111034726556,-2.611464018424352,10 days 10:28:34.285714285,2 days 07:21:18.947368421,-6.243554089546226,-0.7237319253034169,-0.549893098432255,0.9695218635785654,-0.1850855981372471,26.912315266624592,0.9723355671627488,0.3828267597809698,-0.007468294324475239,None,None,-0.00003814123181577278,-0.23067817002179378,-0.5838904072925928,-0.2623815767552171,0.3835967585361021,-2.672286215364349,4 days 01:35:52.577319586,false
XMR-USD,false,51,80,98,21.649484536082475,0.5535628170660433,0.13360881542699724,0.0001,0.00003330689928628073,4.049586776859504,8.057851239669422,0.00040495867768595046,-1.0417833325840682,0,0,17424,726 days 01:00:00,1000.0,404.5365826665102,-59.54634173334898,34.915698157888286,100.0,138.00226578488878,65.7793399106426,635 days 19:00:00,97,1,20.64330220265566,19.59231259925489,-8.735543285074757,5.407998512437158,-2.6261641031198004,10 days 10:42:51.428571428,2 days 07:14:12.631578947,-6.351615665321083,-0.7545245562449526,-0.5556992166362617,0.9682594323447248,-0.17688823766067363,26.84734612312779,0.9720770146677266,0.38227828018403937,-0.007482015876363765,None,None,-0.000039761656984661106,-0.24047850144323038,-0.5954634173334894,-0.26956771810881297,0.38357389284621657,-2.7054317935755225,4 days 01:33:24.123711339,false
XMR-USD,false,51,85,98,21.649484536082475,0.5250652935212476,0.13360881542699724,0.0001,0.00003330689928628073,4.049586776859504,8.057851239669422,0.00040495867768595046,-1.2336612091391133,0,0,17424,726 days 01:00:00,1000.0,355.2470644092177,-64.47529355907822,34.915698157888286,100.0,136.98223635516905,70.32379107577107,630 days 14:00:00,97,1,17.5286087523034,19.958883218998743,-8.73554328507476,5.180945420100107,-2.729534760461265,10 days 13:45:42.857142857,2 days 06:30:47.368421052,-6.827644787042112,-0.8955233914707844,-0.5768362081946998,0.9624788651275832,-0.19162634786321925,26.809946449138195,0.9714833451547632,0.38129211256440754,-0.007499079125261165,None,None,-0.00004720848536542783,-0.2855169194901075,-0.6447529355907806,-0.3017760427758116,0.3837081968707069,-2.846599007343971,4 days 01:38:58.144329895,false
XMR-USD,false,56,79,98,21.649484536082475,0.5317702288622493,0.13360881542699724,0.0001,0.00003330689928628073,4.049586776859504,8.057851239669422,0.00040495867768595046,-1.225043610311486,0,0,17424,726 days 01:00:00,1000.0,356.7429907373096,-64.32570092626905,34.915698157888286,100.0,136.58714508909299,70.1835632568553,630 days 14:00:00,97,1,17.602420783293667,19.958883218998754,-8.735543285074748,5.250186517387847,-2.7433951574391546,10 days 13:20:00,2 days 06:26:03.157894736,-6.812983814907049,-0.8896937949007373,-0.5761978756580303,0.9626533848975031,-0.20094160679851283,26.810118929376323,0.9714721958355614,0.38052606559974644,-0.007489941431631881,None,None,-0.000046944459216828067,-0.28392008934337615,-0.6432570092626875,-0.30075694136672804,0.3840623396230839,-2.8423146126246466,4 days 01:29:41.443298968,false
XMR-USD,false,57,78,98,21.649484536082475,0.5306015124371429,0.13360881542699724,0.0001,0.00003330689928628073,4.049586776859504,8.057851239669422,0.00040495867768595046,-1.20267996201024,0,0,17424,726 days 01:00:00,1000.0,362.66062735398805,-63.733937264601195,34.915698157888286,100.0,136.59628960158625,69.66829864177238,630 days 14:00:00,97,1,17.894408944165832,19.958883218998746,-7.447402913544823,5.208361672829341,-2.713337097534819,10 days 13:14:17.142857142,2 days 06:25:15.789473684,-6.754987439073994,-0.8729759297607205,-0.5733592883137139,0.9633436614773091,-0.19492005446200544,26.874373111184262,0.9719700207949948,0.3804166996751961,-0.007488437220127451,None,None,-0.00004602199520502454,-0.2783410269999884,-0.6373393726460104,-0.2967526729726647,0.3837259040348638,-2.82536625721752,4 days 01:27:50.103092782,false
XMR-USD,false,59,76,98,21.649484536082475,0.5295433776882734,0.13360881542699724,0.0001,0.00003330689928628073,4.049586776859504,8.057851239669422,0.00040495867768595046,-1.2011458313253696,0,0,17424,726 days 01:00:00,1000.0,363.09418377063867,-63.690581622936136,34.915698157888286,100.0,135.89605920472766,69.52854183645717,630 days 14:00:00,97,1,18.355769262863816,19.785426026257426,-7.447402913544822,5.25561343419702,-2.726635307364736,10 days 13:22:51.428571428,2 days 06:22:06.315789473,-6.755274077239433,-0.8719231902718916,-0.5739928171783256,0.9633795291553475,-0.19615995485301088,26.90141043185428,0.9720080065045849,0.38030735107731306,-0.007477354898302159,None,None,-0.000045957926058594745,-0.277953536802381,-0.6369058162293593,-0.29646098207298277,0.3836543597593413,-2.8241245337535066,4 days 01:27:12.989690720,false
XMR-USD,false,59,79,98,21.649484536082475,0.547284415117284,0.13360881542699724,0.0001,0.00003330689928628073,4.049586776859504,8.057851239669422,0.00040495867768595046,-1.1184568553578493,0,0,17424,726 days 01:00:00,1000.0,385.4913235760798,-61.45086764239201,34.915698157888286,100.0,142.84341530543927,67.70252212942852,630 days 14:00:00,97,1,18.30586072510374,18.6232043552187,-7.193138527540464,5.156174601331069,-2.6233533858925466,10 days 14:22:51.428571428,2 days 06:01:34.736842105,-6.52386120772189,-0.8112108655286745,-0.5623598186618789,0.9658816328312436,-0.18817866784009235,27.15801440220519,0.9721209182277385,0.38008870584508153,-0.007460189988399933,None,None,-0.00004260840822458164,-0.25769565294226976,-0.6145086764239259,-0.2816917777346496,0.38231337806523946,-2.7599782013383227,4 days 01:24:07.422680411,false
XMR-USD,false,60,75,98,21.649484536082475,0.5337914928017884,0.13360881542699724,0.0001,0.00003330689928628073,4.049586776859504,8.057851239669422,0.00040495867768595046,-1.2096717164642259,0,0,17424,726 days 01:00:00,1000.0,361.7901944239261,-63.820980557607385,34.915698157888286,100.0,136.73561980545082,69.23859104614108,630 days 14:00:00,97,1,17.18036309973013,19.785426026257433,-7.447402913544798,5.239226034350299,-2.7231682861358406,10 days 13:20:00,2 days 06:23:41.052631578,-6.756599677070147,-0.8780042144209957,-0.5779648560978542,0.9631156773636115,-0.1918641395911252,27.032814461569878,0.9713474352897968,0.3798701298701298,-0.007466933014796,None,None,-0.00004620381719432196,-0.27944068639125924,-0.6382098055760685,-0.29733897661660824,0.3830356535954914,-2.8278592130396425,4 days 01:27:50.103092782,false
XMR-USD,false,63,71,98,21.649484536082475,0.5394886181922455,0.13360881542699724,0.0001,0.00003330689928628073,4.049586776859504,8.057851239669422,0.00040495867768595046,-1.1909284626813086,0,0,17424,726 days 01:00:00,1000.0,365.82378234446514,-63.41762176555349,34.915698157888286,100.0,137.0732682708005,69.2226071524065,635 days 19:00:00,97,1,18.49376068173234,20.328574473760284,-7.4474029135448125,5.368248374262948,-2.7428100967975144,10 days 10:14:17.142857142,2 days 07:06:18.947368421,-6.728556477703783,-0.8646260318483739,-0.5732549823611098,0.9636499882587426,-0.19768958148288862,26.973240949291593,0.9710796714355662,0.38008870584508153,-0.007466933014796082,None,None,-0.00004554383100841837,-0.2754490899389143,-0.6341762176555346,-0.29462974768252426,0.38340625755584506,-2.816306850826236,4 days 01:21:01.855670102,false
XMR-USD,false,64,70,98,21.649484536082475,0.5394886181922455,0.13360881542699724,0.0001,0.00003330689928628073,4.049586776859504,8.057851239669422,0.00040495867768595046,-1.1909284626813086,0,0,17424,726 days 01:00:00,1000.0,365.82378234446514,-63.41762176555349,34.915698157888286,100.0,137.0732682708005,69.2226071524065,635 days 19:00:00,97,1,18.49376068173234,20.328574473760284,-7.4474029135448125,5.368248374262948,-2.7428100967975144,10 days 10:14:17.142857142,2 days 07:06:18.947368421,-6.728556477703783,-0.8646260318483739,-0.5732549823611098,0.9636499882587426,-0.19768958148288862,26.973240949291593,0.9710796714355662,0.38008870584508153,-0.007466933014796082,None,None,-0.00004554383100841837,-0.2754490899389143,-0.6341762176555346,-0.29462974768252426,0.38340625755584506,-2.816306850826236,4 days 01:21:01.855670102,false
XMR-USD,false,7,19,560,21.645796064400717,0.3738291341377793,0.7699724517906336,0.0001,0.00003330122471446264,23.140495867768596,46.239669421487605,0.0023140495867768596,-4.710709268070435,0,0,17424,726 days 01:00:00,1000.0,33.93138602774445,-96.60686139722556,34.915698157888286,100.0,357.6179691723278,96.74111166226162,725 days 02:00:00,559,1,0.6826102441715776,14.344903282656965,-11.80539683729653,1.8180598924054978,-1.25599394198729,1 days 16:52:33.719008264,0 days 10:10:16.438356164,-1.7294297392064901,-3.4880358078502507,-0.8450247999838105,0.8611687765034035,-0.42712679634768513,37.121363844663954,1.0131728534194533,0.3575101277656591,-0.007729436152366856,None,None,-0.0001821789927877467,-1.101818548380292,-0.9660686139722554,-0.6909774609738043,0.38016777960103604,-3.766860366370757,0 days 16:49:03.112701251,false
XMR-USD,false,21,36,232,21.645021645021643,0.4633376298135428,0.3181818181818182,0.0001,0.0000333000333000333,9.586776859504132,19.132231404958677,0.0009586776859504132,-2.0093784184423913,0,0,17424,726 days 01:00:00,1000.0,218.53686434270662,-78.14631356572934,34.915698157888286,100.0,220.70078854975026,80.08759142598088,722 days 11:00:00,231,1,11.453499081606793,20.680218971042212,-6.92802601102621,3.5065975677918306,-1.7711249149807688,4 days 08:46:48,1 days 00:28:10.607734806,-3.432539544324248,-1.4444436598005743,-0.6673377487117438,0.9413413584655602,0.20298773109122867,22.84319057628393,0.9972837094004828,0.38711988536857184,-0.007638826118962212,None,None,-0.00007535627633390257,-0.45575475926744274,-0.7814631356572943,-0.41012869484793457,0.3797316246720314,-3.238142660426059,1 days 17:51:10.129870129,false
XMR-USD,false,20,27,269,21.641791044776117,0.44752123973740987,0.3691460055096419,0.0001,0.000033295063145809415,11.115702479338843,22.1900826446281,0.0011115702479338845,-2.3056262601632596,0,0,17424,726 days 01:00:00,1000.0,185.24095241285113,-81.47590475871489,34.915698157888286,100.0,242.54603772165277,82.88867900900891,722 days 11:00:00,268,1,8.571428618502893,23.465520524001402,-6.399618215274419,3.0684975547191513,-1.6147301375306102,3 days 16:04:08.275862069,0 days 21:21:08.571428571,-3.072128642558399,-1.6530603558191699,-0.6895723307400932,0.9330911062744369,0.3422007403701479,22.316008809395203,1.0033991608277795,0.3792148171600443,-0.007633162839139186,None,None,-0.00008514689487533589,-0.5149684202060315,-0.8147590475871463,-0.4430186484570675,0.3749195166845423,-3.3335035258433616,1 days 11:47:27.761194029,false
XMR-USD,false,17,72,172,21.637426900584796,0.5051848609086175,0.23553719008264462,0.0001,0.00003328834907782277,7.107438016528926,14.173553719008265,0.0007107438016528926,-1.3727860476478428,0,0,17424,726 days 01:00:00,1000.0,330.36917522735143,-66.96308247726486,34.915698157888286,100.0,190.46364738587187,69.76561099795249,722 days 11:00:00,171,1,14.990777249878647,21.246964398202294,-7.125563139087598,3.90004859357354,-1.8681839660192254,6 days 01:58:22.702702702,1 days 07:47:27.761194029,-4.003635099546947,-0.9865450527395166,-0.6119851960520295,0.9594323887241543,0.10265311641563053,23.14392615522987,0.9910081480423449,0.3903295300406926,-0.007517332111407951,None,None,-0.00005158416843286587,-0.3119810506819728,-0.6696308247726481,-0.31915110497687815,0.3805900719624727,-2.91785030831859,2 days 08:29:49.473684209,false
XMR-USD,false,18,68,172,21.637426900584796,0.5029129292539718,0.23553719008264462,0.0001,0.00003328834907782277,7.107438016528926,14.173553719008265,0.0007107438016528926,-1.4110106025075333,0,0,17424,726 days 01:00:00,1000.0,322.6197783189614,-67.73802216810387,34.915698157888286,100.0,189.462593562329,70.47481239514177,722 days 11:00:00,171,1,14.63914189287351,21.2469643982023,-7.125563139087595,3.904357742029262,-1.8868062432708312,6 days 05:14:35.675675675,1 days 06:43:25.970149253,-4.046896863005333,-1.0138202514124608,-0.615471841265959,0.9582599994568184,0.10930814146344238,23.23979936927452,0.9906668246075403,0.38888888888888895,-0.007523499489008689,None,None,-0.00005296636260844408,-0.3203405610558698,-0.6773802216810394,-0.3247372786782111,0.38027443658926724,-2.940044900771954,2 days 08:22:06.315789472,false
XMR-USD,false,21,41,209,21.634615384615387,0.5032172464882039,0.2865013774104683,0.0001,0.00003328402366863906,8.636363636363637,17.231404958677686,0.0008636363636363637,-1.698814420513562,0,0,17424,726 days 01:00:00,1000.0,267.8635278154634,-73.21364721845366,34.915698157888286,100.0,209.47398277717033,75.81096239370913,722 days 11:00:00,208,1,13.568804069174718,20.680218971042212,-6.928026011026198,3.9492074182432613,-1.854972437845681,4 days 21:17:20,1 days 02:45:38.650306748,-3.585121520450533,-1.2180002240055512,-0.6388255489605943,0.9501646697112508,0.21607158978262989,22.699148180367022,0.9948714108996364,0.38756171364867015,-0.0076553452198767635,None,None,-0.00006364106663733731,-0.38490117102261606,-0.7321364721845417,-0.36695301324964325,0.3803190031505961,-3.0968690612280643,1 days 22:20:46.153846153,false
XMR-USD,false,28,32,209,21.634615384615387,0.5211109996300104,0.2865013774104683,0.0001,0.00003328402366863906,8.636363636363637,17.231404958677686,0.0008636363636363637,-1.5542348906739043,0,0,17424,726 days 01:00:00,1000.0,294.37728173158405,-70.5622718268416,34.915698157888286,100.0,213.0172689983039,73.41667528866208,722 days 11:00:00,208,1,14.911875800366147,20.68021897104223,-6.92802601102621,3.995294342682888,-1.8101123136074366,4 days 22:24:00,1 days 02:31:17.300613496,-3.4641086253306765,-1.112071616597684,-0.6255257440997662,0.9544636870528436,0.2261835810049112,22.566239122450863,0.9995225228537774,0.3881143949653469,-0.007655345219876679,None,None,-0.00005819059651943259,-0.3519367277495283,-0.7056227182684153,-0.3458711430667678,0.38087107978398926,-3.020932576165598,1 days 22:23:56.538461537,false
XMR-USD,false,14,49,246,21.63265306122449,0.46582608936891123,0.33746556473829203,0.0001,0.00003328100470957614,10.165289256198347,20.289256198347108,0.0010165289256198347,-2.067031691955909,0,0,17424,726 days 01:00:00,1000.0,213.41921043206014,-78.65807895679399,34.915698157888286,100.0,228.93144999658,80.21710763053744,722 days 11:00:00,245,1,10.134657003401742,25.977214236284237,-6.399618215274408,3.436937695396594,-1.7096571545383836,4 days 08:37:21.509433962,0 days 21:22:30,-3.25189978192384,-1.4833921468081526,-0.6731329250940126,0.9397884312397458,0.29132708675189645,22.271069508471165,0.9964512893694182,0.3849149578763313,-0.00763152179938259,None,None,-0.00007687654734440315,-0.46494935833895024,-0.7865807895679382,-0.4149603191855886,0.3772209800239225,-3.2527998323591665,1 days 15:23:01.224489795,false
XMR-USD,false,13,80,186,21.62162162162162,0.4917533134188952,0.2548209366391185,0.0001,0.00003326403326403327,7.685950413223141,15.330578512396695,0.0007685950413223141,-1.52278462295555,0,0,17424,726 days 01:00:00,1000.0,299.1149495628481,-70.08850504371519,34.915698157888286,100.0,203.4410594402421,72.15180902264446,722 days 11:00:00,185,1,14.204098179691698,21.246964398202298,-5.570763989160802,3.625068488651908,-1.800353044320691,5 days 19:22:30,1 days 04:21:06.206896551,-3.86534674928023,-1.095719486569122,-0.6304518177291504,0.9550771902046616,0.09848268458261984,23.150704570195277,0.9900523982747589,0.3898859376246311,-0.007536886087186806,None,None,-0.000057288677645265847,-0.34648192239856784,-0.7008850504371555,-0.3422362220962789,0.38056369651714544,-3.0073637000404796,2 days 04:21:24.324324323,false
XMR-USD,false,16,65,186,21.62162162162162,0.48918275695489005,0.2548209366391185,0.0001,0.00003326403326403327,7.685950413223141,15.330578512396695,0.0007685950413223141,-1.5389179149861698,0,0,17424,726 days 01:00:00,1000.0,296.5257364572442,-70.34742635427558,34.915698157888286,100.0,200.90599528877706,72.47444468563839,722 days 11:00:00,185,1,14.081143986951076,21.246964398202273,-7.125563139087608,3.669688655479723,-1.8169569666156178,5 days 14:30:00,1 days 05:29:47.586206896,-3.8786778785389564,-1.1063760746315732,-0.6309254534529781,0.9544934796504339,0.12954778017825122,23.43453385462571,0.9893518791944987,0.3883355907895786,-0.00756640383029463,None,None,-0.0000578054588911782,-0.34960741537384576,-0.7034742635427584,-0.34421806868379046,0.38029798291935335,-3.0147793131950427,2 days 04:11:59.999999998,false
XMR-USD,false,20,41,223,21.62162162162162,0.47178412117436375,0.30578512396694213,0.0001,0.00003326403326403327,9.214876033057852,18.388429752066116,0.0009214876033057852,-1.9193610323155827,0,0,17424,726 days 01:00:00,1000.0,231.90534143558057,-76.80946585644193,34.915698157888286,100.0,212.27970411017776,78.86949680983282,722 days 11:00:00,222,1,11.747318368412863,20.680218971042223,-6.9280260110262155,3.6660755446928825,-1.8112969834467245,4 days 14:36:15,1 days 00:56:33.103448275,-3.5128016978956453,-1.3781810339954654,-0.6597596725196024,0.9438523896028738,0.20969883123356053,22.810297564318997,0.9967096780467635,0.3864576702737111,-0.007633162839139124,None,None,-0.00007193697181042904,-0.43507480550947486,-0.7680946585644186,-0.3978464041143358,0.37993020986874887,-3.1998547905045642,1 days 19:27:50.270270268,false
XMR-USD,false,20,51,186,21.62162162162162,0.4796838477612574,0.2548209366391185,0.0001,0.00003326403326403327,7.685950413223141,15.330578512396695,0.0007685950413223141,-1.672782573060483,0,0,17424,726 days 01:00:00,1000.0,270.8276669176712,-72.91723330823288,34.915698157888286,100.0,194.63994852104707,75.41374253946786,722 days 11:00:00,185,1,13.493886849911803,20.980269207092274,-7.125563139087598,3.834355740129351,-1.9198900362824154,5 days 09:54:00,1 days 06:43:02.068965517,-4.014411999633731,-1.2042454153359892,-0.6383965871751416,0.9506041181821212,0.11839327135251147,23.40731118732831,0.9886126896493163,0.3886675167357348,-0.007595606630086917,None,None,-0.00006298269714351795,-0.38091935232399654,-0.7291723330823281,-0.36453032389542894,0.3806836261506298,-3.0883796445513476,2 days 04:09:43.783783783,false
XMR-USD,false,21,48,186,21.62162162162162,0.4795031608940634,0.2548209366391185,0.0001,0.00003326403326403327,7.685950413223141,15.330578512396695,0.0007685950413223141,-1.6642940279821314,0,0,17424,726 days 01:00:00,1000.0,272.10840481413015,-72.78915951858698,34.915698157888286,100.0,191.1497654478643,75.41518627435865,722 days 11:00:00,185,1,13.55769913488217,20.68021897104221,-7.1255631390876015,3.9110497256707246,-1.9373493107502682,5 days 10:07:30,1 days 06:34:45.517241379,-4.007834023355414,-1.1975350264061755,-0.6367515768611594,0.9508459840494183,0.12326753193715304,23.385550107356387,0.9907006338842388,0.38756171364867015,-0.00761410657105967,None,None,-0.00006268990168007457,-0.379148525361091,-0.7278915951858682,-0.36348888973419624,0.3810371394939707,-3.0847115583779954,2 days 04:06:09.729729729,false
XMR-USD,false,18,51,200,21.608040201005025,0.48000698904761263,0.2741046831955923,0.0001,0.00003324313877077696,8.264462809917356,16.487603305785125,0.0008264462809917356,-1.7121167972507139,0,0,17424,726 days 01:00:00,1000.0,263.773269492345,-73.6226730507655,34.915698157888286,100.0,201.87228530957904,76.00136100446669,722 days 11:00:00,199,1,13.14240414603944,20.980269207092288,-6.168481229071123,3.792156189222033,-1.862251177022552,5 days 01:20:55.813953488,1 days 04:15:23.076923076,-3.765674043485895,-1.2332379066717554,-0.6424539723937325,0.9494165871137815,0.11090934078804932,23.447726848099478,0.992198939496069,0.3867886987664147,-0.007592921762430963,None,None,-0.0000644974867011721,-0.39008079956868885,-0.7362267305076565,-0.370325031901794,0.3806745741525965,-3.1085837298124424,2 days 00:22:18.693467335,false
XMR-USD,false,19,50,200,21.608040201005025,0.47132063808158436,0.2741046831955923,0.0001,0.00003324313877077696,8.264462809917356,16.487603305785125,0.0008264462809917356,-1.8105827591243826,0,0,17424,726 days 01:00:00,1000.0,247.50232663775887,-75.24976733622411,34.915698157888286,100.0,198.57349557453074,77.48172512337706,722 days 11:00:00,199,1,12.33171052555383,20.680218971042216,-7.125563139087611,3.755094204950618,-1.8929672058149178,5 days 04:04:11.162790697,1 days 03:28:27.692307692,-3.843363738129622,-1.305699286619351,-0.6509844675510028,0.9465033797302409,0.10580890932439672,23.568402642776654,0.989375676114976,0.3864576702737111,-0.007592921762430914,None,None,-0.00006818626349153107,-0.4123905215967799,-0.7524976733622398,-0.38408761164010763,0.38011207837384364,-3.1551843814190894,2 days 00:20:48.241206029,false
XMR-USD,false,7,11,737,21.603260869565215,0.33797722871007985,1.0137741046831956,0.0001,0.00003323578595317726,30.454545454545457,60.867768595041326,0.0030454545454545456,-6.1074268534042595,0,0,17424,726 days 01:00:00,1000.0,12.747764501132792,-98.72522354988672,34.915698157888286,100.0,368.3645776091915,98.76145325387394,725 days 02:00:00,736,1,0.040087717449946325,15.36898586352179,-11.805396837296511,1.6536328199709456,-1.1919733540977453,1 days 04:30:33.962264150,0 days 08:14:52.201039861,-1.3414297869786929,-4.539762785698536,-0.8995702998359123,0.8221301534154637,-0.32329736408944254,37.40141624071074,1.0227887658038894,0.3450405248938634,-0.007887120226823474,None,None,-0.00023823833689656725,-1.4408654615504388,-0.9872522354988678,-0.780001459052627,0.3819763131380427,-3.82753113237068,0 days 12:37:29.999999999,false
XMR-USD,false,17,37,251,21.6,0.4358791943907666,0.3443526170798898,0.0001,0.000033230769230769236,10.37190082644628,20.702479338842977,0.001037190082644628,-2.3885848661695994,0,0,17424,726 days 01:00:00,1000.0,172.60328001273183,-82.73967199872682,34.915698157888286,100.0,228.42320988543932,84.03144900345573,722 days 11:00:00,250,1,8.196427289979141,24.879197779776202,-6.399618215274416,3.1495741494981173,-1.726479035995027,3 days 21:23:20,0 days 23:32:08.571428571,-3.3423725891089844,-1.7201899386678778,-0.6979878419565039,0.9305355345641156,0.26858221234658425,22.394239131414558,0.9937141011832461,0.3835953628712085,-0.007657573012803481,None,None,-0.00008907520124309053,-0.5387268171182116,-0.8273967199872682,-0.4565128922035959,0.3769106016665225,-3.369698340974859,1 days 14:37:26.399999999,false
XMR-USD,false,18,35,251,21.6,0.43314685186356267,0.3443526170798898,0.0001,0.000033230769230769236,10.37190082644628,20.702479338842977,0.001037190082644628,-2.4203288093086037,0,0,17424,726 days 01:00:00,1000.0,169.76103815213514,-83.02389618478648,34.915698157888286,100.0,224.78392436962628,84.35531978221331,722 days 11:00:00,250,1,8.061457498274137,23.465520524001388,-6.399618215274418,3.1996187750956686,-1.7483132678985764,3 days 21:56:40,0 days 23:20:48.979591836,-3.3532016773845545,-1.7422294156914782,-0.6993824229534065,0.9296746001807851,0.28015023158647523,22.492173417125823,0.9938365984937783,0.3829365079365079,-0.007662399020550858,None,None,-0.00009006720107917153,-0.5447264321268295,-0.8302389618478664,-0.4596360212149616,0.3762870472970276,-3.3778386389226305,1 days 14:35:45.599999999,false
XMR-USD,false,29,76,126,21.6,0.6198152681466692,0.1721763085399449,0.0001,0.000033230769230769236,5.206611570247934,10.37190082644628,0.0005206611570247934,-0.6966823668429964,0,0,17424,726 days 01:00:00,1000.0,508.95893617519084,-49.104106382480914,34.915698157888286,100.0,174.24812997612318,53.641890640381774,635 days 19:00:00,125,1,23.974137409763728,19.59368917755768,-8.03937214434758,4.907883868374049,-1.9921546081067714,7 days 16:20:00,1 days 23:33:03.673469387,-4.1201216098765885,-0.5002087702163159,-0.5367049223717538,0.9790331748765319,-0.07191725010523783,26.259155525825836,0.9864033127138522,0.39288569144684243,-0.007468294324475393,None,None,-0.000026478707815602957,-0.16014322486876667,-0.4910410638248045,-0.20896947703963953,0.38530392196068575,-2.406361865096692,3 days 05:05:45.599999999,false
XMR-USD,false,20,42,214,21.5962441314554,0.49817245663151205,0.29338842975206614,0.0001,0.000033224990971469847,8.84297520661157,17.644628099173556,0.000884297520661157,-1.7064722682219868,0,0,17424,726 days 01:00:00,1000.0,266.9761534059055,-73.30238465940944,34.915698157888286,100.0,215.20498343714874,75.8910954866267,722 days 11:00:00,213,1,13.52385353187131,20.680218971042226,-6.928026011026198,3.8258826226220433,-1.8035019570091675,4 days 18:37:49.565217391,1 days 02:09:42.035928143,-3.504918779934109,-1.2234565862572822,-0.6392836488965243,0.949958276315686,0.21628673597262638,22.782922155979026,0.996421504791463,0.38745123019348676,-0.00763354288743787,None,None,-0.00006385723897995404,-0.386208581350762,-0.7330238465940944,-0.3676816960901602,0.37990894390976804,-3.099410538146398,1 days 21:16:03.380281689,false
XMR-USD,false,22,39,214,21.5962441314554,0.5001460701494066,0.29338842975206614,0.0001,0.000033224990971469847,8.84297520661157,17.644628099173556,0.000884297520661157,-1.7103939717919516,0,0,17424,726 days 01:00:00,1000.0,266.05188393203184,-73.39481160679682,34.915698157888286,100.0,212.15075782328293,75.97456033622458,722 days 11:00:00,213,1,13.477034050696005,20.680218971042226,-6.9280260110262155,3.8460914761303977,-1.810353188168562,4 days 19:27:23.478260869,1 days 01:58:33.772455089,-3.509038263467906,-1.2260022214151927,-0.6397617581925142,0.9498821167739565,0.2191252835633716,22.719129602950357,0.9965080822512561,0.38778273335457153,-0.007650913471011246,None,None,-0.00006403836831184151,-0.38730405155001746,-0.7339481160679697,-0.3684423592491566,0.3801954760369968,-3.102057684051069,1 days 21:18:01.690140844,false
XMR-USD,false,17,27,302,21.59468438538206,0.43314150171429155,0.41460055096418735,0.0001,0.00003322259136212625,12.479338842975206,24.91735537190083,0.0012479338842975207,-2.758118552515587,0,0,17424,726 days 01:00:00,1000.0,137.0369603366853,-86.29630396633146,34.915698157888286,100.0,256.31012667322454,87.19540344552811,722 days 11:00:00,301,1,6.340944096447089,23.389151865388307,-5.91488263273508,2.8569449133817977,-1.596711828558029,3 days 07:21:13.846153846,0 days 18:35:35.593220338,-2.888053102191903,-1.9854546893146088,-0.7245968625153424,0.9200693006118547,0.3254934033976592,22.248257927066703,1.0045753497095502,0.3744281432402587,-0.0076848567617323355,None,None,-0.00010240949923525824,-0.6193726513748418,-0.8629630396633159,-0.4983426893958155,0.3754379817013679,-3.4715617478447895,1 days 07:42:51.428571426,false
XMR-USD,false,18,25,302,21.59468438538206,0.43447219362098055,0.41460055096418735,0.0001,0.00003322259136212625,12.479338842975206,24.91735537190083,0.0012479338842975207,-2.746209482501428,0,0,17424,726 days 01:00:00,1000.0,138.0835530048205,-86.19164469951795,34.915698157888286,100.0,257.2530319581915,87.09761087307596,722 days 11:00:00,301,1,6.389371802257983,23.389151865388286,-5.267919750349719,2.8818198605236383,-1.600385730498321,3 days 07:23:04.615384615,0 days 18:35:35.593220338,-2.8847369395263693,-1.9758104641999916,-0.7237904585428278,0.9204464316418979,0.3299912137486363,22.203679673802505,1.0053749205947389,0.3744281432402587,-0.007693690548250216,None,None,-0.00010196174299943592,-0.6166646216605884,-0.8619164469951777,-0.49701619169204636,0.375621042856814,-3.4685642632652103,1 days 07:43:15.348837207,false
XMR-USD,false,13,42,265,21.59090909090909,0.4304152019234607,0.36363636363636365,0.0001,0.00003321678321678321,10.950413223140496,21.859504132231404,0.0010950413223140495,-2.3129617246479417,0,0,17424,726 days 01:00:00,1000.0,184.78728549273967,-81.52127145072603,34.915698157888286,100.0,233.440499834274,82.94881698701488,722 days 11:00:00,264,1,8.550436642529576,23.46552052400139,-6.399618215274423,3.0790919660650338,-1.6278504107214535,3 days 19:47:22.105263157,0 days 21:13:54.782608695,-3.120314966476473,-1.659325223612059,-0.6897086847862587,0.9329229230368278,0.3479417313825326,22.385075127616926,1.0015829468944217,0.38129211256440754,-0.007615090235589373,None,None,-0.00008532661142791535,-0.5160553459160321,-0.8152127145072613,-0.4434924836483075,0.37429233046710353,-3.3348028466189623,1 days 12:27:57.272727271,false
XMR-USD,false,15,79,177,21.59090909090909,0.5062318519645801,0.24242424242424243,0.0001,0.00003321678321678321,7.31404958677686,14.586776859504132,0.000731404958677686,-1.3916013013189077,0,0,17424,726 days 01:00:00,1000.0,326.1669636166637,-67.38330363833363,34.915698157888286,100.0,198.3243742444587,69.76350105210939,722 days 11:00:00,176,1,15.48871957404316,21.24696439820228,-7.1255631390876015,3.7883195956578444,-1.823384789424114,6 days 03:01:34.736842105,1 days 05:45:13.043478260,-3.916600886121481,-1.0002408014983197,-0.6172729709661332,0.9589236421216722,0.10124232340546001,23.12593663855045,0.9884681167106083,0.3913286489939316,-0.007536886087186837,None,None,-0.000052312924997926525,-0.3163885703874596,-0.673833036383338,-0.3221695305596297,0.3806820345986619,-2.929885615737291,2 days 07:04:25.909090907,false
XMR-USD,false,64,83,89,21.59090909090909,0.5564703477645094,0.12121212121212122,0.0001,0.00003321678321678321,3.677685950413223,7.31404958677686,0.00036776859504132235,-1.0477957360337617,0,0,17424,726 days 01:00:00,1000.0,406.0693101034558,-59.39306898965442,34.915698157888286,100.0,130.61125495608118,64.73421084353518,630 days 14:00:00,88,1,18.789549828912527,18.05766568386461,-6.592258619305273,5.633968981241401,-2.7895945899430927,11 days 16:50:31.578947368,2 days 11:20:52.173913043,-6.962729996880192,-0.7585193104166584,-0.5628058335415814,0.9680748015609463,-0.14243672779864647,26.986741639803085,0.9753611684554041,0.37834203448821385,-0.007428272403563777,None,None,-0.00003970704589601616,-0.24014821357910573,-0.5939306898965465,-0.26860834023850466,0.3810297454683984,-2.7010419989621806,4 days 11:10:13.636363635,false
XMR-USD,false,66,80,89,21.59090909090909,0.5585710863040827,0.12121212121212122,0.0001,0.00003321678321678321,3.677685950413223,7.31404958677686,0.00036776859504132235,-1.0565583552450182,0,0,17424,726 days 01:00:00,1000.0,403.9095092656951,-59.609049073430484,34.915698157888286,100.0,131.54081555974415,64.92178247002678,630 days 14:00:00,88,1,18.68961199945352,18.05766568386461,-6.59225861930526,5.658872817137586,-2.8030331564118955,11 days 16:47:22.105263157,2 days 11:17:23.478260869,-6.986137531065438,-0.7651371686994941,-0.5638013578513754,0.9677920195650423,-0.14547621512871217,27.047339846308628,0.9740645582659687,0.37834203448821385,-0.0074161298214136155,None,None,-0.00004002814929195034,-0.24209024691771566,-0.5960904907343021,-0.26996090536693707,0.3807887908006744,-2.7072277576658847,4 days 11:06:49.090909089,false
XMR-USD,false,69,75,89,21.59090909090909,0.5572815705205273,0.12121212121212122,0.0001,0.00003321678321678321,3.677685950413223,7.31404958677686,0.00036776859504132235,-1.0152313610504478,0,0,17424,726 days 01:00:00,1000.0,415.53276290985855,-58.44672370901415,34.915698157888286,100.0,131.2456864836479,64.07625894505816,630 days 14:00:00,88,1,19.22744063630728,18.19210030626339,-6.592258619305273,5.554591818922688,-2.7376523691959918,11 days 14:18:56.842105263,2 days 12:01:44.347826086,-6.860166792346011,-0.7345440838514574,-0.5570284884369112,0.9690818000004577,-0.1364001626755933,27.0515531104326,0.9737359827943636,0.37899651788540684,-0.007440889575559854,None,None,-0.00003841091718955934,-0.2323092271624549,-0.5844672370901405,-0.26273664133874075,0.3806227622202939,-2.6739382797021243,4 days 11:09:32.727272725,false
XMR-USD,false,70,74,89,21.59090909090909,0.5572815705205273,0.12121212121212122,0.0001,0.00003321678321678321,3.677685950413223,7.31404958677686,0.00036776859504132235,-1.0152313610504478,0,0,17424,726 days 01:00:00,1000.0,415.53276290985855,-58.44672370901415,34.915698157888286,100.0,131.2456864836479,64.07625894505816,630 days 14:00:00,88,1,19.22744063630728,18.19210030626339,-6.592258619305273,5.554591818922688,-2.7376523691959918,11 days 14:18:56.842105263,2 days 12:01:44.347826086,-6.860166792346011,-0.7345440838514574,-0.5570284884369112,0.9690818000004577,-0.1364001626755933,27.0515531104326,0.9737359827943636,0.37899651788540684,-0.007440889575559854,None,None,-0.00003841091718955934,-0.2323092271624549,-0.5844672370901405,-0.26273664133874075,0.3806227622202939,-2.6739382797021243,4 days 11:09:32.727272725,false
XMR-USD,false,71,73,89,21.59090909090909,0.557217464568532,0.12121212121212122,0.0001,0.00003321678321678321,3.677685950413223,7.31404958677686,0.00036776859504132235,-1.0155426691753215,0,0,17424,726 days 01:00:00,1000.0,415.44749825409576,-58.455250174590425,34.915698157888286,100.0,131.2315082328287,64.08363026613839,630 days 14:00:00,88,1,19.22349528890419,18.19210030626339,-6.59225861930527,5.554591818922688,-2.737946941212662,11 days 14:18:56.842105263,2 days 12:00:52.173913043,-6.861090875395549,-0.7347693736556811,-0.5570679374612945,0.9690723193173001,-0.136392977689078,27.05156013338283,0.973929824677287,0.37888739416000633,-0.007440889575559886,None,None,-0.00003842269542165876,-0.23238046191019218,-0.5845525017459057,-0.26278915284933424,0.380622735823699,-2.6741824811938923,4 days 11:08:51.818181817,false
XMR-USD,false,17,44,228,21.58590308370044,0.4760653234138831,0.31267217630853994,0.0001,0.00003320908166723145,9.421487603305785,18.801652892561982,0.0009421487603305785,-1.972071376597648,0,0,17424,726 days 01:00:00,1000.0,224.45927981510022,-77.55407201848999,34.915698157888286,100.0,223.36885319283138,79.19374846847379,722 days 11:00:00,227,1,10.658917758862032,20.680218971042226,-6.928026011026203,3.5634587744845794,-1.7794319656612427,4 days 10:48:58.775510204,1 days 00:55:57.303370786,-3.463434528386613,-1.418754252119051,-0.6669141284057267,0.94223677627442,0.19241458187050545,22.99639551340869,0.9940229473870713,0.3865679955438848,-0.007617955658401937,None,None,-0.00007386881223671223,-0.4467585764076356,-0.7755407201849014,-0.4046286281035647,0.3789761539974265,-3.221180618179009,1 days 18:36:28.546255506,false
XMR-USD,false,21,24,279,21.58273381294964,0.457913546913467,0.38292011019283745,0.0001,0.00003320420586607637,11.52892561983471,23.016528925619834,0.001152892561983471,-2.372825349548103,0,0,17424,726 days 01:00:00,1000.0,177.5141467723738,-82.24858532276262,34.915698157888286,100.0,254.32373248349086,83.60242966633949,722 days 11:00:00,278,1,8.213895566908604,23.389151865388307,-5.914882632735086,3.0432847123082816,-1.595884821856108,3 days 14:40:00,0 days 20:01:22.568807339,-2.988128592786092,-1.7015691041337817,-0.694545003773201,0.9311561871516967,0.34481754345119914,22.349371546694,1.0061014765807998,0.3770349296665086,-0.007633162839139245,None,None,-0.00008760311943071285,-0.5298236663169513,-0.8224858532276276,-0.4511949048011946,0.374738163479243,-3.3556334159734025,1 days 10:24:23.309352516,false
XMR-USD,false,8,9,761,21.578947368421055,0.33119750130907116,1.046831955922865,0.0001,0.000033198380566801627,31.446280991735538,62.85123966942149,0.003144628099173554,-6.410907049625665,0,0,17424,726 days 01:00:00,1000.0,10.211054506116739,-98.97889454938833,34.915698157888286,100.0,366.6130383018958,99.00900400877202,722 days 11:00:00,760,1,0.03140970143320487,15.06428473446006,-11.805396837296527,1.600306558539898,-1.19097611715447,1 days 03:28:32.195121951,0 days 08:00:18.120805369,-1.3023952042043623,-4.779917790806052,-0.9092154485781089,0.8136475035777297,-0.33783845883564134,37.346857390411685,1.0239694341988352,0.3424499229583975,-0.007905273419109913,None,None,-0.0002509569052534865,-1.5177873629730865,-0.9897889454938831,-0.7963083368408346,0.3821524666403694,-3.8347963744504603,0 days 12:12:23.684210525,false
XMR-USD,false,20,50,191,21.578947368421055,0.48429398364967124,0.26170798898071623,0.0001,0.000033198380566801627,7.892561983471075,15.743801652892563,0.0007892561983471075,-1.700820696268373,0,0,17424,726 days 01:00:00,1000.0,265.70467477524176,-73.42953252247582,34.915698157888286,100.0,197.63682940728566,75.9937590320172,722 days 11:00:00,190,1,13.23863568931327,20.68021897104222,-7.125563139087612,3.820871185254741,-1.903559939912938,5 days 08:26:20.487804878,1 days 05:25:22.147651006,-3.934389267968797,-1.2246310263132623,-0.6400439804803358,0.9498136319688275,0.11636563000259546,23.38867802590819,0.9903556462207291,0.38822498406628425,-0.007614106571059702,None,None,-0.00006407042847408628,-0.3874979514112738,-0.7342953252247555,-0.3687285541827129,0.3808117275261618,-3.1030521054005145,2 days 02:47:22.105263157,false
XMR-USD,false,12,51,256,21.568627450980394,0.45375797507393667,0.3512396694214876,0.0001,0.00003318250377073907,10.578512396694215,21.115702479338843,0.0010578512396694215,-2.222457778221617,0,0,17424,726 days 01:00:00,1000.0,192.47665043970915,-80.75233495602909,34.915698157888286,100.0,230.16093383883398,82.17012578256477,722 days 11:00:00,255,1,8.906237246586471,24.360729949532015,-6.3996182152744145,3.367110928963287,-1.7074083378594327,4 days 04:48:00,0 days 20:37:12,-3.2016846541446218,-1.5984021161620525,-0.685461552735669,0.9353171648270554,0.27736126193774624,22.31932344223662,0.9923416510863338,0.38623707239459026,-0.00763316283913926,None,None,-0.00008281027492713972,-0.500836542759341,-0.8075233495602908,-0.4355615970350666,0.3770996462151785,-3.312780188179775,1 days 13:54:49.411764705,false
XMR-USD,false,22,27,256,21.568627450980394,0.44366847842028806,0.3512396694214876,0.0001,0.00003318250377073907,10.578512396694215,21.115702479338843,0.0010578512396694215,-2.2976304496316824,0,0,17424,726 days 01:00:00,1000.0,186.56160543038845,-81.34383945696115,34.915698157888286,100.0,234.6323029899272,82.807028693712,722 days 11:00:00,255,1,8.859267528978364,23.46552052400139,-6.399618215274418,3.123407007631032,-1.6621875864825078,3 days 19:14:10.909090909,0 days 22:58:30,-3.2246967141121172,-1.648117744822881,-0.6884012108922668,0.9333005122487982,0.3399907910075922,22.42728612272212,1.0001313565896768,0.38063544885508277,-0.007617955658401883,None,None,-0.00008477202050083023,-0.5127011799890212,-0.8134383945696134,-0.4416435830203881,0.3743882787312143,-3.32972112111651,1 days 13:41:52.941176470,false
XMR-USD,false,24,25,256,21.568627450980394,0.4441443936072272,0.3512396694214876,0.0001,0.00003318250377073907,10.578512396694215,21.115702479338843,0.0010578512396694215,-2.31326074619932,0,0,17424,726 days 01:00:00,1000.0,184.64264860670096,-81.5357351393299,34.915698157888286,100.0,235.43399636865894,82.98387413590011,722 days 11:00:00,255,1,8.768141855834699,23.4655205240014,-6.3996182152744066,3.1170745499317256,-1.6655898180535373,3 days 19:39:16.363636363,0 days 22:53:24,-3.2318646794083676,-1.6594943864249603,-0.6896202515677818,0.9328768917957774,0.34008895822943147,22.41976868636918,0.9992337755300019,0.38107315526670366,-0.007617955658402045,None,None,-0.00008536357982863906,-0.516278930803609,-0.8153573513932985,-0.44364371018763915,0.37441632492712174,-3.335217092627691,1 days 13:43:17.647058823,false
XMR-USD,false,43,89,103,21.568627450980394,0.5229142147909477,0.14049586776859505,0.0001,0.00003318250377073907,4.256198347107438,8.47107438016529,0.00042561983471074385,-1.1792999009948022,0,0,17424,726 days 01:00:00,1000.0,368.3779729164838,-63.16220270835162,34.915698157888286,100.0,136.51951826451068,68.21785989855051,635 days 19:00:00,102,1,16.42972324571309,20.378873003359026,-8.593290028177911,5.255132025805051,-2.6248030927277752,9 days 13:32:43.636363636,2 days 07:32:15,-6.353448532639499,-0.8551665230252001,-0.5785999823363493,0.9641633258704498,-0.18627315743254347,26.80090168448853,0.9713496363738331,0.38348551012306464,-0.00751733211140786,None,None,-0.0000451101224504843,-0.27282602058052907,-0.631622027083516,-0.29292425339744343,0.38395582351996577,-2.8089915436527444,3 days 21:04:07.058823529,false
XMR-USD,false,47,87,103,21.568627450980394,0.5263069146698164,0.14049586776859505,0.0001,0.00003318250377073907,4.256198347107438,8.47107438016529,0.00042561983471074385,-1.2224838253211612,0,0,17424,726 days 01:00:00,1000.0,359.22853106278353,-64.07714689372165,34.915698157888286,100.0,138.74611392130316,69.37149393202527,635 days 19:00:00,102,1,18.763313681640852,19.5923125992549,-8.735543285074735,5.211698630452468,-2.6545380521521493,10 days 07:10:54.545454545,2 days 02:24:45,-6.466027280577032,-0.8863529661668875,-0.5799408198409045,0.9628520984286065,-0.17636859946869882,26.979102387887618,0.9702478899257758,0.3820590101522842,-0.007488437220127288,None,None,-0.000046622803051381295,-0.28197471285475406,-0.6407714689372173,-0.2990698159449786,0.38286848739145,-2.8351959225894814,3 days 20:51:10.588235293,false
XMR-USD,false,47,88,103,21.568627450980394,0.528668162642797,0.14049586776859505,0.0001,0.00003318250377073907,4.256198347107438,8.47107438016529,0.00042561983471074385,-1.2556075580189925,0,0,17424,726 days 01:00:00,1000.0,350.0347166010247,-64.99652833989754,34.915698157888286,100.0,140.68338554006294,70.16707122837416,635 days 19:00:00,102,1,17.86209887023415,20.32857447376028,-8.735543285074735,5.203251248936462,-2.680119879006182,10 days 07:32:43.636363636,2 days 02:27:45,-6.547327277149114,-0.9114459341540042,-0.5843955454845821,0.9618368547864365,-0.1903488425187083,26.798363026356345,0.9698172476907015,0.38249761980323704,-0.007492505718021317,None,None,-0.00004805375727698229,-0.2906291240111889,-0.6499652833989757,-0.3053490080900988,0.38375529670331365,-2.861527386506326,3 days 20:58:14.117647058,false
XMR-USD,false,48,87,103,21.568627450980394,0.5255261100233015,0.14049586776859505,0.0001,0.00003318250377073907,4.256198347107438,8.47107438016529,0.00042561983471074385,-1.2777635470803124,0,0,17424,726 days 01:00:00,1000.0,344.8471100355416,-65.51528899644585,34.915698157888286,100.0,140.22489061151157,70.60920307936895,635 days 19:00:00,102,1,17.597377866922557,20.32857447376028,-8.73554328507475,5.177026248406285,-2.692809566514251,10 days 07:35:27.272727272,2 days 02:27:45,-6.595590861091965,-0.927603146735262,-0.5869843514751175,0.9611744894106469,-0.19030974770076564,26.79295442543425,0.9705508283484433,0.3821686364718014,-0.0074925057180213715,None,None,-0.00004890892499731189,-0.2958011783837423,-0.6551528899644581,-0.30893967346639206,0.3837813342312831,-2.87638490572884,3 days 20:58:49.411764705,false
XMR-USD,false,50,89,103,21.568627450980394,0.5299153343656346,0.14049586776859505,0.0001,0.00003318250377073907,4.256198347107438,8.47107438016529,0.00042561983471074385,-1.232622120286167,0,0,17424,726 days 01:00:00,1000.0,355.1892467090945,-64.48107532909056,34.915698157888286,100.0,146.1537581783469,69.54451256564967,630 days 14:00:00,102,1,16.86690330924648,18.361512054478204,-8.735543285074757,4.909593693352656,-2.5895406577085733,10 days 10:24:32.727272727,2 days 01:46:30,-6.487035849021098,-0.8951862839351452,-0.5833698542227911,0.9625040043113228,-0.1998011313915862,26.81453521594825,0.9718991628165428,0.3818398096748612,-0.007489941431631893,None,None,-0.00004720837176514086,-0.28551623243557195,-0.6448107532909099,-0.3018154873373343,0.38385176928315246,-2.846764599622441,3 days 21:02:56.470588235,false
XMR-USD,false,19,28,270,21.561338289962826,0.45067104902222543,0.37052341597796146,0.0001,0.000033171289676865894,11.15702479338843,22.272727272727273,0.001115702479338843,-2.3209765526157704,0,0,17424,726 days 01:00:00,1000.0,183.35169264540764,-81.66483073545923,34.915698157888286,100.0,244.95425301556025,83.06319619808087,722 days 11:00:00,269,1,8.48400920596194,23.4655205240014,-6.399618215274424,3.0827976931861096,-1.6155542318657214,3 days 16:44:28.965517241,0 days 21:05:24.170616113,-3.067406381265996,-1.6643824820901927,-0.6907748054864866,0.9326695098434734,0.3414993769489181,22.311639389253912,1.0033056525668549,0.3794331855604814,-0.00763874812333908,None,None,-0.00008573404253429435,-0.5185194892474122,-0.8166483073545934,-0.44499692070530483,0.37493683610709494,-3.3389144437602836,1 days 11:40:35.687732341,false
XMR-USD,false,20,26,270,21.561338289962826,0.4620676752588133,0.37052341597796146,0.0001,0.000033171289676865894,11.15702479338843,22.272727272727273,0.001115702479338843,-2.2563536104819693,0,0,17424,726 days 01:00:00,1000.0,191.78276137979253,-80.82172386202075,34.915698157888286,100.0,248.5899386575859,82.28439042359076,722 days 11:00:00,269,1,8.874129764581227,23.38915186538829,-6.399618215274411,3.1580819656923125,-1.6147190726896243,3 days 16:52:45.517241379,0 days 20:57:26.445497630,-3.037514380612596,-1.6156024446973074,-0.6854725225835682,0.9345448846513315,0.3536974802455359,22.343233428291924,1.0075011931433653,0.37779710603305133,-0.007624566622412867,None,None,-0.00008316925799109104,-0.5030076723301187,-0.8082172386202071,-0.4362686946497285,0.3747022229039978,-3.314767515074339,1 days 11:36:08.029739776,false
XMR-USD,false,18,45,219,21.55963302752294,0.4856711417228358,0.3002754820936639,0.0001,0.00003316866619618914,9.049586776859504,18.05785123966942,0.0009049586776859505,-1.8426904977575265,0,0,17424,726 days 01:00:00,1000.0,243.90098046771084,-75.60990195322891,34.915698157888286,100.0,216.58760008081168,77.59341123585538,722 days 11:00:00,218,1,11.582147524721108,20.680218971042212,-6.928026011026198,3.7015446213995404,-1.800497210701301,4 days 16:07:39.574468085,1 days 01:42:48.421052631,-3.5214732433807754,-1.3241957249567597,-0.6547367608555437,0.9459382976710975,0.1965536987353823,22.839958593200404,0.9948023669683675,0.3866783383733885,-0.007617955658401944,None,None,-0.00006906210264427503,-0.4176875967925754,-0.7560990195322914,-0.38721310250729024,0.3796169184653645,-3.1654987854266015,1 days 20:20:38.532110090,false
XMR-USD,false,19,67,168,21.55688622754491,0.5160667053718963,0.23002754820936638,0.0001,0.000033164440350069095,6.9421487603305785,13.842975206611571,0.0006942148760330579,-1.361039042697681,0,0,17424,726 days 01:00:00,1000.0,332.40089148995855,-66.75991085100415,34.915698157888286,100.0,191.05876715326048,69.57967446261075,722 days 11:00:00,167,1,15.082968072181473,21.24696439820229,-7.172505688054676,4.020116488918847,-1.9081122927813314,6 days 06:21:40,1 days 08:19:41.679389312,-4.087916626240853,-0.9782649050505592,-0.611078224849996,0.9596957904778689,0.09556094465387253,23.16205243123907,0.9887417980424328,0.39010769844435583,-0.007523499489008819,None,None,-0.0000512062705458808,-0.3096955242614871,-0.6675991085100446,-0.31770071954153845,0.38099968548318663,-2.9120313891223595,2 days 09:46:20.838323351,false
XMR-USD,false,19,68,168,21.55688622754491,0.528571374303288,0.23002754820936638,0.0001,0.000033164440350069095,6.9421487603305785,13.842975206611571,0.0006942148760330579,-1.3119169108359339,0,0,17424,726 days 01:00:00,1000.0,343.3314671181106,-65.66685328818895,34.915698157888286,100.0,194.34040615386778,68.7141506284276,722 days 11:00:00,167,1,15.578952070512514,21.246964398202287,-7.1725056880547005,4.090699893617156,-1.9025922824641412,6 days 08:21:40,1 days 07:49:27.938931297,-4.02543404163115,-0.9426695741178138,-0.6050575437912301,0.9611504196461781,0.09570931714162953,23.151515291410004,0.9898238894598981,0.39055143244753016,-0.007517332111407923,None,None,-0.00004934747827118388,-0.2984535485841201,-0.6566685328818864,-0.30999539518557084,0.38103372717592715,-2.880725769573456,2 days 09:48:30.179640717,false
XMR-USD,false,18,42,233,21.551724137931032,0.4678452522902168,0.31955922865013775,0.0001,0.00003315649867374005,9.62809917355372,19.214876033057852,0.000962809917355372,-2.0220190420587487,0,0,17424,726 days 01:00:00,1000.0,216.8801384597782,-78.31198615402218,34.915698157888286,100.0,223.2123466269247,79.89629692876339,722 days 11:00:00,232,1,10.299006400081453,20.680218971042237,-6.928026011026208,3.474791611778052,-1.7551307770447788,4 days 10:07:12,1 days 00:01:19.120879120,-3.41990891353579,-1.4552619018225093,-0.6711604606982489,0.9408365579134526,0.1899572854032783,22.940022590758254,0.9946761139241408,0.3865679955438848,-0.007633162839139239,None,None,-0.00007582305696008146,-0.45857784849457267,-0.7831198615402207,-0.41168466122306724,0.3792434374891017,-3.242887591704353,1 days 17:42:55.862068964,false
XMR-USD,false,14,74,182,21.54696132596685,0.48696097526877086,0.2493112947658402,0.0001,0.000033149171270718233,7.520661157024794,15.0,0.0007520661157024794,-1.490221677723448,0,0,17424,726 days 01:00:00,1000.0,306.3940407715545,-69.36059592284455,34.915698157888286,100.0,196.7715269317571,71.47411129333375,722 days 11:00:00,181,1,14.549761030507057,21.24696439820229,-7.125563139087602,3.6921628483103355,-1.8140457948162607,5 days 18:33:50.769230769,1 days 06:02:32.112676056,-3.9124625428671433,-1.0717452421829519,-0.6271547206101192,0.9560109159920039,0.10537165726538983,23.25684763166583,0.991092087366043,0.38877819399059543,-0.007534468867054778,None,None,-0.00005594689650657381,-0.3383668300717584,-0.6936059592284477,-0.3367239598530015,0.37996393825651437,-2.9865160825138575,2 days 05:25:31.491712706,false
XMR-USD,false,14,77,182,21.54696132596685,0.5052238950945588,0.2493112947658402,0.0001,0.000033149171270718233,7.520661157024794,15.0,0.0007520661157024794,-1.396113000636976,0,0,17424,726 days 01:00:00,1000.0,325.37544683585315,-67.46245531641468,34.915698157888286,100.0,204.15180976161233,69.70690500066985,722 days 11:00:00,181,1,15.451132746363896,21.2469643982023,-7.125563139087592,3.696711892800385,-1.7736345151805315,5 days 22:30:46.153846153,1 days 05:02:32.112676056,-3.812572850334315,-1.0037399709417067,-0.6187712275282643,0.9587746010936681,0.09939587213328306,23.169417839687043,0.9915180281657845,0.39010769844435583,-0.007529929648075733,None,None,-0.00005246595340806761,-0.3173140862119929,-0.6746245531641479,-0.32274091001306005,0.3804646351903016,-2.932152552452207,2 days 05:29:30.165745854,false
XMR-USD,false,20,55,182,21.54696132596685,0.47458896082725094,0.2493112947658402,0.0001,0.000033149171270718233,7.520661157024794,15.0,0.0007520661157024794,-1.5666328374117529,0,0,17424,726 days 01:00:00,1000.0,290.4619982057037,-70.95380017942962,34.915698157888286,100.0,193.80550938453555,73.63344089415808,722 days 11:00:00,181,1,13.179955762095233,21.322008276614895,-7.125563139087595,3.759112816427121,-1.8637497244216685,5 days 13:06:09.230769230,1 days 07:16:54.084507042,-3.9929168925767424,-1.127574038292823,-0.6286110692027286,0.9536352906356034,0.11377156531997673,23.3859857967187,0.9866675439902696,0.38888888888888895,-0.007564556714894871,None,None,-0.00005896810116552323,-0.3566390758490845,-0.7095380017942974,-0.3489040334250225,0.38065366853816673,-3.032146109711957,2 days 05:13:15.580110496,false
XMR-USD,false,21,52,182,21.54696132596685,0.4952187039124171,0.2493112947658402,0.0001,0.000033149171270718233,7.520661157024794,15.0,0.0007520661157024794,-1.539704052677495,0,0,17424,726 days 01:00:00,1000.0,296.09629889385747,-70.39037011061426,34.915698157888286,100.0,196.870965541172,73.12198974725432,722 days 11:00:00,181,1,13.435616861581252,21.53739424852697,-7.125563139087605,3.907180334039299,-1.887628094366475,5 days 12:46:09.230769230,1 days 07:27:53.239436619,-3.9632006517553746,-1.107711834069839,-0.6258787703330655,0.954455346264674,0.11852467923460225,23.41864086596361,0.9892623636043809,0.38911033163265296,-0.00756699486592306,None,None,-0.00005788441099678162,-0.3500849177085352,-0.7039037011061415,-0.34454786175093766,0.3803581858770869,-3.016009240093382,2 days 05:17:34.143646407,false
XMR-USD,false,6,23,558,21.543985637342907,0.37482386865264256,0.7672176308539945,0.0001,0.00003314459328821986,23.05785123966942,46.074380165289256,0.002305785123966942,-4.657686143344412,0,0,17424,726 days 01:00:00,1000.0,35.221182027577356,-96.47788179724226,34.915698157888286,100.0,354.42515058924585,96.6079596605647,725 days 02:00:00,557,1,0.7085575474045882,14.344903282656965,-11.80539683729652,1.8242814848173767,-1.247568717556876,1 days 18:24:00,0 days 09:56:42.288329519,-1.733370512602923,-3.454302656444738,-0.8426127467041222,0.8629243434577445,-0.46920340243400155,37.039076519854234,1.0128923189642853,0.3596285892634208,-0.0077587424985456595,None,None,-0.00018008136464346705,-1.0891320933636888,-0.9647788179724215,-0.6869499468174924,0.3794602869606067,-3.763166337415642,0 days 16:56:13.788150807,false
XMR-USD,false,13,32,312,21.54340836012862,0.43113616789456777,0.4283746556473829,0.0001,0.000033143705169428646,12.892561983471074,25.743801652892564,0.0012892561983471075,-2.7648756757414326,0,0,17424,726 days 01:00:00,1000.0,136.32508449086674,-86.36749155091333,34.915698157888286,100.0,264.61615927635637,87.2619204127769,722 days 11:00:00,311,1,6.308004333839563,23.46552052400139,-6.1898062409500065,2.7957860215398225,-1.5535582783341704,3 days 05:11:38.507462686,0 days 17:57:02.950819672,-2.7973727326140607,-1.9890231116406514,-0.7251478443737099,0.9199348586678561,0.32881440063470774,22.192773227677822,1.0099685592419694,0.3737779880163986,-0.007658393323117692,None,None,-0.00010268722553080348,-0.6210523400102994,-0.8636749155091334,-0.49924873628793087,0.37578075514917714,-3.4736005896362365,1 days 06:42:49.774919612,false
XMR-USD,false,14,38,261,21.53846153846154,0.4650663715025041,0.3581267217630854,0.0001,0.000033136094674556215,10.78512396694215,21.528925619834713,0.001078512396694215,-2.0838903925767798,0,0,17424,726 days 01:00:00,1000.0,214.48958225105832,-78.55104177489417,34.915698157888286,100.0,246.68699352443375,80.20804780161546,722 days 11:00:00,260,1,9.924814787067021,23.465520524001388,-6.3996182152744066,3.1958975572278376,-1.5960017519656997,3 days 19:41:47.142857142,0 days 21:54:07.058823529,-3.0593662789846467,-1.4911919558478963,-0.6717646421472645,0.9394598471380621,0.3567830302574742,22.301850212863407,1.005963354951291,0.38052606559974644,-0.0076141492790682865,None,None,-0.00007675215947079604,-0.4641970604793744,-0.7855104177489411,-0.41394356542191824,0.3746407339268089,-3.249734243310487,1 days 12:56:04.615384614,false
XMR-USD,false,28,78,131,21.53846153846154,0.6043807127810258,0.1790633608815427,0.0001,0.000033136094674556215,5.413223140495868,10.78512396694215,0.0005413223140495868,-0.7255085643781096,0,0,17424,726 days 01:00:00,1000.0,498.90716455347786,-50.109283544652214,34.915698157888286,100.0,177.2782642981454,54.02497152610904,635 days 19:00:00,130,1,23.50065607965587,20.111392114738074,-7.780175558306765,4.683416991007221,-1.9214082471531984,7 days 12:23:34.285714285,1 days 21:03:31.764705882,-4.035334550201376,-0.5210777247217746,-0.5460511036913623,0.9781882312317366,-0.07431891732557211,26.166394331855134,0.9869380344791827,0.39333120102350866,-0.007468588115302562,None,None,-0.00002760451304841714,-0.16695209491682686,-0.5010928354465192,-0.21442722988744078,0.3855986694539018,-2.4351505537153733,3 days 02:12:27.692307691,false
XMR-USD,false,7,31,419,21.5311004784689,0.4252452599384416,0.5757575757575758,0.0001,0.00003312476996687523,17.31404958677686,34.586776859504134,0.0017314049586776863,-3.195418433363724,0,0,17424,726 days 01:00:00,1000.0,96.66970644166884,-90.33302935583312,34.915698157888286,100.0,317.8806835512416,90.9144595303746,722 days 11:00:00,418,1,4.473079400335166,21.123879122043217,-11.52063710364104,2.4173156863468703,-1.3506196465041302,2 days 11:24:40,0 days 12:28:21.219512195,-2.171778404207336,-2.3411534611830485,-0.760117205682624,0.9051152935661739,-0.41523235886689763,36.91300642931421,1.0081005513411379,0.36956692603945607,-0.007624566622412901,None,None,-0.0001221343753252749,-0.7386687019672626,-0.9033302935583315,-0.555566319711201,0.3797221904363704,-3.587175228384335,0 days 22:34:44.210526315,false
XMR-USD,false,27,33,210,21.5311004784689,0.521544297275104,0.2878787878787879,0.0001,0.00003312476996687523,8.677685950413224,17.31404958677686,0.0008677685950413224,-1.5692816530477696,0,0,17424,726 days 01:00:00,1000.0,291.2674681425706,-70.87325318574294,34.915698157888286,100.0,213.73563230746535,73.69750261318316,722 days 11:00:00,209,1,14.754346137313064,20.68021897104223,-6.928026011026217,4.01807231931168,-1.8115761408498825,4 days 22:24:00,1 days 02:22:40.975609756,-3.4616597033241274,-1.1231242341739702,-0.6270492865911755,0.954039517978135,0.22494182164567347,22.53130835935971,0.9986592123574198,0.3884462151394423,-0.0076681971799482,None,None,-0.00005879098909536802,-0.3555679020487858,-0.7087325318574291,-0.3482779225060817,0.3810139816554171,-3.0298392105824465,1 days 22:11:28.995215310,false
XMR-USD,false,29,31,210,21.5311004784689,0.5219128307054222,0.2878787878787879,0.0001,0.00003312476996687523,8.677685950413224,17.31404958677686,0.0008677685950413224,-1.545974155994689,0,0,17424,726 days 01:00:00,1000.0,296.106316217998,-70.3893683782002,34.915698157888286,100.0,214.59908285072967,73.26053727108452,722 days 11:00:00,209,1,14.999461185231098,20.680218971042226,-6.928026011026202,3.9790215708150347,-1.7914746128162296,4 days 22:24:00,1 days 02:21:13.170731707,-3.439680119460443,-1.1059685049976002,-0.6246825415998648,0.9547078313195929,0.22772687095900934,22.58065493948811,1.0001794422549533,0.38800382348255535,-0.007658393323117549,None,None,-0.00005785946995026965,-0.34993407425923084,-0.7038936837820029,-0.3445401652392758,0.3807935955309498,-3.0159805500637704,1 days 22:10:20.095693778,false
XMR-USD,false,21,39,224,21.524663677130047,0.4724657706585656,0.3071625344352617,0.0001,0.000033114867195584685,9.25619834710744,18.47107438016529,0.0009256198347107439,-1.9625559367026284,0,0,17424,726 days 01:00:00,1000.0,225.2849382420511,-77.47150617579489,34.915698157888286,100.0,214.64622223938252,79.47272763640667,722 days 11:00:00,223,1,11.411957468313659,20.680218971042223,-6.92802601102622,3.6436247891375193,-1.811083321911802,4 days 14:38:45,1 days 00:47:39.428571428,-3.5252332700729196,-1.409768453772762,-0.6634760777254791,0.9426024532441434,0.20904284532843626,22.798499510493567,0.9953788771392433,0.3865679955438848,-0.007638826118962243,None,None,-0.00007359572039756936,-0.4451069169644995,-0.7747150617579485,-0.403869405696039,0.37998173108109823,-3.2188158983810045,1 days 19:16:24.753363228,false
XMR-USD,false,19,72,159,21.518987341772153,0.5443701758950483,0.21763085399449036,0.0001,0.00003310613437195716,6.570247933884298,13.099173553719009,0.0006570247933884298,-1.1684463270575036,0,0,17424,726 days 01:00:00,1000.0,377.29705888272645,-62.27029411172735,34.915698157888286,100.0,189.55015712743426,65.36657731006605,722 days 11:00:00,158,1,17.120169164853337,22.09083756125398,-7.172505688054693,4.235092093905004,-1.908998549951611,6 days 15:12:21.176470588,1 days 10:11:36.774193548,-4.049513356215988,-0.8389791943723035,-0.5926343772035157,0.9653636527501196,0.09700491816754184,23.077314052769143,0.985811273908165,0.39232920495405516,-0.0075059153835619835,None,None,-0.000043928890769016725,-0.26568193137101315,-0.6227029411172704,-0.28702861661422774,0.3811158322460317,-2.7834469134812077,2 days 13:05:41.772151897,false
XMR-USD,false,21,32,238,21.518987341772153,0.45107827814506646,0.32644628099173556,0.0001,0.00003310613437195716,9.834710743801653,19.62809917355372,0.0009834710743801653,-2.10693625108105,0,0,17424,726 days 01:00:00,1000.0,207.7128933727048,-79.22871066272951,34.915698157888286,100.0,220.89277454289228,80.78325087323289,722 days 11:00:00,237,1,9.863680618323002,24.879197779776195,-6.399618215274429,3.395564788555451,-1.7344663832327702,4 days 00:54:07.058823529,1 days 01:27:05.806451612,-3.384602477829607,-1.5120034565895646,-0.6761216362710023,0.9387390010078185,0.2903403471495611,22.280675553628804,0.9950285228073784,0.38601654470251356,-0.007655345219876713,None,None,-0.00007841497487332062,-0.4742537680338431,-0.7922871066272954,-0.42043775663241123,0.3774888844946049,-3.2691429598359574,1 days 16:49:37.215189871,false
XMR-USD,false,22,64,159,21.518987341772153,0.5528555041149287,0.21763085399449036,0.0001,0.00003310613437195716,6.570247933884298,13.099173553719009,0.0006570247933884298,-1.181493783107208,0,0,17424,726 days 01:00:00,1000.0,374.0632722840985,-62.59367277159015,34.915698157888286,100.0,193.01049810018765,65.91373552109675,722 days 11:00:00,158,1,16.601227719981694,22.090837561254013,-7.172505688054693,4.3315041858285515,-1.9389339687055165,6 days 14:03:31.764705882,1 days 10:33:23.225806451,-4.066695920480272,-0.8483508470148688,-0.5917281258208907,0.9649690632157562,0.09987079176467717,23.068310049720925,0.9851994343761914,0.39266304347826086,-0.007523499489008692,None,None,-0.000044421781364622324,-0.2686629336932358,-0.6259367277159017,-0.28915557141271975,0.38113463537895653,-2.7927086117122006,2 days 13:07:58.481012657,false
XMR-USD,false,11,34,331,21.515151515151516,0.4320586292269435,0.45454545454545453,0.0001,0.000033100233100233104,13.677685950413224,27.31404958677686,0.0013677685950413225,-2.8039745427071607,0,0,17424,726 days 01:00:00,1000.0,133.1521263623256,-86.68478736376744,34.915698157888286,100.0,276.094140489963,87.509890504069,722 days 11:00:00,330,1,6.161185912998803,23.46552052400137,-6.189806240950007,2.7452136135429948,-1.5010159977224955,3 days 02:14:21.971830985,0 days 16:22:42.162162162,-2.6454819986384006,-2.018594171462252,-0.7280319114559219,0.9186138403929753,0.3242490806011505,22.348881640843878,1.0123817080485022,0.3717232149885854,-0.0076331628391391425,None,None,-0.00010407045513038288,-0.6294181126285556,-0.866847873637676,-0.5033251633381421,0.37526355050225346,-3.4826880726193723,1 days 04:49:38.181818180,false
XMR-USD,false,23,27,252,21.51394422310757,0.45225603046963136,0.34573002754820936,0.0001,0.0000330983757278578,10.413223140495868,20.785123966942148,0.0010413223140495868,-2.3328666600729364,0,0,17424,726 days 01:00:00,1000.0,181.7744915343809,-81.82255084656191,34.915698157888286,100.0,233.78863791330994,83.2481950937552,722 days 11:00:00,251,1,8.631941426168538,23.46552052400138,-6.399618215274428,3.219750408702545,-1.708714449171307,3 days 21:00:00,0 days 23:24:03.654822335,-3.294252788413497,-1.6748720825342975,-0.6914585597575023,0.9323166882992537,0.3321250942405146,22.354840929166542,0.9963675027091861,0.3821686364718014,-0.007638748123339041,None,None,-0.00008623895887835187,-0.5215732232962721,-0.8182255084656187,-0.44665864974784164,0.37478293294723863,-3.3434316128109915,1 days 14:22:28.207171314,false
XMR-USD,false,17,71,173,21.511627906976745,0.49043912471579276,0.2369146005509642,0.0001,0.000033094812164579606,7.148760330578512,14.25619834710744,0.0007148760330578513,-1.4564518519606788,0,0,17424,726 days 01:00:00,1000.0,312.58850019327247,-68.74114998067276,34.915698157888286,100.0,188.17081344286493,71.39284466867667,722 days 11:00:00,172,1,14.183964269808996,21.24696439820229,-7.1255631390876015,3.8358517921054394,-1.8778256882732318,6 days 01:48:38.918918918,1 days 07:32:53.333333333,-4.0790433957938195,-1.0472379932891414,-0.6200528242630606,0.956975477008457,0.10266702818100878,23.141365361479178,0.9904813751592431,0.389442628179571,-0.007529929648075718,None,None,-0.000054758490062375744,-0.3311793478972485,-0.687411499806729,-0.33210001925163146,0.38059582391548724,-2.9687748951725457,2 days 08:07:40.465116278,false
XMR-USD,false,60,84,94,21.50537634408602,0.5505379902330342,0.128099173553719,0.0001,0.000033085194375516956,3.884297520661157,7.7272727272727275,0.00038842975206611574,-1.1063410558814333,0,0,17424,726 days 01:00:00,1000.0,391.24476566713975,-60.87552343328603,34.915698157888286,100.0,136.48777874036327,66.26531945752573,630 days 14:00:00,93,1,18.579074940748967,18.192100306263388,-7.193138527540468,5.487958950336536,-2.7286822365087624,11 days 00:27:00,2 days 08:55:04.109589041,-6.74553020724311,-0.8003060224054671,-0.5675705299044422,0.9663981344969833,-0.12536182310614294,26.972964957341507,0.9734550789383338,0.3794331855604814,-0.007451445542635806,None,None,-0.0000418610702299433,-0.2531757527506971,-0.6087552343328613,-0.2779887319520691,0.3807256937603305,-2.743500105826548,4 days 05:32:54.193548386,false
XMR-USD,false,61,82,94,21.50537634408602,0.5446250967364439,0.128099173553719,0.0001,0.000033085194375516956,3.884297520661157,7.7272727272727275,0.00038842975206611574,-1.127434664506401,0,0,17424,726 days 01:00:00,1000.0,385.9767363620058,-61.40232636379942,34.915698157888286,100.0,136.522732965303,66.9202264707449,630 days 14:00:00,93,1,18.328911565187298,18.1921003062634,-7.193138527540464,5.406092077900363,-2.727861781988204,11 days 00:27:00,2 days 08:51:46.849315068,-6.79948575487292,-0.815716910403145,-0.568348173272265,0.9657557671352762,-0.12573092552860685,27.017813613751564,0.9728109647661978,0.3792148171600443,-0.007446826610916475,None,None,-0.000042649119042307334,-0.25794187196787477,-0.614023263637995,-0.2813779668546965,0.380564736378029,-2.7585879590933273,4 days 05:30:19.354838708,false
XMR-USD,false,62,81,94,21.50537634408602,0.5412216475601757,0.128099173553719,0.0001,0.000033085194375516956,3.884297520661157,7.7272727272727275,0.00038842975206611574,-1.1454003954572463,0,0,17424,726 days 01:00:00,1000.0,381.51369266221286,-61.848630733778705,34.915698157888286,100.0,135.80284182830772,67.19227621462888,630 days 14:00:00,93,1,18.11697461257171,18.1921003062634,-7.193138527540474,5.396818734544075,-2.741259776408793,11 days 00:27:00,2 days 08:49:18.904109589,-6.845196580111379,-0.8290576373691737,-0.5714234062123575,0.9652011184481719,-0.1288841556320739,27.058432543408696,0.9716478802495399,0.3792148171600443,-0.00744682661091648,None,None,-0.00004332716302760624,-0.26204268199096253,-0.6184863073377913,-0.2842730184739919,0.38039383798956317,-2.771370300376068,4 days 05:28:23.225806450,false
XMR-USD,false,63,79,94,21.50537634408602,0.5457447913484176,0.128099173553719,0.0001,0.000033085194375516956,3.884297520661157,7.7272727272727275,0.00038842975206611574,-1.1392259001015916,0,0,17424,726 days 01:00:00,1000.0,383.3861642921513,-61.661383570784864,34.915698157888286,100.0,136.95986720350007,67.26746083465994,630 days 14:00:00,93,1,18.205892839190653,18.467351974700502,-7.193138527540461,5.391990096628044,-2.7320729973397295,11 days 00:23:59.999999999,2 days 08:48:29.589041095,-6.826018586527304,-0.8244124695507139,-0.5685278055053437,0.9653830078413613,-0.1267464839996765,27.114726358459613,0.9722368441885341,0.37899651788540684,-0.007445281664846242,None,None,-0.000043059901418061995,-0.26042628377643895,-0.616613835707847,-0.2830557202885787,0.3801775114002559,-2.7660074643775694,4 days 05:27:05.806451611,false
XMR-USD,false,64,78,94,21.50537634408602,0.5431924954074113,0.128099173553719,0.0001,0.000033085194375516956,3.884297520661157,7.7272727272727275,0.00038842975206611574,-1.1408666861515306,0,0,17424,726 days 01:00:00,1000.0,383.0095181164214,-61.699048188357864,34.915698157888286,100.0,135.76398925442078,67.00477800179077,630 days 14:00:00,93,1,18.188007008786997,18.46735197470052,-7.193138527540464,5.411843162939266,-2.738295434152667,11 days 00:18:00,2 days 08:47:40.273972602,-6.829876224649089,-0.8255743421899713,-0.5712119540793776,0.9653307860675877,-0.12653446648922795,27.121944828178304,0.9723887717605829,0.37877828770375055,-0.00744197871580081,None,None,-0.000043117838038045725,-0.2607766844541005,-0.6169904818835767,-0.2833002664581765,0.3801532730407491,-2.7670861945637073,4 days 05:25:09.677419353,false
XMR-USD,false,65,77,94,21.50537634408602,0.5417808294111999,0.128099173553719,0.0001,0.000033085194375516956,3.884297520661157,7.7272727272727275,0.00038842975206611574,-1.1306431512143307,0,0,17424,726 days 01:00:00,1000.0,385.3966007853994,-61.46033992146006,34.915698157888286,100.0,135.27663954743,66.79913736137449,630 days 14:00:00,93,1,18.301362615528717,18.327289471882384,-6.62925151761526,5.404840037798361,-2.7297709043429093,11 days 00:21:00,2 days 08:49:18.904109589,-6.805427546560537,-0.8182399640102997,-0.5700796423080742,0.9656372357218044,-0.12851494481902198,27.08753106903542,0.9720882569207825,0.37910565888405223,-0.007441978715800738,None,None,-0.000042751733814263516,-0.2585624861086657,-0.6146033992145967,-0.2817530444434918,0.38030408423906625,-2.760249491318698,4 days 05:27:05.806451612,false
XMR-USD,false,66,75,94,21.50537634408602,0.5381780679581314,0.128099173553719,0.0001,0.000033085194375516956,3.884297520661157,7.7272727272727275,0.00038842975206611574,-1.162609978796555,0,0,17424,726 days 01:00:00,1000.0,377.33010887660384,-62.26698911233961,34.915698157888286,100.0,136.2638383644269,67.65470832116408,630 days 14:00:00,93,1,17.9183083977249,18.4673519747005,-7.193138527540471,5.312051283907522,-2.7328342767086724,11 days 00:12:00,2 days 08:46:50.958904109,-6.888045156141091,-0.8413088876640967,-0.5725511804108608,0.9646777787414584,-0.1251054986568866,27.07438374969482,0.9727453328183279,0.37834203448821385,-0.007445281664846157,None,None,-0.00004396265178452367,-0.26588611799279915,-0.6226698911233994,-0.2870069402400496,0.38035256399837425,-2.783352256935238,4 days 05:23:13.548387095,false
XMR-USD,false,66,76,94,21.50537634408602,0.543148461684318,0.128099173553719,0.0001,0.000033085194375516956,3.884297520661157,7.7272727272727275,0.00038842975206611574,-1.131361421311211,0,0,17424,726 days 01:00:00,1000.0,385.2238945314423,-61.47761054685578,34.915698157888286,100.0,135.15691465327717,66.81401553259543,630 days 14:00:00,93,1,18.293161298305904,18.327289471882384,-6.629251517615237,5.430061513740014,-2.7374058947782562,11 days 00:21:00,2 days 08:48:29.589041095,-6.8071964168479955,-0.8187235534937736,-0.570161500101082,0.9656181560176831,-0.12826592628598477,27.0864093774987,0.9726767682692739,0.37888739416000633,-0.007441978715800787,None,None,-0.000042777298430142415,-0.2587171009055013,-0.6147761054685583,-0.2818647761725471,0.3803067321183592,-2.76074412915517,4 days 05:26:27.096774192,false
XMR-USD,false,67,74,94,21.50537634408602,0.5400958744042361,0.128099173553719,0.0001,0.000033085194375516956,3.884297520661157,7.7272727272727275,0.00038842975206611574,-1.1503119360119867,0,0,17424,726 days 01:00:00,1000.0,380.3915667343267,-61.96084332656733,34.915698157888286,100.0,136.70366642654508,67.39227565268361,630 days 14:00:00,93,1,18.06368811895794,18.4673519747005,-7.193138527540464,5.312051283907523,-2.722029621018979,11 days 00:12:00,2 days 08:45:12.328767123,-6.856689477254099,-0.8323784932689182,-0.5710802465150836,0.9650480256009631,-0.12532425077193288,27.069349727019883,0.9727151435129107,0.37834203448821385,-0.007445281664846189,None,None,-0.00004349788816812299,-0.2630752276408079,-0.6196084332656728,-0.2850043854290243,0.3803691325949243,-2.774584115327761,4 days 05:21:56.129032256,false
XMR-USD,false,67,75,94,21.50537634408602,0.5415196024230795,0.128099173553719,0.0001,0.000033085194375516956,3.884297520661157,7.7272727272727275,0.00038842975206611574,-1.141274010193923,0,0,17424,726 days 01:00:00,1000.0,382.7651602210826,-61.72348397789173,34.915698157888286,100.0,134.32998885084666,66.92882704615515,630 days 14:00:00,93,1,18.17640316370523,18.327289471882374,-6.629251517615248,5.454423140273724,-2.751818084166372,11 days 00:21:00,2 days 08:45:12.328767123,-6.832378956372288,-0.8260042840817821,-0.5721560170481976,0.9653112379067591,-0.1288752613573819,27.107412440160573,0.9723705553590651,0.37866919851254055,-0.007441978715800708,None,None,-0.00004314934883563236,-0.2609672617579045,-0.6172348397789184,-0.2834590054157349,0.38023307408354656,-2.767786045657143,4 days 05:23:52.258064515,false
XMR-USD,false,68,73,94,21.50537634408602,0.5397148242810477,0.128099173553719,0.0001,0.000033085194375516956,3.884297520661157,7.7272727272727275,0.00038842975206611574,-1.1522514243242308,0,0,17424,726 days 01:00:00,1000.0,379.8930674935675,-62.01069325064324,34.915698157888286,100.0,136.60716295374326,67.43500774048871,630 days 14:00:00,93,1,18.04001584123131,18.4673519747005,-7.19313852754047,5.312051283907521,-2.7238127769104974,11 days 00:12:00,2 days 08:44:23.013698630,-6.861795143523263,-0.8337957075135961,-0.5713195285048043,0.9649895017149561,-0.12535331591999638,27.067387252986236,0.9728595541128838,0.37823301431622236,-0.007446826610916464,None,None,-0.00004357271652567467,-0.2635277895472804,-0.6201069325064333,-0.2853297437275053,0.3803758414155128,-2.7760118377192913,4 days 05:21:17.419354837,false
XMR-USD,false,68,74,94,21.50537634408602,0.5464608804096741,0.128099173553719,0.0001,0.000033085194375516956,3.884297520661157,7.7272727272727275,0.00038842975206611574,-1.1112976455634132,0,0,17424,726 days 01:00:00,1000.0,390.46414156508195,-60.95358584349181,34.915698157888286,100.0,135.44440784326818,66.26362976579459,630 days 14:00:00,93,1,18.542005374673295,18.327289471882374,-6.629251517615228,5.454423140273724,-2.725195409137862,11 days 00:21:00,2 days 08:42:44.383561643,-6.753525417307435,-0.804224263769927,-0.5685298865277729,0.9662021873232444,-0.12937687627832073,27.116564345315666,0.972257350394,0.37877828770375055,-0.007441978715800711,None,None,-0.00004200836956857637,-0.2540666191507499,-0.6095358584349235,-0.27848906534169915,0.38020392725531593,-2.7457358454601297,4 days 05:21:56.129032257,false
XMR-USD,false,18,49,201,21.5,0.49733304323488303,0.27548209366391185,0.0001,0.00003307692307692308,8.305785123966942,16.570247933884296,0.0008305785123966942,-1.6911866721844122,0,0,17424,726 days 01:00:00,1000.0,270.0790665039466,-72.99209334960534,34.915698157888286,100.0,201.1749729061292,75.42764651720344,722 days 11:00:00,200,1,13.681033645992784,20.680218971042212,-6.168481229071115,4.032842829113806,-1.8950841308482549,5 days 00:58:36.279069767,1 days 04:06:29.808917197,-3.718009835710231,-1.2147867555140686,-0.63923490537996,0.9502386289995819,0.1892331531794684,22.910847963312737,0.9940988088668623,0.38601654470251356,-0.007587215347123304,None,None,-0.0000632508875842395,-0.3825413681094805,-0.7299209334960564,-0.36514053930987855,0.3789871808328666,-3.09052366702038,2 days 00:04:29.999999998,false
XMR-USD,false,18,50,201,21.5,0.5044680760319269,0.27548209366391185,0.0001,0.00003307692307692308,8.305785123966942,16.570247933884296,0.0008305785123966942,-1.6659399530665278,0,0,17424,726 days 01:00:00,1000.0,274.805132597701,-72.5194867402299,34.915698157888286,100.0,204.27224112857303,74.99765922443748,722 days 11:00:00,200,1,13.920435648076023,20.68021897104223,-6.1684812290711175,4.023435384476331,-1.8816128543863524,5 days 01:11:09.767441860,1 days 04:07:15.668789808,-3.69557651525187,-1.1962995607242402,-0.6368518702304005,0.9510112197593306,0.19170703318747148,22.92874880724906,0.9946571349695241,0.3866783383733885,-0.007586227038464348,None,None,-0.00006226456292604925,-0.37657607657674586,-0.7251948674022964,-0.36130645926792326,0.3788427189926094,-3.076988018750128,2 days 00:07:47.999999998,false
XMR-USD,false,6,27,508,21.499013806706113,0.39258460430735737,0.6983471074380165,0.0001,0.00003307540585647094,20.991735537190085,41.94214876033058,0.0020991735537190088,-4.09863027424975,0,0,17424,726 days 01:00:00,1000.0,52.0063741120714,-94.79936258879286,34.915698157888286,100.0,342.78515626794,95.07629168599114,725 days 02:00:00,507,1,2.406427507537721,18.966464643100235,-11.465212964445193,1.989737261060942,-1.2705300055724404,1 days 22:55:35.779816513,0 days 10:44:01.206030150,-1.8745563183342546,-3.0218543921759444,-0.8138531618858361,0.8790806182046295,-0.43153187424305983,36.89398583485634,1.0168526562933338,0.3614344870693023,-0.007707233942765963,None,None,-0.00015769731621922075,-0.9537533684938471,-0.9479936258879293,-0.6416072103264288,0.3798470103768118,-3.7150928547987645,0 days 18:30:53.254437868,false
XMR-USD,false,37,85,108,21.49532710280374,0.5605738603636161,0.14738292011019283,0.0001,0.00003306973400431344,4.462809917355372,8.884297520661157,0.00044628099173553724,-0.9608154290432802,0,0,17424,726 days 01:00:00,1000.0,426.3534491020714,-57.36465508979286,34.915698157888286,100.0,149.68895227464728,63.07071487852686,635 days 19:00:00,107,1,19.355623652081363,20.67440414997486,-9.192802668893401,5.156585749358886,-2.367449619222129,9 days 08:13:02.608695652,2 days 03:47:51.428571428,-5.542076397663641,-0.6944972649571681,-0.5526465835707962,0.9707617577979745,-0.17039532547948538,26.844671203354995,0.978383441020357,0.3845848232022249,-0.007458196364188683,None,None,-0.000036687954314557705,-0.221888747694445,-0.5736465508979229,-0.25612885586002676,0.3845128881876207,-2.6429473880313297,3 days 16:51:35.327102802,false
XMR-USD,false,26,85,122,21.487603305785125,0.6406771707871906,0.16666666666666666,0.0001,0.00003305785123966942,5.041322314049587,10.041322314049587,0.0005041322314049588,-0.617007714530814,0,0,17424,726 days 01:00:00,1000.0,537.5947825426059,-46.24052174573941,34.915698157888286,100.0,172.0565182553276,51.911165126376076,635 days 19:00:00,121,1,25.32300795090498,20.398670625822778,-8.039372144347588,5.227851022796948,-2.0311360969288224,8 days 02:00:00,2 days 00:01:15.789473684,-4.030811780233874,-0.44285922180443854,-0.5163260985530431,0.9813832667830538,-0.0735368521442056,26.466364397633736,0.986186121269757,0.3916620078268509,-0.007446826610916538,None,None,-0.000023391372918884063,-0.1414710234134108,-0.4624052174573957,-0.19379718422730385,0.38445716979697536,-2.324347619705051,3 days 07:23:18.347107437,false
XMR-USD,false,30,76,122,21.487603305785125,0.6306525419564221,0.16666666666666666,0.0001,0.00003305785123966942,5.041322314049587,10.041322314049587,0.0005041322314049588,-0.676134428806501,0,0,17424,726 days 01:00:00,1000.0,516.11225087896,-48.388774912104,34.915698157888286,100.0,172.41967337912158,54.34040177459632,635 days 19:00:00,121,1,24.311089052527393,20.111392114738074,-8.039372144347578,5.146602733653586,-2.053241513166434,8 days 00:04:36.923076923,2 days 00:50:31.578947368,-4.199990398128661,-0.48554420349953403,-0.5205788256427015,0.9796312581657143,-0.07396763970556978,26.310775556373255,0.9848113298989462,0.393108410617205,-0.007460189988399856,None,None,-0.0000256897799740142,-0.15537178928283787,-0.48388774912104326,-0.20512820614827965,0.38511422028971476,-2.3858744766692235,3 days 07:37:11.404958677,false
XMR-USD,false,31,75,122,21.487603305785125,0.6286800430756272,0.16666666666666666,0.0001,0.00003305785123966942,5.041322314049587,10.041322314049587,0.0005041322314049588,-0.6823403951252991,0,0,17424,726 days 01:00:00,1000.0,513.9210590381,-48.60789409619,34.915698157888286,100.0,172.39921720166691,54.911823394162276,635 days 19:00:00,121,1,24.207874567919475,20.740211258396833,-8.039372144347574,5.120052981330495,-2.0495935172187245,7 days 23:57:41.538461538,2 days 00:46:06.315789473,-4.217246409337352,-0.490002818537095,-0.5179518888674184,0.9794422300474656,-0.07401997529558338,26.293972958750576,0.9850265066594239,0.39244046667732146,-0.00746018998839979,None,None,-0.000025929921006109718,-0.15682416224495158,-0.4860789409619043,-0.20630114464057847,0.38517718947184537,-2.392150140500866,3 days 07:32:13.884297519,false
XMR-USD,false,15,36,257,21.484375,0.4641991540534147,0.3526170798898072,0.0001,0.000033052884615384615,10.619834710743802,21.198347107438018,0.0010619834710743803,-2.116673017892623,0,0,17424,726 days 01:00:00,1000.0,210.38522380344875,-78.96147761965513,34.915698157888286,100.0,242.2862400448949,80.5660192880085,722 days 11:00:00,256,1,9.734898815462458,23.465520524001384,-6.399618215274412,3.2264063370367744,-1.6210895266015708,3 days 20:33:49.090909090,0 days 22:27:27.761194029,-3.122459668015671,-1.5154136381438406,-0.6743131028226268,0.9384959300543436,0.35458450755313875,22.39975617053175,1.0045404073307043,0.38052606559974644,-0.007614149279068273,None,None,-0.00007789238051989052,-0.4710931173842979,-0.7896147761965501,-0.4178605409309104,0.3741293071829823,-3.26148929523312,1 days 13:31:10.312499998,false
XMR-USD,false,9,11,662,21.482602118003026,0.3270968095152393,0.9104683195592287,0.0001,0.00003305015710462004,27.355371900826448,54.66942148760331,0.002735537190082645,-5.855849825145912,0,0,17424,726 days 01:00:00,1000.0,15.400634232043444,-98.45993657679566,34.915698157888286,100.0,345.14087776266194,98.5016876416704,725 days 02:00:00,661,1,0.04843015993818334,16.682556582211625,-11.805396837296522,1.6810530415372882,-1.2429610567297218,1 days 08:35:54.929577464,0 days 09:05:53.757225433,-1.4896335793160285,-4.362683862891065,-0.8906492197916084,0.8287647864095494,-0.41326886243019323,37.77543736397427,1.0132412801442974,0.3487886059292515,-0.007818650703476317,None,None,-0.00022753648599174137,-1.3761406672780518,-0.984599365767957,-0.7650814705623823,0.37962538691495484,-3.8199332040150322,0 days 14:08:48.290468985,false
XMR-USD,false,5,13,797,21.482412060301506,0.32704202517338454,1.0964187327823691,0.0001,0.00003304986470815616,32.93388429752066,65.82644628099173,0.0032933884297520664,-6.354093861942862,0,0,17424,726 days 01:00:00,1000.0,10.534301911119996,-98.946569808888,34.915698157888286,100.0,385.0976578365575,98.97766349142314,725 days 02:00:00,796,1,0.03312707247673785,15.064284734460049,-11.805396837296524,1.5730291316874492,-1.1412069460442864,1 days 03:00:21.052631578,0 days 07:26:52.800000,-1.2430889763333655,-4.740097410622234,-0.9079111792643324,0.8150625887199845,-0.3566399752497578,37.31210193071578,1.0260027608175086,0.3438994292765695,-0.007905273419109834,None,None,-0.00024914130330150764,-1.5068066023675182,-0.9894656980888805,-0.7940929855422241,0.38257484384105583,-3.833870580546694,0 days 11:38:58.190954773,false
XMR-USD,false,9,36,355,21.468926553672315,0.4348956233554352,0.48760330578512395,0.0001,0.000033029117774880484,14.669421487603307,29.297520661157026,0.0014669421487603308,-2.852104882898106,0,0,17424,726 days 01:00:00,1000.0,128.6315865917304,-87.13684134082695,34.915698157888286,100.0,293.6078090689178,87.85286379530537,722 days 11:00:00,354,1,5.952012490728734,24.427265072754306,-6.189806240950004,2.6547762806638526,-1.4348041901952375,2 days 22:00:00,0 days 15:05:10.791366906,-2.4783062878502786,-2.0542980072643644,-0.7323005057851637,0.9173454351555048,0.31564085181907936,22.34423074062254,1.0133873112980476,0.37237142632117826,-0.007650710154234256,None,None,-0.0001060266982094857,-0.6412494707709695,-0.871368413408271,-0.509243931848637,0.3756727869109392,-3.4956350850209383,1 days 02:52:32.542372880,false
XMR-USD,false,19,52,192,21.465968586387437,0.4724582353724483,0.2630853994490358,0.0001,0.00003302456705598068,7.933884297520661,15.826446280991735,0.0007933884297520662,-1.7600275099062486,0,0,17424,726 days 01:00:00,1000.0,255.64887436803042,-74.43511256319695,34.915698157888286,100.0,196.19072494069852,76.90229392289054,722 days 11:00:00,191,1,12.73760920843506,20.98026920709228,-7.125563139087593,3.7862487285014366,-1.9068751937347437,5 days 08:08:46.829268292,1 days 05:16:24,-3.9638153656565684,-1.2679003494249903,-0.6453112027672102,0.948087166792409,0.11783570072742915,23.396627946430527,0.9905620953498973,0.38745123019348676,-0.007614668757779233,None,None,-0.00006629760343121697,-0.40096790555200024,-0.7443511256319707,-0.3771254502297823,0.3806016373834691,-3.1318523326270733,2 days 02:29:50.575916229,false
XMR-USD,false,25,36,206,21.463414634146343,0.5222147961615733,0.28236914600550966,0.0001,0.000033020637898686685,8.512396694214877,16.983471074380166,0.0008512396694214877,-1.5324516253322633,0,0,17424,726 days 01:00:00,1000.0,299.0118786498995,-70.09881213501006,34.915698157888286,100.0,208.91051817814412,72.91453094545162,722 days 11:00:00,205,1,15.146644370903061,20.680218971042216,-6.928026011026195,4.074955245130959,-1.819916076665071,4 days 23:34:05.454545454,1 days 03:11:55.527950310,-3.493340320590265,-1.096424160712592,-0.62398650279376,0.9550283230090693,0.22662004095018498,22.657395815361866,0.9989737511836857,0.3876722147009636,-0.007633162839139194,None,None,-0.000057317067117085226,-0.34665362192413146,-0.7009881213500981,-0.3423149005496905,0.38050757500131993,-3.0076588993874402,1 days 23:01:27.804878047,false
XMR-USD,false,26,35,206,21.463414634146343,0.5246578009573937,0.28236914600550966,0.0001,0.000033020637898686685,8.512396694214877,16.983471074380166,0.0008512396694214877,-1.4975301829983558,0,0,17424,726 days 01:00:00,1000.0,306.0184275747679,-69.39815724252321,34.915698157888286,100.0,209.33435166493567,72.27985494214172,722 days 11:00:00,205,1,15.501565738279908,20.680218971042226,-6.168481229071123,4.067246527225472,-1.8043830013906308,4 days 23:35:27.272727272,1 days 03:11:10.807453416,-3.4608933568951845,-1.0723080813581818,-0.6206340733852245,0.9560211050025025,0.2120106827141546,22.656546129239977,0.9986112466131655,0.38800382348255535,-0.007633162839139274,None,None,-0.000056008000012574566,-0.338736384076051,-0.6939815724252323,-0.33700629680629013,0.38017926790604595,-2.9875918542056854,1 days 23:01:10.243902438,false
XMR-USD,false,19,43,220,21.461187214611872,0.4758003058446261,0.30165289256198347,0.0001,0.000033017211099402884,9.090909090909092,18.140495867768596,0.0009090909090909092,-1.9167427449854706,0,0,17424,726 days 01:00:00,1000.0,231.75507824662873,-76.82449217533713,34.915698157888286,100.0,214.79413018457905,79.07168494018111,722 days 11:00:00,219,1,11.739706687247008,20.680218971042212,-6.9280260110262,3.7110415571497404,-1.8236690579517605,4 days 16:06:22.978723404,1 days 01:24:25.116279069,-3.561573645847573,-1.3787598915171053,-0.6582702792586134,0.9437680491673174,0.18572518471929064,22.82146977230371,0.9940945726868414,0.3864576702737111,-0.007631521799382564,None,None,-0.00007197172647591921,-0.43528500172635937,-0.768244921753372,-0.3979818544288586,0.37995417758546185,-3.2002851504769536,1 days 20:00:49.315068491,false
XMR-USD,false,21,40,220,21.461187214611872,0.4865495035353244,0.30165289256198347,0.0001,0.000033017211099402884,9.090909090909092,18.140495867768596,0.0009090909090909092,-1.8123329407643038,0,0,17424,726 days 01:00:00,1000.0,249.01721911281788,-75.0982780887182,34.915698157888286,100.0,216.19603570072178,77.51285168661111,722 days 11:00:00,219,1,12.61413184373626,20.680218971042226,-6.928026011026198,3.724396085874557,-1.7860217825682276,4 days 15:58:43.404255319,1 days 01:26:51.627906976,-3.4867438937484914,-1.3000024000810266,-0.6487586207799041,0.9469302650335901,0.21739033791383114,22.780795668279353,0.9964200360867855,0.3867886987664147,-0.007638826118962277,None,None,-0.00006785310536619998,-0.41037558125477747,-0.7509827808871832,-0.3827817573334812,0.3799124435926932,-3.150845666872387,1 days 20:01:05.753424656,false
XMR-USD,false,3,11,1110,21.46077547339946,0.3295293778985679,1.5275482093663912,0.0001,0.00003301657765138378,45.867768595041326,91.69421487603306,0.004586776859504133,-7.883349895202316,0,0,17424,726 days 01:00:00,1000.0,3.0946718069285453,-99.69053281930714,34.915698157888286,100.0,465.3210543138242,99.69858898398356,725 days 02:00:00,1109,1,0.009731771322369465,11.654185052420727,-11.805396837296527,1.3509527578960643,-1.0193857144485734,0 days 19:59:14.621848739,0 days 05:11:26.107921928,-0.8989315238632964,-5.991760016088425,-0.9480972465931292,0.7734131080228434,-0.5608400396665821,35.00542945807705,1.0279234067400684,0.34410675717371175,-0.00811275704495007,None,None,-0.0003190876041369021,-1.9298418298199838,-0.9969053281930721,-0.8654066355361354,0.3876265063140672,-3.855177988093149,0 days 08:21:57.944093776,false
XMR-USD,false,19,34,248,21.45748987854251,0.4431136460631755,0.3402203856749311,0.0001,0.0000330115228900654,10.24793388429752,20.454545454545457,0.001024793388429752,-2.3020365436872563,0,0,17424,726 days 01:00:00,1000.0,183.41831243606873,-81.65816875639312,34.915698157888286,100.0,227.48673302712956,83.03088634457355,722 days 11:00:00,247,1,8.71000169534446,24.879197779776195,-6.399618215274416,3.2526671396737816,-1.723234740817015,3 days 22:26:02.264150943,0 days 23:57:50.103092783,-3.341261899835125,-1.6545276214520377,-0.6909498497878404,0.9331251796620784,0.28885416647582945,22.401676133790527,0.9947156891411163,0.3838151207115629,-0.007657573012803509,None,None,-0.00008560721073447918,-0.5177524105221301,-0.8165816875639329,-0.4449269363088678,0.3766121002992678,-3.338723641931376,1 days 15:05:06.072874492,false
XMR-USD,false,8,16,579,21.453287197231834,0.3508227002067821,0.7961432506887053,0.0001,0.00003300505722651052,23.925619834710744,47.8099173553719,0.0023925619834710746,-4.985184733458534,0,0,17424,726 days 01:00:00,1000.0,28.169736358124396,-97.18302636418757,34.915698157888286,100.0,345.7472366928239,97.28593326141997,725 days 02:00:00,578,1,0.566701006494295,16.50565333960843,-11.805396837296524,1.776349532809629,-1.2525889056246857,1 days 14:49:50.322580645,0 days 10:03:57.885462555,-1.682347689703064,-3.6925325671456797,-0.8570476304239875,0.8534953065469223,-0.4075840288976002,37.50293516941903,1.0165203968983167,0.354450058297707,-0.007758742498545602,None,None,-0.00019285735461079597,-1.166401280686094,-0.9718302636418744,-0.7103063646801211,0.3801629729933119,-3.783361968726139,0 days 16:14:13.287197231,false
XMR-USD,false,15,32,290,21.453287197231834,0.4498715295515883,0.39807162534435264,0.0001,0.00003300505722651052,11.983471074380166,23.925619834710744,0.0011983471074380166,-2.540260412660779,0,0,17424,726 days 01:00:00,1000.0,158.63460896921606,-84.13653910307839,34.915698157888286,100.0,258.5687545023669,85.34639517344502,722 days 11:00:00,289,1,7.340305744991468,23.465520524001374,-6.189806240950012,2.9649510440344677,-1.586925538406419,3 days 10:43:32.903225806,0 days 19:33:34.096916299,-2.9366979127189423,-1.8259293331984094,-0.7073577866983133,0.9262940274904421,0.3320177878994468,22.335920932247998,1.0041648671180432,0.3769261161596207,-0.007658393323117569,None,None,-0.00009404530801914571,-0.5687860228997933,-0.8413653910307827,-0.4722015548452748,0.3748962635498001,-3.409705191132486,1 days 09:06:38.615916954,false
XMR-USD,false,12,31,332,21.45015105740181,0.44373679374377206,0.4559228650137741,0.0001,0.00003300023239600279,13.71900826446281,27.396694214876035,0.001371900826446281,-2.703180698355333,0,0,17424,726 days 01:00:00,1000.0,143.2076481634531,-85.67923518365468,34.915698157888286,100.0,278.29065525964404,86.56664932748387,722 days 11:00:00,331,1,6.6264728067309875,24.427265072754302,-6.189806240950005,2.856264839133142,-1.4946264737692383,3 days 01:32:06.760563380,0 days 16:26:18.461538461,-2.608516086535585,-1.9414342399509328,-0.7203370795329725,0.9216397448611187,0.3555758287316924,22.315786650701316,1.014859032032184,0.3710756157054056,-0.007624566622412741,None,None,-0.00009993143255023972,-0.6043853040638498,-0.8567923518365449,-0.4906147001573359,0.37466003795900404,-3.453888643332131,1 days 04:41:08.882175225,false
XMR-USD,false,3,13,1022,21.449559255631733,0.3280591174846024,1.40633608815427,0.0001,0.000032999321931741126,42.231404958677686,84.42148760330579,0.004223140495867769,-7.280069599492724,0,0,17424,726 days 01:00:00,1000.0,5.01631912318453,-99.49836808768154,34.915698157888286,100.0,444.6984393866227,99.51281610194125,722 days 11:00:00,1021,1,0.015774748869193722,11.654185052420717,-11.80539683729652,1.4147398830262983,-1.0327587740473572,0 days 22:20:16.438356164,0 days 05:28:21.246882793,-0.9745342366559127,-5.477942368881246,-0.9347429101831216,0.7902436105684861,-0.4097700535351511,36.18144152563956,1.033191321565025,0.34462535689482215,-0.008052129906549445,None,None,-0.0002914100495421183,-1.7624479796307315,-0.9949836808768152,-0.8408405638133137,0.3872086139260551,-3.849674310900253,0 days 09:05:24.387855043,false
XMR-USD,false,2,10,1395,21.44906743185079,0.3473971147084915,1.9201101928374655,0.0001,0.000032998565279770446,57.64462809917355,115.24793388429752,0.005764462809917355,-8.288061573334547,0,0,17424,726 days 01:00:00,1000.0,2.241643543477039,-99.7758356456523,34.915698157888286,100.0,545.0220753087127,99.78203042621226,725 days 02:00:00,1394,1,0.0070492652250053744,14.515260847724102,-11.19298101408453,1.2987072470586263,-0.9001457301208533,0 days 16:01:36.321070234,0 days 04:04:42.739726027,-0.7157571059696886,-6.308197579645737,-0.9555175877396382,0.764063307976258,-0.5812624346158268,34.94336015959114,1.0551756968253172,0.3455598455598456,-0.008235870644615508,None,None,-0.00033747243695220425,-2.0410332986869313,-0.9977583564565234,-0.8796586937267622,0.38939553243075314,-3.8576210962320556,0 days 06:38:28.751793399,false
XMR-USD,false,6,28,491,21.428571428571427,0.40057368519879255,0.6749311294765841,0.0001,0.00003296703296703297,20.289256198347108,40.53719008264463,0.002028925619834711,-3.9733089687643854,0,0,17424,726 days 01:00:00,1000.0,56.56290487952526,-94.34370951204747,34.915698157888286,100.0,337.71884172707223,94.644901711093,725 days 02:00:00,490,1,2.61726629730056,18.966464643100224,-11.4652129644452,2.035459629933087,-1.2837813529480386,2 days 00:51:25.714285714,0 days 11:06:32.727272727,-1.9307231865668897,-2.9273925522095996,-0.8072546616415729,0.8827028867407106,-0.43022511627643184,36.804173925336535,1.01464253856023,0.3632451885463934,-0.007707233942765924,None,None,-0.0001528633472487144,-0.9245175241602246,-0.9434370951204759,-0.6310059817550504,0.3800846633022343,-3.702042762697356,0 days 19:11:52.653061223,false
XMR-USD,false,8,39,365,21.428571428571427,0.4286186697912825,0.5013774104683195,0.0001,0.00003296703296703297,15.082644628099175,30.123966942148762,0.0015082644628099176,-3.055754244662902,0,0,17424,726 days 01:00:00,1000.0,112.79055253817944,-88.72094474618206,34.915698157888286,100.0,296.4744999390648,89.34878873388543,722 days 11:00:00,364,1,5.219019646194752,24.42726507275431,-6.189806240950004,2.5691758538339835,-1.4359121015542349,2 days 21:15:23.076923076,0 days 14:22:26.853146853,-2.4517265579890544,-2.204603339400216,-0.7455600138179921,0.9116292692202926,0.3152328205231262,22.455229535849814,1.0116555266776313,0.37161523929471035,-0.007653090036454209,None,None,-0.0001136044979691039,-0.6870800037171404,-0.8872094474618214,-0.5311264952781309,0.3750792252262085,-3.5410044600851807,1 days 02:08:04.615384614,false
XMR-USD,false,9,13,617,21.428571428571427,0.3446427789169794,0.8484848484848485,0.0001,0.00003296703296703297,25.49586776859504,50.950413223140494,0.002549586776859504,-5.382559334921333,0,0,17424,726 days 01:00:00,1000.0,21.202414507705612,-97.87975854922944,34.915698157888286,100.0,346.49463649364617,97.94060238398413,725 days 02:00:00,616,1,0.3601416351234228,16.505653339608426,-11.805396837296511,1.7556462476296546,-1.2555020459387263,1 days 11:58:10.909090909,0 days 09:35:04.958677685,-1.589541764817234,-4.000121825877941,-0.8739083769189977,0.8422433765889915,-0.424642345956178,37.51959457786646,1.0172549873087786,0.3526626300263935,-0.007801705018947536,None,None,-0.00020913471364109208,-1.264846748101325,-0.9787975854922957,-0.737512132263382,0.38054923405760127,-3.803316665948324,0 days 15:14:19.090909089,false
XMR-USD,false,10,37,337,21.428571428571427,0.423726407287594,0.4628099173553719,0.0001,0.00003296703296703297,13.925619834710744,27.8099173553719,0.0013925619834710744,-2.912420911424538,0,0,17424,726 days 01:00:00,1000.0,123.37477112524869,-87.66252288747513,34.915698157888286,100.0,278.9869383151087,88.46664887997517,722 days 11:00:00,336,1,5.708770281354006,23.46552052400137,-6.18980624095001,2.6781735693522246,-1.4934982363535325,3 days 01:48:20,0 days 15:58:10.909090909,-2.625994045107457,-2.1008021947794284,-0.7355884153574982,0.9155124830308765,0.3004220506728955,22.41771775640892,1.010567807447909,0.37247952110901067,-0.007655345219876681,None,None,-0.00010842154240580863,-0.6557334884703306,-0.876625228874752,-0.5163000829262523,0.37565429886509605,-3.5106908213911825,1 days 04:21:47.142857142,false
XMR-USD,false,13,41,267,21.428571428571427,0.43483106010517447,0.36639118457300274,0.0001,0.00003296703296703297,11.03305785123967,22.024793388429753,0.001103305785123967,-2.332855668120121,0,0,17424,726 days 01:00:00,1000.0,182.44576457128755,-81.75542354287124,34.915698157888286,100.0,238.03976830098773,83.1648800221634,722 days 11:00:00,266,1,8.442090301315403,23.46552052400139,-6.399618215274408,3.070143253060654,-1.6168512453453305,3 days 19:31:34.736842105,0 days 21:01:08.899521531,-3.1052493448497276,-1.6740432264364582,-0.6912047958976191,0.9322922793161629,0.34653337259425937,22.412206584129407,1.002019972706682,0.38019801980198015,-0.007617955658401977,None,None,-0.00008606364381798365,-0.520512917811165,-0.817554235428714,-0.445950254624048,0.3742062233890751,-3.34150905913937,1 days 12:07:40.150375938,false
XMR-USD,false,18,47,211,21.428571428571427,0.5006373265760911,0.2892561983471074,0.0001,0.00003296703296703297,8.71900826446281,17.396694214876035,0.000871900826446281,-1.6884164760306346,0,0,17424,726 days 01:00:00,1000.0,269.6966112789911,-73.03033887210088,34.915698157888286,100.0,209.0758379293091,75.57000326576781,722 days 11:00:00,210,1,13.66166012375561,20.68021897104222,-6.168481229071109,3.955283900807821,-1.8302858760313512,4 days 22:22:40,1 days 02:06:10.909090909,-3.542690708784596,-1.2118910112390466,-0.638518732285511,0.9503970472934292,0.19942628946656266,22.752547804455702,0.9955330912746754,0.38723031605763863,-0.007633162839139198,None,None,-0.00006326899835429364,-0.3826509020467679,-0.7303033887210104,-0.36545272079804014,0.38000152458306014,-3.0916190345631565,1 days 21:52:34.285714285,false
XMR-USD,false,19,42,225,21.428571428571427,0.46606630215000683,0.3085399449035813,0.0001,0.00003296703296703297,9.297520661157025,18.553719008264462,0.0009297520661157025,-2.018525494162732,0,0,17424,726 days 01:00:00,1000.0,216.60603073287893,-78.3393969267121,34.915698157888286,100.0,214.50947741056189,80.26352306041238,722 days 11:00:00,224,1,10.972321671358202,20.680218971042223,-6.928026011026203,3.6342888839108287,-1.8201077888073705,4 days 15:01:15,1 days 00:33:24.545454545,-3.5462780845467865,-1.4523436935630796,-0.6684569714131005,0.940929307356787,0.1905201522394189,22.761792376104964,0.995195055257896,0.38623707239459026,-0.007633542887437918,None,None,-0.0000758419202387835,-0.4586919336041626,-0.7833939692671197,-0.4119428455888866,0.3800999928538816,-3.243672647542732,1 days 19:05:05.357142855,false
XMR-USD,false,19,44,211,21.428571428571427,0.5098406569228442,0.2892561983471074,0.0001,0.00003296703296703297,8.71900826446281,17.396694214876035,0.000871900826446281,-1.6371293442881663,0,0,17424,726 days 01:00:00,1000.0,278.9699100967209,-72.10300899032791,34.915698157888286,100.0,216.62359832688986,74.80801622607615,722 days 11:00:00,210,1,14.131405205360636,20.680218971042212,-6.928026011026203,3.925398631269264,-1.8022122211146876,4 days 22:06:40,1 days 02:13:05.454545454,-3.5007690243268588,-1.1747129402025496,-0.6331659608631319,0.9519111481063225,0.19870111140721344,22.746723007892243,0.9960860802361008,0.38789326961369974,-0.007614668757779349,None,None,-0.00006132876017796701,-0.37091634155634445,-0.7210300899032791,-0.3579632597108511,0.3800059324161541,-3.0650599241716185,1 days 21:54:34.285714284,false
XMR-USD,false,19,45,211,21.428571428571427,0.49890920875448486,0.2892561983471074,0.0001,0.00003296703296703297,8.71900826446281,17.396694214876035,0.000871900826446281,-1.718152661137712,0,0,17424,726 days 01:00:00,1000.0,264.4405940926126,-73.55594059073873,34.915698157888286,100.0,209.5447942223128,76.04611040737915,722 days 11:00:00,210,1,13.395413098758098,20.680218971042223,-6.928026011026206,3.962212102272391,-1.8434375631520643,4 days 22:16:00,1 days 02:10:32.727272727,-3.5664515190768826,-1.2333967526359153,-0.6412206060760162,0.9495539832986452,0.20007201185364068,22.74270451075501,0.995216875220528,0.38745123019348676,-0.007638748123339078,None,None,-0.00006439659820436428,-0.3894706259399952,-0.7355594059073878,-0.36977256859140806,0.3800301645626834,-3.106672484626251,1 days 21:54:34.285714284,false
XMR-USD,false,19,73,155,21.428571428571427,0.5464290859203337,0.21212121212121213,0.0001,0.00003296703296703297,6.404958677685951,12.768595041322314,0.0006404958677685951,-1.1414655752270841,0,0,17424,726 days 01:00:00,1000.0,384.4387523295967,-61.55612476704033,34.915698157888286,100.0,185.47616357293322,64.7110161758238,722 days 11:00:00,154,1,17.4442294697389,22.090837561253977,-7.172505688054683,4.32761043360359,-1.9317091885003004,6 days 18:38:10.909090909,1 days 11:23:48.099173553,-4.110425176234692,-0.8193016765350332,-0.5896714903798793,0.9661477290721604,0.09990353705201815,23.131052290343618,0.9860297422417373,0.3921067348406168,-0.007505915383562043,None,None,-0.000042869313303390344,-0.2592736068589048,-0.6155612476704014,-0.28237313400790964,0.3808558472329591,-2.762992808812942,2 days 14:39:44.415584414,false
XMR-USD,false,20,45,197,21.428571428571427,0.504433438509716,0.2699724517906336,0.0001,0.00003296703296703297,8.140495867768596,16.239669421487605,0.0008140495867768597,-1.60976633791902,0,0,17424,726 days 01:00:00,1000.0,284.7316347896997,-71.52683652103003,34.915698157888286,100.0,199.67740502308186,74.20808190708321,722 days 11:00:00,196,1,14.423269178396254,20.680218971042216,-6.168481229071109,4.1316737601582325,-1.8981118942863782,5 days 02:32:51.428571428,1 days 05:03:30.389610389,-3.7229165019831445,-1.1547198890692385,-0.6309577290716987,0.9526529208906405,0.20221929062764196,22.826619754990364,0.9944049933494276,0.3867886987664147,-0.007595606630086784,None,None,-0.000060192398202031755,-0.36404362432588805,-0.715268365210296,-0.3533914413226604,0.37942238099748915,-3.0485581069462424,2 days 01:05:30.612244896,false
XMR-USD,false,20,52,183,21.428571428571427,0.48776684627452715,0.25068870523415976,0.0001,0.00003296703296703297,7.56198347107438,15.082644628099175,0.0007561983471074381,-1.624060479399887,0,0,17424,726 days 01:00:00,1000.0,279.82549788151675,-72.01745021184833,34.915698157888286,100.0,197.31605424307884,74.59690210665235,722 days 11:00:00,182,1,13.94220040037959,21.537394248526965,-7.125563139087604,3.8698504024070726,-1.9082582437473885,5 days 13:12:18.461538461,1 days 07:07:07.972027972,-4.0336082555981445,-1.1689814095994018,-0.6338708002107494,0.951993847632814,0.11633286599463656,23.453636133716998,0.9873034555060795,0.38899960143483453,-0.007581889598690124,None,None,-0.00006111590747235202,-0.36962900839278506,-0.7201745021184809,-0.35728049387929794,0.3805437595566961,-3.0626094854579864,2 days 04:59:40.219780219,false
XMR-USD,false,24,37,211,21.428571428571427,0.513551554038404,0.2892561983471074,0.0001,0.00003296703296703297,8.71900826446281,17.396694214876035,0.000871900826446281,-1.6134123161682596,0,0,17424,726 days 01:00:00,1000.0,283.37372066324883,-71.66262793367511,34.915698157888286,100.0,213.33617748929316,74.56943334573862,722 days 11:00:00,210,1,14.354483140689467,20.680218971042226,-6.9280260110262075,3.987594039277452,-1.8087223831214372,4 days 22:26:40,1 days 02:08:43.636363636,-3.4808607737020965,-1.1552895905748832,-0.6296120121462229,0.9526931704895056,0.22251642249096062,22.644501797243993,0.9982924943851599,0.3876722147009636,-0.007641628599557689,None,None,-0.00006039795726846674,-0.3652868455596869,-0.7166262793367497,-0.35446344046354183,0.3805303798015856,-3.05244722902626,1 days 21:55:25.714285713,false
XMR-USD,false,26,87,127,21.428571428571427,0.6112335748996204,0.17355371900826447,0.0001,0.00003296703296703297,5.247933884297521,10.454545454545455,0.0005247933884297522,-0.7451574754427338,0,0,17424,726 days 01:00:00,1000.0,494.41093891079805,-50.5589061089202,34.915698157888286,100.0,174.33812549752847,56.281185312103176,635 days 19:00:00,126,1,23.28886466836252,20.108847941567078,-8.039372144347567,4.936922321392526,-2.0096981932730476,8 days 04:31:06.666666666,1 days 19:23:01.818181818,-4.197443855218758,-0.5350593931877399,-0.529848874628198,0.9775510202353955,-0.06700152797418069,26.5434303367042,0.9875443858072158,0.3902186053933302,-0.007450925614535019,None,None,-0.000028226826324915343,-0.170715845613088,-0.5055890610892002,-0.21689177055128128,0.38398830973670617,-2.4480279294514906,3 days 04:11:54.285714284,false
XMR-USD,false,28,79,127,21.428571428571427,0.6146172441876071,0.17355371900826447,0.0001,0.00003296703296703297,5.247933884297521,10.454545454545455,0.0005247933884297522,-0.7097399321023673,0,0,17424,726 days 01:00:00,1000.0,504.6272242815564,-49.53727757184436,34.915698157888286,100.0,175.71158076876043,54.98107628125438,635 days 19:00:00,126,1,23.770095297962087,20.387464529228954,-8.039372144347578,4.849999517439479,-1.9654202593569197,7 days 18:48:53.333333333,1 days 22:27:52.727272727,-4.120181516003223,-0.509763678082064,-0.529185684015509,0.9786487283563272,-0.07494729498063814,26.267620603672867,0.9856106603669894,0.39344262295081966,-0.007461921798605229,None,None,-0.000026976429043610322,-0.16315344285575523,-0.49537277571844773,-0.2113127329532969,0.38518868117553823,-2.418768066668394,3 days 04:32:22.857142856,false
XMR-USD,false,30,75,127,21.428571428571427,0.6160108606030182,0.17355371900826447,0.0001,0.00003296703296703297,5.247933884297521,10.454545454545455,0.0005247933884297522,-0.7170738411521831,0,0,17424,726 days 01:00:00,1000.0,501.958810976914,-49.8041189023086,34.915698157888286,100.0,177.01900684639003,55.17999015902364,635 days 19:00:00,126,1,23.644401646304686,19.59368917755767,-8.039372144347572,4.839464308356184,-1.9695160733845634,7 days 16:35:33.333333333,1 days 23:00:00,-4.140361830709447,-0.514959289900377,-0.5306984890234981,0.978418710650141,-0.07204838353269047,26.233355346048757,0.9855836971398495,0.39299704212966663,-0.007468294324475386,None,None,-0.000027266855586021332,-0.164909942584257,-0.498041189023087,-0.2127627646471547,0.3854074497044094,-2.4264105124604725,3 days 04:29:02.857142856,false
XMR-USD,false,46,85,99,21.428571428571427,0.5360422463332621,0.1349862258953168,0.0001,0.00003296703296703297,4.090909090909091,8.140495867768596,0.0004090909090909091,-1.1263036859585553,0,0,17424,726 days 01:00:00,1000.0,381.70795715112206,-61.829204284887794,34.915698157888286,100.0,135.24767873923466,66.98744110810104,635 days 19:00:00,98,1,17.024242918295386,20.00982698129877,-8.593290028177899,5.416671080212029,-2.657692697320401,10 days 02:08:34.285714285,2 days 09:08:34.285714285,-6.482819242522175,-0.8167452802369607,-0.5729353265162497,0.9657167110992722,-0.19105595812036555,26.82440144391432,0.9705153034525607,0.38348551012306464,-0.007488437220127407,None,None,-0.000043074914343185036,-0.2605170819475831,-0.6182920428488761,-0.2841465455680747,0.38388021852548015,-2.7708139188652914,4 days 00:47:08.571428569,false
XMR-USD,false,49,89,99,21.428571428571427,0.5212319387885878,0.1349862258953168,0.0001,0.00003296703296703297,4.090909090909091,8.140495867768596,0.0004090909090909091,-1.2922851857523927,0,0,17424,726 days 01:00:00,1000.0,340.95767719571836,-65.90423228042816,34.915698157888286,100.0,138.43114365062894,71.35117682647333,630 days 14:00:00,98,1,16.8235414825931,19.785426026257422,-8.735543285074735,5.170106669028586,-2.7469972726372327,10 days 13:25:42.857142857,2 days 06:02:20.259740259,-6.896590451906891,-0.9388846094392587,-0.5855465864968142,0.960714178775872,-0.19949609046503422,26.750691992672937,0.9708941960452614,0.38162067871868055,-0.0075080372222033785,None,None,-0.00004954106962240763,-0.29962438907632133,-0.6590423228042799,-0.31165499182991974,0.38407063492851334,-2.8875244018438404,4 days 00:45:55.102040815,false
XMR-USD,false,51,79,99,21.428571428571427,0.5615208782991576,0.1349862258953168,0.0001,0.00003296703296703297,4.090909090909091,8.140495867768596,0.0004090909090909091,-0.9802882430840988,0,0,17424,726 days 01:00:00,1000.0,421.5452165647496,-57.845478343525045,34.915698157888286,100.0,140.63758738768357,64.14844827225325,635 days 19:00:00,98,1,22.01825424611735,20.009826981298755,-8.735543285074755,5.426393272056727,-2.5444226262107223,10 days 10:22:51.428571428,2 days 06:36:37.402597402,-6.127275894707832,-0.709557334774417,-0.5491355506177209,0.9701078227984967,-0.1797978883415929,26.908211486050586,0.9735286551958369,0.38249761980323704,-0.007466933014796012,None,None,-0.00003739570732936869,-0.22616923792802185,-0.5784547834352511,-0.259051381571754,0.38361201645131865,-2.656718364385802,4 days 00:33:40.408163264,false
XMR-USD,false,54,82,99,21.428571428571427,0.5225802615984554,0.1349862258953168,0.0001,0.00003296703296703297,4.090909090909091,8.140495867768596,0.0004090909090909091,-1.283304670894816,0,0,17424,726 days 01:00:00,1000.0,342.51477485834516,-65.74852251416549,34.915698157888286,100.0,138.77139675861937,71.47051267164774,630 days 14:00:00,98,1,16.90037183096689,19.78542602625742,-8.735543285074744,5.154532277503156,-2.7351162112451513,10 days 13:37:08.571428571,2 days 05:38:57.662337662,-6.881485683394106,-0.9323962674049241,-0.5827007705609887,0.9609070325313072,-0.20134569757789433,26.706699369583728,0.971116669751956,0.38019801980198015,-0.007508037222203306,None,None,-0.00004925270384373526,-0.29788035284691083,-0.6574852251416538,-0.3105655245083975,0.3844921656998287,-2.883064809898734,4 days 00:29:59.999999999,false
XMR-USD,false,58,77,99,21.428571428571427,0.5301269483480855,0.1349862258953168,0.0001,0.00003296703296703297,4.090909090909091,8.140495867768596,0.0004090909090909091,-1.201289924037875,0,0,17424,726 days 01:00:00,1000.0,363.018586851294,-63.698141314870604,34.915698157888286,100.0,137.60180363975735,69.63836012694149,630 days 14:00:00,98,1,18.351947555795846,19.785426026257415,-7.447402913544823,5.223898768423644,-2.6831295823639243,10 days 13:20:00,2 days 05:40:31.168831168,-6.687075109229609,-0.8720534470443394,-0.5731779654877053,0.9633749493873757,-0.1963321227136878,26.89338187149252,0.9718009693528629,0.3804166996751961,-0.007482015876363786,None,None,-0.000045968109546983854,-0.27801512654015836,-0.6369814131487079,-0.29651182628376604,0.3836820526517204,-2.8243410464493226,4 days 00:27:33.061224488,false
XMR-USD,false,61,74,99,21.428571428571427,0.5321640091911657,0.1349862258953168,0.0001,0.00003296703296703297,4.090909090909091,8.140495867768596,0.0004090909090909091,-1.2186682892845906,0,0,17424,726 days 01:00:00,1000.0,359.32719195265304,-64.0672808047347,34.915698157888286,100.0,138.08970134032592,69.31688704343318,630 days 14:00:00,98,1,17.063402282593074,19.78542602625744,-7.447402913544808,5.232330912847567,-2.6942808931971824,10 days 13:22:51.428571428,2 days 05:42:51.428571428,-6.711593982958555,-0.8847286392735023,-0.5802786444951453,0.9628484468308711,-0.1938245513321488,26.980256200308588,0.971477559630732,0.37997940920250256,-0.007468294324475408,None,None,-0.000046582691360156945,-0.2817321173462292,-0.6406728080473472,-0.29900300478236574,0.3832414151190747,-2.834913353730559,4 days 00:29:59.999999998,false
XMR-USD,false,76,89,71,21.428571428571427,0.6018311603744297,0.09641873278236915,0.0001,0.00003296703296703297,2.9338842975206614,5.8264462809917354,0.00029338842975206613,-0.8130602809572443,0,0,17424,726 days 01:00:00,1000.0,466.56129650010087,-53.343870349989906,34.915698157888286,100.0,114.60130522826174,57.573935118385755,630 days 14:00:00,70,1,19.464309133470294,35.552743967021,-10.766294701902154,7.211252898742858,-3.1950986578410556,13 days 21:08:00,3 days 08:52:21.818181818,-7.898614466190992,-0.592318408753125,-0.5529674361565213,0.9748666923289006,-0.417547874831994,30.09472581574147,0.9665725370299838,0.38227828018403937,-0.00746018998839984,None,None,-0.00003141100771422291,-0.18997377465562018,-0.5334387034999033,-0.23249299907678578,0.3859975813862336,-2.5277904542756007,5 days 14:55:42.857142856,false
XMR-USD,false,77,88,71,21.428571428571427,0.6020879420433877,0.09641873278236915,0.0001,0.00003296703296703297,2.9338842975206614,5.8264462809917354,0.00029338842975206613,-0.8112106611928895,0,0,17424,726 days 01:00:00,1000.0,467.1448925296198,-53.285510747038025,34.915698157888286,100.0,114.6062213609248,57.533363832951714,630 days 14:00:00,70,1,19.488655974095195,35.552743967021,-10.766294701902146,7.211252898742855,-3.192902268148433,13 days 21:08:00,3 days 08:49:05.454545454,-7.890625192063947,-0.5909704878064174,-0.5526125900379479,0.9749214119455918,-0.4175965597476603,30.095355490958923,0.9660198676157309,0.38227828018403937,-0.007460189988399696,None,None,-0.00003133938312453012,-0.18954058913715816,-0.5328551074703801,-0.23215991973008088,0.38599581373986797,-2.5261190111703256,5 days 14:53:08.571428570,false
XMR-USD,false,78,87,71,21.428571428571427,0.6021368048110155,0.09641873278236915,0.0001,0.00003296703296703297,2.9338842975206614,5.8264462809917354,0.00029338842975206613,-0.8112615205106365,0,0,17424,726 days 01:00:00,1000.0,467.12918371024284,-53.28708162897572,34.915698157888286,100.0,114.62564682319359,57.534791871078205,630 days 14:00:00,70,1,19.488000623300366,35.552743967021,-10.766294701902165,7.211252898742861,-3.1929433661859212,13 days 21:08:00,3 days 08:46:54.545454545,-7.890840241615116,-0.5910075869675984,-0.5526189150354923,0.9749192570903443,-0.41759626339323663,30.095443700153027,0.9660158848794739,0.3821686364718014,-0.007460189988399821,None,None,-0.00003134132946456776,-0.1895523606017058,-0.532870816289757,-0.23216888176192263,0.38599555458730617,-2.526164001877101,5 days 14:51:25.714285713,false
XMR-USD,false,79,86,71,21.428571428571427,0.6034576797840332,0.09641873278236915,0.0001,0.00003296703296703297,2.9338842975206614,5.8264462809917354,0.00029338842975206613,-0.8059908250950444,0,0,17424,726 days 01:00:00,1000.0,468.8000217089143,-53.11999782910857,34.915698157888286,100.0,114.9682059856565,57.382901375177795,630 days 14:00:00,70,1,19.557705735066065,35.55274396702102,-10.766294701902158,7.209437247739915,-3.186070258505497,13 days 21:12:00,3 days 08:45:49.090909090,-7.867966914659318,-0.5871597184830674,-0.5519462844909827,0.9750789750985903,-0.4177178571726417,30.097500136422155,0.9657713110905934,0.38227828018403937,-0.007460189988399827,None,None,-0.00003113680544561616,-0.18831539933508656,-0.5311999782910855,-0.2312167531098368,0.38598972485300787,-2.521378652917112,5 days 14:51:25.714285713,false
XMR-USD,false,80,85,71,21.428571428571427,0.6061646965478731,0.09641873278236915,0.0001,0.00003296703296703297,2.9338842975206614,5.8264462809917354,0.00029338842975206613,-0.7949148859042113,0,0,17424,726 days 01:00:00,1000.0,472.34260253792513,-52.76573974620749,34.915698157888286,100.0,115.10798543253043,57.101312680662,630 days 14:00:00,70,1,19.70549743768572,35.55274396702101,-10.766294701902149,7.254809404325875,-3.184384974830419,13 days 21:08:00,3 days 08:46:54.545454545,-7.819469927139444,-0.5790646226505499,-0.5501308127769503,0.9754159144429211,-0.4179093470322391,30.10403283407865,0.96570222898789,0.38238794129313763,-0.007460189988399871,None,None,-0.00003070600494311581,-0.18570991789596442,-0.5276573974620781,-0.22920531440680003,0.3859706016258387,-2.511232555270743,5 days 14:51:25.714285713,false
XMR-USD,false,81,84,71,21.428571428571427,0.6065390764875932,0.09641873278236915,0.0001,0.00003296703296703297,2.9338842975206614,5.8264462809917354,0.00029338842975206613,-0.7941370700885664,0,0,17424,726 days 01:00:00,1000.0,472.59017593934186,-52.74098240606582,34.915698157888286,100.0,115.1667641868517,57.101312680661955,630 days 14:00:00,70,1,19.715825866671423,35.55274396702103,-10.76629470190215,7.258319443494159,-3.1843849748304156,13 days 21:04:00,3 days 08:46:54.545454545,-7.816080713247567,-0.578497828799486,-0.5498143547613481,0.9754393933318437,-0.4179278193646615,30.104080332721686,0.9655231007440309,0.38238794129313763,-0.007460189988399754,None,None,-0.00003067594096079908,-0.18552809093091283,-0.5274098240606626,-0.22906511367636373,0.3859704926839811,-2.5105234948352413,5 days 14:50:34.285714284,false
XMR-USD,false,82,83,71,21.428571428571427,0.6065390764875932,0.09641873278236915,0.0001,0.00003296703296703297,2.9338842975206614,5.8264462809917354,0.00029338842975206613,-0.7941370700885664,0,0,17424,726 days 01:00:00,1000.0,472.59017593934186,-52.74098240606582,34.915698157888286,100.0,115.1667641868517,57.101312680661955,630 days 14:00:00,70,1,19.715825866671423,35.55274396702103,-10.76629470190215,7.258319443494159,-3.1843849748304156,13 days 21:04:00,3 days 08:46:54.545454545,-7.816080713247567,-0.578497828799486,-0.5498143547613481,0.9754393933318437,-0.4179278193646615,30.104080332721686,0.9655231007440309,0.38238794129313763,-0.007460189988399754,None,None,-0.00003067594096079908,-0.18552809093091283,-0.5274098240606626,-0.22906511367636373,0.3859704926839811,-2.5105234948352413,5 days 14:50:34.285714284,false
XMR-USD,false,82,88,71,21.428571428571427,0.5504908960433605,0.09641873278236915,0.0001,0.00003296703296703297,2.9338842975206614,5.8264462809917354,0.00029338842975206613,-0.947289981312615,0,0,17424,726 days 01:00:00,1000.0,415.8333549894588,-58.416664501054115,34.915698157888286,100.0,109.19471589419285,63.363656840896795,630 days 14:00:00,70,1,17.348007711396576,35.82657847567365,-9.102289379868974,6.8539354435058515,-3.3040209393518642,13 days 20:44:00,3 days 09:16:21.818181818,-8.593066467456241,-0.6982805217923262,-0.5629239390077904,0.9701229055530597,-1.014516646489445,42.03260736522182,0.9622831224373187,0.38304627351377096,-0.007466933014796018,None,None,-0.000037603376133800056,-0.22742521885722275,-0.5841666450105432,-0.26255157332009216,0.39197182897262184,-2.673077371584976,5 days 15:09:25.714285714,false
XMR-USD,false,83,87,71,21.428571428571427,0.5505380013018673,0.09641873278236915,0.0001,0.00003296703296703297,2.9338842975206614,5.8264462809917354,0.00029338842975206613,-0.9504011819160176,0,0,17424,726 days 01:00:00,1000.0,414.91991372446194,-58.50800862755381,34.915698157888286,100.0,109.07318515999371,63.444134145659746,630 days 14:00:00,70,1,17.30990017163589,35.82657847567366,-9.102289379868974,6.876590260427501,-3.3139732581474304,13 days 20:40:00,3 days 09:17:27.272727272,-8.605571234959621,-0.700590764348332,-0.5633302486369675,0.9700261994244892,-1.0144498553758337,42.027556345300866,0.9621871978128949,0.38304627351377096,-0.007466933014796018,None,None,-0.000037728851656097094,-0.22818409481607524,-0.5850800862755404,-0.26311423023021474,0.3919829015676757,-2.675693505052697,5 days 15:09:25.714285713,false
XMR-USD,false,84,86,71,21.428571428571427,0.5505380013018673,0.09641873278236915,0.0001,0.00003296703296703297,2.9338842975206614,5.8264462809917354,0.00029338842975206613,-0.9504011819160176,0,0,17424,726 days 01:00:00,1000.0,414.91991372446194,-58.50800862755381,34.915698157888286,100.0,109.07318515999371,63.444134145659746,630 days 14:00:00,70,1,17.30990017163589,35.82657847567366,-9.102289379868974,6.876590260427501,-3.3139732581474304,13 days 20:40:00,3 days 09:17:27.272727272,-8.605571234959621,-0.700590764348332,-0.5633302486369675,0.9700261994244892,-1.0144498553758337,42.027556345300866,0.9621871978128949,0.38304627351377096,-0.007466933014796018,None,None,-0.000037728851656097094,-0.22818409481607524,-0.5850800862755404,-0.26311423023021474,0.3919829015676757,-2.675693505052697,5 days 15:09:25.714285713,false
XMR-USD,false,12,45,272,21.40221402214022,0.42879793456057264,0.37327823691460055,0.0001,0.000032926483110984956,11.239669421487603,22.43801652892562,0.0011239669421487604,-2.3786409118124725,0,0,17424,726 days 01:00:00,1000.0,176.47301473457787,-82.35269852654221,34.915698157888286,100.0,235.05240365119354,83.71601345260974,722 days 11:00:00,271,1,8.165720534184118,23.465520524001377,-6.399618215274416,3.0796232834212964,-1.6177632919063316,3 days 21:14:28.965517241,0 days 19:52:23.661971830,-3.0689767741682896,-1.7085861636407267,-0.6950817717993265,0.9310322204152709,0.33524921328314733,22.34510223574308,1.001207614105206,0.3819494012213498,-0.0076150902355892995,None,None,-0.00008794532972901688,-0.5318933542010941,-0.8235269852654199,-0.4523142483675765,0.3746569909627409,-3.3586152610824076,1 days 11:34:32.324723245,false
XMR-USD,false,16,34,258,21.40077821011673,0.4468247915476019,0.35399449035812675,0.0001,0.00003292427416941036,10.661157024793388,21.280991735537192,0.0010661157024793389,-2.2842958657368406,0,0,17424,726 days 01:00:00,1000.0,187.6948021485855,-81.23051978514145,34.915698157888286,100.0,236.17674086367973,82.66200877251494,722 days 11:00:00,257,1,8.684972613912151,23.46552052400139,-6.399618215274412,3.172851040492155,-1.6550063770318024,3 days 20:39:16.363636363,0 days 22:19:54.059405940,-3.1945142819662515,-1.6390083096703405,-0.6880230168568449,0.9336548802369667,0.33489239232479184,22.343813081968523,1.0003445145396066,0.3804166996751961,-0.007624566622412871,None,None,-0.00008439829240066534,-0.510440872439224,-0.8123051978514159,-0.4404687547472712,0.3748093779932502,-3.326475598964632,1 days 13:22:52.762645913,false
XMR-USD,false,19,41,230,21.397379912663755,0.455695283443034,0.3154269972451791,0.0001,0.0000329190460194827,9.50413223140496,18.96694214876033,0.000950413223140496,-2.0897973491705306,0,0,17424,726 days 01:00:00,1000.0,206.935945750183,-79.30640542498169,34.915698157888286,100.0,214.36091440470906,80.8180738094708,722 days 11:00:00,229,1,9.826785637557578,20.680218971042226,-6.928026011026206,3.5342333848145104,-1.7964652362245224,4 days 12:17:08.571428571,1 days 00:17:20,-3.5060735366260887,-1.5051287118917442,-0.6768871911804338,0.9388603376014422,0.18730622349178197,22.86224495776197,0.992404565214287,0.3864576702737111,-0.007650913471011373,None,None,-0.00007849415677577788,-0.4747326601799046,-0.7930640542498171,-0.4211911095204742,0.3795960042838173,-3.271368169880472,1 days 18:15:43.231441047,false
XMR-USD,false,19,47,202,21.393034825870647,0.4984956892441046,0.2768595041322314,0.0001,0.00003291236127057022,8.347107438016529,16.65289256198347,0.000834710743801653,-1.7015105537790989,0,0,17424,726 days 01:00:00,1000.0,267.8677484592897,-73.21322515407103,34.915698157888286,100.0,201.3382215344208,75.73566761171858,722 days 11:00:00,201,1,13.569017868677747,20.680218971042223,-6.168481229071116,4.069527450523782,-1.8971863774195006,5 days 00:58:36.279069767,1 days 03:54:41.012658227,-3.7099565642258074,-1.2222433497698024,-0.6394552619077682,0.9499592870676178,0.18930214377713325,22.821622241214534,0.993815610295798,0.38590630716614965,-0.007614106571059715,None,None,-0.00006369997029334448,-0.3852574203341474,-0.7321322515407112,-0.3669495511638319,0.37934947834331395,-3.0968569731300195,1 days 23:49:15.223880596,false
XMR-USD,false,15,82,174,21.38728323699422,0.5005276394947735,0.23829201101928374,0.0001,0.000032903512672298806,7.1900826446281,14.338842975206612,0.00071900826446281,-1.3777110721989256,0,0,17424,726 days 01:00:00,1000.0,328.8915162270969,-67.11084837729031,34.915698157888286,100.0,191.47618602992532,69.28702710828242,722 days 11:00:00,173,1,15.618100645871493,21.246964398202284,-7.125563139087592,3.836922600899452,-1.8295391497183537,6 days 05:51:53.513513513,1 days 06:32:38.823529411,-3.9695178290102557,-0.9900307508690303,-0.6180741120740433,0.9593585442240655,0.10195916934272674,23.058139598898503,0.9871207030338924,0.39199552644192365,-0.007555296026784015,None,None,-0.00005181767288553867,-0.3133932856117379,-0.6711084837729027,-0.3202096264629529,0.3809668308649379,-2.9220823846573545,2 days 08:03:48.901734103,false
XMR-USD,false,12,42,277,21.3768115942029,0.440972387702841,0.38016528925619836,0.0001,0.000032887402452619846,11.446280991735538,22.85123966942149,0.0011446280991735539,-2.3353874759019866,0,0,17424,726 days 01:00:00,1000.0,182.28174752163727,-81.77182524783628,34.915698157888286,100.0,243.7319848033524,83.18001463883017,722 days 11:00:00,276,1,8.434500940458747,23.46552052400139,-6.399618215274416,3.0995442569104252,-1.5926795307944952,3 days 17:30:30.508474576,0 days 19:55:17.972350230,-2.993307077604424,-1.675581121736168,-0.6913100871621745,0.9322429700164155,0.34829102367096243,22.429874602534067,1.0039539677099854,0.3798701298701298,-0.007615090235589385,None,None,-0.00008612111342605324,-0.5208604940007701,-0.8177182524783629,-0.44612318467393175,0.3741124159445339,-3.3419788107362267,1 days 10:47:49.565217390,false
XMR-USD,false,19,27,277,21.3768115942029,0.449800239952998,0.38016528925619836,0.0001,0.000032887402452619846,11.446280991735538,22.85123966942149,0.0011446280991735539,-2.4177552075510906,0,0,17424,726 days 01:00:00,1000.0,172.06006775659944,-82.79399322434006,34.915698157888286,100.0,248.81908894273988,84.10624102950467,722 days 11:00:00,276,1,7.961525621956099,23.389151865388286,-6.399618215274431,3.0885505032961174,-1.6158497274465105,3 days 14:43:43.728813559,0 days 20:31:47.834101382,-3.0286284705266633,-1.7349452447538873,-0.6981455620261491,0.9298601314157361,0.34031248307988143,22.31066482753704,1.0044592998975577,0.37736147340131215,-0.00763874812333906,None,None,-0.00008937877748675859,-0.540562846239916,-0.8279399322433991,-0.457107178209342,0.3749786848439249,-3.3712541232870903,1 days 10:40:52.173913042,false
XMR-USD,false,8,37,380,21.372031662269126,0.41521824578606886,0.522038567493113,0.0001,0.00003288004871118328,15.702479338842975,31.363636363636363,0.0015702479338842977,-3.1659074795652122,0,0,17424,726 days 01:00:00,1000.0,97.9736454135384,-90.20263545864616,34.915698157888286,100.0,294.867830154854,90.7480017401479,722 days 11:00:00,379,1,4.533414977726011,21.418077287554798,-11.595387641454275,2.5617767485591996,-1.4464438846349257,2 days 18:24:26.666666666,0 days 13:49:55.973154362,-2.3919782838105252,-2.319345676305184,-0.7592106135869862,0.9061423383623277,-0.40953529313557613,36.65491936864957,1.0061423718905524,0.37161523929471035,-0.007657573012803386,None,None,-0.00012130484848016836,-0.7336517236080582,-0.9020263545864617,-0.5534946984376734,0.3806892586381015,-3.5834406933738268,1 days 01:04:06.965699207,false
XMR-USD,false,9,14,586,21.367521367521366,0.36248822519748614,0.8057851239669421,0.0001,0.00003287310979618672,24.214876033057852,48.388429752066116,0.0024214876033057855,-4.911388400611552,0,0,17424,726 days 01:00:00,1000.0,29.94007505086313,-97.00599249491368,34.915698157888286,100.0,355.1517716757071,97.1121017007831,725 days 02:00:00,585,1,0.6023155648364842,16.505653339608422,-11.80539683729652,1.8386038430212102,-1.2432741514018166,1 days 13:58:04.800000,0 days 10:05:20.869565217,-1.659251693186278,-3.631802854625764,-0.8532561919857061,0.8557992611393217,-0.3945653416483008,37.68922706209912,1.0209535045170823,0.354450058297707,-0.007750352932135845,None,None,-0.0001893971644102493,-1.1454740503531877,-0.9700599249491361,-0.704112651699893,0.37958509538604907,-3.778291645673358,0 days 16:02:46.153846152,false
XMR-USD,false,25,34,221,21.363636363636363,0.4746900626993606,0.30303030303030304,0.0001,0.000032867132867132866,9.132231404958677,18.22314049586777,0.0009132231404958678,-1.9267698986894806,0,0,17424,726 days 01:00:00,1000.0,230.4191421644639,-76.95808578355361,34.915698157888286,100.0,209.91632545025658,79.00491472752785,722 days 11:00:00,220,1,11.67203396190186,20.680218971042226,-6.928026011026203,3.74451307327271,-1.8250894943688853,4 days 16:38:17.872340425,1 days 01:09:01.040462427,-3.551149508170165,-1.3829346071130555,-0.6605879414992222,0.9436709472283195,0.21488603221249203,22.70364781296775,0.9977506263314873,0.3857960871639891,-0.007671714066057127,None,None,-0.00007227604452248788,-0.4371255172720067,-0.7695808578355355,-0.399188623305596,0.38040890636867203,-3.2041113265314145,1 days 19:50:27.272727271,false
XMR-USD,false,46,89,104,21.35922330097087,0.5308387740672218,0.1418732782369146,0.0001,0.00003286034353995519,4.297520661157025,8.553719008264464,0.0004297520661157025,-1.2193010121589145,0,0,17424,726 days 01:00:00,1000.0,359.7714086722077,-64.02285913277923,34.915698157888286,100.0,141.32692044041582,69.33722770927561,635 days 19:00:00,103,1,18.791669399507214,20.32857447376028,-8.735543285074748,5.244670402407521,-2.6269117111948543,10 days 07:19:05.454545454,2 days 01:54:48.888888888,-6.398254958517465,-0.88386083090421,-0.5795727790672032,0.9629936962946711,-0.17463258112229108,26.903647677474144,0.9715829368963471,0.38249761980323704,-0.007492505718021512,None,None,-0.000046520954923837915,-0.2813587353793717,-0.6402285913277942,-0.2987023384634363,0.3831092844090152,-2.833641098719229,3 days 20:04:39.611650483,false
XMR-USD,false,48,86,104,21.35922330097087,0.5326731415953404,0.1418732782369146,0.0001,0.00003286034353995519,4.297520661157025,8.553719008264464,0.0004297520661157025,-1.2231911609783759,0,0,17424,726 days 01:00:00,1000.0,358.34472914982643,-64.16552708501736,34.915698157888286,100.0,141.63350118910165,69.45882144427543,635 days 19:00:00,103,1,18.28615471018327,19.63923489550938,-8.735543285074748,5.274000030981747,-2.638322493401221,10 days 07:10:54.545454545,2 days 01:51:51.111111111,-6.407198306411234,-0.886704336130377,-0.5802766311286115,0.9628456997125244,-0.173457146447359,26.832640196682526,0.971039280801819,0.3821686364718014,-0.007489941431631798,None,None,-0.00004672216544143431,-0.2825756565897947,-0.6416552708501759,-0.29966884380276904,0.3835324149111853,-2.8377271677301645,3 days 20:00:34.951456309,false
XMR-USD,false,12,40,282,21.352313167259787,0.4410199191295634,0.38705234159779617,0.0001,0.00003284971256501505,11.652892561983471,23.264462809917354,0.0011652892561983472,-2.2990085622681304,0,0,17424,726 days 01:00:00,1000.0,186.39657357636463,-81.36034264236353,34.915698157888286,100.0,250.14760653292316,82.42322297017594,722 days 11:00:00,281,1,8.624901266878169,23.465520524001374,-6.18980624095,2.9890966685030254,-1.5391306659706723,3 days 14:28:00,0 days 19:54:34.208144796,-2.9260794579733562,-1.647740413783873,-0.6918387988202626,0.9332852610972762,0.3524170276990391,22.327131004618156,1.0081977904161197,0.37845107190886795,-0.007617955658401944,None,None,-0.00008480811415547502,-0.5129194744123129,-0.8136034264236355,-0.44181506617938904,0.37463345430251116,-3.3301937791549587,1 days 10:07:15.587188611,false
XMR-USD,false,14,78,179,21.34831460674157,0.5091483333336226,0.24517906336088155,0.0001,0.00003284356093344857,7.3966942148760335,14.75206611570248,0.0007396694214876034,-1.369631295628296,0,0,17424,726 days 01:00:00,1000.0,331.199638300827,-66.8800361699173,34.915698157888286,100.0,201.71397004815674,69.16466130324741,722 days 11:00:00,178,1,15.72770664381278,21.246964398202298,-7.125563139087595,3.804782572891595,-1.790030060864485,6 days 00:36:18.947368421,1 days 05:53:08.571428571,-3.845663305297671,-0.9844306480874501,-0.6162561703957755,0.9595425460687279,0.10050514582874959,23.178493485111208,0.9911348466652657,0.39010769844435583,-0.007529929648075657,None,None,-0.000051450679247686604,-0.3111737080900086,-0.6688003616991699,-0.31855755882592207,0.38042051655349157,-2.915471827814719,2 days 06:22:35.056179774,false
XMR-USD,false,67,77,90,21.34831460674157,0.5441845841344816,0.12258953168044077,0.0001,0.00003284356093344857,3.71900826446281,7.3966942148760335,0.000371900826446281,-1.0959257811746104,0,0,17424,726 days 01:00:00,1000.0,393.66454271902376,-60.63354572809763,34.915698157888286,100.0,130.73288204004956,65.98236007022126,630 days 14:00:00,89,1,18.693983108555983,18.192100306263395,-6.592258619305256,5.554591818922694,-2.7765996842623903,11 days 14:18:56.842105263,2 days 11:12:00,-7.022802701005988,-0.7936463764448158,-0.5670690372911645,0.9666456151876975,-0.140506459397394,27.02895818951089,0.9720954860605465,0.37899651788540684,-0.00744272275476616,None,None,-0.000041508874715861005,-0.25104567428152735,-0.6063354572809765,-0.2764419289430172,0.3806903486661895,-2.736569764520062,4 days 09:58:39.101123595,false
XMR-USD,false,68,76,90,21.34831460674157,0.5475056486679506,0.12258953168044077,0.0001,0.00003284356093344857,3.71900826446281,7.3966942148760335,0.000371900826446281,-1.06728405799437,0,0,17424,726 days 01:00:00,1000.0,401.1372620593387,-59.88627379406613,34.915698157888286,100.0,131.08478089850342,65.33662176201767,630 days 14:00:00,89,1,19.048840795656645,18.192100306263395,-6.592258619305256,5.554591818922692,-2.750061217842457,11 days 14:18:56.842105263,2 days 11:12:51.428571428,-6.942826727374364,-0.7725805275570578,-0.5635754139536648,0.967517982117563,-0.13786390959663047,26.99590266624443,0.9727696454860513,0.37910565888405223,-0.00744272275476616,None,None,-0.00004042139346063548,-0.2444685876499234,-0.5988627379406632,-0.271703950727915,0.3808250147209377,-2.715167588036225,4 days 09:59:19.550561797,false
XMR-USD,false,69,76,90,21.34831460674157,0.5657411083669743,0.12258953168044077,0.0001,0.00003284356093344857,3.71900826446281,7.3966942148760335,0.000371900826446281,-1.0075478577530828,0,0,17424,726 days 01:00:00,1000.0,417.3246865856697,-58.267531341433035,34.915698157888286,100.0,134.1241003250754,63.869595692691576,630 days 14:00:00,89,1,19.310356134618928,18.057665683864634,-6.592258619305255,5.67597840924211,-2.7220407167214957,11 days 14:34:44.210526315,2 days 11:09:25.714285714,-6.763883927516288,-0.7291160540262908,-0.5566504023625664,0.969315355184008,-0.14077163688048577,27.01362186122418,0.974982682380742,0.37899651788540684,-0.007428272403563731,None,None,-0.0000381496259782337,-0.23072893791635743,-0.5826753134143342,-0.26163468216540386,0.38084790237798805,-2.6688061363673183,4 days 09:59:59.999999999,false
XMR-USD,false,70,75,90,21.34831460674157,0.567265708321226,0.12258953168044077,0.0001,0.00003284356093344857,3.71900826446281,7.3966942148760335,0.000371900826446281,-1.0101176001976955,0,0,17424,726 days 01:00:00,1000.0,416.5797082470913,-58.342029175290875,34.915698157888286,100.0,134.26021169702685,63.93409311984656,630 days 14:00:00,89,1,19.275884660745078,18.057665683864634,-6.592258619305256,5.7047591122496595,-2.731779050457538,11 days 14:37:53.684210526,2 days 11:10:17.142857142,-6.771867150715208,-0.7309923055871617,-0.5569938787964183,0.9692427649127927,-0.14078664875178679,27.005468022996162,0.9749084846241841,0.37910565888405223,-0.007437458523433989,None,None,-0.00003825047611994589,-0.23133887957343277,-0.5834202917529082,-0.2620924371915899,0.38087457629301413,-2.6709397850637,4 days 10:01:20.898876403,false
XMR-USD,false,71,74,90,21.34831460674157,0.5643061078970869,0.12258953168044077,0.0001,0.00003284356093344857,3.71900826446281,7.3966942148760335,0.000371900826446281,-1.0361037637326225,0,0,17424,726 days 01:00:00,1000.0,409.1198891573408,-59.088011084265915,34.915698157888286,100.0,134.12750628985472,64.57993624496135,630 days 14:00:00,89,1,18.930705552120003,18.057665683864634,-6.592258619305262,5.704759112249661,-2.7571624012686518,11 days 14:37:53.684210526,2 days 11:11:08.571428571,-6.851806925784031,-0.7501516410980018,-0.5604397519279773,0.968450209213301,-0.14445486000558408,26.95996712044165,0.974313477703321,0.37910565888405223,-0.007440889575559819,None,None,-0.000039274264227818916,-0.2375307500498488,-0.5908801108426613,-0.266705908413276,0.3810806859229497,-2.692305014697709,4 days 10:02:01.348314605,false
XMR-USD,false,72,73,90,21.34831460674157,0.5643061078970869,0.12258953168044077,0.0001,0.00003284356093344857,3.71900826446281,7.3966942148760335,0.000371900826446281,-1.0361037637326225,0,0,17424,726 days 01:00:00,1000.0,409.1198891573408,-59.088011084265915,34.915698157888286,100.0,134.12750628985472,64.57993624496135,630 days 14:00:00,89,1,18.930705552120003,18.057665683864634,-6.592258619305262,5.704759112249661,-2.7571624012686518,11 days 14:37:53.684210526,2 days 11:11:08.571428571,-6.851806925784031,-0.7501516410980018,-0.5604397519279773,0.968450209213301,-0.14445486000558408,26.95996712044165,0.974313477703321,0.37910565888405223,-0.007440889575559819,None,None,-0.000039274264227818916,-0.2375307500498488,-0.5908801108426613,-0.266705908413276,0.3810806859229497,-2.692305014697709,4 days 10:02:01.348314605,false
XMR-USD,false,22,28,254,21.34387351778656,0.4468001518319063,0.3484848484848485,0.0001,0.0000328367284889024,10.495867768595042,20.950413223140497,0.0010495867768595044,-2.358969678935915,0,0,17424,726 days 01:00:00,1000.0,178.5622333971054,-82.14377666028946,34.915698157888286,100.0,233.4149641194365,83.5442273982325,722 days 11:00:00,253,1,8.479400638665169,23.465520524001374,-6.3996182152744305,3.225541146932077,-1.7021882730391946,3 days 21:00:00,0 days 23:10:33.165829145,-3.2803050088599117,-1.6938187300742555,-0.693541176968087,0.9315884793196567,0.33173897672278313,22.31965341038995,0.9963626886538377,0.3821686364718014,-0.007633162839139128,None,None,-0.0000872520691787914,-0.5277005143933303,-0.8214377666028947,-0.45007240529852965,0.3749442936864026,-3.3526316526404965,1 days 14:04:44.584980236,false
XMR-USD,false,7,32,418,21.34292565947242,0.4095734588994798,0.5743801652892562,0.0001,0.000032835270245342184,17.272727272727273,34.50413223140496,0.0017272727272727275,-3.3015147003106255,0,0,17424,726 days 01:00:00,1000.0,89.87892622660547,-91.01210737733946,34.915698157888286,100.0,307.42919391707136,91.55269368598908,722 days 11:00:00,417,1,4.158857911408475,21.123879122043217,-11.52063710364104,2.380422897405046,-1.3557544054176378,2 days 12:17:31.685393258,0 days 12:25:03.658536585,-2.192517821786096,-2.4222641621254293,-0.7669510834801214,0.9019917249882041,-0.423230782471294,36.95407627443961,1.0070576265147233,0.36892136067248016,-0.0076553452198767245,None,None,-0.000126321773862533,-0.7639940883205997,-0.9101210737733951,-0.5666610676046397,0.3795899068314309,-3.606624303079492,0 days 22:38:07.769784172,false
XMR-USD,false,11,35,329,21.341463414634145,0.4236555700409278,0.45179063360881544,0.0001,0.00003283302063789869,13.59504132231405,27.14876033057851,0.001359504132231405,-2.8576869761818875,0,0,17424,726 days 01:00:00,1000.0,128.6588607195191,-87.13411392804808,34.915698157888286,100.0,272.1500175263816,87.97268029884182,722 days 11:00:00,328,1,5.953274513172687,23.465520524001395,-6.189806240950005,2.7238444930634844,-1.5043940945179881,3 days 02:20:34.285714285,0 days 16:47:26.511627906,-2.6746780908343055,-2.057145593792493,-0.7312599189964745,0.917259319868064,0.33040599614110955,22.324888570753973,1.0125161570201804,0.37237142632117826,-0.007641628599557587,None,None,-0.00010604362619443115,-0.6413518512239196,-0.8713411392804805,-0.5092078176602259,0.375212661057109,-3.495556970793735,1 days 05:04:23.414634144,false
XMR-USD,false,19,70,165,21.341463414634145,0.5349600712117503,0.22589531680440772,0.0001,0.00003283302063789869,6.818181818181818,13.59504132231405,0.0006818181818181819,-1.286544648175609,0,0,17424,726 days 01:00:00,1000.0,348.76546221180456,-65.12345377881954,34.915698157888286,100.0,192.97918950425992,68.2189814747983,722 days 11:00:00,164,1,15.825524136355,22.090837561253988,-7.172505688054706,4.243898114842358,-1.9275009858800891,6 days 12:01:42.857142857,1 days 08:30:13.953488372,-4.067439401978967,-0.9246693614138274,-0.6026616492775798,0.9618900887319508,0.09234963281073608,23.103890756414597,0.9856186719606088,0.39177316293929715,-0.007520747578736218,None,None,-0.000048432617500162006,-0.2929204706409798,-0.6512345377881965,-0.30622431031670383,0.3812496181847039,-2.865162583441185,2 days 10:51:57.073170731,false
XMR-USD,false,20,67,165,21.341463414634145,0.534334091299467,0.22589531680440772,0.0001,0.00003283302063789869,6.818181818181818,13.59504132231405,0.0006818181818181819,-1.2832008449811616,0,0,17424,726 days 01:00:00,1000.0,349.82115020838444,-65.01788497916155,34.915698157888286,100.0,192.6550055392611,68.12278261507359,722 days 11:00:00,164,1,15.873426860909149,22.09083756125399,-7.1725056880546925,4.234191884070368,-1.922878537936181,6 days 11:37:42.857142857,1 days 08:33:29.302325581,-4.061294369832466,-0.922101320683197,-0.6021982711615852,0.9619689271330907,0.09423623049106575,23.148452150827378,0.9867103202375551,0.391106498483155,-0.007520747578736246,None,None,-0.00004827215873569952,-0.2919500160335107,-0.6501788497916172,-0.3054961424049979,0.38104478412947224,-2.862139049465705,2 days 10:49:23.414634145,false
XMR-USD,false,21,31,240,21.338912133891213,0.45266529854087606,0.32920110192837465,0.0001,0.00003282909559060187,9.917355371900827,19.793388429752067,0.0009917355371900827,-2.1152563754928537,0,0,17424,726 days 01:00:00,1000.0,207.62451489850025,-79.23754851014998,34.915698157888286,100.0,225.66565802141255,80.86593262908092,722 days 11:00:00,239,1,9.859483781867965,23.465520524001377,-6.399618215274418,3.321692044653063,-1.6987646308130735,4 days 00:45:52.941176470,1 days 01:06:42.127659574,-3.356631668968069,-1.5180341109466757,-0.6755503835258672,0.9384647882649764,0.29282461990727854,22.442209552155653,0.9952416172886444,0.3849149578763313,-0.007633542887437763,None,None,-0.00007850575284281873,-0.4748027931933677,-0.7923754851014986,-0.42052335834607635,0.3764245124277015,-3.269396079432206,1 days 16:24:06.025104601,false
XMR-USD,false,12,39,287,21.328671328671327,0.4524274519738831,0.3939393939393939,0.0001,0.0000328133405056482,11.859504132231406,23.677685950413224,0.0011859504132231407,-2.296612197683699,0,0,17424,726 days 01:00:00,1000.0,186.45347560736013,-81.35465243926399,34.915698157888286,100.0,259.40026727333236,82.41785723682483,722 days 11:00:00,286,1,8.627534225144586,23.465520524001384,-6.1898062409500065,2.9568902062369857,-1.5158155028859457,3 days 12:03:56.065573770,0 days 19:48:48,-2.874734470691559,-1.6462218130647754,-0.6918038205731544,0.9333524935674635,0.35009175565187384,22.28199289723754,1.0100744199368408,0.37812401138880103,-0.007633162839139243,None,None,-0.00008477750556438131,-0.5127343536533782,-0.8135465243926389,-0.4417559285824505,0.3748437089367774,-3.3300308093906477,1 days 09:31:02.937062936,false
XMR-USD,false,12,76,198,21.31979695431472,0.4663289264481187,0.2713498622589532,0.0001,0.000032799687622022644,8.181818181818182,16.322314049586776,0.0008181818181818182,-1.7233139463547693,0,0,17424,726 days 01:00:00,1000.0,262.27860965574314,-73.77213903442569,34.915698157888286,100.0,204.95037849939607,75.62243455764226,722 days 11:00:00,197,1,12.136098155088177,20.605571745257087,-5.166804431970904,3.5064841875170094,-1.7820633051334498,5 days 13:14:17.142857142,1 days 02:17:25.161290322,-3.8063831903520056,-1.2418634055845736,-0.6476035412888558,0.9492167570353471,0.09690337684128256,23.281056858977628,0.9879563252572562,0.38855685712008925,-0.007564556714895015,None,None,-0.00006485686893594484,-0.39225434332459436,-0.7377213903442559,-0.3715657472574492,0.38013695640227596,-3.1128644972478896,2 days 01:05:28.934010150,false
XMR-USD,false,13,47,259,21.31782945736434,0.43761485406836625,0.35537190082644626,0.0001,0.000032796660703637447,10.702479338842975,21.363636363636363,0.0010702479338842977,-2.2944688958406467,0,0,17424,726 days 01:00:00,1000.0,183.4472206717919,-81.65527793282081,34.915698157888286,100.0,228.82142603472116,83.00655761286384,722 days 11:00:00,258,1,8.488429457793728,24.360729949532004,-6.399618215274421,3.2337478732114815,-1.6722974383478646,4 days 02:42:32.727272727,0 days 20:58:49.064039408,-3.197834142581404,-1.6502091320894285,-0.6911116724873476,0.9333760847886345,0.28207911145505143,22.24993293037809,0.9939100495216805,0.3864576702737111,-0.007657573012803463,None,None,-0.00008555177603193139,-0.517417141441121,-0.8165527793282076,-0.44489657323764065,0.3773531572500187,-3.338640847551632,1 days 13:33:01.395348835,false
XMR-USD,false,12,36,306,21.311475409836063,0.4357349852456309,0.4201101928374656,0.0001,0.000032786885245901635,12.644628099173554,25.24793388429752,0.0012644628099173555,-2.651855645591912,0,0,17424,726 days 01:00:00,1000.0,147.1306025870324,-85.28693974129676,34.915698157888286,100.0,262.79627010871616,86.12591558783976,722 days 11:00:00,305,1,6.807994891223416,23.46552052400139,-6.189806240949999,2.819718588313343,-1.5313725840754624,3 days 07:51:41.538461538,0 days 18:15:00,-2.8186144009973484,-1.9059110449253513,-0.7180446842802353,0.9232154736553826,0.33447623205668275,22.236197473229424,1.0112055030191271,0.3750789141414141,-0.007658393323117582,None,None,-0.00009832691961738508,-0.594681209845945,-0.8528693974129697,-0.48581416916853226,0.37551539917956134,-3.4426531400182934,1 days 07:22:49.180327868,false
XMR-USD,false,13,51,245,21.311475409836063,0.47337011053529127,0.33608815426997246,0.0001,0.000032786885245901635,10.12396694214876,20.206611570247933,0.0010123966942148762,-2.0594603274062004,0,0,17424,726 days 01:00:00,1000.0,214.53082595228477,-78.54691740477152,34.915698157888286,100.0,229.74516669422698,80.08869402667158,722 days 11:00:00,244,1,9.926723206541283,25.977214236284237,-6.399618215274411,3.552597878617304,-1.7189869355674816,4 days 09:41:32.307692307,0 days 21:41:33.750000,-3.259819251042032,-1.4784587059426912,-0.6727100892119562,0.9400145372801113,0.287141923107633,22.292613074452497,0.9954348954870997,0.3857960871639891,-0.007624566622412856,None,None,-0.00007658827487545877,-0.46320588644677463,-0.7854691740477175,-0.4139044540902692,0.3770604944128533,-3.2496161196486315,1 days 15:35:39.344262294,false
XMR-USD,false,15,29,306,21.311475409836063,0.432429337082554,0.4201101928374656,0.0001,0.000032786885245901635,12.644628099173554,25.24793388429752,0.0012644628099173555,-2.767497082313891,0,0,17424,726 days 01:00:00,1000.0,135.80556548434663,-86.41944345156534,34.915698157888286,100.0,261.00657572896995,87.31046374929376,722 days 11:00:00,305,1,6.283965264603836,23.389151865388293,-5.267919750349729,2.852835380299391,-1.5730604096051652,3 days 07:17:32.307692307,0 days 18:19:30,-2.854027540263143,-1.992450195262169,-0.7255512232921246,0.9198029408398413,0.32228937937157326,22.171133375995208,1.00622217648647,0.3744281432402587,-0.007687330976663785,None,None,-0.0001028983253463285,-0.6223290716945947,-0.864194434515655,-0.49991191078245056,0.37590558373922583,-3.475088513504094,1 days 07:19:04.918032786,false
XMR-USD,false,20,54,184,21.311475409836063,0.4778401946688507,0.25206611570247933,0.0001,0.000032786885245901635,7.603305785123967,15.165289256198347,0.0007603305785123968,-1.6179802002019963,0,0,17424,726 days 01:00:00,1000.0,281.54949516502666,-71.84505048349733,34.915698157888286,100.0,196.6078567567229,74.44246940616537,722 days 11:00:00,183,1,12.775543492912675,21.32200827661489,-7.125563139087605,3.818095109040399,-1.8746982194421624,5 days 12:47:41.538461538,1 days 06:57:05,-3.9957707558900832,-1.1644878349632541,-0.6329958417158076,0.9521513317093656,0.11982376981699583,23.505255352065824,0.9873004784910892,0.38855685712008925,-0.007555296026784132,None,None,-0.00006079670315307657,-0.3676984606698071,-0.7184505048349736,-0.3559088595172616,0.3800169934197356,-3.05767188611309,2 days 04:39:20.655737704,false
XMR-USD,false,21,51,184,21.311475409836063,0.47623850304314086,0.25206611570247933,0.0001,0.000032786885245901635,7.603305785123967,15.165289256198347,0.0007603305785123968,-1.6532367295405366,0,0,17424,726 days 01:00:00,1000.0,274.2968087790399,-72.57031912209601,34.915698157888286,100.0,194.28801194585031,75.09880715660456,722 days 11:00:00,183,1,13.666735541023627,21.537394248526954,-7.125563139087602,3.8776884868647055,-1.91022690360294,5 days 12:38:27.692307692,1 days 07:06:40,-4.040272823835981,-1.190471094532319,-0.6366412550728902,0.9511542994163715,0.11290702863081696,23.427934079117897,0.9865986242512975,0.389442628179571,-0.007581889598690322,None,None,-0.00006225492863380419,-0.37651780837724774,-0.7257031912209633,-0.36171676688924137,0.3806386014803072,-3.0784438791380904,2 days 04:44:55.081967212,false
XMR-USD,false,28,80,123,21.311475409836063,0.6183346565468859,0.16804407713498623,0.0001,0.000032786885245901635,5.082644628099174,10.12396694214876,0.0005082644628099174,-0.7265295490154503,0,0,17424,726 days 01:00:00,1000.0,499.34446682168203,-50.0655533178318,34.915698157888286,100.0,170.93245792789662,55.65813777911836,635 days 19:00:00,122,1,23.521254882275002,20.693259147012725,-8.039372144347585,5.137959354291128,-2.062754017196421,8 days 02:02:18.461538461,1 days 23:45:00,-4.296531049676994,-0.5219993759467075,-0.5294704000973486,0.9781281969333255,-0.07825052105597238,26.340624824967353,0.9852998089678663,0.39232920495405516,-0.007460189988399783,None,None,-0.000027600779618502886,-0.16692951513270546,-0.5006555331783222,-0.21418830401687028,0.38486579068421006,-2.4338981019779724,3 days 06:55:34.426229507,false
XMR-USD,false,17,28,292,21.305841924398624,0.44564900436822563,0.40082644628099173,0.0001,0.000032778218345228654,12.066115702479339,24.09090909090909,0.001206611570247934,-2.59301552847596,0,0,17424,726 days 01:00:00,1000.0,153.0258610487565,-84.69741389512436,34.915698157888286,100.0,259.6583000876169,85.99322254083317,722 days 11:00:00,291,1,7.080778994490572,23.389151865388307,-5.9148826327350825,2.9607442646171456,-1.5886717831479875,3 days 09:31:56.129032258,0 days 19:39:18.078602620,-2.9348966252430717,-1.8640054554002716,-0.7103017911302832,0.9247634726252428,0.3306551858350391,22.288467376332957,1.0044174692169099,0.37583892617449666,-0.007669288172738444,None,None,-0.00009609048594293435,-0.581155258982867,-0.8469741389512432,-0.47875482369469446,0.37522447180937213,-3.4257688765701855,1 days 08:50:18.556701030,false
XMR-USD,false,7,14,677,21.301775147928996,0.31719189296083306,0.931129476584022,0.0001,0.000032771961766044614,27.97520661157025,55.909090909090914,0.0027975206611570253,-5.9707480959966786,0,0,17424,726 days 01:00:00,1000.0,14.051667044070882,-98.5948332955929,34.915698157888286,100.0,346.98873525285023,98.63146659528887,725 days 02:00:00,676,1,0.04418808161332244,16.68255658221163,-11.805396837296527,1.655177612802718,-1.2290592270792469,1 days 08:45:25,0 days 08:46:55.037593984,-1.4585688181028733,-4.452433685872764,-0.8950799373948458,0.8260414850273119,-0.415890000248494,37.43058315035767,1.0151331156490153,0.3499380229315153,-0.007855967263938531,None,None,-0.0002327417578940466,-1.407622151743194,-0.9859483329559292,-0.7724381492954273,0.38048259477313623,-3.823796701694134,0 days 13:53:20.591715975,false
XMR-USD,false,15,86,170,21.301775147928996,0.5060878427095908,0.2327823691460055,0.0001,0.000032771961766044614,7.024793388429752,14.008264462809917,0.0007024793388429753,-1.2716572267482273,0,0,17424,726 days 01:00:00,1000.0,352.349658094857,-64.7650341905143,34.915698157888286,100.0,192.4407178306887,67.0964285682546,722 days 11:00:00,169,1,16.73205951248707,22.165171467728538,-5.570763989160793,3.762207290690135,-1.7736304239223653,6 days 10:03:19.999999999,1 days 07:23:54.586466165,-3.9312568131220758,-0.9135452008199038,-0.6082216759082045,0.962485994050617,0.10066911236667082,22.919531306144638,0.9881027484635855,0.39366552027513396,-0.007555296026784094,None,None,-0.00004784748800826113,-0.28938160747396335,-0.6476503419051451,-0.3037579013835714,0.3812299798551418,-2.8548972985631775,2 days 09:31:35.857988165,false
XMR-USD,false,24,36,217,21.296296296296298,0.4918411980547288,0.2975206611570248,0.0001,0.000032763532763532764,8.966942148760332,17.892561983471076,0.0008966942148760332,-1.7871362198579424,0,0,17424,726 days 01:00:00,1000.0,252.44944590813043,-74.75505540918695,34.915698157888286,100.0,212.67443358573246,77.20290929280247,722 days 11:00:00,216,1,12.787993560881489,20.680218971042233,-6.928026011026198,3.8264116469200458,-1.8041591898467162,4 days 17:52:10.434782608,1 days 02:00:21.176470588,-3.520085868762735,-1.2814722961833387,-0.6469165130482737,0.9477109470493047,0.21904572990064958,22.6120033578954,0.9963614063434171,0.38789326961369974,-0.007668197179948233,None,None,-0.00006701986179028019,-0.40533612410761455,-0.7475505540918723,-0.3798422092446343,0.3806731540967422,-3.141015627731276,1 days 20:43:03.333333332,false
XMR-USD,false,36,87,109,21.296296296296298,0.552441228546679,0.1487603305785124,0.0001,0.000032763532763532764,4.5041322314049586,8.966942148760332,0.00045041322314049587,-0.9880990024838721,0,0,17424,726 days 01:00:00,1000.0,418.50977532003776,-58.149022467996225,34.915698157888286,100.0,149.77092010909556,63.80151583926603,635 days 19:00:00,108,1,18.999536002047137,20.674404149974855,-9.192802668893394,5.102305125446508,-2.3479045335909294,9 days 08:18:15.652173913,2 days 03:10:35.294117647,-5.560090376685272,-0.714371991297615,-0.5558033492579966,0.9699491025735122,-0.17051693841068444,26.81566870795198,0.9783677556646643,0.3844748132846019,-0.007461921798605232,None,None,-0.000037747354503273914,-0.22829600003580064,-0.5814902246799569,-0.26090759762647653,0.3846095338570876,-2.6654119933402787,3 days 16:02:46.666666665,false
XMR-USD,false,20,71,156,21.29032258064516,0.5535929716502536,0.21349862258953167,0.0001,0.000032754342431761784,6.446280991735537,12.851239669421489,0.0006446280991735538,-1.1214933234668458,0,0,17424,726 days 01:00:00,1000.0,389.39397603444354,-61.06060239655564,34.915698157888286,100.0,187.6238815998555,64.25615878149024,722 days 11:00:00,155,1,17.281616635239175,22.090837561254,-7.172505688054685,4.381744411490014,-1.9179417058703938,6 days 18:32:43.636363636,1 days 11:05:24.590163934,-4.050888003876105,-0.8050140253150143,-0.5876291164217479,0.9667218850706839,0.099652937913381,23.102416777725082,0.9848356148927837,0.39232920495405516,-0.007489941431631884,None,None,-0.00004212978117866946,-0.25480091656859294,-0.6106060239655596,-0.27917603998537344,0.3809287054825083,-2.748800843690436,2 days 14:13:32.903225805,false
XMR-USD,false,12,74,203,21.287128712871286,0.4639051004566871,0.27823691460055094,0.0001,0.00003274942878903275,8.388429752066116,16.735537190082646,0.0008388429752066117,-1.7500917841557075,0,0,17424,726 days 01:00:00,1000.0,258.00864473449974,-74.19913552655004,34.915698157888286,100.0,207.31136632714214,76.01930775077392,722 days 11:00:00,202,1,11.938519277149851,20.605571745257073,-5.1668044319708955,3.456832107645101,-1.7555257034568772,5 days 08:51:37.674418604,1 days 01:53:12.452830188,-3.732326111597278,-1.261077560225104,-0.6497387362249223,0.9483798945684646,0.10035223951614497,23.353614861492687,0.9893087432859669,0.38745123019348676,-0.007566873914135368,None,None,-0.0000658152542091596,-0.39805065745699725,-0.7419913552655031,-0.3751358701936466,0.379876746295387,-3.125093852943241,1 days 23:48:24.950495048,false
XMR-USD,false,21,42,203,21.287128712871286,0.5273536293606371,0.27823691460055094,0.0001,0.00003274942878903275,8.388429752066116,16.735537190082646,0.0008388429752066117,-1.4865715489873421,0,0,17424,726 days 01:00:00,1000.0,308.0669497070078,-69.19330502929922,34.915698157888286,100.0,211.31600357986997,72.0942931408151,722 days 11:00:00,202,1,15.605334981037288,20.680218971042223,-6.168481229071102,4.109753252411279,-1.8086749415047998,5 days 00:27:54.418604651,1 days 04:03:01.132075471,-3.502665273633818,-1.0642097748584738,-0.6196618560887972,0.9563258455931354,0.21834380660767344,22.679698132268737,0.9957316461188037,0.38877819399059543,-0.00761509023558942,None,None,-0.000055613250354031164,-0.3363489381411805,-0.6919330502929906,-0.3354692225259325,0.3803723845394541,-2.981724802305487,1 days 23:43:21.980198018,false
XMR-USD,false,7,15,654,21.286370597243494,0.32327562309190544,0.8994490358126722,0.0001,0.00003274826245729769,27.024793388429753,54.00826446280992,0.0027024793388429756,-5.778508897860751,0,0,17424,726 days 01:00:00,1000.0,15.983868962048518,-98.40161310379514,34.915698157888286,100.0,346.75050909777497,98.45174081028073,725 days 02:00:00,653,1,0.050264250069149696,16.682556582211642,-11.805396837296525,1.655446062701895,-1.231539923683329,1 days 09:52:39.712230215,0 days 09:05:43.190661478,-1.5069929483736897,-4.30764079463892,-0.8887503040047566,0.8310054151965354,-0.43149926322108956,37.45562741347112,1.014447884642704,0.3503564786112834,-0.007844165081110617,None,None,-0.00022533212437911063,-1.3628086882448611,-0.984016131037952,-0.7620309850472864,0.3807514573240966,-3.8182627956864685,0 days 14:22:14.150076568,false
XMR-USD,false,10,34,344,21.282798833819243,0.44791524201715444,0.4724517906336088,0.0001,0.00003274276743664499,14.214876033057852,28.388429752066116,0.0014214876033057852,-2.6010577281370173,0,0,17424,726 days 01:00:00,1000.0,152.82229829180278,-84.71777017081972,34.915698157888286,100.0,291.4722300015402,85.56844923046032,722 days 11:00:00,343,1,7.071359783361032,24.42726507275431,-6.189806240950002,2.7540822571337897,-1.4110956915284838,3 days 00:36:09.863013698,0 days 15:34:26.666666666,-2.4905220451648966,-1.8662656062199932,-0.7141320920044641,0.9246370545733215,0.3494082058094436,22.31933035892973,1.0191755171810457,0.37193921738445795,-0.007615482258610153,None,None,-0.00009617524171768917,-0.5816678619085841,-0.8471777017082,-0.4789955941725802,0.3751006168874492,-3.4263518887042492,1 days 03:42:40.932944605,false
XMR-USD,false,10,36,344,21.282798833819243,0.42301220830086045,0.4724517906336088,0.0001,0.00003274276743664499,14.214876033057852,28.388429752066116,0.0014214876033057852,-2.9269978547254394,0,0,17424,726 days 01:00:00,1000.0,122.48611806587962,-87.75138819341204,34.915698157888286,100.0,282.3051627391811,88.4727911963746,722 days 11:00:00,343,1,5.667650722391571,24.427265072754295,-6.189806240949997,2.6767220480363325,-1.4714301187095133,3 days 01:34:31.232876712,0 days 15:20:26.666666666,-2.574873273051055,-2.1101150813326996,-0.7369693471220419,0.9150969561652259,0.306637559166691,22.465559946349302,1.0142939321093094,0.3708598851388561,-0.007641628599557731,None,None,-0.00010884813981524308,-0.6583135496025901,-0.877513881934121,-0.5175122011008977,0.37546790058816776,-3.513235960415327,1 days 03:44:04.897959182,false
XMR-USD,false,12,82,189,21.27659574468085,0.4917253448320413,0.25895316804407714,0.0001,0.000032733224222585926,7.809917355371901,15.578512396694215,0.0007809917355371902,-1.54300862316713,0,0,17424,726 days 01:00:00,1000.0,295.14239417723945,-70.48576058227606,34.915698157888286,100.0,206.34633742953625,72.48660221454608,722 days 11:00:00,188,1,13.656763966242409,21.24696439820229,-6.070947836557015,3.6904350420767478,-1.7883855574968681,5 days 19:33:00,1 days 03:47:01.621621621,-3.8218849456861883,-1.110631836279966,-0.6325777094883913,0.9545013736534277,0.09746101680988997,23.166647200620165,0.9890225716788988,0.39055143244753016,-0.0075368860871868745,None,None,-0.00005805951013524782,-0.35114391729797884,-0.7048576058227615,-0.3452815462136568,0.3805057230306375,-3.0187412625558983,2 days 03:33:49.787234041,false
XMR-USD,false,15,68,189,21.27659574468085,0.47984339077266863,0.25895316804407714,0.0001,0.000032733224222585926,7.809917355371901,15.578512396694215,0.0007809917355371902,-1.6479035266747313,0,0,17424,726 days 01:00:00,1000.0,275.4008622480933,-72.45991377519067,34.915698157888286,100.0,200.71749684610526,74.43540058950052,722 days 11:00:00,188,1,13.07798520889952,21.24696439820229,-7.1255631390876015,3.684138585916415,-1.8325025283424736,5 days 14:48:00,1 days 04:51:53.513513513,-3.923814483834075,-1.1857758635212081,-0.6408980150793105,0.95136515073935,0.12703036208330543,23.338139132178544,0.9880612213874818,0.3883355907895786,-0.0075738694592414205,None,None,-0.00006202064085760886,-0.3751008359068184,-0.7245991377519045,-0.3608262298022513,0.3807076360559304,-3.075281824454089,2 days 03:24:15.319148935,false
XMR-USD,false,54,88,95,21.27659574468085,0.5587972375226561,0.12947658402203857,0.0001,0.000032733224222585926,3.925619834710744,7.809917355371901,0.0003925619834710744,-1.067240974045372,0,0,17424,726 days 01:00:00,1000.0,401.5357936642588,-59.84642063357411,34.915698157888286,100.0,143.06392415023026,65.89353613920784,630 days 14:00:00,94,1,19.067765901380255,18.467351974700517,-7.193138527540463,5.388476147948886,-2.6337196415525246,11 days 00:30:00,2 days 08:14:35.675675675,-6.569489066352347,-0.7718486718189549,-0.5583334686289936,0.9675794241903029,-0.1257717352225039,26.995074519833338,0.9732224618652332,0.38030735107731306,-0.007445281664846152,None,None,-0.00004037167599761303,-0.2441678964335636,-0.5984642063357393,-0.2714528916617771,0.3807172565998068,-2.714026177077985,4 days 04:33:11.489361701,false
XMR-USD,false,55,87,95,21.27659574468085,0.555053015455499,0.12947658402203857,0.0001,0.000032733224222585926,3.925619834710744,7.809917355371901,0.0003925619834710744,-1.0852668027888686,0,0,17424,726 days 01:00:00,1000.0,396.79314795022856,-60.320685204977146,34.915698157888286,100.0,141.79027173233152,66.29637662616425,630 days 14:00:00,94,1,18.84255146307811,18.467351974700517,-7.193138527540463,5.391939246358548,-2.6488420671118087,11 days 00:38:59.999999999,2 days 08:12:58.378378378,-6.617546845881378,-0.7850208305082244,-0.5606189072444168,0.9670461720370624,-0.12657067249512646,26.99755181116915,0.9728875257111078,0.38030735107731306,-0.0074468266109164695,None,None,-0.00004105611728917642,-0.24830739736493898,-0.6032068520497736,-0.2744511935128431,0.3806752475519965,-2.727609310064713,4 days 04:33:49.787234041,false
XMR-USD,false,57,84,95,21.27659574468085,0.551086625671558,0.12947658402203857,0.0001,0.000032733224222585926,3.925619834710744,7.809917355371901,0.0003925619834710744,-1.098196329139691,0,0,17424,726 days 01:00:00,1000.0,393.15207400243025,-60.684792599756975,34.915698157888286,100.0,141.42447580920322,66.60564957013224,630 days 14:00:00,94,1,18.669647461089426,18.467351974700517,-7.193138527540466,5.320961518227399,-2.643773818115414,11 days 00:27:00,2 days 08:14:35.675675675,-6.654442270836801,-0.794297170599542,-0.5623775799950169,0.9666587651010743,-0.12504325081792297,26.934755540585748,0.974116307700896,0.3797608678438514,-0.007451445542635719,None,None,-0.00004156910966681309,-0.25140997526488557,-0.6068479259975669,-0.2767689969813504,0.3809304165585652,-2.7380374960667035,4 days 04:32:33.191489360,false
XMR-USD,false,58,82,95,21.27659574468085,0.55584956066714,0.12947658402203857,0.0001,0.000032733224222585926,3.925619834710744,7.809917355371901,0.0003925619834710744,-1.097506124184826,0,0,17424,726 days 01:00:00,1000.0,392.832667130504,-60.7167332869496,34.915698157888286,100.0,142.05740660351086,66.44777939488222,630 days 14:00:00,94,1,18.654479758590014,18.623204355218682,-7.193138527540474,5.393562724141722,-2.6634133960064377,11 days 00:36:00,2 days 08:08:06.486486486,-6.6576788577456,-0.794328667828553,-0.564098207514447,0.9666350360410692,-0.13410782950743985,26.905906181880052,0.972680283295863,0.3798701298701298,-0.007460189988399803,None,None,-0.000041599045224772325,-0.25159102551942303,-0.6071673328694966,-0.2769729898267288,0.3811896238248329,-2.7389522905252934,4 days 04:29:21.702127658,false
XMR-USD,false,7,17,598,21.273031825795645,0.34289410563748235,0.8223140495867769,0.0001,0.00003272774127045484,24.710743801652892,49.3801652892562,0.002471074380165289,-5.0436658013717945,0,0,17424,726 days 01:00:00,1000.0,26.666806198813788,-97.33331938011862,34.915698157888286,100.0,346.47876911124416,97.42782794845135,725 days 02:00:00,597,1,0.5364660045352885,16.505653339608433,-11.805396837296529,1.8007963918291396,-1.239198109192156,1 days 13:40:09.448818897,0 days 09:47:21.702127659,-1.6312724619861334,-3.7397506968132497,-0.8604376217176524,0.851710118426094,-0.42002216894694117,37.26178308220339,1.0191738590690096,0.35413428660242463,-0.007795830753167249,None,None,-0.00019592841562771668,-1.1849750577164304,-0.9733331938011862,-0.7157672068674878,0.3813403133883289,-3.787666422707023,0 days 15:43:12.964824120,false
XMR-USD,false,22,38,222,21.266968325791854,0.4755755457353806,0.3044077134986226,0.0001,0.00003271841280891055,9.173553719008265,18.305785123966942,0.0009173553719008264,-1.9113310689082008,0,0,17424,726 days 01:00:00,1000.0,232.61349293922797,-76.73865070607721,34.915698157888286,100.0,211.97807163010603,78.8049722175389,722 days 11:00:00,221,1,11.783190250944358,20.680218971042226,-6.92802601102621,3.748823102140037,-1.8101470040833951,4 days 15:58:43.404255319,1 days 01:13:26.896551724,-3.5256547389670474,-1.3724728206072552,-0.6593662155078238,0.9440874975033005,0.20869219814760917,22.706926849974206,0.9965475971793417,0.3866783383733885,-0.007655345219876766,None,None,-0.0000717312526146855,-0.43383061581361787,-0.7673865070607725,-0.3972088320432877,0.38041935629825063,-3.1978266153827466,1 days 19:40:27.149321266,false
XMR-USD,false,24,35,222,21.266968325791854,0.4735117184184225,0.3044077134986226,0.0001,0.00003271841280891055,9.173553719008265,18.305785123966942,0.0009173553719008264,-1.9348180164749724,0,0,17424,726 days 01:00:00,1000.0,229.17830961169238,-77.08216903883076,34.915698157888286,100.0,211.41925029839538,79.11797558267027,722 days 11:00:00,221,1,11.609178768705078,20.680218971042226,-6.9280260110262155,3.728499303127651,-1.8129853462888534,4 days 16:42:07.659574468,1 days 01:01:22.758620689,-3.54041117265617,-1.3887652246519937,-0.6612821056614818,0.9434569226061245,0.21496688445274054,22.697984043358222,0.9972854638135151,0.38623707239459026,-0.007658393323117647,None,None,-0.00007258462739449653,-0.438991826481915,-0.7708216903883074,-0.4003135827252742,0.3804291291103379,-3.207665122154118,1 days 19:40:10.859728505,false
XMR-USD,false,15,41,255,21.25984251968504,0.4255094569274264,0.349862258953168,0.0001,0.000032707450030284675,10.537190082644628,21.03305785123967,0.0010537190082644627,-2.373720749679446,0,0,17424,726 days 01:00:00,1000.0,174.7335952503745,-82.52664047496255,34.915698157888286,100.0,228.2954985614058,83.83436093242655,722 days 11:00:00,254,1,8.29758975890087,24.879197779776206,-6.399618215274431,3.1136920516640254,-1.6765100793904226,3 days 23:01:06.666666666,0 days 22:41:42,-3.281748009876089,-1.7083174875626337,-0.6965778975943545,0.9310628796299618,0.2802850743571898,22.408711243164984,0.9937620117843433,0.38469485060394154,-0.007641628599557736,None,None,-0.00008839033773678625,-0.5345847626320832,-0.8252664047496253,-0.4541939948546805,0.37661199753696784,-3.3635970302463454,1 days 14:04:15.118110235,false
XMR-USD,false,23,26,255,21.25984251968504,0.4447285897158061,0.349862258953168,0.0001,0.000032707450030284675,10.537190082644628,21.03305785123967,0.0010537190082644627,-2.2934309710287066,0,0,17424,726 days 01:00:00,1000.0,187.0346059492755,-81.29653940507245,34.915698157888286,100.0,234.47983204626567,82.76343835083124,722 days 11:00:00,254,1,8.881728946634496,23.465520524001388,-6.3996182152744145,3.1840928872601855,-1.661653888130838,3 days 20:07:46.666666666,0 days 23:12:54,-3.2356185944777924,-1.6451445565579204,-0.6881020502950239,0.9334327406915233,0.339789627124651,22.420040491596506,0.99903895120384,0.3811826252377933,-0.007617955658401974,None,None,-0.00008462507561495523,-0.5118124573192492,-0.8129653940507221,-0.44115264038601,0.37441474992369506,-3.3283664281163925,1 days 13:51:58.110236219,false
XMR-USD,false,26,83,128,21.25984251968504,0.602371075019677,0.174931129476584,0.0001,0.000032707450030284675,5.289256198347108,10.537190082644628,0.0005289256198347108,-0.7445952120423364,0,0,17424,726 days 01:00:00,1000.0,492.997092481783,-50.7002907518217,34.915698157888286,100.0,173.39981011028945,54.53563741584482,635 days 19:00:00,127,1,25.186606622889144,20.69325914701271,-7.677465801481976,4.906054706737884,-1.9875799935977794,7 days 21:26:40,1 days 21:14:24,-4.190468615284297,-0.5350069751320436,-0.5486593298916906,0.9776046494253829,-0.07638500451774767,26.267472585536005,0.9847607631666003,0.39321979691372827,-0.007466933014796112,None,None,-0.00002831343078167505,-0.1712396293675707,-0.5070029075182213,-0.21766977277659272,0.38520418503729276,-2.4520772439535854,3 days 03:53:51.496062991,false
XMR-USD,false,22,40,208,21.256038647342994,0.5236943347741551,0.28512396694214875,0.0001,0.00003270159791898923,8.59504132231405,17.14876033057851,0.000859504132231405,-1.5634320180543186,0,0,17424,726 days 01:00:00,1000.0,292.82841305819625,-70.71715869418037,34.915698157888286,100.0,214.6131624472835,73.47464938185014,722 days 11:00:00,207,1,14.83341683385629,20.680218971042223,-6.928026011026215,4.066869073287638,-1.8080045565599125,4 days 23:17:43.636363636,1 days 02:58:09.570552147,-3.4879468781432945,-1.1197900536155867,-0.6269814780898111,0.9541071994550685,0.21813966566403792,22.672415169707,0.9953775190706932,0.38877819399059543,-0.007633162839139234,None,None,-0.00005852244327151865,-0.35394373690614483,-0.7071715869418012,-0.3470677736628561,0.38040287277887963,-3.0253685999460296,1 days 22:35:39.130434782,false
XMR-USD,false,73,89,81,21.25,0.5689920104721933,0.11019283746556474,0.0001,0.00003269230769230769,3.347107438016529,6.652892561983471,0.0003347107438016529,-0.9638169203461616,0,0,17424,726 days 01:00:00,1000.0,422.0322453029545,-57.796775469704556,34.915698157888286,100.0,126.04679401397692,61.823510227392,630 days 14:00:00,80,1,17.60661706937691,34.61126953247021,-10.76629470190217,6.111463439939855,-2.8878824922685102,12 days 22:38:49.411764705,2 days 17:59:02.857142857,-7.4446796470802745,-0.7024542042178138,-0.5691780068296827,0.9702395776665518,-0.4127940717830198,30.248848510656288,0.967010826992123,0.38107315526670366,-0.007458196364188638,None,None,-0.000037200937509074465,-0.22499127005488237,-0.5779677546970413,-0.25875436971800336,0.3854728661313281,-2.6553234939868124,4 days 21:58:29.999999998,false
XMR-USD,false,74,88,81,21.25,0.5713250198825688,0.11019283746556474,0.0001,0.00003269230769230769,3.347107438016529,6.652892561983471,0.0003347107438016529,-0.9511775557942463,0,0,17424,726 days 01:00:00,1000.0,425.6620529100518,-57.433794708994824,34.915698157888286,100.0,126.53420868540984,61.549115928537645,630 days 14:00:00,80,1,17.758047755740165,34.61126953247021,-10.766294701902167,6.111463439939855,-2.8746928733635615,12 days 22:38:49.411764705,2 days 17:58:05.714285714,-7.401199935571096,-0.6931949836189881,-0.5671721603539168,0.9706246475791463,-0.4128581076924427,30.25138801288366,0.9667897820553365,0.3811826252377933,-0.007451445542635819,None,None,-0.00003670992688536242,-0.2220216378026719,-0.5743379470899497,-0.2565477689871528,0.38546597821883544,-2.6449275752493917,4 days 21:57:44.999999998,false
XMR-USD,false,76,85,81,21.25,0.5761734247081091,0.11019283746556474,0.0001,0.00003269230769230769,3.347107438016529,6.652892561983471,0.0003347107438016529,-0.9252952326004524,0,0,17424,726 days 01:00:00,1000.0,433.0821941651467,-56.69178058348533,34.915698157888286,100.0,126.76756733348812,60.85205583680323,630 days 14:00:00,80,1,18.06760605876832,34.61126953247018,-10.766294701902162,6.159891205096435,-2.8610204269596218,12 days 22:42:21.176470588,2 days 18:03:48.571428571,-7.312317648670279,-0.6741494489026337,-0.564335402245848,0.9714290577014855,-0.4117218559764118,30.21598065459846,0.9669896228719425,0.38173023550868285,-0.007458196364188678,None,None,-0.000035711341140783195,-0.21598219121945678,-0.5669178058348512,-0.25207491865174814,0.38557415984273347,-2.6236759845707773,4 days 22:02:59.999999998,false
XMR-USD,false,77,84,81,21.25,0.5810287774840831,0.11019283746556474,0.0001,0.00003269230769230769,3.347107438016529,6.652892561983471,0.0003347107438016529,-0.8990993301134372,0,0,17424,726 days 01:00:00,1000.0,440.8688540563012,-55.91311459436989,34.915698157888286,100.0,127.85832476198901,60.144325736174,630 days 14:00:00,80,1,18.392455025829122,34.61126953247022,-10.766294701902158,6.1593182308898475,-2.833180326915359,12 days 22:38:49.411764705,2 days 18:02:51.428571428,-7.2190450121190946,-0.6549648017685377,-0.5611521579739404,0.9722263173780038,-0.4119195796441852,30.230053509682577,0.9677823159272853,0.38162067871868055,-0.007451445542635751,None,None,-0.00003469136816911679,-0.20981339468681837,-0.5591311459437025,-0.24743461455708904,0.38553286972214684,-2.601374669397461,4 days 22:01:29.999999998,false
XMR-USD,false,78,82,81,21.25,0.5758169763620017,0.11019283746556474,0.0001,0.00003269230769230769,3.347107438016529,6.652892561983471,0.0003347107438016529,-0.9193856176688,0,0,17424,726 days 01:00:00,1000.0,435.5570715586067,-56.44429284413933,34.915698157888286,100.0,125.79494067831595,60.454867334188066,630 days 14:00:00,80,1,18.170854611563243,35.35838866899526,-11.388143219999103,6.214729437380814,-2.8637832019845137,12 days 22:31:45.882352941,2 days 18:00:00,-7.282672288161963,-0.6697614348829782,-0.5649273395181971,0.9715886837151415,-0.41150415075258995,30.391301876351683,0.9677500093565238,0.3811826252377933,-0.007440889575559799,None,None,-0.00003542307721114648,-0.21423877097301391,-0.5644429284413981,-0.2505942017218782,0.38496752328347805,-2.6165878336128077,4 days 21:57:44.999999999,false
XMR-USD,false,78,83,81,21.25,0.5813391193853422,0.11019283746556474,0.0001,0.00003269230769230769,3.347107438016529,6.652892561983471,0.0003347107438016529,-0.8965768504921614,0,0,17424,726 days 01:00:00,1000.0,441.6195129775083,-55.83804870224917,34.915698157888286,100.0,127.87647378712788,60.076464245910834,630 days 14:00:00,80,1,18.42377150536953,34.61126953247022,-10.766294701902147,6.159318230889846,-2.830600272566082,12 days 22:38:49.411764705,2 days 18:01:54.285714285,-7.210053231598268,-0.6531252185356713,-0.5608424845087818,0.972302251144198,-0.4119804426979435,30.230515369560365,0.9676558867610047,0.38162067871868055,-0.007451445542635744,None,None,-0.000034593819441481,-0.20922341998207708,-0.5583804870224924,-0.24699011101830415,0.3855316220835954,-2.599224751278073,4 days 22:00:44.999999998,false
XMR-USD,false,79,81,81,21.25,0.5774158175164879,0.11019283746556474,0.0001,0.00003269230769230769,3.347107438016529,6.652892561983471,0.0003347107438016529,-0.9108102506640112,0,0,17424,726 days 01:00:00,1000.0,438.0854484202563,-56.19145515797437,34.915698157888286,100.0,126.12391481777084,60.22531073884843,630 days 14:00:00,80,1,18.276335090141743,35.35838866899529,-11.388143219999113,6.214729437380817,-2.854827202470076,12 days 22:31:45.882352941,2 days 17:58:05.714285714,-7.252386083373569,-0.6635025889236285,-0.5638945134908318,0.9718472317388003,-0.4117067433167489,30.393948660468496,0.967603357364397,0.3811826252377933,-0.007440889575559737,None,None,-0.00003509138280202716,-0.21223268318666025,-0.5619145515797497,-0.2490871379938796,0.3849601765193575,-2.609346457970779,4 days 21:56:14.999999998,false
XMR-USD,false,79,82,81,21.25,0.5813391193853422,0.11019283746556474,0.0001,0.00003269230769230769,3.347107438016529,6.652892561983471,0.0003347107438016529,-0.8965768504921614,0,0,17424,726 days 01:00:00,1000.0,441.6195129775083,-55.83804870224917,34.915698157888286,100.0,127.87647378712788,60.076464245910834,630 days 14:00:00,80,1,18.42377150536953,34.61126953247022,-10.766294701902147,6.159318230889846,-2.830600272566082,12 days 22:38:49.411764705,2 days 18:01:54.285714285,-7.210053231598268,-0.6531252185356713,-0.5608424845087818,0.972302251144198,-0.4119804426979435,30.230515369560365,0.9676558867610047,0.38162067871868055,-0.007451445542635744,None,None,-0.000034593819441481,-0.20922341998207708,-0.5583804870224924,-0.24699011101830415,0.3855316220835954,-2.599224751278073,4 days 22:00:44.999999998,false
XMR-USD,false,80,81,81,21.25,0.5788737035125016,0.11019283746556474,0.0001,0.00003269230769230769,3.347107438016529,6.652892561983471,0.0003347107438016529,-0.9052125468280466,0,0,17424,726 days 01:00:00,1000.0,439.0368569282555,-56.09631430717445,34.915698157888286,100.0,127.157537214043,60.07646424591082,630 days 14:00:00,80,1,18.31602657216314,34.61126953247022,-10.766294701902169,6.159318230889849,-2.8395000782444364,12 days 22:38:49.411764705,2 days 18:02:51.428571428,-7.2409896205488415,-0.6594382572336815,-0.5640921203312229,0.9720410039739652,-0.4118045785292604,30.22552547385446,0.9675978495822289,0.38162067871868055,-0.007446826610916475,None,None,-0.000034929496028548236,-0.21125359198065974,-0.5609631430717419,-0.2485215123441885,0.38554593173105756,-2.60662158475273,4 days 22:01:29.999999998,false
XMR-USD,false,8,12,674,21.2481426448737,0.3295804554494541,0.9269972451790633,0.0001,0.000032689450222882614,27.85123966942149,55.66115702479339,0.0027851239669421488,-5.853500213158911,0,0,17424,726 days 01:00:00,1000.0,15.405178461808873,-98.45948215381911,34.915698157888286,100.0,353.31640593634637,98.50124553808469,725 days 02:00:00,673,1,0.048444450114224935,16.68255658221163,-11.805396837296515,1.7009238028176559,-1.2254932326254724,1 days 08:24:45.314685314,0 days 08:53:32.830188679,-1.4630657741282422,-4.360104414451064,-0.8906347412943332,0.8289807166047416,-0.41222943782529153,37.69406132220618,1.0163896372140293,0.34847546819377806,-0.00782319403673035,None,None,-0.00022750841759659914,-1.3759709096242316,-0.9845948215381916,-0.7650574138588804,0.37980311677424244,-3.8199201891535073,0 days 13:53:24.160475482,false
XMR-USD,false,17,26,307,21.241830065359476,0.4232522315294581,0.4214876033057851,0.0001,0.000032679738562091506,12.685950413223141,25.330578512396695,0.0012685950413223142,-2.8093338960799437,0,0,17424,726 days 01:00:00,1000.0,132.3957327819661,-86.76042672180338,34.915698157888286,100.0,255.63871718519152,87.58658840183728,722 days 11:00:00,306,1,6.126186235567388,23.389151865388296,-5.267919750349731,2.8739767874605917,-1.5823429017168988,3 days 07:09:13.846153846,0 days 18:15:56.016597510,-2.855328279260134,-2.0223613330356347,-0.7285793247161797,0.9186565381111171,0.32807943774796744,22.201987569202416,1.0054099380001902,0.37410298872328684,-0.0076991607024347415,None,None,-0.00010437327249589389,-0.6312495520551662,-0.8676042672180346,-0.5043062741377935,0.3756544100637259,-3.4848544150391603,1 days 07:11:57.647058822,false
XMR-USD,false,18,43,227,21.238938053097346,0.4732628290621406,0.31129476584022037,0.0001,0.000032675289312457456,9.3801652892562,18.71900826446281,0.00093801652892562,-1.9881252656171025,0,0,17424,726 days 01:00:00,1000.0,221.49524811324886,-77.85047518867512,34.915698157888286,100.0,218.10150263702812,79.46849936844515,722 days 11:00:00,226,1,10.518164522147089,20.680218971042226,-6.928026011026202,3.664909130622073,-1.7933059499584663,4 days 14:48:45,1 days 00:25:57.303370786,-3.4912518425172507,-1.4310345468869718,-0.6685630785857258,0.9417501579834094,0.18716004807457254,22.89900806038057,0.9921422224155317,0.3866783383733885,-0.007624566622412794,None,None,-0.00007460163725458675,-0.45119070211574064,-0.7785047518867506,-0.4073692813550144,0.3794514222121435,-3.229669727256674,1 days 18:46:43.539823007,false
XMR-USD,false,20,40,227,21.238938053097346,0.46110816214393074,0.31129476584022037,0.0001,0.000032675289312457456,9.3801652892562,18.71900826446281,0.00093801652892562,-2.0479599882761934,0,0,17424,726 days 01:00:00,1000.0,212.20326932400963,-78.77967306759903,34.915698157888286,100.0,213.79674350239918,80.66468917163583,722 days 11:00:00,226,1,10.74929688180407,20.680218971042212,-6.928026011026206,3.625605183388969,-1.8087588809824886,4 days 14:52:30,1 days 00:20:13.483146067,-3.533389502468118,-1.4732667048072623,-0.6710337398879873,0.9401165136911394,0.1966025472658899,22.721842613535017,0.99410838427982,0.3865679955438848,-0.007650913471011362,None,None,-0.00007700017109525537,-0.46569703478410446,-0.7877967306759912,-0.4161193978533003,0.38042430898019153,-3.256282337857272,1 days 18:43:00.530973450,false
XMR-USD,false,7,18,585,21.232876712328768,0.3517972063890288,0.8044077134986226,0.0001,0.00003266596417281349,24.173553719008265,48.30578512396694,0.0024173553719008265,-4.924736970267226,0,0,17424,726 days 01:00:00,1000.0,29.1035350062632,-97.08964649937369,34.915698157888286,100.0,347.78427197962617,97.19596465755296,725 days 02:00:00,584,1,0.5854865793173865,16.505653339608426,-11.805396837296518,1.8268141912755407,-1.2420460122386576,1 days 14:56:07.741935483,0 days 09:56:36.521739130,-1.663496492419612,-3.6460217698630664,-0.8550142260074275,0.8552139528622132,-0.402608226514916,37.21275896245489,1.0175419019294307,0.3558201058201058,-0.0077799253763918665,None,None,-0.00019092397252956335,-1.154708185858799,-0.9708964649937364,-0.7070086893537303,0.3811528302668196,-3.7806875308732386,0 days 16:05:57.534246574,false
XMR-USD,false,14,85,180,21.22905027932961,0.4952644343956751,0.2465564738292011,0.0001,0.00003266007735281478,7.43801652892562,14.834710743801653,0.000743801652892562,-1.427188324676835,0,0,17424,726 days 01:00:00,1000.0,318.4157074386244,-68.15842925613757,34.915698157888286,100.0,196.7713581651797,70.26529263191182,722 days 11:00:00,179,1,15.120634983387504,22.239846018718097,-5.570763989160792,3.750170269550806,-1.792104678573382,6 days 03:56:50.526315789,1 days 04:54:53.617021276,-3.8922062991327584,-1.0257874108247507,-0.6226035882596874,0.9579303772168946,0.10416708670540831,23.062323360288993,0.9876154775914027,0.39177316293929715,-0.007555296026784036,None,None,-0.00005367958182062552,-0.32465411085114315,-0.681584292561377,-0.327804518492432,0.3808988868139116,-2.9520855332156364,2 days 06:11:03.687150836,false
XMR-USD,false,15,74,180,21.22905027932961,0.48692548045908335,0.2465564738292011,0.0001,0.00003266007735281478,7.43801652892562,14.834710743801653,0.000743801652892562,-1.4969121390496234,0,0,17424,726 days 01:00:00,1000.0,305.0383985325677,-69.49616014674322,34.915698157888286,100.0,198.62037136498347,71.60032425602064,722 days 11:00:00,179,1,14.48538552708527,21.246964398202277,-7.125563139087602,3.706696183375017,-1.8101688222573815,6 days 00:31:34.736842105,1 days 05:41:16.595744680,-3.963390988796186,-1.0765991107766817,-0.627765137586905,0.9558295182201725,0.10542797659941021,23.255109148385532,0.9892884430135499,0.3895534290271132,-0.007529929648075628,None,None,-0.00005620103636546011,-0.33990386793830274,-0.694961601467434,-0.33774402159657635,0.3799690751101474,-2.9903986978144497,2 days 06:04:01.340782122,false
XMR-USD,false,15,75,180,21.22905027932961,0.4874591698068268,0.2465564738292011,0.0001,0.00003266007735281478,7.43801652892562,14.834710743801653,0.000743801652892562,-1.4958841029930794,0,0,17424,726 days 01:00:00,1000.0,304.7850730261115,-69.52149269738885,34.915698157888286,100.0,195.93805917952236,71.62390935965236,722 days 11:00:00,179,1,14.473355836257724,21.24696439820229,-7.125563139087593,3.763355080536659,-1.8248756234336232,6 days 00:31:34.736842105,1 days 05:41:42.127659574,-3.9647390101125577,-1.0761252961766103,-0.6278793862226952,0.9558574933559277,0.0998221434056757,23.20344222413035,0.9907085039698874,0.3892210794865662,-0.0075344688670548245,None,None,-0.00005622696173071725,-0.34006066454737793,-0.6952149269738915,-0.3379349660604216,0.3803117300453071,-2.9911242325160923,2 days 06:04:21.452513965,false
XMR-USD,false,18,46,213,21.22641509433962,0.49594877116411784,0.29201101928374656,0.0001,0.00003265602322206096,8.801652892561984,17.56198347107438,0.0008801652892561984,-1.7879025399657904,0,0,17424,726 days 01:00:00,1000.0,252.61819381044154,-74.73818061895584,34.915698157888286,100.0,213.75652252496485,76.79258208721748,722 days 11:00:00,212,1,11.996102609060557,20.68021897104222,-6.168481229071122,3.9068217592779155,-1.833145366634214,4 days 22:10:40,1 days 02:01:04.670658682,-3.5819712679180116,-1.2847706856364964,-0.65015418514148,0.9474914554630217,0.1941800176016246,22.80334076055366,0.9936867804876525,0.386899076727157,-0.007617955658402052,None,None,-0.00006703614119125063,-0.4054345819246838,-0.747381806189555,-0.37969835906295346,0.3797880822873557,-3.140532326777224,1 days 21:34:48.679245282,false
XMR-USD,false,26,34,213,21.22641509433962,0.5070845414152446,0.29201101928374656,0.0001,0.00003265602322206096,8.801652892561984,17.56198347107438,0.0008801652892561984,-1.6659347269988551,0,0,17424,726 days 01:00:00,1000.0,273.4423736800811,-72.65576263199189,34.915698157888286,100.0,213.5768419350513,75.30717259627204,722 days 11:00:00,212,1,13.85140419427006,20.68021897104223,-6.928026011026217,3.952849644151471,-1.8004488105930507,4 days 22:20:00,1 days 01:54:15.089820359,-3.4924954269537105,-1.1932074287361878,-0.6359658471654869,0.9512091267060112,0.2233096203689843,22.585067570569137,0.9972952186589186,0.38800382348255535,-0.007668197179948032,None,None,-0.00006242720174555107,-0.3775597161570929,-0.7265576263199203,-0.36240756784660866,0.3808165938205012,-3.0808910165119303,1 days 21:31:24.905660376,false
XMR-USD,false,11,49,279,21.223021582733814,0.41411163931900363,0.38292011019283745,0.0001,0.000032650802434975096,11.52892561983471,23.016528925619834,0.001152892561983471,-2.5363817387266274,0,0,17424,726 days 01:00:00,1000.0,157.65722301342953,-84.23427769865704,34.915698157888286,100.0,235.18154199526722,85.39558720822559,722 days 11:00:00,278,1,7.295080356956987,24.87919777977621,-6.189806240950022,2.9506232441369162,-1.6049587844864317,3 days 21:09:09.152542372,0 days 18:56:09.863013698,-3.0562512854083717,-1.8269161152794469,-0.7083899416231972,0.9263278690224268,0.28520901014398553,22.5827378622978,0.999079153977851,0.38162067871868055,-0.00763152179938265,None,None,-0.00009433831928583717,-0.5705581550407431,-0.8423427769865697,-0.473332524304922,0.37586117947116826,-3.412504464832719,1 days 10:41:13.381294962,false
XMR-USD,false,22,23,279,21.223021582733814,0.45575749904065876,0.38292011019283745,0.0001,0.000032650802434975096,11.52892561983471,23.016528925619834,0.001152892561983471,-2.3837497644155405,0,0,17424,726 days 01:00:00,1000.0,176.27696055927322,-82.37230394407268,34.915698157888286,100.0,253.58305926628205,83.7167126590701,722 days 11:00:00,278,1,8.15664875849356,23.389151865388296,-5.914882632735084,3.0945501914687865,-1.5916162965170615,3 days 15:47:47.796610169,0 days 20:01:55.068493150,-2.992372979133886,-1.7094756122536265,-0.6953549782439709,0.9308508352665328,0.34522213130498114,22.355269521691937,1.005755847995439,0.3771437603730341,-0.007631521799382607,None,None,-0.00008800565314883938,-0.5322581902441806,-0.8237230394407287,-0.45252551251761164,0.37471890591734436,-3.3591767683288563,1 days 10:24:49.208633092,false
XMR-USD,false,10,58,265,21.21212121212121,0.43568690286701817,0.36363636363636365,0.0001,0.000032634032634032635,10.950413223140496,21.859504132231404,0.0010950413223140495,-2.318138692656418,0,0,17424,726 days 01:00:00,1000.0,181.46097346102897,-81.85390265389711,34.915698157888286,100.0,230.3181248646601,83.1580149437163,722 days 11:00:00,264,1,8.39652226360144,24.360729949532008,-5.914882632735078,3.278227310850447,-1.6649651172538737,4 days 04:18:12.857142857,0 days 19:17:18.461538461,-3.1323316242521764,-1.6670857935953975,-0.6926510886575351,0.9325469351258237,0.28569327355261037,22.483147589087288,0.9971540034377944,0.38249761980323704,-0.007595606630086827,None,None,-0.00008623004359596154,-0.5215193036683754,-0.8185390265389703,-0.4469900909243385,0.37649446809081694,-3.344329541507517,1 days 12:28:24.545454544,false
XMR-USD,false,48,89,100,21.21212121212121,0.518152477605211,0.13636363636363635,0.0001,0.000032634032634032635,4.132231404958678,8.223140495867769,0.0004132231404958678,-1.2851518379858593,0,0,17424,726 days 01:00:00,1000.0,343.18469505598114,-65.68153049440188,34.915698157888286,100.0,137.84079876665373,71.13396337480239,630 days 14:00:00,99,1,16.933427048633916,19.95888321899877,-8.735543285074742,5.184531987248869,-2.7057447799887697,10 days 13:42:51.428571428,2 days 05:17:41.538461538,-6.80554274740052,-0.9331211814125389,-0.5846514181535835,0.9609668854394573,-0.1886575102429059,26.780704472691916,0.9705446284837054,0.3819494012213498,-0.007508037222203316,None,None,-0.000049190795939822496,-0.29750593384404644,-0.6568153049440206,-0.3100977908081314,0.3837105554320776,-2.8811461308145963,3 days 23:48:29.090909090,false
XMR-USD,false,49,88,100,21.21212121212121,0.5119923990970335,0.13636363636363635,0.0001,0.000032634032634032635,4.132231404958678,8.223140495867769,0.0004132231404958678,-1.3122286509538896,0,0,17424,726 days 01:00:00,1000.0,337.1169151082321,-66.2883084891768,34.915698157888286,100.0,137.68793855726818,71.60964752412637,630 days 14:00:00,99,1,16.634030512096558,19.958883218998743,-8.735543285074751,5.139185825410736,-2.7165995098215374,10 days 13:45:42.857142857,2 days 05:15:23.076923076,-6.863809246503686,-0.9527209443934843,-0.5880502485393947,0.9601606913094404,-0.18721797439262464,26.793635824896914,0.9717385125352103,0.38129211256440754,-0.007499079125261135,None,None,-0.000050217635238396916,-0.30371625792182455,-0.6628830848917693,-0.314356250628529,0.3836617376166833,-2.898524502916196,3 days 23:47:16.363636362,false
XMR-USD,false,52,88,100,21.21212121212121,0.5279688581113536,0.13636363636363635,0.0001,0.000032634032634032635,4.132231404958678,8.223140495867769,0.0004132231404958678,-1.1972899660252092,0,0,17424,726 days 01:00:00,1000.0,364.87088013776884,-63.512911986223116,34.915698157888286,100.0,139.9957989625022,68.67926539889689,630 days 14:00:00,99,1,17.326655895874694,18.62320435521869,-7.19313852754047,5.093278995712155,-2.6105145748921177,10 days 14:20:00,2 days 04:58:27.692307692,-6.590462381395014,-0.868610470375463,-0.5789409946299087,0.9635755529550293,-0.18655187051747357,26.960184709197225,0.9728002096534526,0.3807448494453249,-0.007482015876363786,None,None,-0.000045714698157494534,-0.27648249445652695,-0.6351291198622324,-0.2952680144193298,0.38307934906881597,-2.8190360020589775,3 days 23:41:12.727272726,false
XMR-USD,false,53,83,100,21.21212121212121,0.5170823486731336,0.13636363636363635,0.0001,0.000032634032634032635,4.132231404958678,8.223140495867769,0.0004132231404958678,-1.3113191287327854,0,0,17424,726 days 01:00:00,1000.0,336.14387948550143,-66.38561205144985,34.915698157888286,100.0,137.9871552443503,71.77904472999234,630 days 14:00:00,99,1,16.586018966212976,19.958883218998768,-8.735543285074746,5.200839317710788,-2.7353410735255297,10 days 13:28:34.285714285,2 days 05:00:00,-6.873152924047585,-0.9534138740563068,-0.5878335687129381,0.9600474357591073,-0.20839091326068074,26.72914330413179,0.9704479496464972,0.38019801980198015,-0.007517332111407932,None,None,-0.00005034066510889157,-0.3044603425785762,-0.6638561205144967,-0.31504378654771314,0.3843221595401117,-2.90131131708308,3 days 23:31:30.909090908,false
XMR-USD,false,55,81,100,21.21212121212121,0.5190370948882588,0.13636363636363635,0.0001,0.000032634032634032635,4.132231404958678,8.223140495867769,0.0004132231404958678,-1.2921120011383453,0,0,17424,726 days 01:00:00,1000.0,340.4767415145782,-65.95232584854219,34.915698157888286,100.0,139.3315745564626,71.64026898794043,630 days 14:00:00,99,1,16.799811143248178,19.78542602625741,-8.994368202755664,5.128587366668284,-2.7015382388481823,10 days 13:34:17.142857142,2 days 04:57:41.538461538,-6.831546157865356,-0.9389314875470854,-0.5837601993795878,0.9606350880880641,-0.20251480398874572,26.71694543895405,0.970439528687171,0.38030735107731306,-0.007508037222203253,None,None,-0.00004959604845464722,-0.29995690105370637,-0.6595232584854192,-0.3119921485203283,0.38447766539577655,-2.8889018214760225,3 days 23:30:54.545454544,false
XMR-USD,false,87,88,67,21.21212121212121,0.5592872785095251,0.09090909090909091,0.0001,0.000032634032634032635,2.768595041322314,5.4958677685950414,0.0002768595041322314,-0.9224067912045425,0,0,17424,726 days 01:00:00,1000.0,422.39970208339616,-57.760029791660386,34.915698157888286,100.0,102.78219087272906,62.464434856352035,630 days 14:00:00,66,1,16.572008386947005,35.2034211910101,-10.70915535472835,7.40885525966425,-3.4770655428878667,14 days 06:51:25.714285714,3 days 17:45:00,-9.002610701568951,-0.6801060721446304,-0.5628838167247642,0.9709048068063714,-1.0155881883048883,41.830579277391564,0.9596595805021035,0.3840349483717236,-0.007489941431631812,None,None,-0.00003667154082163642,-0.22178947888925707,-0.5776002979166018,-0.25853042626482803,0.39247360094851724,-2.654271082607896,5 days 23:26:21.818181817,false
XMR-USD,false,87,89,67,21.21212121212121,0.5527581537410615,0.09090909090909091,0.0001,0.000032634032634032635,2.768595041322314,5.4958677685950414,0.0002768595041322314,-0.9348773880794544,0,0,17424,726 days 01:00:00,1000.0,418.83014267019826,-58.116985732980176,34.915698157888286,100.0,101.63527522311745,62.62500961794885,630 days 14:00:00,66,1,16.431963855093784,35.46542843617662,-10.70915535472834,7.392298784963927,-3.48828481013611,14 days 07:08:34.285714285,3 days 17:39:13.846153846,-9.054573048255982,-0.689326209992408,-0.5658484419902551,0.9705114405129379,-1.0158164407248083,41.85824553212086,0.9598685465863547,0.3838151207115629,-0.007482015876363759,None,None,-0.00003716267801381061,-0.22475987662752658,-0.5811698573298003,-0.26071127431182683,0.39241008026650587,-2.664494448032401,5 days 23:25:27.272727271,false
XMR-USD,false,88,89,67,21.21212121212121,0.5435679201972651,0.09090909090909091,0.0001,0.000032634032634032635,2.768595041322314,5.4958677685950414,0.0002768595041322314,-0.9717076229346782,0,0,17424,726 days 01:00:00,1000.0,407.2830207511206,-59.271697924887945,34.915698157888286,100.0,98.04625140399932,62.2152675801678,630 days 14:00:00,66,1,15.978935596919769,35.46542843617658,-10.179364430945936,7.580829449960009,-3.5866315430233118,14 days 07:21:25.714285714,3 days 17:39:13.846153846,-9.2226653764515,-0.7171042393951712,-0.584058335715758,0.9693358062338685,-1.024184233111828,41.662235459536454,0.9597066425957842,0.383705233065989,-0.007488437220127299,None,None,-0.000038724230747004787,-0.23420414755788496,-0.5927169792488791,-0.26785032014194077,0.3930596414473493,-2.697565881594639,5 days 23:28:10.909090907,false
XMR-USD,false,16,31,284,21.20141342756184,0.4612969290825685,0.38980716253443526,0.0001,0.00003261755911932591,11.735537190082646,23.429752066115704,0.0011735537190082645,-2.396751054582797,0,0,17424,726 days 01:00:00,1000.0,174.32117997675664,-82.56788200232434,34.915698157888286,100.0,258.94243757688014,83.897374596398,722 days 11:00:00,283,1,8.066151309424498,23.38915186538831,-5.9148826327350745,3.0836108436088545,-1.5789843268136299,3 days 13:12:00,0 days 20:04:18.295964125,-2.9460953050624292,-1.7200152788826386,-0.6966434459364498,0.9304889879253881,0.33831794025447715,22.294307111205633,1.0059708460301426,0.37834203448821385,-0.0076575730128035065,None,None,-0.00008862539920080959,-0.5360064143664964,-0.8256788200232443,-0.45464147170450764,0.3750454007388799,-3.364778204604518,1 days 09:52:47.491166076,false
XMR-USD,false,15,71,185,21.195652173913043,0.4746808368379577,0.2534435261707989,0.0001,0.00003260869565217392,7.644628099173554,15.24793388429752,0.0007644628099173554,-1.5986571116956352,0,0,17424,726 days 01:00:00,1000.0,285.9228355097424,-71.40771644902576,34.915698157888286,100.0,196.80892421953058,73.45867876936431,722 days 11:00:00,184,1,13.577643087821968,21.24696439820229,-7.125563139087607,3.6883357529129612,-1.8238679780219627,5 days 19:39:59.999999999,1 days 05:02:53.793103448,-3.9546456933591343,-1.150901682897011,-0.6358736108307104,0.9528030154486583,0.10322857478982736,23.415594087954123,0.989389086062396,0.38789326961369974,-0.007534468867054872,None,None,-0.000059961533492198976,-0.3626473545608194,-0.7140771644902566,-0.35245379838209234,0.37922106228468805,-3.0451464589400756,2 days 04:29:40.434782607,false
XMR-USD,false,7,33,421,21.19047619047619,0.40729718773144247,0.5785123966942148,0.0001,0.0000326007326007326,17.396694214876035,34.75206611570248,0.0017396694214876036,-3.360231957562291,0,0,17424,726 days 01:00:00,1000.0,86.27932407049616,-91.37206759295037,34.915698157888286,100.0,310.0724022268802,91.8910037136875,722 days 11:00:00,420,1,3.992297911936376,21.123879122043228,-11.52063710364104,2.3511790821447507,-1.347993568463252,2 days 12:44:29.662921348,0 days 12:13:35.709969788,-2.1850308900986626,-2.4652071546615346,-0.7707195239817174,0.9004155309450588,-0.41962924238149496,36.85801304176728,1.009777741181296,0.36859880615771284,-0.007672555628129267,None,None,-0.00012865063606083804,-0.7780790468959485,-0.9137206759295059,-0.5727653092099323,0.37985378880676285,-3.6169337121591325,0 days 22:30:25.714285713,false
XMR-USD,false,12,33,322,21.18380062305296,0.4313908963776819,0.44214876033057854,0.0001,0.00003259046249700456,13.305785123966942,26.5702479338843,0.0013305785123966943,-2.784979595564059,0,0,17424,726 days 01:00:00,1000.0,134.58924166542351,-86.54107583345765,34.915698157888286,100.0,272.1673737239032,87.41829494841076,722 days 11:00:00,321,1,6.227683796304973,23.465520524001384,-6.189806240950008,2.772579662368449,-1.5082332292438307,3 days 03:53:49.411764705,0 days 17:17:18.735177865,-2.7153845549248623,-2.0046658736197562,-0.7265482716908377,0.9192416301502333,0.3246024694762979,22.26884579476364,1.0106997644554196,0.373020250571271,-0.007653090036454308,None,None,-0.0001034357111950356,-0.6255791813075753,-0.865410758334575,-0.5014710733465353,0.3755661585073356,-3.4785721151019278,1 days 05:42:14.579439251,false
XMR-USD,false,18,52,204,21.182266009852217,0.4737457583056185,0.2796143250688705,0.0001,0.0000325881015536188,8.429752066115702,16.81818181818182,0.0008429752066115702,-1.783160713086599,0,0,17424,726 days 01:00:00,1000.0,251.76701007389408,-74.82329899261059,34.915698157888286,100.0,203.83571576775043,77.09371538148396,722 days 11:00:00,203,1,12.544196777024553,20.980269207092288,-6.16848122907111,3.751913225235327,-1.83402424670127,5 days 02:34:53.023255813,1 days 03:14:15,-3.747670870458766,-1.2854478004122023,-0.6487157691656638,0.9473327441781665,0.10634663934323929,23.5017028570214,0.9909868348376818,0.386899076727157,-0.007581889598690312,None,None,-0.00006718566117735046,-0.4063388788006156,-0.7482329899261055,-0.38042459704134357,0.38043467512154816,-3.14297015211498,1 days 23:26:00.591133004,false
XMR-USD,false,20,44,204,21.182266009852217,0.51528876529545,0.2796143250688705,0.0001,0.0000325881015536188,8.429752066115702,16.81818181818182,0.0008429752066115702,-1.550958402255597,0,0,17424,726 days 01:00:00,1000.0,295.5318576020661,-70.44681423979338,34.915698157888286,100.0,207.11190013256677,73.2297625771375,722 days 11:00:00,203,1,14.970361604302695,20.680218971042223,-6.168481229071107,4.11778398403566,-1.8257717035905625,5 days 00:34:53.023255813,1 days 03:48:00,-3.5440320394198945,-1.1108595191318607,-0.6256677457866542,0.9544293066309443,0.2167315710744537,22.734726320317016,0.9973845097037293,0.38745123019348676,-0.007614668757779335,None,None,-0.00005801273033900578,-0.35086099309030694,-0.7044681423979335,-0.34498180830779357,0.38012121539717686,-3.017625823239561,1 days 23:27:11.527093594,false
XMR-USD,false,6,17,662,21.18003025718608,0.3343051099529365,0.9104683195592287,0.0001,0.00003258466193413243,27.355371900826448,54.66942148760331,0.002735537190082645,-5.59463034960715,0,0,17424,726 days 01:00:00,1000.0,17.981239801104834,-98.20187601988951,34.915698157888286,100.0,354.92958047869257,98.25433265724087,725 days 02:00:00,661,1,0.056545354323294106,16.68255658221163,-11.805396837296522,1.6795691577762715,-1.2020800502999875,1 days 10:02:08.571428571,0 days 08:53:12.322456813,-1.4857417633180336,-4.162099369865799,-0.8827770710186144,0.8363149025714588,-0.41897158711567156,37.035159780560925,1.0207472618802609,0.3512989530825901,-0.007838492424203944,None,None,-0.00021849139285956722,-1.3214359440146626,-0.9820187601988952,-0.752103909298679,0.3821024592332461,-3.812542243200237,0 days 14:12:47.927382752,false
XMR-USD,false,13,48,256,21.176470588235293,0.4494535152498125,0.3512396694214876,0.0001,0.00003257918552036199,10.578512396694215,21.115702479338843,0.0010578512396694215,-2.202418670463651,0,0,17424,726 days 01:00:00,1000.0,195.42391803335568,-80.45760819666444,34.915698157888286,100.0,230.94796395385225,81.89710871602814,722 days 11:00:00,255,1,9.042612564622374,24.360729949532004,-6.399618215274414,3.3533131939960716,-1.6725922815610579,4 days 03:55:33.333333333,0 days 21:15:49.253731343,-3.190661547181439,-1.5828382491639281,-0.6836568818410393,0.9359289907355093,0.28487725646601353,22.349360882474986,0.9945692242853009,0.38590630716614965,-0.007638748123339025,None,None,-0.00008195311012162542,-0.49565241001559057,-0.8045760819666454,-0.4325766344632985,0.3768659040849731,-3.304339092199626,1 days 13:55:17.647058822,false
XMR-USD,false,19,32,256,21.176470588235293,0.44410820924929734,0.3512396694214876,0.0001,0.00003257918552036199,10.578512396694215,21.115702479338843,0.0010578512396694215,-2.2627503122652657,0,0,17424,726 days 01:00:00,1000.0,191.24590095564054,-80.87540990443594,34.915698157888286,100.0,233.7593345474244,82.37533773366674,722 days 11:00:00,255,1,9.081711086682873,23.465520524001395,-6.399618215274418,3.2077180261982696,-1.648310029428095,3 days 21:10:00,0 days 22:54:55.522388059,-3.20719925541585,-1.6215450466105668,-0.6854610321052705,0.9344492901195628,0.35477040017711997,22.382380310755416,0.9991881540274522,0.38249761980323704,-0.0076179556584019216,None,None,-0.00008336166215515737,-0.5041713327143917,-0.8087540990443597,-0.43681692147791296,0.37419268377081716,-3.316305105477728,1 days 13:47:31.764705881,false
XMR-USD,false,59,88,86,21.176470588235293,0.5677380533672737,0.11707988980716254,0.0001,0.00003257918552036199,3.553719008264463,7.066115702479339,0.0003553719008264463,-0.9964608843259183,0,0,17424,726 days 01:00:00,1000.0,420.2690247552255,-57.97309752447746,34.915698157888286,100.0,129.5305211947283,63.83818381332,630 days 14:00:00,85,1,19.446595902987326,18.057665683864617,-6.592258619305261,5.888302998322356,-2.806954027007998,11 days 21:33:20,2 days 16:12:32.238805970,-7.04914789585602,-0.721086053703723,-0.5533498728252051,0.9696458096927029,-0.14003232108182143,26.994162691770747,0.9724751221845129,0.37997940920250256,-0.007440889575559812,None,None,-0.000037739699606423485,-0.22824970321964924,-0.5797309752447741,-0.2598307245047331,0.3809511485290008,-2.660373430378621,4 days 15:04:56.470588234,false
XMR-USD,false,66,88,86,21.176470588235293,0.5721826127688631,0.11707988980716254,0.0001,0.00003257918552036199,3.553719008264463,7.066115702479339,0.0003553719008264463,-0.9873861169049065,0,0,17424,726 days 01:00:00,1000.0,415.62639111995543,-58.437360888004456,34.915698157888286,100.0,133.38781477375753,63.65097845943216,630 days 14:00:00,85,1,19.231772980257574,17.25620794597986,-11.388143219999103,5.834429571888549,-2.8033162981700843,12 days 02:26:40,2 days 14:51:56.417910447,-7.101239786591785,-0.7196498161230506,-0.5606358064544738,0.9695137633801829,-0.4132187827847558,30.31865478806249,0.9707254031594559,0.38030735107731306,-0.0074427227547661364,None,None,-0.000038091560684528176,-0.2303777590200264,-0.5843736088800432,-0.26267898711187854,0.38527026574196616,-2.6736701246456978,4 days 15:03:31.764705881,false
XMR-USD,false,67,87,86,21.176470588235293,0.5742262574013618,0.11707988980716254,0.0001,0.00003257918552036199,3.553719008264463,7.066115702479339,0.0003553719008264463,-0.9742671363842871,0,0,17424,726 days 01:00:00,1000.0,419.2746099681201,-58.072539003188,34.915698157888286,100.0,133.84456440918404,63.3319198329111,630 days 14:00:00,85,1,19.400582560614453,17.25620794597986,-11.38814321999911,5.834429571888549,-2.7909308995171807,12 days 02:26:40,2 days 14:54:37.611940298,-7.0603055599117095,-0.7100387940996769,-0.5589887160020218,0.969922805362031,-0.41309858174563513,30.304129898908776,0.970124662345458,0.3807448494453249,-0.0074427227547661364,None,None,-0.000037587203067720596,-0.22732740415357416,-0.5807253900318798,-0.26043906400359895,0.38531496521364056,-2.6632214753542893,4 days 15:05:38.823529411,false
XMR-USD,false,8,10,733,21.174863387978142,0.333484585759089,1.0082644628099173,0.0001,0.00003257671290458176,30.289256198347108,60.53719008264463,0.003028925619834711,-6.18971212377642,0,0,17424,726 days 01:00:00,1000.0,11.966083981032398,-98.80339160189676,34.915698157888286,100.0,365.5982778399642,98.83512766807125,725 days 02:00:00,732,1,0.0376295776072233,15.368985863521786,-11.805396837296529,1.675777073898861,-1.1972090293728044,1 days 04:54:58.064516129,0 days 08:21:00.311958405,-1.3498245158423172,-4.607238486316426,-0.9024343872215511,0.8196008194883351,-0.3347004271976933,37.39549775085283,1.021611229664438,0.3447291248649483,-0.007895849802924374,None,None,-0.00024186036060398568,-1.4627714609329054,-0.9880339160189672,-0.7847807337223746,0.38210431931594496,-3.8297698976291192,0 days 12:42:17.704918031,false
XMR-USD,false,6,12,752,21.171770972037287,0.3304657126156775,1.034435261707989,0.0001,0.00003257195534159583,31.074380165289256,62.107438016528924,0.003107438016528926,-6.064309700126589,0,0,17424,726 days 01:00:00,1000.0,13.041915231219718,-98.69580847687803,34.915698157888286,100.0,371.574593080115,98.73287417009892,725 days 02:00:00,751,1,0.04101272915332821,15.368985863521804,-11.805396837296518,1.6635693505388114,-1.1606758242464132,1 days 04:21:53.207547169,0 days 08:04:21.486486486,-1.3142464680398571,-4.507456531113923,-0.8985272586965664,0.8234546804069286,-0.3260118696954697,37.19560309457482,1.027061174443547,0.3449367088607595,-0.007879205861022778,None,None,-0.0002368935412836998,-1.4327321376838165,-0.9869580847687788,-0.7782526109141044,0.3825424344552767,-3.826688672544281,0 days 12:22:07.829560584,false
XMR-USD,false,18,29,275,21.16788321167883,0.44451724842220425,0.3774104683195592,0.0001,0.00003256597417181359,11.363636363636363,22.685950413223143,0.0011363636363636363,-2.388647652470265,0,0,17424,726 days 01:00:00,1000.0,175.55322600883437,-82.44467739911656,34.915698157888286,100.0,245.8540249715258,83.78356641923223,722 days 11:00:00,274,1,8.123160272513417,23.46552052400138,-6.399618215274412,3.1009269433471145,-1.6028120083083537,3 days 16:17:35.172413793,0 days 20:40:50,-3.0385764024221893,-1.7134423684932805,-0.6958306194024129,0.9307264733157762,0.3426790173125098,22.340129518614432,1.0052858205820254,0.37812401138880103,-0.007641628599557631,None,None,-0.00008823502316867459,-0.533645420124144,-0.8244467739911655,-0.4533067258680161,0.37482577432690856,-3.3612495739395762,1 days 10:59:33.722627737,false
XMR-USD,false,8,36,379,21.164021164021165,0.41037383848241615,0.5206611570247934,0.0001,0.00003256003256003256,15.661157024793388,31.280991735537192,0.0015661157024793389,-3.1999995756738526,0,0,17424,726 days 01:00:00,1000.0,95.94057597375138,-90.40594240262486,34.915698157888286,100.0,293.1344668429502,90.93999168642037,722 days 11:00:00,378,1,4.439341235647873,21.418077287554794,-11.595387641454275,2.535016583854943,-1.4381465488522978,2 days 19:04:30,0 days 13:49:19.731543624,-2.403435886936238,-2.343748826006583,-0.7611943830819553,0.9051068368516493,-0.40333278381888116,36.71548978183502,1.0057809999826717,0.3705364165486865,-0.007657573012803522,None,None,-0.00012252026063132098,-0.7410025362982293,-0.9040594240262496,-0.5567326815640156,0.38050011186550114,-3.5892634881253263,1 days 01:05:33.333333332,false
XMR-USD,false,12,81,190,21.164021164021165,0.4854940619006249,0.2603305785123967,0.0001,0.00003256003256003256,7.851239669421488,15.661157024793388,0.0007851239669421488,-1.5864524689473685,0,0,17424,726 days 01:00:00,1000.0,286.95961282834014,-71.30403871716598,34.915698157888286,100.0,205.20201724360354,73.249407296721,722 days 11:00:00,189,1,13.278132106929775,21.246964398202294,-6.070947836557036,3.669705501941133,-1.789543515355102,5 days 16:46:30,1 days 04:13:17.315436241,-3.842955128458144,-1.1424035399940402,-0.636365286312926,0.95317244349862,0.09675915102540669,23.223344970026243,0.9879042131900737,0.3895534290271132,-0.007549268901077608,None,None,-0.0000596865013556681,-0.3609839601990807,-0.7130403871716586,-0.35163978222560044,0.38028966835262296,-3.042177085926512,2 days 03:11:44.761904760,false
XMR-USD,false,14,71,190,21.164021164021165,0.4786571199619095,0.2603305785123967,0.0001,0.00003256003256003256,7.851239669421488,15.661157024793388,0.0007851239669421488,-1.6537643458870945,0,0,17424,726 days 01:00:00,1000.0,274.434318055267,-72.5565681944733,34.915698157888286,100.0,201.77277952713692,74.52512185943571,722 days 11:00:00,189,1,13.032086838958605,20.60557174525708,-7.1255631390876015,3.721312841555681,-1.8324589895958021,5 days 13:52:30,1 days 04:58:23.355704697,-3.9079247025592196,-1.1893056237865474,-0.6413655742961805,0.9512604467094782,0.12888566356927847,23.383814766280434,0.9913032375873922,0.38789326961369974,-0.007569827638455819,None,None,-0.00006221767241484886,-0.37629248276500593,-0.7255656819447341,-0.36160572352489695,0.38078359679097146,-3.0780500468979177,2 days 03:10:28.571428570,false
XMR-USD,false,20,33,242,21.16182572614108,0.451076401391374,0.3319559228650138,0.0001,0.00003255665496329397,10.0,19.958677685950413,0.001,-2.1271616768551715,0,0,17424,726 days 01:00:00,1000.0,205.34774276683004,-79.465225723317,34.915698157888286,100.0,226.39650861833854,81.00206495406405,722 days 11:00:00,241,1,9.751366501410075,24.879197779776206,-6.399618215274416,3.3556218199871495,-1.6938652798334002,4 days 00:51:45.882352941,1 days 00:51:47.368421052,-3.3377743723426523,-1.5272479864246038,-0.6775113540963574,0.9381250103380617,0.28505502379125164,22.340330859191205,0.9956204969394635,0.38524525001987436,-0.007655345219876745,None,None,-0.00007910252409284466,-0.4784120657135245,-0.79465225723317,-0.42273684664985633,0.3769977209530093,-3.275916848747414,1 days 16:05:58.506224064,false
XMR-USD,false,11,55,261,21.153846153846153,0.4356931606433234,0.3581267217630854,0.0001,0.00003254437869822485,10.78512396694215,21.528925619834713,0.001078512396694215,-2.373044921661279,0,0,17424,726 days 01:00:00,1000.0,174.81063003849658,-82.51893699615034,34.915698157888286,100.0,226.5422295104846,83.77525501691304,722 days 11:00:00,260,1,8.088799035058997,24.360729949531994,-6.085687958228599,3.341477941781283,-1.7072605409217574,4 days 06:05:27.272727272,0 days 19:40:05.853658536,-3.2049160346021632,-1.7082802179528533,-0.6969593009899422,0.9310068035584501,0.2788108236289232,22.44335798221228,0.9930225649870407,0.38392502581208793,-0.007624566622412838,None,None,-0.00008836989324024561,-0.5344611143170055,-0.8251893699615026,-0.45411048739167126,0.37653310264219064,-3.3633763994350305,1 days 13:06:13.846153844,false
XMR-USD,false,14,40,261,21.153846153846153,0.43969129680562674,0.3581267217630854,0.0001,0.00003254437869822485,10.78512396694215,21.528925619834713,0.001078512396694215,-2.2742633708479096,0,0,17424,726 days 01:00:00,1000.0,189.109744808472,-81.0890255191528,34.915698157888286,100.0,235.36306790727204,82.54996354500337,722 days 11:00:00,260,1,8.750444529546996,23.465520524001384,-6.399618215274422,3.1688382424136146,-1.6267172155175325,3 days 21:18:32.727272727,0 days 21:59:42.439024390,-3.152464229696444,-1.6304188642563218,-0.6869806537497807,0.9341031470153832,0.3505083821696619,22.25319712721156,1.001974457261463,0.3820590101522842,-0.00762456662241284,None,None,-0.00008396534449480375,-0.5078224035045731,-0.8108902551915285,-0.4390083129764004,0.3748511321975125,-3.3224231448120953,1 days 13:04:50.769230768,false
XMR-USD,false,14,42,261,21.153846153846153,0.4264892898074259,0.3581267217630854,0.0001,0.00003254437869822485,10.78512396694215,21.528925619834713,0.001078512396694215,-2.361710398327535,0,0,17424,726 days 01:00:00,1000.0,176.28449042968316,-82.37155095703169,34.915698157888286,100.0,229.7075127966092,83.73340946779882,722 days 11:00:00,260,1,8.156997179001479,24.87919777977619,-6.399618215274409,3.1572576345534182,-1.656516749645644,3 days 22:46:54.545454545,0 days 21:44:11.707317073,-3.1995096413435387,-1.6991155228823607,-0.6952056046717374,0.9313881083007308,0.2823584680339654,22.45385419295061,0.9972691285776372,0.3840349483717236,-0.007638748123339064,None,None,-0.00008788984072583733,-0.5315577567098642,-0.8237155095703154,-0.4525173956441815,0.3765075715050609,-3.359155202469351,1 days 13:11:18.461538460,false
XMR-USD,false,15,38,261,21.153846153846153,0.43411506694667645,0.3581267217630854,0.0001,0.00003254437869822485,10.78512396694215,21.528925619834713,0.001078512396694215,-2.303565683560023,0,0,17424,726 days 01:00:00,1000.0,185.75924380522918,-81.4240756194771,34.915698157888286,100.0,234.05899793796178,82.85912986907776,722 days 11:00:00,260,1,8.595410883846938,23.4655205240014,-6.399618215274418,3.1481376851528435,-1.630424695781461,3 days 20:31:38.181818181,0 days 22:09:57.073170731,-3.1647544887639176,-1.6516773943223113,-0.6890914727939936,0.9332746563186619,0.35064260706775835,22.294274283679922,1.0035566254443846,0.38096370264701224,-0.0076315217993825814,None,None,-0.0000850059109827505,-0.514115749623675,-0.8142407561947708,-0.44247824217909393,0.3746121382882255,-3.3320191179130543,1 days 13:02:59.999999998,false
XMR-USD,false,16,37,261,21.153846153846153,0.43958216670760936,0.3581267217630854,0.0001,0.00003254437869822485,10.78512396694215,21.528925619834713,0.001078512396694215,-2.331950016342989,0,0,17424,726 days 01:00:00,1000.0,182.39790300479024,-81.76020969952098,34.915698157888286,100.0,235.0122230447734,83.19074331798373,722 days 11:00:00,260,1,8.661545422040291,23.4655205240014,-6.3996182152744145,3.1762933211289903,-1.6463008917764623,3 days 20:44:43.636363636,0 days 22:08:29.268292682,-3.177937086220195,-1.6725513254933118,-0.6910573109498129,0.9324846531807809,0.34969304605628404,22.306954508953872,1.0022465973090158,0.3815111393007215,-0.0076331628391392015,None,None,-0.00008605934797156231,-0.5204869365320088,-0.8176020969952085,-0.44600070658782864,0.37452131694420954,-3.341646136640387,1 days 13:04:36.923076921,false
XMR-USD,false,17,30,280,21.14695340501792,0.44719924442878517,0.384297520661157,0.0001,0.00003253377446925834,11.570247933884298,23.09917355371901,0.0011570247933884298,-2.442401099423878,0,0,17424,726 days 01:00:00,1000.0,169.67107154038558,-83.03289284596144,34.915698157888286,100.0,250.58319817188766,84.32692053136141,722 days 11:00:00,279,1,7.850982514341695,23.389151865388293,-6.399618215274418,3.093955449976978,-1.6009229733370336,3 days 15:34:34.576271186,0 days 20:02:43.636363636,-3.0042290715912494,-1.7524822888893434,-0.6997475221656733,0.9291831054699549,0.34470226310005775,22.375022138923278,1.0056903253420864,0.3772526082832754,-0.007650913471011333,None,None,-0.00009020190380427968,-0.5455411142082836,-0.8303289284596176,-0.4597354343754947,0.3746450601777377,-3.378096307010328,1 days 10:19:34.193548386,false
XMR-USD,false,15,77,176,21.142857142857142,0.5056661954732146,0.24104683195592286,0.0001,0.00003252747252747253,7.272727272727273,14.50413223140496,0.0007272727272727273,-1.4163682642845976,0,0,17424,726 days 01:00:00,1000.0,321.000128294909,-67.8999871705091,34.915698157888286,100.0,195.21830617343522,70.1142557749894,722 days 11:00:00,175,1,15.243361606159056,21.2469643982023,-7.125563139087595,3.957600764684626,-1.850929535331207,6 days 03:27:34.054054054,1 days 06:36:05.217391304,-3.967104190350004,-1.0183447257851526,-0.6206776721625705,0.9581588149638671,0.09990224664480506,23.165366328364744,0.9887195949954279,0.3902186053933302,-0.007536886087186849,None,None,-0.00005323866647543706,-0.3219874548434434,-0.6789998717050891,-0.32591584797473827,0.3805312209871228,-2.944683645260832,2 days 07:18:30.857142856,false
XMR-USD,false,26,86,124,21.138211382113823,0.6394537384297946,0.16942148760330578,0.0001,0.000032520325203252037,5.12396694214876,10.206611570247935,0.000512396694214876,-0.6285052699605138,0,0,17424,726 days 01:00:00,1000.0,534.2933187491328,-46.57066812508672,34.915698157888286,100.0,175.7983888988935,52.66450706151322,635 days 19:00:00,123,1,25.167494920260765,20.39867062582278,-8.039372144347592,5.182390482326253,-1.9862809978611926,8 days 02:16:09.230769230,1 days 22:56:54.432989690,-3.9908469607408765,-0.45097437768442117,-0.5132378499809996,0.9810459792913759,-0.06676106018834482,26.57698772136238,0.9876530236417058,0.3912175648702595,-0.007442722754766123,None,None,-0.00002378305477297047,-0.1438399152669254,-0.4657066812508711,-0.19551908279596542,0.3838607543721,-2.3338031482141597,3 days 06:05:21.951219511,false
XMR-USD,false,27,82,124,21.138211382113823,0.6296160225076853,0.16942148760330578,0.0001,0.000032520325203252037,5.12396694214876,10.206611570247935,0.000512396694214876,-0.6674088316511638,0,0,17424,726 days 01:00:00,1000.0,519.4035985176877,-48.05964014823123,34.915698157888286,100.0,172.36919046382008,53.723455639005245,635 days 19:00:00,123,1,24.466125569121687,20.693259147012718,-8.039372144347585,5.2050761790667766,-2.0187427836597576,8 days 02:04:36.923076923,1 days 23:12:59.381443298,-4.106199406922226,-0.4791289953684792,-0.5222843501873866,0.9799034589163262,-0.07272267363523682,26.339062127508004,0.9866889411165605,0.39232920495405516,-0.0074581963641886075,None,None,-0.00002533748615634919,-0.1532411162735999,-0.48059640148231975,-0.2033724518078288,0.3849187040778798,-2.3764479212446568,3 days 06:15:36.585365852,false
XMR-USD,false,32,73,124,21.138211382113823,0.6344045305564504,0.16942148760330578,0.0001,0.000032520325203252037,5.12396694214876,10.206611570247935,0.000512396694214876,-0.6465917288024173,0,0,17424,726 days 01:00:00,1000.0,526.2537291939798,-47.374627080602025,34.915698157888286,100.0,176.67475520351542,53.563727643520394,635 days 19:00:00,123,1,24.78879595063114,20.111392114738077,-8.039372144347585,5.085731932601408,-1.9765722102953347,7 days 23:46:09.230769230,1 days 23:49:29.072164948,-4.0531306240378155,-0.46400342054834065,-0.5149658735297712,0.9805184221540804,-0.06805957753139175,26.281291372933286,0.9855068146151819,0.39277435856446324,-0.007458196364188659,None,None,-0.000024561705653499257,-0.1485491957923635,-0.47374627080601484,-0.1997414382161814,0.3852966958710205,-2.3568288643799886,3 days 06:15:07.317073170,false
XMR-USD,false,12,77,195,21.1340206185567,0.4696843240131945,0.26721763085399447,0.0001,0.00003251387787470262,8.057851239669422,16.074380165289256,0.0008057851239669422,-1.6797420457046697,0,0,17424,726 days 01:00:00,1000.0,270.2137761967226,-72.97862238032774,34.915698157888286,100.0,202.63201861812917,74.88489808105868,722 days 11:00:00,194,1,12.503272436455177,20.60557174525706,-5.1668044319708955,3.6072430161359406,-1.7896721256045633,5 days 13:20:29.268292682,1 days 03:26:40,-3.8262345166996536,-1.2099751325157244,-0.6436945570939868,0.9504627943620613,0.09775302820285826,23.32803502767663,0.9892850636720055,0.3881143949653469,-0.007555296026784076,None,None,-0.00006315885006599829,-0.3819847251991576,-0.7297862238032773,-0.3650306504136587,0.3799406083522573,-3.09013785290271,2 days 01:49:29.072164947,false
XMR-USD,false,77,87,72,21.12676056338028,0.5975845273545939,0.09779614325068871,0.0001,0.00003250270855904659,2.9752066115702482,5.909090909090909,0.00029752066115702486,-0.8412263050113451,0,0,17424,726 days 01:00:00,1000.0,457.6400472794394,-54.23599527205606,34.915698157888286,100.0,115.52161109447998,58.38517578729697,630 days 14:00:00,71,1,19.092126627140942,35.552743967021016,-10.766294701902144,7.243223063182981,-3.180167049533309,13 days 21:00:00,3 days 07:27:51.428571428,-7.907775765460578,-0.6130527976784116,-0.5565607305853358,0.9739951826724823,-0.4188511346713484,30.079241668391788,0.965508087719734,0.38238794129313763,-0.007466933014796015,None,None,-0.0000325152831058824,-0.19665243222437676,-0.5423599527205587,-0.23761889289007354,0.3860535988314841,-2.5533412800970403,5 days 13:01:41.408450702,false
XMR-USD,false,77,89,72,21.12676056338028,0.6157378136027161,0.09779614325068871,0.0001,0.00003250270855904659,2.9752066115702482,5.909090909090909,0.00029752066115702486,-0.7476607458012557,0,0,17424,726 days 01:00:00,1000.0,487.6320953416474,-51.236790465835256,34.915698157888286,100.0,118.00230335869023,55.69416071244733,630 days 14:00:00,71,1,20.343354492392223,35.55274396702101,-10.766294701902144,7.315887185795816,-3.0863829294960494,13 days 21:08:00,3 days 07:19:17.142857142,-7.502975480996405,-0.5445158416670859,-0.5441489632641625,0.9768701485831378,-0.41823516358799556,30.095534141070154,0.9667387427691663,0.38249761980323704,-0.007451445542635751,None,None,-0.000028876085205196718,-0.17464256332102976,-0.5123679046583502,-0.22063531206610454,0.3859986090550785,-2.4674428171002973,5 days 12:56:37.183098590,false
XMR-USD,false,78,86,72,21.12676056338028,0.5958255353394714,0.09779614325068871,0.0001,0.00003250270855904659,2.9752066115702482,5.909090909090909,0.00029752066115702486,-0.852993349052204,0,0,17424,726 days 01:00:00,1000.0,453.9709064891854,-54.602909351081465,34.915698157888286,100.0,115.26042142613325,58.7188237053623,630 days 14:00:00,71,1,18.939055013332677,35.552743967021016,-10.766294701902147,7.243223063182983,-3.1937722554960675,13 days 21:00:00,3 days 07:26:47.142857142,-7.957297866537292,-0.6216796212452941,-0.5580412873899387,0.9736338361721081,-0.4188334525932492,30.069656662848885,0.9653501700000692,0.38227828018403937,-0.0074773029775698835,None,None,-0.000032975346892668645,-0.19943489800685996,-0.5460290935108152,-0.23974601163961462,0.38608300594483114,-2.563849850693745,5 days 13:00:50.704225350,false
XMR-USD,false,78,88,72,21.12676056338028,0.6157378136027161,0.09779614325068871,0.0001,0.00003250270855904659,2.9752066115702482,5.909090909090909,0.00029752066115702486,-0.7476607458012557,0,0,17424,726 days 01:00:00,1000.0,487.6320953416474,-51.236790465835256,34.915698157888286,100.0,118.00230335869023,55.69416071244733,630 days 14:00:00,71,1,20.343354492392223,35.55274396702101,-10.766294701902144,7.315887185795816,-3.0863829294960494,13 days 21:08:00,3 days 07:19:17.142857142,-7.502975480996405,-0.5445158416670859,-0.5441489632641625,0.9768701485831378,-0.41823516358799556,30.095534141070154,0.9667387427691663,0.38249761980323704,-0.007451445542635751,None,None,-0.000028876085205196718,-0.17464256332102976,-0.5123679046583502,-0.22063531206610454,0.3859986090550785,-2.4674428171002973,5 days 12:56:37.183098590,false
XMR-USD,false,78,89,72,21.12676056338028,0.620567658652692,0.09779614325068871,0.0001,0.00003250270855904659,2.9752066115702482,5.909090909090909,0.00029752066115702486,-0.7324259067326562,0,0,17424,726 days 01:00:00,1000.0,492.8364799237911,-50.71635200762089,34.915698157888286,100.0,119.69101528275768,56.11303115208132,630 days 14:00:00,71,1,20.56047441021701,35.2451623332212,-10.766294701902138,7.273595460646996,-3.0581954529215167,13 days 21:36:00,3 days 07:23:34.285714285,-7.432732316710224,-0.5331143398559163,-0.5334405253450458,0.9773601781986749,-0.413762188658132,30.096283725646636,0.9686464133920126,0.3827170290430091,-0.007451445542635734,None,None,-0.000028269102998017264,-0.17097153493200842,-0.507163520076209,-0.21775824571320856,0.38596649678839595,-2.4525372449458773,5 days 13:05:54.929577463,false
XMR-USD,false,79,85,72,21.12676056338028,0.5958255353394714,0.09779614325068871,0.0001,0.00003250270855904659,2.9752066115702482,5.909090909090909,0.00029752066115702486,-0.852993349052204,0,0,17424,726 days 01:00:00,1000.0,453.9709064891854,-54.602909351081465,34.915698157888286,100.0,115.26042142613325,58.7188237053623,630 days 14:00:00,71,1,18.939055013332677,35.552743967021016,-10.766294701902147,7.243223063182983,-3.1937722554960675,13 days 21:00:00,3 days 07:26:47.142857142,-7.957297866537292,-0.6216796212452941,-0.5580412873899387,0.9736338361721081,-0.4188334525932492,30.069656662848885,0.9653501700000692,0.38227828018403937,-0.0074773029775698835,None,None,-0.000032975346892668645,-0.19943489800685996,-0.5460290935108152,-0.23974601163961462,0.38608300594483114,-2.563849850693745,5 days 13:00:50.704225350,false
XMR-USD,false,79,87,72,21.12676056338028,0.6156979188536148,0.09779614325068871,0.0001,0.00003250270855904659,2.9752066115702482,5.909090909090909,0.00029752066115702486,-0.7479384410325776,0,0,17424,726 days 01:00:00,1000.0,487.5514149496453,-51.244858505035474,34.915698157888286,100.0,117.98421597244393,55.6784985347181,630 days 14:00:00,71,1,20.339988615062225,35.552743967020994,-10.766294701902163,7.3172717873808635,-3.0869981046430395,13 days 21:12:00,3 days 07:18:12.857142857,-7.504064417822777,-0.544711863379644,-0.5444061503590848,0.9768613486968543,-0.4181907598983788,30.097642010056987,0.966730034149076,0.38249761980323704,-0.0074514455426358366,None,None,-0.000028885996223502552,-0.17470250515974342,-0.5124485850503588,-0.22068007091373032,0.38599213940648924,-2.467673889071528,5 days 12:56:37.183098591,false
XMR-USD,false,79,88,72,21.12676056338028,0.6095492526376195,0.09779614325068871,0.0001,0.00003250270855904659,2.9752066115702482,5.909090909090909,0.00029752066115702486,-0.7748805674528771,0,0,17424,726 days 01:00:00,1000.0,479.01449168950353,-52.09855083104965,34.915698157888286,100.0,118.27576724148125,57.34387584756377,630 days 14:00:00,71,1,19.98383967036716,35.245162333221195,-10.766294701902174,7.2098157723414245,-3.0920863669879397,13 days 21:32:00,3 days 07:20:21.428571428,-7.619286591279776,-0.5641572775865253,-0.5393400912239429,0.9760478735075042,-0.4138686149611728,30.127632674391357,0.9681487518916526,0.38227828018403937,-0.007451445542635804,None,None,-0.000029907705845914334,-0.18088180495608988,-0.5209855083104998,-0.2254436706741707,0.38586985333835117,-2.492123989486355,5 days 13:02:32.112676055,false
XMR-USD,false,80,84,72,21.12676056338028,0.5958255353394714,0.09779614325068871,0.0001,0.00003250270855904659,2.9752066115702482,5.909090909090909,0.00029752066115702486,-0.852993349052204,0,0,17424,726 days 01:00:00,1000.0,453.9709064891854,-54.602909351081465,34.915698157888286,100.0,115.26042142613325,58.7188237053623,630 days 14:00:00,71,1,18.939055013332677,35.552743967021016,-10.766294701902147,7.243223063182983,-3.1937722554960675,13 days 21:00:00,3 days 07:26:47.142857142,-7.957297866537292,-0.6216796212452941,-0.5580412873899387,0.9736338361721081,-0.4188334525932492,30.069656662848885,0.9653501700000692,0.38227828018403937,-0.0074773029775698835,None,None,-0.000032975346892668645,-0.19943489800685996,-0.5460290935108152,-0.23974601163961462,0.38608300594483114,-2.563849850693745,5 days 13:00:50.704225350,false
XMR-USD,false,80,86,72,21.12676056338028,0.6137500254355364,0.09779614325068871,0.0001,0.00003250270855904659,2.9752066115702482,5.909090909090909,0.00029752066115702486,-0.7517973380030074,0,0,17424,726 days 01:00:00,1000.0,486.2839414224777,-51.371605857752236,34.915698157888286,100.0,117.75670848567833,55.71488485841475,630 days 14:00:00,71,1,20.28711132597647,35.552743967021,-10.766294701902144,7.2903585392078485,-3.0853429153193006,13 days 21:12:00,3 days 07:19:17.142857142,-7.521171407091526,-0.5475226241671747,-0.5456863681138707,0.9767433295879998,-0.4180735492120996,30.096817460457004,0.966815840861635,0.38249761980323704,-0.007451445542635741,None,None,-0.000029035228209780465,-0.17560506021275224,-0.5137160585775207,-0.221383859473272,0.38599450205717106,-2.4713039855439973,5 days 12:57:27.887323942,false
XMR-USD,false,80,87,72,21.12676056338028,0.609964040853743,0.09779614325068871,0.0001,0.00003250270855904659,2.9752066115702482,5.909090909090909,0.00029752066115702486,-0.7734792846399243,0,0,17424,726 days 01:00:00,1000.0,479.4662296642879,-52.053377033571216,34.915698157888286,100.0,118.38636591812035,57.34387584756377,630 days 14:00:00,71,1,20.002685570476046,35.245162333221195,-10.766294701902163,7.209815772341423,-3.0904311776642017,13 days 21:32:00,3 days 07:21:25.714285714,-7.613189519805468,-0.563136712996371,-0.5387691605272342,0.9760907618516015,-0.4139009866149723,30.127627717936242,0.9679904235789751,0.38238794129313763,-0.007451445542635768,None,None,-0.00002985360777575501,-0.1805546198277663,-0.5205337703357169,-0.2251902183401271,0.3858699203661829,-2.490830193289751,5 days 13:03:22.816901407,false
XMR-USD,false,80,89,72,21.12676056338028,0.5588397439417024,0.09779614325068871,0.0001,0.00003250270855904659,2.9752066115702482,5.909090909090909,0.00029752066115702486,-0.928666729513298,0,0,17424,726 days 01:00:00,1000.0,421.8596550356183,-57.81403449643817,34.915698157888286,100.0,112.1468548159867,62.65132435165962,630 days 14:00:00,71,1,17.599416835791146,35.82657847567364,-9.083610325740764,6.900340471981712,-3.230738420210164,13 days 17:16:00,3 days 08:35:21.428571428,-8.390700870424972,-0.6845365402898663,-0.5618701380250695,0.970681937953967,-1.01813068875293,42.25392552016604,0.9624302358067331,0.3827170290430091,-0.007458196364188584,None,None,-0.000036812609373502334,-0.2226426614909421,-0.5781403449643815,-0.25885959735025443,0.39143342803609094,-2.6558177996328167,5 days 13:07:36.338028168,false
XMR-USD,false,81,83,72,21.12676056338028,0.5964512894311693,0.09779614325068871,0.0001,0.00003250270855904659,2.9752066115702482,5.909090909090909,0.00029752066115702486,-0.8507925160202678,0,0,17424,726 days 01:00:00,1000.0,454.6435082937969,-54.5356491706203,34.915698157888286,100.0,115.37919137115443,58.69661309869291,630 days 14:00:00,71,1,18.967115055061186,35.55274396702101,-10.766294701902144,7.2469009526282155,-3.1921170661723313,13 days 21:04:00,3 days 07:27:51.428571428,-7.948219813538929,-0.6200726310561495,-0.557399608575335,0.9737019418775825,-0.41887353062743754,30.069050394041795,0.9654194149860935,0.38238794129313763,-0.007477302977569839,None,None,-0.0000328902669347473,-0.19892033442135168,-0.5453564917062028,-0.2393552447370847,0.38608486739085807,-2.5619234913765974,5 days 13:02:32.112676054,false
XMR-USD,false,81,85,72,21.12676056338028,0.6106056816472681,0.09779614325068871,0.0001,0.00003250270855904659,2.9752066115702482,5.909090909090909,0.00029752066115702486,-0.7643929562164788,0,0,17424,726 days 01:00:00,1000.0,482.10025891704174,-51.78997410829582,34.915698157888286,100.0,117.18632774092467,56.12616573150554,630 days 14:00:00,71,1,20.112573724565948,35.55274396702103,-10.766294701902147,7.2903585392078485,-3.10013966514676,13 days 21:12:00,3 days 07:21:25.714285714,-7.577638236725701,-0.5567352510235205,-0.547062440875033,0.9763612815644471,-0.4178067045032532,30.079783536800335,0.9660369138763302,0.3827170290430091,-0.00745819636418867,None,None,-0.000029527756808680236,-0.17858387317889807,-0.5178997410829579,-0.22371546485161165,0.3860465530878675,-2.483286224840824,5 days 12:59:09.295774647,false
XMR-USD,false,81,86,72,21.12676056338028,0.609964040853743,0.09779614325068871,0.0001,0.00003250270855904659,2.9752066115702482,5.909090909090909,0.00029752066115702486,-0.7734792846399243,0,0,17424,726 days 01:00:00,1000.0,479.4662296642879,-52.053377033571216,34.915698157888286,100.0,118.38636591812035,57.34387584756377,630 days 14:00:00,71,1,20.002685570476046,35.245162333221195,-10.766294701902163,7.209815772341423,-3.0904311776642017,13 days 21:32:00,3 days 07:21:25.714285714,-7.613189519805468,-0.563136712996371,-0.5387691605272342,0.9760907618516015,-0.4139009866149723,30.127627717936242,0.9679904235789751,0.38238794129313763,-0.007451445542635768,None,None,-0.00002985360777575501,-0.1805546198277663,-0.5205337703357169,-0.2251902183401271,0.3858699203661829,-2.490830193289751,5 days 13:03:22.816901407,false
XMR-USD,false,81,88,72,21.12676056338028,0.5598835071881113,0.09779614325068871,0.0001,0.00003250270855904659,2.9752066115702482,5.909090909090909,0.00029752066115702486,-0.9277853847809645,0,0,17424,726 days 01:00:00,1000.0,422.14338914944733,-57.78566108505526,34.915698157888286,100.0,112.5169106720878,62.62620440178699,630 days 14:00:00,71,1,17.611253841013593,35.826578475673664,-9.083610325740752,6.900340471981716,-3.2297660785676787,13 days 17:16:00,3 days 08:35:21.428571428,-8.386871333684034,-0.6838891497168791,-0.5617457185220665,0.970705939959252,-1.0183469766768523,42.26479202845362,0.9624540337725797,0.3827170290430091,-0.007458196364188551,None,None,-0.00003677556233160046,-0.22241860098151958,-0.5778566108505525,-0.2586866206077032,0.39140967191480536,-2.655005173425126,5 days 13:07:36.338028168,false
XMR-USD,false,82,84,72,21.12676056338028,0.609437355769323,0.09779614325068871,0.0001,0.00003250270855904659,2.9752066115702482,5.909090909090909,0.00029752066115702486,-0.767729805234995,0,0,17424,726 days 01:00:00,1000.0,481.0071355421909,-51.89928644578091,34.915698157888286,100.0,117.08742419464012,56.225646104926156,630 days 14:00:00,71,1,20.066970089097822,35.24516233322122,-10.766294701902162,7.269853096954532,-3.1001396651467594,13 days 21:16:00,3 days 07:21:25.714285714,-7.5923920358719315,-0.5591633256821595,-0.5475001747278933,0.976261095570551,-0.4176495613294781,30.07622160680306,0.9661402050919019,0.3827170290430091,-0.007458196364188591,None,None,-0.000029657350090234042,-0.17936765334573548,-0.5189928644578088,-0.22432684805064274,0.38605715772501986,-2.4864169752840994,5 days 12:59:59.999999999,false
XMR-USD,false,82,85,72,21.12676056338028,0.5704764222217994,0.09779614325068871,0.0001,0.00003250270855904659,2.9752066115702482,5.909090909090909,0.00029752066115702486,-0.9148934351338724,0,0,17424,726 days 01:00:00,1000.0,425.80336247155014,-57.41966375284498,34.915698157888286,100.0,111.65872981166886,62.11803883074584,630 days 14:00:00,71,1,17.76394300039317,35.24516233322122,-11.80539683729652,7.209815772341423,-3.2891154690895035,13 days 21:32:00,3 days 07:22:30,-8.337472965194982,-0.6744578286145965,-0.5618027124769951,0.9710952430892502,-1.0274592865757608,42.414349339163884,0.9632378334459991,0.38238794129313763,-0.007458196364188546,None,None,-0.0000362750738497426,-0.21939164664324323,-0.574196637528452,-0.25646211420450515,0.391481685592012,-2.644522858835418,5 days 13:04:13.521126759,false
XMR-USD,false,82,87,72,21.12676056338028,0.5583357594032589,0.09779614325068871,0.0001,0.00003250270855904659,2.9752066115702482,5.909090909090909,0.00029752066115702486,-0.9355848202979304,0,0,17424,726 days 01:00:00,1000.0,419.8406790230398,-58.01593209769602,34.915698157888286,100.0,112.29617765364445,62.830071191599046,630 days 14:00:00,71,1,17.51518787480211,35.826578475673664,-9.083610325740759,6.900340471981711,-3.239409082973059,13 days 17:16:00,3 days 08:36:25.714285714,-8.417950828898066,-0.6896567623400613,-0.5627559758082173,0.9704658250762708,-1.0180500322697805,42.25391957687949,0.9624171763093107,0.3827170290430091,-0.007458196364188597,None,None,-0.000037087932116516784,-0.2243078134406935,-0.5801593209769582,-0.2600926523505507,0.3914331157246755,-2.6616002302273554,5 days 13:08:27.042253520,false
XMR-USD,false,83,84,72,21.12676056338028,0.5704764222217994,0.09779614325068871,0.0001,0.00003250270855904659,2.9752066115702482,5.909090909090909,0.00029752066115702486,-0.9148934351338724,0,0,17424,726 days 01:00:00,1000.0,425.80336247155014,-57.41966375284498,34.915698157888286,100.0,111.65872981166886,62.11803883074584,630 days 14:00:00,71,1,17.76394300039317,35.24516233322122,-11.80539683729652,7.209815772341423,-3.2891154690895035,13 days 21:32:00,3 days 07:22:30,-8.337472965194982,-0.6744578286145965,-0.5618027124769951,0.9710952430892502,-1.0274592865757608,42.414349339163884,0.9632378334459991,0.38238794129313763,-0.007458196364188546,None,None,-0.0000362750738497426,-0.21939164664324323,-0.574196637528452,-0.25646211420450515,0.391481685592012,-2.644522858835418,5 days 13:04:13.521126759,false
XMR-USD,false,83,86,72,21.12676056338028,0.5584182476672392,0.09779614325068871,0.0001,0.00003250270855904659,2.9752066115702482,5.909090909090909,0.00029752066115702486,-0.9352518578531879,0,0,17424,726 days 01:00:00,1000.0,419.9372400790646,-58.006275992093535,34.915698157888286,100.0,112.31472025425933,62.82152231161334,630 days 14:00:00,71,1,17.519216272054166,35.82657847567366,-9.08361032574076,6.900340471981712,-3.2390001433857054,13 days 17:16:00,3 days 08:37:30,-8.416647552013936,-0.6894112678584703,-0.5627135887376613,0.970476335904228,-1.018057649707072,42.25391591510736,0.962228091755789,0.3828267597809698,-0.007458196364188543,None,None,-0.00003707473300481682,-0.22422798521313214,-0.5800627599209355,-0.2600335912926903,0.3914331467411132,-2.6613236753791942,5 days 13:09:17.746478872,false
XMR-USD,false,84,85,72,21.12676056338028,0.5581723827129343,0.09779614325068871,0.0001,0.00003250270855904659,2.9752066115702482,5.909090909090909,0.00029752066115702486,-0.9362446768860708,0,0,17424,726 days 01:00:00,1000.0,419.6494478986167,-58.03505521013833,34.915698157888286,100.0,112.252946950358,62.847001535979466,630 days 14:00:00,71,1,17.507209969755877,35.82657847567367,-9.08361032574075,6.900340471981716,-3.2402178249785654,13 days 17:16:00,3 days 08:36:25.714285714,-8.420531860156887,-0.6901435216062413,-0.5628399259829835,0.9704449949821138,-1.0180361621586709,42.25399090667189,0.9623965189714808,0.3827170290430091,-0.007458196364188694,None,None,-0.00003711408978369628,-0.2244660150117951,-0.5803505521013816,-0.26020964403336955,0.3914329156563306,-2.6621479240571,5 days 13:08:27.042253520,false
XMR-USD,false,13,30,323,21.11801242236025,0.4361245416727955,0.44352617079889806,0.0001,0.00003248924988055423,13.347107438016529,26.65289256198347,0.0013347107438016529,-2.7308876723471087,0,0,17424,726 days 01:00:00,1000.0,140.42758940980912,-85.95724105901908,34.915698157888286,100.0,272.92918010054393,86.82742802615562,722 days 11:00:00,322,1,6.497834539373116,23.389151865388307,-6.189806240950004,2.8490620172747754,-1.5042270668396291,3 days 03:20:17.647058823,0 days 17:18:11.338582677,-2.689659146365111,-1.9616876777250432,-0.722425245258201,0.9209498143781387,0.3547754253349322,22.23807776373678,1.0135516691261501,0.37193921738445795,-0.0076530900364541864,None,None,-0.00010104092145377871,-0.6110954929524537,-0.859572410590192,-0.4940688917493642,0.3749085789565278,-3.461850846296175,1 days 05:33:32.422360247,false
XMR-USD,false,20,69,162,21.11801242236025,0.5252338297286413,0.22176308539944903,0.0001,0.00003248924988055423,6.694214876033058,13.347107438016529,0.0006694214876033058,-1.3275370352439004,0,0,17424,726 days 01:00:00,1000.0,339.5835608070191,-66.04164391929808,34.915698157888286,100.0,188.32316742436456,68.82843180699703,722 days 11:00:00,161,1,15.408887691399855,22.090837561253988,-7.172505688054688,4.277245239477079,-1.9552372232764852,6 days 14:56:28.235294117,1 days 09:31:10.866141732,-4.197672837791187,-0.9541833759163585,-0.6087239572982996,0.9607141174333563,0.09743194033290216,23.049897125402936,0.9848005088814403,0.39188433580956944,-0.007523499489008693,None,None,-0.00004996859415479643,-0.3022100574482088,-0.6604164391929797,-0.31261913270031927,0.38117396468988485,-2.891459927871375,2 days 12:00:22.360248446,false
XMR-USD,false,20,31,252,21.115537848605577,0.42965831898491735,0.34573002754820936,0.0001,0.000032485442844008586,10.413223140495868,20.785123966942148,0.0010413223140495868,-2.3578329514009484,0,0,17424,726 days 01:00:00,1000.0,177.77238493629318,-82.22276150637067,34.915698157888286,100.0,224.35610286583244,83.617017519714,722 days 11:00:00,251,1,8.441893034645858,23.46552052400139,-6.399618215274414,3.264650316754852,-1.7081540759299276,3 days 22:56:36.226415094,0 days 23:15:09.090909090,-3.3094402713081776,-1.6952782622613254,-0.6940571955999636,0.9314403030291978,0.29021069405333394,22.62737515111475,0.9962042095287366,0.3821686364718014,-0.007631521799382564,None,None,-0.00008746752370196588,-0.5290035833494896,-0.8222276150637056,-0.4509179311530762,0.3755465549724796,-3.3548938112181097,1 days 14:23:25.577689241,false
XMR-USD,false,14,75,181,21.11111111111111,0.4980055211567037,0.24793388429752067,0.0001,0.00003247863247863248,7.479338842975207,14.917355371900827,0.0007479338842975207,-1.432695705946261,0,0,17424,726 days 01:00:00,1000.0,318.0184067252801,-68.19815932747198,34.915698157888286,100.0,199.34811393717763,70.39185992628188,722 days 11:00:00,180,1,15.101768329121569,21.24696439820229,-7.125563139087585,3.857332980038258,-1.805446800340067,5 days 23:39:28.421052631,1 days 05:42:40.563380281,-3.8726853422435643,-1.0299412692978396,-0.6219855536024183,0.9577156370295064,0.10566945836871476,23.202076479458903,0.9906389492908014,0.389775083745414,-0.007534468867054762,None,None,-0.000053796111425348255,-0.32535888190050627,-0.6819815932747189,-0.32809574870972635,0.38018621707142125,-2.953223418849621,2 days 05:45:59.999999998,false
XMR-USD,false,18,60,181,21.11111111111111,0.4731258833795336,0.24793388429752067,0.0001,0.00003247863247863248,7.479338842975207,14.917355371900827,0.0007479338842975207,-1.5662374250877082,0,0,17424,726 days 01:00:00,1000.0,290.5807710056438,-70.94192289943561,34.915698157888286,100.0,192.43924647448642,73.48550401148977,722 days 11:00:00,180,1,14.478077846833287,21.322008276614888,-7.125563139087602,3.8191918323237393,-1.8579158143522285,5 days 16:37:53.684210526,1 days 07:12:15.211267605,-4.021651704673275,-1.1270713714393692,-0.6297263106509523,0.9536149744828405,0.11868687975478669,23.4072610498164,0.9842948005061609,0.38899960143483453,-0.007555296026783986,None,None,-0.00005894395837195834,-0.35649306023360405,-0.7094192289943522,-0.3488116373103246,0.3806675205104338,-3.031805939512859,2 days 05:27:39.999999998,false
XMR-USD,false,63,82,91,21.11111111111111,0.5523422325121746,0.12396694214876033,0.0001,0.00003247863247863248,3.760330578512397,7.479338842975207,0.0003760330578512397,-1.0549224970880728,0,0,17424,726 days 01:00:00,1000.0,404.8768099758763,-59.512319002412376,34.915698157888286,100.0,134.1335144024737,65.20218986122075,630 days 14:00:00,90,1,18.73437072522097,18.192100306263402,-6.592258619305276,5.549736583939676,-2.694659780386514,11 days 14:15:47.368421052,2 days 10:17:44.788732394,-6.820639563881608,-0.7632483510217966,-0.5602067614507182,0.9678836582580015,-0.13304712070703864,27.072400394240788,0.9737496198232001,0.3785601265822785,-0.007441978715800686,None,None,-0.000039905621503587464,-0.241349198853697,-0.5951231900241236,-0.269354555452763,0.3805626378278785,-2.704457368525141,4 days 08:43:59.999999998,false
XMR-USD,false,64,81,91,21.11111111111111,0.5520775431043374,0.12396694214876033,0.0001,0.00003247863247863248,3.760330578512397,7.479338842975207,0.0003760330578512397,-1.0647400119999082,0,0,17424,726 days 01:00:00,1000.0,402.2814153200991,-59.77185846799009,34.915698157888286,100.0,133.51798044664386,65.2218677199475,630 days 14:00:00,90,1,18.61427719439496,18.19210030626339,-6.592258619305266,5.574697545937727,-2.7094798511237204,11 days 14:18:56.842105263,2 days 10:18:35.492957746,-6.848142909714403,-0.7705207703675908,-0.5631790005644102,0.9675910884383366,-0.1350220226670471,27.083721279430947,0.9734540515734671,0.37866919851254055,-0.00744088957555978,None,None,-0.000040278788533135404,-0.24360611304840293,-0.5977185846798997,-0.27098361624880585,0.3804959109623358,-2.711890685894425,4 days 08:45:19.999999998,false
XMR-USD,false,65,79,91,21.11111111111111,0.5331301859736169,0.12396694214876033,0.0001,0.00003247863247863248,3.760330578512397,7.479338842975207,0.0003760330578512397,-1.1609525863889543,0,0,17424,726 days 01:00:00,1000.0,377.1120873959909,-62.28879126040091,34.915698157888286,100.0,130.44820126253768,67.36479828543138,630 days 14:00:00,90,1,17.907955192308577,18.192100306263406,-6.592258619305275,5.540714904380202,-2.7926702332522106,11 days 14:18:56.842105263,2 days 10:24:30.422535211,-7.119954086625754,-0.8410942484673679,-0.5752794099054135,0.9646896887080537,-0.14091846560035476,27.05419698512824,0.9717429870378627,0.37877828770375055,-0.007442722754766131,None,None,-0.000043979762104978815,-0.26598960121091186,-0.6228879126040112,-0.2871499560532156,0.38059769781240826,-2.783976679450369,4 days 08:49:59.999999998,false
XMR-USD,false,65,80,91,21.11111111111111,0.5587736140667986,0.12396694214876033,0.0001,0.00003247863247863248,3.760330578512397,7.479338842975207,0.0003760330578512397,-1.043274457383284,0,0,17424,726 days 01:00:00,1000.0,408.0210451238015,-59.197895487619846,34.915698157888286,100.0,134.26672161087166,64.72566382647933,630 days 14:00:00,90,1,18.879860082618393,18.19210030626339,-6.592258619305272,5.652384257494822,-2.7086227740679183,11 days 14:25:15.789473684,2 days 10:18:35.492957746,-6.78732016620908,-0.7548744952061931,-0.5605099216038494,0.9682443282931874,-0.13486188382132683,27.074422135432503,0.9737043527008563,0.37888739416000633,-0.007437458523433786,None,None,-0.000039463959416459817,-0.23867802655074896,-0.5919789548762026,-0.26739010962362664,0.3805255724528681,-2.695452149343479,4 days 08:46:39.999999998,false
XMR-USD,false,66,78,91,21.11111111111111,0.5371301647193135,0.12396694214876033,0.0001,0.00003247863247863248,3.760330578512397,7.479338842975207,0.0003760330578512397,-1.131078265163946,0,0,17424,726 days 01:00:00,1000.0,384.62490645106993,-61.537509354893004,34.915698157888286,100.0,131.15647103931815,66.71464048486713,630 days 14:00:00,90,1,18.26471709812631,18.192100306263406,-6.592258619305275,5.5407149043802,-2.7658046683752007,11 days 14:18:56.842105263,2 days 10:22:49.014084507,-7.04044234052285,-0.8193047117168658,-0.5717364082862685,0.9655880919285666,-0.14087641297793194,27.042455474390238,0.972244537935178,0.37877828770375055,-0.007442722754766159,None,None,-0.000042845137959160325,-0.25912739437700166,-0.615375093548927,-0.2822525431062537,0.3806396606134702,-2.7624596557291015,4 days 08:48:39.999999998,false
XMR-USD,false,66,79,91,21.11111111111111,0.5594030307083633,0.12396694214876033,0.0001,0.00003247863247863248,3.760330578512397,7.479338842975207,0.0003760330578512397,-1.042534148647068,0,0,17424,726 days 01:00:00,1000.0,407.8002560676896,-59.21997439323105,34.915698157888286,100.0,134.26421793253672,64.74475153649284,630 days 14:00:00,90,1,18.86964377996196,18.19210030626339,-6.59225861930527,5.670099102405775,-2.713227228582255,11 days 14:31:34.736842105,2 days 10:18:35.492957746,-6.789659863469691,-0.7546745480588561,-0.5606124439245717,0.9682486279779884,-0.14140661898135737,27.03534970793205,0.9733021176856006,0.37910565888405223,-0.007437458523433949,None,None,-0.000039479170107284926,-0.23877002080885923,-0.5921997439323121,-0.2675277302364395,0.3807730965146702,-2.696084498309018,4 days 08:47:59.999999998,false
XMR-USD,false,67,78,91,21.11111111111111,0.5652608657622746,0.12396694214876033,0.0001,0.00003247863247863248,3.760330578512397,7.479338842975207,0.0003760330578512397,-1.0092910178269898,0,0,17424,726 days 01:00:00,1000.0,416.8846676978651,-58.311533230213485,34.915698157888286,100.0,135.1613317071973,63.94870845792939,630 days 14:00:00,90,1,19.28999567739561,18.192100306263402,-6.592258619305268,5.683706275449905,-2.6872457633615596,11 days 14:34:44.210526315,2 days 10:16:54.084507042,-6.693392533105895,-0.730436672140843,-0.5564960887385592,0.9692540191059902,-0.14117780791182855,27.02927542236131,0.9741104066756258,0.37910565888405223,-0.007428272403563711,None,None,-0.00003821345606819672,-0.23111498230045374,-0.5831153323021383,-0.26190498903126713,0.3807953993314697,-2.670066368615331,4 days 08:47:19.999999998,false
XMR-USD,false,68,77,91,21.11111111111111,0.5628488060458721,0.12396694214876033,0.0001,0.00003247863247863248,3.760330578512397,7.479338842975207,0.0003760330578512397,-1.0243064492371607,0,0,17424,726 days 01:00:00,1000.0,412.74992435506465,-58.72500756449354,34.915698157888286,100.0,134.8622137485287,64.26566142835142,630 days 14:00:00,90,1,19.09867374260193,18.057665683864634,-6.592258619305256,5.676630769007864,-2.6992389090811457,11 days 14:31:34.736842105,2 days 10:17:44.788732394,-6.737208326528188,-0.7413316278861259,-0.5587614307178945,0.968805258744316,-0.14087974418360294,27.025381287537353,0.9744707865732306,0.37888739416000633,-0.007428272403563754,None,None,-0.00003878469052608877,-0.23456980830178487,-0.5872500756449321,-0.2644541397923549,0.38080772136407476,-2.6819084441313445,4 days 08:47:19.999999998,false
XMR-USD,false,4,14,849,21.108490566037734,0.3358382169525345,1.1680440771349863,0.0001,0.000032474600870827284,35.082644628099175,70.12396694214877,0.0035082644628099176,-6.519291639029,0,0,17424,726 days 01:00:00,1000.0,9.052592578151689,-99.09474074218483,34.915698157888286,100.0,410.6257025947274,99.12359155687034,722 days 11:00:00,848,1,0.02846756177761378,15.064284734460056,-11.805396837296518,1.5455529468050817,-1.1000200261252668,1 days 02:03:01.005586592,0 days 06:53:16.412556053,-1.1686036261599346,-4.874240816876354,-0.9140783797340659,0.8099670618111021,-0.38540285863589885,37.06263467687986,1.0290833194477516,0.3437957893113288,-0.007915592719931194,None,None,-0.0002576943267662288,-1.558535288282152,-0.9909474074218481,-0.8046464070081749,0.384818391266369,-3.83811425720545,0 days 10:55:58.018867923,false
XMR-USD,false,12,75,200,21.105527638190953,0.46447366961538755,0.2741046831955923,0.0001,0.000032470042520293776,8.264462809917356,16.487603305785125,0.0008264462809917356,-1.7539121832173645,0,0,17424,726 days 01:00:00,1000.0,256.9828952510386,-74.30171047489614,34.915698157888286,100.0,205.1832989895527,76.11464634965303,722 days 11:00:00,199,1,11.891056022597127,20.60557174525708,-5.166804431970893,3.540407361268855,-1.7798581329971266,5 days 10:51:25.714285714,1 days 02:31:43.184713375,-3.7935083455857233,-1.2639737403385005,-0.650255084685736,0.9482874491861331,0.09818313130243778,23.28031529967736,0.9886110938002521,0.3876722147009636,-0.007566873914135467,None,None,-0.00006602321275247733,-0.3993083907269829,-0.7430171047489637,-0.3759992386346256,0.3802038818468678,-3.1280316417820107,2 days 00:32:51.859296481,false
XMR-USD,false,15,28,309,21.1038961038961,0.4409016416597247,0.42424242424242425,0.0001,0.00003246753246753246,12.768595041322314,25.49586776859504,0.0012768595041322314,-2.6035019402697466,0,0,17424,726 days 01:00:00,1000.0,152.3674042434028,-84.76325957565972,34.915698157888286,100.0,267.4511351930298,85.71404634217458,722 days 11:00:00,308,1,7.050311025977493,23.389151865388303,-5.077324435018425,2.902371417540543,-1.5204170879233168,3 days 06:02:46.153846153,0 days 18:22:13.333333333,-2.774944502540823,-1.8682412500376504,-0.713598547576908,0.9246814923395503,0.35729974656649854,22.1274923930529,1.014122701102275,0.3731284475965327,-0.007677990726981575,None,None,-0.00009633309271974992,-0.5826225447690475,-0.8476325957565982,-0.4795343927338105,0.3753189483184942,-3.4276547240258943,1 days 06:57:51.428571428,false
XMR-USD,false,2,12,1271,21.102362204724407,0.32208815177823585,1.7493112947658402,0.0001,0.00003246517262265294,52.5206611570248,105.0,0.00525206611570248,-7.974318330440017,0,0,17424,726 days 01:00:00,1000.0,2.947607358068808,-99.70523926419312,34.915698157888286,100.0,505.18693195319463,99.71291258522996,725 days 02:00:00,1270,1,0.009269299798650543,12.286252538755027,-11.805396837296527,1.313201816815875,-0.9210147484874356,0 days 18:09:51.044776119,0 days 04:23:21.197604790,-0.7850879227887645,-6.0488488317632365,-0.9492889533475682,0.7724812112915954,-0.5196317298937797,34.7971530472412,1.0435302733843215,0.34639159326224694,-0.008190219756277007,None,None,-0.0003219001457549958,-1.9468520815262147,-0.9970523926419326,-0.867662021768716,0.3873525207809205,-3.8555991867419475,0 days 07:17:45.826771652,false
XMR-USD,false,35,88,110,21.100917431192663,0.5493850128758901,0.15013774104683195,0.0001,0.000032462949894142566,4.545454545454546,9.049586776859504,0.0004545454545454546,-0.9952948759162443,0,0,17424,726 days 01:00:00,1000.0,416.15027736557886,-58.384972263442116,34.915698157888286,100.0,148.7056592768025,63.84943332125227,635 days 19:00:00,109,1,18.892419349160775,20.67440414997487,-9.192802668893417,5.1788747862633695,-2.3462406850460558,9 days 08:15:39.130434782,2 days 02:37:40.465116279,-5.529744421867733,-0.7195356944910064,-0.5582551619192837,0.9697354675013415,-0.16956112981567445,26.741655355661965,0.9789538662417956,0.3844748132846019,-0.007466933014796075,None,None,-0.00003805160799155181,-0.23013612513290535,-0.5838497226344235,-0.2623565456611078,0.38492721291142645,-2.6721696928248755,3 days 15:15:57.798165137,false
XMR-USD,false,35,89,110,21.100917431192663,0.5439702935519812,0.15013774104683195,0.0001,0.000032462949894142566,4.545454545454546,9.049586776859504,0.0004545454545454546,-1.0492565101776943,0,0,17424,726 days 01:00:00,1000.0,401.92915640833155,-59.807084359166836,34.915698157888286,100.0,148.9161514266141,65.15931195328352,635 days 19:00:00,109,1,18.246807906966694,20.67440414997485,-9.192802668893398,5.148887313677599,-2.378008561111499,9 days 08:20:52.173913043,2 days 02:34:11.162790697,-5.654290380721421,-0.7592636705312947,-0.5641472085987904,0.9680994453392032,-0.1775668666693132,26.87629257812924,0.9779085588258902,0.38414488839463024,-0.007461921798605259,None,None,-0.000040086760335227574,-0.24244472650745638,-0.5980708435916726,-0.27120524826369496,0.3842963713960553,-2.7128995699504577,3 days 15:14:18.715596328,false
XMR-USD,false,10,35,347,21.09826589595376,0.433831757458038,0.4765840220385675,0.0001,0.00003245887060915963,14.338842975206612,28.636363636363637,0.0014338842975206612,-2.803619356193211,0,0,17424,726 days 01:00:00,1000.0,132.47345461836494,-86.75265453816351,34.915698157888286,100.0,287.52986060808166,87.49006259354361,722 days 11:00:00,346,1,6.129782563291428,24.427265072754306,-6.189806240950009,2.7133652263423973,-1.436741033651421,3 days 01:01:38.630136986,0 days 15:18:54.065934065,-2.5250182888581714,-2.0199497231785766,-0.7292611043822629,0.9185707026133355,0.3009217031056367,22.392736818964266,1.0168916447116216,0.37129141418115996,-0.007638748123339027,None,None,-0.00010432214426084498,-0.6309403284895905,-0.8675265453816354,-0.504205293462019,0.3759186647891001,-3.484631816493236,1 days 03:29:28.786127166,false
XMR-USD,false,26,82,129,21.09375,0.5924230024684333,0.1763085399449036,0.0001,0.000032451923076923077,5.330578512396694,10.619834710743802,0.0005330578512396694,-0.764471562135433,0,0,17424,726 days 01:00:00,1000.0,486.5694860644795,-51.34305139355205,34.915698157888286,100.0,172.2798065386338,55.076398737696906,635 days 19:00:00,128,1,24.85822822709696,20.387464529228957,-7.6774658014819845,4.791219554626678,-1.9520997360528283,7 days 18:46:40,1 days 21:30:17.821782178,-4.205380798145446,-0.5493299961450663,-0.5516393923769416,0.9770103172756802,-0.07604242349083953,26.277331253140968,0.9843607405654725,0.39321979691372827,-0.0074669330147960015,None,None,-0.00002906878292957756,-0.1758079991580851,-0.5134305139355207,-0.22122520100669163,0.3851691355355797,-2.4704861739089248,3 days 03:18:16.874999999,false
XMR-USD,false,29,77,129,21.09375,0.6039378062963343,0.1763085399449036,0.0001,0.000032451923076923077,5.330578512396694,10.619834710743802,0.0005330578512396694,-0.7707530206868078,0,0,17424,726 days 01:00:00,1000.0,484.43286445150375,-51.55671355484962,34.915698157888286,100.0,176.88913398871537,56.782660304059384,635 days 19:00:00,128,1,22.818854789039676,20.111392114738084,-8.039372144347576,4.865198551105742,-1.9711130196041329,7 days 16:40:00,1 days 22:01:46.930693069,-4.206140549512008,-0.5537982633194011,-0.5377727092984069,0.9768086999727198,-0.07400223142324994,26.258388151941727,0.9847599307417289,0.39277435856446324,-0.007468294324475284,None,None,-0.000029314035454688435,-0.17729128642995565,-0.5155671355484968,-0.22241385997301677,0.3852848778688092,-2.4766055463565673,3 days 03:16:24.374999999,false
XMR-USD,false,9,37,352,21.082621082621085,0.4365494120595241,0.4834710743801653,0.0001,0.0000324348016655709,14.545454545454547,29.049586776859506,0.0014545454545454547,-2.844273008657455,0,0,17424,726 days 01:00:00,1000.0,129.49425000717918,-87.05057499928208,34.915698157888286,100.0,294.4002396765384,87.77139943430412,722 days 11:00:00,351,1,5.991929462602428,24.427265072754306,-6.1898062409500065,2.685114947928635,-1.426599575995137,2 days 23:41:21.081081081,0 days 15:10:10.830324909,-2.4971443859128866,-2.04882424452148,-0.7316124699600592,0.91754954889642,0.3156062478984483,22.39306704237093,1.0145326509721009,0.37161523929471035,-0.007650710154234231,None,None,-0.0001056613946454751,-0.6390401148158334,-0.870505749992821,-0.5081040756616466,0.3753786589003555,-3.4931643814092053,1 days 03:05:07.692307691,false
XMR-USD,false,18,44,224,21.076233183856502,0.46919815242915797,0.3071625344352617,0.0001,0.00003242497412901001,9.25619834710744,18.47107438016529,0.0009256198347107439,-2.0017571884696235,0,0,17424,726 days 01:00:00,1000.0,219.54481346653802,-78.0455186533462,34.915698157888286,100.0,214.71338831333424,79.64929489576176,722 days 11:00:00,223,1,10.425544058825352,20.68021897104223,-6.928026011026205,3.6932746532140284,-1.806395231619691,4 days 16:03:49.787234042,1 days 00:57:16.363636363,-3.546550361400396,-1.4406383709180013,-0.6696562774557061,0.9413336748766976,0.1883451678415764,22.900583296311442,0.9937594364725509,0.3854655323209032,-0.007631521799382566,None,None,-0.00007510755643307098,-0.4542505013072133,-0.7804551865334608,-0.40918581268805,0.3794779966880816,-3.2352558525516373,1 days 19:18:50.044843047,false
XMR-USD,false,3,14,988,21.073961499493414,0.3301176071574388,1.359504132231405,0.0001,0.00003242147922998987,40.82644628099174,81.61157024793388,0.004082644628099174,-7.155879882616041,0,0,17424,726 days 01:00:00,1000.0,5.557163829001183,-99.44428361709988,34.915698157888286,100.0,448.1231705278355,99.46032334874863,725 days 02:00:00,987,1,0.01747553568159077,12.103466817311482,-11.805396837296511,1.4364463280028574,-1.035734731157928,0 days 23:15:00,0 days 05:42:26.341463414,-1.0075585731577288,-5.37867966181551,-0.9315286299221414,0.7935703465104229,-0.40444268061126315,36.419983005012014,1.0284132474446654,0.34545594934754076,-0.008032881347892725,None,None,-0.0002855833775175353,-1.7272082672260536,-0.994442836170999,-0.8350825182129235,0.3864694687312171,-3.848125309349802,0 days 09:24:15.319148934,false
XMR-USD,false,14,32,300,21.070234113712374,0.4417269382296492,0.4118457300275482,0.0001,0.00003241574479032673,12.396694214876034,24.75206611570248,0.0012396694214876034,-2.664466252359648,0,0,17424,726 days 01:00:00,1000.0,145.89133834893232,-85.41086616510677,34.915698157888286,100.0,263.02298826932974,86.36805921730645,722 days 11:00:00,299,1,6.750651928892609,23.389151865388296,-6.189806240949998,2.9117285281932004,-1.5607376575747214,3 days 09:00:00,0 days 18:55:55.932203389,-2.879128139063412,-1.9164730939617185,-0.7179062666813928,0.9227824737150742,0.3295053714684077,22.26029980929517,1.005509350951338,0.376164902858948,-0.007662399020550729,None,None,-0.00009882348224584494,-0.5976844206228702,-0.8541086616510675,-0.48732153304800363,0.37533180811759737,-3.446202443923076,1 days 08:00:36.120401336,false
XMR-USD,false,5,27,566,21.061946902654867,0.36238195235729204,0.778236914600551,0.0001,0.00003240299523485364,23.388429752066116,46.735537190082646,0.002338842975206612,-4.7552608675172054,0,0,17424,726 days 01:00:00,1000.0,32.54926170169176,-96.74507382983082,34.915698157888286,100.0,352.7847492871031,96.94558366892508,722 days 11:00:00,565,1,0.654805537847146,14.344903282656976,-11.805396837296515,1.8085646512266174,-1.232011887950903,1 days 19:09:04.537815126,0 days 09:36:59.730941704,-1.7134611395330177,-3.532035573674106,-0.8471375559993144,0.859925086932564,-0.48171810912542024,36.90421814070764,1.0110283439543777,0.359098354262538,-0.007767265497249494,None,None,-0.00018455307768022123,-1.116177013809978,-0.9674507382983084,-0.6954058227002522,0.380324381235322,-3.7708188274612464,0 days 16:40:46.725663716,false
XMR-USD,false,11,51,267,21.052631578947366,0.41929956319042316,0.36639118457300274,0.0001,0.000032388663967611336,11.03305785123967,22.024793388429753,0.001103305785123967,-2.4423817457747954,0,0,17424,726 days 01:00:00,1000.0,167.4175792105333,-83.25824207894668,34.915698157888286,100.0,228.2564034923922,84.49144676877914,722 days 11:00:00,266,1,7.746709412762016,24.360729949532015,-6.0856879582286,3.1531862251605243,-1.6548609272333186,4 days 01:08:34.285714285,0 days 20:01:08.571428571,-3.159132068429429,-1.758471388376034,-0.7016351512478268,0.929039262010404,0.284823204577791,22.50274501510429,0.9930910372173298,0.38348551012306464,-0.007633162839139208,None,None,-0.00009087358542118425,-0.5496034446273224,-0.8325824207894666,-0.46223685406789317,0.37614933764053055,-3.384550402012702,1 days 12:15:20.300751878,false
XMR-USD,false,16,28,305,21.052631578947366,0.4297440683742171,0.418732782369146,0.0001,0.000032388663967611336,12.603305785123966,25.16528925619835,0.0012603305785123967,-2.7855533724705963,0,0,17424,726 days 01:00:00,1000.0,134.5467145561406,-86.54532854438594,34.915698157888286,100.0,258.7030984906044,87.42808952133576,722 days 11:00:00,304,1,6.225715991255242,23.389151865388307,-5.267919750349742,2.8870441045579733,-1.5741869744453623,3 days 07:50:37.500000,0 days 18:31:29.999999999,-2.867365136299716,-2.005404092850939,-0.7265331745194998,0.9193088594621688,0.3257470872711016,22.241163273816856,1.0046414646027289,0.3748619220451318,-0.007684856761732291,None,None,-0.00010345755093430207,-0.6257112680506589,-0.8654532854438596,-0.5015257534943395,0.37550717601033845,-3.4786939144974047,1 days 07:26:03.157894735,false
XMR-USD,false,17,54,210,21.052631578947366,0.4727415348560649,0.2878787878787879,0.0001,0.000032388663967611336,8.677685950413224,17.31404958677686,0.0008677685950413224,-1.8385007097365458,0,0,17424,726 days 01:00:00,1000.0,243.03226631707207,-75.6967733682928,34.915698157888286,100.0,210.67238081019588,77.5054681594709,722 days 11:00:00,209,1,11.540894818683569,20.980269207092274,-6.168481229071113,3.682522038572044,-1.8027890638146942,5 days 00:02:43.636363636,1 days 02:29:27.272727272,-3.677074777519671,-1.325283999992931,-0.6566172553650245,0.9457447392941938,0.11140683335850946,23.554124668120803,0.9913181060558991,0.38634736255867613,-0.007587215347123459,None,None,-0.00006922635539155214,-0.4186809974081074,-0.7569677336829321,-0.38797153598220824,0.38020730528823343,-3.167986818593547,1 days 22:11:11.770334927,false
XMR-USD,false,24,87,134,21.052631578947366,0.6285160716911261,0.18319559228650137,0.0001,0.000032388663967611336,5.537190082644628,11.03305785123967,0.0005537190082644628,-0.6676394883705924,0,0,17424,726 days 01:00:00,1000.0,519.9902008394097,-48.00097991605903,34.915698157888286,100.0,187.57976590500382,52.07663737568397,635 days 19:00:00,133,1,26.565650864935435,20.39867062582279,-7.677465801481966,4.810740698106743,-1.8647335417663164,7 days 18:32:08.571428571,1 days 18:00:00,-3.8088379701167314,-0.4793065793564909,-0.5380164162407363,0.9799112616607233,-0.06948047359246753,26.441040718116426,0.9842885302407298,0.3940000000000001,-0.00745241146049081,None,None,-0.00002530922688218806,-0.1530702041834734,-0.48000979916059505,-0.20306029480016685,0.3843469444930143,-2.374767867994484,3 days 00:25:42.857142856,false
XMR-USD,false,54,87,96,21.052631578947366,0.5413473738402446,0.13085399449035812,0.0001,0.000032388663967611336,3.9669421487603307,7.892561983471075,0.0003966942148760331,-1.1366382627299776,0,0,17424,726 days 01:00:00,1000.0,381.1704649674216,-61.882953503257845,34.915698157888286,100.0,138.8128431424048,67.43283637330987,630 days 14:00:00,95,1,18.100675728540864,18.623204355218682,-7.19313852754047,5.370794654672138,-2.6614814125985724,10 days 18:38:59.999999999,2 days 09:08:48,-6.704528534327565,-0.8243154849723189,-0.5697981873560165,0.9653702892609778,-0.18280871773002913,27.177885767476226,0.9713988297850904,0.38063544885508277,-0.0074601899883997855,None,None,-0.000043270253656835036,-0.2616984941165383,-0.6188295350325755,-0.28449657439353737,0.3820796675110476,-2.772353318654091,4 days 03:34:06.315789473,false
XMR-USD,false,56,85,96,21.052631578947366,0.5514103191834323,0.13085399449035812,0.0001,0.000032388663967611336,3.9669421487603307,7.892561983471075,0.0003966942148760331,-1.0998616346815502,0,0,17424,726 days 01:00:00,1000.0,392.73147609466105,-60.72685239053389,34.915698157888286,100.0,142.90229786769962,66.64137517060819,630 days 14:00:00,95,1,18.64967449088232,18.467351974700517,-7.193138527540464,5.354739418070552,-2.618670461816268,11 days 00:27:00,2 days 07:26:24,-6.588612614697057,-0.7955478989777871,-0.5625809722557996,0.9665989521658682,-0.12541614540904697,26.942768540889574,0.9738560037358327,0.37965162311955664,-0.007451445542635839,None,None,-0.00004163199894389273,-0.25179032961266323,-0.6072685239053455,-0.2770376392251509,0.3809069309158391,-2.739242105826667,4 days 03:26:31.578947367,false
XMR-USD,false,58,83,96,21.052631578947366,0.5511878042985292,0.13085399449035812,0.0001,0.000032388663967611336,3.9669421487603307,7.892561983471075,0.0003966942148760331,-1.0968285933472894,0,0,17424,726 days 01:00:00,1000.0,393.4768973437888,-60.652310265621125,34.915698157888286,100.0,142.68803897348323,66.65383538978188,630 days 14:00:00,95,1,18.68507237595395,18.467351974700506,-7.193138527540481,5.36494294282576,-2.6174307530973806,11 days 00:30:00,2 days 07:25:36,-6.581138684549105,-0.7931771989108681,-0.5615813687544725,0.966696415219067,-0.12368150305728759,26.918073981317477,0.9743590067456279,0.37954239569313597,-0.007451445542635788,None,None,-0.00004151763923788787,-0.2510986821107459,-0.6065231026562062,-0.2765616557902304,0.3809959629622751,-2.737107188616199,4 days 03:26:31.578947367,false
XMR-USD,false,59,81,96,21.052631578947366,0.551197403068605,0.13085399449035812,0.0001,0.000032388663967611336,3.9669421487603307,7.892561983471075,0.0003966942148760331,-1.1217580909862965,0,0,17424,726 days 01:00:00,1000.0,386.6601575210624,-61.33398424789376,34.915698157888286,100.0,142.64987509018476,66.83285277966012,630 days 14:00:00,95,1,18.361365246474406,18.623204355218675,-7.19313852754047,5.3804300171456765,-2.6455260640302507,11 days 00:38:59.999999999,2 days 07:19:12,-6.649486397109596,-0.812167601751104,-0.5682662446538551,0.9658963946760972,-0.13677325738343196,26.938801705354777,0.9721409803351094,0.37965162311955664,-0.007460189988399646,None,None,-0.000042516985393844874,-0.2571427276619738,-0.6133398424789347,-0.28093658349990114,0.38104366632995607,-2.756630612698688,4 days 03:23:22.105263156,false
XMR-USD,false,62,77,96,21.052631578947366,0.5592502653083077,0.13085399449035812,0.0001,0.000032388663967611336,3.9669421487603307,7.892561983471075,0.0003966942148760331,-1.1043531360534518,0,0,17424,726 days 01:00:00,1000.0,391.2387429777157,-60.876125702228435,34.915698157888286,100.0,143.4947669495202,66.70237633432254,630 days 14:00:00,95,1,18.5787889407614,18.62320435521868,-7.193138527540459,5.457408447228147,-2.649653764160605,11 days 00:27:00,2 days 07:17:36,-6.603579431189948,-0.7995951201256609,-0.563858851348415,0.9664041102353519,-0.13752033785922985,26.965646547072666,0.971442713521253,0.37965162311955664,-0.007460189988399707,None,None,-0.00004184776978849266,-0.2530953116808036,-0.6087612570222866,-0.27799258963990503,0.38094311369790096,-2.7435173550575294,4 days 03:19:34.736842104,false
XMR-USD,false,17,36,253,21.03174603174603,0.4239124811239781,0.34710743801652894,0.0001,0.00003235653235653236,10.454545454545455,20.867768595041323,0.0010454545454545456,-2.3966827483929194,0,0,17424,726 days 01:00:00,1000.0,173.03326907285157,-82.69667309271485,34.915698157888286,100.0,224.2392534387766,84.05376056161359,722 days 11:00:00,252,1,8.216846218672117,23.46552052400138,-6.399618215274423,3.2217363656746643,-1.7031824567815612,3 days 22:44:09.056603773,0 days 23:13:52.160804020,-3.314220544229445,-1.72441360324908,-0.697186880413037,0.930370004076439,0.28605718422849336,22.573088638230026,0.9951987725064846,0.3826073157184797,-0.007650913471011422,None,None,-0.00008900807768301227,-0.5383208538268582,-0.8269667309271505,-0.45604334014676573,0.37570409247906655,-3.3684668345671245,1 days 14:16:11.428571428,false
XMR-USD,false,14,60,215,21.02803738317757,0.4640895293916688,0.29476584022038566,0.0001,0.00003235082674335011,8.884297520661157,17.727272727272727,0.0008884297520661157,-1.9210811978315432,0,0,17424,726 days 01:00:00,1000.0,232.3868693889541,-76.76131306110459,34.915698157888286,100.0,208.12856044186844,78.49078267668894,722 days 11:00:00,214,1,11.035375909148087,20.605571745257087,-6.168481229071105,3.6883232411927915,-1.8066699005873643,4 days 23:37:20,1 days 01:16:19.881656804,-3.638544422991559,-1.381397284131556,-0.6623054150118615,0.9436708253438005,0.19515746304549136,22.96157848622879,0.9939012922178863,0.3853553824137382,-0.007587215347123375,None,None,-0.00007188875439809182,-0.4347831865996593,-0.7676131306110501,-0.3974127306188564,0.3787915700150542,-3.1984756745802714,1 days 21:06:43.738317755,false
XMR-USD,false,16,50,215,21.02803738317757,0.49077047365644505,0.29476584022038566,0.0001,0.00003235082674335011,8.884297520661157,17.727272727272727,0.0008884297520661157,-1.7829495515624225,0,0,17424,726 days 01:00:00,1000.0,254.1000194568644,-74.58999805431355,34.915698157888286,100.0,215.74508368093348,76.39049187261828,722 days 11:00:00,214,1,12.066470195159923,20.680218971042223,-6.168481229071107,3.879349443384645,-1.8012485622315562,4 days 22:02:40,1 days 01:38:20.591715976,-3.5418993025153993,-1.2804377644547769,-0.6516461754864444,0.9476133733107763,0.20066274957599534,22.9118839041397,0.995492374437018,0.38557569974554706,-0.007595606630086802,None,None,-0.00006672948915334868,-0.40357995039945277,-0.7458999805431352,-0.3784378538674271,0.379330068960902,-3.1362883169919344,1 days 21:04:12.336448597,false
XMR-USD,false,17,48,215,21.02803738317757,0.4932844920608755,0.29476584022038566,0.0001,0.00003235082674335011,8.884297520661157,17.727272727272727,0.0008884297520661157,-1.778521025541113,0,0,17424,726 days 01:00:00,1000.0,254.83770328542937,-74.51622967145707,34.915698157888286,100.0,217.01513498471877,76.32195054632017,722 days 11:00:00,214,1,12.10150065265401,20.68021897104222,-6.16848122907111,3.8911754758267145,-1.8027412201155824,4 days 21:58:40,1 days 01:42:57.514792899,-3.538615875547781,-1.277573517529263,-0.6512717357105925,0.9477441870748414,0.19793951440446553,22.92222955136766,0.9947800909226631,0.38634736255867613,-0.007608808267455806,None,None,-0.00006656755540769438,-0.4026005751057356,-0.7451622967145715,-0.37781213682909753,0.3792579139237161,-3.134175560073172,1 days 21:07:00.560747662,false
XMR-USD,false,8,38,372,21.024258760107816,0.4358027164082947,0.5110192837465565,0.0001,0.00003234501347708895,15.371900826446282,30.702479338842977,0.0015371900826446282,-3.0551235459609547,0,0,17424,726 days 01:00:00,1000.0,112.73619958225845,-88.72638004177415,34.915698157888286,100.0,301.8028872255507,89.3539214759761,722 days 11:00:00,371,1,5.216504638169766,24.427265072754302,-6.189806240950004,2.65781231236277,-1.423448456225649,2 days 20:49:13.846153846,0 days 14:08:23.754266211,-2.4056072912558277,-2.2039824775432564,-0.745607712688422,0.9116482169058571,0.31480027327194887,22.4279635408331,1.012234561888476,0.3717232149885854,-0.0076416285995576025,None,None,-0.00011362201085640744,-0.6871859216595522,-0.8872638004177409,-0.531204930922001,0.3752427222827076,-3.541160129193314,1 days 01:38:10.026954177,false
XMR-USD,false,10,38,334,21.02102102102102,0.4219828127266264,0.45867768595041325,0.0001,0.00003234003234003234,13.801652892561984,27.56198347107438,0.0013801652892561985,-2.8840481546100802,0,0,17424,726 days 01:00:00,1000.0,126.63025095209127,-87.33697490479088,34.915698157888286,100.0,275.8953620304396,88.16231930299043,722 days 11:00:00,333,1,5.859407128073343,23.465520524001377,-6.189806240950012,2.703063229590929,-1.476474399601839,3 days 02:53:08.571428571,0 days 16:20:59.315589353,-2.6403277963242715,-2.0760716154721917,-0.7329066387797946,0.9166114533290906,0.33458080181006034,22.33325751012547,1.013117268077055,0.37258763292634894,-0.007657573012803461,None,None,-0.00010696707513212942,-0.6469368703991187,-0.8733697490479077,-0.5119076991424447,0.37502976209687566,-3.501366992859611,1 days 04:39:16.756756756,false
XMR-USD,false,7,34,415,21.014492753623188,0.4103573089047128,0.5702479338842975,0.0001,0.00003232998885172798,17.14876033057851,34.256198347107436,0.0017148760330578513,-3.2892217433411415,0,0,17424,726 days 01:00:00,1000.0,90.62925944389099,-90.9370740556109,34.915698157888286,100.0,308.09252280335915,91.48217332276172,722 days 11:00:00,414,1,4.193577165052332,21.12387912204324,-11.520637103641052,2.4312951413370234,-1.3551349727108328,2 days 13:53:06.206896551,0 days 12:28:48.440366972,-2.2066770959448316,-2.4104946330048453,-0.7661787549458452,0.9025514991555714,-0.412703453331483,36.82401101208405,1.0121031078690843,0.36892136067248016,-0.007662399020550798,None,None,-0.00012582324482905585,-0.7609789847261298,-0.9093707405561101,-0.565408840171054,0.3799379336277351,-3.604475317789573,0 days 22:51:44.347826085,false
XMR-USD,false,12,50,258,21.011673151750973,0.44564666046378415,0.35399449035812675,0.0001,0.00003232565100269381,10.661157024793388,21.280991735537192,0.0010661157024793389,-2.245907362332865,0,0,17424,726 days 01:00:00,1000.0,189.5597020877383,-81.04402979122617,34.915698157888286,100.0,229.0089321035226,82.44033425769967,722 days 11:00:00,257,1,8.771264853834765,24.360729949531994,-6.399618215274419,3.3641013757262264,-1.6732503741981795,4 days 03:40:00,0 days 21:07:05.615763546,-3.187593629440067,-1.6149016038270125,-0.6872664649678858,0.9346805394174921,0.2816039854756828,22.29886311741862,0.9942302892484162,0.3856858846918489,-0.007633162839139193,None,None,-0.0000836819757384472,-0.5061085892661287,-0.8104402979122625,-0.43854538250660136,0.3771757858336228,-3.3211344486009193,1 days 13:37:21.245136185,false
XMR-USD,false,44,87,101,21.0,0.5339062388394362,0.13774104683195593,0.0001,0.00003230769230769231,4.1735537190082646,8.305785123966942,0.0004173553719008265,-1.1152396407086032,0,0,17424,726 days 01:00:00,1000.0,384.65585820542344,-61.534414179457656,34.915698157888286,100.0,135.64640825349167,66.76206798118386,635 days 19:00:00,100,1,17.155719830702708,20.378873003359022,-8.593290028177913,5.537651115094857,-2.6133810204698174,9 days 18:54:17.142857142,2 days 09:38:44.050632911,-6.324998616252792,-0.8078893736385718,-0.5712927666385821,0.9660911874081595,-0.1781094832739252,26.80434084284297,0.9720929964001339,0.38337567481740237,-0.007499079125261161,None,None,-0.00004262445226063772,-0.2577926872723369,-0.6153441417945762,-0.2822324962112601,0.38402974130044865,-2.7623710086276927,3 days 22:52:11.999999998,false
XMR-USD,false,46,84,101,21.0,0.5363540756245885,0.13774104683195593,0.0001,0.00003230769230769231,4.1735537190082646,8.305785123966942,0.0004173553719008265,-1.1180626197659431,0,0,17424,726 days 01:00:00,1000.0,384.32418289946395,-61.56758171005361,34.915698157888286,100.0,136.84177664338904,66.79072788857029,635 days 19:00:00,100,1,17.140927052944505,20.378873003359022,-8.593290028177904,5.503080367215672,-2.6050450266790324,9 days 18:57:08.571428571,2 days 09:31:08.354430379,-6.328167441534802,-0.810169935912845,-0.5714491882999058,0.9659744202757202,-0.18354259835806847,26.887233535301267,0.9721819673380225,0.3828267597809698,-0.007492505718021385,None,None,-0.000042699550919886736,-0.258246883963475,-0.6156758171005408,-0.28244737119982033,0.38362343402684607,-2.763320940387498,3 days 22:46:47.999999998,false
XMR-USD,false,51,86,101,21.0,0.5164155506245263,0.13774104683195593,0.0001,0.00003230769230769231,4.1735537190082646,8.305785123966942,0.0004173553719008265,-1.298236922563532,0,0,17424,726 days 01:00:00,1000.0,339.0194437145369,-66.0980556285463,34.915698157888286,100.0,140.82414824723153,71.61203786116853,630 days 14:00:00,100,1,16.72790512196974,19.785426026257422,-8.735543285074762,5.1665529851033005,-2.6825511546896923,10 days 13:34:17.142857142,2 days 04:31:53.924050632,-6.777084614074335,-0.9437510877214397,-0.5857403280931688,0.9604873540626748,-0.20813381691751345,26.700833901931873,0.9706713156130283,0.38129211256440754,-0.007508037222203279,None,None,-0.000049844819818052406,-0.301461470259581,-0.6609805562854656,-0.3130156797384548,0.38443286618529704,-2.8930755824973584,3 days 22:44:59.999999998,false
XMR-USD,false,54,85,101,21.0,0.53304465797597,0.13774104683195593,0.0001,0.00003230769230769231,4.1735537190082646,8.305785123966942,0.0004173553719008265,-1.1750311964615643,0,0,17424,726 days 01:00:00,1000.0,370.3272115260247,-62.96727884739754,34.915698157888286,100.0,143.09919062919712,68.83191103301559,630 days 14:00:00,100,1,17.585761189184154,18.623204355218697,-7.193138527540463,5.065814103057868,-2.5528859861293864,10 days 14:25:42.857142857,2 days 04:12:54.683544303,-6.4725854966315906,-0.8523611523193876,-0.5711020933824239,0.9642371932701751,-0.18691303110251778,26.956039360221187,0.9730686746406784,0.38063544885508277,-0.007482015876363646,None,None,-0.00004486170369839999,-0.2713235839679231,-0.629672788473973,-0.2916278874451562,0.38309815383201784,-2.8034088438575795,3 days 22:40:47.999999998,false
XMR-USD,false,55,84,101,21.0,0.5314475690334006,0.13774104683195593,0.0001,0.00003230769230769231,4.1735537190082646,8.305785123966942,0.0004173553719008265,-1.198122799287563,0,0,17424,726 days 01:00:00,1000.0,364.75654459414113,-63.52434554058589,34.915698157888286,100.0,143.26036968865174,69.43973649552093,630 days 14:00:00,100,1,17.321226433758227,18.6232043552187,-7.193138527540474,5.052486435998738,-2.5683926014362126,10 days 14:20:00,2 days 04:09:06.835443037,-6.525646818396183,-0.8693691631278953,-0.572737377752048,0.9635153584306427,-0.1879595480091429,26.99634496403855,0.9717419577008755,0.3804166996751961,-0.007482015876363751,None,None,-0.00004574025490283306,-0.27663706165233437,-0.6352434554058628,-0.2953446710044577,0.38295901137889093,-2.819363463772934,3 days 22:36:35.999999999,false
XMR-USD,false,56,83,101,21.0,0.5322528173031877,0.13774104683195593,0.0001,0.00003230769230769231,4.1735537190082646,8.305785123966942,0.0004173553719008265,-1.2050456001183094,0,0,17424,726 days 01:00:00,1000.0,363.1701209886353,-63.68298790113647,34.915698157888286,100.0,143.07407958792606,69.57265124134938,630 days 14:00:00,100,1,17.245891795084617,18.6232043552187,-7.193138527540468,5.102239007151594,-2.5859497297049168,10 days 14:20:00,2 days 04:06:50.126582278,-6.540757708064489,-0.8744508987773139,-0.573538096621911,0.9632979521221366,-0.1873856571607757,27.014654742928634,0.9713237630125551,0.38030735107731306,-0.007482015876363875,None,None,-0.00004599635038637325,-0.2781859271367854,-0.6368298790113656,-0.29640991594548693,0.3828651964357874,-2.8239070464283116,3 days 22:34:47.999999999,false
XMR-USD,false,57,81,101,21.0,0.5328161478532797,0.13774104683195593,0.0001,0.00003230769230769231,4.1735537190082646,8.305785123966942,0.0004173553719008265,-1.1765679736241839,0,0,17424,726 days 01:00:00,1000.0,370.34361122726216,-62.96563887727379,34.915698157888286,100.0,143.7128726476091,68.76167456971044,630 days 14:00:00,100,1,17.586539963253585,18.361512054478204,-7.193138527540473,5.0939604920477155,-2.5590598798528847,10 days 14:25:42.857142857,2 days 04:03:02.278481012,-6.472429287359921,-0.8535468846498754,-0.5716657950716137,0.9641522996640218,-0.18781962922235443,27.058980702036642,0.973600831374659,0.3797608678438514,-0.0074682943244753375,None,None,-0.000044881925089301514,-0.2714458829400956,-0.6296563887727327,-0.29161699953611575,0.382738402028696,-2.803361874436652,3 days 22:32:59.999999998,false
XMR-USD,false,58,80,101,21.0,0.5325947285201114,0.13774104683195593,0.0001,0.00003230769230769231,4.1735537190082646,8.305785123966942,0.0004173553719008265,-1.1897098612316988,0,0,17424,726 days 01:00:00,1000.0,367.2130710378674,-63.278692896213265,34.915698157888286,100.0,143.47760314666837,69.11750001725633,630 days 14:00:00,100,1,17.437879723199956,18.36151205447821,-7.19313852754047,5.123981822953953,-2.5768391217105795,10 days 14:20:00,2 days 04:00:45.569620253,-6.5022480868533306,-0.863417573374381,-0.5724621710591596,0.9637361774018631,-0.19103671724401017,27.101292230467504,0.9725796376324553,0.37965162311955664,-0.007468294324475448,None,None,-0.00004538008163204517,-0.2744587337106092,-0.6327869289621351,-0.29370112548261185,0.38256244410242185,-2.812327870692086,3 days 22:29:59.999999999,false
XMR-USD,false,10,51,282,20.99644128113879,0.4266615701048297,0.38705234159779617,0.0001,0.000032302217355598137,11.652892561983471,23.264462809917354,0.0011652892561983472,-2.4362179273951026,0,0,17424,726 days 01:00:00,1000.0,170.27175362435992,-82.97282463756402,34.915698157888286,100.0,242.37840707572846,83.89845234454855,722 days 11:00:00,281,1,7.878777143651007,24.879197779776195,-6.18980624095001,3.0160388620150047,-1.5659732273642586,3 days 20:24:24.406779661,0 days 18:48:22.702702702,-2.9808079128800413,-1.749631263389263,-0.7024522896830675,0.9294317563180133,0.34514913776006134,22.354332100704024,1.0019227938844089,0.38107315526670366,-0.007610016453929223,None,None,-0.00009001060091706296,-0.5443841143463968,-0.8297282463756396,-0.4590723311957611,0.374459691445457,-3.3763759287401927,1 days 10:15:35.231316725,false
XMR-USD,false,13,82,182,20.994475138121548,0.4926396055507537,0.2493112947658402,0.0001,0.000032299192520187,7.520661157024794,15.0,0.0007520661157024794,-1.5068238778232341,0,0,17424,726 days 01:00:00,1000.0,302.2712380471031,-69.77287619528968,34.915698157888286,100.0,200.15387341947516,71.85795234775202,722 days 11:00:00,181,1,14.35398113131049,21.24696439820229,-5.570763989160789,3.803231239520491,-1.8151805534261563,6 days 00:07:53.684210526,1 days 05:31:02.937062937,-3.9341588015702036,-1.0841693322842771,-0.6290162441660512,0.9555687518701773,0.09897832028626712,23.143862920582773,0.9881493932671397,0.39099544982837064,-0.007549268901077532,None,None,-0.00005668588444318819,-0.3428362291124022,-0.6977287619528985,-0.3398354134330679,0.38057105409560016,-2.998323959606299,2 days 05:34:48.397790054,false
XMR-USD,false,13,89,182,20.994475138121548,0.49231182453410566,0.2493112947658402,0.0001,0.000032299192520187,7.520661157024794,15.0,0.0007520661157024794,-1.4520855329670392,0,0,17424,726 days 01:00:00,1000.0,313.1221261854464,-68.68778738145535,34.915698157888286,100.0,201.52692084578385,70.75962468216962,722 days 11:00:00,181,1,14.869258220199356,21.320784940581504,-6.070947836557046,3.6690516270311857,-1.7588939503887249,6 days 01:34:44.210526315,1 days 05:07:33.146853146,-3.8770559780925544,-1.0442746237734606,-0.6249259366687864,0.9571862175267772,0.10070636592590959,23.070488389996427,0.9864520007776983,0.39188433580956944,-0.007555296026783992,None,None,-0.00005464315906896155,-0.3304818260490795,-0.6868778738145529,-0.3317044955322853,0.38087197578359633,-2.9672465683157805,2 days 05:34:28.508287291,false
XMR-USD,false,17,64,182,20.994475138121548,0.4853665342858517,0.2493112947658402,0.0001,0.000032299192520187,7.520661157024794,15.0,0.0007520661157024794,-1.5421160808692838,0,0,17424,726 days 01:00:00,1000.0,295.51117283792314,-70.44888271620768,34.915698157888286,100.0,194.8072707242319,73.0356218009385,722 days 11:00:00,181,1,13.409066278096702,21.2469643982023,-7.125563139087615,3.8623635331928945,-1.841937212198198,5 days 17:06:18.947368421,1 days 06:51:36.503496503,-3.966286704089368,-1.1087345834598792,-0.6273569783985709,0.9543804984007281,0.12763457199552394,23.375264630346525,0.9882696252938555,0.3881143949653469,-0.00756640383029461,None,None,-0.000057980620880188175,-0.35066679508337806,-0.7044888271620754,-0.344997721179105,0.3806389369522867,-3.0176850652574334,2 days 05:09:56.685082872,false
XMR-USD,false,69,89,82,20.98765432098765,0.5656204921374156,0.1115702479338843,0.0001,0.00003228869895536562,3.388429752066116,6.735537190082645,0.0003388429752066116,-0.9905475896552095,0,0,17424,726 days 01:00:00,1000.0,415.05564102199355,-58.49443589780064,34.915698157888286,100.0,127.20950657529276,63.525536695193,630 days 14:00:00,81,1,17.315562531751993,17.209452191573675,-11.388143219999105,6.015183691400569,-2.8890844977802965,12 days 13:49:24.705882352,2 days 19:04:41.250000,-7.4353076729599845,-0.7221722482173273,-0.5624420511034655,0.9693680182609177,-0.4154557652300819,30.422287950647046,0.9663393741713723,0.38030735107731306,-0.007442722754766147,None,None,-0.00003819175556892794,-0.23098373768087618,-0.5849443589780088,-0.26303057449576794,0.38493444190955683,-2.6753047764730247,4 days 20:20:44.444444444,false
XMR-USD,false,72,89,82,20.98765432098765,0.5834947695335484,0.1115702479338843,0.0001,0.00003228869895536562,3.388429752066116,6.735537190082645,0.0003388429752066116,-0.9076879987197883,0,0,17424,726 days 01:00:00,1000.0,438.3305908303746,-56.16694091696254,34.915698157888286,100.0,129.33862154085583,60.43579216102227,630 days 14:00:00,81,1,18.28656210144345,34.611269532470196,-10.76629470190215,6.258518796914886,-2.8220123319730424,12 days 22:35:17.647058823,2 days 17:03:45,-7.159950262605783,-0.6612939446541858,-0.5616232684826236,0.9719625089419588,-0.412247948817691,30.238065053515,0.9677225395427541,0.38173023550868285,-0.007446826610916458,None,None,-0.000035024311534610557,-0.21182703616132464,-0.5616694091696249,-0.2489413207638006,0.3855076544150591,-2.6086443599946487,4 days 20:35:33.333333332,false
XMR-USD,false,73,88,82,20.98765432098765,0.582363240412287,0.1115702479338843,0.0001,0.00003228869895536562,3.388429752066116,6.735537190082645,0.0003388429752066116,-0.9159538273400315,0,0,17424,726 days 01:00:00,1000.0,435.8953972488332,-56.410460275116684,34.915698157888286,100.0,128.90930805014762,60.59753132216639,630 days 14:00:00,81,1,18.18496910385346,34.611269532470196,-10.766294701902146,6.270575583030218,-2.833677913454544,12 days 22:38:49.411764705,2 days 17:00:56.250000,-7.18876014635827,-0.6673331718952035,-0.5631730891607469,0.9717084670549034,-0.41210256458532685,30.238313106091198,0.9674687251458762,0.38162067871868055,-0.007446826610916512,None,None,-0.00003534407944104553,-0.21376099245944338,-0.5641046027511665,-0.2503922089370203,0.3855066780465503,-2.615618854878095,4 days 20:34:04.444444443,false
XMR-USD,false,74,87,82,20.98765432098765,0.5792992494989708,0.1115702479338843,0.0001,0.00003228869895536562,3.388429752066116,6.735537190082645,0.0003388429752066116,-0.9186619209785459,0,0,17424,726 days 01:00:00,1000.0,435.08383946931644,-56.49161605306836,34.915698157888286,100.0,128.68830846218717,60.67111951649752,630 days 14:00:00,81,1,18.151112005935772,34.6112695324702,-10.76629470190217,6.218597252436071,-2.823801699247152,12 days 22:42:21.176470588,2 days 16:59:03.750000,-7.1983613893409775,-0.6693218081614036,-0.5635067216097488,0.9716254338772737,-0.4121260850960609,30.234954471983364,0.9671841790371971,0.38162067871868055,-0.007451445542635768,None,None,-0.00003545035708624258,-0.21440375965759514,-0.5649161605306798,-0.2508769104834282,0.38551704358644845,-2.617943189840114,4 days 20:33:19.999999999,false
XMR-USD,false,75,86,82,20.98765432098765,0.5782350818049735,0.1115702479338843,0.0001,0.00003228869895536562,3.388429752066116,6.735537190082645,0.0003388429752066116,-0.9194340787428371,0,0,17424,726 days 01:00:00,1000.0,434.8579816971908,-56.51420183028092,34.915698157888286,100.0,128.59728212053204,60.691535658216424,630 days 14:00:00,81,1,18.14168952376707,34.6112695324702,-10.766294701902149,6.20257496455974,-2.8206534188182153,12 days 22:38:49.411764705,2 days 17:00:56.250000,-7.2010334299577305,-0.6698841579361746,-0.5636001860624744,0.9716015478607528,-0.4121021964464398,30.2349216887242,0.9669594964272676,0.38173023550868285,-0.007451445542635776,None,None,-0.00003548014972820538,-0.21458394555618612,-0.5651420183028051,-0.2510119086530438,0.3855171306759542,-2.6185900558174295,4 days 20:34:04.444444443,false
XMR-USD,false,14,31,306,20.983606557377048,0.43331841585164055,0.4201101928374656,0.0001,0.000032282471626733923,12.644628099173554,25.24793388429752,0.0012644628099173555,-2.7718215328796707,0,0,17424,726 days 01:00:00,1000.0,135.24916817446638,-86.47508318255336,34.915698157888286,100.0,260.3168421605476,87.3624529576029,722 days 11:00:00,305,1,6.2582197706240095,23.389151865388307,-6.189806240950018,2.895999444664042,-1.5678145857313242,3 days 07:56:15,0 days 18:28:52.780082987,-2.8557673822824787,-1.995096626575776,-0.7259844414958028,0.9197748140992856,0.3227093315801922,22.105522058853065,1.008054611032409,0.3748619220451318,-0.007684856761732482,None,None,-0.00010311564826365926,-0.6236434406986112,-0.8647508318255323,-0.5006240005610598,0.3761998226375392,-3.4766820583542186,1 days 07:22:37.377049179,false
XMR-USD,false,13,36,287,20.97902097902098,0.45025833837412477,0.3939393939393939,0.0001,0.00003227541689080151,11.859504132231406,23.677685950413224,0.0011859504132231407,-2.4094136108639277,0,0,17424,726 days 01:00:00,1000.0,172.34102217888335,-82.76589778211167,34.915698157888286,100.0,258.45869916883066,83.7486298068179,722 days 11:00:00,286,1,7.974525883206553,23.46552052400137,-6.189806240950028,3.000444880134286,-1.5414549195229232,3 days 11:55:00,0 days 20:07:41.946902654,-2.9217954674976343,-1.7288085881113155,-0.7007222085383811,0.9301220168628059,0.3394362524228329,22.166610056958064,1.0082164324327332,0.37757925527709707,-0.007662399020550814,None,None,-0.00008923908451871121,-0.5397179831691654,-0.8276589778211159,-0.45679965527015187,0.37572157944945395,-3.3704494582306634,1 days 09:30:37.762237761,false
XMR-USD,false,9,38,349,20.977011494252874,0.43064534366026125,0.4793388429752066,0.0001,0.00003227232537577365,14.421487603305785,28.801652892561986,0.0014421487603305785,-2.895351734549411,0,0,17424,726 days 01:00:00,1000.0,125.38306204362914,-87.46169379563709,34.915698157888286,100.0,290.1034774536682,88.20015884708283,722 days 11:00:00,348,1,5.801697477138006,24.427265072754327,-6.1898062409500065,2.6917380433976685,-1.4407183408919206,3 days 00:59:10.684931506,0 days 15:13:18.545454545,-2.5299386075675567,-2.086470724356295,-0.7345835527267268,0.9161219314077923,0.31646329283795577,22.443905203053,1.0120966099362243,0.37204724409448825,-0.007650710154234302,None,None,-0.00010752874441676897,-0.6503338462326187,-0.8746169379563717,-0.5135816298233229,0.37512000334272877,-3.5049389933472495,1 days 03:20:20.689655171,false
XMR-USD,false,17,55,206,20.975609756097562,0.47091800187151484,0.28236914600550966,0.0001,0.00003227016885553471,8.512396694214877,16.983471074380166,0.0008512396694214877,-1.8092160608002528,0,0,17424,726 days 01:00:00,1000.0,247.92973671268567,-75.20702632873143,34.915698157888286,100.0,208.1122991170773,77.21176041349368,722 days 11:00:00,205,1,11.77346143039287,20.680218971042212,-6.168481229071113,3.6761123535741165,-1.8022397835620076,5 days 03:05:34.883720930,1 days 02:51:51.111111111,-3.7260669498424743,-1.3042791534315952,-0.6527035716766588,0.9465589311917424,0.10980902046587881,23.595412329997366,0.9914287898426303,0.38590630716614965,-0.007586227038464302,None,None,-0.00006809381800726772,-0.41183141130795514,-0.7520702632873126,-0.3837186521099317,0.38001004533985583,-3.1539602613313455,1 days 23:02:55.609756096,false
XMR-USD,false,19,46,206,20.975609756097562,0.5007810308759951,0.28236914600550966,0.0001,0.00003227016885553471,8.512396694214877,16.983471074380166,0.0008512396694214877,-1.6742217274194435,0,0,17424,726 days 01:00:00,1000.0,272.05772495305246,-72.79422750469476,34.915698157888286,100.0,204.3513901500229,75.35612590530366,722 days 11:00:00,205,1,13.781263897698523,20.68021897104223,-6.168481229071111,4.113865618852797,-1.8526218838203083,5 days 01:05:34.883720930,1 days 03:17:46.666666666,-3.6181636046080308,-1.2018100412983557,-0.63731521963826,0.9507877859680575,0.19724094078059176,22.73391919836036,0.9939876421972791,0.38723031605763863,-0.007615090235589388,None,None,-0.00006276155256189728,-0.3795818698943548,-0.7279422750469462,-0.36353003926158933,0.3801156883650429,-3.084856707590961,1 days 22:58:14.634146339,false
XMR-USD,false,6,30,473,20.97457627118644,0.4179458723827925,0.650137741046832,0.0001,0.000032268578878748366,19.545454545454547,39.049586776859506,0.001954545454545455,-3.622136628989565,0,0,17424,726 days 01:00:00,1000.0,71.99179824246255,-92.80082017575374,34.915698157888286,100.0,349.1488917728925,93.29789701183842,722 days 11:00:00,472,1,3.3311886584217234,18.96646464310023,-11.465212964445199,2.216746608393963,-1.274518998864044,2 days 05:30:18.181818181,0 days 11:01:46.166219839,-1.9731766746100792,-2.657843927796646,-0.786303613488028,0.8929459079436004,-0.3980422997116744,36.66207265346087,1.0187831830480032,0.3645262333594362,-0.007687330976663843,None,None,-0.00013898996889513926,-0.8406113318778022,-0.9280082017575375,-0.5987849640412188,0.380637810947572,-3.657853775574235,0 days 19:56:18.813559320,false
XMR-USD,false,10,55,268,20.973782771535582,0.41665768213894755,0.3677685950413223,0.0001,0.00003226735811005474,11.074380165289256,22.107438016528928,0.0011074380165289257,-2.413076698783974,0,0,17424,726 days 01:00:00,1000.0,171.40468795388733,-82.85953120461127,34.915698157888286,100.0,226.8182943055186,84.12210509942432,722 days 11:00:00,267,1,7.931200031832589,24.360729949532008,-6.085687958228594,3.2111655536038315,-1.6520070897186472,4 days 01:38:34.285714285,0 days 19:41:48.056872037,-3.133058097670213,-1.736686772951663,-0.6989544978589453,0.9298198150940251,0.288322239992615,22.675998866540226,0.9950500138283049,0.3821686364718014,-0.007595606630086825,None,None,-0.00008956952347091128,-0.5417164779520715,-0.828595312046113,-0.457825810774522,0.37540211181919136,-3.37313115808029,1 days 12:02:41.797752808,false
XMR-USD,false,13,79,187,20.967741935483872,0.48591695975290283,0.256198347107438,0.0001,0.000032258064516129034,7.7272727272727275,15.413223140495868,0.0007727272727272728,-1.5409701255099653,0,0,17424,726 days 01:00:00,1000.0,295.5672362154985,-70.44327637845015,34.915698157888286,100.0,202.09053803261196,72.48210812328897,722 days 11:00:00,186,1,14.03562760082957,21.246964398202316,-5.166804431970884,3.7265187833799827,-1.7862451609437588,5 days 21:18:27.692307692,1 days 04:22:26.938775510,-3.8627332870179085,-1.1089736221385869,-0.6320765350119449,0.9545545128478744,0.09802980383751704,23.15859385608632,0.9905164355268278,0.389442628179571,-0.007549268901077484,None,None,-0.000057975773707408925,-0.3506374793824092,-0.7044327637845014,-0.3449545930852441,0.3805250759211537,-3.017524497431117,2 days 04:03:13.548387096,false
XMR-USD,false,19,53,187,20.967741935483872,0.475871177415518,0.256198347107438,0.0001,0.000032258064516129034,7.7272727272727275,15.413223140495868,0.0007727272727272728,-1.709004495772556,0,0,17424,726 days 01:00:00,1000.0,264.11102759512437,-73.58889724048755,34.915698157888286,100.0,195.49669434690176,76.02349199945888,722 days 11:00:00,186,1,13.15923281673409,22.08923672229628,-7.125563139087611,3.903471085476678,-1.902748173738775,5 days 12:49:13.846153846,1 days 06:19:35.510204081,-4.0271408882882245,-1.2311863148385476,-0.6418337797288821,0.949487843062403,0.1109437619684785,23.405534057944934,0.9880912502341385,0.38789326961369974,-0.007592921762430912,None,None,-0.00006441487425479177,-0.3895811594929806,-0.7358889724048793,-0.37004529551331966,0.3808205081359998,-3.107616376671594,2 days 03:49:01.935483870,false
XMR-USD,false,29,78,125,20.967741935483872,0.6171005145957164,0.17079889807162535,0.0001,0.000032258064516129034,5.1652892561983474,10.289256198347108,0.0005165289256198347,-0.7336244132342064,0,0,17424,726 days 01:00:00,1000.0,496.92003136472175,-50.307996863527826,34.915698157888286,100.0,173.18118504895924,55.95910849747573,635 days 19:00:00,124,1,23.4070536281954,20.6932591470127,-8.039372144347574,5.162486450986086,-2.031795976814736,8 days 02:00:00,1 days 22:43:28.163265306,-4.24586308276995,-0.5272651438926661,-0.5297028601212787,0.9778992699301984,-0.08058278546557328,26.34451422913593,0.98507212521086,0.3921067348406168,-0.007460189988399848,None,None,-0.000027879621341727478,-0.16861594987476777,-0.5030799686352814,-0.21551465216446286,0.3848715004911183,-2.440841785148783,3 days 05:36:17.419354838,false
XMR-USD,false,8,15,602,20.965058236272878,0.3578729011750817,0.8278236914600551,0.0001,0.000032253935748112125,24.87603305785124,49.710743801652896,0.0024876033057851243,-5.105105582129064,0,0,17424,726 days 01:00:00,1000.0,26.006938311493855,-97.39930616885061,34.915698157888286,100.0,353.41566201503775,97.49147613057055,725 days 02:00:00,601,1,0.5231911981564288,16.505653339608433,-11.805396837296527,1.851117887786417,-1.2403950718540606,1 days 13:17:08.571428571,0 days 09:50:08.842105263,-1.6214912693621684,-3.781470036494918,-0.8619519499107592,0.8501555974718984,-0.3992277274193077,37.573406172923974,1.0210101122180641,0.3526626300263935,-0.007769641496193139,None,None,-0.0001974477971036338,-1.1941642768827774,-0.9739930616885064,-0.7182283767942174,0.380057733057632,-3.789556311559699,0 days 15:35:26.455906821,false
XMR-USD,false,5,25,583,20.962199312714777,0.36066039867304145,0.8016528925619835,0.0001,0.00003224953740417658,24.09090909090909,48.1404958677686,0.002409090909090909,-4.959374740158659,0,0,17424,726 days 01:00:00,1000.0,27.471339813600594,-97.25286601863993,34.915698157888286,100.0,349.3448054107994,97.37986436458877,725 days 02:00:00,582,1,0.5526511048664275,14.344903282656968,-11.805396837296517,1.84188561084619,-1.250810456479204,1 days 17:56:33.442622950,0 days 09:23:52.173913043,-1.6719610159643743,-3.695139017620497,-0.8583616037866185,0.8538820948954385,-0.5176891982220331,36.45723799461268,1.0092345038234367,0.359310398627038,-0.00781354352312654,None,None,-0.00019414955338587213,-1.1742164988777546,-0.9725286601863997,-0.7128196775277199,0.3824402190043475,-3.7853622052425777,0 days 16:13:11.752577318,false
XMR-USD,false,16,53,211,20.952380952380953,0.5000622389968482,0.2892561983471074,0.0001,0.000032234432234432237,8.71900826446281,17.396694214876035,0.000871900826446281,-1.7545969682870093,0,0,17424,726 days 01:00:00,1000.0,258.9687364240657,-74.10312635759342,34.915698157888286,100.0,212.60239367376374,76.03042355045702,722 days 11:00:00,210,1,12.29767139026012,21.456331051324916,-6.168481229071099,3.9881901049141493,-1.8268491607549162,4 days 23:28:38.181818181,1 days 02:29:38.313253012,-3.5872806426961708,-1.259644915928583,-0.6483997030610187,0.9484846424535328,0.20510669536847545,22.896408653730916,0.9943759109271946,0.3864576702737111,-0.007608808267455866,None,None,-0.00006564197235881866,-0.39700264882613523,-0.741031263575936,-0.37432979376094944,0.3793074983117222,-3.1223441107349523,1 days 21:58:34.285714284,false
XMR-USD,false,16,57,211,20.952380952380953,0.4544575099995893,0.2892561983471074,0.0001,0.000032234432234432237,8.71900826446281,17.396694214876035,0.000871900826446281,-1.9211876680249529,0,0,17424,726 days 01:00:00,1000.0,230.23362606017622,-76.97663739398239,34.915698157888286,100.0,206.20048140052862,78.83828256709099,722 days 11:00:00,210,1,10.933124651925937,20.680218971042212,-6.168481229071117,3.604492520879811,-1.8061837490145842,5 days 01:21:49.090909090,1 days 01:57:06.506024096,-3.7176166599607154,-1.3860033075055236,-0.6622296645759135,0.9433280442992888,0.10814230827001903,23.618700167190607,0.9919933375462597,0.38524525001987436,-0.0075872153471234225,None,None,-0.00007234736442327097,-0.43755686003194283,-0.7697663739398259,-0.3993565633982744,0.3799412019520783,-3.204642652307714,1 days 21:56:34.285714284,false
XMR-USD,false,17,49,211,20.952380952380953,0.4959430550917331,0.2892561983471074,0.0001,0.000032234432234432237,8.71900826446281,17.396694214876035,0.000871900826446281,-1.7728434873580579,0,0,17424,726 days 01:00:00,1000.0,255.7262721836048,-74.42737278163952,34.915698157888286,100.0,210.39954727762904,76.43429379462559,722 days 11:00:00,210,1,12.143696202851487,20.680218971042237,-6.168481229071098,4.031288734272545,-1.8454977777908987,4 days 23:34:05.454545454,1 days 02:28:33.253012048,-3.601987733424984,-1.2733148087139055,-0.6491620833816786,0.9479141283647179,0.19951289921448712,22.898144181218832,0.9939729577437734,0.3864576702737111,-0.007614106571059723,None,None,-0.00006636201859144614,-0.4013574884410663,-0.744273727816395,-0.3770600044747554,0.37935144459499864,-3.131630662090158,1 days 21:58:51.428571427,false
XMR-USD,false,18,34,254,20.948616600790515,0.4301034541559301,0.3484848484848485,0.0001,0.0000322286409242931,10.495867768595042,20.950413223140497,0.0010495867768595044,-2.3265221103111475,0,0,17424,726 days 01:00:00,1000.0,181.38459507528262,-81.86154049247175,34.915698157888286,100.0,225.43494940149017,83.28412680981336,722 days 11:00:00,253,1,8.61342637838169,23.465520524001395,-6.399618215274419,3.261021077890843,-1.6804039468551506,3 days 23:09:03.396226415,0 days 23:00:54,-3.2696791751110648,-1.6721058461786016,-0.6917099900666362,0.9324028952236312,0.2928567912734053,22.580817650972612,0.9963534460564141,0.38304627351377096,-0.0076387481233390455,None,None,-0.00008630454091037067,-0.5219698634259218,-0.818615404924718,-0.4470708923146013,0.37568843462227813,-3.344548292355348,1 days 14:07:35.335968379,false
XMR-USD,false,14,41,259,20.930232558139537,0.43761782844800057,0.35537190082644626,0.0001,0.000032200357781753134,10.702479338842975,21.363636363636363,0.0010702479338842977,-2.2854908443363087,0,0,17424,726 days 01:00:00,1000.0,187.59562494609077,-81.24043750539093,34.915698157888286,100.0,232.92825303185543,82.68967843289842,722 days 11:00:00,258,1,8.680383508205836,23.46552052400139,-6.399618215274409,3.2410355388260386,-1.6417108391680468,3 days 23:18:53.333333333,0 days 22:05:35.294117647,-3.1824990641942423,-1.6390960946528759,-0.6879313516627417,0.9338119512802884,0.3476435775178582,22.234869180029484,1.0013840787936228,0.3827170290430091,-0.0076245666224128,None,None,-0.00008442344071240319,-0.5105929694286145,-0.8124043750539085,-0.4405713903122983,0.3749009809937331,-3.326759646564214,1 days 13:25:06.976744185,false
XMR-USD,false,67,80,87,20.930232558139537,0.5416591002625865,0.1184573002754821,0.0001,0.000032200357781753134,3.59504132231405,7.148760330578512,0.000359504132231405,-1.103133437641164,0,0,17424,726 days 01:00:00,1000.0,390.87058502743844,-60.912941497256156,34.915698157888286,100.0,127.28382473049243,66.05417032001313,630 days 14:00:00,86,1,18.08627776415335,18.05766568386461,-6.592258619305261,5.692630238483752,-2.825181128486323,11 days 21:33:20,2 days 15:00:52.941176470,-7.293205729496684,-0.7996679562372317,-0.5698390639529521,0.9663425311713791,-0.1586875185583401,27.009574085317094,0.9736219476020516,0.37790605725130466,-0.007416129821413533,None,None,-0.00004188294481587282,-0.2533080502463988,-0.6091294149725616,-0.278228477962433,0.3812285877954732,-2.744571774615782,4 days 13:35:34.883720929,false
XMR-USD,false,68,79,87,20.930232558139537,0.5484845159436388,0.1184573002754821,0.0001,0.000032200357781753134,3.59504132231405,7.148760330578512,0.000359504132231405,-1.0486495977110923,0,0,17424,726 days 01:00:00,1000.0,405.2401661586231,-59.475983384137685,34.915698157888286,100.0,128.23094918320646,64.80621927857645,630 days 14:00:00,86,1,18.751183862612777,18.05766568386461,-6.592258619305262,5.69263023848375,-2.774218287474183,11 days 21:33:20,2 days 15:01:45.882352941,-7.133849043069645,-0.7599388970103715,-0.5631878717803307,0.9679905432617544,-0.15919363322988508,26.99773727964964,0.9742656806187429,0.37823301431622236,-0.007402943331494269,None,None,-0.00003980773529039079,-0.2407571830362835,-0.5947598338413748,-0.2691270309708438,0.3812823843811255,-2.7034167014271957,4 days 13:36:16.744186045,false
XMR-USD,false,69,78,87,20.930232558139537,0.5500908943227252,0.1184573002754821,0.0001,0.000032200357781753134,3.59504132231405,7.148760330578512,0.000359504132231405,-1.0426080312521582,0,0,17424,726 days 01:00:00,1000.0,406.8633163718662,-59.31366836281339,34.915698157888286,100.0,128.7171731097333,64.80621927857648,630 days 14:00:00,86,1,18.82628991237499,18.057665683864613,-6.592258619305275,5.692630238483752,-2.7684259752355587,11 days 21:33:20,2 days 15:02:38.823529411,-7.115848529540793,-0.7555500602408983,-0.5612167390087378,0.9681736867240228,-0.15931402237043077,26.99682551419324,0.9742462793649855,0.37834203448821385,-0.007402943331494348,None,None,-0.00003957814872880678,-0.23936864351182344,-0.5931366836281318,-0.26811227848131014,0.3812854001598131,-2.6987679322520726,4 days 13:36:58.604651161,false
XMR-USD,false,23,37,221,20.909090909090907,0.48386925830482397,0.30303030303030304,0.0001,0.00003216783216783217,9.132231404958677,18.22314049586777,0.0009132231404958678,-1.8468768413985506,0,0,17424,726 days 01:00:00,1000.0,242.91813083495686,-75.70818691650432,34.915698157888286,100.0,213.25308239633085,78.0636212404971,722 days 11:00:00,220,1,12.305178495298662,20.680218971042216,-6.92802601102621,3.814237007211547,-1.7815400649232076,4 days 17:58:41.739130434,1 days 01:20:20.689655172,-3.4972138530015537,-1.3244452511093543,-0.6520709985803628,0.9460047142983488,0.22162766194883923,22.646642321228335,0.9975766643681004,0.386899076727157,-0.007668197179948047,None,None,-0.00006923843276447874,-0.41875404135956745,-0.7570818691650442,-0.3880713137888252,0.3805144579332517,-3.1683137073230783,1 days 19:52:21.818181817,false
XMR-USD,false,14,79,178,20.903954802259886,0.5100169542199691,0.24380165289256198,0.0001,0.00003215993046501521,7.355371900826446,14.669421487603307,0.0007355371900826447,-1.3557674979623122,0,0,17424,726 days 01:00:00,1000.0,334.3991619317021,-66.56008380682978,34.915698157888286,100.0,201.66334954389444,68.86677935104339,722 days 11:00:00,177,1,15.87964270667959,21.24696439820231,-7.125563139087595,3.8808170229823316,-1.7768266790791711,6 days 03:24:19.459459459,1 days 06:09:51.428571428,-3.850172207768236,-0.974378025398633,-0.6148851876826271,0.9599326615610542,0.1009389273535498,23.211708686279014,0.9897527646792413,0.39044047239067986,-0.007528596230453518,None,None,-0.00005090739820178389,-0.307887944324389,-0.6656008380682953,-0.3162798452514809,0.380286899636184,-2.906308260136917,2 days 06:40:20.338983049,false
XMR-USD,false,15,78,178,20.903954802259886,0.5081807410922622,0.24380165289256198,0.0001,0.00003215993046501521,7.355371900826446,14.669421487603307,0.0007355371900826447,-1.4147683965606825,0,0,17424,726 days 01:00:00,1000.0,321.3427115310843,-67.86572884689157,34.915698157888286,100.0,198.91870706531728,70.21072136986488,722 days 11:00:00,177,1,15.259629886726259,21.2469643982023,-7.125563139087614,3.9521555516697644,-1.8222745148723578,6 days 03:42:09.729729729,1 days 06:09:25.714285714,-3.9204345669810294,-1.0170770273521692,-0.6193933956979955,0.9582330545583522,0.10066852397191976,23.156439934161007,0.9891627425297962,0.3906624102154829,-0.007534468867054783,None,None,-0.00005317590528024985,-0.3216078751349511,-0.6786572884689206,-0.3256662375232533,0.38055636616488886,-2.943702472738873,2 days 06:43:43.728813558,false
XMR-USD,false,12,54,245,20.901639344262296,0.4551513339297776,0.33608815426997246,0.0001,0.000032156368221941994,10.12396694214876,20.206611570247933,0.0010123966942148762,-2.1558281178897354,0,0,17424,726 days 01:00:00,1000.0,201.04784213032417,-79.89521578696758,34.915698157888286,100.0,223.0086477293792,81.34009375032805,722 days 11:00:00,244,1,9.302841543825622,24.360729949532004,-6.3996182152744145,3.5715562106346916,-1.7327837722942454,4 days 11:37:38.823529411,0 days 21:36:22.383419689,-3.312520489399597,-1.5493125876918303,-0.6805658822927876,0.9372494580771175,0.2817851403524266,22.260894333887858,0.9945096932867799,0.3851351351351352,-0.007633162839139178,None,None,-0.00008030057620291252,-0.4856578848752149,-0.7989521578696764,-0.42696133866850394,0.37725721688857866,-3.2882319415662997,1 days 15:35:09.836065573,false
XMR-USD,false,10,56,269,20.8955223880597,0.42698030909271284,0.3691460055096419,0.0001,0.00003214695752009185,11.115702479338843,22.1900826446281,0.0011115702479338845,-2.3849643906140114,0,0,17424,726 days 01:00:00,1000.0,174.72539880973181,-82.52746011902681,34.915698157888286,100.0,229.92568004763604,83.81449450490854,722 days 11:00:00,268,1,8.084855234382559,24.36072994953201,-6.085687958228592,3.2400722927577847,-1.642365725825028,4 days 02:30:00,0 days 19:22:55.471698113,-3.109550210539745,-1.7162199507736957,-0.6967547119147934,0.9306356006843122,0.28744648042659554,22.702848202107173,0.9955097836365774,0.38238794129313763,-0.007586227038464311,None,None,-0.00008847790083723043,-0.5351143442635696,-0.8252746011902715,-0.4542028813975737,0.37524922881832307,-3.363620505190497,1 days 11:54:51.044776118,false
XMR-USD,false,11,81,202,20.8955223880597,0.45369951841813816,0.2768595041322314,0.0001,0.00003214695752009185,8.347107438016529,16.65289256198347,0.000834710743801653,-1.7916226635613084,0,0,17424,726 days 01:00:00,1000.0,250.47115330413578,-74.95288466958641,34.915698157888286,100.0,204.04105633521502,76.65088916199647,722 days 11:00:00,201,1,11.589746131058803,20.605571745257087,-6.07094783655704,3.516152293061597,-1.7679820102838084,5 days 11:24:17.142857142,1 days 01:59:37.358490566,-3.7866596658055887,-1.2924446931807345,-0.6541531648969527,0.9471545851473211,0.08821836296432474,23.317634453905978,0.9856710377780803,0.38778273335457153,-0.007566873914135405,None,None,-0.00006749947553185406,-0.40823682801665334,-0.7495288466958643,-0.3815333187288532,0.3801424549637765,-3.1466815393652032,2 days 00:01:11.641791043,false
XMR-USD,false,86,89,68,20.8955223880597,0.5530558670032663,0.09228650137741047,0.0001,0.00003214695752009185,2.809917355371901,5.578512396694215,0.0002809917355371901,-0.9439958268797326,0,0,17424,726 days 01:00:00,1000.0,416.12486371880163,-58.387513628119834,34.915698157888286,100.0,103.81077762954942,62.92385018833176,630 days 14:00:00,67,1,16.325827640388923,35.20342119101008,-10.709155354728352,7.355767951350396,-3.4256403549384515,14 days 06:47:08.571428571,3 days 16:03:23.773584905,-8.958223342113236,-0.69608033120849,-0.5664982582214617,0.9702288759806809,-1.015390508640605,41.83680837717852,0.95978983158776,0.3838151207115629,-0.007489941431631916,None,None,-0.000037531413279176435,-0.22698998751245908,-0.5838751362811974,-0.2623721811313724,0.3924582839226476,-2.6722424785577057,5 days 21:17:00.895522387,false
XMR-USD,false,62,82,92,20.87912087912088,0.5510344864849485,0.12534435261707988,0.0001,0.000032121724429416736,3.8016528925619837,7.56198347107438,0.0003801652892561984,-1.0776914214490838,0,0,17424,726 days 01:00:00,1000.0,398.29151817542515,-60.17084818245748,34.915698157888286,100.0,135.31089994635983,65.74949113051926,630 days 14:00:00,91,1,18.913704703059295,18.1921003062634,-6.6292515176152405,5.622553707486879,-2.7034713508290578,11 days 03:56:50.526315789,2 days 12:23:20,-6.820024027776201,-0.7799230129507981,-0.5634694899699979,0.9672240254295842,-0.13484022001497253,26.95701267551993,0.9724697126763877,0.37954239569313597,-0.007446826610916441,None,None,-0.0000408209856812033,-0.2468853213999176,-0.6017084818245709,-0.2735014070007844,0.3809690512582789,-2.7233179159232552,4 days 07:43:30.989010988,false
XMR-USD,false,62,83,92,20.87912087912088,0.545996852452335,0.12534435261707988,0.0001,0.000032121724429416736,3.8016528925619837,7.56198347107438,0.0003801652892561984,-1.0777099775315722,0,0,17424,726 days 01:00:00,1000.0,398.7595588978986,-60.12404411021014,34.915698157888286,100.0,134.64627727980462,65.69989297219706,630 days 14:00:00,91,1,18.451314628427212,18.192100306263406,-6.592258619305265,5.506281354063761,-2.6680755147165423,11 days 14:22:06.315789473,2 days 09:34:10,-6.809799513522297,-0.7798017647908736,-0.5633289729148656,0.9672121674827908,-0.13266507534480246,27.05732921287608,0.9740818590838818,0.37877828770375055,-0.0074427227547662015,None,None,-0.000040776251749569925,-0.2466147705813989,-0.6012404411021031,-0.2732052037464533,0.38061073434153986,-2.7219774279846867,4 days 07:40:13.186813185,false
XMR-USD,false,63,81,92,20.87912087912088,0.5461034605143772,0.12534435261707988,0.0001,0.000032121724429416736,3.8016528925619837,7.56198347107438,0.0003801652892561984,-1.113766633236779,0,0,17424,726 days 01:00:00,1000.0,389.0746199038499,-61.092538009615005,34.915698157888286,100.0,133.7061961283565,66.52647288753842,630 days 14:00:00,91,1,18.476021036117857,18.192100306263388,-6.629251517615244,5.665805154591681,-2.7461804880365337,11 days 03:53:41.052631578,2 days 12:21:40,-6.916498913541405,-0.8064969708206082,-0.567961229456975,0.9661224846400774,-0.1388520665602638,27.02471905427648,0.9719704395669336,0.3792148171600443,-0.007445281664846225,None,None,-0.00004218159858989481,-0.2551143082716838,-0.6109253800961467,-0.2793812840246396,0.38069593394645646,-2.749715492823756,4 days 07:41:32.307692307,false
XMR-USD,false,65,78,92,20.87912087912088,0.5482735795336948,0.12534435261707988,0.0001,0.000032121724429416736,3.8016528925619837,7.56198347107438,0.0003801652892561984,-1.1176530929178572,0,0,17424,726 days 01:00:00,1000.0,388.0787872005749,-61.19212127994251,34.915698157888286,100.0,134.14146740555606,66.43140622141259,630 days 14:00:00,91,1,18.428731840079536,18.192100306263395,-6.629251517615237,5.683146520199907,-2.7537118076938203,11 days 03:56:50.526315789,2 days 12:17:30,-6.926922468565984,-0.8092410366654427,-0.5699798426395667,0.965996655471136,-0.13767621075876849,27.022049428658505,0.9718462906786265,0.37899651788540684,-0.007442722754766139,None,None,-0.00004232741059932298,-0.25599617930470536,-0.6119212127994266,-0.2800219936615177,0.3807165424452508,-2.752567598769832,4 days 07:38:54.065934065,false
XMR-USD,false,66,77,92,20.87912087912088,0.5499281200105806,0.12534435261707988,0.0001,0.000032121724429416736,3.8016528925619837,7.56198347107438,0.0003801652892561984,-1.1020026608265725,0,0,17424,726 days 01:00:00,1000.0,392.0815716843242,-60.79184283156758,34.915698157888286,100.0,134.40013269024183,66.08516764628335,630 days 14:00:00,91,1,18.618812422418898,18.192100306263395,-6.629251517615237,5.6762508337027455,-2.7385244966291142,11 days 03:56:50.526315789,2 days 12:17:30,-6.885024623495546,-0.7977951453107963,-0.5681031789145081,0.9664752040264135,-0.13734168106082836,27.00557055325513,0.9727326667091248,0.37888739416000633,-0.007442722754766139,None,None,-0.000041734976616157584,-0.2524131385745211,-0.6079184283156767,-0.27745311262803074,0.38077351195144593,-2.741103458870212,4 days 07:38:54.065934065,false
XMR-USD,false,12,73,207,20.87378640776699,0.4666008922142043,0.2837465564738292,0.0001,0.000032113517550410754,8.553719008264464,17.06611570247934,0.0008553719008264464,-1.739554902044465,0,0,17424,726 days 01:00:00,1000.0,259.2737780300781,-74.07262219699219,34.915698157888286,100.0,213.58211594411515,75.90171955039892,722 days 11:00:00,206,1,11.997059246820129,20.605571745257066,-5.166804431970892,3.4558899877295546,-1.7098849220034666,5 days 07:15:20.930232558,1 days 01:42:19.877300613,-3.6539965107608863,-1.251340340968199,-0.6491037254863495,0.9487449258197503,0.13204781153864936,23.377323740357784,0.9914442967105284,0.38745123019348676,-0.007573869459241609,None,None,-0.00006547453355576868,-0.395989978945289,-0.7407262219699245,-0.3740740946099459,0.38085083476407644,-3.121470458990591,1 days 22:54:10.485436892,false
XMR-USD,false,17,52,207,20.87378640776699,0.5037035495212051,0.2837465564738292,0.0001,0.000032113517550410754,8.553719008264464,17.06611570247934,0.0008553719008264464,-1.7358923613264021,0,0,17424,726 days 01:00:00,1000.0,262.71971682157346,-73.72802831784266,34.915698157888286,100.0,210.95559369709525,75.68324105792806,722 days 11:00:00,206,1,12.475794529588853,21.45633105132491,-6.168481229071101,4.044201169342671,-1.8421694082123254,5 days 01:08:22.325581395,1 days 03:15:49.693251533,-3.63959261023308,-1.2469964760315106,-0.6465134267447868,0.9489843037500866,0.19323396144984187,22.98644557913134,0.994527731715848,0.38623707239459026,-0.00758721534712341,None,None,-0.0000648608875161695,-0.39227864769779314,-0.7372802831784262,-0.3711991056121039,0.378595637324014,-3.111601148126713,1 days 22:51:33.203883493,false
XMR-USD,false,18,48,207,20.87378640776699,0.5007260912448123,0.2837465564738292,0.0001,0.000032113517550410754,8.553719008264464,17.06611570247934,0.0008553719008264464,-1.6773053539517826,0,0,17424,726 days 01:00:00,1000.0,271.69107105741693,-72.8308928942583,34.915698157888286,100.0,204.8840362328791,75.38933860838696,722 days 11:00:00,206,1,13.762690802243299,20.680218971042226,-6.168481229071114,4.126176639515312,-1.8449896737316556,5 days 01:15:20.930232558,1 days 03:04:25.030674846,-3.6022894162370185,-1.2039007514394806,-0.6375017035427616,0.9507079052289654,0.19913362150359765,22.758043712660587,0.9953090168322976,0.3867886987664147,-0.007614668757779393,None,None,-0.00006284774317567031,-0.38010315072645406,-0.7283089289425803,-0.3638278931841069,0.37997668176859606,-3.0859068194746686,1 days 22:43:58.834951455,false
XMR-USD,false,17,35,255,20.866141732283463,0.43918284253476664,0.349862258953168,0.0001,0.00003210175651120533,10.537190082644628,21.03305785123967,0.0010537190082644627,-2.288228732668789,0,0,17424,726 days 01:00:00,1000.0,187.73635219824678,-81.22636478017532,34.915698157888286,100.0,231.67429175276396,82.6987674712309,722 days 11:00:00,254,1,8.91505283309408,23.465520524001388,-6.399618215274411,3.251238754502655,-1.6529949606678807,3 days 22:26:02.264150943,0 days 23:02:59.104477611,-3.2329870103734177,-1.6405581886716347,-0.6876591653776402,0.9337288931260195,0.3518226653315678,22.309062532216174,1.0000222876556202,0.3820590101522842,-0.007633162839139182,None,None,-0.0000844060174591498,-0.5104875935929379,-0.8122636478017544,-0.44042576634960706,0.3744895598540117,-3.3263565979082204,1 days 13:56:41.574803148,false
XMR-USD,false,21,29,255,20.866141732283463,0.44414177122193815,0.349862258953168,0.0001,0.00003210175651120533,10.537190082644628,21.03305785123967,0.0010537190082644627,-2.3253439536449307,0,0,17424,726 days 01:00:00,1000.0,182.8127302591813,-81.71872697408187,34.915698157888286,100.0,234.1798974392919,83.15251405282818,722 days 11:00:00,254,1,8.681244360717955,23.465520524001366,-6.399618215274418,3.252576356675744,-1.6653059183630199,3 days 22:05:39.622641509,0 days 23:07:09.850746268,-3.251450842919439,-1.6683765318478938,-0.6907908345412097,0.932595118658615,0.3379237003981527,22.33494671533402,0.9988355196100676,0.3818398096748612,-0.00763152179938263,None,None,-0.0000859106888929694,-0.5195878464246789,-0.8171872697408178,-0.4455637145885085,0.3748099173249825,-3.3404580542697717,1 days 13:55:44.881889762,false
XMR-USD,false,10,52,279,20.863309352517987,0.4116099433215634,0.38292011019283745,0.0001,0.000032097399003873827,11.52892561983471,23.016528925619834,0.001152892561983471,-2.5294388487649724,0,0,17424,726 days 01:00:00,1000.0,158.78050484454457,-84.12194951554555,34.915698157888286,100.0,234.65637053867962,85.29153316471559,722 days 11:00:00,278,1,7.347056606854494,24.87919777977618,-6.189806240950006,3.0435166037182873,-1.605217305426395,3 days 21:20:41.379310344,0 days 19:10:38.181818181,-3.0523976682097516,-1.8216280129643092,-0.7075980015787559,0.9265367367200835,0.2877645155811949,22.66958283678399,0.998179153277941,0.3814016172506739,-0.007614106571059668,None,None,-0.00009395768946214064,-0.5682561058670266,-0.8412194951554557,-0.47203312392279684,0.37543138577535506,-3.4092873393264918,1 days 10:39:03.884892085,false
XMR-USD,false,6,21,586,20.854700854700855,0.35309445187875227,0.8057851239669421,0.0001,0.00003208415516107824,24.214876033057852,48.388429752066116,0.0024214876033057855,-5.008015777247898,0,0,17424,726 days 01:00:00,1000.0,26.80154021918497,-97.3198459780815,34.915698157888286,100.0,348.76573034236776,97.42588685347809,725 days 02:00:00,585,1,0.539176498662119,14.34490328265697,-11.805396837296524,1.8502444842828016,-1.2503856472435868,1 days 16:29:00.983606557,0 days 09:39:31.490280777,-1.6645087799649154,-3.7274090312666237,-0.8600337345501982,0.8522891566898555,-0.4901974157632773,36.88371181569609,1.0110361446534606,0.35708722741433024,-0.007805990266979725,None,None,-0.0001955975101055286,-1.182973741118237,-0.973198459780816,-0.7152695792118435,0.38195677101055664,-3.7872805389141173,0 days 16:05:13.846153845,false
XMR-USD,false,15,56,212,20.85308056872038,0.468051801973065,0.290633608815427,0.0001,0.00003208166241341597,8.760330578512397,17.479338842975206,0.0008760330578512398,-1.8907481954308156,0,0,17424,726 days 01:00:00,1000.0,236.8170720573313,-76.31829279426687,34.915698157888286,100.0,204.23738913670763,78.08073286522156,722 days 11:00:00,211,1,11.245753336787601,20.680218971042237,-6.168481229071099,3.8447939424918225,-1.8347329691122123,4 days 23:58:38.181818181,1 days 02:12:56.047904191,-3.670278110329187,-1.3595812408681904,-0.6599177017843909,0.9445382826439427,0.1949985228967393,22.90968724844959,0.9928164141558333,0.38590630716614965,-0.007615090235589493,None,None,-0.00007079212796232999,-0.4281507899161718,-0.7631829279426675,-0.39345006090444656,0.37899872397292905,-3.185787391366389,1 days 21:46:03.981042652,false
XMR-USD,false,12,32,332,20.84592145015106,0.4190668487312317,0.4559228650137741,0.0001,0.00003207064838484778,13.71900826446281,27.396694214876035,0.001371900826446281,-2.8909569972194076,0,0,17424,726 days 01:00:00,1000.0,125.35724502518167,-87.46427549748184,34.915698157888286,100.0,272.5142548529167,88.24107613413379,722 days 11:00:00,331,1,5.800502877737173,23.46552052400139,-6.189806240950013,2.7804411379601204,-1.4953779341412878,3 days 03:06:57.391304347,0 days 16:32:31.145038167,-2.6599494194941236,-2.081779668042212,-0.7342842329842536,0.916238429746275,0.32610954758576677,22.210427461406514,1.012367726635718,0.37129141418115996,-0.007650710154234269,None,None,-0.00010749569272820614,-0.6501339496201907,-0.8746427549748179,-0.5136163950745758,0.3758497316003624,-3.5050129343531853,1 days 04:45:08.157099696,false
XMR-USD,false,6,18,644,20.839813374805598,0.3404618514752611,0.8856749311294766,0.0001,0.00003206125134585477,26.611570247933884,53.18181818181818,0.0026611570247933886,-5.411660444244448,0,0,17424,726 days 01:00:00,1000.0,20.3906245363994,-97.96093754636006,34.915698157888286,100.0,354.82591302531097,98.02576105325898,725 days 02:00:00,643,1,0.41020573643000446,16.505653339608433,-11.80539683729652,1.75543577673485,-1.2092050453718548,1 days 11:51:29.552238805,0 days 09:00:42.436149312,-1.524136207154017,-4.0206157766083885,-0.8760059471838718,0.8415900953666138,-0.41626775257961424,36.90073461374971,1.0229896337558475,0.35255763409143837,-0.007827197485582828,None,None,-0.0002112549196594189,-1.2776697541001656,-0.979609375463602,-0.7410449182819905,0.3824478320036108,-3.805641665917207,0 days 14:36:23.514774493,false
XMR-USD,false,10,50,289,20.833333333333336,0.4336085726867053,0.39669421487603307,0.0001,0.00003205128205128206,11.942148760330578,23.84297520661157,0.0011942148760330578,-2.4376881097404617,0,0,17424,726 days 01:00:00,1000.0,170.69981774334224,-82.93001822566578,34.915698157888286,100.0,249.32491859369924,83.92058392768146,722 days 11:00:00,288,1,7.898584432440032,23.46552052400138,-6.1898062409500065,3.0123619631963567,-1.5361961018159767,3 days 19:35:00,0 days 18:09:28.421052631,-2.9069401621149216,-1.7489607875604616,-0.7016489748534064,0.9294992989009209,0.35778522919632916,22.40299974471096,1.0057004482490175,0.38085426737459394,-0.0076150902355893845,None,None,-0.0000898893147535355,-0.5436505756293827,-0.8293001822566566,-0.45860071541853464,0.3740984781952127,-3.3751499354432903,1 days 09:27:17.499999999,false
XMR-USD,false,16,27,313,20.833333333333336,0.4172540823170036,0.4297520661157025,0.0001,0.00003205128205128206,12.933884297520661,25.826446280991735,0.001293388429752066,-2.823218801999811,0,0,17424,726 days 01:00:00,1000.0,130.82606353613392,-86.91739364638661,34.915698157888286,100.0,259.1102157968189,87.73376044441048,722 days 11:00:00,312,1,6.053554845369547,23.389151865388282,-5.077324435018438,2.866250979739164,-1.5472666766309464,3 days 06:28:36.923076923,0 days 17:59:16.275303643,-2.805216318298825,-2.0326319525162817,-0.7298227741797273,0.9182869057486243,0.32530749182765206,22.107708493530406,1.0084290655909511,0.3733448928121059,-0.007703388674781188,None,None,-0.00010502950234162105,-0.6352184301621241,-0.869173936463867,-0.5063540162665462,0.37610620953385077,-3.489350012517218,1 days 06:35:23.076923076,false
XMR-USD,false,53,88,97,20.833333333333336,0.5441715221442823,0.1322314049586777,0.0001,0.00003205128205128206,4.008264462809917,7.975206611570248,0.0004008264462809917,-1.1121698824701602,0,0,17424,726 days 01:00:00,1000.0,387.229552808927,-61.2770447191073,34.915698157888286,100.0,139.9399937544592,66.91514855828021,630 days 14:00:00,96,1,18.38840417108753,18.623204355218682,-7.193138527540473,5.421040263167547,-2.6186383782915725,10 days 18:38:59.999999999,2 days 08:25:15.789473684,-6.574571368355841,-0.8061936834403933,-0.5668814428935837,0.9661328644868803,-0.18010726527020013,27.10352959461356,0.9727694974027995,0.38063544885508277,-0.007461921798605167,None,None,-0.000042348496206800436,-0.25612370505872906,-0.6127704471910729,-0.28056923186957605,0.3823459958621629,-2.754999841103374,4 days 02:33:07.499999998,false
XMR-USD,false,53,89,97,20.833333333333336,0.5388153093319267,0.1322314049586777,0.0001,0.00003205128205128206,4.008264462809917,7.975206611570248,0.0004008264462809917,-1.1430776303797527,0,0,17424,726 days 01:00:00,1000.0,379.77443610263504,-62.02255638973649,34.915698157888286,100.0,140.34093349141258,67.61962450088885,630 days 14:00:00,96,1,18.034382381832245,18.46735197470052,-7.1931385275404685,5.333312723267201,-2.6228656002192645,10 days 18:30:00,2 days 08:22:53.684210526,-6.648541107074968,-0.8288458836261778,-0.5699024279324444,0.9651766533208769,-0.18154709452767503,27.221233957310968,0.9718108606859245,0.38030735107731306,-0.007446826610916492,None,None,-0.000043490572254923636,-0.26303098099777816,-0.6202255638973704,-0.28540721260027835,0.3819260502897189,-2.776351602917157,4 days 02:29:22.499999999,false
XMR-USD,false,55,86,97,20.833333333333336,0.552601769012976,0.1322314049586777,0.0001,0.00003205128205128206,4.008264462809917,7.975206611570248,0.0004008264462809917,-1.0939326044313784,0,0,17424,726 days 01:00:00,1000.0,394.20897318712,-60.579102681288,34.915698157888286,100.0,144.09980175886048,66.3139775961867,630 days 14:00:00,96,1,18.71983652655507,18.623204355218697,-7.193138527540464,5.3646943017736595,-2.582352619366264,10 days 18:36:00,2 days 08:18:09.473684210,-6.50532149311911,-0.7913514531995963,-0.5635773621604069,0.9667803924204741,-0.12634972935411495,26.935198619821268,0.9730241824548578,0.38019801980198015,-0.007458196364188673,None,None,-0.00004141497987786306,-0.2504777983013158,-0.6057910268128808,-0.27609476665766375,0.3809307175713586,-2.735010493198508,4 days 02:26:52.499999999,false
XMR-USD,false,57,83,97,20.833333333333336,0.5512730691811446,0.1322314049586777,0.0001,0.00003205128205128206,4.008264462809917,7.975206611570248,0.0004008264462809917,-1.124146793764729,0,0,17424,726 days 01:00:00,1000.0,385.84124845497547,-61.41587515450245,34.915698157888286,100.0,143.91492498459257,67.02901804926687,630 days 14:00:00,96,1,18.32247763891104,18.623204355218697,-7.193138527540473,5.3700679271915766,-2.6113232771251282,10 days 18:36:00,2 days 08:16:34.736842105,-6.588346137332662,-0.81382696530016,-0.5675888692594923,0.9658372583674958,-0.13502877992276477,26.890980957496037,0.9728842260645716,0.3798701298701298,-0.007461921798605238,None,None,-0.00004262614435897464,-0.2578029210830786,-0.6141587515450251,-0.2814655314819643,0.38124303664050296,-2.758976002048727,4 days 02:25:37.499999999,false
XMR-USD,false,58,81,97,20.833333333333336,0.5483869775210203,0.1322314049586777,0.0001,0.00003205128205128206,4.008264462809917,7.975206611570248,0.0004008264462809917,-1.1174656824906428,0,0,17424,726 days 01:00:00,1000.0,387.6925252483561,-61.23074747516439,34.915698157888286,100.0,142.41180803628782,66.98826364604093,630 days 14:00:00,96,1,18.41038938444359,18.623204355218682,-7.193138527540474,5.386900189342901,-2.6097177706676673,10 days 18:36:00,2 days 08:11:03.157894736,-6.569977751417577,-0.8088499789521084,-0.5657059753122855,0.9660251579568028,-0.13350832225329873,26.919593436708357,0.9724720411798726,0.37965162311955664,-0.007461921798605234,None,None,-0.00004235657273959198,-0.2561725519290523,-0.6123074747516444,-0.28027079998925575,0.3811630364010873,-2.7536738689365405,4 days 02:21:14.999999999,false
XMR-USD,false,59,80,97,20.833333333333336,0.5455294879250299,0.1322314049586777,0.0001,0.00003205128205128206,4.008264462809917,7.975206611570248,0.0004008264462809917,-1.1314247739438832,0,0,17424,726 days 01:00:00,1000.0,384.1405547621832,-61.58594452378168,34.915698157888286,100.0,143.33978281911695,67.29071134773827,630 days 14:00:00,96,1,18.241716646452062,18.623204355218682,-7.19313852754047,5.290710405982443,-2.5973956756086367,10 days 18:30:00,2 days 08:10:15.789473684,-6.605220436294468,-0.8191734493033969,-0.5674239489671108,0.9655943417183757,-0.1349461482060896,26.93832130928681,0.971434224077049,0.37965162311955664,-0.007466933014796049,None,None,-0.00004288917431736123,-0.2593937262714007,-0.6158594452378165,-0.2825663862886907,0.3810919386570961,-2.7638468589483995,4 days 02:19:22.499999999,false
XMR-USD,false,60,79,97,20.833333333333336,0.5485067205647298,0.1322314049586777,0.0001,0.00003205128205128206,4.008264462809917,7.975206611570248,0.0004008264462809917,-1.126410243018649,0,0,17424,726 days 01:00:00,1000.0,385.41565610295083,-61.45843438970492,34.915698157888286,100.0,143.62298224258842,67.18213739661797,630 days 14:00:00,96,1,18.302267497085893,18.623204355218682,-7.193138527540466,5.326982194961589,-2.601165139550268,10 days 18:30:00,2 days 08:09:28.421052631,-6.592568868688911,-0.8154915239944253,-0.5668067545233263,0.965746073831717,-0.13481548765444537,26.93391371265426,0.9717895411272848,0.37954239569313597,-0.007466933014796038,None,None,-0.00004269807264418071,-0.2582379433520049,-0.6145843438970479,-0.2817407186726163,0.38110685861005,-2.760194916103088,4 days 02:18:44.999999999,false
XMR-USD,false,60,80,97,20.833333333333336,0.5449052817339101,0.1322314049586777,0.0001,0.00003205128205128206,4.008264462809917,7.975206611570248,0.0004008264462809917,-1.1523628438414446,0,0,17424,726 days 01:00:00,1000.0,379.00110872494906,-62.099889127505094,34.915698157888286,100.0,142.824268459698,67.48983487116146,630 days 14:00:00,96,1,17.99765931595499,18.623204355218675,-7.193138527540471,5.327777930056656,-2.6236072277958784,11 days 00:38:59.999999999,2 days 06:33:09.473684210,-6.656214068656316,-0.8344539073273662,-0.5719311611261015,0.964972214305005,-0.13646904266630133,26.96636323913594,0.9720202167049792,0.37932399271748596,-0.007458196364188686,None,None,-0.000043671689888761416,-0.264126380447229,-0.6209988912750477,-0.2859125997678599,0.3809391331054384,-2.7785664444311062,4 days 02:19:22.499999998,false
XMR-USD,false,61,78,97,20.833333333333336,0.552208395051423,0.1322314049586777,0.0001,0.00003205128205128206,4.008264462809917,7.975206611570248,0.0004008264462809917,-1.1310583271661703,0,0,17424,726 days 01:00:00,1000.0,384.3537369461667,-61.56462630538333,34.915698157888286,100.0,144.35445595603574,67.28834677791818,630 days 14:00:00,96,1,18.25184004775946,18.62320435521868,-7.193138527540468,5.391759454783856,-2.621577066898422,11 days 00:27:00,2 days 06:30:00,-6.6031052406416,-0.8190912030983284,-0.5671876146326651,0.9655878120701217,-0.13815267997017802,26.972011398168156,0.971836918995837,0.37910565888405223,-0.007461921798605234,None,None,-0.00004286714281528975,-0.2592604797468724,-0.6156462630538317,-0.2824282197747262,0.38093442402274535,-2.763236296378465,4 days 02:14:22.500000,false
XMR-USD,false,61,79,97,20.833333333333336,0.5444358192755431,0.1322314049586777,0.0001,0.00003205128205128206,4.008264462809917,7.975206611570248,0.0004008264462809917,-1.154813732943797,0,0,17424,726 days 01:00:00,1000.0,378.4420494696485,-62.15579505303515,34.915698157888286,100.0,143.0721624651554,67.89731733428506,630 days 14:00:00,96,1,17.971111219438285,18.623204355218686,-7.193138527540453,5.309350252316909,-2.620712048372122,11 days 00:36:00,2 days 06:32:22.105263157,-6.661761059893643,-0.8362126934533536,-0.5691695964811399,0.9648926852450729,-0.13620916610096023,26.978459669227,0.9719415777484294,0.3792148171600443,-0.007451445542635739,None,None,-0.00004375900583702976,-0.264654467302356,-0.6215579505303498,-0.2862783772632608,0.3808979500022624,-2.7801676132027358,4 days 02:18:07.499999999,false
XMR-USD,false,62,78,97,20.833333333333336,0.5429934144913395,0.1322314049586777,0.0001,0.00003205128205128206,4.008264462809917,7.975206611570248,0.0004008264462809917,-1.1679522673596119,0,0,17424,726 days 01:00:00,1000.0,375.2591838246444,-62.47408161753556,34.915698157888286,100.0,142.31234835472281,68.11142989544123,630 days 14:00:00,96,1,17.819966195826225,18.4673519747005,-7.193138527540458,5.317179800615681,-2.6337896885578203,11 days 00:33:00,2 days 06:30:47.368421052,-6.693341483033135,-0.8457946844719673,-0.5711970989281775,0.9644919567669158,-0.13607933080267112,27.00187221369942,0.9725512169028444,0.37877828770375055,-0.007446826610916476,None,None,-0.00004424957329555334,-0.2676214192915066,-0.6247408161753563,-0.288367592070639,0.38080450715411823,-2.789283471721764,4 days 02:16:14.999999999,false
XMR-USD,false,64,74,97,20.833333333333336,0.5556103929779048,0.1322314049586777,0.0001,0.00003205128205128206,4.008264462809917,7.975206611570248,0.0004008264462809917,-1.0813216178500282,0,0,17424,726 days 01:00:00,1000.0,397.6096653076834,-60.239033469231664,34.915698157888286,100.0,145.16704983804883,66.57213206511827,630 days 14:00:00,96,1,18.88132549536118,18.623204355218682,-7.1931385275404685,5.288185223167766,-2.5522572759028708,10 days 18:23:59.999999999,2 days 08:02:22.105263157,-6.471579793621652,-0.7824307453803948,-0.5573208074146572,0.9670865634699357,-0.13247058747095722,27.02323693705587,0.9733479844113672,0.37888739416000633,-0.007446826610916506,None,None,-0.00004093153759686089,-0.2475539393858147,-0.6023903346923212,-0.273933329934439,0.3807764635119283,-2.725270770666868,4 days 02:11:52.499999998,false
XMR-USD,false,65,73,97,20.833333333333336,0.5610923144459188,0.1322314049586777,0.0001,0.00003205128205128206,4.008264462809917,7.975206611570248,0.0004008264462809917,-1.055002246510583,0,0,17424,726 days 01:00:00,1000.0,404.5445392553304,-59.54554607446696,34.915698157888286,100.0,146.06756359631794,65.98910285156121,630 days 14:00:00,96,1,19.21064247052459,18.623204355218682,-7.193138527540471,5.314377629489243,-2.536620423293358,10 days 18:27:00,2 days 08:03:09.473684210,-6.402771908491605,-0.7632623015637802,-0.5539232802931019,0.9678861285915847,-0.13235472609321947,27.005029103600553,0.9733407154152076,0.3792148171600443,-0.0074468266109164825,None,None,-0.00003993534445372889,-0.24152896325615233,-0.5954554607446696,-0.2695627317298711,0.3808391318147588,-2.705409005576886,4 days 02:13:07.499999999,false
XMR-USD,false,67,71,97,20.833333333333336,0.5569335219200124,0.1322314049586777,0.0001,0.00003205128205128206,4.008264462809917,7.975206611570248,0.0004008264462809917,-1.0675932573502778,0,0,17424,726 days 01:00:00,1000.0,401.20135145067457,-59.87986485493254,34.915698157888286,100.0,144.2586903425973,65.65361396708076,630 days 14:00:00,96,1,19.0518842142759,18.623204355218693,-7.193138527540453,5.322699512858482,-2.549389519175575,10 days 18:27:00,2 days 08:03:56.842105263,-6.4359430496208425,-0.7724457284955413,-0.5607770414461596,0.9675090035532865,-0.1322352155895553,27.009639284791042,0.9727584263605457,0.37932399271748596,-0.007445281664846217,None,None,-0.00004041315103689456,-0.2444187374711383,-0.5987986485493291,-0.27166356597402797,0.38081380377813623,-2.7149840333753787,4 days 02:13:44.999999999,false
XMR-USD,false,68,70,97,20.833333333333336,0.5569335219200124,0.1322314049586777,0.0001,0.00003205128205128206,4.008264462809917,7.975206611570248,0.0004008264462809917,-1.0675932573502778,0,0,17424,726 days 01:00:00,1000.0,401.20135145067457,-59.87986485493254,34.915698157888286,100.0,144.2586903425973,65.65361396708076,630 days 14:00:00,96,1,19.0518842142759,18.623204355218693,-7.193138527540453,5.322699512858482,-2.549389519175575,10 days 18:27:00,2 days 08:03:56.842105263,-6.4359430496208425,-0.7724457284955413,-0.5607770414461596,0.9675090035532865,-0.1322352155895553,27.009639284791042,0.9727584263605457,0.37932399271748596,-0.007445281664846217,None,None,-0.00004041315103689456,-0.2444187374711383,-0.5987986485493291,-0.27166356597402797,0.38081380377813623,-2.7149840333753787,4 days 02:13:44.999999999,false
XMR-USD,false,11,43,294,20.819112627986346,0.42125581149853475,0.4035812672176309,0.0001,0.00003202940404305592,12.148760330578513,24.25619834710744,0.0012148760330578513,-2.512425278949159,0,0,17424,726 days 01:00:00,1000.0,162.16298506479882,-83.78370149352011,34.915698157888286,100.0,247.19316820222292,84.7083957806395,722 days 11:00:00,293,1,7.503569987852416,23.465520524001395,-6.189806240950007,2.9804921054491262,-1.535487933455885,3 days 14:01:58.032786885,0 days 18:44:44.482758620,-2.885121450249327,-1.8045975622400376,-0.7074828190699531,0.927191165891189,0.3451432832270561,22.392370866271683,1.0060886788574677,0.37834203448821385,-0.007633162839139243,None,None,-0.0000928160577939977,-0.5613515175380981,-0.8378370149352002,-0.4681561924293337,0.3743697043985984,-3.399599776428683,1 days 08:45:15.358361773,false
XMR-USD,false,15,31,294,20.819112627986346,0.42946485711364674,0.4035812672176309,0.0001,0.00003202940404305592,12.148760330578513,24.25619834710744,0.0012148760330578513,-2.6773188134274095,0,0,17424,726 days 01:00:00,1000.0,144.89349271598508,-85.51065072840149,34.915698157888286,100.0,254.0616456396321,86.3368700095878,722 days 11:00:00,293,1,6.7044798351752775,23.389151865388286,-6.18980624095001,2.9375502362986743,-1.5728704295138756,3 days 10:18:41.311475409,0 days 19:36:12.413793103,-2.941334427027953,-1.9259186701704267,-0.719681422129639,0.9224251855812361,0.33087568094527287,22.310263258923612,1.0031664329337484,0.3762735960824579,-0.00767026452620774,None,None,-0.00009923503331798697,-0.6001734815071852,-0.8551065072840155,-0.48854133751642703,0.3750464170636333,-3.449060314982778,1 days 08:39:31.331058019,false
XMR-USD,false,10,53,270,20.817843866171003,0.421774955079373,0.37052341597796146,0.0001,0.00003202745210180155,11.15702479338843,22.272727272727273,0.001115702479338843,-2.433596131881278,0,0,17424,726 days 01:00:00,1000.0,169.14281165820626,-83.08571883417937,34.915698157888286,100.0,231.35015642288474,84.33163165630923,722 days 11:00:00,269,1,7.826538989229562,24.360729949531994,-6.189806240950011,3.1686577731148655,-1.6320431293236495,4 days 01:36:25.714285714,0 days 19:34:21.971830985,-3.1177833729777866,-1.7510783488531345,-0.7004698456489669,0.9293248420134572,0.2921272316478817,22.63957901673035,0.9958291088656936,0.38249761980323704,-0.007614106571059707,None,None,-0.00009032780159393678,-0.5463025440401297,-0.8308571883417923,-0.4603198573206825,0.37546875841191174,-3.379609265106685,1 days 11:49:04.237918214,false
XMR-USD,false,10,57,270,20.817843866171003,0.42333713057659705,0.37052341597796146,0.0001,0.00003202745210180155,11.15702479338843,22.272727272727273,0.001115702479338843,-2.453107810672509,0,0,17424,726 days 01:00:00,1000.0,166.52328484088707,-83.34767151591129,34.915698157888286,100.0,229.0406936400103,84.57428879708611,722 days 11:00:00,269,1,7.705328820330891,24.36072994953202,-6.085687958228586,3.272712044838176,-1.6636364033781794,4 days 03:38:34.285714285,0 days 18:59:09.295774647,-3.1270707954626182,-1.7664228718598671,-0.7022424852810462,0.9286603416059745,0.2823873979863604,22.606082863458127,0.9957924144931484,0.38173023550868285,-0.007595606630086885,None,None,-0.00009120194969176784,-0.5515893917358119,-0.8334767151591119,-0.46323563071579,0.37580918266394603,-3.3871116979822173,1 days 11:46:37.026022303,false
XMR-USD,false,22,24,270,20.817843866171003,0.44594084896655617,0.37052341597796146,0.0001,0.00003202745210180155,11.15702479338843,22.272727272727273,0.001115702479338843,-2.344619581410967,0,0,17424,726 days 01:00:00,1000.0,180.64081009454867,-81.93591899054513,34.915698157888286,100.0,243.82898732958563,83.31360940797012,722 days 11:00:00,269,1,8.358571844648594,23.3891518653883,-6.399618215274423,3.1943538800296807,-1.6083112584836763,3 days 17:38:34.285714285,0 days 21:24:30.422535211,-3.077017701673235,-1.6807634627783286,-0.6925152008770313,0.9319926062648932,0.34585970872041144,22.301871691760866,1.0053348456863231,0.37779710603305133,-0.00763316283913917,None,None,-0.00008658660174033071,-0.5236757673255201,-0.8193591899054515,-0.44785891324847116,0.3749747644399324,-3.34667852322563,1 days 11:36:48.178438660,false
XMR-USD,false,6,31,467,20.815450643776824,0.3926251273962831,0.6418732782369146,0.0001,0.000032023770221195113,19.297520661157026,38.553719008264466,0.0019297520661157028,-3.6559700858273256,0,0,17424,726 days 01:00:00,1000.0,70.6213723950724,-92.93786276049276,34.915698157888286,100.0,327.9667100855141,93.42547731113746,722 days 11:00:00,466,1,3.2677766149461576,18.966464643100235,-11.465212964445184,2.2129406022606357,-1.2807278848210737,2 days 06:27:12.989690721,0 days 11:12:01.951219512,-2.001387133519044,-2.6853528705352976,-0.7879716475676904,0.892015107683036,-0.41185550955882855,36.81975625294446,1.013653531457994,0.3654885980722513,-0.007698776811309068,None,None,-0.00014014129948368314,-0.8475745792773156,-0.9293786276049275,-0.6014524842847916,0.3798592636564724,-3.6617787317392043,0 days 20:12:13.905579398,false
XMR-USD,false,4,15,837,20.813397129186605,0.3217467655717963,1.1515151515151516,0.0001,0.00003202061096797939,34.586776859504134,69.13223140495867,0.0034586776859504135,-6.61497551557858,0,0,17424,726 days 01:00:00,1000.0,8.617554413666994,-99.1382445586333,34.915698157888286,100.0,396.04526297386354,99.16368065334822,725 days 02:00:00,836,1,0.02709950332185329,15.064284734460065,-11.80539683729654,1.5325481084046875,-1.1044316595070318,1 days 02:39:18.620689655,0 days 07:00:54.380664652,-1.18589658503547,-4.9401122145547225,-0.9160253581844213,0.8080127546592739,-0.344090274376323,36.984815179668,1.0288913535856725,0.3431742850535728,-0.00791669612854425,None,None,-0.0002605778507626133,-1.5759748414122854,-0.9913824455863324,-0.8079574035857913,0.38393581620439304,-3.839360224456392,0 days 11:06:10.334928228,false
XMR-USD,false,11,82,198,20.812182741116754,0.46774882830114284,0.2713498622589532,0.0001,0.000032018742678641165,8.181818181818182,16.322314049586776,0.0008181818181818182,-1.6739849182846946,0,0,17424,726 days 01:00:00,1000.0,270.7024704899495,-72.92975295100504,34.915698157888286,100.0,205.71280095423722,74.76491043295387,722 days 11:00:00,197,1,12.525885191335306,20.60557174525708,-6.070947836557049,3.585637140675623,-1.7486399785711069,5 days 14:24:52.682926829,1 days 02:35:23.076923076,-3.7656010898547487,-1.2060145840541963,-0.6440979888767521,0.9506083127488989,0.09427352192369523,23.270083655377036,0.9878603003843188,0.3883355907895786,-0.007555296026784072,None,None,-0.00006302672596378499,-0.38118563862897165,-0.7292975295100503,-0.3646322999693886,0.38039091165950156,-3.0887382122854237,2 days 01:01:49.644670049,false
XMR-USD,false,13,72,198,20.812182741116754,0.4826512806507619,0.2713498622589532,0.0001,0.000032018742678641165,8.181818181818182,16.322314049586776,0.0008181818181818182,-1.6295210414628,0,0,17424,726 days 01:00:00,1000.0,278.71369148643964,-72.12863085135604,34.915698157888286,100.0,209.53386787253916,74.12788102800614,722 days 11:00:00,197,1,13.235301825213071,20.605571745257084,-7.1255631390875855,3.6776106524940655,-1.752812830929281,5 days 12:52:40.975609756,1 days 03:04:13.846153846,-3.728536093090219,-1.1713662927031756,-0.6393032813440389,0.9519682818757864,0.13164860680352417,23.338911649663256,0.9910153812144158,0.38855685712008925,-0.007569827638455659,None,None,-0.00006131562246266062,-0.3708368846541714,-0.721286308513561,-0.35816799016390344,0.3810099902537635,-3.065793744841973,2 days 01:05:28.934010151,false
XMR-USD,false,6,14,722,20.804438280166433,0.3302632694101364,0.9931129476584022,0.0001,0.000032006828123332974,29.834710743801654,59.62809917355372,0.0029834710743801658,-6.029831516801818,0,0,17424,726 days 01:00:00,1000.0,13.280004062392777,-98.67199959376072,34.915698157888286,100.0,362.04830613682884,98.70888601490238,725 days 02:00:00,721,1,0.04176144378412694,16.682556582211628,-11.805396837296518,1.6829054622988349,-1.1795020923841413,1 days 06:42:24,0 days 08:17:07.670753064,-1.3686016052446495,-4.485958873736121,-0.8977010230376959,0.8241772297782683,-0.3479036266466414,37.29310229001552,1.0246627052940047,0.34659969088098913,-0.007895849802924387,None,None,-0.00023584621276701397,-1.4263978948149005,-0.9867199959376071,-0.7768558404627923,0.3826762974113329,-3.8260067763092502,0 days 12:57:00.249653258,false
XMR-USD,false,19,33,251,20.8,0.4120654035440736,0.3443526170798898,0.0001,0.000032000000000000005,10.37190082644628,20.702479338842977,0.001037190082644628,-2.55272622195363,0,0,17424,726 days 01:00:00,1000.0,155.79666576774923,-84.42033342322507,34.915698157888286,100.0,217.97762250395837,85.64223545364091,722 days 11:00:00,250,1,7.398330106428716,23.46552052400139,-6.399618215274412,3.2279071263113037,-1.7490644787683043,3 days 23:55:23.076923076,0 days 23:29:41.818181818,-3.4064066573547134,-1.8400459309940513,-0.7090946641146901,0.9258219194204708,0.27390939257471647,22.585295178714727,0.9919657907144745,0.3818398096748612,-0.007658393323117649,None,None,-0.00009501855316051954,-0.5746722095148221,-0.8442033342322508,-0.4754981606493598,0.3758700256118888,-3.417833177543165,1 days 14:33:35.999999998,false
XMR-USD,false,13,84,179,20.786516853932586,0.5187722114648278,0.24517906336088155,0.0001,0.00003197925669835782,7.3966942148760335,14.75206611570248,0.0007396694214876034,-1.3801124838695127,0,0,17424,726 days 01:00:00,1000.0,328.44875924397434,-67.15512407560257,34.915698157888286,100.0,205.02631945430323,69.55197285097135,722 days 11:00:00,178,1,15.597075405684734,21.246964398202284,-5.570763989160797,3.9345035519193883,-1.7906418164125464,6 days 02:30:48.648648648,1 days 06:20:25.531914893,-3.8603837986612977,-0.9924733020905534,-0.6162762014856704,0.9592526445693108,0.09714311570915662,23.108573870274697,0.9875924231884126,0.3921067348406168,-0.007536886087186847,None,None,-0.00005191080974374969,-0.3139565773301981,-0.6715512407560251,-0.320527399992252,0.38071230582185506,-2.9233504589233203,2 days 06:29:19.550561796,false
XMR-USD,false,17,51,208,20.77294685990338,0.5027761355274877,0.28512396694214875,0.0001,0.00003195837978446674,8.59504132231405,17.14876033057851,0.000859504132231405,-1.7168217058585036,0,0,17424,726 days 01:00:00,1000.0,266.3319334949131,-73.36680665050869,34.915698157888286,100.0,208.68773739618703,75.34890223039423,722 days 11:00:00,207,1,12.647328183621966,21.456331051324902,-6.168481229071101,4.081491472075232,-1.832040194374859,5 days 00:37:40.465116279,1 days 03:12:04.390243902,-3.6053883801386912,-1.2327880178227877,-0.644713158621711,0.9495166072794962,0.19647492499566266,23.033123955909613,0.9943032814436572,0.38623707239459026,-0.007586227038464355,None,None,-0.00006408938573491828,-0.3876126049247858,-0.7336680665050856,-0.36821169973472445,0.3784039392767885,-3.101255610549302,1 days 22:36:31.304347824,false
XMR-USD,false,16,67,184,20.76502732240437,0.490480750972987,0.25206611570247933,0.0001,0.00003194619588062211,7.603305785123967,15.165289256198347,0.0007603305785123968,-1.53239938437041,0,0,17424,726 days 01:00:00,1000.0,297.7185117946334,-70.22814882053666,34.915698157888286,100.0,198.7830459475273,72.36372308717216,722 days 11:00:00,183,1,14.13778541534964,21.24696439820231,-7.125563139087593,3.862906067796211,-1.8140201871325725,5 days 17:23:41.052631578,1 days 06:37:39.310344827,-3.9148594186924326,-1.1013641831964078,-0.6303756311008845,0.9547162120650702,0.13116486282944287,23.396840426300397,0.9901703840765133,0.3883355907895786,-0.007563437679931078,None,None,-0.00005756589567480109,-0.34815853704119704,-0.7022814882053625,-0.343303691702844,0.38044533368909034,-3.0113631554198337,2 days 04:47:52.131147540,false
XMR-USD,false,19,57,184,20.76502732240437,0.46216107584764976,0.25206611570247933,0.0001,0.00003194619588062211,7.603305785123967,15.165289256198347,0.0007603305785123968,-1.6726258841636767,0,0,17424,726 days 01:00:00,1000.0,270.71841937098407,-72.92815806290159,34.915698157888286,100.0,191.7014418051291,75.42565550922743,722 days 11:00:00,183,1,12.284074382656513,21.32200827661487,-7.125563139087604,3.8610438137073233,-1.8741361302163275,5 days 14:42:37.894736842,1 days 07:07:51.724137931,-4.052271338861597,-1.2050721923913839,-0.6384351926415456,0.9505372715166449,0.11049251656675135,23.3930818807292,0.9842484129623967,0.38877819399059543,-0.007566994865923019,None,None,-0.00006301116093617485,-0.3810915013419855,-0.7292815806290187,-0.36461930743799,0.3805943708239501,-3.0886925340321567,2 days 04:38:21.639344261,false
XMR-USD,false,12,49,266,20.754716981132077,0.4230799146960855,0.3650137741046832,0.0001,0.00003193033381712627,10.991735537190083,21.94214876033058,0.0010991735537190083,-2.413232559493207,0,0,17424,726 days 01:00:00,1000.0,170.09463020158853,-82.99053697984114,34.915698157888286,100.0,228.48331173137012,84.24346093602935,722 days 11:00:00,265,1,7.870581327579146,24.360729949531994,-6.399618215274424,3.178053399091875,-1.6385890063580995,4 days 01:02:10.909090909,0 days 20:38:17.142857142,-3.161418683494307,-1.7370750934822576,-0.699830469885531,0.9299520192630034,0.28115409272778213,22.37782249164263,0.9942919462462949,0.3848048954939204,-0.00765534521987678,None,None,-0.00008992278922094859,-0.543853029208297,-0.8299053697984113,-0.45926770175611054,0.3767984610597946,-3.376883217530382,1 days 12:29:39.622641507,false
XMR-USD,false,13,44,266,20.754716981132077,0.41905614028416865,0.3650137741046832,0.0001,0.00003193033381712627,10.991735537190083,21.94214876033058,0.0010991735537190083,-2.374764978938889,0,0,17424,726 days 01:00:00,1000.0,175.7598261236858,-82.42401738763142,34.915698157888286,100.0,229.74992355402435,83.78182268561335,722 days 11:00:00,265,1,8.132720027599788,24.879197779776202,-6.399618215274416,3.1535281365884806,-1.6180805077623401,3 days 22:31:38.181818181,0 days 21:13:08.571428571,-3.141029788316656,-1.707092001848711,-0.6955507130220788,0.9310474422357038,0.2965506762905271,22.58499920547913,0.999963871196546,0.3827170290430091,-0.007615090235589353,None,None,-0.00008811188245821133,-0.5329006651072622,-0.8242401738763114,-0.4530835035082663,0.3756950703529172,-3.3606578626871846,1 days 12:26:02.264150942,false
XMR-USD,false,15,59,213,20.754716981132077,0.4508916901598908,0.29201101928374656,0.0001,0.00003193033381712627,8.801652892561984,17.56198347107438,0.0008801652892561984,-1.9648955809619957,0,0,17424,726 days 01:00:00,1000.0,223.3830452058951,-77.66169547941048,34.915698157888286,100.0,206.83943360466526,79.46794756768345,722 days 11:00:00,212,1,10.607810510374918,20.60557174525708,-6.168481229071113,3.5941147067023413,-1.8004586247252399,5 days 01:51:49.090909090,1 days 01:32:30,-3.7133243646437712,-1.4182932409160904,-0.6660459216118534,0.9420612567381714,0.10651941211345038,23.570149759254228,0.9900285068751166,0.3857960871639891,-0.007595606630086856,None,None,-0.00007406900063923069,-0.4479693158660672,-0.7766169547941041,-0.40562100671594625,0.38012671818921145,-3.224262998500715,1 days 21:31:58.867924528,false
XMR-USD,false,23,38,213,20.754716981132077,0.5109545644972944,0.29201101928374656,0.0001,0.00003193033381712627,8.801652892561984,17.56198347107438,0.0008801652892561984,-1.6450357114839176,0,0,17424,726 days 01:00:00,1000.0,277.39900095546875,-72.26009990445313,34.915698157888286,100.0,215.0904615915276,74.94987495766125,722 days 11:00:00,212,1,14.05182976438158,20.68021897104222,-6.92802601102621,4.036711328792612,-1.7792387148889584,4 days 23:13:38.181818181,1 days 02:13:12.857142857,-3.474777494381668,-1.178512698665507,-0.6339583725888147,0.9517874420854944,0.21982844264874463,22.635863196293997,0.9967014986467709,0.3883355907895786,-0.007650913471011501,None,None,-0.00006161827078525475,-0.37266730170922074,-0.7226009990445322,-0.35922042591574044,0.3805688029845279,-3.069559072761312,1 days 21:31:24.905660376,false
XMR-USD,false,12,57,242,20.74688796680498,0.460172823588616,0.3319559228650138,0.0001,0.00003191828917969997,10.0,19.958677685950413,0.001,-2.10187233189714,0,0,17424,726 days 01:00:00,1000.0,205.87729640563987,-79.41227035943601,34.915698157888286,100.0,224.09110585748948,80.89185634046784,722 days 11:00:00,241,1,9.526308990132748,25.977214236284237,-6.399618215274423,3.6180632979744067,-1.730830884899733,4 days 13:33:36,0 days 21:50:15.706806282,-3.334643205744782,-1.5142114895714376,-0.6777117399418714,0.9384264240304065,0.18726187958871188,23.019176074922616,0.9952361228405088,0.3845848232022249,-0.007614668757779342,None,None,-0.00007882998777258443,-0.4767637660485906,-0.7941227035943614,-0.42222058769007864,0.3789333822983532,-3.274400185278692,1 days 16:02:14.439834023,false
XMR-USD,false,13,77,189,20.74468085106383,0.4802831255303006,0.25895316804407714,0.0001,0.000031914893617021275,7.809917355371901,15.578512396694215,0.0007809917355371902,-1.56853042825144,0,0,17424,726 days 01:00:00,1000.0,290.6868753349213,-70.93131246650786,34.915698157888286,100.0,202.1280343869441,72.93647933422093,722 days 11:00:00,188,1,13.803873470180633,21.24696439820229,-5.166804431970883,3.709257390409067,-1.768958941120156,5 days 18:04:36.923076923,1 days 04:49:07.651006711,-3.846367011357759,-1.1286923475149822,-0.6343313329596688,0.9537572637147497,0.10290152373695573,23.222145092664896,0.9906882456533049,0.38911033163265296,-0.007549268901077602,None,None,-0.00005895309972284644,-0.35654834712377526,-0.7093131246650781,-0.34872911714361,0.38017977452533996,-3.031502052336387,2 days 03:29:02.553191488,false
XMR-USD,false,15,69,189,20.74468085106383,0.4867682167843361,0.25895316804407714,0.0001,0.000031914893617021275,7.809917355371901,15.578512396694215,0.0007809917355371902,-1.5910811234058653,0,0,17424,726 days 01:00:00,1000.0,286.2825733298015,-71.37174266701986,34.915698157888286,100.0,202.49375411538767,73.42528543432697,722 days 11:00:00,188,1,13.594725989637936,21.24696439820229,-7.125563139087597,3.803856312171888,-1.8011936184558794,5 days 16:33:50.769230769,1 days 05:07:39.060402684,-3.86868166308424,-1.1439554937776881,-0.6357038900603639,0.9530432616614911,0.13035128572058624,23.375388828576945,0.9917912217865363,0.38789326961369974,-0.007566873914135424,None,None,-0.00005980740384365848,-0.36171517844644646,-0.7137174266701989,-0.3521711355413699,0.38054302550577684,-3.044116154982148,2 days 03:24:53.617021275,false
XMR-USD,false,15,70,189,20.74468085106383,0.4856831697312876,0.25895316804407714,0.0001,0.000031914893617021275,7.809917355371901,15.578512396694215,0.0007809917355371902,-1.5919645614722677,0,0,17424,726 days 01:00:00,1000.0,286.1880417585046,-71.38119582414954,34.915698157888286,100.0,201.16194521361558,73.4340605039914,722 days 11:00:00,188,1,13.590236960514687,21.246964398202298,-7.125563139087593,3.8138143096507893,-1.8041808069322323,5 days 18:27:41.538461538,1 days 04:36:38.657718120,-3.8691606127766502,-1.1445808544540057,-0.635748476292467,0.9530151720660989,0.13071076562542916,23.388386283543745,0.990775781429424,0.38800382348255535,-0.007566403830294593,None,None,-0.00005983029129359226,-0.361853601743646,-0.7138119582414972,-0.35224539094723883,0.38048065841345546,-3.0443868973023194,2 days 03:23:56.170212764,false
XMR-USD,false,16,63,189,20.74468085106383,0.48977659799834855,0.25895316804407714,0.0001,0.000031914893617021275,7.809917355371901,15.578512396694215,0.0007809917355371902,-1.5557921393286993,0,0,17424,726 days 01:00:00,1000.0,293.4576811275872,-70.65423188724128,34.915698157888286,100.0,203.97545087433593,72.9001548225515,722 days 11:00:00,188,1,13.935450970982231,20.60557174525708,-7.125563139087607,3.882627712065565,-1.8039994873856047,5 days 13:53:50.769230769,1 days 05:39:03.624161073,-3.832328562996783,-1.1191816985769019,-0.6311236328774996,0.9539552894167841,0.12001574049614573,23.554983046149264,0.9888441411768372,0.38756171364867015,-0.007566403830294701,None,None,-0.00005842297015147625,-0.35334212347612837,-0.706542318872411,-0.34658111421016446,0.3799627102285521,-3.023566350234323,2 days 03:16:35.744680850,false
XMR-USD,false,10,54,271,20.74074074074074,0.42014915229674454,0.371900826446281,0.0001,0.00003190883190883191,11.198347107438018,22.355371900826448,0.0011198347107438018,-2.428253816055476,0,0,17424,726 days 01:00:00,1000.0,169.62902730309793,-83.03709726969021,34.915698157888286,100.0,231.46711905391655,84.28659157601301,722 days 11:00:00,270,1,7.849037052638835,24.360729949532026,-6.189806240950015,3.1921959165405225,-1.6290621476017353,4 days 01:42:51.428571428,0 days 19:26:54.953271028,-3.1045185546279326,-1.747574746755968,-0.7001429234273713,0.9294520347937205,0.29000920843326555,22.635245193880454,0.9955661052902439,0.3826073157184797,-0.007614106571059612,None,None,-0.00009015973649151316,-0.5452860863006717,-0.8303709726969037,-0.45978190508376915,0.37552150926032807,-3.3782167234404894,1 days 11:40:53.333333332,false
XMR-USD,false,25,84,136,20.74074074074074,0.5994917711643196,0.1859504132231405,0.0001,0.00003190883190883191,5.619834710743802,11.198347107438018,0.0005619834710743802,-0.7667319378867368,0,0,17424,726 days 01:00:00,1000.0,486.8015360674044,-51.31984639325956,34.915698157888286,100.0,183.74574081533535,55.145917774451036,635 days 19:00:00,135,1,24.870083372349654,20.69325914701272,-7.6774658014819845,4.716923969926431,-1.8670659228540252,7 days 15:10:42.857142857,1 days 18:07:51.028037383,-3.985692942999594,-0.550765599585008,-0.5506413373020524,0.9769521648548232,-0.06997178802172946,26.4223799897599,0.9848964800803134,0.39333120102350866,-0.007458196364188524,None,None,-0.000029088766796478997,-0.17592886158510498,-0.5131984639325939,-0.22109631077909309,0.3844292705497735,-2.4698215731271347,2 days 23:23:06.666666666,false
XMR-USD,false,5,26,575,20.73170731707317,0.36255484450503017,0.790633608815427,0.0001,0.00003189493433395872,23.7603305785124,47.47933884297521,0.00237603305785124,-4.910304063608412,0,0,17424,726 days 01:00:00,1000.0,29.057542032585275,-97.09424579674148,34.915698157888286,100.0,356.1381428608577,97.27873469549492,722 days 11:00:00,574,1,0.5845613216528136,14.344903282656981,-11.805396837296527,1.8181698863365483,-1.2349440206954625,1 days 18:57:28.739495798,0 days 09:30:11.868131868,-1.6925557827335687,-3.651171915824894,-0.8544247767690245,0.8556144894563379,-0.48208716752217434,36.72220200474468,1.0114851290572924,0.3586744639376218,-0.007805990266979708,None,None,-0.0001910320332024086,-1.1553617368081672,-0.9709424579674132,-0.7071694810718006,0.3808306202894556,-3.7808192566473307,0 days 16:26:20.487804877,false
XMR-USD,false,63,89,83,20.73170731707317,0.5794277737999461,0.11294765840220386,0.0001,0.00003189493433395872,3.4297520661157024,6.818181818181818,0.0003429752066115703,-0.9128326046915748,0,0,17424,726 days 01:00:00,1000.0,443.023548144449,-55.6976451855551,34.915698157888286,100.0,128.86772669770286,61.30848374088487,630 days 14:00:00,82,1,20.499488205895034,17.47256446459339,-6.607384652232693,6.082340906340683,-2.7772908100322793,12 days 10:10:35.294117647,2 days 19:14:46.153846153,-7.042389512944462,-0.660472061373484,-0.5478448756874346,0.9721482892990398,-0.14759873260159634,26.784936171805892,0.97316094376706,0.38019801980198015,-0.007440889575559813,None,None,-0.00003465358775775321,-0.2095848987588914,-0.5569764518555513,-0.2461600324368468,0.38190179335740937,-2.595203536635331,4 days 19:07:19.024390243,false
XMR-USD,false,67,86,83,20.73170731707317,0.5823235856227335,0.11294765840220386,0.0001,0.00003189493433395872,3.4297520661157024,6.818181818181818,0.0003429752066115703,-0.8823081657611499,0,0,17424,726 days 01:00:00,1000.0,451.9107266181268,-54.80892733818732,34.915698157888286,100.0,130.3281512915736,60.31849043322318,630 days 14:00:00,82,1,20.91071377407968,17.25620794597986,-7.6815941432643235,6.020905455668921,-2.7319828513410913,12 days 10:28:14.117647058,2 days 19:10:09.230769230,-6.9390242336091745,-0.638407563967667,-0.5457876654209964,0.9730724423927938,-0.14796087573990446,26.74192959069693,0.9732750813853783,0.3804166996751961,-0.007440889575559851,None,None,-0.00003350630764057938,-0.2026461486102241,-0.5480892733818759,-0.24094528825164663,0.38202034463483425,-2.5697502908388694,4 days 19:07:19.024390242,false
XMR-USD,false,68,85,83,20.73170731707317,0.5905191428697704,0.11294765840220386,0.0001,0.00003189493433395872,3.4297520661157024,6.818181818181818,0.0003429752066115703,-0.8603087880553423,0,0,17424,726 days 01:00:00,1000.0,458.56844541748023,-54.14315545825198,34.915698157888286,100.0,130.8580945094475,59.65952110062648,630 days 14:00:00,82,1,21.218778274436545,17.256207945979884,-7.6815941432643156,6.132908929750456,-2.7368806768213747,12 days 10:28:14.117647058,2 days 19:11:04.615384615,-6.861589425084841,-0.6223924679964801,-0.5435190271460856,0.9737390335885449,-0.14789352794980254,26.739652453980725,0.973739033588545,0.38052606559974644,-0.007437644843582928,None,None,-0.000032666506453969076,-0.19756703103360498,-0.5414315545825231,-0.23708243706462406,0.3820289783071422,-2.5506823095278635,4 days 19:08:02.926829266,false
XMR-USD,false,69,83,83,20.73170731707317,0.5899304892401831,0.11294765840220386,0.0001,0.00003189493433395872,3.4297520661157024,6.818181818181818,0.0003429752066115703,-0.8598923325518577,0,0,17424,726 days 01:00:00,1000.0,459.01534275774634,-54.09846572422536,34.915698157888286,100.0,131.2441454646929,59.77285362529151,630 days 14:00:00,82,1,21.239457009899752,17.256207945979877,-7.681594143264315,6.103870480495059,-2.727814398780785,12 days 10:17:38.823529411,2 days 19:04:36.923076923,-6.856391637221389,-0.6219463332602048,-0.5419347473990884,0.9737445065042072,-0.14649611068914734,26.803271735613915,0.9745566370350709,0.3797608678438514,-0.007416129821413503,None,None,-0.0000326244500257113,-0.19731267375550196,-0.5409846572422579,-0.2368244594078236,0.3818108202011331,-2.5494023771082244,4 days 19:00:43.902439023,false
XMR-USD,false,69,85,83,20.73170731707317,0.5763840221210323,0.11294765840220386,0.0001,0.00003189493433395872,3.4297520661157024,6.818181818181818,0.0003429752066115703,-0.9372638829155899,0,0,17424,726 days 01:00:00,1000.0,430.15184880895595,-56.984815119104404,34.915698157888286,100.0,130.61211188435308,62.1593422883546,630 days 14:00:00,82,1,19.90389176452544,17.256207945979884,-11.388143219999112,6.111968875893936,-2.8202726681728736,12 days 11:42:21.176470588,2 days 18:43:23.076923076,-7.192098084824016,-0.6828412885119466,-0.5560658967396971,0.9710415546724687,-0.41247403714679964,30.363804811246425,0.9700302637386307,0.38030735107731306,-0.007437644843583026,None,None,-0.000036129607466866156,-0.2185118659596065,-0.5698481511910516,-0.2538353026238105,0.38512473661807733,-2.632068614564712,4 days 19:01:27.804878047,false
XMR-USD,false,70,84,83,20.73170731707317,0.5798267394792621,0.11294765840220386,0.0001,0.00003189493433395872,3.4297520661157024,6.818181818181818,0.0003429752066115703,-0.9259455414639909,0,0,17424,726 days 01:00:00,1000.0,433.48329723513666,-56.651670276486335,34.915698157888286,100.0,130.9479365837471,61.866273224654954,630 days 14:00:00,82,1,20.058043813569043,17.256207945979884,-11.388143219999105,6.158755664460009,-2.8193056178012132,12 days 11:35:17.647058823,2 days 18:42:27.692307692,-7.153350568029662,-0.6745534455026868,-0.5545898197804344,0.9713840426276449,-0.41261396019358926,30.372960367342472,0.9701698125743603,0.38019801980198015,-0.007431264234753457,None,None,-0.000035688594413889964,-0.2158446190152065,-0.5665167027648685,-0.25183456457727893,0.3850977871768759,-2.6225272088304896,4 days 18:59:16.097560974,false
XMR-USD,false,71,83,83,20.73170731707317,0.5818888348746443,0.11294765840220386,0.0001,0.00003189493433395872,3.4297520661157024,6.818181818181818,0.0003429752066115703,-0.919118683312117,0,0,17424,726 days 01:00:00,1000.0,435.477031220247,-56.45229687797531,34.915698157888286,100.0,130.9279566970308,61.690883520978225,630 days 14:00:00,82,1,20.1502974341376,17.256207945979884,-11.38814321999911,6.199998493284858,-2.821932788581159,12 days 11:49:24.705882352,2 days 18:40:36.923076923,-7.13016178309622,-0.6695610836373884,-0.5537072727050577,0.9715955818931575,-0.4126767739632783,30.371217309241395,0.9699769303614746,0.3804166996751961,-0.00743126423475347,None,None,-0.000035424935368887906,-0.21425000911103406,-0.5645229687797566,-0.25064200370862866,0.38510291619416204,-2.6168170724440003,4 days 19:00:43.902439023,false
XMR-USD,false,72,82,83,20.73170731707317,0.5782723068934604,0.11294765840220386,0.0001,0.00003189493433395872,3.4297520661157024,6.818181818181818,0.0003429752066115703,-0.9279867314161826,0,0,17424,726 days 01:00:00,1000.0,432.90380453364105,-56.70961954663589,34.915698157888286,100.0,130.62732101764354,61.91725146646515,630 days 14:00:00,82,1,20.031229654706692,17.256207945979884,-11.388143219999089,6.145734283571397,-2.8188496447834006,12 days 11:45:52.941176470,2 days 18:40:36.923076923,-7.160090550256893,-0.6760681984068014,-0.5548464510734,0.9713215239823431,-0.4127940637560748,30.379972394567105,0.9699053084714337,0.38030735107731306,-0.007431264234753455,None,None,-0.00003576673021719059,-0.2163171843535687,-0.5670961954663616,-0.25218186224739225,0.3850761983508194,-2.6241868998350197,4 days 18:59:59.999999999,false
XMR-USD,false,73,81,83,20.73170731707317,0.5820898950830283,0.11294765840220386,0.0001,0.00003189493433395872,3.4297520661157024,6.818181818181818,0.0003429752066115703,-0.9107891937473707,0,0,17424,726 days 01:00:00,1000.0,437.9378276180836,-56.206217238191634,34.915698157888286,100.0,130.949947461248,61.47440612015698,630 days 14:00:00,82,1,20.264162863968238,17.256207945979884,-11.38814321999909,6.187858043768686,-2.8120370650922406,12 days 11:52:56.470588235,2 days 18:39:41.538461538,-7.101540673730309,-0.6634884293379618,-0.5526187661711534,0.9718496481900472,-0.4129827920882111,30.375705136608175,0.970230573390896,0.3804166996751961,-0.007431264234753435,None,None,-0.00003510241981202839,-0.21229943502314771,-0.5620621723819171,-0.24917497247762865,0.38508947300811175,-2.609769250038419,4 days 19:00:43.902439023,false
XMR-USD,false,8,40,363,20.718232044198896,0.4248899849155732,0.4986225895316804,0.0001,0.000031874203144921376,15.0,29.958677685950413,0.0015,-3.0226592520594853,0,0,17424,726 days 01:00:00,1000.0,115.38583111488788,-88.46141688851121,34.915698157888286,100.0,292.41734573158016,89.14100153353063,722 days 11:00:00,362,1,5.339107805835667,24.427265072754313,-6.189806240950008,2.679427681765544,-1.424608212696172,2 days 22:55:12,0 days 14:37:37.839721254,-2.458434465997087,-2.180105279638468,-0.7429901206422492,0.9125546199666249,0.31536469359234104,22.481782924839695,1.0130690030173826,0.37161523929471035,-0.007638748123339109,None,None,-0.00011230650262240377,-0.679229727860298,-0.8846141688851124,-0.5274096678260422,0.3749603799650942,-3.533571475171138,1 days 02:17:24.198895027,false
XMR-USD,false,14,30,315,20.70063694267516,0.4289539019874699,0.4325068870523416,0.0001,0.00003184713375796178,13.016528925619834,25.991735537190085,0.0013016528925619835,-2.8162945268009385,0,0,17424,726 days 01:00:00,1000.0,131.67305416616068,-86.83269458338393,34.915698157888286,100.0,267.6216468888215,87.69660147488358,722 days 11:00:00,314,1,6.092746609562397,23.389151865388307,-6.18980624095,2.8810589165259977,-1.5357270040299458,3 days 06:34:09.230769230,0 days 17:49:09.397590361,-2.7847760905840833,-2.0268403736826364,-0.7287991860635654,0.9184838043387967,0.3284521828482401,22.16282603048884,1.0106620859912185,0.3729120705956508,-0.007677990726981538,None,None,-0.00010467224845079416,-0.6330577586304031,-0.8683269458338382,-0.5052470781684155,0.37589794457420017,-3.486924196409527,1 days 06:23:41.656050954,false
XMR-USD,false,7,12,721,20.694444444444443,0.3293050671200655,0.9917355371900827,0.0001,0.00003183760683760684,29.793388429752067,59.54545454545455,0.0029793388429752068,-6.16341479811458,0,0,17424,726 days 01:00:00,1000.0,12.053025544716206,-98.79469744552839,34.915698157888286,100.0,362.1719051422234,98.8266640953445,725 days 02:00:00,720,1,0.03790298153143645,15.368985863521795,-11.805396837296518,1.6794527574676452,-1.1923851787656634,1 days 06:22:57.181208053,0 days 08:24:22.697022767,-1.3722012186622425,-4.590082794194536,-0.9021129350440675,0.8203541275620843,-0.3525938336528413,37.290073473300964,1.022005421487958,0.3455598455598456,-0.007905273419109968,None,None,-0.00024140004044555615,-1.4599874446147236,-0.9879469744552849,-0.784239271302201,0.3828024984222238,-3.829520893403883,0 days 12:57:14.999999998,false
XMR-USD,false,4,17,779,20.69408740359897,0.34274608307058485,1.0716253443526171,0.0001,0.000031837057543998416,32.1900826446281,64.33884297520662,0.00321900826446281,-6.178134763502559,0,0,17424,726 days 01:00:00,1000.0,11.604496915893833,-98.83955030841062,34.915698157888286,100.0,398.4673538043566,98.87724795953598,725 days 02:00:00,778,1,0.03649249980040281,15.368985863521784,-11.805396837296525,1.5971180218493277,-1.1214395946496247,1 days 05:27:34.658385093,0 days 07:27:02.042139384,-1.2704781434240457,-4.610021080165762,-0.903723105512155,0.8200998473310642,-0.3804502340973652,36.80977759093804,1.0252159718858536,0.3479538949485572,-0.00794598029320876,None,None,-0.00024347198548671696,-1.4725185682236641,-0.9883955030841061,-0.7870606361720347,0.3844182793013968,-3.830805497901247,0 days 12:00:18.508997428,false
XMR-USD,false,13,31,320,20.689655172413794,0.42532486920936863,0.4393939393939394,0.0001,0.00003183023872679045,13.223140495867769,26.40495867768595,0.001322314049586777,-2.8170225087323937,0,0,17424,726 days 01:00:00,1000.0,131.5857923975923,-86.84142076024077,34.915698157888286,100.0,268.65652791927386,87.6568178064049,722 days 11:00:00,319,1,6.088708852194657,23.389151865388296,-6.189806240950003,2.843532571219794,-1.5135508747709785,3 days 04:56:21.818181818,0 days 17:36:59.762845849,-2.741388452835747,-2.0276028162904036,-0.7292671372903025,0.9184134910990954,0.3269431461291592,22.168526577052223,1.0118476893263928,0.37237142632117826,-0.007677990726981529,None,None,-0.00010471048481726682,-0.6332890121748297,-0.868414207602408,-0.5053609059960864,0.3758938575186875,-3.487174117714763,1 days 05:53:25.015673980,false
XMR-USD,false,17,53,204,20.689655172413794,0.4780570470237385,0.2796143250688705,0.0001,0.00003183023872679045,8.429752066115702,16.81818181818182,0.0008429752066115702,-1.7657353078959934,0,0,17424,726 days 01:00:00,1000.0,254.94943429323848,-74.50505657067616,34.915698157888286,100.0,204.7813063675282,76.40244131224935,722 days 11:00:00,203,1,12.10680643294674,20.98026920709227,-6.168481229071124,3.908834935481905,-1.830417736595687,5 days 02:55:42.857142857,1 days 03:54:46.956521739,-3.7298392716241793,-1.272422748120489,-0.6504405366509975,0.9478545101197082,0.11063611900110958,23.53856175488319,0.9911426609624512,0.386899076727157,-0.007587215347123452,None,None,-0.00006647556906331718,-0.4020442416949423,-0.7450505657067594,-0.37771746769298564,0.380266951760746,-3.133855557857253,1 days 23:34:17.142857141,false
XMR-USD,false,60,87,88,20.689655172413794,0.5655610167784009,0.11983471074380166,0.0001,0.00003183023872679045,3.6363636363636367,7.231404958677686,0.00036363636363636367,-1.0063558287404133,0,0,17424,726 days 01:00:00,1000.0,417.5374776166947,-58.246252238330534,34.915698157888286,100.0,131.99190488566958,64.06257671612234,630 days 14:00:00,87,1,19.32020235441712,18.05766568386462,-6.592258619305263,5.886940926554973,-2.735677350582646,11 days 21:36:39.999999999,2 days 14:19:07.826086956,-6.917042813077263,-0.7282275237533495,-0.5547157161502417,0.9693492660784673,-0.1396242453019831,26.993572762143998,0.9739998779098858,0.37954239569313597,-0.0074408895755598255,None,None,-0.000038113737694673955,-0.23051188557738808,-0.5824625223833071,-0.261504029808,0.3809538752474101,-2.668196694075594,4 days 12:31:02.068965516,false
XMR-USD,false,60,89,88,20.689655172413794,0.5308969628544976,0.11983471074380166,0.0001,0.00003183023872679045,3.6363636363636367,7.231404958677686,0.00036363636363636367,-1.1345380173804813,0,0,17424,726 days 01:00:00,1000.0,382.1186812491976,-61.788131875080246,34.915698157888286,100.0,127.54949769962965,66.89442479018524,630 days 14:00:00,87,1,17.681311596931323,18.057665683864627,-6.946085090259019,5.57166444763868,-2.7869061123076304,11 days 23:26:40,2 days 13:50:26.086956521,-7.30531759020384,-0.8224827050779705,-0.5732338289289476,0.9654297943039941,-0.15589634151931847,26.81846070743217,0.9724870296424754,0.37888739416000633,-0.007440889575559834,None,None,-0.000043145034905767195,-0.26094117111008,-0.6178813187508022,-0.28387928825371667,0.3818229199279203,-2.7696375881036435,4 days 12:31:02.068965515,false
XMR-USD,false,63,85,88,20.689655172413794,0.5373554737809779,0.11983471074380166,0.0001,0.00003183023872679045,3.6363636363636367,7.231404958677686,0.00036363636363636367,-1.123110521672168,0,0,17424,726 days 01:00:00,1000.0,385.14021828098475,-61.48597817190152,34.915698157888286,100.0,127.75243514518174,66.74744370610225,630 days 14:00:00,87,1,17.821123494078165,18.057665683864617,-6.946085090259045,5.652646925357272,-2.7954690949620065,11 days 21:40:00,2 days 14:13:02.608695652,-7.272194312794181,-0.8142451080559533,-0.5708314444316654,0.9657582700209263,-0.15706302722780047,26.850727981637593,0.9732275542999353,0.37845107190886795,-0.007440889575559767,None,None,-0.00004270019498710987,-0.2582507792820405,-0.6148597817190127,-0.28191892200276913,0.38170921495480137,-2.7609837813886124,4 days 12:26:53.793103447,false
XMR-USD,false,64,82,88,20.689655172413794,0.5706002298732664,0.11983471074380166,0.0001,0.00003183023872679045,3.6363636363636367,7.231404958677686,0.00036363636363636367,-0.9786687880646048,0,0,17424,726 days 01:00:00,1000.0,425.52679411354336,-57.44732058864567,34.915698157888286,100.0,132.59694280388155,63.15948802190259,630 days 14:00:00,87,1,19.689882250635435,18.057665683864634,-6.5922586193052695,5.934646010829113,-2.7190892660548323,11 days 21:26:40,2 days 14:13:02.608695652,-6.829460783184963,-0.7079585727072922,-0.5528756651734885,0.9701744941329167,-0.138570491781497,27.041467873120943,0.9760531110008339,0.37866919851254055,-0.007402943331494314,None,None,-0.0000370366527938317,-0.22399767609709414,-0.574473205886459,-0.25662977349103855,0.380786751238361,-2.6453149620228045,4 days 12:24:08.275862068,false
XMR-USD,false,65,82,88,20.689655172413794,0.5558897560909674,0.11983471074380166,0.0001,0.00003183023872679045,3.6363636363636367,7.231404958677686,0.00036363636363636367,-1.040808687854763,0,0,17424,726 days 01:00:00,1000.0,408.0762571721955,-59.19237428278045,34.915698157888286,100.0,129.6508276243474,64.55991406608031,630 days 14:00:00,87,1,18.882414842381422,18.05766568386461,-6.592258619305261,5.88361765704675,-2.767482677185152,11 days 21:30:00,2 days 14:08:41.739130434,-7.020760432990636,-0.7533950876989837,-0.5618818223652075,0.9682781011950795,-0.14203407786367636,27.01200221032659,0.9753665206767419,0.37812401138880103,-0.007402943331494255,None,None,-0.000039429690702404605,-0.23847076936814304,-0.5919237428278076,-0.2673557028551372,0.3809417131150634,-2.6952940197590602,4 days 12:21:22.758620688,false
XMR-USD,false,66,81,88,20.689655172413794,0.5441964214075019,0.11983471074380166,0.0001,0.00003183023872679045,3.6363636363636367,7.231404958677686,0.00036363636363636367,-1.085116296502981,0,0,17424,726 days 01:00:00,1000.0,395.4533492836292,-60.45466507163708,34.915698157888286,100.0,129.070454495522,65.65617225911205,630 days 14:00:00,87,1,18.298330424138726,18.05766568386461,-6.592258619305258,5.692630238483752,-2.76773502752255,11 days 21:33:20,2 days 14:07:49.565217391,-7.159137714258735,-0.7862988990296953,-0.5677112887750237,0.96690027160839,-0.15559959852362612,26.965236085697555,0.9743846460957369,0.3780150257018584,-0.00741612982141352,None,None,-0.00004120257722869795,-0.24919318707916518,-0.604546650716372,-0.2753024498469583,0.38141226885013835,-2.731446548720348,4 days 12:21:22.758620688,false
XMR-USD,false,71,75,88,20.689655172413794,0.5628194089625712,0.11983471074380166,0.0001,0.00003183023872679045,3.6363636363636367,7.231404958677686,0.00036363636363636367,-1.0250990722105469,0,0,17424,726 days 01:00:00,1000.0,412.4568495857568,-58.75431504142432,34.915698157888286,100.0,130.74447113703496,64.17947396732548,630 days 14:00:00,87,1,19.08511265131898,18.05766568386461,-6.592258619305262,5.975057788500782,-2.7743869715759697,11 days 21:26:40,2 days 14:05:13.043478260,-6.972738655925998,-0.7422063383277984,-0.5598683313370592,0.9687356434292439,-0.1453914080020319,27.051948642115256,0.9744078722071682,0.37823301431622236,-0.007416129821413553,None,None,-0.00003882725113030499,-0.2348272148360846,-0.5875431504142485,-0.2646354577750768,0.38077631813163443,-2.6827478223616823,4 days 12:17:55.862068964,false
XMR-USD,false,72,74,88,20.689655172413794,0.5628044086406289,0.11983471074380166,0.0001,0.00003183023872679045,3.6363636363636367,7.231404958677686,0.00036363636363636367,-1.0251494320322094,0,0,17424,726 days 01:00:00,1000.0,412.4386632867139,-58.75613367132861,34.915698157888286,100.0,130.74049049833638,64.18105338781265,630 days 14:00:00,87,1,19.084271138888596,18.05766568386461,-6.592258619305255,5.975057788500782,-2.7744507021865887,11 days 21:26:40,2 days 14:04:20.869565217,-6.972938021289366,-0.7422470800373354,-0.559876681311672,0.968733788706781,-0.14540079335286832,27.051197439431043,0.9742034274134064,0.37823301431622236,-0.0074161298214134915,None,None,-0.00003882962885536021,-0.23484159531721854,-0.5875613367132877,-0.26464671195204903,0.3807787343534231,-2.682799908672432,4 days 12:17:14.482758620,false
XMR-USD,false,16,29,296,20.677966101694913,0.43303241230970946,0.40633608815426997,0.0001,0.0000318122555410691,12.231404958677686,24.421487603305785,0.0012231404958677687,-2.6693687757626825,0,0,17424,726 days 01:00:00,1000.0,145.62001436889943,-85.43799856311006,34.915698157888286,100.0,255.63912170098055,86.39341145871148,722 days 11:00:00,295,1,6.738097285348374,23.389151865388307,-5.914882632735077,2.9893512765154515,-1.5704516977891894,3 days 09:22:37.377049180,0 days 19:37:26.153846153,-2.919044348869317,-1.9203217418020937,-0.7181069792158303,0.9225932097559776,0.32764767795585753,22.33186792361184,1.0052656345258622,0.3751874358771999,-0.007669288172738437,None,None,-0.00009894766639876249,-0.5984354863797156,-0.8543799856311013,-0.4876526692079757,0.3750502864524114,-3.446979526995584,1 days 08:23:35.593220338,false
XMR-USD,false,16,54,209,20.673076923076923,0.49559249045779935,0.2865013774104683,0.0001,0.000031804733727810655,8.636363636363637,17.231404958677686,0.0008636363636363637,-1.7727974720231363,0,0,17424,726 days 01:00:00,1000.0,255.76838359042893,-74.4231616409571,34.915698157888286,100.0,209.08006424904758,76.326641167188,722 days 11:00:00,208,1,12.145695950968076,20.980269207092267,-6.168481229071111,4.045468287989158,-1.8369546013553315,5 days 01:12:33.488372093,1 days 02:57:05.454545454,-3.636429386348743,-1.2733909892655901,-0.6500230315517228,0.9479696669843527,0.19729374510596437,22.843455653684313,0.9942263709323229,0.3864576702737111,-0.007614106571059657,None,None,-0.00006635605248348315,-0.4013214054201061,-0.7442316164095708,-0.3770244015015115,0.37929464733053614,-3.131510053283673,1 days 22:26:14.999999999,false
XMR-USD,false,16,55,209,20.673076923076923,0.4816203973129534,0.2865013774104683,0.0001,0.000031804733727810655,8.636363636363637,17.231404958677686,0.0008636363636363637,-1.7998663900515106,0,0,17424,726 days 01:00:00,1000.0,251.61862794843944,-74.83813720515606,34.915698157888286,100.0,207.3395594982118,76.71073341894429,722 days 11:00:00,208,1,11.94863613618216,20.680218971042212,-6.168481229071117,3.9399228749415545,-1.821463346597034,5 days 01:22:19.534883720,1 days 02:53:05.454545454,-3.655432731671838,-1.2931860008329128,-0.6521476159224873,0.9471772119966181,0.197402376075966,22.92661042703704,0.993414287020963,0.38623707239459026,-0.007592921762430932,None,None,-0.00006731892006326019,-0.40714482854259765,-0.7483813720515622,-0.3805513620840205,0.37890827513178155,-3.143395124643909,1 days 22:25:05.769230767,false
XMR-USD,false,15,76,180,20.670391061452513,0.50115273943309,0.2465564738292011,0.0001,0.00003180060163300387,7.43801652892562,14.834710743801653,0.000743801652892562,-1.4240811231053545,0,0,17424,726 days 01:00:00,1000.0,319.7745399251555,-68.02254600748445,34.915698157888286,100.0,198.05756358464436,70.22836046628086,722 days 11:00:00,179,1,15.18516198237785,21.24696439820229,-7.125563139087605,3.936262517138742,-1.796536920371317,6 days 02:12:58.378378378,1 days 06:01:16.056338028,-3.8849755422191223,-1.0233681536209438,-0.6212143935516484,0.9579582651455183,0.10577160655610332,23.19811979787553,0.9929073471696804,0.38888888888888895,-0.007529929648075561,None,None,-0.00005347166176425443,-0.3233966103502108,-0.6802254600748486,-0.3268102538720006,0.38032049309588567,-2.9481937809144605,2 days 06:02:20.782122903,false
XMR-USD,false,5,14,780,20.667522464698333,0.3230150127295069,1.0730027548209367,0.0001,0.000031796188407228206,32.231404958677686,64.42148760330579,0.003223140495867769,-6.316602973164765,0,0,17424,726 days 01:00:00,1000.0,10.693487076735664,-98.93065129232643,34.915698157888286,100.0,372.34965697280427,98.96263439533745,725 days 02:00:00,779,1,0.03362765984959637,15.36898586352179,-11.805396837296541,1.632656074497842,-1.1412238097630083,1 days 04:30:55.900621118,0 days 07:37:40.194174757,-1.2700130174366038,-4.71235482925629,-0.9072738012736593,0.816210870879399,-0.3593802739993488,37.021914603585444,1.0252382578525392,0.3451443569553806,-0.007910642653857285,None,None,-0.0002482273622066666,-1.5012790866259194,-0.9893065129232643,-0.7930183109323418,0.3834154527621997,-3.8334146676650556,0 days 11:56:41.283697046,false
XMR-USD,false,13,52,243,20.66115702479339,0.4726136129532423,0.3333333333333333,0.0001,0.00003178639542275906,10.041322314049587,20.041322314049587,0.0010041322314049588,-2.067777850702707,0,0,17424,726 days 01:00:00,1000.0,213.06616734677095,-78.69338326532291,34.915698157888286,100.0,228.03424290931036,80.24983295710926,722 days 11:00:00,242,1,10.117892015050415,25.977214236284247,-6.399618215274419,3.67984166917326,-1.7197470838726792,4 days 12:26:24,0 days 22:03:26.250000,-3.293602168050741,-1.4852121133291523,-0.6733353492757098,0.9397344095822152,0.2809501934190941,22.272827605011525,0.9953663764861111,0.3854655323209032,-0.007615090235589411,None,None,-0.00007697108775393595,-0.4655211387358046,-0.7869338326532286,-0.41529640733818673,0.3772220628722697,-3.253810962320517,1 days 15:54:17.851239669,false
XMR-USD,false,14,58,214,20.657276995305164,0.4739124868365644,0.29338842975206614,0.0001,0.00003178042614662333,8.84297520661157,17.644628099173556,0.000884297520661157,-1.8269317744586784,0,0,17424,726 days 01:00:00,1000.0,246.8262128366497,-75.31737871633503,34.915698157888286,100.0,208.36235462506212,77.15430881721895,722 days 11:00:00,213,1,11.72105829406766,20.680218971042212,-6.168481229071108,3.8447907845738523,-1.7895800120875514,4 days 23:40:54.545454545,1 days 01:53:57.869822485,-3.591055612476145,-1.3118220568988148,-0.65462978307566,0.9463983893751235,0.20745013651990038,22.881904687345763,0.994430987639262,0.3853553824137382,-0.007608808267455838,None,None,-0.00006838829348371222,-0.41361239898949154,-0.7531737871633483,-0.3846721138578535,0.3794589339461488,-3.1571207992390966,1 days 21:16:20.281690140,false
XMR-USD,false,15,57,214,20.657276995305164,0.46110987871541126,0.29338842975206614,0.0001,0.00003178042614662333,8.84297520661157,17.644628099173556,0.000884297520661157,-1.9292689953242104,0,0,17424,726 days 01:00:00,1000.0,231.19922364420995,-76.880077635579,34.915698157888286,100.0,206.32984569331106,78.60070855371451,722 days 11:00:00,213,1,10.97897807017111,20.680218971042226,-6.168481229071107,3.790730328755016,-1.814378620429061,5 days 00:34:05.454545454,1 days 01:42:57.514792899,-3.6609378142063935,-1.388163224879334,-0.6629506459264092,0.9434110622327248,0.19084445740487807,22.997927833462292,0.9920505271859489,0.38557569974554706,-0.0075956066300867505,None,None,-0.00007219699598262456,-0.43664743170291337,-0.7688007763557886,-0.3984834121142363,0.3785615812185786,-3.2018771409905193,1 days 21:18:35.492957745,false
XMR-USD,false,25,35,214,20.657276995305164,0.5018764828057651,0.29338842975206614,0.0001,0.00003178042614662333,8.84297520661157,17.644628099173556,0.000884297520661157,-1.7258534226637887,0,0,17424,726 days 01:00:00,1000.0,262.82397790372625,-73.71760220962737,34.915698157888286,100.0,212.52333870263172,76.26605183170757,722 days 11:00:00,213,1,13.31352233706707,20.680218971042237,-6.928026011026198,4.045121904585884,-1.8026251775817217,4 days 23:06:49.090909090,1 days 02:08:52.544378698,-3.5234250912363403,-1.2369884265915896,-0.6414393103236423,0.9494802853303947,0.21948885842126983,22.595983963654213,0.9962335205538854,0.3883355907895786,-0.007658393323117591,None,None,-0.00006470466709229457,-0.3913338265741975,-0.7371760220962733,-0.37111250410479746,0.3807394823275826,-3.1113025400860503,1 days 21:21:07.605633801,false
XMR-USD,false,5,28,553,20.652173913043477,0.36385484696471815,0.7603305785123967,0.0001,0.00003177257525083612,22.85123966942149,45.66115702479339,0.0022851239669421488,-4.733881494817843,0,0,17424,726 days 01:00:00,1000.0,32.848493024766185,-96.71515069752338,34.915698157888286,100.0,349.307912720722,96.94019077426678,722 days 11:00:00,552,1,1.5199582463799253,16.288251169137045,-11.805396837296525,1.8711262251307925,-1.2521525353313825,1 days 20:44:12.631578947,0 days 09:47:15.616438356,-1.754839610908723,-3.5182630344190087,-0.8463344856428807,0.8605787721430274,-0.4902977741852207,36.75445893899789,1.0098876027035155,0.359840799125956,-0.007754051785545282,None,None,-0.0001840052581229923,-1.1128638011278573,-0.9671515069752321,-0.6944368138740118,0.3806798351561648,-3.7699618166069273,0 days 17:00:19.565217390,false
XMR-USD,false,13,81,185,20.652173913043477,0.488460404908111,0.2534435261707989,0.0001,0.00003177257525083612,7.644628099173554,15.24793388429752,0.0007644628099173554,-1.5483816324700552,0,0,17424,726 days 01:00:00,1000.0,293.86930267222556,-70.61306973277745,34.915698157888286,100.0,201.42183123731274,72.64018908062324,722 days 11:00:00,184,1,13.954997679836083,21.24696439820228,-5.570763989160804,3.8195291042186827,-1.8010084934438093,5 days 23:04:44.210526315,1 days 05:09:27.123287671,-3.9135092119978845,-1.1144563042996072,-0.6328583727596646,0.954360468925239,0.09762557006872377,23.10819202363399,0.988688578986725,0.39044047239067986,-0.007564556714894939,None,None,-0.000058293559249027695,-0.3525594463381195,-0.7061306973277764,-0.3462631453892079,0.38072857384457326,-3.022387449148694,2 days 04:41:05.217391303,false
XMR-USD,false,61,83,93,20.652173913043477,0.5482745325354966,0.12672176308539945,0.0001,0.00003177257525083612,3.8429752066115705,7.644628099173554,0.00038429752066115706,-1.0993882797789647,0,0,17424,726 days 01:00:00,1000.0,392.6150159731724,-60.73849840268276,34.915698157888286,100.0,136.10094310564008,66.23763381032461,630 days 14:00:00,92,1,18.64414413874829,18.1921003062634,-6.6292515176152325,5.625651801306333,-2.6865840685304687,11 days 04:00:00,2 days 11:32:03.287671232,-6.8046644365823425,-0.795696476007614,-0.5661507943760958,0.9665711120070732,-0.1345801288035162,26.960102822334505,0.9730270242559215,0.3792148171600443,-0.007446826610916431,None,None,-0.000041645407017795226,-0.2518714216436255,-0.6073849840268281,-0.2771120572706499,0.3809584584205745,-2.7395756524192683,4 days 06:35:13.043478259,false
XMR-USD,false,12,55,248,20.647773279352226,0.45110780194381617,0.3402203856749311,0.0001,0.00003176580504515727,10.24793388429752,20.454545454545457,0.001024793388429752,-2.1583854518742878,0,0,17424,726 days 01:00:00,1000.0,200.96217016231049,-79.90378298376896,34.915698157888286,100.0,223.09428264275087,81.34804524522796,722 days 11:00:00,247,1,9.298877349359657,25.97721423628425,-6.399618215274404,3.5703616843547223,-1.7055587257069211,4 days 11:45:52.941176470,0 days 21:12:14.693877551,-3.2726182477208487,-1.5510651575404812,-0.6806169356674041,0.9371635624606983,0.2823154422656361,22.314726936683094,0.9952402137183303,0.38469485060394154,-0.00761466875777932,None,None,-0.0000803400613709749,-0.48589669117165624,-0.7990378298376914,-0.4270461048602294,0.3770162430007721,-3.2884773096171585,1 days 15:04:36.923076922,false
XMR-USD,false,16,49,219,20.642201834862387,0.489159513390852,0.3002754820936639,0.0001,0.00003175723359209598,9.049586776859504,18.05785123966942,0.0009049586776859505,-1.8386854908085613,0,0,17424,726 days 01:00:00,1000.0,244.7971083361483,-75.52028916638517,34.915698157888286,100.0,219.14068980583437,77.51108615216907,722 days 11:00:00,218,1,11.624702028410923,20.680218971042212,-6.16848122907112,3.8601510571513007,-1.7769248649533216,4 days 20:34:40,1 days 01:29:28.786127167,-3.5175577692305593,-1.3212245646312697,-0.6542608724630021,0.9460316564443655,0.19776834901582901,22.890345146371153,0.9963566394057347,0.3856858846918489,-0.0076146687577793234,None,None,-0.00006886593445657423,-0.4165011715933609,-0.7552028916638558,-0.386432581258475,0.3793898864911581,-3.1629322382409053,1 days 20:17:36.880733944,false
XMR-USD,false,27,32,219,20.642201834862387,0.4905037055190618,0.3002754820936639,0.0001,0.00003175723359209598,9.049586776859504,18.05785123966942,0.0009049586776859505,-1.7905525061766756,0,0,17424,726 days 01:00:00,1000.0,251.89621868831114,-74.81037813116889,34.915698157888286,100.0,214.04626015969535,77.25286769562865,722 days 11:00:00,218,1,12.759969470357902,20.68021897104224,-6.9280260110262075,3.885715036064738,-1.7684502163184075,4 days 18:58:40,1 days 01:54:27.052023121,-3.4902006916607697,-1.2832732923178884,-0.6472123942346574,0.9476597239329568,0.2244225954372273,22.583258141736696,0.9981106732646389,0.3873407643312102,-0.007671714066057192,None,None,-0.00006713757250222357,-0.40604803849344817,-0.7481037813116914,-0.3803142519385444,0.3808065615462416,-3.1426000933126823,1 days 20:17:36.880733944,false
XMR-USD,false,28,31,219,20.642201834862387,0.49377489575043354,0.3002754820936639,0.0001,0.00003175723359209598,9.049586776859504,18.05785123966942,0.0009049586776859505,-1.7743148855606972,0,0,17424,726 days 01:00:00,1000.0,254.6408479128122,-74.53591520871879,34.915698157888286,100.0,215.79620107792917,77.00501782943657,722 days 11:00:00,218,1,12.899000478026267,20.680218971042216,-6.9280260110262075,3.891049927838945,-1.7636749985897635,4 days 18:54:40,1 days 01:54:06.242774566,-3.4782484062624515,-1.2714095929183065,-0.6457483619735106,0.9481188805305195,0.22484465564974754,22.584422074869213,0.9986150331230339,0.38711988536857184,-0.007671714066057187,None,None,-0.00006651603552622351,-0.4022889828625998,-0.7453591520871852,-0.377978997380103,0.3808016460756675,-3.134739361981778,1 days 20:16:30.825688072,false
XMR-USD,false,18,28,282,20.640569395017792,0.4476596239863248,0.38705234159779617,0.0001,0.00003175472214618122,11.652892561983471,23.264462809917354,0.0011652892561983472,-2.4891934681915453,0,0,17424,726 days 01:00:00,1000.0,164.20784788002584,-83.57921521199742,34.915698157888286,100.0,250.59595329349347,84.8315766156684,722 days 11:00:00,281,1,7.598189430405739,23.389151865388303,-5.914882632735085,3.1592754419684588,-1.597614306175033,3 days 15:38:16.551724137,0 days 20:08:20.448430493,-3.001389115837654,-1.7874804560655948,-0.7034704481978442,0.9278361221944977,0.338029278798342,22.323613350255734,1.00363337557863,0.37736147340131215,-0.00765091347101131,None,None,-0.00009206432403294322,-0.5568050317512406,-0.835792152119974,-0.46583796298500835,0.3748935867627618,-3.393743204963378,1 days 10:04:16.227758006,false
XMR-USD,false,13,78,190,20.634920634920633,0.47900480269781837,0.2603305785123967,0.0001,0.000031746031746031745,7.851239669421488,15.661157024793388,0.0007851239669421488,-1.580852283624524,0,0,17424,726 days 01:00:00,1000.0,287.92913496453605,-71.20708650354639,34.915698157888286,100.0,202.2440199391549,73.19323039468347,722 days 11:00:00,189,1,13.672916408247431,21.246964398202298,-5.166804431970888,3.7143724459805902,-1.7649103847682461,5 days 19:30:46.153846153,1 days 04:16:48,-3.8399141875328646,-1.137933308770304,-0.6356158636410488,0.9533886913845986,0.09819671099008528,23.171647437789588,0.9912820341685814,0.38911033163265296,-0.007555296026784084,None,None,-0.00005948151845966569,-0.3597442236440581,-0.7120708650354654,-0.35088030645830015,0.3804724203408118,-3.039400334530015,2 days 03:13:58.095238095,false
XMR-USD,false,14,70,190,20.634920634920633,0.48168132636920613,0.2603305785123967,0.0001,0.000031746031746031745,7.851239669421488,15.661157024793388,0.0007851239669421488,-1.6188867152768376,0,0,17424,726 days 01:00:00,1000.0,280.83332088952784,-71.91666791104721,34.915698157888286,100.0,202.2201517970571,73.93112246978542,722 days 11:00:00,189,1,13.335956854960159,20.60557174525707,-7.125563139087602,3.8166279191878245,-1.8052129546498665,5 days 15:26:09.230769230,1 days 05:14:48,-3.8756753225684277,-1.1641133282904674,-0.6382891853651774,0.9522593804598551,0.12829473738863312,23.388659737317354,0.9897637499056581,0.3884462151394423,-0.007573869459241541,None,None,-0.00006089633284062506,-0.36830102102010037,-0.7191666791104685,-0.35647798925846663,0.3807621961182587,-3.0597230387844765,2 days 03:09:31.428571427,false
XMR-USD,false,15,67,190,20.634920634920633,0.48062663292494573,0.2603305785123967,0.0001,0.000031746031746031745,7.851239669421488,15.661157024793388,0.0007851239669421488,-1.627260896516074,0,0,17424,726 days 01:00:00,1000.0,279.06750908740287,-72.09324909125971,34.915698157888286,100.0,202.46772461468592,74.0950372483637,722 days 11:00:00,189,1,13.252103593058962,20.60557174525708,-7.12556313908759,3.787786981200502,-1.8022611000543993,5 days 15:53:50.769230769,1 days 05:03:36,-3.884574574104,-1.1705682642266952,-0.6391336679247661,0.9519556938555986,0.12497270099364484,23.375539505959324,0.988689616360699,0.3881143949653469,-0.007569827638455849,None,None,-0.00006125136203864795,-0.37044823760974277,-0.7209324909125971,-0.35788530591888734,0.380870160759567,-3.0647803966357787,2 days 03:06:20.952380951,false
XMR-USD,false,25,87,127,20.634920634920633,0.6432576484619748,0.17355371900826447,0.0001,0.000031746031746031745,5.247933884297521,10.454545454545455,0.0005247933884297522,-0.6038665326678422,0,0,17424,726 days 01:00:00,1000.0,542.9936873341042,-45.70063126658959,34.915698157888286,100.0,179.53782135923169,51.05739145395841,635 days 19:00:00,126,1,27.740870301585915,20.398670625822778,-7.677465801481989,5.240563057166985,-1.9293079019955188,8 days 02:02:18.461538461,1 days 21:40:12,-3.847199864821273,-0.43335527691548686,-0.5177400472439654,0.9817968979964956,-0.06915678599317633,26.560860629864962,0.9853939556321424,0.39266304347826086,-0.007445281664846124,None,None,-0.00002285491290963359,-0.13822651327746396,-0.45700631266589964,-0.1909961681143857,0.3838781788107907,-2.3088849336459485,3 days 04:17:08.571428571,false
XMR-USD,false,27,81,127,20.634920634920633,0.6111790025764434,0.17355371900826447,0.0001,0.000031746031746031745,5.247933884297521,10.454545454545455,0.0005247933884297522,-0.7134834706829256,0,0,17424,726 days 01:00:00,1000.0,503.2038645536887,-49.67961354463114,34.915698157888286,100.0,172.87496934428762,53.44536459617948,635 days 19:00:00,126,1,23.70304898189613,20.693259147012707,-7.780175558306746,5.124292216254416,-1.9701058270826255,8 days 02:04:36.923076923,1 days 21:57:36,-4.130945908160384,-0.5124772569503232,-0.5462739769554741,0.9785417324877549,-0.07539023905609986,26.23387718735041,0.9859036772014694,0.39321979691372827,-0.00746192179860523,None,None,-0.00002712972658521311,-0.1640805863873689,-0.4967961354463104,-0.21208557040905496,0.3853263995747682,-2.422844627650882,3 days 04:31:25.714285713,false
XMR-USD,false,14,34,287,20.62937062937063,0.4583052057761321,0.3939393939393939,0.0001,0.000031737493275954816,11.859504132231406,23.677685950413224,0.0011859504132231407,-2.365147630046547,0,0,17424,726 days 01:00:00,1000.0,177.84183517626252,-82.21581648237375,34.915698157888286,100.0,262.26747299711604,83.22991553175056,722 days 11:00:00,286,1,8.229058292679838,23.46552052400139,-6.189806240949995,3.0639767528978794,-1.524275064254512,3 days 13:28:28.474576271,0 days 19:59:28.281938326,-2.903451829078382,-1.6964826419582029,-0.6971862364624155,0.9314083566055104,0.3417697974671234,22.243466092112232,1.0074019254498925,0.3780150257018584,-0.0076575730128034016,None,None,-0.00008746445003345888,-0.5289849938023593,-0.8221581648237384,-0.4508434870453445,0.3752667565485277,-3.354694902865611,1 days 09:29:59.999999999,false
XMR-USD,false,11,56,258,20.622568093385212,0.43580311356979523,0.35399449035812675,0.0001,0.00003172702783597725,10.661157024793388,21.280991735537192,0.0010661157024793389,-2.30588697775168,0,0,17424,726 days 01:00:00,1000.0,182.67354255769078,-81.73264574423092,34.915698157888286,100.0,226.84490153765054,83.04547244922728,722 days 11:00:00,257,1,8.452629994217546,24.360729949532008,-6.08568795822858,3.4309255851794265,-1.6851347273651391,4 days 08:33:57.735849056,0 days 20:10:17.647058823,-3.2131482001421268,-1.6588216087035603,-0.6918774235617389,0.9329774237118967,0.2814498328325064,22.402613457527217,0.9948802250784771,0.3843648208469055,-0.007617955658401894,None,None,-0.00008583804289187683,-0.519148483410071,-0.8173264574423094,-0.44571026702609473,0.3766500829388238,-3.3408566935891435,1 days 13:34:33.151750972,false
XMR-USD,false,12,78,195,20.618556701030926,0.4673276931408891,0.26721763085399447,0.0001,0.0000317208564631245,8.057851239669422,16.074380165289256,0.0008057851239669422,-1.6820930724758096,0,0,17424,726 days 01:00:00,1000.0,269.8019538098481,-73.01980461901519,34.915698157888286,100.0,202.7358951823194,74.92317503852713,722 days 11:00:00,194,1,12.484216681522923,20.60557174525708,-5.166804431970884,3.6797806121331442,-1.774744932180345,5 days 15:11:59.999999999,1 days 03:42:04.675324675,-3.8282590869674014,-1.211697995473842,-0.6438955960509894,0.9504072965645906,0.09778108562325066,23.329975139133275,0.9887977491836641,0.3886675167357348,-0.007555296026784021,None,None,-0.00006324703352377134,-0.38251805875176903,-0.7301980461901509,-0.36536670546586303,0.3799301118667308,-3.0913173292087897,2 days 01:51:57.525773194,false
XMR-USD,false,13,35,292,20.618556701030926,0.4507058940851423,0.40082644628099173,0.0001,0.0000317208564631245,12.066115702479339,24.09090909090909,0.001206611570247934,-2.463656033171421,0,0,17424,726 days 01:00:00,1000.0,166.81105635338713,-83.31889436466129,34.915698157888286,100.0,263.0097858900783,84.27009312790983,722 days 11:00:00,291,1,7.718644520480893,23.46552052400138,-6.189806240950007,3.0215390156240916,-1.5274519918947556,3 days 11:21:00,0 days 19:47:16.363636363,-2.889716797825062,-1.7684001604074617,-0.7043589539723297,0.9285442087265493,0.3398010910986054,22.29554574105769,1.007577531314173,0.3769261161596207,-0.007650913471011346,None,None,-0.00009114553781641465,-0.5512482127136757,-0.8331889436466126,-0.46291385692990217,0.37515678948080905,-3.3862875084981674,1 days 08:53:36.494845359,false
XMR-USD,false,13,73,195,20.618556701030926,0.4752260208984463,0.26721763085399447,0.0001,0.0000317208564631245,8.057851239669422,16.074380165289256,0.0008057851239669422,-1.6708174854272422,0,0,17424,726 days 01:00:00,1000.0,271.6844459334469,-72.83155540665531,34.915698157888286,100.0,204.01995031686894,74.78038387514113,722 days 11:00:00,194,1,12.901503417243816,20.60557174525709,-7.1255631390876015,3.7390798467845947,-1.7838404440803841,5 days 14:11:59.999999999,1 days 03:55:42.857142857,-3.8207064818752396,-1.2038028140613584,-0.6427015484532456,0.9507112538747785,0.0961569168464186,23.31798059262276,0.988731904921862,0.38855685712008925,-0.0075669948659230915,None,None,-0.00006284438500839115,-0.38008284053074964,-0.7283155540665528,-0.36383327756432415,0.37998729031302025,-3.085925794103044,2 days 01:50:24.742268040,false
XMR-USD,false,52,89,98,20.618556701030926,0.5416768500114689,0.13360881542699724,0.0001,0.0000317208564631245,4.049586776859504,8.057851239669422,0.00040495867768595046,-1.1201191091060891,0,0,17424,726 days 01:00:00,1000.0,384.778967198856,-61.52210328011441,34.915698157888286,100.0,140.14340109629032,67.11987107945136,630 days 14:00:00,97,1,18.27203299454129,18.623204355218704,-7.193138527540463,5.416422372724745,-2.592240414776429,10 days 18:45:00,2 days 07:49:05.454545454,-6.530856348409126,-0.8118312344377138,-0.5680990399087045,0.9659253559221992,-0.1776456936227698,27.00561594809567,0.9731562381873704,0.3811826252377933,-0.007468294324475343,None,None,-0.00004268818517845271,-0.258178143959282,-0.615221032801147,-0.2821527711527029,0.3827364988827486,-2.7620184193915396,4 days 01:39:35.257731958,false
XMR-USD,false,55,85,98,20.618556701030926,0.5361486727570618,0.13360881542699724,0.0001,0.0000317208564631245,4.049586776859504,8.057851239669422,0.00040495867768595046,-1.1768783047544438,0,0,17424,726 days 01:00:00,1000.0,370.3498811550429,-62.965011884495716,34.915698157888286,100.0,139.75328104938293,68.35734589317566,630 days 14:00:00,97,1,17.586837703871026,18.623204355218682,-7.19313852754047,5.418685237172807,-2.64058753406965,10 days 18:36:00,2 days 07:38:57.662337662,-6.6725459438023575,-0.8538170920333729,-0.5750395995958069,0.9641361938124868,-0.18643586926401076,27.070700245729846,0.9713657091170596,0.38030735107731306,-0.007468294324475242,None,None,-0.000044886312877891174,-0.27147242028548585,-0.6296501188449612,-0.2916128369579025,0.38265468264347474,-2.8033439171048173,4 days 01:29:41.443298968,false
XMR-USD,false,63,76,98,20.618556701030926,0.5516842922973825,0.13360881542699724,0.0001,0.0000317208564631245,4.049586776859504,8.057851239669422,0.00040495867768595046,-1.1336237109084877,0,0,17424,726 days 01:00:00,1000.0,383.90680889922976,-61.609319110077024,34.915698157888286,100.0,145.58006403034878,67.18576965332693,630 days 14:00:00,97,1,18.23061673589484,18.623204355218675,-7.193138527540466,5.410818870072958,-2.593853526184408,11 days 00:27:00,2 days 05:48:18.701298701,-6.5394206993470725,-0.820893144225182,-0.5685917491305605,0.9655124930622927,-0.1374401564952832,27.013284605062424,0.9721642492775451,0.37910565888405223,-0.007451445542635821,None,None,-0.00004294379883742902,-0.2597240953687707,-0.6160931911007674,-0.28271793797784495,0.38077793603295035,-2.764516316743276,4 days 01:14:13.608247421,false
XMR-USD,false,65,74,98,20.618556701030926,0.5476974999012306,0.13360881542699724,0.0001,0.0000317208564631245,4.049586776859504,8.057851239669422,0.00040495867768595046,-1.1235086086531718,0,0,17424,726 days 01:00:00,1000.0,386.4762172463378,-61.35237827536621,34.915698157888286,100.0,144.9823389540107,66.77182758784357,630 days 14:00:00,97,1,18.352630458309477,18.623204355218697,-7.1931385275404685,5.361102641039197,-2.5729053233508625,11 days 00:38:59.999999999,2 days 05:47:31.948051948,-6.514189826927536,-0.8134356138176458,-0.5690077692621945,0.9658275231255314,-0.13632764344459858,26.998069154708528,0.9722771226121826,0.37932399271748596,-0.007446826610916541,None,None,-0.00004255839327227317,-0.2573931625107081,-0.6135237827536673,-0.28105533006485595,0.3808202072428533,-2.757157425234106,4 days 01:16:04.948453607,false
XMR-USD,false,66,72,98,20.618556701030926,0.5565022254540112,0.13360881542699724,0.0001,0.0000317208564631245,4.049586776859504,8.057851239669422,0.00040495867768595046,-1.072825079628614,0,0,17424,726 days 01:00:00,1000.0,399.8203573068081,-60.017964269319194,34.915698157888286,100.0,146.32417565108872,65.97201061900701,630 days 14:00:00,97,1,18.986304822695104,18.62320435521868,-7.1931385275404605,5.316932698668271,-2.519510843589694,10 days 18:30:00,2 days 07:17:55.324675324,-6.383154098101935,-0.7762713815643307,-0.5597293181629599,0.9673451358803483,-0.13268151480588414,27.01627574623295,0.9732017139472653,0.37910565888405223,-0.007446826610916504,None,None,-0.00004061185656449845,-0.2456205085020866,-0.6001796426931901,-0.2725347083793266,0.3808002391437996,-2.7189392575774605,4 days 01:11:45.154639173,false
XMR-USD,false,66,73,98,20.618556701030926,0.5457611154496336,0.13360881542699724,0.0001,0.0000317208564631245,4.049586776859504,8.057851239669422,0.00040495867768595046,-1.1318917392078818,0,0,17424,726 days 01:00:00,1000.0,384.3062326051405,-61.569376739485946,34.915698157888286,100.0,144.29676359599466,66.86872311611796,630 days 14:00:00,97,1,18.249584204897417,18.623204355218682,-7.193138527540476,5.361102641039195,-2.580120269815818,11 days 00:38:59.999999999,2 days 05:48:18.701298701,-6.53549847010059,-0.8195425434021213,-0.5708043660275829,0.9655795972964369,-0.13624785375650716,26.991761181625687,0.972229039431411,0.37932399271748596,-0.007446826610916496,None,None,-0.00004288021549684821,-0.25933954332493797,-0.6156937673948621,-0.2824590037045811,0.38084074001773793,-2.7633723507709944,4 days 01:16:42.061855668,false
XMR-USD,false,68,71,98,20.618556701030926,0.5454111494080316,0.13360881542699724,0.0001,0.0000317208564631245,4.049586776859504,8.057851239669422,0.00040495867768595046,-1.1334708365561763,0,0,17424,726 days 01:00:00,1000.0,383.9180649531585,-61.60819350468415,34.915698157888286,100.0,144.1613578701321,66.90218728834338,630 days 14:00:00,97,1,18.231151253127564,18.623204355218682,-7.193138527540463,5.361102641039198,-2.581432674260925,11 days 00:38:59.999999999,2 days 05:47:31.948051948,-6.539310168040918,-0.820687255604578,-0.5709882581991642,0.9655281010959863,-0.13621336169469322,26.995163283981626,0.9723801059879251,0.3792148171600443,-0.007446826610916492,None,None,-0.00004293888940346563,-0.25969440311216013,-0.6160819350468412,-0.282710638611527,0.380829920765729,-2.7644840789404466,4 days 01:16:04.948453607,false
XMR-USD,false,69,70,98,20.618556701030926,0.5454111494080316,0.13360881542699724,0.0001,0.0000317208564631245,4.049586776859504,8.057851239669422,0.00040495867768595046,-1.1334708365561763,0,0,17424,726 days 01:00:00,1000.0,383.9180649531585,-61.60819350468415,34.915698157888286,100.0,144.1613578701321,66.90218728834338,630 days 14:00:00,97,1,18.231151253127564,18.623204355218682,-7.193138527540463,5.361102641039198,-2.581432674260925,11 days 00:38:59.999999999,2 days 05:47:31.948051948,-6.539310168040918,-0.820687255604578,-0.5709882581991642,0.9655281010959863,-0.13621336169469322,26.995163283981626,0.9723801059879251,0.3792148171600443,-0.007446826610916492,None,None,-0.00004293888940346563,-0.25969440311216013,-0.6160819350468412,-0.282710638611527,0.380829920765729,-2.7644840789404466,4 days 01:16:04.948453607,false
XMR-USD,false,5,15,753,20.611702127659576,0.3329098035647124,1.0358126721763086,0.0001,0.00003171031096563012,31.115702479338843,62.1900826446281,0.0031115702479338845,-6.147920256185561,0,0,17424,726 days 01:00:00,1000.0,12.088878370395946,-98.7911121629604,34.915698157888286,100.0,373.80144092762237,98.8292108708379,725 days 02:00:00,752,1,0.03801572741292425,15.368985863521784,-11.805396837296527,1.6428349815331404,-1.1479991408829875,1 days 05:55:44.516129032,0 days 07:50:57.286432160,-1.3137621507407116,-4.581604150659001,-0.9019256783447996,0.8209233796588976,-0.36167219058159417,37.142419229101996,1.023683768571527,0.34670376381482343,-0.007910642653857252,None,None,-0.00024120407253813684,-1.4588022307106516,-0.9879111216296041,-0.7840167264965313,0.3831995734890456,-3.8294182094319984,0 days 12:24:00.957446807,false
XMR-USD,false,6,16,690,20.609579100145137,0.3105501816343663,0.9490358126721763,0.0001,0.00003170704476945406,28.51239669421488,56.98347107438017,0.002851239669421488,-6.063160845739555,0,0,17424,726 days 01:00:00,1000.0,12.862278024242869,-98.71377219757571,34.915698157888286,100.0,348.82413952149784,98.75129529727815,725 days 02:00:00,689,1,0.040447826530895625,16.682556582211625,-11.805396837296518,1.6423315263618894,-1.2024950027690053,1 days 08:56:37.183098591,0 days 08:37:17.659963436,-1.4327694772166755,-4.529176923144766,-0.8991537404143345,0.8232165023338897,-0.43130890290403373,37.04388899295352,1.014128406393618,0.3501472183480551,-0.007887120226823535,None,None,-0.0002377174954435135,-1.4377154124423697,-0.9871377219757572,-0.7793175279453206,0.3820320548468472,-3.8272031609161425,0 days 13:38:03.309143685,false
XMR-USD,false,13,71,200,20.603015075376884,0.47226941833238617,0.2741046831955923,0.0001,0.00003169694626981059,8.264462809917356,16.487603305785125,0.0008264462809917356,-1.667696150194634,0,0,17424,726 days 01:00:00,1000.0,272.1166939275988,-72.78833060724011,34.915698157888286,100.0,209.92065596241528,74.74025964776472,722 days 11:00:00,199,1,12.922029616137934,20.60557174525709,-6.168481229071113,3.5795688726926955,-1.7227118885796706,5 days 12:04:23.414634146,1 days 02:53:55.443037974,-3.722639877831853,-1.1990978959311756,-0.6424909812364618,0.9508444308806884,0.13305560613344855,23.412566629604687,0.9898614366615943,0.3883355907895786,-0.007573869459241608,None,None,-0.00006271153670469198,-0.3792793739899771,-0.7278833060724037,-0.36348215986236,0.3806718357223052,-3.0846878180150465,2 days 00:34:04.221105526,false
XMR-USD,false,13,53,239,20.588235294117645,0.4782310914647686,0.3278236914600551,0.0001,0.00003167420814479638,9.87603305785124,19.710743801652892,0.000987603305785124,-1.972418344113865,0,0,17424,726 days 01:00:00,1000.0,226.44110127554688,-77.35588987244532,34.915698157888286,100.0,226.0944661657416,79.01004354065519,722 days 11:00:00,238,1,10.753028690595642,25.97721423628425,-6.399618215274421,3.7626249510080116,-1.7165950712920572,4 days 14:12:14.693877551,0 days 22:32:41.904761904,-3.2954282664497834,-1.4152211310990028,-0.6658197590047407,0.9425141340786848,0.2851032636189554,22.16209577615043,0.9971103970504657,0.3857960871639891,-0.007617955658401982,None,None,-0.00007344514842327747,-0.44419625766398213,-0.7735588987244555,-0.40280931953119137,0.3777432848498662,-3.215504599754617,1 days 16:35:32.773109242,false
XMR-USD,false,83,89,69,20.588235294117645,0.5545732065995502,0.09366391184573003,0.0001,0.00003167420814479638,2.8512396694214877,5.661157024793389,0.0002851239669421488,-0.9308056442615809,0,0,17424,726 days 01:00:00,1000.0,420.6284281496453,-57.937157185035474,34.915698157888286,100.0,104.89510070042083,62.73887366905796,630 days 14:00:00,68,1,16.50251599303448,34.645865794483015,-9.102289379868976,7.453253404707032,-3.37116546688745,14 days 06:12:51.428571428,3 days 14:25:33.333333333,-8.76285423299102,-0.6861033397519807,-0.5626025731449514,0.9706332456353174,-1.0146176997743364,42.03815421329523,0.9611822900635653,0.38315605651690754,-0.007477302977569985,None,None,-0.000036946327463392226,-0.2234513884985962,-0.5793715718503596,-0.25961108844864333,0.39195813823499787,-2.6593440842295197,5 days 19:05:17.647058823,false
XMR-USD,false,84,88,69,20.588235294117645,0.5546983972940854,0.09366391184573003,0.0001,0.00003167420814479638,2.8512396694214877,5.661157024793389,0.0002851239669421488,-0.9305615356553967,0,0,17424,726 days 01:00:00,1000.0,420.6994739261946,-57.93005260738053,34.915698157888286,100.0,104.91231763758955,62.738873669057995,630 days 14:00:00,68,1,16.505303332133053,34.645865794483036,-9.102289379868981,7.454468653953607,-3.371165466887452,14 days 06:08:34.285714285,3 days 14:25:33.333333333,-8.761850432440271,-0.6859233773540221,-0.5625150062240657,0.9706407227956517,-1.0146235232857603,42.03816528396101,0.9609886087094309,0.38315605651690754,-0.007477302977569913,None,None,-0.000036936635907385445,-0.22339277396786716,-0.5793005260738049,-0.2595676859631282,0.39195813113187383,-2.6591406061944305,5 days 19:04:24.705882352,false
XMR-USD,false,85,87,69,20.588235294117645,0.5546983972940854,0.09366391184573003,0.0001,0.00003167420814479638,2.8512396694214877,5.661157024793389,0.0002851239669421488,-0.9305615356553967,0,0,17424,726 days 01:00:00,1000.0,420.6994739261946,-57.93005260738053,34.915698157888286,100.0,104.91231763758955,62.738873669057995,630 days 14:00:00,68,1,16.505303332133053,34.645865794483036,-9.102289379868981,7.454468653953607,-3.371165466887452,14 days 06:08:34.285714285,3 days 14:25:33.333333333,-8.761850432440271,-0.6859233773540221,-0.5625150062240657,0.9706407227956517,-1.0146235232857603,42.03816528396101,0.9609886087094309,0.38315605651690754,-0.007477302977569913,None,None,-0.000036936635907385445,-0.22339277396786716,-0.5793005260738049,-0.2595676859631282,0.39195813113187383,-2.6591406061944305,5 days 19:04:24.705882352,false
XMR-USD,false,2,11,1342,20.581655480984338,0.3257457212614411,1.8471074380165289,0.0001,0.00003166408535536052,55.45454545454545,110.86776859504133,0.005545454545454545,-8.236776694602677,0,0,17424,726 days 01:00:00,1000.0,2.2962874963819786,-99.7703712503618,34.915698157888286,100.0,518.8866348751794,99.77737512252438,725 days 02:00:00,1341,1,0.0072211033025149085,14.515260847724099,-11.023510959526487,1.3295127495669645,-0.9036112996375131,0 days 17:15:39.130434782,0 days 04:13:54.929577464,-0.7440051704749611,-6.276966337830139,-0.9549936733957437,0.7647088768732015,-0.6087288376531932,35.03126229998215,1.0472073570573888,0.3460795674005407,-0.008230806214155041,None,None,-0.0003360695074684206,-2.0325483811690077,-0.9977037125036179,-0.8786484982890518,0.3897061452517954,-3.857464593696555,0 days 06:54:48.590604025,false
XMR-USD,false,12,41,278,20.577617328519857,0.44049090419769665,0.38154269972451793,0.0001,0.00003165787281310747,11.487603305785123,22.933884297520663,0.0011487603305785125,-2.323976298011467,0,0,17424,726 days 01:00:00,1000.0,183.51662906482966,-81.64833709351703,34.915698157888286,100.0,243.85967915403444,82.6947952505364,722 days 11:00:00,277,1,8.491641107694505,23.46552052400138,-6.399618215274412,3.19078256497111,-1.563072059766354,3 days 17:25:15.789473684,0 days 20:27:32.727272727,-2.978249140948964,-1.6673212743720358,-0.6936191353915117,0.932544704705822,0.3466645247542798,22.409946123139264,1.004114350447579,0.37965162311955664,-0.007600759458310078,None,None,-0.00008572575238623258,-0.5184693504319347,-0.8164833709351712,-0.44482368455139154,0.3742397877507061,-3.3384420590504713,1 days 10:38:59.350180504,false
XMR-USD,false,6,32,453,20.575221238938052,0.39549652304524957,0.6225895316804407,0.0001,0.00003165418652144316,18.71900826446281,37.396694214876035,0.0018719008264462811,-3.605636219331169,0,0,17424,726 days 01:00:00,1000.0,73.0844141454163,-92.69155858545837,34.915698157888286,100.0,325.9726991013748,93.1689462697525,722 days 11:00:00,452,1,3.3817459412343,18.966464643100238,-11.520637103641048,2.279059978946813,-1.2992988791215268,2 days 08:45:09.677419354,0 days 11:31:35.264623955,-2.0581799376013676,-2.6489324141416097,-0.7852184898059551,0.8934397537068542,-0.4152463291429189,36.867528238360805,1.0091108538550746,0.366452321204517,-0.007693690548250077,None,None,-0.00013818388007466004,-0.835736106691544,-0.9269155858545828,-0.5966818564740581,0.3797033683182363,-3.654724478551409,0 days 20:49:54.690265485,false
XMR-USD,false,9,39,351,20.57142857142857,0.4264800090730018,0.4820936639118457,0.0001,0.00003164835164835165,14.50413223140496,28.96694214876033,0.001450413223140496,-2.961887472089444,0,0,17424,726 days 01:00:00,1000.0,120.4525745876582,-87.95474254123418,34.915698157888286,100.0,287.6540244093046,88.66416864105858,722 days 11:00:00,350,1,5.573555045711231,23.46552052400137,-6.189806240950011,2.734461763206019,-1.4412848800147688,3 days 01:16:39.999999999,0 days 15:17:41.870503597,-2.528917087023006,-2.133525528276231,-0.7386679929568811,0.9143237462210693,0.32462914829717154,22.5188762321874,1.0140223973546363,0.3718312076838293,-0.00763316283913918,None,None,-0.00010985243986663212,-0.6643875563133911,-0.8795474254123427,-0.5203077111287367,0.37477430534493383,-3.51906011283246,1 days 03:13:22.285714285,false
XMR-USD,false,15,54,215,20.5607476635514,0.49535329240935316,0.29476584022038566,0.0001,0.00003163191948238677,8.884297520661157,17.727272727272727,0.0008884297520661157,-1.8389125771448585,0,0,17424,726 days 01:00:00,1000.0,244.69612721095518,-75.53038727890448,34.915698157888286,100.0,213.086737136451,77.45074452379241,722 days 11:00:00,214,1,11.61990672874893,21.45633105132489,-6.168481229071114,4.067299752944916,-1.8360151724227523,4 days 23:21:49.090909090,1 days 01:51:10.588235294,-3.583755979055111,-1.3210936183138182,-0.654902589011424,0.9460404221080733,0.2016747222088377,22.85591121342826,0.993830092915595,0.3856858846918489,-0.007614668757779364,None,None,-0.00006888189361374403,-0.4165976925759239,-0.7553038727890462,-0.38652044176485667,0.37951542091712376,-3.163221452349518,1 days 21:04:45.981308410,false
XMR-USD,false,15,58,215,20.5607476635514,0.4439634958485073,0.29476584022038566,0.0001,0.00003163191948238677,8.884297520661157,17.727272727272727,0.0008884297520661157,-1.9963560701961667,0,0,17424,726 days 01:00:00,1000.0,218.77478232904252,-78.12252176709575,34.915698157888286,100.0,204.07448744363157,79.75068750506983,722 days 11:00:00,214,1,10.388977521798779,20.680218971042212,-6.1684812290711255,3.6328906422488956,-1.800558581401392,5 days 00:43:38.181818181,1 days 01:34:56.470588235,-3.699131753237186,-1.4409588812393905,-0.6698374865308331,0.9412016103116722,0.10840160173824671,23.554766799342367,0.9910653113733293,0.3857960871639891,-0.007614106571059715,None,None,-0.00007526221450573633,-0.4551858733306933,-0.7812252176709575,-0.4099058797849632,0.3801748200346088,-3.237461253497691,1 days 21:08:41.495327102,false
XMR-USD,false,13,83,181,20.555555555555554,0.4942601765100076,0.24793388429752067,0.0001,0.00003162393162393162,7.479338842975207,14.917355371900827,0.0007479338842975207,-1.5160068341117592,0,0,17424,726 days 01:00:00,1000.0,300.0577201586568,-69.99422798413431,34.915698157888286,100.0,200.51566035828372,72.06403522317954,722 days 11:00:00,180,1,14.248867610719344,21.246964398202294,-5.570763989160817,3.8779580872921584,-1.8138698170581562,6 days 02:27:34.054054054,1 days 05:57:54.125874125,-3.9677285969559084,-1.091066514953355,-0.6300220535712705,0.9553136474043884,0.0969825466844139,23.074433933531044,0.986878161146896,0.3915508704679764,-0.0075668739141353455,None,None,-0.00005708951827204294,-0.3452774065093157,-0.6999422798413468,-0.3415173849054839,0.38085801127831104,-3.004663566159308,2 days 05:54:39.999999998,false
XMR-USD,false,11,36,327,20.552147239263803,0.42024960013979834,0.4490358126721763,0.0001,0.00003161868806040585,13.512396694214877,26.983471074380166,0.0013512396694214878,-2.9074256077291443,0,0,17424,726 days 01:00:00,1000.0,124.12275388644628,-87.58772461135538,34.915698157888286,100.0,272.4043285983749,88.39672576897001,722 days 11:00:00,326,1,5.743380775210653,23.46552052400138,-6.189806240950001,2.7856210228721294,-1.4971303160388307,3 days 04:57:18.805970149,0 days 16:57:41.003861003,-2.704357751192524,-2.0940264050763613,-0.7349678929085112,0.9159256515345612,0.3277233853563193,22.21361035833827,1.0103230576483617,0.3731284475965327,-0.007657573012803504,None,None,-0.00010807506777508261,-0.6536380099036996,-0.8758772461135538,-0.5152842490436429,0.37566549532601284,-3.5085485679044695,1 days 05:17:29.079754600,false
XMR-USD,false,3,17,911,20.549450549450547,0.32569477870065466,1.2534435261707988,0.0001,0.000031614539306846996,37.64462809917355,75.24793388429752,0.0037644628099173555,-7.026908550480089,0,0,17424,726 days 01:00:00,1000.0,6.1774391212678665,-99.38225608787322,34.915698157888286,100.0,423.144740134522,99.40208200595966,725 days 02:00:00,910,1,0.019426106752730377,15.064284734460054,-11.805396837296529,1.4618674749110685,-1.0665433461890699,1 days 01:49:24.705882352,0 days 06:11:02.240663900,-1.0921340516323965,-5.281437265290351,-0.9280345460542434,0.7967446070527134,-0.4163320970937123,36.753952070385225,1.0252779347809995,0.34462535689482215,-0.008016969682160573,None,None,-0.000279585681672362,-1.6909342027544454,-0.9938225608787313,-0.8289129268857334,0.38531928446870484,-3.8463488153227834,0 days 10:13:11.208791208,false
XMR-USD,false,10,49,293,20.54794520547945,0.433725913970242,0.4022038567493113,0.0001,0.00003161222339304531,12.107438016528926,24.173553719008265,0.0012107438016528927,-2.4685083065676263,0,0,17424,726 days 01:00:00,1000.0,167.5265959503787,-83.24734040496213,34.915698157888286,100.0,252.3185127288254,84.21949200018763,722 days 11:00:00,292,1,7.751753811377085,23.465520524001395,-6.189806240950011,3.0051694500784305,-1.5159897793958268,3 days 16:52:00,0 days 18:26:22.758620689,-2.877483417332187,-1.771246084374805,-0.7037425714602644,0.9285318824109174,0.3591037132877407,22.47680475605923,1.0070403192327142,0.37910565888405223,-0.007595606630086884,None,None,-0.000090979985022728,-0.550246949417459,-0.8324734040496213,-0.4621153390749648,0.3738736881194065,-3.38423817357221,1 days 08:54:39.452054793,false
XMR-USD,false,15,52,220,20.54794520547945,0.4907656172575816,0.30165289256198347,0.0001,0.00003161222339304531,9.090909090909092,18.140495867768596,0.0009090909090909092,-1.8369748015111949,0,0,17424,726 days 01:00:00,1000.0,245.1338050963675,-75.48661949036325,34.915698157888286,100.0,219.14909743764582,77.22358079275484,722 days 11:00:00,219,1,11.64069077737156,21.129352502655216,-6.168481229071113,3.896426115556807,-1.7739164303102188,4 days 21:34:40,1 days 01:01:43.448275862,-3.5000314414657696,-1.3201777132804489,-0.6562555357486632,0.9460603594390324,0.1969356293769261,22.916411007157063,0.9954319087249354,0.3854655323209032,-0.007608808267455932,None,None,-0.00006879328019251676,-0.41606175860434136,-0.7548661949036326,-0.386139802853548,0.3792901508285695,-3.1619679248289363,1 days 20:02:44.383561643,false
XMR-USD,false,15,53,220,20.54794520547945,0.4930163686876765,0.30165289256198347,0.0001,0.00003161222339304531,9.090909090909092,18.140495867768596,0.0009090909090909092,-1.840108012604565,0,0,17424,726 days 01:00:00,1000.0,244.70719318467604,-75.5292806815324,34.915698157888286,100.0,220.40473170196375,77.44972477136987,722 days 11:00:00,219,1,11.620432219625968,21.456331051324902,-6.168481229071113,3.9236815635132523,-1.7811917444217302,4 days 21:40:00,1 days 01:01:02.068965517,-3.5018869362326455,-1.32183783563239,-0.6548967469553527,0.9459906477404226,0.20133668490177103,22.904684386914386,0.9961494256379434,0.3853553824137382,-0.007608808267455844,None,None,-0.00006888991025597758,-0.4166461772281524,-0.7552928068153268,-0.38651081245373464,0.3793458913009432,-3.1631897589442457,1 days 20:03:17.260273971,false
XMR-USD,false,29,30,220,20.54794520547945,0.4913170989836671,0.30165289256198347,0.0001,0.00003161222339304531,9.090909090909092,18.140495867768596,0.0009090909090909092,-1.786858305713916,0,0,17424,726 days 01:00:00,1000.0,252.5333398579828,-74.74666601420172,34.915698157888286,100.0,216.04074203704837,77.19533336813484,722 days 11:00:00,219,1,12.792243264368295,20.68021897104221,-6.928026011026202,3.891049927838943,-1.7582948196822552,4 days 18:54:40,1 days 01:45:51.724137931,-3.4715018420382884,-1.280442260889583,-0.64687167884832,0.9477695200457016,0.22504904488647576,22.57967660225071,0.9988317479404084,0.38711988536857184,-0.0076717140660571255,None,None,-0.00006699180249715451,-0.4051664215027905,-0.7474666601420158,-0.3797706854890627,0.38081987657952515,-3.1407753519977852,1 days 20:04:55.890410958,false
XMR-USD,false,12,84,186,20.54054054054054,0.4908366734021769,0.2548209366391185,0.0001,0.0000316008316008316,7.685950413223141,15.330578512396695,0.0007685950413223141,-1.553810792084836,0,0,17424,726 days 01:00:00,1000.0,293.02010374933843,-70.69798962506616,34.915698157888286,100.0,203.28047549438597,72.68444373752311,722 days 11:00:00,185,1,13.55856181022051,21.246964398202305,-6.070947836557041,3.8501070739262655,-1.7970568996441425,5 days 22:34:44.210526315,1 days 05:04:53.877551020,-3.894802476004764,-1.1188155495549708,-0.6335536997930702,0.9541840660727201,0.09483289927626133,23.176284337392673,0.9867241393898837,0.39088441890166026,-0.007549268901077616,None,None,-0.000058477536440832364,-0.3536721403941541,-0.7069798962506608,-0.346919452841287,0.38044205501175604,-3.0248195898982417,2 days 04:23:40.540540539,false
XMR-USD,false,12,85,186,20.54054054054054,0.48796991412099733,0.2548209366391185,0.0001,0.0000316008316008316,7.685950413223141,15.330578512396695,0.0007685950413223141,-1.568268837071236,0,0,17424,726 days 01:00:00,1000.0,290.18764991541923,-70.98123500845807,34.915698157888286,100.0,203.86630797093213,72.94848723171104,722 days 11:00:00,185,1,13.427499129229034,21.246964398202287,-6.070947836557043,3.7968952048746374,-1.7903892596367506,5 days 22:53:41.052631578,1 days 05:02:02.448979591,-3.9094045903449137,-1.129235793546721,-0.6348631583576776,0.9537813831827863,0.0952892559459836,23.160937454408288,0.9868852694917045,0.39099544982837064,-0.00753688608718691,None,None,-0.000059031266126753045,-0.3570210975346024,-0.7098123500845802,-0.34911754965861963,0.38050065349479784,-3.0329318545337958,2 days 04:25:17.837837836,false
XMR-USD,false,12,37,298,20.53872053872054,0.43860567403650913,0.4090909090909091,0.0001,0.0000315980315980316,12.31404958677686,24.586776859504134,0.001231404958677686,-2.5343460505228084,0,0,17424,726 days 01:00:00,1000.0,158.77966298282172,-84.12203370171783,34.915698157888286,100.0,259.3606012428022,85.0274354320343,722 days 11:00:00,297,1,7.347017652413996,23.46552052400138,-6.18980624095002,2.99501070906134,-1.5217294129021315,3 days 10:29:30.491803278,0 days 19:14:44.745762711,-2.8571291403016565,-1.8204318025329502,-0.709797064828916,0.9265364129034824,0.3331709239298249,22.203994532074823,1.0097943563682488,0.376164902858948,-0.007662399020550799,None,None,-0.00009394708902618707,-0.5681919944303794,-0.8412203370171769,-0.4720340955283947,0.37563569818818243,-3.409289750453197,1 days 08:14:08.484848483,false
XMR-USD,false,13,34,303,20.52980132450331,0.43412701077245575,0.41597796143250687,0.0001,0.00003158430973000509,12.520661157024794,25.0,0.0012520661157024795,-2.6750936246051453,0,0,17424,726 days 01:00:00,1000.0,144.93588474196088,-85.50641152580391,34.915698157888286,100.0,260.63419628636746,86.33287253702622,722 days 11:00:00,302,1,6.706441389679952,23.465520524001388,-6.189806240950014,2.9414053209645523,-1.5336777571192541,3 days 10:02:54.193548387,0 days 18:42:29.999999999,-2.8535448895619857,-1.9236094267592119,-0.719650240115339,0.9225490768530148,0.33238600630112447,22.253908089469228,1.0069982470205374,0.376164902858948,-0.007655345219876761,None,None,-0.0000991988850714798,-0.5999548569123099,-0.8550641152580387,-0.48848940452377054,0.37535986880617583,-3.4489389024714656,1 days 07:42:42.913907283,false
XMR-USD,false,13,74,191,20.526315789473685,0.4778563721159881,0.26170798898071623,0.0001,0.00003157894736842105,7.892561983471075,15.743801652892563,0.0007892561983471075,-1.6441386442085408,0,0,17424,726 days 01:00:00,1000.0,276.5758194705361,-72.34241805294639,34.915698157888286,100.0,201.79717371999232,74.32633299083355,722 days 11:00:00,190,1,13.133780506890844,20.60557174525708,-7.125563139087605,3.814149987511909,-1.8034090202229978,5 days 17:50:46.153846153,1 days 04:27:48.874172185,-3.876620847559765,-1.1842559617294652,-0.6403310337943778,0.9515094748964084,0.097133645280222,23.31888323273889,0.988961262346205,0.38877819399059543,-0.007566994865923053,None,None,-0.00006182144568470151,-0.3738961035010747,-0.7234241805294641,-0.35988105785688473,0.37997193576419047,-3.0719166984951873,2 days 02:54:56.842105261,false
XMR-USD,false,16,62,191,20.526315789473685,0.480584482809511,0.26170798898071623,0.0001,0.00003157894736842105,7.892561983471075,15.743801652892563,0.0007892561983471075,-1.61265663046688,0,0,17424,726 days 01:00:00,1000.0,281.94081180827925,-71.80591881917208,34.915698157888286,100.0,201.76502707736495,73.96369957041064,722 days 11:00:00,190,1,13.388548374595132,20.60557174525706,-7.125563139087607,3.9094316804136358,-1.812928929110976,5 days 13:33:50.769230769,1 days 05:23:50.463576158,-3.849724929296399,-1.1609582430528427,-0.6365938885396569,0.9522881211638027,0.11217445482830805,23.484309887239302,0.9882751850976985,0.38778273335457153,-0.007566873914135379,None,None,-0.000060687222106720016,-0.36703631930144265,-0.718059188191722,-0.355598287058115,0.3804859315997705,-3.056551139102725,2 days 02:46:44.210526314,false
XMR-USD,false,12,35,313,20.51282051282051,0.4237754284878004,0.4297520661157025,0.0001,0.00003155818540433925,12.933884297520661,25.826446280991735,0.001293388429752066,-2.809746691937602,0,0,17424,726 days 01:00:00,1000.0,132.27781235288376,-86.77221876471162,34.915698157888286,100.0,260.41667453800903,87.63437255980162,722 days 11:00:00,312,1,6.120729847401719,23.46552052400138,-6.189806240950016,2.8909185213647253,-1.531301059261792,3 days 07:27:11.250000,0 days 18:03:37.741935483,-2.8007785817131987,-2.022269892994097,-0.7283669859315051,0.9187002055319604,0.3284149367799201,22.18340655203163,1.010318421263904,0.3739946380697051,-0.007662399020550734,None,None,-0.00010441421724111924,-0.6314971858742892,-0.8677221876471172,-0.5044595570706579,0.3758187685420148,-3.4851921440129563,1 days 06:39:13.846153844,false
XMR-USD,false,12,34,318,20.50473186119874,0.4256979762197351,0.4366391184573003,0.0001,0.00003154574132492114,13.140495867768596,26.239669421487605,0.0013140495867768596,-2.7920112704546796,0,0,17424,726 days 01:00:00,1000.0,134.36798010935672,-86.56320198906432,34.915698157888286,100.0,267.40072997866343,87.43897897637041,722 days 11:00:00,317,1,6.217445630234579,23.4655205240014,-6.189806240950005,2.863912058082324,-1.5056333528171921,3 days 05:51:41.538461538,0 days 17:48:20,-2.750313771359233,-2.0083514407705203,-0.726721412849358,0.9191640718304188,0.3349317488656352,22.295886882150587,1.011138690797614,0.3733448928121059,-0.00764162859955751,None,None,-0.00010354800783784171,-0.6262583514032667,-0.8656320198906422,-0.5017556886208643,0.3752839404908477,-3.47920581732683,1 days 06:07:11.545741324,false
XMR-USD,false,17,56,201,20.5,0.4703519797955144,0.27548209366391185,0.0001,0.00003153846153846154,8.305785123966942,16.570247933884296,0.0008305785123966942,-1.7585289738327914,0,0,17424,726 days 01:00:00,1000.0,256.7778437738798,-74.32221562261202,34.915698157888286,100.0,207.3200460788142,76.2854910527508,722 days 11:00:00,200,1,12.193632276367993,20.680218971042216,-7.125563139087607,3.7747876907865803,-1.794164965676891,5 days 07:36:35.121951219,1 days 03:49:26.037735849,-3.777078942512446,-1.2664796882721832,-0.6490644402998629,0.948101110698221,0.1220087127556687,23.572733406751766,0.9910192679726253,0.3867886987664147,-0.007581889598690185,None,None,-0.00006609224696995424,-0.3997259096742833,-0.7432221562261214,-0.37617209921320094,0.379848339625837,-3.128618917672161,2 days 00:16:47.999999998,false
XMR-USD,false,11,79,206,20.48780487804878,0.4517370741019149,0.28236914600550966,0.0001,0.00003151969981238274,8.512396694214877,16.983471074380166,0.0008512396694214877,-1.8018265558900046,0,0,17424,726 days 01:00:00,1000.0,249.02722542297977,-75.09727745770203,34.915698157888286,100.0,207.8457687695014,76.8540885105133,722 days 11:00:00,205,1,11.522933017638763,20.60557174525708,-6.070947836557036,3.513605265572655,-1.7279717937409516,5 days 10:01:25.714285714,1 days 01:46:44.907975460,-3.7194912565593072,-1.299116816479411,-0.6543064589126423,0.9469225074786267,0.09650170125336902,23.306869550369562,0.9867581557513768,0.38822498406628425,-0.0075668739141353265,None,None,-0.00006783582819831966,-0.41027108894343733,-0.7509727745770192,-0.38277314904853965,0.3800746212439085,-3.1508170083872655,1 days 23:08:11.707317073,false
XMR-USD,false,6,19,621,20.483870967741936,0.32158194529892953,0.8539944903581267,0.0001,0.0000315136476426799,25.66115702479339,51.28099173553719,0.002566115702479339,-5.372810899651873,0,0,17424,726 days 01:00:00,1000.0,21.00636671937093,-97.8993633280629,34.915698157888286,100.0,341.92725740907326,97.97610171118939,725 days 02:00:00,620,1,0.42259284969209077,16.505653339608433,-11.805396837296529,1.779791949507863,-1.2242812675223533,1 days 13:40:09.448818897,0 days 09:18:59.148073022,-1.579703590532775,-3.9955810877512468,-0.8742769412763495,0.8423565323039258,-0.429825278384505,37.10758857628816,1.0185126251105399,0.3521378133002251,-0.007813543523126515,None,None,-0.0002095880044885531,-1.2675882511467693,-0.9789936332806299,-0.7383571007880351,0.3818074675239456,-3.803878154902227,0 days 15:07:27.096774192,false
XMR-USD,false,62,88,84,20.481927710843372,0.5585404171336507,0.11432506887052342,0.0001,0.00003151065801668211,3.4710743801652892,6.900826446280992,0.00034710743801652895,-1.0172340296379248,0,0,17424,726 days 01:00:00,1000.0,413.21719328946574,-58.67828067105343,34.915698157888286,100.0,126.77982228798824,64.2028559685444,630 days 14:00:00,83,1,19.120295107989477,18.30344267305923,-7.716344835621481,6.053101418228785,-2.8312571635747226,12 days 09:17:38.823529411,2 days 18:28:10.909090909,-7.300037371307514,-0.7368173153925972,-0.5587400537691982,0.9689777293480266,-0.15246177794960775,26.800747876117775,0.972008310236312,0.3797608678438514,-0.007441978715800714,None,None,-0.000038653719726769,-0.2337776969074989,-0.5867828067105334,-0.2641652260347559,0.3818470276175948,-2.680570166625656,4 days 17:44:49.156626505,false
XMR-USD,false,62,89,84,20.481927710843372,0.5688973333278612,0.11432506887052342,0.0001,0.00003151065801668211,3.4710743801652892,6.900826446280992,0.00034710743801652895,-0.9726951462197722,0,0,17424,726 days 01:00:00,1000.0,425.7646335546972,-57.42353664453028,34.915698157888286,100.0,129.24821791171235,63.25017149916111,630 days 14:00:00,83,1,19.700887504959326,18.303442673059205,-7.716344835621487,6.051909471424171,-2.7862634266647204,12 days 09:21:10.588235294,2 days 18:23:38.181818181,-7.155858481328458,-0.7043793776414486,-0.5517939123428675,0.9703145409000961,-0.15280523683983105,26.82756719215453,0.9721350184627632,0.3798701298701298,-0.007437458523433935,None,None,-0.00003694300324905099,-0.22343128365026038,-0.5742353664453024,-0.25648558788874,0.38175392413909404,-2.644633780051078,4 days 17:41:55.662650601,false
XMR-USD,false,63,87,84,20.481927710843372,0.5600841162717072,0.11432506887052342,0.0001,0.00003151065801668211,3.4710743801652892,6.900826446280992,0.00034710743801652895,-1.0074797121253771,0,0,17424,726 days 01:00:00,1000.0,415.9045216858967,-58.40954783141032,34.915698157888286,100.0,127.6176191216441,64.22475040839171,630 days 14:00:00,83,1,19.24464257664829,18.303442673059234,-7.716344835621472,6.018669029652634,-2.8130591213175995,12 days 09:21:10.588235294,2 days 18:24:32.727272727,-7.2691580830210984,-0.7296971842179244,-0.5552903578320615,0.9692680520739859,-0.15243208556367668,26.79825813580987,0.9725029892523733,0.37954239569313597,-0.007441978715800702,None,None,-0.00003828113562143788,-0.23152430823845632,-0.5840954783141052,-0.2625077703185852,0.3818564112941,-2.672873547230337,4 days 17:42:39.036144577,false
XMR-USD,false,64,88,84,20.481927710843372,0.5754490190493338,0.11432506887052342,0.0001,0.00003151065801668211,3.4710743801652892,6.900826446280992,0.00034710743801652895,-0.9206375703358775,0,0,17424,726 days 01:00:00,1000.0,440.76236050367015,-55.923763949632985,34.915698157888286,100.0,129.89225952583135,61.37512502987703,630 days 14:00:00,83,1,20.394859028580186,17.256207945979867,-6.6073846522327,6.029757895840116,-2.730015355955992,12 days 10:21:10.588235294,2 days 18:13:38.181818181,-6.983524078613366,-0.6660864263816283,-0.5500300605946562,0.9719203318568379,-0.1461501089670357,26.77917498568879,0.9733374204473403,0.38030735107731306,-0.007440889575559845,None,None,-0.00003494764649116014,-0.21136336597853653,-0.5592376394963283,-0.24749771485095184,0.381896162804283,-2.601679671325675,4 days 17:46:15.903614457,false
XMR-USD,false,65,87,84,20.481927710843372,0.5802528294074348,0.11432506887052342,0.0001,0.00003151065801668211,3.4710743801652892,6.900826446280992,0.00034710743801652895,-0.9030694444554364,0,0,17424,726 days 01:00:00,1000.0,445.91544380559185,-55.40845561944081,34.915698157888286,100.0,130.2925770500903,60.94871073075686,630 days 14:00:00,83,1,20.633301366045487,17.256207945979867,-6.607384652232698,6.093275470367679,-2.7280436081087807,12 days 10:28:14.117647058,2 days 18:14:32.727272727,-6.92431153687294,-0.6533199336281446,-0.5475087322825201,0.972455538691335,-0.14632106234866857,26.773689861420458,0.9736703488583461,0.38052606559974644,-0.007440889575559754,None,None,-0.00003427946602886352,-0.20732221054256655,-0.5540845561944084,-0.2444557136876545,0.3819144437021548,-2.5869210281542863,4 days 17:48:26.024096384,false
XMR-USD,false,65,89,84,20.481927710843372,0.5894010633088935,0.11432506887052342,0.0001,0.00003151065801668211,3.4710743801652892,6.900826446280992,0.00034710743801652895,-0.8739520644477041,0,0,17424,726 days 01:00:00,1000.0,454.32009075180554,-54.56799092481944,34.915698157888286,100.0,131.85066031399418,60.266982275714255,630 days 14:00:00,83,1,21.022199341492296,17.25620794597986,-7.68159414326432,6.168421301851704,-2.7176870304140235,12 days 10:35:17.647058823,2 days 18:06:21.818181818,-6.827736248068524,-0.6323366057124772,-0.5432748394203425,0.9733257000489689,-0.1481951824531563,26.717210051882393,0.973528391781591,0.3804166996751961,-0.007441978715800708,None,None,-0.00003319548143436542,-0.20076627171504205,-0.5456799092481932,-0.23954309609226943,0.3821101660540662,-2.562849772559717,4 days 17:43:22.409638553,false
XMR-USD,false,66,87,84,20.481927710843372,0.5845845837643282,0.11432506887052342,0.0001,0.00003151065801668211,3.4710743801652892,6.900826446280992,0.00034710743801652895,-0.8752239616415114,0,0,17424,726 days 01:00:00,1000.0,454.0609612301,-54.593903876990005,34.915698157888286,100.0,132.40506180213106,60.38455976400587,630 days 14:00:00,83,1,21.010208957242355,17.256207945979867,-7.681594143264305,6.020905455668926,-2.6840157422500877,12 days 10:28:14.117647058,2 days 18:08:10.909090909,-6.83071382803786,-0.6332642662792423,-0.5425364295926071,0.9732841411642689,-0.14808402069692259,26.74700050820647,0.9730815002854115,0.38052606559974644,-0.007441978715800806,None,None,-0.0000332349402288688,-0.20100491850419852,-0.5459390387698999,-0.23969366990149366,0.38200395908552276,-2.5635919302004835,4 days 17:43:22.409638553,false
XMR-USD,false,66,89,84,20.481927710843372,0.5725684790147435,0.11432506887052342,0.0001,0.00003151065801668211,3.4710743801652892,6.900826446280992,0.00034710743801652895,-0.9700836048514647,0,0,17424,726 days 01:00:00,1000.0,420.4437725204193,-57.95562274795807,34.915698157888286,100.0,130.61908523888164,63.229669553078146,630 days 14:00:00,83,1,19.45468179315418,17.25620794597986,-11.38814321999911,6.1478246455147625,-2.8205278279486325,12 days 12:00:00,2 days 17:46:21.818181818,-7.216998906900427,-0.7070254792491808,-0.5584614513848605,0.9700501257935339,-0.41351334829258257,30.30427686998823,0.969040918421713,0.38085426737459394,-0.00744272275476611,None,None,-0.000037427506970826965,-0.2263615621595615,-0.5795562274795806,-0.25972391857728105,0.38531310430059224,-2.6598729455697425,4 days 17:44:49.156626505,false
XMR-USD,false,67,85,84,20.481927710843372,0.5781211952768257,0.11432506887052342,0.0001,0.00003151065801668211,3.4710743801652892,6.900826446280992,0.00034710743801652895,-0.9167065172931036,0,0,17424,726 days 01:00:00,1000.0,441.80957701919465,-55.81904229808053,34.915698157888286,100.0,130.39821039229165,61.15241847738141,630 days 14:00:00,83,1,20.443315600920243,17.256207945979863,-7.681594143264325,6.034213166662026,-2.726312176517369,12 days 10:17:38.823529411,2 days 18:11:49.090909090,-6.9714908262858515,-0.6633970801901614,-0.5507400942256031,0.9720292419622583,-0.14808641088006314,26.772091609076437,0.9728390976106339,0.38030735107731306,-0.007437458523433929,None,None,-0.00003480940483298492,-0.21052728042989283,-0.5581904229808126,-0.24687764265557544,0.381927549552937,-2.598680400021435,4 days 17:44:05.783132529,false
XMR-USD,false,67,88,84,20.481927710843372,0.5738854200326075,0.11432506887052342,0.0001,0.00003151065801668211,3.4710743801652892,6.900826446280992,0.00034710743801652895,-0.9509387024182976,0,0,17424,726 days 01:00:00,1000.0,426.0897971618256,-57.39102028381744,34.915698157888286,100.0,131.06211287993673,62.69786393733002,630 days 14:00:00,83,1,19.71593340389012,17.209452191573675,-11.388143219999122,6.115977207550935,-2.7953662444320204,12 days 12:00:00,2 days 17:46:21.818181818,-7.152122123398366,-0.6929459517324227,-0.5562561152341363,0.9706332121421827,-0.4131485371219792,30.34413920436718,0.9692197666491531,0.38096370264701224,-0.0074419787158008155,None,None,-0.00003667012499230827,-0.22178091595348043,-0.5739102028381736,-0.25628854875493046,0.3851864247123901,-2.643702498065371,4 days 17:44:49.156626505,false
XMR-USD,false,67,89,84,20.481927710843372,0.5744922686610386,0.11432506887052342,0.0001,0.00003151065801668211,3.4710743801652892,6.900826446280992,0.00034710743801652895,-0.9525968271685129,0,0,17424,726 days 01:00:00,1000.0,425.72056728026837,-57.427943271973156,34.915698157888286,100.0,131.99373290582898,62.553196279370084,630 days 14:00:00,83,1,17.76048889648456,17.20945219157369,-11.388143219999112,6.041880793781003,-2.7714583783096893,12 days 12:14:07.058823529,2 days 17:37:16.363636363,-7.133011103809833,-0.6941720875696031,-0.5579962169819148,0.9705612878721642,-0.41328661064322764,30.371261145945674,0.9697528236590253,0.3804166996751961,-0.007441978715800745,None,None,-0.000036725939060099156,-0.2221184794354797,-0.5742794327197261,-0.25651229825311117,0.3850912996460969,-2.6447599876790324,4 days 17:40:28.915662649,false
XMR-USD,false,68,84,84,20.481927710843372,0.5850367027874539,0.11432506887052342,0.0001,0.00003151065801668211,3.4710743801652892,6.900826446280992,0.00034710743801652895,-0.8832666359471312,0,0,17424,726 days 01:00:00,1000.0,451.9360353724155,-54.80639646275844,34.915698157888286,100.0,131.73412319140934,60.25653777388435,630 days 14:00:00,83,1,20.911884855193023,17.25620794597989,-7.6815941432643084,6.063159254321776,-2.699902177378247,12 days 10:14:07.058823529,2 days 18:05:27.272727272,-6.855130716659971,-0.6389742954257843,-0.5463174742104425,0.9730363650056199,-0.14673042104913178,26.805732798271674,0.9742536748867785,0.3797608678438514,-0.007428272403563722,None,None,-0.00003351691684868198,-0.2027103131008286,-0.5480639646275856,-0.24093053382777951,0.3818023687764233,-2.569677805522453,4 days 17:38:18.795180722,false
XMR-USD,false,69,88,84,20.481927710843372,0.5672723306872381,0.11432506887052342,0.0001,0.00003151065801668211,3.4710743801652892,6.900826446280992,0.00034710743801652895,-0.9882320524184832,0,0,17424,726 days 01:00:00,1000.0,415.84135734133827,-58.41586426586617,34.915698157888286,100.0,131.37015851309116,63.49363193605279,630 days 14:00:00,83,1,17.34834155874296,17.2094521915737,-11.388143219999089,5.9728865841449235,-2.789933736405979,12 days 13:38:49.411764705,2 days 17:08:10.909090909,-7.2470720990048765,-0.7203513123103781,-0.5617617994365479,0.9694432531564435,-0.4143100736679358,30.446525150753303,0.9686350470262602,0.37997940920250256,-0.007441978715800753,None,None,-0.000038088046686034906,-0.2303565063571391,-0.5841586426586647,-0.26254664763954116,0.384859572790902,-2.67305445251905,4 days 17:34:41.927710842,false
XMR-USD,false,70,82,84,20.481927710843372,0.5915851659574778,0.11432506887052342,0.0001,0.00003151065801668211,3.4710743801652892,6.900826446280992,0.00034710743801652895,-0.8406465655815061,0,0,17424,726 days 01:00:00,1000.0,465.085719733828,-53.49142802661721,34.915698157888286,100.0,132.8810605685296,59.240858459946075,630 days 14:00:00,83,1,21.520344158557464,17.256207945979877,-7.681594143264318,6.103870480495063,-2.6679802092956675,12 days 10:17:38.823529411,2 days 17:59:05.454545454,-6.704031619575064,-0.6079204542690181,-0.5392388674997535,0.9743202243978597,-0.1459081560579863,26.838026901640273,0.9747266144810278,0.37965162311955664,-0.007402943331494331,None,None,-0.00003187836509545056,-0.19280035209728497,-0.5349142802661775,-0.23333637925212136,0.3816868770205867,-2.5320165670103387,4 days 17:33:58.554216866,false
XMR-USD,false,70,87,84,20.481927710843372,0.5703714390529069,0.11432506887052342,0.0001,0.00003151065801668211,3.4710743801652892,6.900826446280992,0.00034710743801652895,-0.9643198034350211,0,0,17424,726 days 01:00:00,1000.0,422.54037126026356,-57.745962873973646,34.915698157888286,100.0,131.6755075866832,62.77374683953836,630 days 14:00:00,83,1,17.62781540019853,17.20945219157369,-11.388143219999106,5.972886584144921,-2.7658507924770785,12 days 13:38:49.411764705,2 days 17:08:10.909090909,-7.169728242649816,-0.7027667554939308,-0.5599373418139203,0.9701848503489774,-0.41367774205720464,30.42079323427052,0.9689718665810915,0.38008870584508153,-0.007437644843583053,None,None,-0.00003716593246707666,-0.22477955956087964,-0.5774596287397387,-0.25844473028205894,0.3849388715275155,-2.653868200281926,4 days 17:34:41.927710842,false
XMR-USD,false,71,81,84,20.481927710843372,0.5922510139498548,0.11432506887052342,0.0001,0.00003151065801668211,3.4710743801652892,6.900826446280992,0.00034710743801652895,-0.8378769411442242,0,0,17424,726 days 01:00:00,1000.0,465.9445733392831,-53.405542666071696,34.915698157888286,100.0,132.99695181634652,59.151657606825246,630 days 14:00:00,83,1,21.560084843740867,17.25620794597988,-7.681594143264321,6.103870480495059,-2.665215632698767,12 days 10:17:38.823529411,2 days 17:59:05.454545454,-6.694162789210338,-0.6058940881666498,-0.5389844339478124,0.9744033471324792,-0.14575670028560442,26.837727578374114,0.9752163661955874,0.37954239569313597,-0.007402943331494202,None,None,-0.000031772328337919434,-0.19215904178773674,-0.534055426660721,-0.2328452810303444,0.3816895512046111,-2.529556774851604,4 days 17:33:58.554216866,false
XMR-USD,false,71,86,84,20.481927710843372,0.5721440946187165,0.11432506887052342,0.0001,0.00003151065801668211,3.4710743801652892,6.900826446280992,0.00034710743801652895,-0.9539565563195763,0,0,17424,726 days 01:00:00,1000.0,425.5017267368569,-57.449827326314306,34.915698157888286,100.0,131.73002543892298,62.512848293108355,630 days 14:00:00,83,1,17.75135916365025,17.20945219157367,-11.388143219999098,5.997052287753088,-2.7613982044847356,12 days 13:49:24.705882352,2 days 17:09:05.454545454,-7.135537740081848,-0.6951721720055647,-0.5586255034671187,0.970508572617398,-0.4135418394898426,30.418082921186546,0.9688917320132892,0.3804166996751961,-0.00743764484358302,None,None,-0.000036764811554163446,-0.22235358027958052,-0.5744982732631476,-0.25664497317249513,0.38494431461182305,-2.6453867560238096,4 days 17:37:35.421686746,false
XMR-USD,false,72,80,84,20.481927710843372,0.5895366472813407,0.11432506887052342,0.0001,0.00003151065801668211,3.4710743801652892,6.900826446280992,0.00034710743801652895,-0.8580125088803281,0,0,17424,726 days 01:00:00,1000.0,459.58314456894846,-54.04168554310515,34.915698157888286,100.0,132.72912534762483,59.70935016381361,630 days 14:00:00,83,1,21.26573021045715,17.25620794597988,-7.681594143264321,6.10387048049506,-2.68504831889463,12 days 10:17:38.823529411,2 days 18:00:54.545454545,-6.767260067969989,-0.6206187544974576,-0.5418072088702633,0.9737920642694783,-0.14674086366749006,26.805264783034453,0.974604403843427,0.37965162311955664,-0.007416129821413535,None,None,-0.00003255405719376985,-0.19688693790792006,-0.5404168554310576,-0.23649692440816095,0.3818019754223356,-2.5477761692958114,4 days 17:35:25.301204818,false
XMR-USD,false,72,85,84,20.481927710843372,0.5727987648709827,0.11432506887052342,0.0001,0.00003151065801668211,3.4710743801652892,6.900826446280992,0.00034710743801652895,-0.9542398100142454,0,0,17424,726 days 01:00:00,1000.0,425.4164083994999,-57.45835916005001,34.915698157888286,100.0,131.78196852084372,62.51470501856108,630 days 14:00:00,83,1,17.747799797484333,17.209452191573675,-11.388143219999083,6.011705963949261,-2.764890960458587,12 days 13:52:56.470588235,2 days 17:07:16.363636363,-7.136522787927525,-0.6953895555093252,-0.5587138543222399,0.9704972830288243,-0.41358461287254583,30.418110580017697,0.9682746159221616,0.38052606559974644,-0.007437644843583027,None,None,-0.00003677631368582731,-0.22242314517188355,-0.5745835916004938,-0.2566967105922079,0.38494437330839626,-2.645631111261878,4 days 17:36:52.048192770,false
XMR-USD,false,73,79,84,20.481927710843372,0.5902830738088531,0.11432506887052342,0.0001,0.00003151065801668211,3.4710743801652892,6.900826446280992,0.00034710743801652895,-0.8538337569218408,0,0,17424,726 days 01:00:00,1000.0,460.86522329012223,-53.913477670987774,34.915698157888286,100.0,132.86129549781444,59.59695312439287,630 days 14:00:00,83,1,21.325054275134505,17.25620794597988,-7.68159414326432,6.103870480495066,-2.6809299855824955,12 days 10:17:38.823529411,2 days 17:59:05.454545454,-6.752528084156776,-0.6175879566103282,-0.5412382206056607,0.9739161570037356,-0.14682402740012906,26.807142363299384,0.9747287695669425,0.37954239569313597,-0.007416129821413512,None,None,-0.00003239456993723027,-0.1959223589803687,-0.5391347767098843,-0.2357583312142173,0.3817959741741596,-2.544104242945159,4 days 17:33:58.554216866,false
XMR-USD,false,73,84,84,20.481927710843372,0.5678580545944047,0.11432506887052342,0.0001,0.00003151065801668211,3.4710743801652892,6.900826446280992,0.00034710743801652895,-0.9826913718541311,0,0,17424,726 days 01:00:00,1000.0,417.3984668861193,-58.26015331138807,34.915698157888286,100.0,130.80978199478852,63.221200811480195,630 days 14:00:00,83,1,17.413302072531053,17.20945219157368,-11.388143219999098,6.012222153934735,-2.7920275784277018,12 days 13:49:24.705882352,2 days 17:03:38.181818181,-7.22909439983629,-0.7162403364463548,-0.5622687955085363,0.9696146938354974,-0.41360633859405815,30.440269091394782,0.9675946632233394,0.38019801980198015,-0.007437644843583007,None,None,-0.00003787245174686006,-0.22905258816500965,-0.5826015331138839,-0.2615893765989711,0.38487755925017025,-2.668594826542963,4 days 17:33:15.180722890,false
XMR-USD,false,74,78,84,20.481927710843372,0.5902830738088531,0.11432506887052342,0.0001,0.00003151065801668211,3.4710743801652892,6.900826446280992,0.00034710743801652895,-0.8538337569218408,0,0,17424,726 days 01:00:00,1000.0,460.86522329012223,-53.913477670987774,34.915698157888286,100.0,132.86129549781444,59.59695312439287,630 days 14:00:00,83,1,21.325054275134505,17.25620794597988,-7.68159414326432,6.103870480495066,-2.6809299855824955,12 days 10:17:38.823529411,2 days 17:59:05.454545454,-6.752528084156776,-0.6175879566103282,-0.5412382206056607,0.9739161570037356,-0.14682402740012906,26.807142363299384,0.9747287695669425,0.37954239569313597,-0.007416129821413512,None,None,-0.00003239456993723027,-0.1959223589803687,-0.5391347767098843,-0.2357583312142173,0.3817959741741596,-2.544104242945159,4 days 17:33:58.554216866,false
XMR-USD,false,74,80,84,20.481927710843372,0.5798201422063907,0.11432506887052342,0.0001,0.00003151065801668211,3.4710743801652892,6.900826446280992,0.00034710743801652895,-0.9192456609557542,0,0,17424,726 days 01:00:00,1000.0,435.46136236100233,-56.45386376389977,34.915698157888286,100.0,131.99476543406954,61.69226191779562,630 days 14:00:00,83,1,20.149572408127938,17.256207945979884,-11.388143219999106,6.197365067188659,-2.7804819695122616,12 days 11:56:28.235294117,2 days 17:37:16.363636363,-7.044436265628029,-0.6696907883119816,-0.5537142063992083,0.9715870820381046,-0.4130510436169031,30.38153567293027,0.969968444666946,0.3804166996751961,-0.007431264234753399,None,None,-0.000035428955779326,-0.21427432455336365,-0.5645386376389957,-0.25065136219406037,0.38507202729824186,-2.6168619487033085,4 days 17:36:52.048192770,false
XMR-USD,false,75,77,84,20.481927710843372,0.5902830738088531,0.11432506887052342,0.0001,0.00003151065801668211,3.4710743801652892,6.900826446280992,0.00034710743801652895,-0.8538337569218408,0,0,17424,726 days 01:00:00,1000.0,460.86522329012223,-53.913477670987774,34.915698157888286,100.0,132.86129549781444,59.59695312439287,630 days 14:00:00,83,1,21.325054275134505,17.25620794597988,-7.68159414326432,6.103870480495066,-2.6809299855824955,12 days 10:17:38.823529411,2 days 17:59:05.454545454,-6.752528084156776,-0.6175879566103282,-0.5412382206056607,0.9739161570037356,-0.14682402740012906,26.807142363299384,0.9747287695669425,0.37954239569313597,-0.007416129821413512,None,None,-0.00003239456993723027,-0.1959223589803687,-0.5391347767098843,-0.2357583312142173,0.3817959741741596,-2.544104242945159,4 days 17:33:58.554216866,false
XMR-USD,false,75,79,84,20.481927710843372,0.5813676132044746,0.11432506887052342,0.0001,0.00003151065801668211,3.4710743801652892,6.900826446280992,0.00034710743801652895,-0.9155852326397134,0,0,17424,726 days 01:00:00,1000.0,436.5324968746246,-56.346750312537544,34.915698157888286,100.0,132.21521384561274,61.59803371767202,630 days 14:00:00,83,1,20.19913570881687,17.256207945979884,-11.388143219999112,6.213100548065201,-2.7804819695122625,12 days 12:00:00,2 days 17:37:16.363636363,-7.032128178725209,-0.6670215531871923,-0.5532402951492479,0.9717001845556638,-0.4131297709590395,30.381076680764338,0.9694752257650504,0.38063544885508277,-0.007431264234753414,None,None,-0.00003528787791751093,-0.2134210856451061,-0.5634675031253775,-0.2500121149052881,0.38507348841416045,-2.6137941752657596,4 days 17:37:35.421686746,false
XMR-USD,false,76,78,84,20.481927710843372,0.5812165546822988,0.11432506887052342,0.0001,0.00003151065801668211,3.4710743801652892,6.900826446280992,0.00034710743801652895,-0.9164831176441822,0,0,17424,726 days 01:00:00,1000.0,436.2694768268499,-56.37305231731501,34.915698157888286,100.0,132.2082006318183,61.642073656330766,630 days 14:00:00,83,1,20.186965303000136,17.256207945979884,-11.388143219999113,6.2131005480651975,-2.781370159072244,12 days 12:00:00,2 days 17:37:16.363636363,-7.03515046356808,-0.6676764744905442,-0.5531690149412726,0.9716725562331205,-0.4131107075606363,30.38120015790146,0.9694476607046939,0.38063544885508277,-0.007431264234753401,None,None,-0.00003532248988388865,-0.21363041881775854,-0.5637305231731538,-0.25016898890185546,0.38507309852676724,-2.614547475533695,4 days 17:37:35.421686746,false
XMR-USD,false,77,79,84,20.481927710843372,0.5739882984272939,0.11432506887052342,0.0001,0.00003151065801668211,3.4710743801652892,6.900826446280992,0.00034710743801652895,-0.962373802887953,0,0,17424,726 days 01:00:00,1000.0,423.1233768312586,-57.687662316874146,34.915698157888286,100.0,132.32611290923012,62.742685631953286,630 days 14:00:00,83,1,17.652137607688758,17.20945219157369,-11.388143219999101,6.016707920300321,-2.773546608864716,12 days 13:28:14.117647058,2 days 17:08:10.909090909,-7.162997117788308,-0.701329226610346,-0.5594978416964169,0.9702384610768315,-0.41371877045112354,30.42754651633711,0.9692271639525092,0.3798701298701298,-0.007431264234753444,None,None,-0.00003708804242380046,-0.2243084805791452,-0.5768766231687394,-0.2580897604045339,0.3849195041668801,-2.6521984482742225,4 days 17:32:31.807228914,false
XMR-USD,false,17,50,211,20.476190476190474,0.5090928565872205,0.2892561983471074,0.0001,0.0000315018315018315,8.71900826446281,17.396694214876035,0.000871900826446281,-1.667612535598975,0,0,17424,726 days 01:00:00,1000.0,273.864126001641,-72.6135873998359,34.915698157888286,100.0,212.69218196204739,74.76285295821053,722 days 11:00:00,210,1,13.005010078258977,20.680218971042226,-6.16848122907111,4.150794355843385,-1.8005084865100096,5 days 01:20:55.813953488,1 days 02:35:55.688622754,-3.5197184956029433,-1.1966201339226687,-0.6400558531106876,0.950998417734133,0.20255026981303242,22.829680495624014,0.9955856353453583,0.38711988536857184,-0.007608808267455861,None,None,-0.00006241198405596074,-0.3774676795704505,-0.7261358739983635,-0.36206641007378604,0.3796379567793889,-3.079683100463244,1 days 21:59:59.999999999,false
XMR-USD,false,25,89,128,20.47244094488189,0.6182898923126386,0.174931129476584,0.0001,0.000031496062992125985,5.289256198347108,10.537190082644628,0.0005289256198347108,-0.7097255431050279,0,0,17424,726 days 01:00:00,1000.0,506.2408820854137,-49.37591179145863,34.915698157888286,100.0,177.88244954625395,54.939666354689024,635 days 19:00:00,127,1,23.846105465329856,20.108847941567074,-8.039372144347565,5.119011520370176,-1.9452357975077752,8 days 05:16:09.230769230,1 days 20:14:51.089108910,-4.0756316801568255,-0.5094450255608601,-0.5275114658948094,0.9786182477505674,-0.0661438117554109,26.551364636738164,0.9882223524105617,0.3902186053933302,-0.0074452816648460755,None,None,-0.00002687260966581307,-0.16252554325883745,-0.4937591179145826,-0.21043828939055031,0.3839462783534104,-2.414146484145368,3 days 03:34:29.291338581,false
XMR-USD,false,26,84,128,20.47244094488189,0.612304576797096,0.174931129476584,0.0001,0.000031496062992125985,5.289256198347108,10.537190082644628,0.0005289256198347108,-0.7197101819389948,0,0,17424,726 days 01:00:00,1000.0,501.66716117023003,-49.833283882977,34.915698157888286,100.0,173.96435933550634,54.04954893472921,635 days 19:00:00,127,1,25.62954961946963,20.39867062582278,-7.780175558306747,5.192793384861557,-1.9746675352466005,8 days 01:53:04.615384615,1 days 21:19:00.594059405,-4.125688098025508,-0.5169651809593243,-0.5421802181682421,0.9783258619216039,-0.07435439786072477,26.35669648560221,0.9849025075609207,0.39221796100990736,-0.007461921798605208,None,None,-0.00002733461079560705,-0.16531972609183143,-0.4983328388297641,-0.212921553725959,0.3848659996415796,-2.4272458095390674,3 days 03:43:56.220472439,false
XMR-USD,false,16,51,216,20.46511627906977,0.5014587184788933,0.29614325068870523,0.0001,0.000031484794275491954,8.925619834710744,17.8099173553719,0.0008925619834710745,-1.7624728128355136,0,0,17424,726 days 01:00:00,1000.0,257.4453245375738,-74.25546754624261,34.915698157888286,100.0,217.77112524142186,76.27587955591878,722 days 11:00:00,215,1,12.225328994684503,21.456331051324895,-6.168481229071116,4.066487313603202,-1.795322561727232,4 days 23:05:27.272727272,1 days 01:50:10.526315789,-3.510604671893535,-1.2654172972939357,-0.6482818299363222,0.9482512753954435,0.2019076925000118,22.87542466718813,0.9952929710253947,0.3865679955438848,-0.007595606630086788,None,None,-0.00006597043810401693,-0.39898920965309437,-0.7425546754624265,-0.3756097361046392,0.3794665911191193,-3.1267072252274737,1 days 20:55:15.348837207,false
XMR-USD,false,9,10,700,20.457796852646638,0.3325788840012533,0.9628099173553719,0.0001,0.00003147353361945636,28.925619834710744,57.8099173553719,0.0028925619834710746,-6.101453473831288,0,0,17424,726 days 01:00:00,1000.0,12.649397180279948,-98.73506028197201,34.915698157888286,100.0,357.1291196324053,98.7670048420315,725 days 02:00:00,699,1,0.03977838310632187,16.682556582211635,-11.805396837296525,1.7418597919726304,-1.2133296223071746,1 days 07:29:47.412587412,0 days 08:42:05.179856115,-1.4125756526506819,-4.546207868027395,-0.8999587964695693,0.822055827085681,-0.3629023557104057,37.42152382196654,1.017678737809278,0.34691195795006574,-0.007887120226823537,None,None,-0.00023867156905530497,-1.4434856496464845,-0.9873506028197198,-0.7805921671407436,0.3821284241052362,-3.827812860435827,0 days 13:21:53.304721029,false
XMR-USD,false,14,80,177,20.454545454545457,0.5170123897654709,0.24242424242424243,0.0001,0.000031468531468531474,7.31404958677686,14.586776859504132,0.000731404958677686,-1.329112604252215,0,0,17424,726 days 01:00:00,1000.0,340.2735940612208,-65.97264059387791,34.915698157888286,100.0,201.7878891040359,68.3198581487918,722 days 11:00:00,176,1,16.158602387028452,21.24696439820229,-7.125563139087594,4.014095964393014,-1.7710019389653129,6 days 05:16:40,1 days 06:46:17.142857142,-3.8402557291239114,-0.9546789355206172,-0.6123869773391656,0.9607406281784255,0.1051888053950949,23.1687750730197,0.9897766937227187,0.39088441890166026,-0.007529929648075654,None,None,-0.00004989850366049427,-0.30178615013866933,-0.6597264059387784,-0.312134657074822,0.38044171123891823,-2.8894836441634526,2 days 07:00:40.909090908,false
XMR-USD,false,14,81,177,20.454545454545457,0.5136916799180709,0.24242424242424243,0.0001,0.000031468531468531474,7.31404958677686,14.586776859504132,0.000731404958677686,-1.3683404988485734,0,0,17424,726 days 01:00:00,1000.0,331.4780864844504,-66.85219135155495,34.915698157888286,100.0,201.32886416435574,69.27114658670537,722 days 11:00:00,176,1,15.740929337442424,21.246964398202284,-5.570763989160789,4.002233274771617,-1.7872041432445571,6 days 05:24:59.999999999,1 days 06:48:25.714285714,-3.887857061664735,-0.9830878583896371,-0.6149588373154143,0.9596123305590593,0.10523885516811003,23.145354488088078,0.9893798967315057,0.3912175648702595,-0.00753446886705486,None,None,-0.00005139560688137629,-0.3108406304185638,-0.6685219135155457,-0.3183587646979663,0.380532374013528,-2.914674340729213,2 days 07:04:05.454545453,false
XMR-USD,false,14,84,177,20.454545454545457,0.5021977393253031,0.24242424242424243,0.0001,0.000031468531468531474,7.31404958677686,14.586776859504132,0.000731404958677686,-1.4014305847587636,0,0,17424,726 days 01:00:00,1000.0,324.3129682415972,-67.56870317584028,34.915698157888286,100.0,195.50306653985376,69.7145869972549,722 days 11:00:00,176,1,15.40067873098053,21.246964398202305,-5.570763989160799,3.9831596238304603,-1.7977502381353718,6 days 08:03:19.999999999,1 days 06:09:25.714285714,-3.9266347186896797,-1.0071072853916765,-0.6200432119157621,0.9586653404001578,0.1052306974886165,23.145682868651654,0.9868039072606603,0.39188433580956944,-0.007536886087186832,None,None,-0.00005265015112820098,-0.3184281140233595,-0.6756870317584007,-0.32350931964236895,0.38052380328051644,-2.9351955349795835,2 days 07:05:27.272727271,false
XMR-USD,false,25,85,133,20.454545454545457,0.6197846650939525,0.18181818181818182,0.0001,0.000031468531468531474,5.4958677685950414,10.950413223140496,0.0005495867768595042,-0.7115480740266293,0,0,17424,726 days 01:00:00,1000.0,504.9946172306611,-49.500538276933895,34.915698157888286,100.0,183.3494208515519,53.59384008319695,635 days 19:00:00,132,1,25.79954519982317,20.69325914701271,-7.6774658014819765,5.033508851671718,-1.9028195710959448,7 days 22:20:00,1 days 18:49:08.571428571,-3.9454918785542565,-0.5110301696427892,-0.5423991140298688,0.9785928339221438,-0.07097774950967993,26.43629224816215,0.9851565663447921,0.39344262295081966,-0.007458196364188694,None,None,-0.00002698647937130995,-0.16321422723768259,-0.4950053827693287,-0.21111348183228562,0.3843772140183043,-2.4177158381050603,3 days 00:59:32.727272726,false
XMR-USD,false,57,89,89,20.454545454545457,0.5477937015441192,0.12121212121212122,0.0001,0.000031468531468531474,3.677685950413223,7.31404958677686,0.00036776859504132235,-1.0767427492367325,0,0,17424,726 days 01:00:00,1000.0,398.77626954890206,-60.12237304510979,34.915698157888286,100.0,130.80930518948188,65.59987884149258,630 days 14:00:00,88,1,18.936724134591145,18.192100306263402,-7.193138527540463,5.804217819793032,-2.74323445435533,11 days 18:46:40,2 days 14:11:08.571428571,-7.04727789301919,-0.7792244123979768,-0.5641676000966911,0.967254649388903,-0.13443299037153758,27.007112179579515,0.9722976871855091,0.37965162311955664,-0.007445281664846188,None,None,-0.00004076351141009434,-0.24653771700825058,-0.6012237304510974,-0.2731946324774114,0.38077373299323364,-2.7219295679908013,4 days 11:18:24.545454544,false
XMR-USD,false,58,88,89,20.454545454545457,0.5585860208716031,0.12121212121212122,0.0001,0.000031468531468531474,3.677685950413223,7.31404958677686,0.00036776859504132235,-1.0265858564760584,0,0,17424,726 days 01:00:00,1000.0,412.163939726262,-58.7836060273738,34.915698157888286,100.0,132.72046282393922,64.49719311504069,630 days 14:00:00,88,1,19.572465617504236,18.192100306263402,-7.193138527540471,5.852617472471106,-2.7078800565603416,11 days 18:53:20,2 days 14:07:42.857142857,-6.902369612400468,-0.7425671652499812,-0.5574650699420963,0.9687647401861645,-0.132087452899112,26.97438785438293,0.9730066208250122,0.3797608678438514,-0.007445281664846103,None,None,-0.000038859985017063245,-0.2350251893831985,-0.5878360602737366,-0.26481675780006464,0.38091215507965015,-2.6835867282835126,4 days 11:17:02.727272726,false
XMR-USD,false,62,84,89,20.454545454545457,0.5627758113240748,0.12121212121212122,0.0001,0.000031468531468531474,3.677685950413223,7.31404958677686,0.00036776859504132235,-1.030675320743464,0,0,17424,726 days 01:00:00,1000.0,410.82879427947455,-58.91712057205255,34.915698157888286,100.0,133.44549668908635,64.65046323225368,630 days 14:00:00,88,1,19.009779634170172,18.057665683864617,-6.592258619305262,5.88634323686256,-2.7189740159006064,11 days 21:30:00,2 days 13:24:00,-6.911147560848818,-0.7459203966331525,-0.5577580192877292,0.9686112640149313,-0.13946273589103678,26.987359532608558,0.9742732922805731,0.37910565888405223,-0.007441978715800739,None,None,-0.00003904191679570724,-0.23612551278043736,-0.5891712057205254,-0.2656442292703135,0.3809751012346717,-2.687410639925634,4 days 11:14:19.090909090,false
XMR-USD,false,63,83,89,20.454545454545457,0.5666155195883613,0.12121212121212122,0.0001,0.000031468531468531474,3.677685950413223,7.31404958677686,0.00036776859504132235,-1.0138397648221917,0,0,17424,726 days 01:00:00,1000.0,415.48692141027095,-58.4513078589729,34.915698157888286,100.0,133.76554416957688,64.2390679541742,630 days 14:00:00,88,1,19.22531946851825,18.05766568386462,-6.592258619305265,5.934646010829116,-2.714065387523972,11 days 21:26:40,2 days 13:22:17.142857142,-6.860663614298266,-0.7336700781000487,-0.5556722637096013,0.9691144615888122,-0.13962227806438987,26.998204833725698,0.9749842024798075,0.37888739416000633,-0.007440889575559822,None,None,-0.000038397152719327756,-0.23222597964649427,-0.5845130785897299,-0.26276487263581727,0.3809396322812035,-2.6740695716481717,4 days 11:12:16.363636362,false
XMR-USD,false,67,79,89,20.454545454545457,0.557540484681521,0.12121212121212122,0.0001,0.000031468531468531474,3.677685950413223,7.31404958677686,0.00036776859504132235,-1.0599648895784919,0,0,17424,726 days 01:00:00,1000.0,402.94588002896967,-59.70541199710303,34.915698157888286,100.0,131.55002936414385,65.00547051204775,630 days 14:00:00,88,1,18.645023159298546,18.05766568386461,-6.59225861930526,5.9476958862744596,-2.7603589809970024,11 days 21:23:20,2 days 13:17:08.571428571,-6.996581171935549,-0.7675836401918228,-0.5642459189673141,0.9676948971371837,-0.1450616599449752,27.03170013522386,0.9741691260120322,0.37834203448821385,-0.007428272403563724,None,None,-0.00004016183247726639,-0.24289876282250714,-0.5970541199710306,-0.27056589727383007,0.3808428046156822,-2.7099876315551823,4 days 11:07:29.999999999,false
XMR-USD,false,68,78,89,20.454545454545457,0.5590559040559961,0.12121212121212122,0.0001,0.000031468531468531474,3.677685950413223,7.31404958677686,0.00036776859504132235,-1.0494030884562902,0,0,17424,726 days 01:00:00,1000.0,405.8447677979552,-59.41552322020448,34.915698157888286,100.0,131.48575865913406,64.75371160708832,630 days 14:00:00,88,1,18.77915985672564,18.05766568386461,-6.592258619305265,5.962056733166029,-2.753952581040345,11 days 21:19:59.999999999,2 days 13:13:42.857142857,-6.9651635461223815,-0.7598720219535083,-0.5629092768994864,0.968005968128916,-0.14500521099055155,27.04586721463536,0.97428251801639,0.37812401138880103,-0.007416129821413496,None,None,-0.000039753433200159776,-0.24042876399456634,-0.5941552322020447,-0.2687487396943118,0.38079578389306223,-2.7016850973888116,4 days 11:04:05.454545453,false
XMR-USD,false,69,77,89,20.454545454545457,0.5603429363866824,0.12121212121212122,0.0001,0.000031468531468531474,3.677685950413223,7.31404958677686,0.00036776859504132235,-1.0376273010036343,0,0,17424,726 days 01:00:00,1000.0,409.0280395757891,-59.097196042421096,34.915698157888286,100.0,131.6002042659415,64.47725488270248,630 days 14:00:00,88,1,18.926455508478625,18.05766568386461,-6.592258619305266,5.960694661398646,-2.743041309321968,11 days 21:23:20,2 days 13:13:42.857142857,-6.930663817416914,-0.7513140244884605,-0.5614439611659977,0.968361223284019,-0.14520242948232642,27.047095812864242,0.9744362623259538,0.37823301431622236,-0.007416129821413521,None,None,-0.00003930531818624493,-0.2377185643904093,-0.5909719604242116,-0.26676305306671744,0.38079195543367056,-2.6925680756886035,4 days 11:04:46.363636363,false
XMR-USD,false,70,76,89,20.454545454545457,0.5618762743086746,0.12121212121212122,0.0001,0.000031468531468531474,3.677685950413223,7.31404958677686,0.00036776859504132235,-1.0337559870900945,0,0,17424,726 days 01:00:00,1000.0,410.0732270159692,-58.99267729840307,34.915698157888286,100.0,131.8142527896009,64.38648377792482,630 days 14:00:00,88,1,18.974818191890563,18.05766568386461,-6.592258619305262,5.975057788500782,-2.743041309321969,11 days 21:26:40,2 days 13:13:42.857142857,-6.919336263362737,-0.7485048957938256,-0.5609633794486384,0.968479265317405,-0.14528023813464203,27.046149608729777,0.974351290969552,0.37834203448821385,-0.007416129821413553,None,None,-0.000039158672830033265,-0.2368316532760412,-0.5899267729840355,-0.2661132787950192,0.38079502277140853,-2.6895746157398612,4 days 11:05:27.272727272,false
XMR-USD,false,21,25,270,20.44609665427509,0.45131280253328143,0.37052341597796146,0.0001,0.00003145553331426938,11.15702479338843,22.272727272727273,0.001115702479338843,-2.3072585190602366,0,0,17424,726 days 01:00:00,1000.0,185.0504019911467,-81.49495980088533,34.915698157888286,100.0,245.53566297905596,82.9062807832834,722 days 11:00:00,269,1,8.562611511288765,23.389151865388293,-6.399618215274416,3.2844571768499433,-1.5975555970719961,3 days 18:21:49.090909090,0 days 21:33:05.046728971,-3.061383678513538,-1.6534501102083197,-0.689693228943114,0.9330679536618258,0.34632396400510185,22.283602516268047,1.006479452003914,0.37790605725130466,-0.007633162839139287,None,None,-0.00008519772565642224,-0.5152758447700417,-0.8149495980088541,-0.44321757762196257,0.3750549057062587,-3.334049270112437,1 days 11:37:14.944237917,false
XMR-USD,false,17,45,226,20.444444444444446,0.4752942864780383,0.30991735537190085,0.0001,0.00003145299145299145,9.338842975206612,18.636363636363637,0.0009338842975206613,-1.9629999420850335,0,0,17424,726 days 01:00:00,1000.0,225.4865794849536,-77.45134205150464,34.915698157888286,100.0,220.08860594128808,79.09852293203417,722 days 11:00:00,225,1,10.707701229537435,20.68021897104221,-6.92802601102621,3.8025194921904917,-1.768568859363489,4 days 16:44:20.869565217,1 days 01:01:20.446927374,-3.489871652198155,-1.412608236598872,-0.6663460425661563,0.9424601517866329,0.1887167796505962,22.952377866587092,0.9929109731711327,0.3864576702737111,-0.00762456662241278,None,None,-0.0000735925301530117,-0.44508762236541477,-0.774513420515047,-0.4036842654823255,0.3792014109476128,-3.218238389542457,1 days 18:57:19.999999998,false
XMR-USD,false,17,46,226,20.444444444444446,0.4707610204333831,0.30991735537190085,0.0001,0.00003145299145299145,9.338842975206612,18.636363636363637,0.0009338842975206613,-1.9911773655755187,0,0,17424,726 days 01:00:00,1000.0,221.39368389122046,-77.86063161087795,34.915698157888286,100.0,218.49294685872255,79.47791386336762,722 days 11:00:00,225,1,10.513341532913842,20.680218971042216,-6.168481229071121,3.7739750576919384,-1.7721095597307643,4 days 16:54:46.956521739,1 days 00:56:58.994413407,-3.5071984784075276,-1.4330610283028347,-0.6686198436015794,0.9416130026945397,0.18902645388412206,22.973633109442858,0.9926421021605721,0.38601654470251356,-0.007617955658401972,None,None,-0.00007464716163067172,-0.4514660335423025,-0.778606316108785,-0.40746361454264335,0.37914606896931213,-3.229960611378678,1 days 18:55:59.999999998,false
XMR-USD,false,18,59,182,20.441988950276244,0.47720709374556924,0.2493112947658402,0.0001,0.00003144921376965576,7.520661157024794,15.0,0.0007520661157024794,-1.5812724474274664,0,0,17424,726 days 01:00:00,1000.0,287.81440632748377,-71.21855936725161,34.915698157888286,100.0,194.5151201243031,73.87377487304852,722 days 11:00:00,181,1,14.340244765089778,21.322008276614874,-7.125563139087602,3.979102342779307,-1.8521562727788377,5 days 17:09:43.783783783,1 days 07:33:45,-4.013954908495062,-1.1386668252244965,-0.6299054283000405,0.9531614469766025,0.11092701680897525,23.43682033300338,0.9842300550268854,0.38877819399059543,-0.007563437679931075,None,None,-0.0000595091537733611,-0.35991136202128793,-0.7121855936725131,-0.3509700920201555,0.3804039791507789,-3.0397289220797563,2 days 05:08:57.016574584,false
XMR-USD,false,23,89,138,20.437956204379564,0.6037047666356139,0.1887052341597796,0.0001,0.00003144300954519933,5.702479338842975,11.363636363636363,0.0005702479338842975,-0.741188642020354,0,0,17424,726 days 01:00:00,1000.0,497.00203517805693,-50.2997964821943,34.915698157888286,100.0,186.40025701391605,53.51233113308671,722 days 12:00:00,137,1,23.167012636660672,20.398670625822774,-7.430599770122931,4.699280172633311,-1.8075139362933639,7 days 16:00:00,1 days 16:56:41.834862385,-3.8406202734204697,-0.531700277480077,-0.5538137168071157,0.9777381580265373,-0.04909199433893855,26.626473593801187,0.9881035778465931,0.39177316293929715,-0.0074452816648460955,None,None,-0.000027984315557253957,-0.16924914049027193,-0.5029979648219445,-0.2154697209682226,0.38309434983881896,-2.4406069228442564,2 days 22:10:56.934306568,false
XMR-USD,false,16,64,187,20.43010752688172,0.48127559637805145,0.256198347107438,0.0001,0.00003143093465674111,7.7272727272727275,15.413223140495868,0.0007727272727272728,-1.5848419172530366,0,0,17424,726 days 01:00:00,1000.0,287.4771827512567,-71.25228172487434,34.915698157888286,100.0,199.71126077587013,73.31439358358179,722 days 11:00:00,186,1,13.65145451334945,20.605571745257077,-7.125563139087587,3.8806415909750496,-1.805263273455605,5 days 17:11:03.157894736,1 days 05:57:34.054054054,-3.904162751409096,-1.140158809413218,-0.635141232608034,0.9531211210680909,0.1227353560836057,23.490560263007115,0.9881608993944787,0.38778273335457153,-0.007566873914135359,None,None,-0.00005957981662126458,-0.3603387309254082,-0.7125228172487427,-0.3512341354100742,0.38035730305089244,-3.0406947443145067,2 days 03:51:56.129032257,false
XMR-USD,false,20,53,187,20.43010752688172,0.4821188258899312,0.256198347107438,0.0001,0.00003143093465674111,7.7272727272727275,15.413223140495868,0.0007727272727272728,-1.6416395738685075,0,0,17424,726 days 01:00:00,1000.0,276.7601022952524,-72.32398977047477,34.915698157888286,100.0,200.30214911550115,74.87518462468323,722 days 11:00:00,186,1,13.789468215879936,21.537394248526954,-7.125563139087587,3.970759463429377,-1.8510916572272729,5 days 14:48:56.842105263,1 days 06:33:14.594594594,-3.96252347269154,-1.1815131269452879,-0.6354028551339661,0.9515004544833773,0.1181216421037946,23.471879105360443,0.9879691130175838,0.38888888888888895,-0.0075698276384557365,None,None,-0.00006175449429731795,-0.37349118151017896,-0.723239897704746,-0.3597330530281392,0.38044156791492223,-3.0713889048824607,2 days 03:51:17.419354837,false
XMR-USD,false,17,58,192,20.418848167539267,0.47824542879588144,0.2630853994490358,0.0001,0.00003141361256544503,7.933884297520661,15.826446280991735,0.0007933884297520662,-1.6613070459304695,0,0,17424,726 days 01:00:00,1000.0,272.8352394188189,-72.7164760581181,34.915698157888286,100.0,203.0572966614878,75.23149123942292,722 days 11:00:00,191,1,13.593913396245853,20.680218971042223,-7.125563139087598,3.9336733804754034,-1.8287507910662792,5 days 13:09:13.846153846,1 days 05:05:31.578947368,-3.87831766480328,-1.1963415464511356,-0.6373791658617283,0.9508707850788837,0.11217022340438482,23.442412878481928,0.9884051581741005,0.38723031605763863,-0.007586227038464327,None,None,-0.00006256160237650053,-0.3783725711730752,-0.7271647605811815,-0.362899285886623,0.38063666788686706,-3.0826298740840077,2 days 02:20:25.130890051,false
XMR-USD,false,10,48,295,20.408163265306122,0.4212982922326376,0.4049586776859504,0.0001,0.000031397174254317116,12.190082644628099,24.338842975206614,0.0012190082644628099,-2.576626290516488,0,0,17424,726 days 01:00:00,1000.0,155.5975122542627,-84.44024877457373,34.915698157888286,100.0,247.57672673571108,85.34317627031245,722 days 11:00:00,294,1,7.199773873606517,23.465520524001402,-6.189806240950013,3.018539861077045,-1.5373684160159982,3 days 15:41:00,0 days 18:38:12.307692307,-2.896606332038584,-1.8525909689243085,-0.7118752775216713,0.9253845122813193,0.340961858971913,22.467328947781127,1.00512242247789,0.3794331855604814,-0.007615090235589427,None,None,-0.00009520641723294739,-0.5758084114248658,-0.8444024877457383,-0.4757309682465889,0.3740628892424025,-3.4184035614220325,1 days 08:43:40.408163264,false
XMR-USD,false,53,87,99,20.408163265306122,0.5360839941320135,0.1349862258953168,0.0001,0.000031397174254317116,4.090909090909091,8.140495867768596,0.0004090909090909091,-1.1640565940455612,0,0,17424,726 days 01:00:00,1000.0,373.0953296180272,-62.69046703819727,34.915698157888286,100.0,141.48178323870235,68.22794563673807,630 days 14:00:00,98,1,17.71721105890566,18.62320435521869,-7.193138527540466,5.3652604050668815,-2.5863620264234157,10 days 18:36:00,2 days 07:04:36.923076923,-6.577774300417121,-0.8444189539828557,-0.5728211725410065,0.9645600776902729,-0.1871665399016431,26.97053272417514,0.9725897141330656,0.3807448494453249,-0.007482015876363836,None,None,-0.0000444376491402333,-0.26875890200013103,-0.6269046703819698,-0.2897945486165321,0.38304610181953774,-2.7954808394410984,4 days 00:36:44.081632652,false
XMR-USD,false,54,86,99,20.408163265306122,0.536903350363162,0.1349862258953168,0.0001,0.000031397174254317116,4.090909090909091,8.140495867768596,0.0004090909090909091,-1.163159100105397,0,0,17424,726 days 01:00:00,1000.0,373.3979186367984,-62.660208136320165,34.915698157888286,100.0,141.08290705064277,68.20217775922548,630 days 14:00:00,98,1,17.73158013051841,18.62320435521869,-7.193138527540464,5.412918422982595,-2.5954493352413506,10 days 18:38:59.999999999,2 days 07:02:18.461538461,-6.574833280548166,-0.8438429344452842,-0.5726734928200334,0.964573032802483,-0.18709243578417556,26.98801049413298,0.9717982989657982,0.38085426737459394,-0.007482015876363813,None,None,-0.000044396859754247504,-0.2685122077936889,-0.6266020813631972,-0.28959468147631573,0.38295573608694333,-2.7946142120077795,4 days 00:35:30.612244897,false
XMR-USD,false,56,84,99,20.408163265306122,0.5307214922200849,0.1349862258953168,0.0001,0.000031397174254317116,4.090909090909091,8.140495867768596,0.0004090909090909091,-1.2177719171139156,0,0,17424,726 days 01:00:00,1000.0,360.56955950899237,-63.94304404910076,34.915698157888286,100.0,141.47966044540635,69.1885393638983,630 days 14:00:00,98,1,17.122398701098007,18.623204355218697,-7.193138527540468,5.345046582668865,-2.6233992305481424,10 days 18:30:00,2 days 06:51:32.307692307,-6.699518767266382,-0.8841048301201401,-0.5798546494798228,0.962878241443875,-0.19143905653107526,27.14530890235658,0.9703050696559743,0.3798701298701298,-0.007466933014796007,None,None,-0.00004644133437492738,-0.2808771902995608,-0.6394304404910107,-0.2981627216794003,0.3823480421497926,-2.831355161794309,4 days 00:25:06.122448978,false
XMR-USD,false,57,82,99,20.408163265306122,0.5346208112182546,0.1349862258953168,0.0001,0.000031397174254317116,4.090909090909091,8.140495867768596,0.0004090909090909091,-1.1735256510344887,0,0,17424,726 days 01:00:00,1000.0,371.35496318022274,-62.86450368197772,34.915698157888286,100.0,140.49492174106433,68.38394782525701,630 days 14:00:00,98,1,17.634566123280194,18.623204355218682,-7.193138527540473,5.3876269168234705,-2.597259718349277,10 days 18:38:59.999999999,2 days 06:49:13.846153846,-6.594689825949574,-0.8513659922221675,-0.5736058528533332,0.9642224728756541,-0.18677202736367107,27.11388433243373,0.9716596693518701,0.3798701298701298,-0.007466933014796003,None,None,-0.00004474014555375634,-0.27058840030911835,-0.6286450368197777,-0.2909461612796661,0.3825066929574808,-2.8004653207192174,4 days 00:25:06.122448979,false
XMR-USD,false,64,75,99,20.408163265306122,0.5506301989207888,0.1349862258953168,0.0001,0.000031397174254317116,4.090909090909091,8.140495867768596,0.0004090909090909091,-1.1344349106670462,0,0,17424,726 days 01:00:00,1000.0,383.7167190385205,-61.628328096147946,34.915698157888286,100.0,146.932153464256,67.20201748309003,630 days 14:00:00,98,1,18.221589921793964,18.623204355218675,-7.193138527540461,5.411252240231694,-2.5613760886346593,11 days 00:30:00,2 days 05:04:36.923076923,-6.474539498808909,-0.8214779232039598,-0.5686832138905112,0.9654827110213464,-0.13736165199482417,27.017414612300147,0.9723372552215416,0.37899651788540684,-0.00745144554263583,None,None,-0.000042972999432326,-0.25990070056670767,-0.6162832809614804,-0.28284122924546073,0.38076560880703764,-2.76506074194666,4 days 00:13:28.163265305,false
XMR-USD,false,67,72,99,20.408163265306122,0.543572232080124,0.1349862258953168,0.0001,0.000031397174254317116,4.090909090909091,8.140495867768596,0.0004090909090909091,-1.1417402070112772,0,0,17424,726 days 01:00:00,1000.0,381.81010317167625,-61.81898968283237,34.915698157888286,100.0,145.52905630975212,67.0839159711427,630 days 14:00:00,98,1,18.13105028476417,18.623204355218682,-7.1931385275404685,5.361102641039193,-2.55538372461176,11 days 00:38:59.999999999,2 days 05:06:55.384615384,-6.493070888909057,-0.8266941857706224,-0.5719878093572596,0.9652837153291878,-0.13605359546842785,26.99218998913461,0.9725369429960348,0.3792148171600443,-0.007446826610916445,None,None,-0.00004325424934695269,-0.26160170005036987,-0.6181898968283214,-0.2840800618310533,0.3808393722429544,-2.770521368448306,4 days 00:17:08.571428570,false
XMR-USD,false,5,33,501,20.4,0.37818617066185223,0.6887052341597796,0.0001,0.000031384615384615386,20.702479338842977,41.36363636363637,0.002070247933884298,-4.074559801345259,0,0,17424,726 days 01:00:00,1000.0,51.883439427856274,-94.81165605721438,34.915698157888286,100.0,336.0866615438187,95.1698920861177,722 days 11:00:00,500,1,2.4007391008611236,18.96646464310025,-11.465212964445211,2.121451313358673,-1.2686208318592378,2 days 04:05:17.647058823,0 days 10:17:56.381909547,-1.901034599346009,-3.0071966246899366,-0.8133353701999955,0.8798208506886566,-0.44008392331690893,36.35317624849029,1.0105079117002331,0.3642057464965161,-0.007758742498545591,None,None,-0.0001577134472016777,-0.9538509286757467,-0.9481165605721434,-0.6419014841023785,0.3817375162415834,-3.7154449448061273,0 days 18:49:26.399999998,false
XMR-USD,false,8,11,707,20.396600566572236,0.3264562882227169,0.9724517906336089,0.0001,0.00003137938548703421,29.214876033057852,58.388429752066116,0.0029214876033057855,-6.175921348654151,0,0,17424,726 days 01:00:00,1000.0,12.00658742891244,-98.79934125710875,34.915698157888286,100.0,354.05509763339603,98.829662476987,725 days 02:00:00,706,1,0.03775694823556108,15.368985863521779,-11.805396837296524,1.7213101779827606,-1.2078269927211902,1 days 07:12:05,0 days 08:37:21.992882562,-1.3994775772228376,-4.6041683118254,-0.9022983584476636,0.8200066146313046,-0.3647381842397617,37.47429202454086,1.0187406435287814,0.34618355995055616,-0.00790527341910987,None,None,-0.00024166837362948464,-1.461610323711123,-0.9879934125710857,-0.7845281642712928,0.3820556021723851,-3.8296538940833873,0 days 13:13:40.963172804,false
XMR-USD,false,5,32,511,20.392156862745097,0.38128372285874723,0.7024793388429752,0.0001,0.00003137254901960784,21.115702479338843,42.1900826446281,0.0021115702479338845,-4.134301236082879,0,0,17424,726 days 01:00:00,1000.0,49.77892116542512,-95.02210788345748,34.915698157888286,100.0,345.04929923780793,95.36581298932643,722 days 11:00:00,510,1,2.303359294572047,18.966464643100217,-11.465212964445199,2.1085287313317105,-1.2605835287350577,2 days 02:31:09.230769230,0 days 10:14:11.231527093,-1.8676949767238191,-3.052371521100775,-0.816545593418404,0.878119429795555,-0.43973117732860023,36.34030491494794,1.0125023214409785,0.36356522419594645,-0.007764233444702325,None,None,-0.00016008850317686982,-0.9682152672137087,-0.950221078834575,-0.6470113431645769,0.381751450113579,-3.72147237193336,0 days 18:27:03.529411763,false
XMR-USD,false,7,35,413,20.388349514563107,0.397939580599107,0.5674931129476584,0.0001,0.000031366691560866316,17.06611570247934,34.09090909090909,0.0017066115702479342,-3.390182454954998,0,0,17424,726 days 01:00:00,1000.0,83.85520124387847,-91.61447987561215,34.915698157888286,100.0,302.4529597989715,92.08106961578832,722 days 11:00:00,412,1,3.880129433529234,21.123879122043224,-11.595387641454275,2.4604346995914486,-1.3604109766361983,2 days 15:20:42.857142857,0 days 12:39:19.756097560,-2.2330702140525487,-2.4888471525388614,-0.7736360886810602,0.899510138954772,-0.43003401095772126,36.66144607434981,1.0088375738937163,0.369136481496032,-0.0076848567617323294,None,None,-0.0001302230164683575,-0.7875888036006261,-0.9161447987561216,-0.5769704537350417,0.3808443081329866,-3.623876499943744,0 days 22:59:25.048543687,false
XMR-USD,false,11,78,207,20.388349514563107,0.4528207959892832,0.2837465564738292,0.0001,0.000031366691560866316,8.553719008264464,17.06611570247934,0.0008553719008264464,-1.8028146268695058,0,0,17424,726 days 01:00:00,1000.0,248.6111127734838,-75.13888872265161,34.915698157888286,100.0,208.7030360763528,76.8927642277508,722 days 11:00:00,206,1,11.503678744617815,20.605571745257073,-6.070947836557033,3.518508916889603,-1.7200018748178474,5 days 09:54:17.142857142,1 days 01:37:19.024390243,-3.7033619707336567,-1.2996575021285288,-0.6545206896941967,0.9468984896881212,0.0978162783132778,23.245157701922164,0.9867494834031807,0.38800382348255535,-0.007573869459241505,None,None,-0.0000679141985445724,-0.4107450727975739,-0.7513888872265163,-0.38313131554026303,0.3803554173481384,-3.1520087721824903,1 days 22:53:00.582524270,false
XMR-USD,false,16,56,212,20.379146919431278,0.4551635557237496,0.290633608815427,0.0001,0.00003135253372220197,8.760330578512397,17.479338842975206,0.0008760330578512398,-1.8939052574692317,0,0,17424,726 days 01:00:00,1000.0,234.3807301939528,-76.56192698060472,34.915698157888286,100.0,205.58275386449444,78.30623530755439,722 days 11:00:00,211,1,11.130058554305833,20.680218971042212,-6.168481229071105,3.6842006150205013,-1.7729462526828659,5 days 01:33:29.302325581,1 days 02:21:04.285714285,-3.6812764377267952,-1.366049956975078,-0.6612270929490736,0.9441552591957945,0.10907722443953236,23.592426437028355,0.9918300404206439,0.38590630716614965,-0.007587215347123331,None,None,-0.00007131867888577194,-0.4313353699011487,-0.7656192698060488,-0.3956232385380771,0.38000967342459313,-3.19276517497639,1 days 21:45:12.796208529,false
XMR-USD,false,5,29,536,20.373831775700936,0.3620794452552298,0.7369146005509641,0.0001,0.000031344356578001437,22.14876033057851,44.25619834710744,0.0022148760330578513,-4.5267787678945925,0,0,17424,726 days 01:00:00,1000.0,37.55500886471884,-96.24449911352812,34.915698157888286,100.0,340.7048733190129,96.50178282120532,722 days 11:00:00,535,1,1.737737112438019,16.215830782267705,-11.805396837296518,1.9546327708633453,-1.255548384870328,1 days 22:31:22.568807339,0 days 10:08:52.394366197,-1.8022107070050868,-3.35991085266371,-0.8372227399522376,0.8663995316694645,-0.4925758876986028,36.47163899478933,1.0083340129760214,0.3615408657602751,-0.007758742498545543,None,None,-0.00017625018307203982,-1.0659611072196968,-0.9624449911352813,-0.6799004907203918,0.38182096114405584,-3.756482161070126,0 days 17:33:31.962616821,false
XMR-USD,false,4,16,806,20.372670807453417,0.3316066951600498,1.1088154269972452,0.0001,0.00003134257047300526,33.30578512396694,66.5702479338843,0.0033305785123966944,-6.410631365154838,0,0,17424,726 days 01:00:00,1000.0,10.000227616201983,-98.9999772383798,34.915698157888286,100.0,396.78223685372643,99.0294945149303,725 days 02:00:00,805,1,0.03144757648118279,15.368985863521795,-11.805396837296506,1.617334913658579,-1.1145150725609847,1 days 04:31:05.853658536,0 days 07:13:45.585023400,-1.229852447155631,-4.785449373514069,-0.9100787422546661,0.8138325285525647,-0.35933783863335444,36.99966030853868,1.0264292270727742,0.3455598455598456,-0.007936209243402659,None,None,-0.00025207333248220833,-1.524539514852396,-0.9899997723837982,-0.7977780028684619,0.3834088393650742,-3.8354001913610123,0 days 11:33:59.254658383,false
XMR-USD,false,10,59,271,20.37037037037037,0.43039451336147344,0.371900826446281,0.0001,0.000031339031339031345,11.198347107438018,22.355371900826448,0.0011198347107438018,-2.415685872430829,0,0,17424,726 days 01:00:00,1000.0,169.73457815173765,-83.02654218482624,34.915698157888286,100.0,234.53134717281617,84.2463799557422,722 days 11:00:00,270,1,7.853921078298129,24.360729949531994,-5.9148826327350665,3.3037753909273,-1.633432686350398,4 days 06:33:49.090909090,0 days 18:34:19.534883720,-3.10414571454282,-1.7394632410960313,-0.7003249401881342,0.9297367587688001,0.27705319773494475,22.43350052300389,0.9962705031735346,0.38249761980323704,-0.007614668757779257,None,None,-0.00009004467402254545,-0.5445901884883549,-0.830265421848263,-0.459665255959971,0.3767911720211724,-3.377914421455398,1 days 11:40:53.333333332,false
XMR-USD,false,20,70,163,20.37037037037037,0.5273327784913392,0.2231404958677686,0.0001,0.000031339031339031345,6.735537190082645,13.429752066115704,0.0006735537190082645,-1.2793058455583908,0,0,17424,726 days 01:00:00,1000.0,350.5998198362096,-64.94001801637904,34.915698157888286,100.0,190.26042263550718,67.81721068444286,722 days 11:00:00,162,1,15.908759645615703,22.09083756125399,-7.172505688054691,4.354163954116902,-1.888109443989565,6 days 17:16:21.818181818,1 days 09:34:53.023255813,-4.106845307465473,-0.9192492492680224,-0.6039390579565129,0.9621175391390208,0.09760105363858476,23.05355708272479,0.9842689820735572,0.3921067348406168,-0.00751733211140788,None,None,-0.00004813743634279028,-0.2911352150011956,-0.6494001801637934,-0.30495996869336417,0.3811602628667361,-2.8599089075269584,2 days 11:35:33.333333331,false
XMR-USD,false,21,67,163,20.37037037037037,0.537728304774639,0.2231404958677686,0.0001,0.000031339031339031345,6.735537190082645,13.429752066115704,0.0006735537190082645,-1.2363390906862675,0,0,17424,726 days 01:00:00,1000.0,361.1905232145043,-63.880947678549575,34.915698157888286,100.0,191.6353846883674,66.84505281029898,722 days 11:00:00,162,1,16.02992480274628,22.09083756125399,-7.17250568805468,4.459186886233823,-1.8896847040119913,6 days 16:54:32.727272727,1 days 09:38:36.279069767,-4.042218528322476,-0.8878244785340444,-0.5994082300795596,0.963372691157298,0.10165724799133116,23.12461522999176,0.9865580832757075,0.3915508704679764,-0.007505915383561991,None,None,-0.00004645093803222115,-0.2809352732188735,-0.6388094767854988,-0.2977434373976563,0.3808248835559299,-2.8295766961233553,2 days 11:34:04.444444443,false
XMR-USD,false,21,68,163,20.37037037037037,0.5344163261102692,0.2231404958677686,0.0001,0.000031339031339031345,6.735537190082645,13.429752066115704,0.0006735537190082645,-1.25568756866835,0,0,17424,726 days 01:00:00,1000.0,356.0816080609702,-64.39183919390298,34.915698157888286,100.0,192.90998619946382,67.31401808271144,722 days 11:00:00,162,1,15.803187055017133,22.090837561254002,-7.172505688054691,4.37977796568052,-1.8814097520373192,6 days 18:25:27.272727272,1 days 09:17:12.558139534,-4.072355425889181,-0.9021944661556686,-0.601585802294694,0.9628029278224272,0.09722811908580208,23.0503211790969,0.9851708784586112,0.39199552644192365,-0.0075173321114077535,None,None,-0.000047246190093238874,-0.28574495768390873,-0.6439183919390277,-0.30120716424929683,0.3811751487136419,-2.8442088398955683,2 days 11:35:33.333333331,false
XMR-USD,false,6,36,438,20.36613272311213,0.4117445400925785,0.6019283746556474,0.0001,0.00003133251188171097,18.09917355371901,36.15702479338843,0.001809917355371901,-3.4792508156315565,0,0,17424,726 days 01:00:00,1000.0,78.67846977120871,-92.13215302287912,34.915698157888286,100.0,331.6906572291796,92.60537300145991,722 days 11:00:00,437,1,3.6405928531069236,21.123879122043256,-11.520637103641034,2.4061505235480807,-1.322705870411828,2 days 13:12:08.089887640,0 days 11:35:00,-2.116618130622194,-2.556131721462154,-0.7790481287639937,0.8970840455404594,-0.42948974940410567,36.46155186211719,1.0120360667016632,0.369136481496032,-0.007700477108840493,None,None,-0.00013385869827039077,-0.8095774071393234,-0.9213215302287916,-0.5862239337142539,0.3811722815893174,-3.6387028724517796,0 days 21:41:19.633867276,false
XMR-USD,false,3,16,934,20.364415862808148,0.324273477542923,1.2851239669421488,0.0001,0.000031329870558166385,38.59504132231405,77.14876033057851,0.0038595041322314057,-6.943091556961972,0,0,17424,726 days 01:00:00,1000.0,6.540903225332045,-99.34590967746679,34.915698157888286,100.0,428.74636584835395,99.36521620295822,725 days 02:00:00,933,1,0.02056908725771045,12.103466817311471,-11.80539683729653,1.4912130714082596,-1.0437330502994435,1 days 01:04:44.210526315,0 days 06:05:24.629878869,-1.0648227929924177,-5.2084331551992795,-0.9261042101772713,0.7992074677802211,-0.39547896094747764,36.57607319267548,1.029545176104438,0.3449367088607595,-0.008006657731766863,None,None,-0.00027625849576654054,-1.670811382396037,-0.9934590967746681,-0.8254840526129901,0.38607038816858213,-3.845307839133733,0 days 09:57:25.659163985,false
XMR-USD,false,7,41,394,20.35623409669211,0.41207498486171,0.5413223140495868,0.0001,0.00003131728322568017,16.280991735537192,32.5206611570248,0.0016280991735537194,-3.280808067031639,0,0,17424,726 days 01:00:00,1000.0,97.11303040934183,-90.28869695906582,34.915698157888286,100.0,303.0425917084293,90.82927266242106,722 days 11:00:00,393,1,4.493592789487423,24.42726507275431,-6.1898062409500065,2.568003461919981,-1.3752376572600609,2 days 20:00:45,0 days 13:00:34.504792332,-2.3088563928247963,-2.3708385856602683,-0.7600468163668676,0.905328574732985,0.3112006486741223,22.445792166003837,1.0138834653790203,0.3706442224494611,-0.007673531981598748,None,None,-0.0001221884054685734,-0.7389954762739319,-0.9028869695906567,-0.55485995704973,0.37513359144157943,-3.5859055302512246,1 days 00:12:21.984732823,false
XMR-USD,false,9,41,340,20.353982300884958,0.4226026358998537,0.4669421487603306,0.0001,0.0000313138189244384,14.049586776859504,28.05785123966942,0.0014049586776859505,-2.9909670571274667,0,0,17424,726 days 01:00:00,1000.0,116.85527341007105,-88.3144726589929,34.915698157888286,100.0,275.0233485901944,88.88113538738858,722 days 11:00:00,339,1,5.407101516611348,23.465520524001395,-6.189806240950002,2.8122078829521735,-1.484596332826272,3 days 03:24:20.869565217,0 days 16:11:20,-2.6210968380723916,-2.158635714595483,-0.7427376545828238,0.9134850993800853,0.2989800989815469,22.33048614433051,1.006043396185042,0.3755131038838017,-0.0076873309766639095,None,None,-0.0001115141669164443,-0.6744376815106552,-0.8831447265899306,-0.5253293620046782,0.3760179959288349,-3.5293629318146844,1 days 04:14:30.796460176,false
XMR-USD,false,11,45,286,20.350877192982455,0.4250640128818108,0.3925619834710744,0.0001,0.00003130904183535762,11.818181818181818,23.59504132231405,0.0011818181818181819,-2.446393283769039,0,0,17424,726 days 01:00:00,1000.0,169.30185159197652,-83.06981484080235,34.915698157888286,100.0,240.54593636386454,84.0522681889771,722 days 11:00:00,285,1,7.833898050074595,23.465520524001406,-6.18980624095001,3.110742379835127,-1.5445413822383065,3 days 18:25:51.724137931,0 days 19:17:26.696035242,-2.9422177068705153,-1.757144269163939,-0.7025678675820837,0.9291227765160871,0.34286148271404804,22.406822377585943,1.0037930641977844,0.38052606559974644,-0.0076150902355894695,None,None,-0.00009035029547735569,-0.5464385870470472,-0.8306981484080239,-0.46014378348962726,0.3742657634042396,-3.3791537681750436,1 days 09:46:06.315789473,false
XMR-USD,false,6,20,601,20.333333333333332,0.353565384089961,0.8264462809917356,0.0001,0.00003128205128205128,24.834710743801654,49.62809917355372,0.0024834710743801653,-5.126643962748288,0,0,17424,726 days 01:00:00,1000.0,24.820386883641504,-97.51796131163584,34.915698157888286,100.0,350.0936239708055,97.60863269633865,725 days 02:00:00,600,1,0.49932090416886865,16.50565333960844,-11.805396837296529,1.8564838195242,-1.2284387248044304,1 days 15:35:54.098360655,0 days 09:34:53.723849372,-1.6261315567008792,-3.8143815772043026,-0.864712951928275,0.8492622139561098,-0.46826310375714136,36.857584114117515,1.0126603381088355,0.3564533706990502,-0.007813543523126533,None,None,-0.00020002144067336148,-1.2097296731924903,-0.9751796131163574,-0.7227586003775457,0.3816896284721302,-3.792954643801221,0 days 15:41:05.999999998,false
XMR-USD,false,17,62,183,20.32967032967033,0.4764740335141584,0.25068870523415976,0.0001,0.00003127641589180051,7.56198347107438,15.082644628099175,0.0007561983471074381,-1.5677033329309706,0,0,17424,726 days 01:00:00,1000.0,290.84371433792705,-70.91562856620729,34.915698157888286,100.0,194.38162821214013,73.46151133673388,722 days 11:00:00,182,1,14.491178899669421,21.246964398202284,-7.125563139087604,3.961565693346609,-1.829296848365056,5 days 18:35:40.540540540,1 days 06:59:10.344827586,-3.9760849701194605,-1.1273018791527958,-0.629599367376727,0.9536435762820855,0.1301721484764981,23.416661055988907,0.9871081877214926,0.38822498406628425,-0.007566994865923052,None,None,-0.00005891085024303845,-0.3562928222698965,-0.7091562856620743,-0.3486071752801949,0.38037590986694814,-3.0310528589612566,2 days 04:51:45.494505493,false
XMR-USD,false,15,66,188,20.32085561497326,0.4726191446449529,0.25757575757575757,0.0001,0.00003126285479226656,7.768595041322314,15.495867768595042,0.0007768595041322315,-1.6361698036812717,0,0,17424,726 days 01:00:00,1000.0,277.70626989542075,-72.22937301045792,34.915698157888286,100.0,198.53885821687408,74.22139681877617,722 days 11:00:00,187,1,13.187462306633108,20.605571745257066,-7.1255631390875855,3.8432457171598324,-1.8068389008110881,5 days 16:44:12.631578947,1 days 05:55:58.389261744,-3.9330545048727865,-1.1770601586346028,-0.6397869638128731,0.9516823832334775,0.12576763274188177,23.432394004594496,0.9882254234110259,0.38789326961369974,-0.00758622703846441,None,None,-0.00006154853262877725,-0.3722455253388448,-0.7222937301045793,-0.35897415992079573,0.3806071897060537,-3.0686790418406567,2 days 03:38:10.909090908,false
XMR-USD,false,11,37,316,20.317460317460316,0.4249063632619985,0.43388429752066116,0.0001,0.00003125763125763126,13.057851239669422,26.074380165289256,0.0013057851239669422,-2.7951361723176658,0,0,17424,726 days 01:00:00,1000.0,133.69615528677366,-86.63038447132263,34.915698157888286,100.0,263.46426392230137,87.38691830850183,722 days 11:00:00,315,1,6.186359099767557,23.46552052400138,-6.189806240950013,2.8977909731224707,-1.510540710250226,3 days 07:32:48.750000,0 days 17:49:14.581673306,-2.7698101708348983,-2.011698879465983,-0.7282042800458007,0.9191127539444549,0.328730151216714,22.219977777142994,1.0105397760438806,0.37421135646687703,-0.0076623990205507645,None,None,-0.00010381436543011963,-0.6278692821213635,-0.8663038447132254,-0.5026217563472157,0.37562321365049556,-3.481129951335393,1 days 06:21:42.857142856,false
XMR-USD,false,7,44,380,20.316622691292878,0.4011218690741472,0.522038567493113,0.0001,0.00003125634260198905,15.702479338842975,31.363636363636363,0.0015702479338842977,-3.220253330013579,0,0,17424,726 days 01:00:00,1000.0,100.85636177639435,-89.91436382236057,34.915698157888286,100.0,290.5718324948717,90.50837466540338,722 days 11:00:00,379,1,4.666803395404571,24.42726507275433,-6.189806240950016,2.607204102004768,-1.397820643253819,2 days 22:40:31.168831168,0 days 13:32:46.887417218,-2.3847241203667795,-2.326626703051122,-0.7561740981668627,0.9070552958690844,0.30520442740451514,22.413261530681794,1.0137111622265704,0.37150728059818966,-0.007697257727836815,None,None,-0.00012000038442468722,-0.7257623250005083,-0.8991436382236049,-0.5489778712218684,0.3754169468607614,-3.575184474781776,1 days 01:09:10.923482848,false
XMR-USD,false,7,43,385,20.3125,0.40913933703969396,0.5289256198347108,0.0001,0.00003125,15.90909090909091,31.776859504132233,0.0015909090909090912,-3.1825164348727664,0,0,17424,726 days 01:00:00,1000.0,103.80007984416125,-89.61999201558388,34.915698157888286,100.0,297.2169376691792,90.23134039113653,722 days 11:00:00,384,1,4.80301447055939,24.42726507275432,-6.189806240950004,2.598940241655668,-1.3766363978633807,2 days 21:59:13.846153846,0 days 13:17:50.588235294,-2.3463618089229104,-2.2979763741794788,-0.7534002773168587,0.9081259025373678,0.3129634806490288,22.485125884044336,1.0157228460554621,0.37129141418115996,-0.007678807590829266,None,None,-0.00011837822128067577,-0.7159514823055271,-0.8961999201558385,-0.5444516297714639,0.3749593564210318,-3.5667535447901844,1 days 00:48:44.999999998,false
XMR-USD,false,12,80,193,20.3125,0.4762006696101755,0.2644628099173554,0.0001,0.00003125,7.975206611570248,15.90909090909091,0.0007975206611570248,-1.6532322007207507,0,0,17424,726 days 01:00:00,1000.0,274.3037845066725,-72.56962154933275,34.915698157888286,100.0,204.8002502348988,74.42919320951444,722 days 11:00:00,192,1,12.692524401645414,21.246964398202287,-5.570763989160799,3.7804160673832854,-1.775822443536366,5 days 17:12:18.461538461,1 days 04:18:02.352941176,-3.845774686952983,-1.191381594899132,-0.6423599336474848,0.9512277212264634,0.09392344639002925,23.1930138129037,0.9870496411416633,0.38966424754765133,-0.007566994865923108,None,None,-0.00006226658477640594,-0.37658830472770316,-0.7256962154933283,-0.3617111328795881,0.3804189160189039,-3.0784239003663614,2 days 02:25:18.749999998,false
XMR-USD,false,25,88,129,20.3125,0.6324252309703846,0.1763085399449036,0.0001,0.00003125,5.330578512396694,10.619834710743802,0.0005330578512396694,-0.6534894720705323,0,0,17424,726 days 01:00:00,1000.0,525.3558260611715,-47.464417393882854,34.915698157888286,100.0,182.89137253698848,53.70159033869791,635 days 19:00:00,128,1,26.839773965877157,20.39867062582279,-6.868405283372522,5.141436962557491,-1.9007231089999423,8 days 01:46:09.230769230,1 days 20:43:31.764705882,-3.917843343005508,-0.46902166751746194,-0.5148010320493048,0.9803022207271112,-0.06720715004911038,26.5401067191857,0.987104317768891,0.3912175648702595,-0.007450925614535036,None,None,-0.000024743013250276043,-0.1496457441376695,-0.4746441739388292,-0.20021562089947798,0.38398797629380765,-2.359400495996083,3 days 02:59:59.999999998,false
XMR-USD,false,10,62,267,20.30075187969925,0.4485244267826342,0.36639118457300274,0.0001,0.00003123192596876808,11.03305785123967,22.024793388429753,0.001103305785123967,-2.26183571850741,0,0,17424,726 days 01:00:00,1000.0,188.04778684038627,-81.19522131596138,34.915698157888286,100.0,239.50701038927986,82.34782145816735,722 days 11:00:00,266,1,8.701305843955453,24.360729949531997,-5.914882632735076,3.400778743713314,-1.6170634061746483,4 days 08:35:33.333333333,0 days 18:52:04.528301886,-3.085163605276578,-1.625037398627417,-0.6901531693134197,0.9343066002037499,0.2954282730009169,22.296827070111508,1.0006971458573377,0.38315605651690754,-0.007614668757779374,None,None,-0.0000841562364795011,-0.5089769182280226,-0.8119522131596143,-0.44010374830775756,0.37694751913081775,-3.325464636244641,1 days 12:16:14.436090224,false
XMR-USD,false,2,13,1238,20.29102667744543,0.308203291675144,1.7038567493112948,0.0001,0.000031216964119146816,51.15702479338843,102.27272727272728,0.0051157024793388435,-8.071292515527666,0,0,17424,726 days 01:00:00,1000.0,2.7309995373135507,-99.72690004626864,34.915698157888286,100.0,484.9693541809044,99.73400948577506,725 days 02:00:00,1237,1,0.008588136202080321,11.654185052420726,-11.805396837296534,1.3245129554164738,-0.9246536274190004,0 days 18:58:33.944223107,0 days 04:34:59.391480730,-0.8062066197242429,-6.12729230129533,-0.9511050853476355,0.7695226622479472,-0.5335602952054146,34.99398691209959,1.0414631244156438,0.3451443569553806,-0.00814022560602597,None,None,-0.0003262638238256075,-1.973243606497274,-0.9972690004626862,-0.8711218668350706,0.38757724150411277,-3.856219560476924,0 days 07:30:13.096200483,false
XMR-USD,false,7,13,691,20.28985507246377,0.3345131493853964,0.9504132231404959,0.0001,0.00003121516164994426,28.553719008264462,57.066115702479344,0.002855371900826446,-5.909645893750299,0,0,17424,726 days 01:00:00,1000.0,14.664286530176469,-98.53357134698236,34.915698157888286,100.0,360.58923189600154,98.57060427235554,725 days 02:00:00,690,1,0.04611457757746784,16.68255658221163,-11.80539683729652,1.7623356650720168,-1.1962039493298942,1 days 08:17:08.571428571,0 days 08:46:47.999999999,-1.4280896058657981,-4.404368249635535,-0.8930549241673631,0.8275709204851038,-0.41353361743100187,37.397018269960384,1.019199564739653,0.3481624758220503,-0.007841526197100785,None,None,-0.00023028740270042785,-1.3927782115321876,-0.9853357134698235,-0.7690425050493244,0.38057872140588966,-3.822042134211808,0 days 13:32:57.391304346,false
XMR-USD,false,15,60,208,20.28985507246377,0.45191566101896974,0.28512396694214875,0.0001,0.00003121516164994426,8.59504132231405,17.14876033057851,0.000859504132231405,-1.9387944903113092,0,0,17424,726 days 01:00:00,1000.0,227.7309222829947,-77.22690777170052,34.915698157888286,100.0,203.74738740348087,78.9680958657745,722 days 11:00:00,207,1,10.814278535348592,20.60557174525708,-6.168481229071119,3.741592599550979,-1.8148941098519749,5 days 05:11:25.714285714,1 days 02:34:10.909090909,-3.7830113828616145,-1.3985250742110664,-0.6644572747885491,0.9428152893701413,0.11622970062603363,23.579400335307053,0.9893044278391869,0.3853553824137382,-0.007592921762430999,None,None,-0.0000729813050758793,-0.44139093309891797,-0.7722690777170056,-0.40163084444191566,0.3798387887419566,-3.211810499176661,1 days 22:34:46.956521738,false
XMR-USD,false,15,55,213,20.28301886792453,0.49314106562347204,0.29201101928374656,0.0001,0.000031204644412191585,8.801652892561984,17.56198347107438,0.0008801652892561984,-1.7830275925665822,0,0,17424,726 days 01:00:00,1000.0,253.8673656928729,-74.6132634307127,34.915698157888286,100.0,211.05505559155114,76.50259520108659,722 days 11:00:00,212,1,12.055422145203039,20.68021897104223,-6.168481229071119,4.087561987998578,-1.808936578489328,5 days 00:37:40.465116279,1 days 02:24:51.124260355,-3.57635875685061,-1.2799092866396606,-0.6509935152137815,0.947658792936922,0.208470897420363,22.843715040277345,0.9947195324996259,0.38601654470251356,-0.007614668757779287,None,None,-0.00006676122245281908,-0.4037718733946498,-0.7461326343071277,-0.378635441062555,0.37966716073061524,-3.136954646970328,1 days 21:31:24.905660376,false
XMR-USD,false,11,40,292,20.274914089347078,0.4321610875589529,0.40082644628099173,0.0001,0.00003119217552207243,12.066115702479339,24.09090909090909,0.001206611570247934,-2.434957673502018,0,0,17424,726 days 01:00:00,1000.0,170.702521136212,-82.9297478863788,34.915698157888286,100.0,252.3132799478938,83.9031367644169,722 days 11:00:00,291,1,7.898709523240456,23.465520524001377,-6.189806240950005,3.0537139841424548,-1.5070863195655515,3 days 12:56:56.949152542,0 days 19:39:03.103448275,-2.876962846690818,-1.7462193587035597,-0.7017909769509559,0.929418808023697,0.3548342008535972,22.341259351128304,1.0103650420908157,0.3763823064770932,-0.007641628599557722,None,None,-0.00008985964162446337,-0.5434711125447544,-0.8292974788637872,-0.45859773943492876,0.3745620972151372,-3.375142192814581,1 days 08:53:24.123711339,false
XMR-USD,false,26,33,223,20.27027027027027,0.4721983901151176,0.30578512396694213,0.0001,0.00003118503118503119,9.214876033057852,18.388429752066116,0.0009214876033057852,-1.9251149008943016,0,0,17424,726 days 01:00:00,1000.0,229.90277597723616,-77.00972240227638,34.915698157888286,100.0,212.03015298260354,79.2389544808236,722 days 11:00:00,222,1,11.645877091350684,20.680218971042205,-6.928026011026212,3.8638537924608176,-1.773940647138904,4 days 18:54:40,1 days 01:18:58.983050847,-3.521365320333845,-1.3821698770711888,-0.6593169681230109,0.9437098559808051,0.20976362665328518,22.581514248059754,0.9967425424120001,0.3865679955438848,-0.007684856761732389,None,None,-0.00007236265560524949,-0.4376493411005489,-0.7700972240227668,-0.3996562877830244,0.3810754902737498,-3.2055902205947455,1 days 19:28:38.918918918,false
XMR-USD,false,6,13,746,20.268456375838927,0.32911945325709174,1.0261707988980717,0.0001,0.00003118224057821374,30.826446280991735,61.611570247933884,0.0030826446280991736,-6.223048502584427,0,0,17424,726 days 01:00:00,1000.0,11.515275899978292,-98.84847241000217,34.915698157888286,100.0,367.64883588462357,98.881199327506,725 days 02:00:00,745,1,0.03621192771450232,15.368985863521786,-11.805396837296527,1.674884856805973,-1.158592059785245,1 days 05:45:17.880794701,0 days 08:07:22.424242424,-1.3268737396345447,-4.636814841321903,-0.904103792759064,0.81882970789612,-0.35437638344295747,37.20572447034203,1.0234456250681947,0.34545594934754076,-0.007905273419109782,None,None,-0.00024400400092156442,-1.4757361975736216,-0.9884847241000217,-0.7876303137388638,0.3830320703934451,-3.831061030571716,0 days 12:30:26.577181207,false
XMR-USD,false,22,65,164,20.245398773006134,0.5526992771594241,0.22451790633608815,0.0001,0.000031146767343086366,6.776859504132232,13.512396694214877,0.0006776859504132232,-1.1809798071402848,0,0,17424,726 days 01:00:00,1000.0,375.25484049063505,-62.47451595093649,34.915698157888286,100.0,200.54936220757318,65.55403971172885,722 days 11:00:00,163,1,16.654110471661113,22.09083756125401,-7.17250568805469,4.452498725614608,-1.8450921980512707,6 days 16:54:32.727272727,1 days 09:25:50.769230769,-3.9349648465093656,-0.8469021033739454,-0.5934860280642263,0.9650523827987861,0.11845575277571697,23.116039719127524,0.988062598569616,0.39199552644192365,-0.007517332111407819,None,None,-0.0000442771926995142,-0.26778846144666185,-0.6247451595093705,-0.28837045090013214,0.380543940031383,-2.7892959112095546,2 days 11:14:21.349693250,false
XMR-USD,false,61,89,85,20.238095238095237,0.5536030504726939,0.11570247933884298,0.0001,0.00003113553113553114,3.512396694214876,6.983471074380166,0.00035123966942148763,-1.0446083430050597,0,0,17424,726 days 01:00:00,1000.0,405.7811604564988,-59.42188395435012,34.915698157888286,100.0,126.97913546422943,64.70624022000943,630 days 14:00:00,84,1,18.776216631807984,18.30344267305921,-7.716344835621479,6.044468971869222,-2.8138612893911827,12 days 09:24:42.352941176,2 days 17:26:51.940298507,-7.2975601925632,-0.7567368009417624,-0.5633996381640453,0.9681493252651071,-0.15216604442295806,26.80584313519372,0.9717836710116731,0.37965162311955664,-0.007441978715800803,None,None,-0.000039696902952446816,-0.24008686905639834,-0.5942188395435044,-0.26878852064320125,0.381829707867817,-2.701867271438916,4 days 16:23:34.285714285,false
XMR-USD,false,63,88,85,20.238095238095237,0.5694224385979632,0.11570247933884298,0.0001,0.00003113553113553114,3.512396694214876,6.983471074380166,0.00035123966942148763,-0.9605053883732232,0,0,17424,726 days 01:00:00,1000.0,429.1724173387797,-57.08275826612203,34.915698157888286,100.0,130.2769247533503,62.78119699125515,630 days 14:00:00,84,1,19.8585717268989,18.303442673059212,-7.716344835621477,6.07807509980062,-2.739707495116273,12 days 09:28:14.117647058,2 days 17:23:17.014925373,-7.0319780284299895,-0.6954262240721508,-0.5517517493245281,0.9706900976548084,-0.15184658848075794,26.807750577604278,0.9729159869760949,0.3798701298701298,-0.007437458523433854,None,None,-0.00003648073374117318,-0.22063547766661543,-0.5708275826612228,-0.2544254344813561,0.3818303499115131,-2.6348737467025467,4 days 16:21:25.714285713,false
XMR-USD,false,64,86,85,20.238095238095237,0.5637908565492736,0.11570247933884298,0.0001,0.00003113553113553114,3.512396694214876,6.983471074380166,0.00035123966942148763,-0.997360743170269,0,0,17424,726 days 01:00:00,1000.0,418.77786504678636,-58.12221349532136,34.915698157888286,100.0,129.64592043950313,63.97759133572396,630 days 14:00:00,84,1,19.377597288840832,18.303442673059234,-7.716344835621484,6.061070885502626,-2.7704593284622057,12 days 09:17:38.823529411,2 days 17:20:35.820895522,-7.14999681240541,-0.7223217395118803,-0.553948888042863,0.9695620112307801,-0.15253377038338345,26.813677101847073,0.9730023272798147,0.3792148171600443,-0.007441978715800738,None,None,-0.000037889216884559,-0.22915398371781284,-0.5812221349532178,-0.2607433037029234,0.38180612185513585,-2.6646441733026087,4 days 16:17:08.571428570,false
XMR-USD,false,64,87,85,20.238095238095237,0.5673317725588561,0.11570247933884298,0.0001,0.00003113553113553114,3.512396694214876,6.983471074380166,0.00035123966942148763,-0.9525588746652247,0,0,17424,726 days 01:00:00,1000.0,431.5477350434114,-56.84522649565886,34.915698157888286,100.0,129.94632831677794,62.31072529451129,630 days 14:00:00,84,1,19.968481905432952,17.47256446459339,-6.607384652232705,6.028548866780883,-2.722148193727931,12 days 09:28:14.117647058,2 days 17:21:29.552238806,-7.005008891214549,-0.689623233831935,-0.5530031194403555,0.970922416890971,-0.15160326752356693,26.83008640582859,0.9727440349339199,0.3798701298701298,-0.0074374585234338484,None,None,-0.00003616893539554177,-0.2187497212722366,-0.5684522649565915,-0.2529957606431614,0.38175240825387835,-2.6280707388007984,4 days 16:19:59.999999999,false
XMR-USD,false,64,89,85,20.238095238095237,0.5735104144803783,0.11570247933884298,0.0001,0.00003113553113553114,3.512396694214876,6.983471074380166,0.00035123966942148763,-0.9304760595486519,0,0,17424,726 days 01:00:00,1000.0,437.7152341213472,-56.22847658786528,34.915698157888286,100.0,131.38723456428224,61.70757785465031,630 days 14:00:00,84,1,20.25386306663205,17.256207945979867,-7.681594143264323,5.990769900295605,-2.6909401914973254,12 days 10:31:45.882352941,2 days 17:09:51.044776119,-6.934983677920057,-0.6734266006092449,-0.5508040588038767,0.9716195892985298,-0.14806432776271256,26.756603463883025,0.9720241779261812,0.38052606559974644,-0.007441978715800671,None,None,-0.000035340433156331275,-0.21373893972949157,-0.5622847658786552,-0.24930745232688523,0.38197905094670276,-2.6104067669963498,4 days 16:23:34.285714284,false
XMR-USD,false,65,85,85,20.238095238095237,0.5625670693304333,0.11570247933884298,0.0001,0.00003113553113553114,3.512396694214876,6.983471074380166,0.00035123966942148763,-0.9913347926645254,0,0,17424,726 days 01:00:00,1000.0,420.365543794476,-57.9634456205524,34.915698157888286,100.0,128.9118698383778,63.628315507145494,630 days 14:00:00,84,1,19.451062010748558,18.30344267305921,-7.716344835621482,6.051909471424172,-2.762619288565555,12 days 09:21:10.588235294,2 days 17:21:29.552238806,-7.131970454955628,-0.717862339237365,-0.5550576641562198,0.9697575587736511,-0.1519631670162444,26.78356480284103,0.973603393383692,0.3792148171600443,-0.007437458523433837,None,None,-0.00003766553407109323,-0.22780115006197185,-0.5796344562055225,-0.2597717284323975,0.3819098893377124,-2.660096995868235,4 days 16:18:34.285714285,false
XMR-USD,false,65,88,85,20.238095238095237,0.5849022652844309,0.11570247933884298,0.0001,0.00003113553113553114,3.512396694214876,6.983471074380166,0.00035123966942148763,-0.872272438931664,0,0,17424,726 days 01:00:00,1000.0,455.1354872811503,-54.486451271884974,34.915698157888286,100.0,133.5853909012418,60.20924757695606,630 days 14:00:00,84,1,21.05992919040534,17.256207945979874,-7.681594143264305,6.028527623234154,-2.643243760018276,12 days 10:28:14.117647058,2 days 17:07:09.850746268,-6.737195737014945,-0.6310223301121668,-0.5427883249593697,0.9733745582550614,-0.14698580640092057,26.781463339788942,0.9729692388470864,0.38052606559974644,-0.007440889575559768,None,None,-0.000033106904930531474,-0.20023056101985434,-0.5448645127188556,-0.23906965468604202,0.38188429472306473,-2.5605144432598204,4 days 16:20:42.857142855,false
XMR-USD,false,66,86,85,20.238095238095237,0.5773022131530103,0.11570247933884298,0.0001,0.00003113553113553114,3.512396694214876,6.983471074380166,0.00035123966942148763,-0.9217453457529278,0,0,17424,726 days 01:00:00,1000.0,440.4544368593113,-55.95455631406887,34.915698157888286,100.0,130.9985907218076,61.27157369848556,630 days 14:00:00,84,1,20.38061085341593,17.256207945979863,-7.68159414326431,6.102490344347613,-2.7068458068477597,12 days 10:21:10.588235294,2 days 17:13:25.970149253,-6.903883023739347,-0.6669578847793282,-0.5513394009295793,0.9718848597926237,-0.14681000661922733,26.78893446642486,0.9733018966638074,0.38030735107731306,-0.007437458523433867,None,None,-0.00003499002866950123,-0.21161969339314343,-0.5595455631406916,-0.247680223912507,0.381859703940167,-2.6025615773467616,4 days 16:24:17.142857141,false
XMR-USD,false,68,87,85,20.238095238095237,0.5668731867339742,0.11570247933884298,0.0001,0.00003113553113553114,3.512396694214876,6.983471074380166,0.00035123966942148763,-0.9815310194288258,0,0,17424,726 days 01:00:00,1000.0,417.3967985806337,-58.26032014193663,34.915698157888286,100.0,130.8481797846041,63.243939774025826,630 days 14:00:00,84,1,19.313692884993543,17.209452191573693,-11.388143219999106,6.125484230970903,-2.7859987319713206,12 days 12:03:31.764705882,2 days 16:45:40.298507462,-7.165677313147148,-0.7153319309689729,-0.5620686830416947,0.9696962804806212,-0.4127979778736541,30.34742767181615,0.9690908509610714,0.3807448494453249,-0.007440889575559837,None,None,-0.00003785370363943182,-0.22893919961128364,-0.5826032014193716,-0.2615904009816522,0.38517554921566177,-2.6685996046387013,4 days 16:22:51.428571427,false
XMR-USD,false,68,89,85,20.238095238095237,0.568359037311557,0.11570247933884298,0.0001,0.00003113553113553114,3.512396694214876,6.983471074380166,0.00035123966942148763,-0.978945427426155,0,0,17424,726 days 01:00:00,1000.0,418.3780331579237,-58.162196684207636,34.915698157888286,100.0,133.44006742278484,63.27093926880285,630 days 14:00:00,84,1,17.454168258548066,17.209452191573686,-11.388143219999105,5.952592719911192,-2.734038658205536,12 days 13:35:17.647058823,2 days 16:12:32.238805970,-7.131858751197914,-0.7135211923088839,-0.560625633847661,0.9697359546053446,-0.4140099090758698,30.422051696941303,0.9695338420679117,0.37997940920250256,-0.007441978715800803,None,None,-0.00003773427467741654,-0.22821689324901526,-0.5816219668420712,-0.26098835860074354,0.38493471042135113,-2.665789308327705,4 days 16:14:59.999999999,false
XMR-USD,false,69,86,85,20.238095238095237,0.5680648702862436,0.11570247933884298,0.0001,0.00003113553113553114,3.512396694214876,6.983471074380166,0.00035123966942148763,-0.9877972440665415,0,0,17424,726 days 01:00:00,1000.0,415.6888354837363,-58.43111645162637,34.915698157888286,100.0,131.14770334040395,63.39434340593374,630 days 14:00:00,84,1,19.234662392127916,17.20945219157368,-11.388143219999103,6.143432573634045,-2.7957448327527183,12 days 12:07:03.529411764,2 days 16:42:05.373134328,-7.1850693679570465,-0.719923458270318,-0.5628287662925712,0.969497842632146,-0.41291349802226335,30.363214953779824,0.9690941375134171,0.38052606559974644,-0.007440889575559775,None,None,-0.00003809200901145824,-0.23038047050129942,-0.5843111645162633,-0.26264053993675307,0.3851283577190936,-2.6734912814116365,4 days 16:20:42.857142856,false
XMR-USD,false,70,85,85,20.238095238095237,0.5692699987575477,0.11570247933884298,0.0001,0.00003113553113553114,3.512396694214876,6.983471074380166,0.00035123966942148763,-0.9874525350697818,0,0,17424,726 days 01:00:00,1000.0,415.74895781042505,-58.42510421895749,34.915698157888286,100.0,131.40369850598407,63.26336258932427,630 days 14:00:00,84,1,17.344486774715676,17.209452191573696,-11.388143219999089,6.14343257363405,-2.7884810119761867,12 days 12:07:03.529411764,2 days 16:40:17.910447761,-7.161851535289175,-0.7197089220387226,-0.5639201277336783,0.9695040033231698,-0.41346139153629785,30.359624572357596,0.9688983156909402,0.3804166996751961,-0.007441978715800697,None,None,-0.0000380824989614677,-0.23032295371895667,-0.5842510421895741,-0.26260352600957293,0.38514697987017116,-2.6733190885876033,4 days 16:19:17.142857141,false
XMR-USD,false,71,84,85,20.238095238095237,0.5650246660486224,0.11570247933884298,0.0001,0.00003113553113553114,3.512396694214876,6.983471074380166,0.00035123966942148763,-0.998469459491199,0,0,17424,726 days 01:00:00,1000.0,412.56566530125554,-58.743433469874454,34.915698157888286,100.0,131.47538452498526,63.46232259012727,630 days 14:00:00,84,1,17.211684097070645,17.20945219157369,-11.388143219999112,6.039367101679853,-2.775674692611518,12 days 12:10:35.294117647,2 days 16:38:30.447761194,-7.198166890426373,-0.7278383301507185,-0.5660611951139362,0.9691658121795682,-0.4133078241059043,30.33083895834831,0.9687620772026143,0.38030735107731306,-0.00744272275476623,None,None,-0.00003851932570216654,-0.23296488184670322,-0.5874343346987472,-0.2645681264157713,0.38521367601605405,-2.682436169663213,4 days 16:18:34.285714285,false
XMR-USD,false,72,83,85,20.238095238095237,0.5650412554942579,0.11570247933884298,0.0001,0.00003113553113553114,3.512396694214876,6.983471074380166,0.00035123966942148763,-0.9906574259456415,0,0,17424,726 days 01:00:00,1000.0,414.89808630049765,-58.510191369950235,34.915698157888286,100.0,131.149396221115,63.29046970236792,630 days 14:00:00,84,1,17.308989560895554,17.2094521915737,-11.388143219999094,6.044572993317096,-2.767839081443752,12 days 12:03:31.764705882,2 days 16:35:49.253731343,-7.171558372147588,-0.7220849325907733,-0.5647248236646074,0.9693929276118899,-0.41335786477126135,30.369409642033553,0.969190886568201,0.37997940920250256,-0.00744088957555987,None,None,-0.00003820326060372414,-0.2310533201313236,-0.5851019136995034,-0.26312768526513375,0.3850969619660702,-2.675756019695439,4 days 16:14:59.999999999,false
XMR-USD,false,72,84,85,20.238095238095237,0.5699176278711183,0.11570247933884298,0.0001,0.00003113553113553114,3.512396694214876,6.983471074380166,0.00035123966942148763,-0.9747952822447492,0,0,17424,726 days 01:00:00,1000.0,419.53078408359727,-58.04692159164028,34.915698157888286,100.0,133.94729907150491,62.97326094827908,630 days 14:00:00,84,1,17.50225947515679,17.209452191573686,-11.388143219999108,5.957478296747034,-2.731164558823116,12 days 13:24:42.352941176,2 days 16:09:51.044776119,-7.1187080403757115,-0.7104578368678575,-0.5618573487050341,0.9698632354662616,-0.41378838135908746,30.413338238616333,0.9692565653856938,0.3797608678438514,-0.007437644843583045,None,None,-0.0000375747609696167,-0.2272521543442418,-0.5804692159163976,-0.26028225787382664,0.3849602269081001,-2.662487782118889,4 days 16:10:42.857142855,false
XMR-USD,false,73,82,85,20.238095238095237,0.5651230307863172,0.11570247933884298,0.0001,0.00003113553113553114,3.512396694214876,6.983471074380166,0.00035123966942148763,-0.9904444107721392,0,0,17424,726 days 01:00:00,1000.0,414.9285815868948,-58.50714184131051,34.915698157888286,100.0,131.27615364598583,63.28777152737776,630 days 14:00:00,84,1,17.310261783186547,17.209452191573696,-11.3881432199991,6.036775217028515,-2.765904198306548,12 days 12:00:00,2 days 16:38:30.447761194,-7.17121047852728,-0.7219353172211153,-0.5647113831685574,0.9694040182037089,-0.4133297763994617,30.361677677659067,0.9692020169496562,0.38008870584508153,-0.007440889575559791,None,None,-0.000038197595970558786,-0.23101906042993953,-0.585071418413107,-0.2631088872454612,0.38511965772139795,-2.675668679937089,4 days 16:16:25.714285713,false
XMR-USD,false,73,83,85,20.238095238095237,0.5670990104741156,0.11570247933884298,0.0001,0.00003113553113553114,3.512396694214876,6.983471074380166,0.00035123966942148763,-0.9936971889253896,0,0,17424,726 days 01:00:00,1000.0,414.2467964134912,-58.575320358650885,34.915698157888286,100.0,133.46086252220016,63.43961250109994,630 days 14:00:00,84,1,17.281818623676145,17.209452191573675,-11.38814321999912,5.957478296747038,-2.749927459849761,12 days 13:24:42.352941176,2 days 16:09:51.044776119,-7.178988359645059,-0.7243276647142083,-0.5641968435982139,0.9692831917167135,-0.4139669377857528,30.42532875332075,0.9690810471511857,0.37965162311955664,-0.007437644843582973,None,None,-0.0000383045318359355,-0.2316658085437379,-0.5857532035865098,-0.26352937139101285,0.3849222628416774,-2.6776213408013247,4 days 16:10:42.857142855,false
XMR-USD,false,74,81,85,20.238095238095237,0.5663987264856634,0.11570247933884298,0.0001,0.00003113553113553114,3.512396694214876,6.983471074380166,0.00035123966942148763,-0.990645284046057,0,0,17424,726 days 01:00:00,1000.0,414.9233372021247,-58.50766627978753,34.915698157888286,100.0,131.99625698677804,63.30822956617158,630 days 14:00:00,84,1,17.310042994514788,17.209452191573682,-11.388143219999105,6.036775217028515,-2.7655737781734038,12 days 12:00:00,2 days 16:37:36.716417910,-7.171270307052257,-0.7220713790664305,-0.564535346516436,0.9693940474459929,-0.4132635808810711,30.37455143923922,0.9689900490932366,0.38008870584508153,-0.007440889575559828,None,None,-0.000038200856876117363,-0.23103878238675782,-0.5850766627978734,-0.2631121199447096,0.38507995982807236,-2.675683700071432,4 days 16:15:42.857142856,false
XMR-USD,false,74,82,85,20.238095238095237,0.5724977702017909,0.11570247933884298,0.0001,0.00003113553113553114,3.512396694214876,6.983471074380166,0.00035123966942148763,-0.9680488293004413,0,0,17424,726 days 01:00:00,1000.0,421.4609815486774,-57.85390184513226,34.915698157888286,100.0,133.79545431833995,62.88906464818941,630 days 14:00:00,84,1,17.582784714671504,17.209452191573682,-11.388143219999101,6.015539917722842,-2.7377999738676797,12 days 13:24:42.352941176,2 days 16:11:38.507462686,-7.096688132928506,-0.7054920531313115,-0.5602357255613956,0.970070574929897,-0.4136177536116707,30.415321538234735,0.9690596635345979,0.37997940920250256,-0.007431264234753505,None,None,-0.00003731166111459752,-0.2256609264210858,-0.578539018451322,-0.2591027745657103,0.3849553879195692,-2.6569596169470175,4 days 16:12:08.571428570,false
XMR-USD,false,75,81,85,20.238095238095237,0.5726229799788359,0.11570247933884298,0.0001,0.00003113553113553114,3.512396694214876,6.983471074380166,0.00035123966942148763,-0.9677749126727646,0,0,17424,726 days 01:00:00,1000.0,421.54422841921166,-57.84557715807883,34.915698157888286,100.0,133.81498128789949,62.88173450526783,630 days 14:00:00,84,1,17.58625766203039,17.2094521915737,-11.388143219999105,6.016707920300319,-2.737799973867682,12 days 13:28:14.117647058,2 days 16:11:38.507462686,-7.095738443366889,-0.7052873178034069,-0.5601987615735735,0.9700792378696583,-0.41361436707230465,30.416396604978758,0.9692705015312917,0.37997940920250256,-0.007431264234753453,None,None,-0.00003730052831747971,-0.22559359526411726,-0.5784557715807876,-0.2590519844146789,0.38495224155309254,-2.6567211944753892,4 days 16:12:51.428571427,false
XMR-USD,false,76,80,85,20.238095238095237,0.5709918062902293,0.11570247933884298,0.0001,0.00003113553113553114,3.512396694214876,6.983471074380166,0.00035123966942148763,-0.9744591410042743,0,0,17424,726 days 01:00:00,1000.0,419.66030787641125,-58.03396921235887,34.915698157888286,100.0,133.3326520508092,63.047619501821806,630 days 14:00:00,84,1,17.507663033408107,17.2094521915737,-11.388143219999105,6.016707920300321,-2.7443783334907916,12 days 13:28:14.117647058,2 days 16:10:44.776119403,-7.11723041853568,-0.710175637968839,-0.5610356296554001,0.9698725811323163,-0.41353187669606356,30.419477995386337,0.9692660316756997,0.3798701298701298,-0.007431264234753499,None,None,-0.00003755815562822623,-0.22715172523951224,-0.5803396921235917,-0.2602029991666691,0.3849430042755694,-2.662116820632659,4 days 16:12:08.571428570,false
XMR-USD,false,11,58,258,20.233463035019454,0.43359080585443843,0.35399449035812675,0.0001,0.000031128404669260704,10.661157024793388,21.280991735537192,0.0010661157024793389,-2.2963937612849588,0,0,17424,726 days 01:00:00,1000.0,183.72060699190615,-81.62793930080939,34.915698157888286,100.0,228.1904802986538,82.94829098250379,722 days 11:00:00,257,1,8.501079529484684,24.360729949531997,-5.914882632735081,3.4258464944224674,-1.65783648388888,4 days 10:04:36.923076923,0 days 20:07:36.585365853,-3.2092625390567266,-1.6507444626962873,-0.6912122151410256,0.9332357681658764,0.2885533008625476,22.34990634973549,0.9986512989912716,0.3826073157184797,-0.007615090235589338,None,None,-0.00008549090627681727,-0.5170490011621909,-0.816279393008096,-0.44460958283014695,0.37696238472069055,-3.3378578578520472,1 days 13:31:03.035019453,false
XMR-USD,false,8,42,357,20.224719101123593,0.42283838066653684,0.4903581267217631,0.0001,0.00003111495246326707,14.75206611570248,29.462809917355372,0.001475206611570248,-2.9874072962115505,0,0,17424,726 days 01:00:00,1000.0,118.17598232208354,-88.18240176779165,34.915698157888286,100.0,290.3847767663075,88.87841948695352,722 days 11:00:00,356,1,5.468213068985037,23.465520524001402,-6.189806240950012,2.717089485221434,-1.413545012968182,3 days 00:58:20,0 days 15:04:51.549295774,-2.492393906592422,-2.1538347335308123,-0.7405938387476755,0.9135768757268554,0.31772106544632206,22.4900093147106,1.013239807624326,0.37258763292634894,-0.0076553452198768,None,None,-0.00011093861654322962,-0.6709567528534528,-0.8818240176779178,-0.5234741448810889,0.3749111129485098,-3.5255803670037498,1 days 02:47:21.573033706,false
XMR-USD,false,10,60,268,20.224719101123593,0.43493130023549686,0.3677685950413223,0.0001,0.00003111495246326707,11.074380165289256,22.107438016528928,0.0011074380165289257,-2.3680351230215635,0,0,17424,726 days 01:00:00,1000.0,175.30280103203438,-82.46971989679656,34.915698157888286,100.0,233.5318872622659,83.72957502104285,722 days 11:00:00,267,1,8.11157266305139,24.360729949532008,-5.914882632735086,3.371816347541291,-1.6348946722730735,4 days 07:23:20,0 days 19:01:24.507042253,-3.119133976146133,-1.7044952097119648,-0.6966366016754596,0.9310963650858706,0.2795819449700906,22.452652557867435,0.9969412137989085,0.3826073157184797,-0.007615090235589475,None,None,-0.00008820134894467459,-0.5334417584173919,-0.8246971989679643,-0.45357752914244864,0.3766494924567718,-3.3619668014046193,1 days 12:05:10.112359550,false
XMR-USD,false,59,87,90,20.224719101123593,0.5535649037622782,0.12258953168044077,0.0001,0.00003111495246326707,3.71900826446281,7.3966942148760335,0.000371900826446281,-1.0569001919092573,0,0,17424,726 days 01:00:00,1000.0,404.0687768206319,-59.59312231793681,34.915698157888286,100.0,133.59623651081031,65.17858653916878,630 days 14:00:00,89,1,18.696981592735142,18.192100306263388,-6.629251517615247,5.785025441936961,-2.679502376141318,11 days 18:53:20,2 days 13:10:59.154929577,-6.905934885079812,-0.7645950599311456,-0.5613871816850194,0.9678492412598241,-0.1317972848101033,26.998074778400316,0.9735068151127024,0.37910565888405223,-0.007445281664846191,None,None,-0.00004000371309652719,-0.24194245680779644,-0.595931223179369,-0.2698610037651068,0.3808261485068124,-2.7067716088178324,4 days 10:01:20.898876403,false
XMR-USD,false,60,86,90,20.224719101123593,0.5534311265921288,0.12258953168044077,0.0001,0.00003111495246326707,3.71900826446281,7.3966942148760335,0.000371900826446281,-1.0646585060814777,0,0,17424,726 days 01:00:00,1000.0,402.08380679263064,-59.791619320736935,34.915698157888286,100.0,133.29908122496423,65.40292085208,630 days 14:00:00,89,1,18.605133496062933,18.057665683864617,-6.5922586193052535,5.838479052324946,-2.6984924777668766,11 days 18:53:20,2 days 13:08:27.042253521,-6.927205918016096,-0.7703826785015023,-0.5618588859687338,0.9676053207816709,-0.13337284637007135,27.030712590892517,0.9734659210955129,0.37888739416000633,-0.007445281664846205,None,None,-0.00004029381313578608,-0.24369698184523422,-0.5979161932073715,-0.27110793071068484,0.3807060714563601,-2.7124566448695964,4 days 09:59:19.550561796,false
XMR-USD,false,61,85,90,20.224719101123593,0.5546546152448262,0.12258953168044077,0.0001,0.00003111495246326707,3.71900826446281,7.3966942148760335,0.000371900826446281,-1.0713875304163365,0,0,17424,726 days 01:00:00,1000.0,399.82155305968865,-60.01784469403113,34.915698157888286,100.0,133.77531687299444,65.59757522544467,630 days 14:00:00,89,1,18.500454988765853,18.057665683864617,-6.592258619305251,5.849500768276602,-2.709086485937715,11 days 21:19:59.999999999,2 days 12:32:06.760563380,-6.951448336281766,-0.7755743613081709,-0.5629228452844387,0.9673809236638091,-0.1393958745321734,26.9767605532232,0.9734422076466673,0.37888739416000633,-0.0074452816648462,None,None,-0.00004059802885509227,-0.24553687851559805,-0.6001784469403121,-0.27253395323949114,0.3810126968836943,-2.7189358328918782,4 days 09:59:59.999999999,false
XMR-USD,false,18,55,194,20.207253886010363,0.45578988569336015,0.26584022038567495,0.0001,0.000031088082901554414,8.016528925619834,15.991735537190083,0.0008016528925619834,-1.8514645631517277,0,0,17424,726 days 01:00:00,1000.0,240.1603270297395,-75.98396729702604,34.915698157888286,100.0,197.9126708847561,78.19778274738191,722 days 11:00:00,193,1,11.965898150879326,20.68021897104222,-7.125563139087612,3.886373442783259,-1.874920334991649,5 days 13:04:36.923076923,1 days 04:51:02.337662337,-3.9989925964825863,-1.3351650408402291,-0.6545458314529748,0.9453556931102676,0.10923212188267113,23.388892683278918,0.9869567867408641,0.38711988536857184,-0.007608808267455842,None,None,-0.00006986605254879772,-0.42254988581512865,-0.7598396729702606,-0.3904915622702484,0.3808809029163255,-3.1762121711966813,2 days 01:54:42.901554403,false
XMR-USD,false,7,40,392,20.20460358056266,0.4005827691346365,0.5385674931129476,0.0001,0.00003108400550855795,16.198347107438018,32.35537190082645,0.0016198347107438018,-3.410395074357962,0,0,17424,726 days 01:00:00,1000.0,82.98925395482604,-91.7010746045174,34.915698157888286,100.0,294.24322519556995,92.16303088513655,722 days 11:00:00,391,1,3.84006051097829,21.41807728755482,-11.595387641454282,2.5772147173092703,-1.422694203760221,2 days 19:14:25.822784810,0 days 13:29:25.384615384,-2.355117152317529,-2.5036413718625967,-0.7745724623752114,0.8991968619390912,-0.41675328617755786,36.71066370570301,1.00573587122776,0.37129141418115996,-0.007684856761732422,None,None,-0.00013084674709397002,-0.7913611264243307,-0.9170107460451739,-0.5784918457964245,0.3804072235673178,-3.626356608704957,1 days 00:21:01.381074168,false
XMR-USD,false,10,47,298,20.2020202020202,0.418857026167669,0.4090909090909091,0.0001,0.00003108003108003108,12.31404958677686,24.586776859504134,0.001231404958677686,-2.660058198324649,0,0,17424,726 days 01:00:00,1000.0,147.1970402729845,-85.28029597270155,34.915698157888286,100.0,249.1922368955091,86.13447579234193,722 days 11:00:00,297,1,6.811069081219216,23.465520524001402,-6.189806240950003,2.9915843155012376,-1.5346372241895385,3 days 15:30:00,0 days 18:25:49.367088607,-2.8943233293206534,-1.914221863246265,-0.7178727695759671,0.9229878266888778,0.33707588615513984,22.464650834987566,1.002728427742547,0.37932399271748596,-0.007618027989106666,None,None,-0.00009838770665767189,-0.5950488498655996,-0.8528029597270158,-0.48573359300699337,0.37411619594269063,-3.442462859744785,1 days 08:23:01.818181817,false
XMR-USD,false,14,33,298,20.2020202020202,0.43665507883105403,0.4090909090909091,0.0001,0.00003108003108003108,12.31404958677686,24.586776859504134,0.001231404958677686,-2.634051676049045,0,0,17424,726 days 01:00:00,1000.0,148.85249523344635,-85.11475047665536,34.915698157888286,100.0,260.84368574218735,85.9635449898473,722 days 11:00:00,297,1,6.887669929141538,23.46552052400139,-6.189806240949997,3.0040679473202587,-1.5321887693466312,3 days 11:56:00,0 days 19:08:36.455696202,-2.889007322207733,-1.8939029894997594,-0.7167969279512405,0.9236808837508622,0.331894608025538,22.246763007177663,1.0048686937553957,0.3765997787960183,-0.007662399020550757,None,None,-0.00009766845751236115,-0.5906988310347603,-0.8511475047665543,-0.4837334647676199,0.37536566399447435,-3.437721568440868,1 days 08:13:56.363636362,false
XMR-USD,false,6,35,437,20.18348623853211,0.40121945056791114,0.6005509641873278,0.0001,0.0000310515172900494,18.05785123966942,36.074380165289256,0.0018057851239669423,-3.535246166913182,0,0,17424,726 days 01:00:00,1000.0,75.70264983997981,-92.42973501600203,34.915698157888286,100.0,319.7878806203843,92.88505661084184,722 days 11:00:00,436,1,3.5028963675846683,21.123879122043224,-11.52063710364103,2.4516889503732187,-1.3376689577661574,2 days 12:56:35.454545454,0 days 11:46:02.068965517,-2.127982216806437,-2.6008287663093825,-0.7824593765808355,0.8952630839785314,-0.44238164189587287,36.61133706569866,1.0080055690906766,0.36859880615771284,-0.007703388674781311,None,None,-0.00013608988879548436,-0.8230716474350894,-0.9242973501600208,-0.5917243796213502,0.3808658585501917,-3.647225743504715,0 days 21:41:33.577981650,false
XMR-USD,false,12,64,229,20.175438596491226,0.4565683247980899,0.3140495867768595,0.0001,0.0000310391363022942,9.462809917355372,18.884297520661157,0.0009462809917355373,-2.0767874107728472,0,0,17424,726 days 01:00:00,1000.0,209.51130838797997,-79.048869161202,34.915698157888286,100.0,218.12853930898098,80.58335218977588,722 days 11:00:00,228,1,9.694461193518038,20.605571745257073,-6.168481229071119,3.6523671855141404,-1.7445939675608864,4 days 21:45:39.130434782,0 days 23:08:14.505494505,-3.509575231603237,-1.4955291209745993,-0.67535288072285,0.9390998006180915,0.19081682557114618,22.97224140021195,0.9933459381693229,0.38348551012306464,-0.007614106571059715,None,None,-0.00007783339245234743,-0.47073635755179727,-0.7904886916120198,-0.41870098744475204,0.3788166248747769,-3.263992225037121,1 days 18:13:41.052631578,false
XMR-USD,false,8,41,363,20.165745856353592,0.42683861789318545,0.4986225895316804,0.0001,0.00003102422439439015,15.0,29.958677685950413,0.0015,-2.9785373782394444,0,0,17424,726 days 01:00:00,1000.0,119.08211924850775,-88.09178807514922,34.915698157888286,100.0,294.25714631579984,88.79314264317321,722 days 11:00:00,362,1,5.510141637599375,24.427265072754313,-6.18980624095002,2.7370161882400486,-1.4001631065530735,3 days 00:20:32.876712328,0 days 14:41:18.892733564,-2.4486961944450045,-2.146581467720023,-0.739824199131726,0.9138467529728792,0.3201902467284238,22.529410129848745,1.0154282785521163,0.3718312076838293,-0.007638748123339053,None,None,-0.00011051161360155845,-0.6683742390622255,-0.880917880751495,-0.5222090992823396,0.37473002228082664,-3.5229851534630474,1 days 02:18:53.701657457,false
XMR-USD,false,12,56,244,20.16460905349794,0.45238101158544664,0.3347107438016529,0.0001,0.00003102247546691991,10.082644628099175,20.123966942148762,0.0010082644628099176,-2.1724761083439286,0,0,17424,726 days 01:00:00,1000.0,198.63193777588924,-80.13680622241107,34.915698157888286,100.0,219.83783676464552,81.56432171658851,722 days 11:00:00,243,1,9.191053348756213,25.977214236284237,-6.399618215274409,3.7218279604311726,-1.7297697543246295,4 days 14:34:17.142857142,0 days 21:53:30.309278350,-3.3356342204644718,-1.5608589294061996,-0.6820113312819741,0.9368268392057338,0.2849163523209586,22.18720979902076,0.9962249886555796,0.3848048954939204,-0.007624566622412779,None,None,-0.00008097293367622678,-0.4897243028738196,-0.8013680622241119,-0.4293608064277873,0.3776018951092291,-3.2951511913075198,1 days 15:46:25.185185184,false
XMR-USD,false,10,65,259,20.155038759689923,0.4319284635250744,0.35537190082644626,0.0001,0.000031007751937984497,10.702479338842975,21.363636363636363,0.0010702479338842977,-2.3458675048609434,0,0,17424,726 days 01:00:00,1000.0,174.8410755636785,-82.51589244363215,34.915698157888286,100.0,230.4422533666557,83.79644701232986,722 days 11:00:00,258,1,8.090207803705766,25.899293245929734,-5.957955217046675,3.412217259113527,-1.668751237451999,4 days 12:24:13.846153846,0 days 19:26:47.766990291,-3.2296477993799546,-1.6923924860925508,-0.6967395638152434,0.9314518646013449,0.19130603760745163,22.940738823620745,0.9955301942838226,0.38304627351377096,-0.00763152179938263,None,None,-0.00008818530416287285,-0.533344719577055,-0.8251589244363217,-0.4540774903741238,0.37927400094557306,-3.363289202194854,1 days 13:22:33.488372092,false
XMR-USD,false,11,57,259,20.155038759689923,0.4322766141157933,0.35537190082644626,0.0001,0.000031007751937984497,10.702479338842975,21.363636363636363,0.0010702479338842977,-2.3728149151516194,0,0,17424,726 days 01:00:00,1000.0,174.7503197409343,-82.52496802590657,34.915698157888286,100.0,227.42556676201662,83.780852612423,722 days 11:00:00,258,1,8.086008370231468,24.360729949532,-6.085687958228586,3.477980604051435,-1.6855666454150486,4 days 10:03:27.692307692,0 days 20:04:57.087378640,-3.2299832892608444,-1.707681237046356,-0.6969988877512213,0.9310526573223684,0.2798953931158436,22.401342373917288,0.9964404449404065,0.38315605651690754,-0.0076150902355893195,None,None,-0.00008837908467821613,-0.5345167041338511,-0.8252496802590658,-0.4541758630838848,0.3767043515191818,-3.3635491306153997,1 days 13:24:39.069767440,false
XMR-USD,false,3,15,959,20.146137787056368,0.33239739528454076,1.3195592286501376,0.0001,0.00003099405813393288,39.62809917355372,79.21487603305785,0.0039628099173553725,-7.013112976215793,0,0,17424,726 days 01:00:00,1000.0,6.1681123157017055,-99.38318876842983,34.915698157888286,100.0,443.04402938763917,99.40099189055603,725 days 02:00:00,958,1,0.019396776877186994,12.103466817311471,-11.80539683729652,1.501422706797178,-1.029631027426426,1 days 00:25:29.533678756,0 days 05:58:54.117647058,-1.0374230526734605,-5.263835908650135,-0.928103935734075,0.7974134646439317,-0.39673992176464534,36.407132738231844,1.0296507790004459,0.34545594934754076,-0.00800875289044716,None,None,-0.00027959032113663966,-1.6909622622343967,-0.9938318876842982,-0.8290026273779229,0.3866141408916569,-3.84637552767871,0 days 09:41:50.229645092,false
XMR-USD,false,11,38,309,20.12987012987013,0.43112949900225983,0.42424242424242425,0.0001,0.00003096903096903097,12.768595041322314,25.49586776859504,0.0012768595041322314,-2.691444842115189,0,0,17424,726 days 01:00:00,1000.0,143.02704430895437,-85.69729556910455,34.915698157888286,100.0,262.4059160566381,86.50662922884483,722 days 11:00:00,308,1,6.618115944887535,23.46552052400137,-6.18980624095001,2.9818034031772016,-1.5108693730855498,3 days 09:56:07.741935483,0 days 18:17:19.024390243,-2.8038671157010806,-1.9358641021584415,-0.7211128339992352,0.9220834624750048,0.3277461812360633,22.193516310959573,1.0104732162880354,0.3755131038838017,-0.007662399020550743,None,None,-0.00009993514445608988,-0.6044077536704316,-0.8569729556910449,-0.49083776190179806,0.3757520186100058,-3.454405900222376,1 days 07:06:02.337662336,false
XMR-USD,false,22,66,165,20.121951219512198,0.5559179397812423,0.22589531680440772,0.0001,0.00003095684803001877,6.818181818181818,13.59504132231405,0.0006818181818181819,-1.1340898221070828,0,0,17424,726 days 01:00:00,1000.0,387.06911698420777,-61.293088301579225,34.915698157888286,100.0,203.93928147731094,64.46956576223842,722 days 11:00:00,164,1,17.178437527934364,22.09083756125398,-7.17250568805468,4.385861538306503,-1.791990860371066,6 days 18:12:43.636363636,1 days 08:49:55.419847328,-3.842130003315404,-0.8132070506020973,-0.5885860198964842,0.9664308531551739,0.11649175185207315,23.129408092924646,0.987684066785953,0.39244046667732146,-0.007487835016430339,None,None,-0.00004250452207206965,-0.25706734949187726,-0.6129308830157909,-0.28067270309921843,0.3804450573501944,-2.7554593359242814,2 days 10:51:57.073170731,false
XMR-USD,false,5,30,528,20.113851992409867,0.37025335903467843,0.7258953168044077,0.0001,0.000030944387680630566,21.81818181818182,43.59504132231405,0.002181818181818182,-4.476406776667509,0,0,17424,726 days 01:00:00,1000.0,38.98062518803101,-96.1019374811969,34.915698157888286,100.0,341.96010419298057,96.3689878715212,722 days 11:00:00,527,1,1.8037029174798889,18.966464643100238,-11.805396837296538,2.0086104852156375,-1.2598729446685462,1 days 23:44:43.018867924,0 days 10:17:31.781472684,-1.8269887622949688,-3.322657518345728,-0.834608207211205,0.8677634841319285,-0.4998884282174936,36.574111213497,1.0092323851125682,0.361328125,-0.007750352932135778,None,None,-0.00017413451511542985,-1.0531655474181199,-0.9610193748119703,-0.6757341542964197,0.3814672218003592,-3.7523991371051877,0 days 17:49:31.537001897,false
XMR-USD,false,13,85,180,20.11173184357542,0.5168476501160534,0.2465564738292011,0.0001,0.00003094112591319295,7.43801652892562,14.834710743801653,0.000743801652892562,-1.3887829708795278,0,0,17424,726 days 01:00:00,1000.0,326.7413454285586,-67.32586545714415,34.915698157888286,100.0,205.99687132336416,69.7102544116205,722 days 11:00:00,179,1,15.515995294165862,21.2469643982023,-6.070947836557034,4.011976368117897,-1.76177722852056,6 days 06:30:00,1 days 05:53:42.377622377,-3.847903071874902,-0.9984949407582437,-0.6170216932269913,0.9590098776511937,0.09992501534347942,23.123826055285186,0.9871585573050391,0.39188433580956944,-0.007534468867054797,None,None,-0.00005221496173636324,-0.31579608858152486,-0.6732586545714393,-0.3217554629209759,0.38063352744737533,-2.9282405625314305,2 days 06:09:03.016759775,false
XMR-USD,false,14,73,185,20.108695652173914,0.47166319671709095,0.2534435261707989,0.0001,0.000030936454849498333,7.644628099173554,15.24793388429752,0.0007644628099173554,-1.6247024812285271,0,0,17424,726 days 01:00:00,1000.0,280.6446709486422,-71.93553290513577,34.915698157888286,100.0,196.01576966250613,73.94863425289383,722 days 11:00:00,184,1,13.32699841845988,21.246964398202298,-7.125563139087611,3.904322206034176,-1.8145423636828943,5 days 19:47:01.621621621,1 days 06:34:17.142857142,-3.9819691710316194,-1.1697816588572154,-0.6383792460705237,0.9520770970250739,0.10321892210121296,23.322792904376946,0.9900037822043066,0.38789326961369974,-0.007566873914135413,None,None,-0.000061006728958245666,-0.3689686967394698,-0.7193553290513578,-0.3566280633433724,0.37960408414752167,-3.060263339998081,2 days 04:31:57.391304346,false
XMR-USD,false,19,56,185,20.108695652173914,0.4620794972458434,0.2534435261707989,0.0001,0.000030936454849498333,7.644628099173554,15.24793388429752,0.0007644628099173554,-1.7006447854795466,0,0,17424,726 days 01:00:00,1000.0,266.00114636410626,-73.39988536358938,34.915698157888286,100.0,193.26483672078564,75.8538638749433,722 days 11:00:00,184,1,13.253407274948756,20.68021897104221,-7.125563139087611,3.97259845359193,-1.8655666818486356,5 days 16:35:40.540540540,1 days 07:04:53.877551020,-4.061153591906753,-1.2257185251061413,-0.6408446895570351,0.9496649396233086,0.10457537246032478,23.537405810663948,0.9849604948741953,0.38789326961369974,-0.007566873914135424,None,None,-0.00006403897004083535,-0.3873076908069722,-0.7339988536358953,-0.3684841656072808,0.3802870467340124,-3.1022029985388277,2 days 04:17:56.086956521,false
XMR-USD,false,13,75,190,20.105820105820104,0.4742874105046348,0.2603305785123967,0.0001,0.00003093203093203093,7.851239669421488,15.661157024793388,0.0007851239669421488,-1.645212891937846,0,0,17424,726 days 01:00:00,1000.0,276.0604896478892,-72.39395103521107,34.915698157888286,100.0,199.97794323710113,74.3741694441137,722 days 11:00:00,189,1,13.109308993827085,20.605571745257087,-7.125563139087608,3.8850368298617677,-1.7974039909597153,5 days 18:50:31.578947368,1 days 05:09:56.026490066,-3.8997292028885626,-1.1850468932999805,-0.6405795208275286,0.9514992767769228,0.09571163427838486,23.25613217831707,0.9891302932560088,0.38899960143483453,-0.007566994865923117,None,None,-0.00006191012322598903,-0.3744324252707817,-0.7239395103521128,-0.36029528170805225,0.3802630057224983,-3.073392624367603,2 days 03:13:00.952380952,false
XMR-USD,false,17,59,190,20.105820105820104,0.48140781396659726,0.2603305785123967,0.0001,0.00003093203093203093,7.851239669421488,15.661157024793388,0.0007851239669421488,-1.6262570563738308,0,0,17424,726 days 01:00:00,1000.0,279.41931339839925,-72.05806866016007,34.915698157888286,100.0,201.68547803974354,74.63377631670653,722 days 11:00:00,189,1,13.921962410968206,20.680218971042233,-7.125563139087604,4.048526504074752,-1.827901454535887,5 days 14:41:03.157894736,1 days 05:47:17.086092715,-3.886257402182906,-1.1706725971886944,-0.6340732384502747,0.9518998870749541,0.11381852408626386,23.46649323952583,0.9884813253986325,0.38745123019348676,-0.007573869459241539,None,None,-0.00006120061553813602,-0.3701413227746466,-0.7205806866016008,-0.3576044621187501,0.3805206955254744,-3.0637728145751093,2 days 02:52:41.904761904,false
XMR-USD,false,19,54,190,20.105820105820104,0.465567065824123,0.2603305785123967,0.0001,0.00003093203093203093,7.851239669421488,15.661157024793388,0.0007851239669421488,-1.7325009161162812,0,0,17424,726 days 01:00:00,1000.0,260.4357469448563,-73.95642530551437,34.915698157888286,100.0,197.5008351345335,76.35714105878735,722 days 11:00:00,189,1,12.976113337838797,20.680218971042212,-7.125563139087608,3.966449641976472,-1.8539224750393248,5 days 14:47:22.105263157,1 days 05:53:38.543046357,-3.9816950602803294,-1.2480809903474523,-0.643736980519043,0.9488199485423556,0.11382790551508387,23.47390534301207,0.9871934919344385,0.38800382348255535,-0.007592921762430962,None,None,-0.00006524051165733096,-0.39457461450353765,-0.7395642530551443,-0.3731018768730078,0.38048061442728065,-3.118142532080684,2 days 02:59:02.857142855,false
XMR-USD,false,12,79,195,20.103092783505154,0.48201930736658777,0.26721763085399447,0.0001,0.000030927835051546395,8.057851239669422,16.074380165289256,0.0008057851239669422,-1.5947707661102775,0,0,17424,726 days 01:00:00,1000.0,285.35920766796914,-71.46407923320308,34.915698157888286,100.0,206.17924160882717,73.39859827932426,722 days 11:00:00,194,1,13.204078511252817,20.60557174525708,-5.166804431970885,3.8227309805137577,-1.7390657646185943,5 days 17:04:36.923076923,1 days 03:55:21.290322580,-3.7517776847591984,-1.1481857575574388,-0.6371139563059156,0.9529412367232977,0.0954259457165918,23.27209565091639,0.9898406208127655,0.38911033163265296,-0.007549268901077523,None,None,-0.000060002023120634204,-0.36289223583359564,-0.7146407923320299,-0.3528971344316648,0.38037475256611014,-3.046760712331844,2 days 01:51:57.525773195,false
XMR-USD,false,17,57,195,20.103092783505154,0.4698315667618422,0.26721763085399447,0.0001,0.000030927835051546395,8.057851239669422,16.074380165289256,0.0008057851239669422,-1.7092442801426262,0,0,17424,726 days 01:00:00,1000.0,264.91089178498964,-73.50891082150103,34.915698157888286,100.0,202.65435360052092,75.95087878704493,722 days 11:00:00,194,1,13.199085749767733,20.680218971042226,-7.125563139087602,3.8957318745632867,-1.803673614258213,5 days 13:06:09.230769230,1 days 04:37:32.903225806,-3.8571556389937034,-1.2306392730714881,-0.6414217120918775,0.9495312225497721,0.12110838064293414,23.49747995825172,0.9889405726535434,0.38756171364867015,-0.007573869459241568,None,None,-0.00006428092843303148,-0.3887710551629744,-0.7350891082150082,-0.36938376609178347,0.3801975506169694,-3.1053255326327656,2 days 01:37:43.917525772,false
XMR-USD,false,11,83,200,20.100502512562816,0.4628370130269657,0.2741046831955923,0.0001,0.00003092385001932741,8.264462809917356,16.487603305785125,0.0008264462809917356,-1.6982849331824457,0,0,17424,726 days 01:00:00,1000.0,266.3185800572236,-73.36814199427765,34.915698157888286,100.0,205.85299920756404,75.17358002330425,722 days 11:00:00,199,1,12.323034777180084,20.60557174525709,-6.07094783655703,3.6531371569217526,-1.720080183731798,5 days 15:31:30,1 days 02:44:09.056603773,-3.7487661041203872,-1.2235968008052138,-0.6462340210562196,0.9499621470033782,0.09436430726406832,23.244795299184403,0.9885214961437346,0.38877819399059543,-0.007555296026784082,None,None,-0.00006395872275217628,-0.3868223552051621,-0.7336814199427772,-0.3682226945395888,0.38046910244145193,-3.101293855345752,2 days 00:36:10.854271355,false
XMR-USD,false,11,80,205,20.098039215686274,0.44903665144805854,0.2809917355371901,0.0001,0.00003092006033182504,8.47107438016529,16.90082644628099,0.000847107438016529,-1.8561127777860964,0,0,17424,726 days 01:00:00,1000.0,239.86198776468223,-76.01380122353177,34.915698157888286,100.0,205.4210156798748,77.70595432260977,722 days 11:00:00,204,1,11.098841156004255,20.605571745257066,-6.070947836557032,3.5921402910468117,-1.7485322699041275,5 days 13:07:19.024390243,1 days 01:48:13.251533742,-3.780572810741778,-1.3397724593707667,-0.6590811312936103,0.9452873871214093,0.08723644009693336,23.294729396045852,0.9850542482664717,0.38822498406628425,-0.007569827638455901,None,None,-0.0000699800028989981,-0.4232390575331405,-0.7601380122353162,-0.3907544704364605,0.3801901442486546,-3.177066627160037,1 days 23:22:21.176470587,false
XMR-USD,false,7,36,414,20.09685230024213,0.40353507761076823,0.568870523415978,0.0001,0.00003091823430806482,17.107438016528928,34.17355371900827,0.0017107438016528928,-3.389474420623364,0,0,17424,726 days 01:00:00,1000.0,83.93869787602807,-91.60613021239719,34.915698157888286,100.0,303.3071105044152,92.07337153368844,722 days 11:00:00,413,1,3.883992971332489,21.418077287554794,-11.595387641454264,2.5710092808372322,-1.370206522644823,2 days 16:40:28.915662650,0 days 12:24:32.727272727,-2.227470448172654,-2.487435989145282,-0.7735444348263832,0.8995389560846205,-0.4220495905528139,36.63933190120899,1.0093697299683755,0.36859880615771284,-0.007687330976663877,None,None,-0.0001301635671141191,-0.7872292539061924,-0.9160613021239722,-0.5768243008028693,0.3808864058683828,-3.6236373621445455,0 days 22:54:46.198547215,false
XMR-USD,false,14,62,210,20.095693779904305,0.45151427699045643,0.2878787878787879,0.0001,0.00003091645196908355,8.677685950413224,17.31404958677686,0.0008677685950413224,-1.9400146497222381,0,0,17424,726 days 01:00:00,1000.0,227.75270781745064,-77.22472921825494,34.915698157888286,100.0,203.87994951263514,78.96608388045605,722 days 11:00:00,209,1,10.815313066958481,20.605571745257073,-6.168481229071121,3.75770578771766,-1.796959099820104,5 days 05:08:34.285714285,1 days 02:15:48.502994011,-3.746711029901954,-1.3986195884063106,-0.6644452587399758,0.9428380146121639,0.12217946998670945,23.573872424528812,0.9909141891805382,0.3850250377553454,-0.00758622703846431,None,None,-0.00007297855773923229,-0.44137431720687686,-0.7722472921825463,-0.4016109770506078,0.3797988226303122,-3.2117481045071994,1 days 22:08:02.296650715,false
XMR-USD,false,14,63,210,20.095693779904305,0.44974809927432646,0.2878787878787879,0.0001,0.00003091645196908355,8.677685950413224,17.31404958677686,0.0008677685950413224,-1.916199896073563,0,0,17424,726 days 01:00:00,1000.0,231.11049779726295,-76.8889502202737,34.915698157888286,100.0,204.8755544920293,78.65597791746113,722 days 11:00:00,209,1,10.974764737995827,20.605571745257087,-6.1684812290711095,3.739795816483692,-1.7843904675427305,5 days 05:08:34.285714285,1 days 02:15:05.389221556,-3.7314079757929783,-1.3810911627598976,-0.6626022890652312,0.9435330583485272,0.12259185768136746,23.51182896486721,0.9908557690149236,0.3851351351351352,-0.007587215347123303,None,None,-0.0000721201412574568,-0.43618261432509875,-0.7688895022027364,-0.39856354389675397,0.3800950087537998,-3.2021312554766332,1 days 22:07:27.846889950,false
XMR-USD,false,11,75,220,20.091324200913242,0.4544909172313175,0.30165289256198347,0.0001,0.000030909729539866524,9.090909090909092,18.140495867768596,0.0009090909090909092,-1.894762094379191,0,0,17424,726 days 01:00:00,1000.0,234.45970591354933,-76.55402940864506,34.915698157888286,100.0,218.91811378235937,78.20807105846144,722 days 11:00:00,219,1,10.84886795806463,20.605571745257084,-5.166804431970888,3.478813768236231,-1.6737933348767755,5 days 04:31:21.818181818,0 days 23:52:48,-3.545155991070843,-1.3637560338150916,-0.6619526059034538,0.9442825972561122,0.14047366601852632,23.436135227518548,0.9905157299750889,0.386899076727157,-0.007587215347123293,None,None,-0.00007127504789390291,-0.43107148966232484,-0.7655402940864522,-0.39555256274751427,0.3804160020204426,-3.192538985257257,1 days 20:06:01.643835615,false
XMR-USD,false,12,63,235,20.085470085470085,0.4404363093162951,0.32231404958677684,0.0001,0.000030900723208415516,9.710743801652892,19.380165289256198,0.0009710743801652893,-2.150119017488543,0,0,17424,726 days 01:00:00,1000.0,199.33427644637027,-80.06657235536298,34.915698157888286,100.0,216.62379236983497,81.52651772334076,722 days 11:00:00,234,1,9.223551809283663,20.60557174525709,-6.168481229071123,3.5831762809304566,-1.7267289599993056,4 days 20:22:58.723404255,0 days 22:14:26.310160427,-3.4610652793286865,-1.5489798627931168,-0.6813609525072122,0.9369603475362003,0.19447554120276267,22.983215515233763,0.9932400701512575,0.38326585695006754,-0.007615090235589379,None,None,-0.00008067367148905437,-0.48791436516580083,-0.8006657235536279,-0.4286612907215642,0.3790914546263413,-3.2931396643797037,1 days 17:08:58.461538460,false
XMR-USD,false,16,46,235,20.085470085470085,0.4629213412734763,0.32231404958677684,0.0001,0.000030900723208415516,9.710743801652892,19.380165289256198,0.0009710743801652893,-2.1014409350842196,0,0,17424,726 days 01:00:00,1000.0,206.05566782786377,-79.39443321721362,34.915698157888286,100.0,223.40190212979405,80.89967116594688,722 days 11:00:00,234,1,9.78498380166701,20.680218971042226,-6.168481229071113,3.7175135267282395,-1.7397869929805108,4 days 13:48:30.638297872,1 days 00:04:10.267379679,-3.4347406665547187,-1.5132860761911129,-0.6774030863179459,0.9384773324994623,0.19057816032091524,23.012723438559533,0.9938527228635703,0.3853553824137382,-0.007633162839139284,None,None,-0.00007878074327152553,-0.4764659353061864,-0.7939443321721359,-0.42204688958431136,0.37892824821837856,-3.2738893221665832,1 days 17:17:26.153846152,false
XMR-USD,false,12,46,275,20.072992700729927,0.42083628672258744,0.3774104683195592,0.0001,0.000030881527231892196,11.363636363636363,22.685950413223143,0.0011363636363636363,-2.4555019416467982,0,0,17424,726 days 01:00:00,1000.0,168.19669866725974,-83.18033013327403,34.915698157888286,100.0,238.2222697286069,84.4797076622025,722 days 11:00:00,274,1,7.782760656947659,24.879197779776195,-6.399618215274412,3.165902574228474,-1.5748890756056133,3 days 22:44:43.636363636,0 days 20:14:14.794520547,-3.064182707991563,-1.7633389228650105,-0.700606320813425,0.9289337054825171,0.34847618274688663,22.343534568940793,0.9999153507519413,0.3819494012213498,-0.0076245666224128384,None,None,-0.00009071462414277547,-0.548642046815506,-0.8318033013327399,-0.46136954395354424,0.37445484642229043,-3.3823189717454243,1 days 11:11:36.350364961,false
XMR-USD,false,13,33,310,20.06472491909385,0.42577426259541434,0.4256198347107438,0.0001,0.000030868807567836696,12.809917355371901,25.578512396694215,0.0012809917355371902,-2.7732829300807533,0,0,17424,726 days 01:00:00,1000.0,135.65930142117054,-86.43406985788295,34.915698157888286,100.0,259.75665788924016,87.32413051711167,722 days 11:00:00,309,1,6.2771973660336755,23.46552052400139,-6.18980624095001,2.9714755998740277,-1.5242926273822,3 days 09:19:21.290322580,0 days 18:20:24.291497975,-2.8175336438345098,-1.9955071129634308,-0.7256649852939974,0.9197819363044465,0.328928027574967,22.208734782127692,1.0096301086087094,0.37475345167652857,-0.007658393323117531,None,None,-0.00010297808816424893,-0.6228114772173775,-0.8643406985788303,-0.5000989179845683,0.37562067505979163,-3.475507419815274,1 days 06:58:38.446601940,false
XMR-USD,false,10,40,320,20.06269592476489,0.42659581854769035,0.4393939393939394,0.0001,0.000030865686038099827,13.223140495867769,26.40495867768595,0.001322314049586777,-2.8138214087613624,0,0,17424,726 days 01:00:00,1000.0,132.07327895096898,-86.7926721049031,34.915698157888286,100.0,265.1055859354063,87.54002272466704,722 days 11:00:00,319,1,6.111265722801932,23.465520524001406,-6.189806240950011,2.9291764720145883,-1.4989389071147405,3 days 08:47:48.750000,0 days 17:15:45.882352941,-2.739930993015151,-2.0255040388125445,-0.7294733183376741,0.918648287412313,0.32880001448009955,22.212401933179517,1.0088899260790232,0.3751874358771999,-0.007677990726981638,None,None,-0.00010451727830390747,-0.6321204991820324,-0.8679267210490303,-0.5047256385786361,0.3755890504037787,-3.485777936114234,1 days 06:00:33.855799372,false
XMR-USD,false,7,39,395,20.050761421319795,0.39846840611071355,0.5426997245179064,0.0001,0.00003084732526356892,16.322314049586776,32.603305785123965,0.0016322314049586777,-3.445116463093563,0,0,17424,726 days 01:00:00,1000.0,81.04320770921265,-91.89567922907872,34.915698157888286,100.0,294.94182455522366,92.34680292303527,722 days 11:00:00,394,1,3.75001348700593,21.4180772875548,-11.595387641454264,2.542604586718672,-1.4082978847993775,2 days 19:15:56.962025316,0 days 13:18:40,-2.3418954461365296,-2.5313277106353724,-0.7767052203858021,0.8980843461686245,-0.42472802395826625,36.77573046993529,1.0028005620670213,0.37118350645262826,-0.0076972577278368185,None,None,-0.0001322211376634122,-0.799673440588317,-0.9189567922907891,-0.5819491016494789,0.3801985537786577,-3.63193016543813,1 days 00:07:45.989847715,false
XMR-USD,false,7,37,410,20.048899755501225,0.4012003750946257,0.5633608815426997,0.0001,0.00003084446116230958,16.94214876033058,33.84297520661157,0.001694214876033058,-3.577258559598227,0,0,17424,726 days 01:00:00,1000.0,74.22850489369034,-92.57714951063096,34.915698157888286,100.0,304.009126623535,92.9903394406824,722 days 11:00:00,409,1,3.4346850567710305,21.418077287554823,-11.595387641454277,2.498495319307119,-1.3949433459629277,2 days 17:02:11.707317073,0 days 12:39:26.972477064,-2.2718977510099743,-2.6306695558485056,-0.784463769272779,0.8940971940694922,-0.4285163319853362,36.941596008366616,1.0046207176330675,0.36849132176234983,-0.007678807590829271,None,None,-0.00013728303500264893,-0.8302877956960207,-0.9257714951063108,-0.5945015559277993,0.3798468395915753,-3.6514477554479483,0 days 23:09:32.127139363,false
XMR-USD,false,3,18,884,20.045300113250285,0.3294479988521172,1.2162534435261707,0.0001,0.00003083892325115429,36.52892561983471,73.01652892561984,0.003652892561983471,-6.864228310410246,0,0,17424,726 days 01:00:00,1000.0,7.028661652301935,-99.2971338347698,34.915698157888286,100.0,417.893178993915,99.31969167264415,725 days 02:00:00,883,1,0.022102934388513518,15.064284734460049,-11.805396837296534,1.5376863170484822,-1.072259770410592,1 days 03:09:09.152542372,0 days 06:23:37.563739376,-1.1245678836716722,-5.144773876900873,-0.9235714305945502,0.8017667520232369,-0.376860869751526,36.51710755171516,1.0255739070096253,0.3458716304935506,-0.008010485732286373,None,None,-0.00027219517213249373,-1.646236401057322,-0.9929713383476979,-0.8210727990891054,0.38509871624365755,-3.843910878876017,0 days 10:33:17.734994336,false
XMR-USD,false,6,33,446,20.0,0.39402879029611443,0.6129476584022039,0.0001,0.000030769230769230774,18.429752066115704,36.81818181818182,0.0018429752066115705,-3.6002895977580294,0,0,17424,726 days 01:00:00,1000.0,72.80072221898376,-92.71992777810162,34.915698157888286,100.0,321.222345711236,93.19546238560234,722 days 11:00:00,445,1,3.368619010793765,21.12387912204323,-11.520637103641048,2.424625273469934,-1.3193075776239385,2 days 11:46:31.011235955,0 days 11:32:41.797752808,-2.0911638130153007,-2.646621169577832,-0.7855576704668248,0.8934593211237545,-0.4287624916163383,36.71845274086801,1.008436343636899,0.36698831097513146,-0.007703388674781085,None,None,-0.00013835582352660636,-0.8367760206889153,-0.9271992777810157,-0.5972259331798535,0.3805078370725621,-3.655536983932655,0 days 21:11:27.640449437,false
XMR-USD,false,6,38,436,20.0,0.39056802246128675,0.5991735537190083,0.0001,0.000030769230769230774,18.016528925619834,35.99173553719008,0.0018016528925619835,-3.6735515161240953,0,0,17424,726 days 01:00:00,1000.0,68.68761356052948,-93.13123864394706,34.915698157888286,100.0,316.33039732556296,93.51343241713136,722 days 11:00:00,435,1,3.178298151357083,21.12387912204323,-11.52063710364103,2.425698482380964,-1.3504405714253174,2 days 14:52:24.827586206,0 days 11:29:49.655172413,-2.1482544473352387,-2.705180930502778,-0.7911410937269325,0.8912283358603587,-0.44742223258450325,36.632345002128545,1.0069550003675964,0.3682764036120927,-0.007703388674781258,None,None,-0.00014165216890276193,-0.8567123175239041,-0.9313123864394707,-0.6052746482287283,0.38114028607685535,-3.667317096820144,0 days 21:46:20.689655171,false
XMR-USD,false,7,38,401,20.0,0.40196942827663795,0.5509641873278237,0.0001,0.000030769230769230774,16.570247933884296,33.09917355371901,0.0016570247933884296,-3.4898778894769262,0,0,17424,726 days 01:00:00,1000.0,78.81100798069292,-92.1188992019307,34.915698157888286,100.0,298.2366793244428,92.5575974475907,722 days 11:00:00,400,1,3.646725631993135,21.4180772875548,-11.595387641454279,2.538887408813249,-1.4017934310641629,2 days 18:18:00,0 days 13:04:18.750000,-2.3120892941282465,-2.564294062796469,-0.7791954852925126,0.8967242271839441,-0.4233934681946375,36.886205843761054,1.0038583716731804,0.36978224982312713,-0.007684856761732405,None,None,-0.0001338418867314836,-0.8094757309520128,-0.9211889920193076,-0.585982136730216,0.3799112617918134,-3.638323277551844,0 days 23:43:03,false
XMR-USD,false,7,46,366,20.0,0.4024025365869447,0.5027548209366391,0.0001,0.000030769230769230774,15.12396694214876,30.206611570247937,0.0015123966942148762,-3.1235207901026585,0,0,17424,726 days 01:00:00,1000.0,107.86806169587635,-89.21319383041237,34.915698157888286,100.0,282.1163092302933,89.75520434238476,722 days 11:00:00,365,1,4.991247232317335,23.46552052400139,-6.189806240950013,2.695961702124209,-1.4096776309732797,3 days 01:36:59.178082191,0 days 14:19:06.575342465,-2.45787174119573,-2.252704806543262,-0.7504354985623841,0.9100455906937416,0.3264610194249864,22.319133668703653,1.0116740723228272,0.3733448928121059,-0.0077004771088403316,None,None,-0.00011615175703562713,-0.7024858265514728,-0.892131938304124,-0.5383326214422872,0.3753007587451112,-3.5551026769389398,1 days 02:10:41.095890410,false
XMR-USD,false,8,45,346,20.0,0.4102037981423415,0.47520661157024796,0.0001,0.000030769230769230774,14.297520661157025,28.553719008264462,0.0014297520661157026,-2.966783907895131,0,0,17424,726 days 01:00:00,1000.0,119.94857918533285,-88.00514208146672,34.915698157888286,100.0,271.4280569285052,88.60785422621548,722 days 11:00:00,345,1,5.550234281275408,23.46552052400139,-6.189806240950004,2.7907093568438497,-1.4380763446723448,3 days 05:19:59.999999999,0 days 15:22:49.565217391,-2.566961319118667,-2.1369361804159044,-0.7399574709258987,0.914497265917913,0.33437032699875824,22.363610013834197,1.0100618456406203,0.3754045307443366,-0.007687330976663816,None,None,-0.00011008203536764639,-0.6657761499035253,-0.8800514208146679,-0.5210053110301534,0.3749581891041338,-3.520503576457464,1 days 03:46:15.652173911,false
XMR-USD,false,9,53,296,20.0,0.424584014008296,0.40633608815426997,0.0001,0.000030769230769230774,12.231404958677686,24.421487603305785,0.0012231404958677687,-2.4767379368642213,0,0,17424,726 days 01:00:00,1000.0,166.73692385720392,-83.3263076142796,34.915698157888286,100.0,251.508351440235,84.29387676705333,722 days 11:00:00,295,1,7.715214277918051,24.879197779776195,-6.189806240950004,3.0873797780579086,-1.4987043377184381,3 days 17:30:30.508474576,0 days 18:23:23.389830508,-2.85077386583293,-1.776942146965492,-0.7042679536929396,0.9283985908207371,0.3604306822752846,22.473193092044518,1.006781211058884,0.3798701298701298,-0.007595606630086795,None,None,-0.00009125547843681617,-0.5519131335858642,-0.8332630761427957,-0.4629967140345236,0.3738037055532117,-3.3864998270256326,1 days 08:36:48.813559321,false
XMR-USD,false,10,61,271,20.0,0.42878555246578165,0.371900826446281,0.0001,0.000030769230769230774,11.198347107438018,22.355371900826448,0.0011198347107438018,-2.4115685331896803,0,0,17424,726 days 01:00:00,1000.0,170.14482979939385,-82.98551702006061,34.915698157888286,100.0,234.2837659493824,84.20830316166713,722 days 11:00:00,270,1,7.872904152330676,24.36072994953201,-5.914882632735077,3.3951560846012327,-1.6312547277089293,4 days 08:10:00,0 days 18:38:03.333333333,-3.1026965716775448,-1.735862747827219,-0.7000503451540909,0.9299286370474383,0.2801175986762691,22.379717818635232,0.9991622290632032,0.3826073157184797,-0.00761509023558938,None,None,-0.00008989633739946845,-0.5436930485919852,-0.8298551702006063,-0.4592123171459529,0.3769507042460123,-3.376739443811242,1 days 11:44:26.666666666,false
XMR-USD,false,13,69,206,20.0,0.4656378761803467,0.28236914600550966,0.0001,0.000030769230769230774,8.512396694214877,16.983471074380166,0.0008512396694214877,-1.740233999457368,0,0,17424,726 days 01:00:00,1000.0,259.38012461757387,-74.06198753824262,34.915698157888286,100.0,212.61463339395596,76.04710433124609,722 days 11:00:00,205,1,12.31720701794805,20.605571745257073,-6.1684812290711015,3.653467417064741,-1.7057212025755015,5 days 09:08:46.829268292,1 days 02:36:35.121951219,-3.672863816587196,-1.2528387885528585,-0.6477252398650168,0.9486905638637901,0.12290852012286427,23.445837054771395,0.9892095858932914,0.38789326961369974,-0.007587215347123421,None,None,-0.00006547802516833554,-0.39601109621809333,-0.7406198753824278,-0.3739849964489088,0.38041560688263715,-3.1211658779765874,1 days 23:07:01.463414633,false
XMR-USD,false,13,76,191,20.0,0.48084372139123155,0.26170798898071623,0.0001,0.000030769230769230774,7.892561983471075,15.743801652892563,0.0007892561983471075,-1.5844383615241693,0,0,17424,726 days 01:00:00,1000.0,287.3719890537807,-71.26280109462193,34.915698157888286,100.0,201.69958167377374,73.24510177639677,722 days 11:00:00,190,1,13.646459170893195,21.246964398202284,-5.166804431970883,3.9223991895366974,-1.7685424133649368,5 days 18:50:31.578947368,1 days 04:58:48.947368421,-3.8224972111426947,-1.1404652158308257,-0.6358763090938206,0.953291604452965,0.10149671832860985,23.155876559991317,0.9905875275276299,0.3892210794865662,-0.007566873914135451,None,None,-0.00005959883171542933,-0.3604537342149166,-0.7126280109462151,-0.3513165426206587,0.3803764729136938,-3.0409960234039306,2 days 02:57:09.473684209,false
XMR-USD,false,14,56,226,20.0,0.4819672342079306,0.30991735537190085,0.0001,0.000030769230769230774,9.338842975206612,18.636363636363637,0.0009338842975206613,-1.8945458956968375,0,0,17424,726 days 01:00:00,1000.0,236.12366896906565,-76.38763310309344,34.915698157888286,100.0,220.20463077330496,78.24071432494438,722 days 11:00:00,225,1,11.212825642741507,20.680218971042212,-6.168481229071113,3.935599997338667,-1.7456548667691691,4 days 21:37:20,1 days 00:11:20,-3.4448406963274505,-1.3606797036586153,-0.6594809634014973,0.944455826877982,0.20878422272171065,22.894122336819425,0.9955074931957097,0.3853553824137382,-0.007614106571059622,None,None,-0.00007093290504163471,-0.42900220969180675,-0.7638763310309348,-0.3940670733491851,0.37944582982823216,-3.1877733264180956,1 days 18:52:32,false
XMR-USD,false,14,59,216,20.0,0.46018328356520494,0.29614325068870523,0.0001,0.000030769230769230774,8.925619834710744,17.8099173553719,0.0008925619834710745,-1.9162864139088303,0,0,17424,726 days 01:00:00,1000.0,233.18557041349936,-76.68144295865005,34.915698157888286,100.0,206.3056178222643,78.41685666719248,722 days 11:00:00,215,1,11.07330389564774,20.605571745257066,-6.168481229071123,3.8879020793375823,-1.779896670089144,5 days 01:13:57.209302325,1 days 01:46:23.720930232,-3.6180824813123165,-1.378387708846628,-0.6618727251742301,0.9437761881144958,0.19106240167768176,22.990521457483542,0.9946488822693642,0.3848048954939204,-0.007592921762430949,None,None,-0.00007170175072842388,-0.4336521884055076,-0.7668144295865009,-0.39669469668619706,0.3786311254690851,-3.1961881618949066,1 days 20:51:54.418604650,false
XMR-USD,false,14,67,196,20.0,0.47911513832369895,0.26859504132231404,0.0001,0.000030769230769230774,8.099173553719009,16.15702479338843,0.0008099173553719009,-1.666611182310264,0,0,17424,726 days 01:00:00,1000.0,272.0459051053924,-72.79540948946077,34.915698157888286,100.0,207.61598286869886,74.87746144116208,722 days 11:00:00,195,1,12.9186680610498,20.605571745257084,-7.125563139087611,3.8843109507623805,-1.7716893064549113,5 days 12:20:00,1 days 04:53:04.615384615,-3.799347502336706,-1.1995956523127254,-0.6414045056843867,0.9508200295597248,0.12006922968133232,23.403897858542262,0.9874574891943262,0.38888888888888895,-0.007586227038464248,None,None,-0.00006272916814150966,-0.3793860089198504,-0.7279540948946082,-0.36353963710994774,0.38062086298210895,-3.084890560122297,2 days 01:34:27.692307692,false
XMR-USD,false,14,69,196,20.0,0.47051274078456934,0.26859504132231404,0.0001,0.000030769230769230774,8.099173553719009,16.15702479338843,0.0008099173553719009,-1.6970478459821123,0,0,17424,726 days 01:00:00,1000.0,266.400090459805,-73.3599909540195,34.915698157888286,100.0,206.1531578213796,75.27091404169028,722 days 11:00:00,195,1,12.650564759467954,20.60557174525708,-7.125563139087598,3.7813487500760625,-1.7609689691839965,5 days 14:41:32.307692307,1 days 04:15:00,-3.8269255092290386,-1.221234665929679,-0.6452932620766317,0.949945904910083,0.1252020236399245,23.359404669536442,0.9883649858518377,0.38800382348255535,-0.007587215347123318,None,None,-0.00006391313215461132,-0.38654662327108924,-0.7335999095401968,-0.3681555870178863,0.38093328505738805,-3.10106040618998,2 days 01:32:18.461538461,false
XMR-USD,false,14,82,176,20.0,0.5145061227333622,0.24104683195592286,0.0001,0.000030769230769230774,7.272727272727273,14.50413223140496,0.0007272727272727273,-1.358003010458567,0,0,17424,726 days 01:00:00,1000.0,333.7072631593021,-66.62927368406979,34.915698157888286,100.0,200.31345370749958,69.06449629497611,722 days 11:00:00,175,1,15.84678644821463,21.246964398202277,-5.570763989160791,4.109209139750322,-1.7807888731042103,6 days 10:22:17.142857142,1 days 06:39:00,-3.8979401330794934,-0.975668651633764,-0.6139936891147751,0.9599217874623328,0.10487737228883509,23.14170351738895,0.9879072748440078,0.39177316293929715,-0.007536886087186799,None,None,-0.00005100994026181566,-0.3085081187034611,-0.6662927368406959,-0.31677119229103523,0.3805488448475835,-2.9082898867659233,2 days 07:23:39.428571428,false
XMR-USD,false,14,83,176,20.0,0.5106248012190059,0.24104683195592286,0.0001,0.000030769230769230774,7.272727272727273,14.50413223140496,0.0007272727272727273,-1.3630318032148563,0,0,17424,726 days 01:00:00,1000.0,332.64451794660727,-66.73554820533927,34.915698157888286,100.0,198.8522240190651,69.16301545261624,722 days 11:00:00,175,1,15.796319771897686,21.246964398202294,-5.570763989160802,4.08606939379093,-1.777519029427381,6 days 10:25:42.857142857,1 days 06:38:34.285714285,-3.903724581858804,-0.9792276935651189,-0.6144533720881872,0.9597836694976691,0.10537053791655884,23.143019938196776,0.9883579793970708,0.3916620078268509,-0.00753446886705489,None,None,-0.0000511939614211412,-0.309621078675062,-0.667355482053394,-0.3175271904496514,0.38053358612614424,-2.911333632899508,2 days 07:23:59.999999999,false
XMR-USD,false,15,62,201,20.0,0.463474620802732,0.27548209366391185,0.0001,0.000030769230769230774,8.305785123966942,16.570247933884296,0.0008305785123966942,-1.7778251536681822,0,0,17424,726 days 01:00:00,1000.0,252.89242270448642,-74.71075772955136,34.915698157888286,100.0,204.91687223307883,76.64432595594877,722 days 11:00:00,200,1,12.00912494091122,20.605571745257105,-6.168481229071123,3.8710230156482464,-1.792978814750934,5 days 09:58:30,1 days 03:46:07.500000,-3.79558351118212,-1.2809343519968939,-0.6510553641412129,0.9475156827046978,0.11738094827169904,23.46232552270865,0.9880761400009671,0.3866783383733885,-0.007586227038464306,None,None,-0.00006693532175309535,-0.4048248259627207,-0.747107577295518,-0.37946472472636517,0.38035263298508903,-3.139746923911141,2 days 00:12:36,false
XMR-USD,false,15,65,191,20.0,0.482259826885469,0.26170798898071623,0.0001,0.000030769230769230774,7.892561983471075,15.743801652892563,0.0007892561983471075,-1.605709263924523,0,0,17424,726 days 01:00:00,1000.0,283.7202818955061,-71.62797181044938,34.915698157888286,100.0,203.59207825930218,73.79937139990076,722 days 11:00:00,190,1,13.473050228694149,20.605571745257073,-7.125563139087593,3.9878239040878753,-1.7907941253050925,5 days 14:01:34.736842105,1 days 06:00:47.368421052,-3.84080404385889,-1.1551768445343717,-0.6357398904265171,0.9525503836726356,0.12206505980065727,23.500199683718748,0.9899168086636966,0.38778273335457153,-0.007573869459241589,None,None,-0.000060343151915331444,-0.3649553827839246,-0.7162797181044893,-0.3541895310641495,0.38022219130174856,-3.051454663359407,2 days 02:48:56.842105262,false
XMR-USD,false,16,48,226,20.0,0.4670836345295948,0.30991735537190085,0.0001,0.000030769230769230774,9.338842975206612,18.636363636363637,0.0009338842975206613,-1.966699765179963,0,0,17424,726 days 01:00:00,1000.0,224.9430343145416,-77.50569656854584,34.915698157888286,100.0,217.70339671230204,79.14890684818879,722 days 11:00:00,225,1,10.681889851748025,20.680218971042212,-6.168481229071129,3.8241768114334067,-1.74577011494494,4 days 18:50:40,1 days 00:57:00,-3.4921726912764743,-1.4155025784054998,-0.6666463999823597,0.9423093635885563,0.18682556421573887,22.97081222809394,0.9931820306522684,0.38601654470251356,-0.007617955658401918,None,None,-0.0000737339612547576,-0.445942997668774,-0.7750569656854561,-0.4041835778109527,0.37915330495265154,-3.2197951253349193,1 days 18:55:44,false
XMR-USD,false,50,87,101,20.0,0.5034787758662217,0.13774104683195593,0.0001,0.000030769230769230774,4.1735537190082646,8.305785123966942,0.0004173553719008265,-1.3816035796336228,0,0,17424,726 days 01:00:00,1000.0,320.46316803555374,-67.95368319644463,34.915698157888286,100.0,137.8309997547016,72.99157477144217,630 days 14:00:00,100,1,15.812300944303445,19.95888321899877,-8.735543285074757,5.396743938805525,-2.7099758017968147,10 days 17:30:00,2 days 06:06:45,-6.953491329087498,-1.0048230811148753,-0.5968616377871379,0.9579983964500542,-0.20810067927502476,26.69317544820676,0.9701552306883439,0.38096370264701224,-0.007517332111407806,None,None,-0.000053073540220333865,-0.32098877125257924,-0.679536831964442,-0.3263074341652068,0.384455784567096,-2.9462215215963616,3 days 22:47:24,false
XMR-USD,false,58,87,91,20.0,0.5419443080372229,0.12396694214876033,0.0001,0.000030769230769230774,3.760330578512397,7.479338842975207,0.0003760330578512397,-1.1192303476246857,0,0,17424,726 days 01:00:00,1000.0,387.53608972842267,-61.246391027157735,34.915698157888286,100.0,132.93209607415042,66.58509625457714,630 days 14:00:00,90,1,18.402960717012718,18.192100306263388,-7.193138527540471,5.806085652545387,-2.705985238043495,11 days 18:53:20,2 days 12:25:50,-7.009631899873218,-0.8102351441001308,-0.5693204997108475,0.9659745619572475,-0.13491206258077332,26.97731619373135,0.9718179625197784,0.37954239569313597,-0.007451445542635768,None,None,-0.000042397552575503455,-0.2564203979766449,-0.6124639102715788,-0.28037161223225227,0.38087954957513387,-2.7541219067195057,4 days 08:55:20,false
XMR-USD,false,59,86,91,20.0,0.5443830664269077,0.12396694214876033,0.0001,0.000030769230769230774,3.760330578512397,7.479338842975207,0.0003760330578512397,-1.0993219376752412,0,0,17424,726 days 01:00:00,1000.0,392.81569640499447,-60.71843035950055,34.915698157888286,100.0,133.12681706105755,66.1298675582383,630 days 14:00:00,90,1,18.65367386824022,18.192100306263388,-7.193138527540466,5.812549225787703,-2.6894619120233045,11 days 18:49:59.999999999,2 days 12:21:40,-6.953755305147167,-0.795670790607852,-0.566830577539155,0.9665661024110924,-0.1344645591293002,27.001168784877738,0.9728215406521665,0.37910565888405223,-0.007446826610916431,None,None,-0.00004162631790992975,-0.25175597071925515,-0.6071843035950051,-0.27698383140365723,0.38079612980402144,-2.7390008953832936,4 days 08:51:19.999999999,false
XMR-USD,false,65,86,86,20.0,0.5648682687203402,0.11707988980716254,0.0001,0.000030769230769230774,3.553719008264463,7.066115702479339,0.0003553719008264463,-0.9749604220262774,0,0,17424,726 days 01:00:00,1000.0,425.3085169803978,-57.46914830196022,34.915698157888286,100.0,131.1345660668932,62.983417955117545,630 days 14:00:00,85,1,19.679782179126164,17.472564464593386,-6.607384652232705,6.025430742061197,-2.7020740145729523,12 days 09:31:45.882352941,2 days 16:23:49.411764705,-6.992603119985043,-0.7059127923525157,-0.5546877262826777,0.9702469342873468,-0.15094118435952192,26.85765084213809,0.9724718073907808,0.3798701298701298,-0.0074374585234338745,None,None,-0.000037012017100013236,-0.22384867942088005,-0.5746914830196029,-0.25676214613053205,0.38163627335208555,-2.6459401167373358,4 days 15:01:24.705882352,false
XMR-USD,false,66,84,86,20.0,0.5633786803317243,0.11707988980716254,0.0001,0.000030769230769230774,3.553719008264463,7.066115702479339,0.0003553719008264463,-0.9963880127845108,0,0,17424,726 days 01:00:00,1000.0,419.0356839059716,-58.09643160940284,34.915698157888286,100.0,130.25979624093299,63.74338022878704,630 days 14:00:00,85,1,19.389527026402675,18.30344267305921,-7.716344835621486,6.106977920017603,-2.7395635945936663,12 days 09:21:10.588235294,2 days 16:22:03.529411764,-7.062986389652126,-0.7215756413056472,-0.5556708353601878,0.9695966487059671,-0.1523316516799037,26.806904821670546,0.9732394664218329,0.3792148171600443,-0.007428272403563767,None,None,-0.000037852417393075956,-0.22893142039332337,-0.5809643160940332,-0.2605853688565096,0.3818296950734995,-2.663905769453373,4 days 14:57:52.941176469,false
XMR-USD,false,67,81,86,20.0,0.5412037106158912,0.11707988980716254,0.0001,0.000030769230769230774,3.553719008264463,7.066115702479339,0.0003553719008264463,-1.0886703663529742,0,0,17424,726 days 01:00:00,1000.0,394.2321701488331,-60.57678298511669,34.915698157888286,100.0,125.83015774066001,65.7571550307361,630 days 14:00:00,85,1,18.24182429173129,18.05766568386461,-7.716344835621467,5.988268782746181,-2.8021165385100852,12 days 04:35:17.647058823,2 days 17:30:00,-7.341290048739973,-0.78914327379782,-0.568321483976053,0.9667762207255428,-0.15710258583996814,26.889410918093418,0.972434609977282,0.37845107190886795,-0.007416129821413475,None,None,-0.00004136956077824671,-0.2502031035868361,-0.6057678298511661,-0.27607998180607574,0.3815777081001256,-2.734944056143152,4 days 14:55:03.529411764,false
XMR-USD,false,68,80,86,20.0,0.5458788623899284,0.11707988980716254,0.0001,0.000030769230769230774,3.553719008264463,7.066115702479339,0.0003553719008264463,-1.0630067097237053,0,0,17424,726 days 01:00:00,1000.0,401.00092163206887,-59.89990783679311,34.915698157888286,100.0,126.44220327122578,65.10458520443262,630 days 14:00:00,85,1,18.55502647202269,18.057665683864624,-7.716344835621479,6.017231837986051,-2.784236055425044,12 days 04:42:21.176470588,2 days 17:29:07.058823529,-7.265342409881809,-0.7704002044033187,-0.5657498559755965,0.9675541508253452,-0.15672717673189007,26.878894081414465,0.9726082364439498,0.37866919851254055,-0.0074161298214136095,None,None,-0.00004039054460431878,-0.24428201376691996,-0.5989990783679298,-0.27178987716200276,0.38161133317036067,-2.7155580726447623,4 days 14:55:45.882352940,false
XMR-USD,false,68,83,86,20.0,0.5799722069796528,0.11707988980716254,0.0001,0.000030769230769230774,3.553719008264463,7.066115702479339,0.0003553719008264463,-0.9190623283283925,0,0,17424,726 days 01:00:00,1000.0,441.1806963959933,-55.881930360400666,34.915698157888286,100.0,132.773225818427,61.40097917514412,630 days 14:00:00,85,1,20.414216175004356,17.47256446459339,-6.607384652232687,6.179040321275253,-2.6836306578169196,12 days 10:10:35.294117647,2 days 16:15:00,-6.814511997400135,-0.6650138824220932,-0.5492838155412181,0.9719598452950944,-0.14724844714061755,26.778576862623144,0.9739856057062971,0.37997940920250256,-0.007428272403563713,None,None,-0.00003489243120193649,-0.2110294239093119,-0.5588193036040098,-0.247249896803167,0.38190774313404025,-2.60048154007127,4 days 15:02:07.058823529,false
XMR-USD,false,68,88,86,20.0,0.5683258934499968,0.11707988980716254,0.0001,0.000030769230769230774,3.553719008264463,7.066115702479339,0.0003553719008264463,-0.9989541149387824,0,0,17424,726 days 01:00:00,1000.0,412.713436063087,-58.7286563936913,34.915698157888286,100.0,134.14828326852842,63.76822955229029,630 days 14:00:00,85,1,17.21784889430262,17.20945219157369,-11.3881432199991,6.034083017492425,-2.732891227891264,12 days 12:10:35.294117647,2 days 15:35:17.647058823,-7.111816621543717,-0.7281703607671316,-0.5631647858649239,0.9691282009323088,-0.4137018807058277,30.406512967250357,0.969532341132864,0.3797608678438514,-0.007441978715800731,None,None,-0.00003851361126935487,-0.23293032095705826,-0.5872865639369131,-0.26447670959790504,0.3849809052517481,-2.6820129481049233,4 days 14:54:21.176470587,false
XMR-USD,false,69,79,86,20.0,0.5487024145708481,0.11707988980716254,0.0001,0.000030769230769230774,3.553719008264463,7.066115702479339,0.0003553719008264463,-1.0483199759975363,0,0,17424,726 days 01:00:00,1000.0,404.88363013123603,-59.51163698687639,34.915698157888286,100.0,126.89126281730644,64.86248360864383,630 days 14:00:00,85,1,18.734686305950106,18.303442673059216,-7.716344835621484,6.031689307938676,-2.7736597232630027,12 days 04:38:49.411764705,2 days 17:32:38.823529411,-7.221777131467224,-0.7596468808692791,-0.5631324622939453,0.9680077653880238,-0.15633983299140658,26.860120385739407,0.9732653801572102,0.37877828770375055,-0.007416129821413537,None,None,-0.000039833516151963336,-0.24091310568707425,-0.5951163698687656,-0.2693502836159546,0.3816759798231268,-2.704437835318819,4 days 14:57:52.941176469,false
XMR-USD,false,69,82,86,20.0,0.5790627982627456,0.11707988980716254,0.0001,0.000030769230769230774,3.553719008264463,7.066115702479339,0.0003553719008264463,-0.9191499533272357,0,0,17424,726 days 01:00:00,1000.0,441.1412624900843,-55.88587375099158,34.915698157888286,100.0,132.5455931885855,61.34462951946033,630 days 14:00:00,85,1,20.412391497981048,17.472564464593383,-6.607384652232691,6.169870274573263,-2.681617472592245,12 days 10:10:35.294117647,2 days 16:15:00,-6.814954458916432,-0.66508517397582,-0.5498369204545777,0.9719588123240047,-0.14726790327502148,26.775811308023684,0.9735790812339019,0.38008870584508153,-0.0074282724035636925,None,None,-0.000034896992409485535,-0.21105701009256853,-0.5588587375099152,-0.2472732505079711,0.3819167242097565,-2.6005944804046726,4 days 15:02:07.058823529,false
XMR-USD,false,69,87,86,20.0,0.562982830452478,0.11707988980716254,0.0001,0.000030769230769230774,3.553719008264463,7.066115702479339,0.0003553719008264463,-1.007709019521293,0,0,17424,726 days 01:00:00,1000.0,410.3264594629286,-58.96735405370714,34.915698157888286,100.0,133.4350649871178,63.765877758139034,630 days 14:00:00,85,1,17.11826744425872,17.209452191573696,-11.3881432199991,5.966220419156532,-2.725336177796482,12 days 12:03:31.764705882,2 days 15:34:24.705882352,-7.138727152721527,-0.7345816212191408,-0.5661120324829748,0.9688542349540504,-0.41369428898204447,30.419053236329518,0.9694605267156003,0.37954239569313597,-0.007440889575559777,None,None,-0.00003884888537610499,-0.23495805875468298,-0.5896735405370698,-0.26595601149534653,0.3849430196926564,-2.688849347564457,4 days 14:52:14.117647057,false
XMR-USD,false,70,78,86,20.0,0.5494519725206742,0.11707988980716254,0.0001,0.000030769230769230774,3.553719008264463,7.066115702479339,0.0003553719008264463,-1.0359505377117675,0,0,17424,726 days 01:00:00,1000.0,408.7310116441877,-59.12689883558123,34.915698157888286,100.0,127.1090270460351,64.52859154456769,630 days 14:00:00,85,1,18.91271149733933,18.303442673059216,-7.716344835621483,6.03027594628403,-2.759652663164714,12 days 04:35:17.647058823,2 days 17:24:42.352941176,-7.178608233566493,-0.7505885674381699,-0.5613583068505602,0.968375078295695,-0.15524564125964535,26.951083410613204,0.9736401874625069,0.37823301431622236,-0.007402943331494317,None,None,-0.000039316539995762374,-0.23778643389437085,-0.5912689883558142,-0.2669479077815038,0.3812688201035235,-2.693418775938841,4 days 14:50:49.411764704,false
XMR-USD,false,70,79,86,20.0,0.5666404192950377,0.11707988980716254,0.0001,0.000030769230769230774,3.553719008264463,7.066115702479339,0.0003553719008264463,-0.962887986336713,0,0,17424,726 days 01:00:00,1000.0,428.75974710633363,-57.12402528936663,34.915698157888286,100.0,129.85764505347527,62.925902594493444,630 days 14:00:00,85,1,19.839476740642738,18.303442673059227,-7.716344835621484,6.111976138909267,-2.7078447419046414,12 days 09:14:07.058823529,2 days 16:15:52.941176470,-6.953879172168337,-0.6971844618733245,-0.5509851476517347,0.9705964684379186,-0.15253963222240574,26.868462501989463,0.9740433328547672,0.37877828770375055,-0.0074161298214136355,None,None,-0.00003655063761667924,-0.22105825630567602,-0.5712402528936638,-0.25467434187517324,0.3815972202408636,-2.6360556512733213,4 days 14:51:31.764705881,false
XMR-USD,false,71,77,86,20.0,0.54866311037662,0.11707988980716254,0.0001,0.000030769230769230774,3.553719008264463,7.066115702479339,0.0003553719008264463,-1.0381174977294374,0,0,17424,726 days 01:00:00,1000.0,408.15106890039965,-59.184893109960036,34.915698157888286,100.0,126.81331935212829,64.57892143234136,630 days 14:00:00,85,1,18.88587651421892,18.303442673059216,-7.716344835621483,6.030275946284033,-2.7618087260597357,12 days 04:35:17.647058823,2 days 17:23:49.411764705,-7.185115383691993,-0.7521600754213997,-0.5616255041976961,0.9683077921019914,-0.15520058276107193,26.952639191574473,0.9737761690914829,0.37812401138880103,-0.007402943331494196,None,None,-0.00003939833892766788,-0.23828115383453533,-0.5918489310996032,-0.2673090869051372,0.381263805938959,-2.6950797558830644,4 days 14:50:07.058823528,false
XMR-USD,false,71,78,86,20.0,0.5672695506262535,0.11707988980716254,0.0001,0.000030769230769230774,3.553719008264463,7.066115702479339,0.0003553719008264463,-0.9573673685820591,0,0,17424,726 days 01:00:00,1000.0,430.3298455742354,-56.96701544257646,34.915698157888286,100.0,129.87856619977666,62.79013895546692,630 days 14:00:00,85,1,19.91212799170978,18.303442673059227,-7.716344835621484,6.111976138909265,-2.7027244201573963,12 days 09:14:07.058823529,2 days 16:15:52.941176470,-6.93626214608793,-0.6931816807522876,-0.5502628281080383,0.9707629481868015,-0.15266118147781277,26.868318117847114,0.9738041854931536,0.37888739416000633,-0.0074161298214136355,None,None,-0.000036340839656700507,-0.21978939824372468,-0.5696701544257635,-0.25372814937296806,0.38159776733418427,-2.631558824485549,4 days 14:51:31.764705881,false
XMR-USD,false,71,80,86,20.0,0.585259111707679,0.11707988980716254,0.0001,0.000030769230769230774,3.553719008264463,7.066115702479339,0.0003553719008264463,-0.8952323660689114,0,0,17424,726 days 01:00:00,1000.0,448.2543631718049,-55.17456368281951,34.915698157888286,100.0,134.14173036699466,60.7213381488794,630 days 14:00:00,85,1,20.741527328667644,17.472564464593383,-6.607384652232691,6.166823195708022,-2.6579586921272127,12 days 10:03:31.764705882,2 days 16:11:28.235294117,-6.735143107727799,-0.6477367073974178,-0.5466691604806143,0.9726674165136078,-0.14777523453883784,26.791424392805514,0.9734783105665585,0.37997940920250256,-0.007428272403563714,None,None,-0.000033982235531331784,-0.20552456049349463,-0.5517456368282001,-0.24308255885616892,0.3818663417054202,-2.580222266595413,4 days 14:57:52.941176469,false
XMR-USD,false,71,85,86,20.0,0.566288635784566,0.11707988980716254,0.0001,0.000030769230769230774,3.553719008264463,7.066115702479339,0.0003553719008264463,-0.9924188485387652,0,0,17424,726 days 01:00:00,1000.0,414.59435329206815,-58.54056467079318,34.915698157888286,100.0,134.54017923569768,63.38899885317461,630 days 14:00:00,85,1,17.296318228715904,17.209452191573682,-11.388143219999119,5.957478296747038,-2.7081994940151444,12 days 13:24:42.352941176,2 days 15:16:45.882352941,-7.090611352195854,-0.7233543329931512,-0.564220183388414,0.9693270895373607,-0.4136207633320902,30.418886590023895,0.9697313126772871,0.3797608678438514,-0.007437644843582915,None,None,-0.000038255105843986454,-0.23136688014443008,-0.585405646707936,-0.2633149627707019,0.3849428567105773,-2.6766259235623355,4 days 14:54:21.176470587,false
XMR-USD,false,72,76,86,20.0,0.54866311037662,0.11707988980716254,0.0001,0.000030769230769230774,3.553719008264463,7.066115702479339,0.0003553719008264463,-1.0381174977294374,0,0,17424,726 days 01:00:00,1000.0,408.15106890039965,-59.184893109960036,34.915698157888286,100.0,126.81331935212829,64.57892143234136,630 days 14:00:00,85,1,18.88587651421892,18.303442673059216,-7.716344835621483,6.030275946284033,-2.7618087260597357,12 days 04:35:17.647058823,2 days 17:23:49.411764705,-7.185115383691993,-0.7521600754213997,-0.5616255041976961,0.9683077921019914,-0.15520058276107193,26.952639191574473,0.9737761690914829,0.37812401138880103,-0.007402943331494196,None,None,-0.00003939833892766788,-0.23828115383453533,-0.5918489310996032,-0.2673090869051372,0.381263805938959,-2.6950797558830644,4 days 14:50:07.058823528,false
XMR-USD,false,72,77,86,20.0,0.5657992589662513,0.11707988980716254,0.0001,0.000030769230769230774,3.553719008264463,7.066115702479339,0.0003553719008264463,-0.9642720962285549,0,0,17424,726 days 01:00:00,1000.0,428.3074608355697,-57.16925391644303,34.915698157888286,100.0,129.5478453041358,62.96501098881132,630 days 14:00:00,85,1,19.81854864977248,18.303442673059227,-7.7163448356214674,6.116139334096055,-2.710495801124324,12 days 09:17:38.823529411,2 days 16:15:00,-6.958953974284725,-0.6982367791227255,-0.5511932872927082,0.9705538999075837,-0.1527934606457031,26.858471531578402,0.9727827293228224,0.37910565888405223,-0.0074282724035636865,None,None,-0.000036609055208081665,-0.2214115658984779,-0.5716925391644313,-0.25494732392188413,0.3816310867232275,-2.637351017812231,4 days 14:51:31.764705882,false
XMR-USD,false,72,79,86,20.0,0.5870747221722035,0.11707988980716254,0.0001,0.000030769230769230774,3.553719008264463,7.066115702479339,0.0003553719008264463,-0.8743133324028554,0,0,17424,726 days 01:00:00,1000.0,454.7900981325374,-54.52099018674625,34.915698157888286,100.0,134.7674336667056,60.148638930393936,630 days 14:00:00,85,1,21.043947419666324,17.256207945979877,-7.681594143264323,6.13262510588938,-2.628813882963284,12 days 10:07:03.529411764,2 days 16:09:42.352941176,-6.661809991613275,-0.6324391728920415,-0.5437623293914533,0.9733009987495124,-0.146753840636354,26.84293439867898,0.9743154880123323,0.3798701298701298,-0.007402943331494239,None,None,-0.00003316342842835331,-0.2005724151346808,-0.545209901867464,-0.23927012935833158,0.38167929711951226,-2.5615036520307606,4 days 14:57:10.588235292,false
XMR-USD,false,73,75,86,20.0,0.54866311037662,0.11707988980716254,0.0001,0.000030769230769230774,3.553719008264463,7.066115702479339,0.0003553719008264463,-1.0381174977294374,0,0,17424,726 days 01:00:00,1000.0,408.15106890039965,-59.184893109960036,34.915698157888286,100.0,126.81331935212829,64.57892143234136,630 days 14:00:00,85,1,18.88587651421892,18.303442673059216,-7.716344835621483,6.030275946284033,-2.7618087260597357,12 days 04:35:17.647058823,2 days 17:23:49.411764705,-7.185115383691993,-0.7521600754213997,-0.5616255041976961,0.9683077921019914,-0.15520058276107193,26.952639191574473,0.9737761690914829,0.37812401138880103,-0.007402943331494196,None,None,-0.00003939833892766788,-0.23828115383453533,-0.5918489310996032,-0.2673090869051372,0.381263805938959,-2.6950797558830644,4 days 14:50:07.058823528,false
XMR-USD,false,73,76,86,20.0,0.5657992589662513,0.11707988980716254,0.0001,0.000030769230769230774,3.553719008264463,7.066115702479339,0.0003553719008264463,-0.9642720962285549,0,0,17424,726 days 01:00:00,1000.0,428.3074608355697,-57.16925391644303,34.915698157888286,100.0,129.5478453041358,62.96501098881132,630 days 14:00:00,85,1,19.81854864977248,18.303442673059227,-7.7163448356214674,6.116139334096055,-2.710495801124324,12 days 09:17:38.823529411,2 days 16:15:00,-6.958953974284725,-0.6982367791227255,-0.5511932872927082,0.9705538999075837,-0.1527934606457031,26.858471531578402,0.9727827293228224,0.37910565888405223,-0.0074282724035636865,None,None,-0.000036609055208081665,-0.2214115658984779,-0.5716925391644313,-0.25494732392188413,0.3816310867232275,-2.637351017812231,4 days 14:51:31.764705882,false
XMR-USD,false,73,78,86,20.0,0.5865404765264366,0.11707988980716254,0.0001,0.000030769230769230774,3.553719008264463,7.066115702479339,0.0003553719008264463,-0.8764297775585171,0,0,17424,726 days 01:00:00,1000.0,454.15249912169406,-54.58475008783059,34.915698157888286,100.0,134.61752804549388,60.204509074671684,630 days 14:00:00,85,1,21.014444578434507,17.256207945979877,-7.681594143264317,6.132625105889378,-2.6308660287613828,12 days 10:07:03.529411764,2 days 16:08:49.411764705,-6.668964064196938,-0.6339718862184027,-0.5440457816305924,0.9732374645078036,-0.14670555845779398,26.84263539717112,0.9744550259729919,0.3797608678438514,-0.007402943331494356,None,None,-0.0000332438806096145,-0.20105898992694848,-0.5458475008783084,-0.2396404730703391,0.38168022446039346,-2.5633297619024864,4 days 14:56:28.235294116,false
XMR-USD,false,74,75,86,20.0,0.5657992589662513,0.11707988980716254,0.0001,0.000030769230769230774,3.553719008264463,7.066115702479339,0.0003553719008264463,-0.9642720962285549,0,0,17424,726 days 01:00:00,1000.0,428.3074608355697,-57.16925391644303,34.915698157888286,100.0,129.5478453041358,62.96501098881132,630 days 14:00:00,85,1,19.81854864977248,18.303442673059227,-7.7163448356214674,6.116139334096055,-2.710495801124324,12 days 09:17:38.823529411,2 days 16:15:00,-6.958953974284725,-0.6982367791227255,-0.5511932872927082,0.9705538999075837,-0.1527934606457031,26.858471531578402,0.9727827293228224,0.37910565888405223,-0.0074282724035636865,None,None,-0.000036609055208081665,-0.2214115658984779,-0.5716925391644313,-0.25494732392188413,0.3816310867232275,-2.637351017812231,4 days 14:51:31.764705882,false
XMR-USD,false,74,77,86,20.0,0.5855119521248658,0.11707988980716254,0.0001,0.000030769230769230774,3.553719008264463,7.066115702479339,0.0003553719008264463,-0.8829179112072116,0,0,17424,726 days 01:00:00,1000.0,452.21747212967875,-54.77825278703212,34.915698157888286,100.0,134.23734656093242,60.374067426216506,630 days 14:00:00,85,1,20.924907434941645,17.256207945979877,-7.68159414326432,6.1504862989580324,-2.640949884331492,12 days 10:10:35.294117647,2 days 16:06:10.588235294,-6.690675709473686,-0.6386804049054474,-0.5449061739951291,0.9730379933419753,-0.14661181183763947,26.846453419872713,0.9746617530304909,0.37954239569313597,-0.007402943331494261,None,None,-0.00003348969494469995,-0.2025456750255453,-0.5477825278703217,-0.240766498989201,0.3816678197018093,-2.5688717590387466,4 days 14:55:03.529411764,false
XMR-USD,false,75,76,86,20.0,0.5854594657437849,0.11707988980716254,0.0001,0.000030769230769230774,3.553719008264463,7.066115702479339,0.0003553719008264463,-0.8832669149935494,0,0,17424,726 days 01:00:00,1000.0,452.11318253968966,-54.78868174603103,34.915698157888286,100.0,134.22876079584663,60.38320588838511,630 days 14:00:00,85,1,20.920081769965293,17.256207945979877,-7.68159414326432,6.1504862989580324,-2.6412792465028634,12 days 10:10:35.294117647,2 days 16:05:17.647058823,-6.691845873297359,-0.6389329176536301,-0.54495255236193,0.9730273356780057,-0.14660376369639386,26.84646160380156,0.974854426439764,0.3794331855604814,-0.007402943331494256,None,None,-0.00003350293290282791,-0.2026257381963032,-0.5478868174603072,-0.24082727618808364,0.3816677884792448,-2.569170448727028,4 days 14:54:21.176470587,false
XMR-USD,false,75,80,86,20.0,0.5681961412390393,0.11707988980716254,0.0001,0.000030769230769230774,3.553719008264463,7.066115702479339,0.0003553719008264463,-0.9889206345979231,0,0,17424,726 days 01:00:00,1000.0,415.41077195717367,-58.45892280428263,34.915698157888286,100.0,134.1718217929647,63.265125593629726,630 days 14:00:00,85,1,17.33037811623575,17.209452191573693,-11.388143219999106,6.036775217028515,-2.7233837344716942,12 days 12:00:00,2 days 15:38:49.411764705,-7.081407131283088,-0.7207907771192382,-0.5643202811132448,0.9694453128440293,-0.4131650892370958,30.373905436964172,0.9692432608822052,0.37997940920250256,-0.007440889575559803,None,None,-0.000038133337970694503,-0.23063042804676034,-0.5845892280428273,-0.26281177345553675,0.3850822900772339,-2.6742876668234508,4 days 14:55:03.529411764,false
XMR-USD,false,76,79,86,20.0,0.5681961412390393,0.11707988980716254,0.0001,0.000030769230769230774,3.553719008264463,7.066115702479339,0.0003553719008264463,-0.9889206345979231,0,0,17424,726 days 01:00:00,1000.0,415.41077195717367,-58.45892280428263,34.915698157888286,100.0,134.1718217929647,63.265125593629726,630 days 14:00:00,85,1,17.33037811623575,17.209452191573693,-11.388143219999106,6.036775217028515,-2.7233837344716942,12 days 12:00:00,2 days 15:38:49.411764705,-7.081407131283088,-0.7207907771192382,-0.5643202811132448,0.9694453128440293,-0.4131650892370958,30.373905436964172,0.9692432608822052,0.37997940920250256,-0.007440889575559803,None,None,-0.000038133337970694503,-0.23063042804676034,-0.5845892280428273,-0.26281177345553675,0.3850822900772339,-2.6742876668234508,4 days 14:55:03.529411764,false
XMR-USD,false,77,78,86,20.0,0.5659273445348856,0.11707988980716254,0.0001,0.000030769230769230774,3.553719008264463,7.066115702479339,0.0003553719008264463,-0.9942408662094203,0,0,17424,726 days 01:00:00,1000.0,413.9310683444314,-58.60689316555686,34.915698157888286,100.0,133.82480214351054,63.395976139744924,630 days 14:00:00,85,1,17.268646873716648,17.20945219157369,-11.388143219999101,6.014750869960692,-2.7233837344716934,12 days 11:56:28.235294117,2 days 15:38:49.411764705,-7.098089159168067,-0.7246795842287537,-0.5649733318103897,0.9692809336139896,-0.41308201205468115,30.3758600983614,0.9692809336139913,0.3798701298701298,-0.007440889575559809,None,None,-0.00003833848910519986,-0.23187118210824875,-0.5860689316555727,-0.2637242465819112,0.38507640747291133,-2.6785255990167323,4 days 14:54:21.176470587,false
XMR-USD,false,79,89,71,20.0,0.5527716711480274,0.09641873278236915,0.0001,0.000030769230769230774,2.9338842975206614,5.8264462809917354,0.00029338842975206613,-0.9563066337303489,0,0,17424,726 days 01:00:00,1000.0,413.80385708839754,-58.61961429116025,34.915698157888286,100.0,109.5678885630156,63.26515258127981,630 days 14:00:00,70,1,17.263339791386215,35.24516233322122,-10.766294701902169,7.363564080218117,-3.2580807480058893,14 days 02:34:17.142857142,3 days 12:04:17.142857142,-8.620849752899836,-0.7051919295098285,-0.5662983717750762,0.9697961943059136,-1.028075575040803,42.44759470312262,0.9621489115950564,0.38227828018403937,-0.007458196364188641,None,None,-0.000037920515265372575,-0.22934327632497334,-0.5861961429116007,-0.26380279195156386,0.39140362252094,-2.6788899373022184,5 days 14:58:17.142857141,false
XMR-USD,false,7,42,387,19.94818652849741,0.40391599693544694,0.5316804407713499,0.0001,0.00003068951773614986,15.991735537190083,31.94214876033058,0.0015991735537190083,-3.272599616484122,0,0,17424,726 days 01:00:00,1000.0,97.70974006500114,-90.22902599349989,34.915698157888286,100.0,298.0435517557878,90.80450426821889,722 days 11:00:00,386,1,4.521203607467115,24.42726507275431,-6.18980624095,2.598348746596014,-1.3747076395016207,2 days 22:03:07.012987012,0 days 13:22:31.456310679,-2.349252496224004,-2.3649237399005587,-0.7592023496778142,0.9055879616687612,0.311818805141094,22.471296812375947,1.0126695642564163,0.3713993388950102,-0.007684856761732396,None,None,-0.00012184439969818797,-0.7369149293746409,-0.9022902599349989,-0.5539125161417195,0.37501304580054823,-3.5841965291796694,1 days 00:40:52.849740931,false
XMR-USD,false,7,45,372,19.946091644204852,0.39872164844491126,0.5110192837465565,0.0001,0.00003068629483723823,15.371900826446282,30.702479338842977,0.0015371900826446282,-3.2105700380219986,0,0,17424,726 days 01:00:00,1000.0,101.57960689388437,-89.84203931061157,34.915698157888286,100.0,282.41279852677434,90.35245188197807,722 days 11:00:00,371,1,4.700269234450914,23.465520524001384,-6.189806240950004,2.672611743091092,-1.4097866919246689,3 days 00:11:21.081081081,0 days 14:09:17.575757575,-2.434287499570262,-2.3186363046840226,-0.7562220355750561,0.9074435104614043,0.31048742577265365,22.38818265998616,1.0134783999141326,0.37193921738445795,-0.0077004771088405016,None,None,-0.00011959019895937106,-0.7232815233062762,-0.8984203931061151,-0.5478579043476255,0.3754230218359639,-3.573113070927213,1 days 01:43:49.649595685,false
XMR-USD,false,5,16,738,19.94572591587517,0.3187990743789112,1.0151515151515151,0.0001,0.00003068573217826949,30.49586776859504,60.9504132231405,0.003049586776859504,-6.261421391698242,0,0,17424,726 days 01:00:00,1000.0,11.16875334776796,-98.88312466522319,34.915698157888286,100.0,360.29177302727436,98.91997830697757,725 days 02:00:00,737,1,0.03512222307163171,16.682556582211642,-11.805396837296518,1.7061006112341208,-1.1679193095041633,1 days 07:15:06.122448979,0 days 08:03:21.355932203,-1.3417454123138457,-4.679952261800583,-0.9053829539965108,0.8178039390850089,-0.4197178599418817,36.89177664377643,1.021890158495386,0.3464956340313731,-0.00790019175539685,None,None,-0.00024580113880069937,-1.4866052874666298,-0.9888312466522332,-0.7898706116746418,0.38229657918033405,-3.832053485457319,0 days 12:40:56.987788330,false
XMR-USD,false,11,42,292,19.93127147766323,0.4327463945216507,0.40082644628099173,0.0001,0.00003066349458102036,12.066115702479339,24.09090909090909,0.001206611570247934,-2.4551838478404275,0,0,17424,726 days 01:00:00,1000.0,168.27684131719639,-83.17231586828036,34.915698157888286,100.0,252.24553248628888,84.13187290750446,722 days 11:00:00,291,1,7.786469000023402,23.465520524001384,-6.18980624095001,3.1219204318935967,-1.5104602681696155,3 days 15:07:14.482758620,0 days 19:28:50.472103004,-2.8849128099066257,-1.7628117614473244,-0.7033867183824053,0.9288010676760465,0.34430211045766046,22.378076048891455,1.0072858263752946,0.37812401138880103,-0.007641628599557698,None,None,-0.00009068720530344741,-0.54847621767525,-0.8317231586828066,-0.4612804786421014,0.3744536113196454,-3.382089439889655,1 days 08:57:43.917525772,false
XMR-USD,false,12,58,242,19.91701244813278,0.4660259790173938,0.3319559228650138,0.0001,0.00003064155761251197,10.0,19.958677685950413,0.001,-2.050011927979924,0,0,17424,726 days 01:00:00,1000.0,213.29369149040053,-78.67063085095994,34.915698157888286,100.0,226.38138367058448,79.97797056111645,722 days 11:00:00,241,1,9.86947879274723,25.977214236284222,-6.399618215274408,3.7625148039637977,-1.693768842368344,4 days 16:40:00,0 days 21:57:49.430051813,-3.3052937232462596,-1.4746222103830964,-0.6753157110644148,0.9399872918657785,0.20326489765826516,22.978523146376656,0.9961030380647452,0.38469485060394154,-0.007614106571059654,None,None,-0.00007679255156528295,-0.46444135186683133,-0.7867063085096003,-0.4150797684508062,0.3790497997108881,-3.253159323786466,1 days 16:01:44.564315351,false
XMR-USD,false,14,50,242,19.91701244813278,0.47081706920062416,0.3319559228650138,0.0001,0.00003064155761251197,10.0,19.958677685950413,0.001,-2.0479722499912993,0,0,17424,726 days 01:00:00,1000.0,215.50101593429122,-78.44989840657088,34.915698157888286,100.0,227.51752931048864,80.0241346825944,722 days 11:00:00,241,1,10.233515886208835,25.977214236284247,-6.399618215274424,3.7650296655757067,-1.6887977282463682,4 days 13:47:30,0 days 22:42:54.093264248,-3.2976452280162616,-1.4701138706258783,-0.6719438790743486,0.9403313076135883,0.2848752511180948,22.173095360437735,0.99562209009138,0.3853553824137382,-0.007631521799382589,None,None,-0.00007628840520654659,-0.4613922746891938,-0.7844989840657094,-0.4129858371617551,0.37771610732931354,-3.246837455514181,1 days 16:03:29.128630704,false
XMR-USD,false,13,55,237,19.915254237288135,0.47655551993385975,0.325068870523416,0.0001,0.000030638852672750976,9.793388429752067,19.545454545454547,0.0009793388429752067,-2.0019682322758072,0,0,17424,726 days 01:00:00,1000.0,219.65147797083682,-78.03485220291631,34.915698157888286,100.0,225.146752250504,79.63940763020622,722 days 11:00:00,236,1,10.430609245615813,25.977214236284237,-6.399618215274421,3.874373427229501,-1.7221720023782034,4 days 16:08:56.170212765,0 days 23:15:14.285714285,-3.3507590308253383,-1.4409602473427805,-0.6695963239452616,0.941345001948238,0.1885654928441917,22.932587162513588,0.9956570976716048,0.38601654470251356,-0.007615090235589397,None,None,-0.00007509042920766197,-0.4541469158479396,-0.7803485220291623,-0.4090861992843441,0.37930671497449125,-3.2349503610107933,1 days 16:57:27.457627117,false
XMR-USD,false,14,51,237,19.915254237288135,0.4699265381863529,0.325068870523416,0.0001,0.000030638852672750976,9.793388429752067,19.545454545454547,0.0009793388429752067,-2.0421899214879864,0,0,17424,726 days 01:00:00,1000.0,213.7820204757818,-78.62179795242183,34.915698157888286,100.0,223.59708986805921,80.18347695581532,722 days 11:00:00,236,1,10.151885796175634,25.97721423628424,-6.399618215274404,3.8697923066975495,-1.7331428472368227,4 days 15:58:43.404255319,0 days 23:15:33.333333333,-3.3744485818660737,-1.4708912557646037,-0.6729251375935716,0.9401489411845046,0.1851177067422069,22.945072107380444,0.9934343819977194,0.38590630716614965,-0.007624566622412832,None,None,-0.00007664586412233331,-0.46355418621187183,-0.7862179795242173,-0.41461531111918404,0.37928538039607806,-3.2517607294259214,1 days 16:55:40.677966100,false
XMR-USD,false,6,15,699,19.91404011461318,0.32360844955135326,0.9614325068870524,0.0001,0.00003063698479171259,28.884297520661157,57.72727272727273,0.0028884297520661156,-6.013351452469448,0,0,17424,726 days 01:00:00,1000.0,13.451358973863535,-98.65486410261364,34.915698157888286,100.0,353.1536759174939,98.70169772150369,725 days 02:00:00,698,1,0.04230030118725381,16.68255658221164,-11.805396837296515,1.7645958112862747,-1.1898759123400573,1 days 08:41:52.230215827,0 days 08:36:29.624329159,-1.4134540706695198,-4.485835404731915,-0.8970202936946732,0.824678714354579,-0.4134301366960762,37.11240069818986,1.0185698431961667,0.3481624758220503,-0.007879205861022741,None,None,-0.00023517629130718673,-1.4223462098258655,-0.9865486410261355,-0.7758606583547436,0.3815998078520874,-3.825516008773411,0 days 13:24:19.598853867,false
XMR-USD,false,12,62,232,19.913419913419915,0.45082392116508896,0.3181818181818182,0.0001,0.00003063603063603064,9.586776859504132,19.132231404958677,0.0009586776859504132,-2.0476469750703115,0,0,17424,726 days 01:00:00,1000.0,213.33438269153453,-78.66656173084655,34.915698157888286,100.0,219.2676146709766,80.22904536082432,722 days 11:00:00,231,1,9.87136164705879,20.605571745257084,-6.168481229071117,3.6937467609682404,-1.7164254785034287,4 days 21:23:28.695652173,0 days 22:52:51.891891891,-3.448212030110492,-1.473308358035093,-0.6731473528462435,0.9399474055040716,0.20067863099477934,22.948636139277934,0.9937975464191944,0.3840349483717236,-0.007608808267455873,None,None,-0.00007676794468315572,-0.4642925294437258,-0.7866656173084648,-0.41504103991374397,0.3792662565399612,-3.25304278250767,1 days 17:42:04.675324673,false
XMR-USD,false,15,51,222,19.90950226244344,0.4893572904217884,0.3044077134986226,0.0001,0.00003063000348068222,9.173553719008265,18.305785123966942,0.0009173553719008264,-1.841167264360001,0,0,17424,726 days 01:00:00,1000.0,244.3832671957839,-75.56167328042162,34.915698157888286,100.0,219.58440257151068,77.54910472933113,722 days 11:00:00,221,1,11.605049917417745,21.129352502655212,-6.16848122907111,3.9873398819264683,-1.7462367565662,4 days 20:30:00,1 days 01:33:33.559322033,-3.471591777020966,-1.3231688393076353,-0.6544805029140496,0.9459545359940302,0.19710304195878225,22.8948129721084,0.9948899417101265,0.38590630716614965,-0.007614668757779301,None,None,-0.00006896409632893512,-0.4170948545973996,-0.7556167328042127,-0.3867928018245088,0.37937239776099696,-3.1641174963402654,1 days 19:39:54.570135745,false
XMR-USD,false,5,21,649,19.90740740740741,0.33827496192399575,0.8925619834710744,0.0001,0.00003062678062678063,26.81818181818182,53.59504132231405,0.0026818181818181823,-5.574541463751508,0,0,17424,726 days 01:00:00,1000.0,17.88621848960679,-98.21137815103931,34.915698157888286,100.0,352.9731713058418,98.2707018657715,725 days 02:00:00,648,1,0.35982367358981904,16.505653339608436,-11.805396837296513,1.8084255163380403,-1.2076642367156716,1 days 13:28:50.232558139,0 days 08:47:51.676300578,-1.5161629709629358,-4.160406733158224,-0.882989056328189,0.8368969250019003,-0.4718870107618995,36.54329241071416,1.0161925747221445,0.35350318471337583,-0.007879205861022734,None,None,-0.00021875432191815447,-1.3230261389609983,-0.9821137815103927,-0.7525593803959432,0.38271791842435327,-3.81281438815655,0 days 14:30:27.777777777,false
XMR-USD,false,12,72,212,19.90521327014218,0.45756985826411256,0.290633608815427,0.0001,0.00003062340503098797,8.760330578512397,17.479338842975206,0.0008760330578512398,-1.817794524393885,0,0,17424,726 days 01:00:00,1000.0,246.86220649015854,-75.31377935098415,34.915698157888286,100.0,214.9329466646403,77.17400610791495,722 days 11:00:00,211,1,11.422753737632547,20.60557174525707,-5.166804431970875,3.578872738148435,-1.6871761449257856,5 days 07:11:25.714285714,1 days 01:30:53.254437869,-3.623509702594662,-1.3080927914498077,-0.6544156874239015,0.9465109902000647,0.13543857058165204,23.443675315787832,0.9897200051752673,0.38711988536857184,-0.007581889598690387,None,None,-0.00006832961778281879,-0.413257528350488,-0.7531377935098421,-0.3846409709205635,0.3802142444394107,-3.1570177119304996,1 days 21:45:12.796208529,false
XMR-USD,false,16,52,212,19.90521327014218,0.5047635131475185,0.290633608815427,0.0001,0.00003062340503098797,8.760330578512397,17.479338842975206,0.0008760330578512398,-1.747470342377806,0,0,17424,726 days 01:00:00,1000.0,260.1431485313942,-73.98568514686058,34.915698157888286,100.0,213.53817375330692,76.02726948121153,722 days 11:00:00,211,1,12.35344080232153,21.456331051324927,-6.16848122907111,4.2543536083892,-1.8095588122421598,5 days 02:11:25.714285714,1 days 02:46:51.834319526,-3.5649776884878026,-1.2544319477947292,-0.6469079079974867,0.948698347144762,0.20365764866931452,22.891338183509003,0.9957816053123657,0.38634736255867613,-0.007595606630086735,None,None,-0.0000653790835234391,-0.3954126971497597,-0.7398568514686057,-0.37334642632522763,0.3793583665657136,-3.118980546008227,1 days 21:46:21.042654027,false
XMR-USD,false,5,24,599,19.899665551839465,0.351604266599753,0.8236914600550964,0.0001,0.00003061487007975302,24.75206611570248,49.46280991735537,0.002475206611570248,-5.0814472227750915,0,0,17424,726 days 01:00:00,1000.0,24.991017613514373,-97.50089823864856,34.915698157888286,100.0,348.84184604900787,97.61202760764291,725 days 02:00:00,598,1,0.5027535456791696,14.344903282656976,-11.805396837296527,1.906895544609212,-1.2255106925658208,1 days 17:39:49.915966386,0 days 09:21:55.240083507,-1.6312905283146537,-3.7916707768535782,-0.8641316069221878,0.8504085603691607,-0.5293016490968311,36.31106173361876,1.0080146607500744,0.3595225091675119,-0.007835610453813575,None,None,-0.00019953964275228698,-1.2068157593658317,-0.975008982386486,-0.7220985551470067,0.383050923114697,-3.792465950351355,0 days 15:47:33.511705684,false
XMR-USD,false,15,63,197,19.897959183673468,0.46402226161239163,0.2699724517906336,0.0001,0.00003061224489795919,8.140495867768596,16.239669421487605,0.0008140495867768597,-1.7536955334558546,0,0,17424,726 days 01:00:00,1000.0,256.7556876516845,-74.32443123483155,34.915698157888286,100.0,203.1274458681346,76.28753726339858,722 days 11:00:00,196,1,12.192580146625176,20.605571745257077,-7.125563139087602,3.9481845890296117,-1.8107657643907058,5 days 11:33:50.769230769,1 days 04:43:34.012738853,-3.8542698596680682,-1.2638865405064805,-0.6490757381790252,0.9481682772071187,0.10943667171918246,23.49337502180241,0.9881794951625447,0.3865679955438848,-0.00757386945924155,None,None,-0.00006605956366175654,-0.3995282410263035,-0.743244312348315,-0.3761907824547305,0.38043945963114933,-3.128682373720197,2 days 01:11:19.591836734,false
XMR-USD,false,4,19,755,19.893899204244033,0.3302054028032962,1.0385674931129476,0.0001,0.00003060599877576005,31.198347107438018,62.35537190082645,0.003119834710743802,-6.0872648811275205,0,0,17424,726 days 01:00:00,1000.0,12.349547847430358,-98.76504521525696,34.915698157888286,100.0,387.08137501723905,98.80676904770284,725 days 02:00:00,754,1,0.03883545108621789,16.682556582211625,-11.805396837296525,1.6926834791084484,-1.1295504134917311,1 days 07:32:48,0 days 07:40:31.788079470,-1.3099327421799178,-4.550387679690406,-0.9009450228280379,0.8226638805027031,-0.44719036986556054,36.53494542803365,1.022997938706219,0.34951982651796776,-0.007905273419109862,None,None,-0.0002399383271300961,-1.4511470024828212,-0.9876504521525701,-0.7824115181438965,0.38380371317035084,-3.8286716412956383,0 days 12:25:27.851458884,false
XMR-USD,false,17,61,187,19.892473118279568,0.46988184087707474,0.256198347107438,0.0001,0.00003060380479735319,7.7272727272727275,15.413223140495868,0.0007727272727272728,-1.654720710070765,0,0,17424,726 days 01:00:00,1000.0,274.13405995521407,-72.58659400447858,34.915698157888286,100.0,197.03468458572823,75.11560224957645,722 days 11:00:00,186,1,13.658626641963735,20.605571745257084,-7.125563139087589,4.00339785565953,-1.8296834196885718,5 days 17:08:06.486486486,1 days 06:30:36.241610738,-3.975938530573925,-1.191999124313741,-0.6367061808269924,0.9510369406003768,0.10877740776089774,23.48561319542164,0.98658607249384,0.38778273335457153,-0.0075698276384558675,None,None,-0.00006230159078087112,-0.37680002104270854,-0.7258659400447869,-0.36184823901236274,0.38043559451610015,-3.078909998483864,2 days 03:43:13.548387096,false
XMR-USD,false,18,58,187,19.892473118279568,0.47425499047583375,0.256198347107438,0.0001,0.00003060380479735319,7.7272727272727275,15.413223140495868,0.0007727272727272728,-1.6414061501453276,0,0,17424,726 days 01:00:00,1000.0,276.77123311652645,-72.32287668834736,34.915698157888286,100.0,198.0002163864228,74.87621402509404,722 days 11:00:00,186,1,13.790022804871967,20.680218971042223,-7.125563139087593,4.0445298713057225,-1.8323623729875087,5 days 16:38:55.135135135,1 days 06:36:14.496644295,-3.962466611227665,-1.181988465677584,-0.6353799636877613,0.9514298618262913,0.11125858894289187,23.512599075445152,0.985814185374836,0.38789326961369974,-0.007566994865923125,None,None,-0.00006175956989313598,-0.3735218787136864,-0.7232287668834776,-0.35972411548599015,0.3803198285522751,-3.0713570257511207,2 days 03:41:56.129032257,false
XMR-USD,false,13,86,182,19.88950276243094,0.5061034573377298,0.2493112947658402,0.0001,0.000030599235019124526,7.520661157024794,15.0,0.0007520661157024794,-1.4418283476498814,0,0,17424,726 days 01:00:00,1000.0,315.2865007171515,-68.47134992828485,34.915698157888286,100.0,204.91673361279464,70.7721473643101,722 days 11:00:00,181,1,14.972038065843662,21.246964398202294,-6.070947836557035,4.012868723894359,-1.7619211099072103,6 days 06:03:19.999999999,1 days 05:38:28.965517241,-3.8656659522027232,-1.0368693008950238,-0.6220811910530826,0.9574963716677666,0.10051051353950116,23.07353332922736,0.9869608004678138,0.39199552644192365,-0.007549268901077536,None,None,-0.000054250253869346996,-0.32810553540181064,-0.6847134992828461,-0.3301047577386106,0.38083399001177787,-2.9610477103639283,2 days 05:35:28.176795578,false
XMR-USD,false,5,18,705,19.886363636363637,0.3194454522047807,0.9696969696969697,0.0001,0.000030594405594405594,29.132231404958677,58.22314049586777,0.002913223140495868,-6.079244422237388,0,0,17424,726 days 01:00:00,1000.0,12.656890451797835,-98.73431095482022,34.915698157888286,100.0,359.00493567446006,98.77707316628094,725 days 02:00:00,704,1,0.03980194709288298,16.68255658221162,-11.805396837296527,1.6949788145521105,-1.1763023531598775,1 days 08:59:08.571428571,0 days 08:27:14.042553191,-1.4025325447376376,-4.5431056556586515,-0.8998335616199635,0.8227036708368002,-0.4380664094916321,36.97754190884634,1.0159916679045238,0.3498334495313347,-0.007872856073489939,None,None,-0.00023862306259063917,-1.4431922825481858,-0.9873431095482021,-0.7805470637911105,0.38231164154046593,-3.827791399397059,0 days 13:19:56.590909089,false
XMR-USD,false,5,31,519,19.884169884169882,0.38047857356519543,0.7134986225895317,0.0001,0.00003059103059103059,21.446280991735538,42.85123966942149,0.002144628099173554,-4.240884934035242,0,0,17424,726 days 01:00:00,1000.0,46.437094709926896,-95.35629052900731,34.915698157888286,100.0,345.1557425767673,95.67692155474764,722 days 11:00:00,518,1,2.1487270356378545,18.966464643100235,-11.465212964445213,2.0925152098322513,-1.2422016140497827,2 days 01:39:36.699029126,0 days 10:20:31.807228915,-1.8450031512079337,-3.13662980531446,-0.8218314110746836,0.8749970826056737,-0.46231515150128333,36.5610698041884,1.0114679761443417,0.3631385433779238,-0.007744458309297697,None,None,-0.00016413034017729022,-0.9926602973922513,-0.9535629052900721,-0.6554236265291922,0.3808759487062576,-3.731043500771703,0 days 18:09:36.833976832,false
XMR-USD,false,10,39,328,19.877675840978593,0.42291287809727557,0.45041322314049587,0.0001,0.000030581039755351684,13.553719008264464,27.06611570247934,0.0013553719008264464,-2.88859157834122,0,0,17424,726 days 01:00:00,1000.0,125.81418743394306,-87.4185812566057,34.915698157888286,100.0,267.57825114678747,88.13051414492861,722 days 11:00:00,327,1,5.821646416401009,23.46552052400139,-6.189806240950013,2.9148394970779963,-1.4854122684143096,3 days 06:46:09.230769230,0 days 16:57:42.595419847,-2.6911543088148555,-2.0806815324692254,-0.734474036098577,0.9164893186074756,0.3279193316394258,22.255268291979615,1.0087559349289519,0.37453656227814147,-0.007670264526207827,None,None,-0.00010731408497921848,-0.6490355859543134,-0.8741858125660573,-0.5130017648952883,0.3754127849067016,-3.503704232442958,1 days 05:14:51.743119265,false
XMR-USD,false,6,37,439,19.863013698630137,0.40061718130310636,0.6033057851239669,0.0001,0.00003055848261327714,18.140495867768596,36.239669421487605,0.0018140495867768596,-3.6317889628920668,0,0,17424,726 days 01:00:00,1000.0,70.45945419641043,-92.95405458035896,34.915698157888286,100.0,325.1495637935064,93.34610728476828,722 days 11:00:00,438,1,3.260284371660944,21.12387912204325,-11.520637103641036,2.4452265446738473,-1.3375731489245177,2 days 14:22:04.137931034,0 days 11:32:08.205128205,-2.1296822606740893,-2.6739967239935893,-0.7889676078665194,0.8924431501966844,-0.44936334378219916,36.49740625249245,1.0088487784832052,0.36849132176234983,-0.007703388674781131,None,None,-0.00014016555482799088,-0.8477212755996888,-0.9295405458035889,-0.6017698821241588,0.3815385052480391,-3.6622424721402407,0 days 21:37:56.712328766,false
XMR-USD,false,11,60,253,19.841269841269842,0.4553245661668899,0.34710743801652894,0.0001,0.00003052503052503053,10.454545454545455,20.867768595041323,0.0010454545454545456,-2.0912300774771144,0,0,17424,726 days 01:00:00,1000.0,210.64832795739426,-78.93516720426057,34.915698157888286,100.0,229.4439446464855,80.22629270399977,722 days 11:00:00,252,1,9.747073113021457,25.97721423628423,-5.9148826327350825,3.6725511711304426,-1.6400853407487732,4 days 13:34:48,0 days 20:35:56.435643564,-3.1710267664905882,-1.4993753049912069,-0.6768107403411961,0.9392057991174134,0.30530010386576056,22.2834101150898,1.002066029767,0.38304627351377096,-0.007608808267455862,None,None,-0.00007764506250978705,-0.46959733805919207,-0.7893516720426058,-0.41760795957815444,0.37693063368233753,-3.260735754081642,1 days 14:15:14.285714284,false
XMR-USD,false,5,34,485,19.834710743801654,0.3735449831535283,0.6666666666666666,0.0001,0.000030514939605848696,20.041322314049587,40.04132231404959,0.0020041322314049586,-3.9477092592016985,0,0,17424,726 days 01:00:00,1000.0,56.849634905106655,-94.31503650948933,34.915698157888286,100.0,324.64713401860587,94.68637855112242,722 days 11:00:00,484,1,2.6305338059968975,18.966464643100235,-11.46521296444519,2.2778808904366232,-1.2828897679562832,2 days 07:08:07.500000,0 days 10:39:35.257731958,-1.954092766324153,-2.912249984202993,-0.806266734339619,0.8834770915149328,-0.44619984798795104,36.50187316652034,1.008390304968197,0.36591675158736375,-0.00775035293213583,None,None,-0.00015250449067959358,-0.922347159630182,-0.9431503650948939,-0.6303578213559777,0.38116404308183044,-3.7012215560748087,0 days 19:28:53.057851238,false
XMR-USD,false,5,19,687,19.825072886297377,0.3292446614412628,0.9449035812672176,0.0001,0.0000305001121327652,28.388429752066116,56.735537190082646,0.002838842975206612,-5.881992686114332,0,0,17424,726 days 01:00:00,1000.0,14.43175291176658,-98.55682470882334,34.915698157888286,100.0,356.9113932729786,98.6055834203025,725 days 02:00:00,686,1,0.0453833323468551,16.682556582211642,-11.805396837296524,1.7374492381194293,-1.1804811413347895,1 days 10:26:01.764705882,0 days 08:35:01.090909090,-1.4367545632953076,-4.391710760556393,-0.8937097715646638,0.8281363364230945,-0.4399125775562366,36.769132139223466,1.0177956519864195,0.3510894006358067,-0.007879205861022759,None,None,-0.00023105365317048065,-1.397412494375067,-0.985568247088234,-0.7703202907178565,0.38294557383343825,-3.8227081200882997,0 days 13:42:30.437317782,false
XMR-USD,false,15,50,228,19.823788546255507,0.4660895199757316,0.31267217630853994,0.0001,0.000030498136225008472,9.421487603305785,18.801652892561982,0.0009421487603305785,-1.9446693977965643,0,0,17424,726 days 01:00:00,1000.0,227.9940364818658,-77.20059635181342,34.915698157888286,100.0,218.37405905860226,78.86609422146705,722 days 11:00:00,227,1,10.826773062682378,20.680218971042226,-6.168481229071117,3.8066426494982464,-1.7154664149438934,4 days 18:09:20,1 days 00:49:07.252747252,-3.448602363792146,-1.3994612607539567,-0.6649667086446385,0.9429398568435463,0.18650678612166896,22.91909691102402,0.9948608594785673,0.38557569974554706,-0.007617955658402078,None,None,-0.00007294550260995405,-0.4411743997850021,-0.7720059635181333,-0.40139097951980096,0.3793984779856695,-3.211056929256102,1 days 18:31:43.083700439,false
XMR-USD,false,9,83,223,19.81981981981982,0.44793954739565667,0.30578512396694213,0.0001,0.000030492030492030493,9.214876033057852,18.388429752066116,0.0009214876033057852,-1.8003554406869136,0,0,17424,726 days 01:00:00,1000.0,250.3983589908546,-74.96016410091454,34.915698157888286,100.0,224.4542868756411,76.72664808247023,722 days 11:00:00,222,1,11.586377808600929,20.605571745257066,-6.070947836557041,3.3719445535782127,-1.584238649109844,5 days 04:47:43.636363636,0 days 23:23:35.730337078,-3.4287748595393936,-1.295413979237935,-0.6536022125965987,0.9471559652399224,0.1272184035774501,23.27247184005592,0.9931306274769887,0.3870094722598106,-0.007587215347123387,None,None,-0.00006755338302967693,-0.40856286056348606,-0.7496016410091435,-0.3815957117838682,0.3795740100710841,-3.1468900252816296,1 days 19:29:27.567567566,false
XMR-USD,false,14,57,218,19.81566820276498,0.4872153493555288,0.2988980716253444,0.0001,0.0000304856433888692,9.008264462809917,17.975206611570247,0.0009008264462809917,-1.8344692019318438,0,0,17424,726 days 01:00:00,1000.0,245.38497581975093,-75.4615024180249,34.915698157888286,100.0,211.50007103765105,77.287706544433,722 days 11:00:00,217,1,11.6526181438239,20.68021897104221,-6.168481229071104,4.127418348660194,-1.7861299192635862,5 days 00:30:41.860465116,1 days 01:36:53.793103448,-3.531187291816008,-1.317281698763796,-0.6553824047585926,0.9461660634107949,0.20759057784493765,22.84129687437905,0.9945872734243875,0.38524525001987436,-0.007615090235589363,None,None,-0.00006871111324533214,-0.41556481290776875,-0.7546150241802472,-0.38592156550933054,0.37966999026980736,-3.1612485615149115,1 days 20:25:09.677419354,false
XMR-USD,false,14,61,218,19.81566820276498,0.4374388431401224,0.2988980716253444,0.0001,0.0000304856433888692,9.008264462809917,17.975206611570247,0.0009008264462809917,-2.0362188523144313,0,0,17424,726 days 01:00:00,1000.0,212.8399077674792,-78.71600922325209,34.915698157888286,100.0,206.71873276416113,80.3000064363284,722 days 11:00:00,217,1,10.107147606310406,20.60557174525708,-6.168481229071103,3.6528380457880685,-1.7597758423129102,5 days 02:13:57.209302325,1 days 01:17:35.172413793,-3.6740425799024483,-1.4701292520294587,-0.6732203001133499,0.9400344093894459,0.10730721484480896,23.509071188848964,0.9908365990057881,0.3854655323209032,-0.007595606630086865,None,None,-0.00007682740538097915,-0.4646521477441619,-0.7871600922325205,-0.4155119919999569,0.38038080366105687,-3.2544589790901335,1 days 20:30:08.294930875,false
XMR-USD,false,11,77,208,19.806763285024154,0.4463568690937197,0.28512396694214875,0.0001,0.000030471943515421774,8.59504132231405,17.14876033057851,0.000859504132231405,-1.8674767389914673,0,0,17424,726 days 01:00:00,1000.0,238.09189867533667,-76.19081013246634,34.915698157888286,100.0,208.5019992709896,77.87047579338838,722 days 11:00:00,207,1,11.016935982876532,20.60557174525709,-6.070947836557031,3.5712671276594117,-1.7173037068794657,5 days 11:46:49.756097561,1 days 01:38:18.795180722,-3.733937378297297,-1.3470181802872736,-0.6600171820119467,0.9450167714609167,0.09648781612681437,23.241377637902318,0.987159936156152,0.38745123019348676,-0.0075862270384642995,None,None,-0.0000703935028266498,-0.42573990509557796,-0.7619081013246641,-0.3923187498077998,0.3803794652471499,-3.1821362353384024,1 days 22:39:42.608695651,false
XMR-USD,false,9,52,304,19.801980198019802,0.4213197729088415,0.41735537190082644,0.0001,0.000030464584920030466,12.561983471074381,25.082644628099175,0.001256198347107438,-2.5529549620191707,0,0,17424,726 days 01:00:00,1000.0,158.60461440484096,-84.1395385595159,34.915698157888286,100.0,255.05362512393208,85.05991617495721,722 days 11:00:00,303,1,7.338917843104042,23.46552052400138,-6.189806240950008,3.0351995505018183,-1.4768847525282327,3 days 15:20:00,0 days 18:00:00,-2.8011033116774433,-1.8325475901667758,-0.7097844329166855,0.9261851020889924,0.3598511726796941,22.486324611106927,1.0082031645964533,0.37888739416000633,-0.007600759458310174,None,None,-0.00009412204692155435,-0.5692501397815607,-0.8413953855951609,-0.4722361948966963,0.37384712569094053,-3.409791096802307,1 days 07:43:45.742574257,false
XMR-USD,false,16,58,203,19.801980198019802,0.462621700062575,0.27823691460055094,0.0001,0.000030464584920030466,8.388429752066116,16.735537190082646,0.0008388429752066117,-1.8227626267877732,0,0,17424,726 days 01:00:00,1000.0,246.1272309192459,-75.3872769080754,34.915698157888286,100.0,204.61816591887623,77.2691197417483,722 days 11:00:00,202,1,11.687865677666679,20.988943218041005,-6.168481229071115,3.8724797031832505,-1.787455209815721,5 days 08:25:30,1 days 03:49:37.777777777,-3.789904132467432,-1.3132910377228977,-0.6545696227287275,0.9462097252382564,0.12098575906042017,23.589061246754223,0.9912766214300149,0.3856858846918489,-0.007586227038464388,None,None,-0.00006852622777262795,-0.4144466255688538,-0.7538727690807546,-0.38527748566883,0.379798975820638,-3.159122712287614,1 days 23:44:51.089108909,false
XMR-USD,false,6,47,400,19.799498746867165,0.39105549326135397,0.5495867768595041,0.0001,0.000030460767302872566,16.528925619834713,33.01652892561984,0.0016528925619834713,-3.349608067305359,0,0,17424,726 days 01:00:00,1000.0,93.368127309736,-90.6631872690264,34.915698157888286,100.0,301.89730089220416,91.13233917265231,722 days 11:00:00,399,1,4.320309456707207,24.427265072754306,-6.1898062409500065,2.5216321628876224,-1.3395182361459752,2 days 21:17:28.101265822,0 days 12:42:33.750000,-2.2830881758069452,-2.419265419347395,-0.7641708218932525,0.9036812586169557,0.3261143691858182,22.505430914576667,1.0136763313740975,0.37193921738445795,-0.007705955313607379,None,None,-0.00012448296399826859,-0.7528729662615284,-0.9066318726902628,-0.5608945728294858,0.3745280480207987,-3.596631087227549,0 days 23:54:44.210526315,false
XMR-USD,false,9,56,284,19.78798586572438,0.4084203653851236,0.38980716253443526,0.0001,0.00003044305517803751,11.735537190082646,23.429752066115704,0.0011735537190082645,-2.5943272720844104,0,0,17424,726 days 01:00:00,1000.0,152.22817378389493,-84.7771826216105,34.915698157888286,100.0,233.60206696103046,85.60472220136319,722 days 11:00:00,283,1,7.043868584769683,25.04590464160577,-6.189806240949995,3.248912218860087,-1.5957790032875778,4 days 01:42:51.428571428,0 days 18:19:33.568281938,-3.0205501583069774,-1.868052879398697,-0.7147183163117217,0.9248333336742265,0.29431242707958755,22.622361340788117,0.9979122828936453,0.3811826252377933,-0.0076150902355894695,None,None,-0.00009637149337108885,-0.5828547919083453,-0.8477718262161055,-0.4796995139275628,0.37550642081960117,-3.428053485805992,1 days 10:02:07.208480564,false
XMR-USD,false,12,83,188,19.786096256684495,0.48739619384232175,0.25757575757575757,0.0001,0.000030440148087206916,7.768595041322314,15.495867768595042,0.0007768595041322315,-1.5763022940841303,0,0,17424,726 days 01:00:00,1000.0,288.7326639927803,-71.12673360072196,34.915698157888286,100.0,205.0807321517148,73.08412212270457,722 days 11:00:00,187,1,13.360174340544972,21.2469643982023,-6.070947836557041,3.939211408261154,-1.7672763965067788,6 days 00:34:03.243243243,1 days 04:59:12,-3.8750134243195906,-1.1350970311712114,-0.6355389138072977,0.9535342957382416,0.09546349708398513,23.18064034359653,0.9876169145605842,0.3907734056987789,-0.00755529602678406,None,None,-0.000059324874559002416,-0.3587968413328466,-0.7112673360072179,-0.3502521258816399,0.3804186369342226,-3.037098994242873,2 days 03:51:20.213903742,false
XMR-USD,false,14,72,188,19.786096256684495,0.46587275141062334,0.25757575757575757,0.0001,0.000030440148087206916,7.768595041322314,15.495867768595042,0.0007768595041322315,-1.7241474758776858,0,0,17424,726 days 01:00:00,1000.0,262.4911033742926,-73.75088966257074,34.915698157888286,100.0,196.81320619044035,75.63377306880513,722 days 11:00:00,187,1,12.464938342510493,21.24696439820227,-7.1255631390876,3.9456515817605524,-1.8306680374244457,5 days 19:22:42.162162162,1 days 06:06:00,-4.010555267209724,-1.2425209310550611,-0.6472317254684927,0.9491892277458405,0.10004906832052297,23.282804381702725,0.9891530379097133,0.38778273335457153,-0.00756982763845589,None,None,-0.00006483222844690169,-0.3921053176468614,-0.7375088966257065,-0.3713890754559659,0.37979144740414944,-3.112255906471361,2 days 03:43:18.930481282,false
XMR-USD,false,17,60,188,19.786096256684495,0.47944184886723246,0.25757575757575757,0.0001,0.000030440148087206916,7.768595041322314,15.495867768595042,0.0007768595041322315,-1.5782008362176652,0,0,17424,726 days 01:00:00,1000.0,288.2876327965953,-71.17123672034047,34.915698157888286,100.0,198.47039984384057,73.8308179501279,722 days 11:00:00,187,1,14.363823096289252,20.60557174525708,-7.1255631390876,4.103054055443668,-1.807867191973378,5 days 16:42:09.729729729,1 days 06:23:12,-3.882760375934193,-1.1355412361892927,-0.6296735767068855,0.9533125413863679,0.11516190150637087,23.42603964605055,0.9887582213352015,0.3876722147009636,-0.007569827638455921,None,None,-0.00005939514438371516,-0.3592218332327093,-0.7117123672034014,-0.350599899839376,0.38072024990276665,-3.038373581948875,2 days 03:25:20.855614972,false
XMR-USD,false,13,87,183,19.78021978021978,0.48812989510890065,0.25068870523415976,0.0001,0.00003043110735418428,7.56198347107438,15.082644628099175,0.0007561983471074381,-1.5117240439165334,0,0,17424,726 days 01:00:00,1000.0,300.7536187143305,-69.92463812856695,34.915698157888286,100.0,201.26044004340434,71.91463664182474,722 days 11:00:00,182,1,14.281913807247918,22.239846018718115,-6.070947836557034,3.9172829193063583,-1.759260765051086,6 days 06:05:00,1 days 05:23:00.821917808,-3.92048513787317,-1.0878417454777,-0.6304462167971155,0.9554397053617907,0.09803213169694891,23.035397689950763,0.9856504671592362,0.3914397508584205,-0.0075552960267839895,None,None,-0.00005694600305268328,-0.3444094264626285,-0.6992463812856713,-0.3409877264371174,0.3810267537835541,-3.0026704839859923,2 days 05:15:29.670329669,false
XMR-USD,false,60,85,92,19.78021978021978,0.5434742907692367,0.12534435261707988,0.0001,0.00003043110735418428,3.8016528925619837,7.56198347107438,0.0003801652892561984,-1.1003221409347155,0,0,17424,726 days 01:00:00,1000.0,392.7113292640191,-60.72886707359809,34.915698157888286,100.0,134.41788509784448,66.21359334428307,630 days 14:00:00,91,1,18.648717776545993,18.192100306263388,-6.629251517615249,5.805639478705852,-2.652752527514651,11 days 18:43:20,2 days 11:30:24.657534246,-6.878432840796993,-0.7963781935165218,-0.566239949112841,0.966534366290771,-0.13438882580281988,27.036038647552324,0.9738045788245119,0.37866919851254055,-0.007445281664846217,None,None,-0.00004164951932402145,-0.25189629287168175,-0.6072886707359823,-0.27705051202397313,0.380669935297358,-2.7392998071807995,4 days 07:39:33.626373625,false
XMR-USD,false,61,84,92,19.78021978021978,0.5430501554048104,0.12534435261707988,0.0001,0.00003043110735418428,3.8016528925619837,7.56198347107438,0.0003801652892561984,-1.1033298255557247,0,0,17424,726 days 01:00:00,1000.0,391.90211480995345,-60.80978851900466,34.915698157888286,100.0,134.31374623241695,66.33270585619132,630 days 14:00:00,91,1,18.610290537884907,18.192100306263406,-6.592258619305256,5.843101142949528,-2.6643389657901735,11 days 18:53:20,2 days 11:32:52.602739726,-6.886903029977276,-0.7985292635749577,-0.5661998289859842,0.9664519719378445,-0.1340387830469926,27.026144377772166,0.9737170107747133,0.37899651788540684,-0.007445281664846083,None,None,-0.000041765755497569816,-0.25259928924930225,-0.608097885190048,-0.2775679157247368,0.3807040086528417,-2.7416174307620507,4 days 07:43:30.989010988,false
XMR-USD,false,6,34,446,19.775280898876403,0.39094811249924394,0.6129476584022039,0.0001,0.000030423509075194468,18.429752066115704,36.81818181818182,0.0018429752066115705,-3.6579290454229727,0,0,17424,726 days 01:00:00,1000.0,69.62236520387864,-93.03776347961214,34.915698157888286,100.0,320.37109296045645,93.49253704643073,722 days 11:00:00,445,1,3.2215507738610825,21.12387912204324,-11.520637103641052,2.4558282915191176,-1.3285230510994965,2 days 12:23:10.909090909,0 days 11:33:46.890756302,-2.097975697910071,-2.6927653393774516,-0.7894204254093417,0.8917383580161553,-0.4410614499142558,36.61501665235602,1.007157718323243,0.36741740563446595,-0.00770338867478126,None,None,-0.0001408950963942334,-0.8521335429923236,-0.9303776347961207,-0.6034184151530331,0.38085118771500437,-3.664639929549646,0 days 21:13:04.719101122,false
XMR-USD,false,8,43,355,19.774011299435028,0.40796248755961345,0.48760330578512395,0.0001,0.00003042155584528466,14.669421487603307,29.297520661157026,0.0014669421487603308,-3.081342249182555,0,0,17424,726 days 01:00:00,1000.0,110.91790659362073,-88.90820934063792,34.915698157888286,100.0,279.6905744224148,89.46554457401969,722 days 11:00:00,354,1,5.132368984813311,23.46552052400137,-6.189806240950016,2.763581759914833,-1.4286838615155788,3 days 02:34:17.142857142,0 days 15:17:32.112676056,-2.5260295547773786,-2.2228520675421737,-0.7477146607602245,0.9110697571827053,0.3176810020332797,22.43172075240338,1.0102076725572862,0.3738863045020895,-0.007676268438934716,None,None,-0.00011456183454642958,-0.692869975336806,-0.889082093406379,-0.533843227662943,0.37513479037685654,-3.546367795327943,1 days 03:00:50.847457625,false
XMR-USD,false,58,89,87,19.767441860465116,0.5599790134070803,0.1184573002754821,0.0001,0.00003041144901610018,3.59504132231405,7.148760330578512,0.000359504132231405,-1.036005613658671,0,0,17424,726 days 01:00:00,1000.0,409.39223358206834,-59.06077664179317,34.915698157888286,100.0,129.92901791490587,64.67968705240914,630 days 14:00:00,86,1,18.94330741345675,18.057665683864617,-6.592258619305262,6.165993605358672,-2.746564976599378,12 days 02:31:45.882352941,2 days 17:11:18.260869565,-7.087803184085905,-0.7498128807589155,-0.5592453405388962,0.9684505369489743,-0.13946896584124077,26.991775341045123,0.9728966788130975,0.37932399271748596,-0.0074419787158007756,None,None,-0.00003924396272157647,-0.23734748654009452,-0.5906077664179314,-0.26653651726092487,0.3809587052953719,-2.6915250090294967,4 days 13:43:57.209302325,false
XMR-USD,false,65,83,87,19.767441860465116,0.531356646881473,0.1184573002754821,0.0001,0.00003041144901610018,3.59504132231405,7.148760330578512,0.000359504132231405,-1.1357434598279676,0,0,17424,726 days 01:00:00,1000.0,382.002657591799,-61.7997342408201,34.915698157888286,100.0,125.57209879240466,66.78403293532973,630 days 14:00:00,86,1,17.675942975767953,18.057665683864617,-7.716344835621476,5.9384580609872675,-2.7944154598424356,12 days 04:35:17.647058823,2 days 16:33:02.608695652,-7.391549830046154,-0.8234834791243485,-0.5743222948504884,0.9653560399566578,-0.15711024420007536,26.8767148735924,0.972828461186449,0.3780150257018584,-0.007428272403563709,None,None,-0.000043174996054470576,-0.26112237613743805,-0.6179973424081993,-0.28395476559006283,0.3816237195935492,-2.769969884645084,4 days 13:37:40.465116277,false
XMR-USD,false,66,82,87,19.767441860465116,0.5380848697975307,0.1184573002754821,0.0001,0.00003041144901610018,3.59504132231405,7.148760330578512,0.000359504132231405,-1.1092880690194495,0,0,17424,726 days 01:00:00,1000.0,388.74895037055137,-61.12510496294487,34.915698157888286,100.0,126.67651873326882,66.23342525680414,630 days 14:00:00,86,1,17.988105951823684,18.05766568386461,-7.716344835621477,5.982739667893697,-2.7804349227669087,12 days 04:38:49.411764705,2 days 16:36:31.304347826,-7.316734367224095,-0.8042076131250913,-0.5708695107690284,0.9661613453398098,-0.15736406327828253,26.866347166360935,0.9726226124350826,0.3785601265822785,-0.007428272403563668,None,None,-0.00004216820197441178,-0.25503328554124244,-0.6112510496294499,-0.2795906988746587,0.3816584196059324,-2.750648223802887,4 days 13:41:09.767441860,false
XMR-USD,false,66,85,87,19.767441860465116,0.571541038715011,0.1184573002754821,0.0001,0.00003041144901610018,3.59504132231405,7.148760330578512,0.000359504132231405,-0.9416399791528974,0,0,17424,726 days 01:00:00,1000.0,434.7813790044099,-56.52186209955901,34.915698157888286,100.0,132.94998704248258,61.960857218948796,630 days 14:00:00,86,1,20.11810836776931,17.47256446459339,-6.607384652232705,6.097054553853421,-2.6476210406483385,12 days 09:24:42.352941176,2 days 15:29:33.913043478,-6.806241039108835,-0.6816180415172267,-0.5521483915471215,0.9712605363355472,-0.1504728139865823,26.84076867616492,0.9732848392457917,0.37997940920250256,-0.007416129821413538,None,None,-0.000035744010018348735,-0.21617977259097315,-0.565218620995593,-0.2510577054891622,0.38169822501671524,-2.618809449089861,4 days 13:43:57.209302324,false
XMR-USD,false,67,83,87,19.767441860465116,0.5648757954675564,0.1184573002754821,0.0001,0.00003041144901610018,3.59504132231405,7.148760330578512,0.000359504132231405,-0.9914122849203527,0,0,17424,726 days 01:00:00,1000.0,420.4407045157326,-57.955929548426745,34.915698157888286,100.0,131.70872389299564,63.645235501572536,630 days 14:00:00,86,1,19.45453983111588,18.303442673059227,-7.7163448356214674,6.128980353207258,-2.70096123751306,12 days 09:24:42.352941176,2 days 15:25:13.043478260,-6.96527715483003,-0.7179111202349971,-0.5548187551942082,0.9697485768600137,-0.15166411785829767,26.80837427853251,0.9735943758498592,0.3792148171600443,-0.007428272403563634,None,None,-0.000037660287225094215,-0.2277694171373698,-0.579559295484263,-0.25972579349339475,0.3818307423173079,-2.6598817324617383,4 days 13:40:27.906976742,false
XMR-USD,false,67,84,87,19.767441860465116,0.5690257012935153,0.1184573002754821,0.0001,0.00003041144901610018,3.59504132231405,7.148760330578512,0.000359504132231405,-0.9618817871352651,0,0,17424,726 days 01:00:00,1000.0,428.9095647190388,-57.109043528096116,34.915698157888286,100.0,132.7099333013228,62.47458387048235,630 days 14:00:00,86,1,19.846409068275364,17.47256446459339,-6.607384652232687,6.097054553853423,-2.666914145612426,12 days 09:24:42.352941176,2 days 15:29:33.913043478,-6.871358655223679,-0.6963605090374064,-0.5547818126706914,0.9706502519126612,-0.150513065010812,26.82779252072711,0.973078395131955,0.3798701298701298,-0.007428272403563752,None,None,-0.000036521432777222694,-0.22088162543664286,-0.5710904352809676,-0.2545839593645761,0.38174347038957357,-2.635626567449685,4 days 13:43:57.209302324,false
XMR-USD,false,68,81,87,19.767441860465116,0.5527686824857014,0.1184573002754821,0.0001,0.00003041144901610018,3.59504132231405,7.148760330578512,0.000359504132231405,-1.0378439763401581,0,0,17424,726 days 01:00:00,1000.0,407.88517074852575,-59.21148292514743,34.915698157888286,100.0,129.37838132662822,64.60199720022774,630 days 14:00:00,86,1,18.873572933402215,18.303442673059216,-7.716344835621482,6.067747216159017,-2.730086854496576,12 days 04:52:56.470588235,2 days 16:30:26.086956521,-7.1045163044753075,-0.7519008048871071,-0.5617480388173457,0.9683344415044959,-0.1536909315041,26.87458493110393,0.9737972559467489,0.37866919851254055,-0.007428272403563705,None,None,-0.00003941643815908058,-0.23839061798611935,-0.5921148292514733,-0.2674747960855165,0.3815704828250792,-2.695841299159878,4 days 13:39:04.186046510,false
XMR-USD,false,68,82,87,19.767441860465116,0.5632326429162243,0.1184573002754821,0.0001,0.00003041144901610018,3.59504132231405,7.148760330578512,0.000359504132231405,-0.9975584580524526,0,0,17424,726 days 01:00:00,1000.0,418.6684409654665,-58.13315590345335,34.915698157888286,100.0,131.12769939718575,63.722841482707246,630 days 14:00:00,86,1,19.37253404181058,18.30344267305923,-6.6073846522327,6.128329308920805,-2.7073742928477076,12 days 09:28:14.117647058,2 days 15:26:05.217391304,-6.984931314841214,-0.722413654649338,-0.5562965463416504,0.9695629015334629,-0.1521807930388032,26.799343961192584,0.9734071617857903,0.37932399271748596,-0.007428272403563703,None,None,-0.00003790026358633101,-0.22922079417012994,-0.5813315590345333,-0.26081035396859176,0.3818688457936322,-2.6649575683858893,4 days 13:41:51.627906976,false
XMR-USD,false,69,80,87,19.767441860465116,0.5631815096394035,0.1184573002754821,0.0001,0.00003041144901610018,3.59504132231405,7.148760330578512,0.000359504132231405,-0.9944000112547801,0,0,17424,726 days 01:00:00,1000.0,419.82429175188224,-58.01757082481177,34.915698157888286,100.0,131.10093890258946,63.69853562361809,630 days 14:00:00,86,1,19.426017315246384,18.303442673059227,-7.716344835621487,6.111976138909263,-2.698321475379947,12 days 09:14:07.058823529,2 days 15:22:36.521739130,-6.972113087946104,-0.7202054458081825,-0.5551032865157437,0.9696416262497237,-0.1532750649595721,26.86598295395077,0.9743014167645045,0.37866919851254055,-0.007428272403563705,None,None,-0.00003775853353451503,-0.22836361081674691,-0.5801757082481169,-0.26010267641831863,0.3816072896430375,-2.661647164048021,4 days 13:36:16.744186046,false
XMR-USD,false,69,81,87,19.767441860465116,0.5676556105804464,0.1184573002754821,0.0001,0.00003041144901610018,3.59504132231405,7.148760330578512,0.000359504132231405,-0.9742705153091097,0,0,17424,726 days 01:00:00,1000.0,425.45667761433333,-57.454332238566664,34.915698157888286,100.0,131.98027366407982,63.03788693523612,630 days 14:00:00,86,1,19.686637835401484,18.30344267305923,-6.607384652232698,6.128329308920807,-2.68475070958297,12 days 09:28:14.117647058,2 days 15:23:28.695652173,-6.909650700244983,-0.7052987609365119,-0.5540276960513173,0.9702693976668603,-0.15006806329292943,26.837814054593427,0.9739147429304821,0.3792148171600443,-0.00741612982141359,None,None,-0.000036987233615873706,-0.22369878890880418,-0.5745433223856697,-0.2566722903169155,0.3817127564045228,-2.6455157785692553,4 days 13:39:46.046511626,false
XMR-USD,false,70,77,87,19.767441860465116,0.5464541728957188,0.1184573002754821,0.0001,0.00003041144901610018,3.59504132231405,7.148760330578512,0.000359504132231405,-1.0507842055985779,0,0,17424,726 days 01:00:00,1000.0,404.67740270634727,-59.53225972936528,34.915698157888286,100.0,128.05514587274496,64.89252017016118,630 days 14:00:00,86,1,18.725143795891768,18.05766568386462,-6.5922586193052695,6.003449496665613,-2.7301306055267864,12 days 04:28:14.117647058,2 days 16:33:02.608695652,-7.140090012669122,-0.761517036717442,-0.5631223042851425,0.9679221217807095,-0.15930679201711437,27.003023188998636,0.9741968155856457,0.37823301431622236,-0.0074029433314942465,None,None,-0.00003988857813747449,-0.2412461205754457,-0.595322597293656,-0.2694794759205492,0.38126494491454405,-2.7050284791717827,4 days 13:36:16.744186045,false
XMR-USD,false,70,80,87,19.767441860465116,0.5702437108737393,0.1184573002754821,0.0001,0.00003041144901610018,3.59504132231405,7.148760330578512,0.000359504132231405,-0.9588075616256716,0,0,17424,726 days 01:00:00,1000.0,429.82778876567454,-57.01722112343255,34.915698157888286,100.0,132.42745931441038,62.658140857443954,630 days 14:00:00,86,1,19.88889692945844,18.30344267305923,-6.6073846522327,6.128329308920804,-2.670411331644244,12 days 09:28:14.117647058,2 days 15:23:28.695652173,-6.86117567632307,-0.6940634020787351,-0.5520348545022826,0.9707366874717606,-0.15012089389518177,26.833609390619408,0.9735721378420102,0.3794331855604814,-0.007416129821413575,None,None,-0.000036399616025925876,-0.2201448777247997,-0.5701722112343282,-0.2540304596657801,0.3817293932517115,-2.6329967358980335,4 days 13:39:46.046511626,false
XMR-USD,false,70,81,87,19.767441860465116,0.5768801877755976,0.1184573002754821,0.0001,0.00003041144901610018,3.59504132231405,7.148760330578512,0.000359504132231405,-0.9310754902677774,0,0,17424,726 days 01:00:00,1000.0,437.66085184809367,-56.23391481519063,34.915698157888286,100.0,133.80817073744387,61.64960340023297,630 days 14:00:00,86,1,20.25134670204187,17.472564464593383,-6.607384652232688,6.137877108048273,-2.6470496811698343,12 days 10:07:03.529411764,2 days 15:19:07.826086956,-6.774308079697063,-0.6737519846561705,-0.5513889077498545,0.9715972767431793,-0.14713427016312158,26.77619924463989,0.9736222814883712,0.37997940920250256,-0.0074282724035637585,None,None,-0.00003535162025224003,-0.2138065992855477,-0.5623391481519064,-0.24933982543603717,0.3819154346574935,-2.610562520070533,4 days 13:43:57.209302324,false
XMR-USD,false,70,86,87,19.767441860465116,0.5645694593435329,0.1184573002754821,0.0001,0.00003041144901610018,3.59504132231405,7.148760330578512,0.000359504132231405,-1.0005669676744329,0,0,17424,726 days 01:00:00,1000.0,412.36578752696573,-58.76342124730343,34.915698157888286,100.0,135.69820985897175,63.585793679573236,630 days 14:00:00,86,1,17.203345465433472,17.209452191573693,-11.388143219999105,5.966220419156537,-2.678803306212225,12 days 12:03:31.764705882,2 days 14:39:07.826086956,-7.032994859749625,-0.7293159345044207,-0.5652074828835675,0.9690720226852615,-0.41361511737140966,30.431189839268292,0.9698805934175827,0.37954239569313597,-0.007437644843583004,None,None,-0.00003856672963399825,-0.23325158082642142,-0.5876342124730384,-0.2646918127070693,0.3849063316695667,-2.6830086278549,4 days 13:34:53.023255813,false
XMR-USD,false,71,76,87,19.767441860465116,0.5408014045767341,0.1184573002754821,0.0001,0.00003041144901610018,3.59504132231405,7.148760330578512,0.000359504132231405,-1.090124883526444,0,0,17424,726 days 01:00:00,1000.0,393.89893599907987,-60.610106400092015,34.915698157888286,100.0,127.26052422631636,65.88143033957641,630 days 14:00:00,86,1,18.22640495442687,18.057665683864617,-7.716344835621487,6.003449496665613,-2.7664822385088343,12 days 04:28:14.117647058,2 days 16:34:46.956521739,-7.259621732038919,-0.7903609986973218,-0.5676534781173714,0.9667319703794113,-0.1596546154599753,26.906242787240643,0.9738090711874594,0.37812401138880103,-0.007416129821413479,None,None,-0.000041423653808440465,-0.25053025823344793,-0.6061010640009202,-0.27629242699636203,0.3814879693627462,-2.7358984524958943,4 days 13:37:40.465116278,false
XMR-USD,false,71,79,87,19.767441860465116,0.5718062925975691,0.1184573002754821,0.0001,0.00003041144901610018,3.59504132231405,7.148760330578512,0.000359504132231405,-0.9513484577048078,0,0,17424,726 days 01:00:00,1000.0,431.9348811730007,-56.80651188269993,34.915698157888286,100.0,132.87658795173374,62.47508441034766,630 days 14:00:00,86,1,19.986395846013977,18.30344267305923,-6.607384652232705,6.128329308920808,-2.663202984511067,12 days 09:28:14.117647058,2 days 15:25:13.043478260,-6.8378083101513365,-0.6886453868652218,-0.5510752468594092,0.9709672376433777,-0.15005859682340192,26.825971188290232,0.9733971869346667,0.37965162311955664,-0.0074161298214135045,None,None,-0.00003611758338777318,-0.2184391443292522,-0.5680651188269962,-0.2527632295699517,0.38175170546211923,-2.6269619363136227,4 days 13:41:09.767441859,false
XMR-USD,false,72,75,87,19.767441860465116,0.5416472688622586,0.1184573002754821,0.0001,0.00003041144901610018,3.59504132231405,7.148760330578512,0.000359504132231405,-1.0866123576603073,0,0,17424,726 days 01:00:00,1000.0,394.82341030398857,-60.51765896960114,34.915698157888286,100.0,127.54346174740901,65.80135461941406,630 days 14:00:00,86,1,18.2691820261864,18.057665683864617,-7.716344835621479,6.003449496665611,-2.763111437545344,12 days 04:28:14.117647058,2 days 16:33:02.608695652,-7.249369438630211,-0.7878086088197536,-0.5672224027806322,0.9668346819883276,-0.15973270716836338,26.907633037851124,0.9735080859844852,0.37812401138880103,-0.007416129821413531,None,None,-0.00004128940436702593,-0.24971831761177282,-0.6051765896960107,-0.2757033396401527,0.3814835715204542,-2.7332507199466884,4 days 13:36:16.744186045,false
XMR-USD,false,72,78,87,19.767441860465116,0.5780774024147395,0.1184573002754821,0.0001,0.00003041144901610018,3.59504132231405,7.148760330578512,0.000359504132231405,-0.9209350774741184,0,0,17424,726 days 01:00:00,1000.0,440.69128247405035,-55.93087175259497,34.915698157888286,100.0,133.95564290886497,61.7143604354774,630 days 14:00:00,86,1,20.39157012162258,18.30344267305923,-6.6073846522326924,6.1490478673063915,-2.6398440512799723,12 days 09:24:42.352941176,2 days 15:26:57.391304347,-6.740701019157827,-0.666506714315791,-0.5470936418525938,0.971891712839808,-0.149986734893639,26.80856655351738,0.9737151494492645,0.3798701298701298,-0.007416129821413557,None,None,-0.00003496203591389977,-0.21145039320726583,-0.5593087175259515,-0.2475398360342742,0.3818124891335771,-2.6018832417348885,4 days 13:41:51.627906975,false
XMR-USD,false,73,74,87,19.767441860465116,0.5419081914140883,0.1184573002754821,0.0001,0.00003041144901610018,3.59504132231405,7.148760330578512,0.000359504132231405,-1.0840522755936768,0,0,17424,726 days 01:00:00,1000.0,395.49566853343526,-60.450433146656465,34.915698157888286,100.0,127.55816993458387,65.74312524346259,630 days 14:00:00,86,1,18.300288611160397,18.057665683864617,-7.716344835621479,6.003449496665611,-2.7607584597171697,12 days 04:28:14.117647058,2 days 16:32:10.434782608,-7.241914186950291,-0.7859499397959835,-0.5669090952539412,0.966910444333344,-0.1597917253948163,26.908037212250278,0.9733821310555106,0.37812401138880103,-0.007416129821413531,None,None,-0.000041191855639390164,-0.2491283429070317,-0.6045043314665666,-0.2752755330536619,0.3814823208433278,-2.7313253446429875,4 days 13:35:34.883720929,false
XMR-USD,false,73,77,87,19.767441860465116,0.5785467522286843,0.1184573002754821,0.0001,0.00003041144901610018,3.59504132231405,7.148760330578512,0.000359504132231405,-0.917731611580208,0,0,17424,726 days 01:00:00,1000.0,441.62991273972136,-55.83700872602786,34.915698157888286,100.0,134.04919412217512,61.63281568643204,630 days 14:00:00,86,1,20.4350022148858,18.30344267305923,-6.6073846522326924,6.149047867306395,-2.63678440064423,12 days 09:24:42.352941176,2 days 15:26:05.217391304,-6.730291738083318,-0.6641849111353552,-0.546667357470727,0.97198702787693,-0.150059185037381,26.80919975964552,0.9736080193764131,0.3798701298701298,-0.0074161298214135375,None,None,-0.000034840063031956463,-0.2107127012172727,-0.5583700872602817,-0.24698395625307634,0.3818105032471804,-2.599194965930044,4 days 13:41:09.767441859,false
XMR-USD,false,74,76,87,19.767441860465116,0.5785467522286843,0.1184573002754821,0.0001,0.00003041144901610018,3.59504132231405,7.148760330578512,0.000359504132231405,-0.917731611580208,0,0,17424,726 days 01:00:00,1000.0,441.62991273972136,-55.83700872602786,34.915698157888286,100.0,134.04919412217512,61.63281568643204,630 days 14:00:00,86,1,20.4350022148858,18.30344267305923,-6.6073846522326924,6.149047867306395,-2.63678440064423,12 days 09:24:42.352941176,2 days 15:26:05.217391304,-6.730291738083318,-0.6641849111353552,-0.546667357470727,0.97198702787693,-0.150059185037381,26.80919975964552,0.9736080193764131,0.3798701298701298,-0.0074161298214135375,None,None,-0.000034840063031956463,-0.2107127012172727,-0.5583700872602817,-0.24698395625307634,0.3818105032471804,-2.599194965930044,4 days 13:41:09.767441859,false
XMR-USD,false,11,62,254,19.76284584980237,0.45741160913251594,0.3484848484848485,0.0001,0.000030404378230465186,10.495867768595042,20.950413223140497,0.0010495867768595044,-2.149364548975874,0,0,17424,726 days 01:00:00,1000.0,199.54117746879695,-80.04588225312031,34.915698157888286,100.0,233.0755286313024,81.43612935622016,722 days 11:00:00,253,1,9.233125487899144,25.899293245929734,-5.957955217046653,3.617612827925491,-1.645172158776517,4 days 14:31:12,0 days 20:15:57.635467980,-3.200363430905546,-1.5475390907913489,-0.6818324646746183,0.9370943610515161,0.1988338701307179,22.96453001554123,0.9984032260809704,0.38348551012306464,-0.007614106571059705,None,None,-0.00008061074313171521,-0.4875337744606136,-0.800458822531204,-0.42845552823625477,0.37914841174613784,-3.292547091315602,1 days 14:06:09.960474307,false
XMR-USD,false,11,66,244,19.753086419753085,0.45134605815631534,0.3347107438016529,0.0001,0.000030389363722697055,10.082644628099175,20.123966942148762,0.0010082644628099176,-2.1247463263658695,0,0,17424,726 days 01:00:00,1000.0,202.5629427900201,-79.743705720998,34.915698157888286,100.0,230.8033916451736,81.22729818348058,722 days 11:00:00,243,1,9.372947948404544,20.605571745257084,-5.914882632735077,3.526670582466201,-1.6524848562209673,4 days 19:17:30,0 days 21:02:46.153846153,-3.320205782544789,-1.529547616434813,-0.6794326335096869,0.9378071236073139,0.20046246480922802,22.903384021371018,0.995231804738419,0.38392502581208793,-0.007614668757779313,None,None,-0.00007973116639158202,-0.48221409433628803,-0.7974370572099801,-0.42546613740223793,0.3794224816097067,-3.2838926307702083,1 days 15:39:45.185185184,false
XMR-USD,false,12,61,239,19.747899159663866,0.4441808412531655,0.3278236914600551,0.0001,0.000030381383322559796,9.87603305785124,19.710743801652892,0.000987603305785124,-2.131416057520628,0,0,17424,726 days 01:00:00,1000.0,202.01675795511483,-79.79832420448851,34.915698157888286,100.0,223.17765177915342,81.27791635135056,722 days 11:00:00,238,1,9.347675003821138,20.60557174525708,-6.168481229071114,3.554640647424111,-1.6774682096762101,4 days 19:06:22.978723404,0 days 22:06:16.963350785,-3.3921467102886838,-1.5343404481775038,-0.6797573559377355,0.9375437989815902,0.20026786400152025,22.994127818733133,0.995217889349762,0.38326585695006754,-0.007614106571059683,None,None,-0.00007990783761259505,-0.4832826018809749,-0.7979832420448857,-0.42600430426528413,0.3790753884432109,-3.2854569266706806,1 days 16:28:14.117647058,false
XMR-USD,false,15,48,239,19.747899159663866,0.4715096150445961,0.3278236914600551,0.0001,0.000030381383322559796,9.87603305785124,19.710743801652892,0.000987603305785124,-2.044948640188069,0,0,17424,726 days 01:00:00,1000.0,213.44189730770904,-78.6558102692291,34.915698157888286,100.0,228.1173362826367,80.21500467074189,722 days 11:00:00,238,1,10.135734337080862,25.97721423628424,-6.399618215274416,3.8080179694509506,-1.7028176117781937,4 days 14:44:40.851063829,0 days 23:21:02.827225130,-3.3474530967620635,-1.4725128311217195,-0.6731199249068004,0.9400976215407952,0.18678965025657507,22.939504675470353,0.9941328989223086,0.3861267997772651,-0.0076315217993826465,None,None,-0.00007673565668540484,-0.4640972516333285,-0.786558102692292,-0.41493873426624206,0.37931155300993447,-3.252734856211342,1 days 16:36:33.277310922,false
XMR-USD,false,6,46,396,19.746835443037973,0.3979241994762987,0.5440771349862259,0.0001,0.000030379746835443042,16.363636363636363,32.68595041322314,0.0016363636363636363,-3.283694419439018,0,0,17424,726 days 01:00:00,1000.0,97.59225708543056,-90.24077429145694,34.915698157888286,100.0,305.1975789325196,90.81556063001544,722 days 11:00:00,395,1,4.515767460869014,24.427265072754313,-5.0769943961987085,2.5570799448305968,-1.3390121117477527,2 days 21:46:09.230769230,0 days 12:55:16.088328075,-2.2960088870264235,-2.370018376112953,-0.759316721854222,0.9054525159543353,0.3259277443214602,22.56892473086397,1.0171704223112163,0.37118350645262826,-0.007684856761732412,None,None,-0.00012194476994487214,-0.7375219686265867,-0.9024077429145707,-0.5540987534462312,0.37451516645819194,-3.5845330052800164,1 days 00:08:48.607594935,false
XMR-USD,false,13,62,219,19.724770642201836,0.45806766156587725,0.3002754820936639,0.0001,0.000030345800988002825,9.049586776859504,18.05785123966942,0.0009049586776859505,-1.9617704360295891,0,0,17424,726 days 01:00:00,1000.0,226.09066899868242,-77.39093310013175,34.915698157888286,100.0,210.76379327499686,79.07354513164849,722 days 11:00:00,218,1,10.73638768193598,20.60557174525708,-6.1684812290711095,3.8245241678642525,-1.7520350985446842,5 days 01:30:41.860465116,1 days 01:13:01.714285714,-3.599292287537861,-1.411457256502973,-0.6657515417014073,0.942451675643705,0.1928699155899401,22.954120702152824,0.992279769192814,0.3848048954939204,-0.007608808267455752,None,None,-0.00007346197110887977,-0.44429800126650487,-0.7739093310013203,-0.4031302569844807,0.37883735042721844,-3.216508252252928,1 days 20:12:39.633027521,false
XMR-USD,false,5,22,640,19.718309859154928,0.3360260836058585,0.8801652892561983,0.0001,0.000030335861321776814,26.446280991735538,52.85123966942149,0.002644628099173554,-5.54472121976827,0,0,17424,726 days 01:00:00,1000.0,18.035915101098226,-98.19640848989017,34.915698157888286,100.0,352.5386318102679,98.25820013074724,725 days 02:00:00,639,1,0.36283517569696144,16.50565333960844,-11.805396837296534,1.8314330172216755,-1.2145771704099317,1 days 14:20:57.142857142,0 days 08:55:05.263157894,-1.5372878248428803,-4.149772750170907,-0.8825361389083418,0.8372089239161485,-0.5242735304881572,36.590124458019275,1.009931395735903,0.3550820437047981,-0.007866226857103814,None,None,-0.0002182661329829229,-1.3200735722807178,-0.9819640848989026,-0.7518425429805065,0.3828423592828955,-3.812385650885382,0 days 14:43:17.183098590,false
XMR-USD,false,10,83,214,19.718309859154928,0.4287366528403749,0.29338842975206614,0.0001,0.000030335861321776814,8.84297520661157,17.644628099173556,0.000884297520661157,-1.9587855237078968,0,0,17424,726 days 01:00:00,1000.0,223.4940825234678,-77.65059174765322,34.915698157888286,100.0,206.24274982759994,79.22727427201679,722 days 11:00:00,213,1,10.341469043725255,20.605571745257073,-6.070947836557029,3.4983635360458663,-1.7060359117406956,5 days 08:11:25.714285714,1 days 01:01:03.157894736,-3.694119185541119,-1.4145258415466289,-0.6679207607087743,0.9423595269056005,0.08754649745706188,23.1765653930304,0.9857309125696343,0.38756171364867015,-0.007592921762431064,None,None,-0.00007399882268068977,-0.44754487957281175,-0.7765059174765316,-0.405518476766777,0.38077801770835124,-3.223944983042251,1 days 21:21:41.408450703,false
XMR-USD,false,13,65,214,19.718309859154928,0.44848618506964066,0.29338842975206614,0.0001,0.000030335861321776814,8.84297520661157,17.644628099173556,0.000884297520661157,-1.9463717762415536,0,0,17424,726 days 01:00:00,1000.0,226.63293655185134,-77.33670634481487,34.915698157888286,100.0,207.03790239365713,79.06949944508045,722 days 11:00:00,213,1,10.762138389401883,20.605571745257084,-6.168481229071123,3.7565282302022522,-1.7574852280076099,5 days 04:11:25.714285714,1 days 01:51:13.684210526,-3.681357755105869,-1.4033181203202325,-0.6650638741718539,0.9426442028407616,0.12167653813740302,23.541158088389437,0.9909150602234812,0.3849149578763313,-0.007592921762430928,None,None,-0.0000732521185048211,-0.44302881271715805,-0.7733670634481524,-0.402633767782661,0.37994610838318665,-3.2149551756089596,1 days 21:14:38.873239436,false
XMR-USD,false,13,66,214,19.718309859154928,0.4542146474574037,0.29338842975206614,0.0001,0.000030335861321776814,8.84297520661157,17.644628099173556,0.000884297520661157,-1.896216444424677,0,0,17424,726 days 01:00:00,1000.0,234.4542931808994,-76.55457068191006,34.915698157888286,100.0,211.9923627991633,78.34716441401554,722 days 11:00:00,213,1,11.133551846401417,20.60557174525708,-6.168481229071123,3.7297322696737836,-1.7323417240643346,5 days 05:24:17.142857142,1 days 01:36:50.526315789,-3.646381496082172,-1.3658689565506863,-0.6607845552993619,0.9441818315585317,0.1306860864607528,23.498708576717963,0.9908849724435367,0.38590630716614965,-0.0075929217624310305,None,None,-0.00007130345784828818,-0.4312433130664469,-0.7655457068191025,-0.3955574061344963,0.3799789175417909,-3.1925544875468734,1 days 21:17:27.887323942,false
XMR-USD,false,80,88,72,19.718309859154928,0.55156302545317,0.09779614325068871,0.0001,0.000030335861321776814,2.9752066115702482,5.909090909090909,0.00029752066115702486,-0.9604701207821195,0,0,17424,726 days 01:00:00,1000.0,412.60128299291705,-58.73987170070829,34.915698157888286,100.0,111.18608195842886,63.40641921491584,630 days 14:00:00,71,1,17.21317001921284,35.24516233322121,-10.766294701902144,7.358809181919179,-3.204879954604092,14 days 02:38:34.285714285,3 days 10:40:00,-8.51566038065206,-0.7082687588367463,-0.5665164137247908,0.9696716501133852,-1.0279226312121263,42.44300194900325,0.9624307914939942,0.38249761980323704,-0.00745819636418856,None,None,-0.00003808690613727844,-0.23034960831826,-0.5873987170070817,-0.2645460899525863,0.39141327789099195,-2.6823341591248564,5 days 13:08:27.042253520,false
XMR-USD,false,81,87,72,19.718309859154928,0.5539947081131397,0.09779614325068871,0.0001,0.000030335861321776814,2.9752066115702482,5.909090909090909,0.00029752066115702486,-0.9418580197729706,0,0,17424,726 days 01:00:00,1000.0,417.9472132683061,-58.20527867316939,34.915698157888286,100.0,111.43580078333311,62.93228900866723,630 days 14:00:00,71,1,17.436195032789215,35.24516233322121,-10.766294701902154,7.358809181919179,-3.1831857223987345,14 days 02:38:34.285714285,3 days 10:40:00,-8.443506785415256,-0.6944670638532066,-0.5641734078684998,0.9702551903451059,-1.0278024168190727,42.433955045502955,0.9626090482395262,0.3826073157184797,-0.00745819636418856,None,None,-0.00003734677148388671,-0.22587327393454681,-0.5820527867316935,-0.261252577086558,0.3914347294615512,-2.6670231942653975,5 days 13:08:27.042253520,false
XMR-USD,false,82,86,72,19.718309859154928,0.554863231575775,0.09779614325068871,0.0001,0.000030335861321776814,2.9752066115702482,5.909090909090909,0.00029752066115702486,-0.9346839737309507,0,0,17424,726 days 01:00:00,1000.0,420.1171757230866,-57.98828242769134,34.915698157888286,100.0,111.40628746722274,62.7398351805705,630 days 14:00:00,71,1,17.526722944865753,35.24516233322121,-9.083610325740764,7.358809181919179,-3.1759242956706615,14 days 02:38:34.285714285,3 days 10:40:00,-8.414218974954634,-0.6889735129905623,-0.5632242986198898,0.970489860290475,-1.0181318296937611,42.25798755648596,0.9628418688572452,0.3826073157184797,-0.00745819636418856,None,None,-0.000037050572159727053,-0.2240818604220292,-0.5798828242769123,-0.25992355826215374,0.3914266015723988,-2.6608083322713227,5 days 13:08:27.042253520,false
XMR-USD,false,83,85,72,19.718309859154928,0.554863231575775,0.09779614325068871,0.0001,0.000030335861321776814,2.9752066115702482,5.909090909090909,0.00029752066115702486,-0.9346839737309507,0,0,17424,726 days 01:00:00,1000.0,420.1171757230866,-57.98828242769134,34.915698157888286,100.0,111.40628746722274,62.7398351805705,630 days 14:00:00,71,1,17.526722944865753,35.24516233322121,-9.083610325740764,7.358809181919179,-3.1759242956706615,14 days 02:38:34.285714285,3 days 10:40:00,-8.414218974954634,-0.6889735129905623,-0.5632242986198898,0.970489860290475,-1.0181318296937611,42.25798755648596,0.9628418688572452,0.3826073157184797,-0.00745819636418856,None,None,-0.000037050572159727053,-0.2240818604220292,-0.5798828242769123,-0.25992355826215374,0.3914266015723988,-2.6608083322713227,5 days 13:08:27.042253520,false
XMR-USD,false,11,76,209,19.71153846153846,0.45420193516379526,0.2865013774104683,0.0001,0.00003032544378698225,8.636363636363637,17.231404958677686,0.0008636363636363637,-1.8668212533651858,0,0,17424,726 days 01:00:00,1000.0,238.844372718842,-76.1155627281158,34.915698157888286,100.0,209.30847637279757,77.80053686370094,722 days 11:00:00,208,1,11.051754296360514,20.605571745257077,-6.070947836557035,3.665622075327806,-1.7259504528554293,5 days 10:51:13.170731707,1 days 01:40:14.371257485,-3.712535488353451,-1.3457561711683077,-0.6596186964950941,0.9450485157213538,0.10671949246078453,23.30121658395579,0.987616517560715,0.3870094722598106,-0.007581889598690229,None,None,-0.00007024193304545829,-0.4248232110589317,-0.7611556272811608,-0.39165284184984706,0.3799163805491753,-3.1799811186338682,1 days 22:24:13.846153845,false
XMR-USD,false,13,70,204,19.704433497536947,0.465309807345155,0.2796143250688705,0.0001,0.000030314513073133765,8.429752066115702,16.81818181818182,0.0008429752066115702,-1.7500465600217157,0,0,17424,726 days 01:00:00,1000.0,257.7531711348058,-74.22468288651942,34.915698157888286,100.0,211.30764131928197,76.19734809833551,722 days 11:00:00,203,1,12.239947733392682,20.605571745257073,-6.168481229071119,3.7223370858972467,-1.7144582945626696,5 days 11:28:30,1 days 02:59:15.828220858,-3.716683628564466,-1.2598653447302148,-0.6485512687763353,0.9484140894252598,0.1241181790819923,23.45221167850311,0.9887348362954644,0.38778273335457153,-0.007587215347123314,None,None,-0.00006584077262319512,-0.3982049928250841,-0.7422468288651933,-0.37535069122605225,0.3803896861305328,-3.125825539872537,1 days 23:34:34.876847289,false
XMR-USD,false,15,61,204,19.704433497536947,0.46081056014346383,0.2796143250688705,0.0001,0.000030314513073133765,8.429752066115702,16.81818181818182,0.0008429752066115702,-1.8587913034275148,0,0,17424,726 days 01:00:00,1000.0,239.99886055732486,-76.00011394426751,34.915698157888286,100.0,203.59605423557178,77.8351004028673,722 days 11:00:00,203,1,11.39684720991886,20.605571745257095,-6.168481229071123,3.9234774362504727,-1.804192220569769,5 days 09:06:00,1 days 03:27:36.441717791,-3.799990082032479,-1.3397625046120092,-0.6578077866439299,0.9451510175863881,0.1190169466209634,23.530407633750272,0.9897869390191125,0.38557569974554706,-0.007586227038464363,None,None,-0.00006995636656240198,-0.4230961049694072,-0.7600011394426756,-0.3906338263159902,0.380064555769094,-3.176674617835109,1 days 23:29:15.665024629,false
XMR-USD,false,2,14,1209,19.70198675496689,0.31129510841943697,1.6639118457300275,0.0001,0.000030310748853795213,49.95867768595041,99.87603305785125,0.004995867768595041,-7.984897124881987,0,0,17424,726 days 01:00:00,1000.0,2.9225615460310337,-99.7077438453969,34.915698157888286,100.0,480.491247368396,99.7153519662447,725 days 02:00:00,1208,1,0.009190538582430907,11.654185052420736,-11.80539683729653,1.362877768314884,-0.9246440281579841,0 days 20:03:16.638655462,0 days 04:40:08.659793814,-0.8254028385699936,-6.0389547752536785,-0.9494951296720562,0.771881893467953,-0.41104716835535665,36.23260469591935,1.0386478579886758,0.3462875685698833,-0.008124846686542436,None,None,-0.00032232051443221467,-1.9493944712860343,-0.9970774384539683,-0.8680534008893308,0.3884938199851224,-3.85567091898091,0 days 07:42:01.192052979,false
XMR-USD,false,4,21,732,19.699042407660738,0.3303013268632561,1.0068870523415978,0.0001,0.000030306219088708832,30.24793388429752,60.45454545454545,0.0030247933884297524,-6.062014451338054,0,0,17424,726 days 01:00:00,1000.0,12.48584810169109,-98.7514151898309,34.915698157888286,100.0,376.8533941597124,98.80476746930923,722 days 11:00:00,731,1,0.03926407259712761,16.682556582211642,-11.805396837296525,1.7226501546429116,-1.1502291298431162,1 days 09:21:14.999999999,0 days 07:48:26.984667802,-1.3509622653500761,-4.537529120096732,-0.9003483300804036,0.8231380039207394,-0.4688356897164157,36.49184186999804,1.0181875044077053,0.3506704906596388,-0.007905273419109812,None,None,-0.00023930331549153175,-1.447306452092784,-0.9875141518983089,-0.7815809746596356,0.38387270662470646,-3.828281271744257,0 days 12:50:23.803009574,false
XMR-USD,false,14,66,199,19.696969696969695,0.46724001430278556,0.2727272727272727,0.0001,0.0000303030303030303,8.223140495867769,16.40495867768595,0.000822314049586777,-1.724594224404818,0,0,17424,726 days 01:00:00,1000.0,261.95049398238507,-73.80495060176149,34.915698157888286,100.0,205.38651059623152,75.80973923121678,722 days 11:00:00,198,1,12.439266376295734,20.60557174525708,-6.168481229071121,3.8902770731512137,-1.7635466587411504,5 days 11:47:41.538461538,1 days 04:22:38.490566037,-3.7903473353227803,-1.241548361543197,-0.6464269443960668,0.949109236144376,0.12100607344411989,23.433889866993844,0.9893058855370024,0.38723031605763863,-0.00757386945924159,None,None,-0.00006490559077769971,-0.39254901302352785,-0.7380495060176164,-0.37183873327357586,0.38051905583171153,-3.1138042340730685,2 days 00:44:50.909090908,false
XMR-USD,false,25,86,133,19.696969696969695,0.6127237656163627,0.18181818181818182,0.0001,0.0000303030303030303,5.4958677685950414,10.950413223140496,0.0005495867768595042,-0.689799869766639,0,0,17424,726 days 01:00:00,1000.0,512.519476760676,-48.748052323932406,34.915698157888286,100.0,179.14407398000336,52.07939231063232,722 days 12:00:00,132,1,26.183980888725273,20.398670625822778,-7.6774658014819845,5.16351103778172,-1.8570756588098618,8 days 01:57:41.538461538,1 days 19:10:11.320754717,-3.891397758545833,-0.49536899423014236,-0.548006765795447,0.9792272119456792,-0.07154190460178954,26.480487254966743,0.9850061271158903,0.39277435856446324,-0.007452411460490885,None,None,-0.00002614818313950082,-0.15814421162770095,-0.48748052323932767,-0.2070531206828622,0.38421174997284635,-2.3961643299668367,3 days 00:52:16.363636363,false
XMR-USD,false,15,64,194,19.689119170984455,0.47767532713727856,0.26584022038567495,0.0001,0.00003029095257074532,8.016528925619834,15.991735537190083,0.0008016528925619834,-1.6408240938978282,0,0,17424,726 days 01:00:00,1000.0,277.1363639693018,-72.28636360306983,34.915698157888286,100.0,204.74291500210015,74.40737442021909,722 days 11:00:00,193,1,13.160399133295812,20.605571745257066,-7.125563139087595,4.0080831576891445,-1.7759520830903492,5 days 13:39:28.421052631,1 days 05:30:58.064516129,-3.81359603711914,-1.180671592116041,-0.6389163493879189,0.9515455638578675,0.12200565332515195,23.482275937056695,0.9896621178743589,0.3876722147009636,-0.007573869459241526,None,None,-0.00006168613384161478,-0.37307773747408624,-0.7228636360306955,-0.3594310620769293,0.3802912931511689,-3.0703112759249986,2 days 02:01:14.611398962,false
XMR-USD,false,18,56,194,19.689119170984455,0.46281318493437407,0.26584022038567495,0.0001,0.00003029095257074532,8.016528925619834,15.991735537190083,0.0008016528925619834,-1.7563475324704638,0,0,17424,726 days 01:00:00,1000.0,256.2234399253109,-74.3776560074689,34.915698157888286,100.0,200.81595409671843,76.73954240671478,722 days 11:00:00,193,1,12.766236721665337,20.680218971042233,-7.125563139087595,3.9970251282876084,-1.824109200218642,5 days 14:48:56.842105263,1 days 05:01:56.129032258,-3.9199108642298164,-1.2653347413354838,-0.6459385347023167,0.9481093626508454,0.1130164253134079,23.45147077911185,0.9874839702280387,0.38723031605763863,-0.007586227038464316,None,None,-0.00006616721870444677,-0.40017933872449407,-0.7437765600746906,-0.3766399192794525,0.38062331885247325,-3.130206753166848,2 days 01:51:36.373056993,false
XMR-USD,false,19,55,189,19.680851063829788,0.4660418839961333,0.25895316804407714,0.0001,0.000030278232405891983,7.809917355371901,15.578512396694215,0.0007809917355371902,-1.6988633525519465,0,0,17424,726 days 01:00:00,1000.0,266.0447979419988,-73.39552020580012,34.915698157888286,100.0,196.91844027891932,75.84794060118824,722 days 11:00:00,188,1,13.255582198432819,20.680218971042237,-7.12556313908759,4.046897584963513,-1.8340077472349021,5 days 16:25:56.756756756,1 days 06:21:27.417218543,-3.9745254481725207,-1.2242047367659301,-0.6408388423575893,0.9497577069776422,0.1065242175018093,23.46940791385926,0.9863992930461406,0.38822498406628425,-0.007573869459241555,None,None,-0.00006401064992495515,-0.38713641074612876,-0.7339552020580019,-0.3684481975969708,0.3805889067914397,-3.102077978618862,2 days 03:14:02.553191488,false
XMR-USD,false,4,28,626,19.68,0.3515201124309518,0.8608815426997245,0.0001,0.00003027692307692308,25.867768595041323,51.69421487603306,0.002586776859504132,-5.136707490555428,0,0,17424,726 days 01:00:00,1000.0,23.87873550272252,-97.61212644972774,34.915698157888286,100.0,364.7174170405842,97.75513684470056,722 days 11:00:00,625,1,0.4803773550156407,14.344903282656976,-11.80539683729652,1.8433279506949027,-1.1785130207226733,1 days 17:06:49.756097561,0 days 08:44:20.557768924,-1.562562626963668,-3.8334927498125313,-0.8664892805342085,0.8490380296833281,-0.5336394945686763,36.126966613693995,1.0129812982299113,0.359098354262538,-0.007866226857103805,None,None,-0.00020210739516641503,-1.2223455259664782,-0.9761212644972768,-0.7264555065566976,0.38374745023053575,-3.7956515722047746,0 days 15:06:37.439999999,false
XMR-USD,false,10,46,301,19.666666666666664,0.4235460571032742,0.4132231404958678,0.0001,0.000030256410256410257,12.43801652892562,24.834710743801654,0.0012438016528925622,-2.620480186622836,0,0,17424,726 days 01:00:00,1000.0,151.20032773617356,-84.87996722638265,34.915698157888286,100.0,250.39100474691753,85.7573779979288,722 days 11:00:00,300,1,6.996308318456613,23.465520524001377,-6.189806240950011,3.0952262705367057,-1.5108639252535052,3 days 15:39:39.661016949,0 days 18:25:08.713692946,-2.852653268607606,-1.8839483214193973,-0.7149850687549402,0.9241549668177164,0.3425984149629946,22.448032920749505,1.0064480303345062,0.37845107190886795,-0.007624566622412833,None,None,-0.00009684498346024556,-0.5857184599675651,-0.848799672263826,-0.4809215557339883,0.37416752236411654,-3.430997279291299,1 days 08:02:11.999999998,false
XMR-USD,false,4,22,718,19.665271966527197,0.3262806219661007,0.987603305785124,0.0001,0.000030254264563887998,29.669421487603305,59.29752066115703,0.0029669421487603306,-6.0808300830698085,0,0,17424,726 days 01:00:00,1000.0,12.213208802792224,-98.77867911972078,34.915698157888286,100.0,371.92325167562524,98.82720568173967,722 days 11:00:00,717,1,0.03840670759175069,16.68255658221162,-11.805396837296527,1.700190366069594,-1.1620731469303902,1 days 10:15:44.680851063,0 days 07:57:30,-1.3777199412898193,-4.562457159088745,-0.9013770794179888,0.822695374611988,-0.5151301959405541,36.26750924110184,1.0158972652320006,0.35182311869666405,-0.007966921345063266,None,None,-0.00024057276903582568,-1.4549841071286738,-0.9877867911972085,-0.7832483073336075,0.383800566871682,-3.8290621219442618,0 days 13:07:51.966527195,false
XMR-USD,false,11,44,291,19.655172413793103,0.4162016066233215,0.39944903581267216,0.0001,0.000030238726790450926,12.024793388429753,24.00826446280992,0.0012024793388429754,-2.5051033897817834,0,0,17424,726 days 01:00:00,1000.0,163.2134336565166,-83.67865663434834,34.915698157888286,100.0,241.19723885857826,84.6257790837199,722 days 11:00:00,290,1,7.5521761141114325,23.465520524001384,-6.189806240950013,3.1277170329083255,-1.512058004490652,3 days 16:36:50.526315789,0 days 19:32:42.231759656,-2.911512905026186,-1.7991991677097243,-0.706634018266719,0.9274335920831108,0.346751125293699,22.45190622324578,1.0061084851850186,0.37866919851254055,-0.007614149279068307,None,None,-0.00009246416495124518,-0.5592232696251309,-0.836786566343483,-0.4669629461937731,0.374069375560704,-3.396591248324884,1 days 09:07:14.482758619,false
XMR-USD,false,9,42,332,19.637462235649547,0.40430523738960444,0.4559228650137741,0.0001,0.000030211480362537764,13.71900826446281,27.396694214876035,0.001371900826446281,-3.00216240633765,0,0,17424,726 days 01:00:00,1000.0,116.40393469676087,-88.3596065303239,34.915698157888286,100.0,261.80833632230883,88.92408059560454,722 days 11:00:00,331,1,5.386217270911274,23.46552052400138,-6.189806240950013,2.9031087579479586,-1.4885401933572049,3 days 07:34:09.230769230,0 days 16:36:18.947368421,-2.685747077263296,-2.1644735724156727,-0.7431217458105387,0.9134161296726716,0.3173547997608599,22.273140360563996,1.0069078604735475,0.37562169416594304,-0.007700573081621762,None,None,-0.00011175054058854284,-0.675867269479507,-0.8835960653032394,-0.5259665008094452,0.3757987138746389,-3.530655584509954,1 days 04:58:11.238670694,false
XMR-USD,false,9,43,327,19.631901840490798,0.410169686424278,0.4490358126721763,0.0001,0.000030202925908447383,13.512396694214877,26.983471074380166,0.0013512396694214878,-2.9024279590185444,0,0,17424,726 days 01:00:00,1000.0,124.53369896420963,-87.54663010357903,34.915698157888286,100.0,261.7541052365103,88.25131721244487,722 days 11:00:00,326,1,5.762395935488584,23.46552052400139,-6.189806240949991,2.9537611074621792,-1.486802139066927,3 days 09:50:37.500000,0 days 16:37:47.175572519,-2.703155512181834,-2.0908807552282793,-0.7355187258242133,0.9162450101860945,0.3199037520613125,22.316224586528886,1.0081965354577593,0.376164902858948,-0.00767799072698154,None,None,-0.0001078900021522448,-0.6525187330167765,-0.8754663010357925,-0.5147278457252802,0.37558641963831113,-3.507371604247878,1 days 05:25:57.055214723,false
XMR-USD,false,10,82,215,19.626168224299064,0.42806069470624436,0.29476584022038566,0.0001,0.000030194104960460102,8.884297520661157,17.727272727272727,0.0008884297520661157,-1.961195310384107,0,0,17424,726 days 01:00:00,1000.0,223.1571692123847,-77.68428307876152,34.915698157888286,100.0,206.5184675004593,79.25858878256754,722 days 11:00:00,214,1,10.32587946507681,20.605571745257077,-6.070947836557039,3.4996984546932044,-1.697510316707595,5 days 09:24:17.142857142,1 days 00:32:26.511627906,-3.678358459124731,-1.4162770115203547,-0.6681072292136573,0.9422739901869532,0.08750668092035412,23.18234798398407,0.9866550563640023,0.3870094722598106,-0.007587215347123341,None,None,-0.00007408662265302518,-0.4480758938054963,-0.7768428307876136,-0.4058296794629328,0.3807584372851252,-3.2249099166648283,1 days 21:07:17.383177568,false
XMR-USD,false,13,63,215,19.626168224299064,0.45976969685166114,0.29476584022038566,0.0001,0.000030194104960460102,8.884297520661157,17.727272727272727,0.0008884297520661157,-1.9690924558080554,0,0,17424,726 days 01:00:00,1000.0,224.90499497543522,-77.50950050245648,34.915698157888286,100.0,207.36188508950065,79.18328851047062,722 days 11:00:00,214,1,10.68008347427292,20.605571745257077,-6.168481229071114,3.912883618280287,-1.7850779301057786,5 days 03:11:25.714285714,1 days 01:56:09.767441860,-3.671846207938498,-1.4169227271222853,-0.6664076559481277,0.9422175874508121,0.19199415155944882,22.94020921632219,0.9914698704311944,0.3845848232022249,-0.007608808267455925,None,None,-0.00007375946871504041,-0.4460972667885644,-0.7750950050245613,-0.40421855104996607,0.37890432089843823,-3.219904071571464,1 days 21:01:24.112149531,false
XMR-USD,false,13,68,210,19.617224880382775,0.4568924400568011,0.2878787878787879,0.0001,0.000030180345969819656,8.677685950413224,17.31404958677686,0.0008677685950413224,-1.7832640267709048,0,0,17424,726 days 01:00:00,1000.0,252.59112000320886,-74.74088799967912,34.915698157888286,100.0,213.65154522360982,76.67404642814859,722 days 11:00:00,209,1,11.9948169527716,20.60557174525706,-6.168481229071134,3.6321985421110132,-1.6758976165001525,5 days 08:07:19.024390243,1 days 02:12:08.571428571,-3.6335105117203965,-1.2833579831811954,-0.6511944900537697,0.9474755132264047,0.1330080180845786,23.46822121966477,0.9891356241428733,0.38756171364867015,-0.007581889598690335,None,None,-0.00006701948694847081,-0.40533385706435143,-0.7474088799967895,-0.37972143406923453,0.38011169048833654,-3.1406098672780907,1 days 22:11:46.220095692,false
XMR-USD,false,14,64,210,19.617224880382775,0.44985916672128484,0.2878787878787879,0.0001,0.000030180345969819656,8.677685950413224,17.31404958677686,0.0008677685950413224,-1.8997717764551407,0,0,17424,726 days 01:00:00,1000.0,233.36020299997335,-76.66397970000266,34.915698157888286,100.0,206.83061640500242,78.44820822294915,722 days 11:00:00,209,1,11.081596688793866,20.60557174525708,-6.168481229071112,3.7902460724410134,-1.7582025436624311,5 days 07:04:23.414634146,1 days 02:23:55.714285714,-3.7211549937264183,-1.369229720751715,-0.6613774193410653,0.9440205425501922,0.12132007933782561,23.453389874247616,0.9899469181514785,0.3857960871639891,-0.007595606630086683,None,None,-0.00007154831386433281,-0.43272420225148484,-0.7666397970000269,-0.3965379156228672,0.3803479066596892,-3.1956880069626346,1 days 22:08:53.971291865,false
XMR-USD,false,4,18,771,19.61038961038961,0.3249755959929166,1.0606060606060606,0.0001,0.00003016983016983017,31.859504132231407,63.67768595041323,0.003185950413223141,-6.2941027412697785,0,0,17424,726 days 01:00:00,1000.0,10.730546083379863,-98.92694539166202,34.915698157888286,100.0,382.2667676273222,98.962353076734,725 days 02:00:00,770,1,0.0337441987915561,15.36898586352179,-11.805396837296527,1.6621047817610017,-1.1205629643349007,1 days 06:58:00.794701986,0 days 07:34:12.988691437,-1.2848093482018315,-4.7086981704981,-0.9070967213090366,0.8171391128724409,-0.4354688311258007,36.60241676711532,1.0248771035337396,0.34774537860623406,-0.00793638844963749,None,None,-0.00024802668500198015,-1.5000653908919759,-0.9892694539166204,-0.7927696230268513,0.3834029942086107,-3.833308529141127,0 days 12:09:30.389610388,false
XMR-USD,false,4,29,613,19.607843137254903,0.3494986104977401,0.8429752066115702,0.0001,0.0000301659125188537,25.330578512396695,50.6198347107438,0.0025330578512396695,-5.031885286971901,0,0,17424,726 days 01:00:00,1000.0,25.757541085447883,-97.42424589145521,34.915698157888286,100.0,362.5097126230969,97.57850850405212,722 days 11:00:00,612,1,0.5181739819063189,14.344903282656984,-11.805396837296529,1.8602566175954398,-1.1801670209394524,1 days 18:26:00,0 days 08:49:52.682926829,-1.5927461321837568,-3.753151601332,-0.8619739132809182,0.8518701818394337,-0.5339873271886438,36.200517530002095,1.0122548610261406,0.359204368174727,-0.00785561254939532,None,None,-0.0001977738497477769,-1.1961362432745548,-0.9742424589145525,-0.7191691898284467,0.38355769884290136,-3.790270595504182,0 days 15:25:11.764705881,false
XMR-USD,false,10,45,302,19.601328903654487,0.41281748203165247,0.41460055096418735,0.0001,0.000030155890621006904,12.479338842975206,24.91735537190083,0.0012479338842975207,-2.6692646542364202,0,0,17424,726 days 01:00:00,1000.0,146.95232521015714,-85.30476747898429,34.915698157888286,100.0,246.30077146225872,86.1427267429091,722 days 11:00:00,301,1,6.799745679641035,23.465520524001406,-6.189806240950002,3.0886282002400747,-1.5150804448614628,3 days 15:25:25.423728813,0 days 18:21:34.214876033,-2.8566359484036004,-1.9185578755811727,-0.7181744648471456,0.9228324719852585,0.35174420789443156,22.512973972667346,1.0048834762935686,0.3780150257018584,-0.00763874812333896,None,None,-0.00009850780072106685,-0.5957751787610124,-0.8530476747898428,-0.48603050287683935,0.37372630127811163,-3.4431637337806436,1 days 07:53:49.235880397,false
XMR-USD,false,11,39,302,19.601328903654487,0.4306474467495492,0.41460055096418735,0.0001,0.000030155890621006904,12.479338842975206,24.91735537190083,0.0012479338842975207,-2.569385542376619,0,0,17424,726 days 01:00:00,1000.0,155.4867747537478,-84.45132252462521,34.915698157888286,100.0,258.8463219693692,85.3311608870879,722 days 11:00:00,301,1,7.194649852332105,23.465520524001395,-6.189806240950008,3.0985931233178796,-1.4931105536945524,3 days 11:47:47.796610169,0 days 19:07:41.157024793,-2.8295942694305083,-1.8450168460859837,-0.7121401012828925,0.9255708730879089,0.3400970639884549,22.248590683302933,1.0113583373652835,0.37562169416594304,-0.007657573012803503,None,None,-0.0000951628551127721,-0.5755449477220457,-0.8445132252462524,-0.4758605029689379,0.37542662728212867,-3.4187207181920733,1 days 07:48:14.352159467,false
XMR-USD,false,11,84,200,19.597989949748744,0.45659634186285525,0.2741046831955923,0.0001,0.000030150753768844224,8.264462809917356,16.487603305785125,0.0008264462809917356,-1.7175176075113574,0,0,17424,726 days 01:00:00,1000.0,263.01981897129804,-73.6980181028702,34.915698157888286,100.0,203.8818920673663,75.48109303311519,722 days 11:00:00,199,1,12.170395229557357,21.24696439820228,-6.070947836557034,3.7195131751520174,-1.710700675063285,5 days 17:10:46.153846153,1 days 03:03:00,-3.7645757600917618,-1.2374471347389597,-0.6478564447396442,0.9494226763528837,0.0988236253541639,23.183405224213292,0.9879364419578542,0.38911033163265296,-0.007566873914135401,None,None,-0.00006467644338907611,-0.3911631296171323,-0.736980181028702,-0.37094989490038643,0.3804323321378433,-3.1107416431889408,2 days 00:37:59.396984923,false
XMR-USD,false,11,41,297,19.594594594594593,0.4208816796446512,0.40771349862258954,0.0001,0.000030145530145530144,12.272727272727273,24.50413223140496,0.0012272727272727275,-2.5511815030995186,0,0,17424,726 days 01:00:00,1000.0,158.1767972717571,-84.1823202728243,34.915698157888286,100.0,252.1519408272547,85.08428431063221,722 days 11:00:00,296,1,7.319121982792211,23.46552052400139,-6.189806240949999,3.0711675099154387,-1.4926824743019682,3 days 13:41:22.758620689,0 days 19:21:55.966386554,-2.868724069969715,-1.8318438962748804,-0.7102131169278857,0.9261137339430994,0.350276754695467,22.360973132636875,1.008486761673717,0.3765997787960183,-0.007655345219876622,None,None,-0.00009423908613433857,-0.5699579929404797,-0.8418232027282434,-0.47273073758234496,0.3744557885522993,-3.4110163827214066,1 days 08:21:41.351351349,false
XMR-USD,false,11,85,195,19.587628865979383,0.4793358102339395,0.26721763085399447,0.0001,0.000030134813639968283,8.057851239669422,16.074380165289256,0.0008057851239669422,-1.5974612656272784,0,0,17424,726 days 01:00:00,1000.0,285.0037287661139,-71.4996271233886,34.915698157888286,100.0,207.40224268463453,73.43173629210732,722 days 11:00:00,194,1,13.187629869670332,21.246964398202294,-6.07094783655703,3.8776184319557436,-1.717517048504575,5 days 22:37:53.684210526,1 days 03:19:13.846153846,-3.7535252634203937,-1.1499821733094775,-0.6372806086033079,0.9529138710629281,0.09987942664897695,23.220069792539753,0.9885896563339002,0.3898859376246311,-0.00752992964807563,None,None,-0.00006008004547736372,-0.36336411504709576,-0.7149962712338821,-0.3531770396273176,0.3802743992923575,-3.0477788185723313,2 days 01:54:25.979381442,false
XMR-USD,false,11,89,195,19.587628865979383,0.4745038665286753,0.26721763085399447,0.0001,0.000030134813639968283,8.057851239669422,16.074380165289256,0.0008057851239669422,-1.5856267400290913,0,0,17424,726 days 01:00:00,1000.0,287.623148889247,-71.2376851110753,34.915698157888286,100.0,206.84262312171987,73.30258999696002,722 days 11:00:00,194,1,13.30883510163909,21.24696439820229,-6.070947836557036,3.8108458784055554,-1.6970218574484601,5 days 22:56:50.526315789,1 days 03:18:27.692307692,-3.740647867074192,-1.1408369354474295,-0.6350574556442338,0.9533313814594885,0.10799806236852151,23.22155989470786,0.9889863258304433,0.39044047239067986,-0.007536886087186922,None,None,-0.000059568788449821304,-0.3602720325445192,-0.7123768511107526,-0.3511198202705953,0.3800608525303767,-3.040276691273349,2 days 01:57:31.546391751,false
XMR-USD,false,14,68,195,19.587628865979383,0.4735983493056223,0.26721763085399447,0.0001,0.000030134813639968283,8.057851239669422,16.074380165289256,0.0008057851239669422,-1.6621542971559224,0,0,17424,726 days 01:00:00,1000.0,272.4496156982882,-72.75503843017118,34.915698157888286,100.0,205.57657752381297,74.84018010464378,722 days 11:00:00,194,1,12.937839101835493,20.605571745257084,-7.1255631390876,3.8823694282598207,-1.7471779823651314,5 days 15:33:09.473684210,1 days 04:58:04.615384615,-3.816949605172927,-1.1958189182958003,-0.6412061207641734,0.950973005620607,0.12653722640745393,23.321448112056302,0.9880061827199957,0.38888888888888895,-0.007592921762430922,None,None,-0.00006261312057595035,-0.37868415324334775,-0.7275503843017098,-0.3632119736335654,0.38111660720748564,-3.0837343163288313,2 days 01:50:43.298969071,false
XMR-USD,false,5,17,726,19.586206896551726,0.3211060849879554,0.9986225895316805,0.0001,0.00003013262599469497,30.0,59.95867768595041,0.003,-6.264446900847371,0,0,17424,726 days 01:00:00,1000.0,11.144747965567376,-98.88552520344327,34.915698157888286,100.0,361.18855462626505,98.92317853314493,725 days 02:00:00,725,1,0.035046733680628606,16.682556582211642,-11.805396837296527,1.7270909296003025,-1.1729091910989116,1 days 08:08:27.042253521,0 days 08:13:16.569468267,-1.3639866189905003,-4.68428868197494,-0.905467755124071,0.8177086200678197,-0.42276468543131407,36.91600643760079,1.0169057143891247,0.34764114462490325,-0.007916696128544197,None,None,-0.0002459338276218443,-1.4874077894569144,-0.988855252034432,-0.7900274797975544,0.38214885401846965,-3.832122237862303,0 days 12:54:22.344827585,false
XMR-USD,false,5,20,675,19.584569732937684,0.3299648731720579,0.928374655647383,0.0001,0.000030130107281442594,27.892561983471076,55.743801652892564,0.0027892561983471078,-5.775068876561951,0,0,17424,726 days 01:00:00,1000.0,15.474947043594966,-98.4525052956405,34.915698157888286,100.0,360.51666114674833,98.51912300621613,725 days 02:00:00,674,1,0.31131523396459393,16.505653339608433,-11.805396837296513,1.7663425707083538,-1.1825061135759316,1 days 11:54:05.454545454,0 days 08:36:25.239852398,-1.4611815551785885,-4.307081156779917,-0.890189849695647,0.8315396656818997,-0.43277574768213223,36.499639399928775,1.019052684324987,0.3524526544551382,-0.007890013932849731,None,None,-0.00022700621758829875,-1.3729336039740307,-0.9845250529564056,-0.7646886461145105,0.38363007057639753,-3.819720369056912,0 days 13:57:09.080118693,false
XMR-USD,false,11,67,241,19.583333333333332,0.44196067152297225,0.3305785123966942,0.0001,0.00003012820512820513,9.958677685950413,19.87603305785124,0.0009958677685950412,-2.2055877872688376,0,0,17424,726 days 01:00:00,1000.0,192.15521099697685,-80.78447890030232,34.915698157888286,100.0,226.08270958159358,82.19184403202527,722 days 11:00:00,240,1,8.891363671371835,20.605571745257066,-5.914882632735084,3.544179999834761,-1.6833925239997574,4 days 20:44:40.851063829,0 days 21:28:54.715025906,-3.4030673028099736,-1.5900143019673532,-0.6857267433638614,0.9354390925260084,0.18696714526187674,22.930681728232656,0.9927662087553428,0.38348551012306464,-0.0076150902355892995,None,None,-0.00008278545054517348,-0.5006864048972092,-0.8078447890030246,-0.4358889479731505,0.37897532168340237,-3.313700804005008,1 days 16:08:14.999999998,false
XMR-USD,false,13,54,241,19.583333333333332,0.46476042699106956,0.3305785123966942,0.0001,0.00003012820512820513,9.958677685950413,19.87603305785124,0.0009958677685950412,-2.1057766733227505,0,0,17424,726 days 01:00:00,1000.0,204.90650549937754,-79.50934945006225,34.915698157888286,100.0,223.89856069668193,81.00619276076233,722 days 11:00:00,240,1,9.730413428096313,25.977214236284237,-6.399618215274402,3.873491008035837,-1.7209521712809606,4 days 15:58:43.404255319,0 days 22:48:29.844559585,-3.3534329497029933,-1.5171981418877143,-0.6780788330097274,0.9383517460187416,0.1849479962204228,22.9268193648717,0.9946644616490646,0.38557569974554706,-0.007617955658402015,None,None,-0.00007907439746487238,-0.4782419558675482,-0.7950934945006248,-0.42316767074399475,0.37935999728070174,-3.2771805704850037,1 days 16:16:14.999999998,false
XMR-USD,false,18,57,190,19.576719576719576,0.4753209270625316,0.2603305785123967,0.0001,0.000030118030118030115,7.851239669421488,15.661157024793388,0.0007851239669421488,-1.6563558455597147,0,0,17424,726 days 01:00:00,1000.0,273.78513621078037,-72.62148637892196,34.915698157888286,100.0,199.66721541680016,75.14525777829284,722 days 11:00:00,189,1,13.64124164736478,20.68021897104222,-7.125563139087611,4.1495708446858055,-1.8271865379373666,5 days 16:35:40.540540540,1 days 06:05:31.578947368,-3.9145825684475404,-1.192618211783233,-0.6368993197333007,0.9510308192791659,0.11284478583263666,23.450564623207207,0.9879318303331095,0.38800382348255535,-0.00757386945924152,None,None,-0.00006236349419318518,-0.37717441288038395,-0.7262148637892191,-0.3621302792302231,0.38061591855840377,-3.0799093304830576,2 days 02:56:30.476190475,false
XMR-USD,false,11,69,231,19.565217391304348,0.4717257550761367,0.3168044077134986,0.0001,0.000030100334448160538,9.545454545454545,19.049586776859506,0.0009545454545454546,-1.9506824265402862,0,0,17424,726 days 01:00:00,1000.0,228.56728803101896,-77.1432711968981,34.915698157888286,100.0,228.2322815164483,78.86392088351117,722 days 11:00:00,230,1,10.576215293453373,20.605571745257063,-5.166804431970871,3.686314719413536,-1.659868169609346,4 days 23:44:00,0 days 22:51:53.513513513,-3.400038814184503,-1.40205426025851,-0.6642232795356744,0.9428199215935463,0.20605367553742784,23.03187819867125,0.996924151608341,0.38315605651690754,-0.007587215347123368,None,None,-0.00007287047095807673,-0.4407206083544481,-0.7714327119689811,-0.4008690067196715,0.3783072804621191,-3.209415113169364,1 days 17:49:02.608695651,false
XMR-USD,false,11,70,231,19.565217391304348,0.4660409506874126,0.3168044077134986,0.0001,0.000030100334448160538,9.545454545454545,19.049586776859506,0.0009545454545454546,-2.0408992349151918,0,0,17424,726 days 01:00:00,1000.0,215.3465019546236,-78.46534980453764,34.915698157888286,100.0,225.6279046482531,80.08647369454575,722 days 11:00:00,230,1,9.964465987167358,20.60557174525707,-5.166804431970876,3.6874824132150805,-1.6918112857248677,4 days 23:49:20,0 days 22:54:09.729729729,-3.4548607131849725,-1.4680423697772569,-0.6716289422095847,0.9402331390043425,0.20401116342715134,23.041257214477707,0.9951287384244711,0.38348551012306464,-0.007592921762430969,None,None,-0.0000762919505846534,-0.4614137171359837,-0.784653498045377,-0.4131319565060966,0.3782666672056614,-3.24727998992655,1 days 17:51:54.782608694,false
XMR-USD,false,6,44,405,19.554455445544555,0.4000189968160617,0.5564738292011019,0.0001,0.000030083777608530084,16.735537190082646,33.429752066115704,0.0016735537190082645,-3.374563308554907,0,0,17424,726 days 01:00:00,1000.0,91.50242511773729,-90.84975748822627,34.915698157888286,100.0,313.19915394396145,91.38867671679374,722 days 11:00:00,404,1,4.233980095117332,24.427265072754313,-5.076994396198707,2.526945696647026,-1.3263058104249514,2 days 20:36:27.341772151,0 days 12:38:24,-2.2592365222212427,-2.4401660905943126,-0.7653812767752479,0.9028307720270372,0.31009107586524387,22.493450459630026,1.0152536959090606,0.3708598851388561,-0.007697257727836831,None,None,-0.00012562776090354255,-0.7597966979446253,-0.908497574882263,-0.5639601109396353,0.374734929334325,-3.60197453527651,0 days 23:35:02.970297029,false
XMR-USD,false,8,44,349,19.54022988505747,0.4183255847461951,0.4793388429752066,0.0001,0.000030061892130857648,14.421487603305785,28.801652892561986,0.0014421487603305785,-2.969447006486428,0,0,17424,726 days 01:00:00,1000.0,120.2584672824064,-87.97415327175936,34.915698157888286,100.0,279.5862933995253,88.57842252807114,722 days 11:00:00,348,1,5.564573355163731,23.465520524001377,-6.1898062409499985,2.8547521981585318,-1.4220600054470403,3 days 04:54:42.352941176,0 days 15:30:12.857142857,-2.543983063427464,-2.1379825032996265,-0.7396987645152079,0.9143934082896478,0.3405805554121392,22.487049720757806,1.0106250867036268,0.3748619220451318,-0.0076575730128033434,None,None,-0.00010996930531454954,-0.6650943585423956,-0.8797415327175946,-0.5205761566373512,0.3743908957039135,-3.5196160441627575,1 days 03:30:10.344827585,false
XMR-USD,false,61,88,88,19.54022988505747,0.5322738330778869,0.11983471074380166,0.0001,0.000030061892130857648,3.6363636363636367,7.231404958677686,0.00036363636363636367,-1.1363745665033476,0,0,17424,726 days 01:00:00,1000.0,381.71214940155244,-61.82878505984476,34.915698157888286,100.0,127.84509280796706,66.98225844930282,630 days 14:00:00,87,1,17.66250064466692,18.05766568386463,-7.71634483562149,5.910690429751503,-2.7505467193596593,12 days 04:45:52.941176470,2 days 15:46:17.142857142,-7.30977415221971,-0.8238530686553119,-0.5729745771953525,0.9653678790636635,-0.15590654883254426,26.835586344003442,0.9720200277396098,0.37899651788540684,-0.007440889575559799,None,None,-0.00004320998773912165,-0.2613340058462077,-0.6182878505984497,-0.28414381673124567,0.38176167169536646,-2.770801912087104,4 days 12:31:02.068965515,false
XMR-USD,false,63,86,88,19.54022988505747,0.5363430555897808,0.11983471074380166,0.0001,0.000030061892130857648,3.6363636363636367,7.231404958677686,0.00036363636363636367,-1.1168300916264353,0,0,17424,726 days 01:00:00,1000.0,387.1175031415337,-61.28824968584663,34.915698157888286,100.0,127.96933771618713,66.57925699391713,630 days 14:00:00,87,1,17.912615984371882,18.303442673059212,-7.716344835621482,6.01988960617775,-2.7544743553231514,12 days 04:49:24.705882352,2 days 15:38:34.285714285,-7.250518538423432,-0.8094951693930367,-0.5698769740149895,0.9659503811046609,-0.15317940286660484,26.906482858387022,0.9718021799456963,0.37877828770375055,-0.007440889575559778,None,None,-0.00004242264789153541,-0.2565721744480062,-0.6128824968584659,-0.2806414940580567,0.38145336923737644,-2.755320755973489,4 days 12:25:31.034482757,false
XMR-USD,false,64,84,88,19.54022988505747,0.5338378344213486,0.11983471074380166,0.0001,0.000030061892130857648,3.6363636363636367,7.231404958677686,0.00036363636363636367,-1.1373221151166024,0,0,17424,726 days 01:00:00,1000.0,381.5723064668837,-61.84276935331163,34.915698157888286,100.0,127.24863096560631,67.05549304195088,630 days 14:00:00,87,1,17.656029863143203,18.057665683864617,-7.7163448356214746,5.971247758885602,-2.7641438113037733,12 days 04:38:49.411764705,2 days 15:40:17.142857142,-7.31130716547424,-0.8246189546271364,-0.572518069229602,0.9653196635390708,-0.15701669968157858,26.86776646294188,0.9729905433413462,0.37823301431622236,-0.007437458523433857,None,None,-0.00004323783895292201,-0.26150244998727235,-0.6184276935331159,-0.28423485443000496,0.38165293862139926,-2.7712024280213305,4 days 12:24:49.655172412,false
XMR-USD,false,64,85,88,19.54022988505747,0.5465877953515198,0.11983471074380166,0.0001,0.000030061892130857648,3.6363636363636367,7.231404958677686,0.00036363636363636367,-1.0688136866130002,0,0,17424,726 days 01:00:00,1000.0,399.6435425132414,-60.03564574867586,34.915698157888286,100.0,129.9883187899318,65.49785525070308,630 days 14:00:00,87,1,18.492218123902376,18.303442673059212,-7.7163448356214746,6.052158139986899,-2.7176830671529486,12 days 04:52:56.470588235,2 days 15:36:51.428571428,-7.113203167938632,-0.7745179631477499,-0.563995456633259,0.9673978298548384,-0.15370138204088202,26.89721869642876,0.972245929231852,0.37899651788540684,-0.007440889575559864,None,None,-0.00004059313300825701,-0.2455072684339384,-0.6003564574867569,-0.27264638639239747,0.3814863661731676,-2.719445662440875,4 days 12:24:49.655172412,false
XMR-USD,false,65,84,88,19.54022988505747,0.5459541930711764,0.11983471074380166,0.0001,0.000030061892130857648,3.6363636363636367,7.231404958677686,0.00036363636363636367,-1.0794449302033018,0,0,17424,726 days 01:00:00,1000.0,396.84357063551374,-60.31564293644862,34.915698157888286,100.0,129.3532611352049,65.53804465476254,630 days 14:00:00,87,1,18.362658440845507,18.303442673059216,-7.716344835621471,6.101650031738895,-2.737805194655338,12 days 04:45:52.941176470,2 days 15:39:25.714285714,-7.143897560980825,-0.7822091246684102,-0.5670445083966635,0.9670824164505541,-0.1532666219746816,26.89636353681432,0.9729410732454294,0.37877828770375055,-0.007428272403563676,None,None,-0.00004099647373504988,-0.24794667314958166,-0.6031564293644871,-0.2744191935540733,0.38148860441038324,-2.7274648974138263,4 days 12:25:31.034482757,false
XMR-USD,false,66,83,88,19.54022988505747,0.5488801234642067,0.11983471074380166,0.0001,0.000030061892130857648,3.6363636363636367,7.231404958677686,0.00036363636363636367,-1.0581325299839919,0,0,17424,726 days 01:00:00,1000.0,402.463131213594,-59.7536868786406,34.915698157888286,100.0,129.76677221003615,65.05004116917873,630 days 14:00:00,87,1,18.622685512262308,18.303442673059216,-7.716344835621483,6.101650031738895,-2.7178708712968978,12 days 04:45:52.941176470,2 days 15:37:42.857142857,-7.082293727570892,-0.7666669545316899,-0.5644457671461076,0.9677226756716609,-0.15338553581569636,26.88476012495714,0.9731808984088959,0.37877828770375055,-0.007428272403563637,None,None,-0.00004018668519140974,-0.2430490720376461,-0.5975368687864028,-0.2708693349422433,0.38153412214679455,-2.7113702440786174,4 days 12:24:08.275862067,false
XMR-USD,false,67,82,88,19.54022988505747,0.5494400391049474,0.11983471074380166,0.0001,0.000030061892130857648,3.6363636363636367,7.231404958677686,0.00036363636363636367,-1.0565122934082383,0,0,17424,726 days 01:00:00,1000.0,402.8771482101313,-59.71228517898687,34.915698157888286,100.0,130.51360917743114,65.03661460862749,630 days 14:00:00,87,1,18.641842815690268,18.303442673059216,-7.716344835621469,6.067747216159019,-2.708550794863336,12 days 04:52:56.470588235,2 days 15:36:00,-7.077755110408718,-0.7654971430459477,-0.5640592114384774,0.9677711213829602,-0.15354694220524176,26.881163812849056,0.9736351753988641,0.37866919851254055,-0.007428272403563759,None,None,-0.00004012681011306568,-0.24268694756382125,-0.5971228517898692,-0.27060908500224967,0.38154784672651537,-2.710184482319923,4 days 12:24:08.275862068,false
XMR-USD,false,8,46,339,19.526627218934912,0.3946758443902336,0.465564738292011,0.0001,0.000030040964952207562,14.008264462809917,27.97520661157025,0.0014008264462809917,-3.02093728832273,0,0,17424,726 days 01:00:00,1000.0,115.22757220140556,-88.47724277985944,34.915698157888286,100.0,262.8705789497103,89.05623302424071,722 days 11:00:00,338,1,5.3317848841896165,23.46552052400139,-6.1898062409500225,2.78403289733924,-1.4423740153481865,3 days 07:33:38.181818181,0 days 15:56:41.470588235,-2.6334444162212574,-2.179075104941605,-0.7439588860746422,0.912890894265881,0.32086853587015357,22.315168677227327,1.007076527609971,0.37573030159482085,-0.0077033886747811834,None,None,-0.00011236283985671001,-0.6795704554533821,-0.8847724277985953,-0.5276347463648137,0.375325828781304,-3.534024735228453,1 days 04:22:00.710059170,false
XMR-USD,false,3,19,867,19.51501154734411,0.3184750880261878,1.1928374655647382,0.0001,0.000030023094688221707,35.82644628099174,71.61157024793388,0.003582644628099174,-6.72827064116076,0,0,17424,726 days 01:00:00,1000.0,7.798610569123753,-99.22013894308762,34.915698157888286,100.0,407.2085258000872,99.24516786062077,725 days 02:00:00,866,1,0.024524182021830043,15.368985863521775,-11.805396837296517,1.5765160892150898,-1.0627761456941764,1 days 04:10:17.751479289,0 days 06:33:03.357245337,-1.1457574060195128,-5.037362654977079,-0.9197939172830989,0.8055510636325193,-0.3798502403039572,36.5496146864398,1.0277968481525626,0.3460795674005407,-0.00800875289044717,None,None,-0.00026625501076266953,-1.6103103050926253,-0.9922013894308765,-0.8144993251577464,0.38472686699602004,-3.8417057134133636,0 days 10:46:12.748267897,false
XMR-USD,false,6,45,401,19.5,0.4000378713683463,0.5509641873278237,0.0001,0.00003,16.570247933884296,33.09917355371901,0.0016570247933884296,-3.357439943230613,0,0,17424,726 days 01:00:00,1000.0,92.73392817196373,-90.72660718280363,34.915698157888286,100.0,310.0156769644589,91.27277955985447,722 days 11:00:00,400,1,4.290963933654496,24.42726507275431,-5.076994396198699,2.5649288691868866,-1.3358841951466551,2 days 21:01:32.307692307,0 days 12:52:43.975155279,-2.278892589404226,-2.427335405366627,-0.7641327447928693,0.9033247550505942,0.3118187764419517,22.549026022311107,1.0139906534014262,0.37129141418115996,-0.007687330976663846,None,None,-0.00012487737310359754,-0.755258352530558,-0.9072660718280371,-0.5619321021243813,0.37446558310894373,-3.5984474597225358,0 days 23:49:38.999999998,false
XMR-USD,false,14,65,201,19.5,0.45793376426604177,0.27548209366391185,0.0001,0.00003,8.305785123966942,16.570247933884296,0.0008305785123966942,-1.7987091446542047,0,0,17424,726 days 01:00:00,1000.0,249.66649043417237,-75.03335095658277,34.915698157888286,100.0,203.33945909856465,76.94225430741089,722 days 11:00:00,200,1,11.855934808637585,20.605571745257073,-6.168481229071103,3.883372725737607,-1.769704744489418,5 days 11:26:09.230769230,1 days 04:04:28.322981366,-3.8109472218723237,-1.2954012021178007,-0.6527234093374862,0.9469677733205579,0.12567138542304523,23.440182720732942,0.9890812258709458,0.3864576702737111,-0.007586227038464398,None,None,-0.00006767729467151088,-0.4093122781732978,-0.7503335095658297,-0.38222366597117396,0.38027400486364016,-3.1489861270218062,2 days 00:13:47.999999998,false
XMR-USD,false,4,24,678,19.49778434268833,0.3374275589115291,0.9325068870523416,0.0001,0.000029996591296443587,28.016528925619834,55.99173553719008,0.0028016528925619835,-5.641492609761851,0,0,17424,726 days 01:00:00,1000.0,16.526620994936252,-98.34733790050637,34.915698157888286,100.0,374.09709343660165,98.44016584414973,722 days 11:00:00,677,1,0.33247214786511137,16.50565333960844,-11.805396837296527,1.7715283535160442,-1.165187450579295,1 days 13:11:21.818181818,0 days 08:14:58.348623853,-1.4531844182465716,-4.22429025835484,-0.8867049874601761,0.8344826045859117,-0.5278415322877016,36.18160933251594,1.0136267343765324,0.3549766718506998,-0.007905273419109923,None,None,-0.00022317195004718159,-1.3497439538853542,-0.9834733790050638,-0.7592568545255034,0.3845420178547473,-3.8167083314725985,0 days 13:53:31.816838994,false
XMR-USD,false,10,76,237,19.491525423728813,0.42994545203349466,0.325068870523416,0.0001,0.000029986962190352026,9.793388429752067,19.545454545454547,0.0009793388429752067,-2.1597471489492395,0,0,17424,726 days 01:00:00,1000.0,196.759461602594,-80.3240538397406,34.915698157888286,100.0,222.22615867051246,81.80673205264493,722 days 11:00:00,236,1,9.10441054299335,20.605571745257098,-6.070947836557031,3.3919940308179743,-1.648462288339304,4 days 23:18:15.652173913,0 days 21:49:53.684210526,-3.442139614154236,-1.558003226737261,-0.6825669608888387,0.9366024308129748,0.13121437333425873,23.493864920026528,0.9918106402817817,0.3840349483717236,-0.00761410657105968,None,None,-0.0000813551694784135,-0.4920360650054449,-0.8032405383974064,-0.43123368339457546,0.3800797621826112,-3.30051404031838,1 days 16:49:49.830508474,false
XMR-USD,false,11,88,196,19.48717948717949,0.4683404611580666,0.26859504132231404,0.0001,0.000029980276134122293,8.099173553719009,16.15702479338843,0.0008099173553719009,-1.6282439614748465,0,0,17424,726 days 01:00:00,1000.0,279.1365313459369,-72.08634686540631,34.915698157888286,100.0,204.979960099263,73.9786808845883,722 days 11:00:00,195,1,12.916144200747453,21.246964398202294,-6.070947836557035,3.814774270821062,-1.7059660175662776,5 days 22:53:41.052631578,1 days 03:09:56.178343949,-3.7629723736144083,-1.1725152420133031,-0.640050445430852,0.9520565958517317,0.09844919895198463,23.19218622623775,0.9896326537248147,0.39010769844435583,-0.007549268901077528,None,None,-0.00006126905173977209,-0.3705552249221416,-0.7208634686540665,-0.3578301875405715,0.38034753515078584,-3.0645827140397675,2 days 01:43:04.615384614,false
XMR-USD,false,16,60,196,19.48717948717949,0.4679972260437343,0.26859504132231404,0.0001,0.000029980276134122293,8.099173553719009,16.15702479338843,0.0008099173553719009,-1.7922686055538006,0,0,17424,726 days 01:00:00,1000.0,250.05374506499822,-74.99462549350018,34.915698157888286,100.0,202.3559864275155,76.90648972090062,722 days 11:00:00,195,1,11.874324403690679,20.60557174525707,-7.125563139087615,4.066771585732017,-1.8307410445832883,5 days 13:04:44.210526315,1 days 05:12:13.757961783,-3.906772201736886,-1.2923515430112567,-0.6525224361060048,0.947027233566026,0.10638673714058773,23.470677356886352,0.9877868488492432,0.38634736255867613,-0.007586227038464305,None,None,-0.00006756938367645954,-0.4086596324752273,-0.7499462549350029,-0.38189124619855874,0.3805635908239984,-3.147877013782613,2 days 01:26:46.153846152,false
XMR-USD,false,4,25,658,19.48249619482496,0.3398858448315724,0.9049586776859504,0.0001,0.00002997307106896148,27.1900826446281,54.33884297520661,0.00271900826446281,-5.495059106200151,0,0,17424,726 days 01:00:00,1000.0,18.372521249791134,-98.16274787502088,34.915698157888286,100.0,370.18061322640546,98.25904189529176,722 days 11:00:00,657,1,0.36960680610314256,16.505653339608433,-11.80539683729653,1.8316092291956996,-1.18146705486783,1 days 14:26:43.125000,0 days 08:28:21.323251417,-1.4946683189593777,-4.115739849244102,-0.8812660047789159,0.838463713619992,-0.5564778116368112,36.16570010401592,1.0103716837567234,0.3560311284046693,-0.007896159657531637,None,None,-0.00021713035360521594,-1.313204378604346,-0.9816274787502093,-0.7502447404125596,0.3839994198332015,-3.8114215969885623,0 days 14:18:43.287671231,false
XMR-USD,false,11,68,232,19.480519480519483,0.46196669259370016,0.3181818181818182,0.0001,0.000029970029970029977,9.586776859504132,19.132231404958677,0.0009586776859504132,-2.072189933630744,0,0,17424,726 days 01:00:00,1000.0,210.88734593477227,-78.91126540652277,34.915698157888286,100.0,225.610798082654,80.59174718522355,722 days 11:00:00,231,1,9.758132900314394,20.605571745257073,-5.914882632735079,3.686428464462515,-1.692856278443995,4 days 23:20:00,0 days 22:49:40.645161290,-3.4583150950889285,-1.4912599253832017,-0.6734182584804863,0.9392737199559712,0.20122204345984707,23.050493194499953,0.9949834428733089,0.3826073157184797,-0.007608808267455773,None,None,-0.0000774939419015761,-0.46868336062073224,-0.7891126540652283,-0.41737867957684605,0.3782442632699355,-3.2600511967335484,1 days 17:37:39.740259739,false
XMR-USD,false,11,71,232,19.480519480519483,0.4396184341814089,0.3181818181818182,0.0001,0.000029970029970029977,9.586776859504132,19.132231404958677,0.0009586776859504132,-2.1150573353154063,0,0,17424,726 days 01:00:00,1000.0,203.43475613129635,-79.65652438687036,34.915698157888286,100.0,221.1058339547668,81.18797690747792,722 days 11:00:00,231,1,9.413288303634118,20.60557174525706,-5.1668044319708955,3.4992620677710327,-1.6733294101559375,4 days 23:56:00,0 days 22:47:44.516129032,-3.4890845548586005,-1.5249392401323356,-0.6785687308881667,0.9378769855642064,0.13529281749542005,23.634859038685807,0.9935828412879071,0.383705233065989,-0.007592921762431007,None,None,-0.0000794841325269982,-0.48072003352328513,-0.7965652438687063,-0.42460908188608093,0.37938996825272203,-3.2813957213934173,1 days 17:43:07.012987011,false
XMR-USD,false,13,59,232,19.480519480519483,0.4627522027695004,0.3181818181818182,0.0001,0.000029970029970029977,9.586776859504132,19.132231404958677,0.0009586776859504132,-2.005932562972468,0,0,17424,726 days 01:00:00,1000.0,219.5521444734643,-78.04478555265358,34.915698157888286,100.0,220.54384968798323,79.67873657536697,722 days 11:00:00,231,1,10.42589218700249,20.60557174525707,-6.1684812290711255,3.85424560744519,-1.7101352045430882,4 days 21:12:00,0 days 23:26:07.741935483,-3.423695877547785,-1.4415711584921718,-0.6693990053349121,0.9412258485876679,0.2086721891950784,22.93862539756847,0.9961452959912928,0.3838151207115629,-0.0076088082674558785,None,None,-0.00007511838930784312,-0.4543160185338352,-0.7804478555265357,-0.4091789652892076,0.3792871477217086,-3.2352348562453535,1 days 17:42:04.675324673,false
XMR-USD,false,12,88,191,19.473684210526315,0.48708974137502414,0.26170798898071623,0.0001,0.000029959514170040487,7.892561983471075,15.743801652892563,0.0007892561983471075,-1.5594174099472815,0,0,17424,726 days 01:00:00,1000.0,291.62662752060896,-70.8373372479391,34.915698157888286,100.0,207.95570608925655,72.9309839184067,722 days 11:00:00,190,1,13.494083184568069,21.24696439820231,-6.070947836557044,3.891292567944588,-1.716639710875281,6 days 02:09:43.783783783,1 days 04:03:55.294117647,-3.79930239823137,-1.122530023551783,-0.6331826419095811,0.9540624432910589,0.09774341912810554,23.08624341405423,0.9861562869491661,0.39177316293929715,-0.007555296026784043,None,None,-0.00005872815804011849,-0.3551878998266366,-0.708373372479395,-0.34799910379371934,0.3808082587035128,-3.0288105633063296,2 days 03:03:47.368421051,false
XMR-USD,false,12,89,191,19.473684210526315,0.4780042187443739,0.26170798898071623,0.0001,0.000029959514170040487,7.892561983471075,15.743801652892563,0.0007892561983471075,-1.5829921597613492,0,0,17424,726 days 01:00:00,1000.0,286.83209654136,-71.316790345864,34.915698157888286,100.0,206.20757426175223,73.37601610660029,722 days 11:00:00,190,1,13.272231701337489,21.24696439820228,-6.070947836557041,3.7952698893988037,-1.7068702108555742,6 days 04:21:04.864864864,1 days 03:33:43.529411764,-3.8233691324209333,-1.1396278128981232,-0.6354298068788619,0.9534000754863918,0.09768303044564805,23.023618392197253,0.9854585658991188,0.39199552644192365,-0.007566873914135405,None,None,-0.00005966315145997168,-0.36084274002990874,-0.7131679034586388,-0.35173979679022493,0.381066783325418,-3.0425422978332124,2 days 03:05:03.157894735,false
XMR-USD,false,16,61,191,19.473684210526315,0.48643799700223,0.26170798898071623,0.0001,0.000029959514170040487,7.892561983471075,15.743801652892563,0.0007892561983471075,-1.6426358307206514,0,0,17424,726 days 01:00:00,1000.0,276.51593465791393,-72.3484065342086,34.915698157888286,100.0,203.70449273693,74.46259572038235,722 days 11:00:00,190,1,13.13093675147445,20.60557174525708,-7.125563139087615,4.188252652177075,-1.816334976610386,5 days 16:00:00,1 days 06:07:50.588235294,-3.8769210636503213,-1.183139340384806,-0.6392358742201057,0.9513797367558956,0.10956415209265796,23.52823037463275,0.9877531449854124,0.3873407643312102,-0.0075669948659231115,None,None,-0.00006181447916191878,-0.3738539699712848,-0.7234840653420846,-0.35992916758055304,0.38028768645402106,-3.072088211069134,2 days 02:44:50.526315788,false
XMR-USD,false,13,88,186,19.45945945945946,0.48399012615404063,0.2548209366391185,0.0001,0.00002993762993762994,7.685950413223141,15.330578512396695,0.0007685950413223141,-1.513299584305473,0,0,17424,726 days 01:00:00,1000.0,300.53580167856944,-69.94641983214306,34.915698157888286,100.0,202.86744267102466,71.93497711393975,722 days 11:00:00,185,1,14.271570310322488,22.2398460187181,-6.070947836557047,3.8903460729278567,-1.7186681728228328,6 days 06:24:59.999999999,1 days 04:43:53.557046979,-3.8580311817932618,-1.0887190248670922,-0.6305446661032714,0.9554143270386404,0.10023478520629868,23.03746847582772,0.9863975777013266,0.3915508704679764,-0.007564556714894886,None,None,-0.00005698892732624322,-0.344669032469119,-0.6994641983214336,-0.34115342402665194,0.38100670174053974,-3.003294320962633,2 days 04:24:38.918918917,false
XMR-USD,false,9,84,222,19.457013574660635,0.4475781977752893,0.3044077134986226,0.0001,0.00002993386703793944,9.173553719008265,18.305785123966942,0.0009173553719008264,-1.8207248574075898,0,0,17424,726 days 01:00:00,1000.0,246.72860335579685,-75.32713966442032,34.915698157888286,100.0,224.18437434181055,77.06773464026655,722 days 11:00:00,221,1,11.416571682776578,20.605571745257087,-6.070947836557017,3.4760364810638342,-1.5982585040551327,5 days 05:20:55.813953488,1 days 00:03:42.471910112,-3.4601265535157526,-1.3108492212068477,-0.6554928480771154,0.9465905213764246,0.12277234466589454,23.23195955074008,0.9906676595000031,0.3884462151394423,-0.007587215347123458,None,None,-0.00006838954396640217,-0.4136199619088003,-0.7532713966442033,-0.3847565838380398,0.3797474897642181,-3.1574003568192186,1 days 19:46:09.230769229,false
XMR-USD,false,12,38,294,19.453924914675767,0.44620392952297344,0.4035812672176309,0.0001,0.00002992911525334734,12.148760330578513,24.25619834710744,0.0012148760330578513,-2.3898098027595887,0,0,17424,726 days 01:00:00,1000.0,175.5062116950678,-82.44937883049322,34.915698157888286,100.0,259.756600833412,83.45015956503346,722 days 11:00:00,293,1,8.120984836524542,23.465520524001384,-6.1898062409500065,3.185263545158492,-1.4750605544361424,3 days 14:17:53.684210526,0 days 19:42:27.457627118,-2.8416886455339783,-1.7126667637376698,-0.6986779404227692,0.930755224869372,0.3574418913890688,22.23682223110054,1.012420985573691,0.3762735960824579,-0.007650913471011367,None,None,-0.00008823931717340731,-0.5336713902647674,-0.8244937883049301,-0.4533575467252662,0.3750137687044437,-3.361384224873818,1 days 08:39:43.617747439,false
XMR-USD,false,5,23,618,19.448946515397083,0.34389593820309083,0.849862258953168,0.0001,0.000029921456177533973,25.537190082644628,51.03305785123967,0.0025537190082644628,-5.266998631446507,0,0,17424,726 days 01:00:00,1000.0,21.86397241883128,-97.81360275811687,34.915698157888286,100.0,351.8587079164257,97.8955953867936,725 days 02:00:00,617,1,0.4398456207823678,14.344903282656968,-11.805396837296504,1.9105358462523658,-1.212699337402707,1 days 16:36:30,0 days 09:10:01.207243460,-1.58602248493023,-3.9336937152318256,-0.8720190170277098,0.8450077723003134,-0.5172504277373045,36.39483924325167,1.0091870214599459,0.3577216767960106,-0.007823194036730294,None,None,-0.00020718923352721564,-1.2530804843726002,-0.9781360275811686,-0.7346979021750555,0.38337570374274177,-3.8014219367977455,0 days 15:16:55.235008102,false
XMR-USD,false,9,54,289,19.444444444444446,0.4069640793036029,0.39669421487603307,0.0001,0.000029914529914529922,11.942148760330578,23.84297520661157,0.0011942148760330578,-2.5808809442827405,0,0,17424,726 days 01:00:00,1000.0,155.2253086951191,-84.47746913048809,34.915698157888286,100.0,240.1138436323448,85.32130167167644,722 days 11:00:00,288,1,7.182551352359496,24.879197779776202,-6.189806240950009,3.1598068280593807,-1.5342187226129251,3 days 22:24:38.571428571,0 days 18:43:11.379310344,-2.958184870337641,-1.853502541344157,-0.7126112764765004,0.9255001792941392,0.35528088507020594,22.348533114239864,1.0032198234399021,0.38008870584508153,-0.007614668757779288,None,None,-0.00009532659418082503,-0.5765352416056297,-0.8447746913048816,-0.4761665909788998,0.374350860169285,-3.4194695677709834,1 days 09:26:14.999999998,false
XMR-USD,false,9,87,217,19.444444444444446,0.44210019396230615,0.2975206611570248,0.0001,0.000029914529914529922,8.966942148760332,17.892561983471076,0.0008966942148760332,-1.8073624106903983,0,0,17424,726 days 01:00:00,1000.0,248.3637906370077,-75.16362093629924,34.915698157888286,100.0,217.10010365067606,76.84733910779487,722 days 11:00:00,216,1,11.492234709101012,20.60557174525708,-6.070947836557037,3.4912695955497517,-1.6158758551096646,5 days 08:21:25.714285714,1 days 00:41:02.068965517,-3.533002055889321,-1.3018177132619588,-0.6552309265280647,0.9469488316304149,0.11250773122406242,23.196106277270836,0.9898156263437112,0.3892210794865662,-0.007573869459241606,None,None,-0.0000679862480887955,-0.4111808284410352,-0.7516362093629924,-0.38334438208788724,0.38012710887904816,-3.152717112984836,1 days 20:50:33.333333332,false
XMR-USD,false,11,61,253,19.444444444444446,0.4538971850881608,0.34710743801652894,0.0001,0.000029914529914529922,10.454545454545455,20.867768595041323,0.0010454545454545456,-2.151700664759537,0,0,17424,726 days 01:00:00,1000.0,199.1297745829263,-80.08702254170737,34.915698157888286,100.0,230.63756967283575,81.30754744315993,722 days 11:00:00,252,1,9.214089144025053,25.977214236284237,-5.957955217046655,3.698548690949721,-1.647673495317306,4 days 15:52:39.183673469,0 days 20:29:51.133004926,-3.214620295877373,-1.5490873878714235,-0.6834779718328117,0.9370637001937151,0.19968872568585072,22.930416406957825,0.9991594517078952,0.38337567481740237,-0.007614668757779274,None,None,-0.00008072060780227196,-0.4881982359881408,-0.8008702254170733,-0.4288648043241574,0.379285683016304,-3.2937253661534993,1 days 14:15:57.142857142,false
XMR-USD,false,2,16,1143,19.439579684763572,0.3275742156093344,1.5730027548209367,0.0001,0.000029907045668867034,47.231404958677686,94.42148760330579,0.0047231404958677685,-7.633321124006673,0,0,17424,726 days 01:00:00,1000.0,3.9092176255536515,-99.60907823744463,34.915698157888286,100.0,493.12313717357097,99.62185221992189,725 days 02:00:00,1142,1,0.012293262211557465,12.103466817311476,-11.805396837296506,1.3956334151176886,-0.9276619987010398,0 days 21:45:24.324324324,0 days 04:51:54.782608695,-0.8722443744629182,-5.760702586365795,-0.9419761983051409,0.7815713573254551,-0.4334301720403953,36.3492748338482,1.0392494753558532,0.34670376381482343,-0.008073278676995817,None,None,-0.0003057701323239118,-1.8492977602950185,-0.996090782374445,-0.8540364417152359,0.38634700640472547,-3.8528450952638504,0 days 08:08:55.901926443,false
XMR-USD,false,9,58,284,19.434628975265017,0.39956542545374296,0.38980716253443526,0.0001,0.00002989942919271541,11.735537190082646,23.429752066115704,0.0011735537190082645,-2.53907112552688,0,0,17424,726 days 01:00:00,1000.0,157.8706836626219,-84.21293163373781,34.915698157888286,100.0,228.46123784222718,85.07114490639319,722 days 11:00:00,283,1,7.304957561179805,24.360729949531994,-5.91488263273509,3.293696332839622,-1.5711258317328516,4 days 03:31:38.181818181,0 days 18:09:44.210526315,-3.0015345367440203,-1.826653374201672,-0.7107755897578284,0.9263628210080657,0.2998713366989133,22.621145739884835,1.0006958110222555,0.37997940920250256,-0.007614668757779274,None,None,-0.00009427382365789835,-0.5701680854829693,-0.8421293163373792,-0.4730851312018701,0.3756582429867235,-3.411893104726938,1 days 09:58:30.954063602,false
XMR-USD,false,10,84,212,19.431279620853083,0.4336588882668679,0.290633608815427,0.0001,0.000029894276339773976,8.760330578512397,17.479338842975206,0.0008760330578512398,-1.9024130145294607,0,0,17424,726 days 01:00:00,1000.0,232.01367961459823,-76.79863203854018,34.915698157888286,100.0,207.61079932710064,78.37150885524812,722 days 11:00:00,211,1,10.735685967001928,20.6055717452571,-6.070947836557018,3.5493794594396513,-1.6864866243398087,5 days 09:49:45.365853658,1 days 01:33:52.941176470,-3.6906256225232372,-1.3730848521377015,-0.6638081945253435,0.9440078072263881,0.08773874644246411,23.171825899835902,0.9864416557039267,0.3881143949653469,-0.007581889598690272,None,None,-0.00007184675105772666,-0.43452915039713086,-0.7679863203854005,-0.3977487814092062,0.3808620513433551,-3.199544505490277,1 days 21:49:28.720379145,false
XMR-USD,false,3,24,794,19.419924337957127,0.31752193751752594,1.0922865013774106,0.0001,0.0000298768066737802,32.8099173553719,65.57851239669422,0.00328099173553719,-6.270013525888116,0,0,17424,726 days 01:00:00,1000.0,10.405168884223826,-98.95948311157761,34.915698157888286,100.0,394.7341662389486,99.00549398357019,722 days 11:00:00,793,1,0.03272098964588288,16.68255658221163,-11.805396837296522,1.6010639279907413,-1.0833419020505684,1 days 08:08:10.909090909,0 days 06:56:54.084507042,-1.247954037963964,-4.7104186196535665,-0.9082888808255971,0.8173460738807523,-0.525517201626507,35.81593671157047,1.0223599509757024,0.3507751937984497,-0.007996833436613228,None,None,-0.0002496396766758444,-1.5098207645355068,-0.9895948311157774,-0.7949725911523459,0.38575543239606214,-3.8342404228632128,0 days 11:50:23.455233290,false
XMR-USD,false,16,59,202,19.402985074626866,0.45941644484933863,0.2768595041322314,0.0001,0.000029850746268656714,8.347107438016529,16.65289256198347,0.000834710743801653,-1.8418955844251599,0,0,17424,726 days 01:00:00,1000.0,242.48187002271652,-75.75181299772835,34.915698157888286,100.0,205.71347201408472,77.60578408290087,722 days 11:00:00,201,1,11.514758100962865,20.60557174525709,-7.125563139087594,3.9269950394706146,-1.7863609419164688,5 days 10:26:09.230769230,1 days 04:09:15.555555555,-3.826034269046,-1.3280580992434219,-0.6564893490462956,0.945616350764078,0.11483505387925405,23.519900163787756,0.9882537773272484,0.3864576702737111,-0.007592921762430972,None,None,-0.00006936035537164222,-0.4194914292876921,-0.7575181299772845,-0.38845297751023145,0.38014753540120966,-3.1695631762876326,1 days 23:59:59.999999998,false
XMR-USD,false,16,47,233,19.396551724137932,0.46050738163784577,0.31955922865013775,0.0001,0.00002984084880636605,9.62809917355372,19.214876033057852,0.000962809917355372,-2.0566759929146534,0,0,17424,726 days 01:00:00,1000.0,211.8120674772564,-78.81879325227436,34.915698157888286,100.0,220.78917843434488,80.3660817366307,722 days 11:00:00,232,1,10.058338463147521,20.680218971042223,-6.168481229071114,3.8724484194562288,-1.7232294825041894,4 days 17:04:00,1 days 00:26:57.112299465,-3.440716685284016,-1.480841482328263,-0.6740562598664608,0.9397693292783877,0.18768855736971218,22.92236367251723,0.9936476286265807,0.38557569974554706,-0.007633162839139224,None,None,-0.00007717416616473235,-0.46674935696430125,-0.788187932522745,-0.41649322723041937,0.3793336050908965,-3.2574027560857273,1 days 17:38:16.551724137,false
XMR-USD,false,4,20,754,19.389110225763613,0.3266318262652166,1.037190082644628,0.0001,0.00002982940034732864,31.15702479338843,62.27272727272727,0.003115702479338843,-6.196771731294221,0,0,17424,726 days 01:00:00,1000.0,11.421613600532964,-98.8578386399467,34.915698157888286,100.0,380.2802951114663,98.89642738003793,725 days 02:00:00,753,1,0.03591738918615839,16.68255658221162,-11.805396837296533,1.697937701298082,-1.1270909233772,1 days 08:16:26.301369863,0 days 07:41:13.146622734,-1.31290080184416,-4.639943725692969,-0.9044037912773963,0.8195051678016699,-0.46421113292252314,36.60766106198765,1.0219283955025686,0.34920634920634924,-0.007896159657531699,None,None,-0.0002444411017276372,-1.4783797832487497,-0.988578386399466,-0.7882314581722416,0.3834594662652427,-3.8313292832614425,0 days 12:27:15.059760954,false
XMR-USD,false,11,86,192,19.3717277486911,0.4862380132056978,0.2630853994490358,0.0001,0.000029802658074909385,7.933884297520661,15.826446280991735,0.0007933884297520662,-1.5744946597522775,0,0,17424,726 days 01:00:00,1000.0,289.32329357266644,-71.06767064273336,34.915698157888286,100.0,206.46446004909714,73.02906318540559,722 days 11:00:00,191,1,13.387503822595477,21.24696439820229,-6.070947836557037,3.9934617196083093,-1.732712926420232,5 days 23:53:30.810810810,1 days 04:18:18.701298701,-3.790912095549363,-1.1334621116778554,-0.6352643444180236,0.9535824868280885,0.09873113323607671,23.216031552804694,0.9884958157587974,0.3899968091895341,-0.007534468867054922,None,None,-0.000059216850899812135,-0.3581435142420638,-0.7106767064273345,-0.34979111269505747,0.38027366038086835,-3.035407406759171,2 days 02:41:46.806282721,false
XMR-USD,false,13,60,223,19.36936936936937,0.46502118866999237,0.30578512396694213,0.0001,0.000029799029799029804,9.214876033057852,18.388429752066116,0.0009214876033057852,-1.891270641089858,0,0,17424,726 days 01:00:00,1000.0,236.43968657554615,-76.35603134244539,34.915698157888286,100.0,213.71068403608555,78.11566283507617,722 days 11:00:00,222,1,11.227832398891678,20.605571745257087,-6.168481229071118,3.938564693022732,-1.7146334324667445,4 days 23:58:36.279069767,1 days 01:00:20.111731843,-3.490036692897953,-1.3586220875347217,-0.6601199381410437,0.944516170374071,0.205707745370069,22.874062761829958,0.9958506925498057,0.3844748132846019,-0.007608808267455844,None,None,-0.00007084839440321481,-0.4284910893506432,-0.7635603134244537,-0.39378572416906577,0.37956773306630404,-3.18686823895557,1 days 19:24:03.243243242,false
XMR-USD,false,13,61,223,19.36936936936937,0.45347993246850093,0.30578512396694213,0.0001,0.000029799029799029804,9.214876033057852,18.388429752066116,0.0009214876033057852,-1.9868980922267903,0,0,17424,726 days 01:00:00,1000.0,222.53621750527998,-77.746378249472,34.915698157888286,100.0,209.74954159958418,79.40253734122463,722 days 11:00:00,222,1,10.56759712813377,20.60557174525707,-6.168481229071112,3.9114076495977916,-1.7416248365780092,5 days 00:22:19.534883720,1 days 00:57:59.329608938,-3.5496908992020395,-1.4298083587796735,-0.6677254400642472,0.9417494377615575,0.19106244977004722,22.9829426518469,0.993679859050761,0.3848048954939204,-0.007595606630086717,None,None,-0.00007438229466813541,-0.44986411815288296,-0.7774637824947201,-0.40640404961971743,0.37866022161643814,-3.226688347971849,1 days 19:26:45.405405403,false
XMR-USD,false,3,22,817,19.362745098039216,0.3172303355363943,1.1239669421487604,0.0001,0.000029788838612368025,33.760330578512395,67.47933884297521,0.0033760330578512395,-6.5545511740108156,0,0,17424,726 days 01:00:00,1000.0,8.604734427034487,-99.13952655729655,34.915698157888286,100.0,395.4020697111107,99.17976160000312,722 days 11:00:00,816,1,0.027059188488474106,16.682556582211635,-11.80539683729652,1.6124099443821156,-1.093016815785011,1 days 06:45:56.962025316,0 days 06:50:25.531914893,-1.2149783391684505,-4.933788012835874,-0.9159459595963961,0.80949378985832,-0.5258926060216305,36.096318407121366,1.0227552707347327,0.3479538949485572,-0.007996833436613329,None,None,-0.0002606206844999517,-1.576233899855708,-0.9913952655729648,-0.8080566126017802,0.3844911429485838,-3.839396941427006,0 days 11:28:22.941176469,false
XMR-USD,false,9,85,218,19.35483870967742,0.45474924532353783,0.2988980716253444,0.0001,0.000029776674937965266,9.008264462809917,17.975206611570247,0.0009008264462809917,-1.7409599402889397,0,0,17424,726 days 01:00:00,1000.0,260.1085622717742,-73.98914377282259,34.915698157888286,100.0,220.6000841124549,76.13270048370113,722 days 11:00:00,217,1,12.035686199696073,20.60557174525707,-6.070947836557027,3.5893086224705266,-1.6025350679911097,5 days 07:42:51.428571428,1 days 00:40:06.857142857,-3.465101953584893,-1.2528096834781006,-0.646056663877864,0.948904080672845,0.12265759118165097,23.233769690952844,0.990684620780293,0.3893318450007973,-0.007569827638455862,None,None,-0.00006535974653954376,-0.39529574707116066,-0.7398914377282311,-0.37337534487913193,0.3797372510093513,-3.119079602482664,1 days 20:36:46.451612902,false
XMR-USD,false,12,86,187,19.35483870967742,0.48995133329778284,0.256198347107438,0.0001,0.000029776674937965266,7.7272727272727275,15.413223140495868,0.0007727272727272728,-1.5691691666292338,0,0,17424,726 days 01:00:00,1000.0,290.07877800902224,-70.99212219909778,34.915698157888286,100.0,207.20225705162213,73.07465654417918,722 days 11:00:00,186,1,13.422461432315401,21.246964398202298,-6.070947836557026,4.004799488528856,-1.7545015448467933,6 days 03:15:00,1 days 05:15:36,-3.8889445345338367,-1.1297534823291997,-0.6339056008514138,0.9537450547231304,0.0965147593933208,23.165040736149745,0.9874662675715045,0.39044047239067986,-0.007549268901077581,None,None,-0.00005905442787727208,-0.35716117980174156,-0.7099212219909795,-0.34920231760455744,0.38047552244991645,-3.033243668165317,2 days 04:05:48.387096774,false
XMR-USD,false,13,67,213,19.339622641509436,0.45397909651737495,0.29201101928374656,0.0001,0.00002975326560232221,8.801652892561984,17.56198347107438,0.0008801652892561984,-1.8876440657357731,0,0,17424,726 days 01:00:00,1000.0,235.5991661327464,-76.44008338672535,34.915698157888286,100.0,212.40913077499985,78.24143060357063,722 days 11:00:00,212,1,11.187918529962616,20.60557174525707,-6.1684812290711015,3.7857230697585806,-1.7211544898290212,5 days 07:13:10.243902439,1 days 01:58:35.789473684,-3.6584375113076244,-1.359643502489617,-0.6601661262670885,0.9444566451683529,0.1303032723437607,23.45556097158396,0.98953254347715,0.386899076727157,-0.007587215347123398,None,None,-0.00007101247791121222,-0.4294834664070115,-0.7644008338672541,-0.39453457922217294,0.38016099873615616,-3.189275524180109,1 days 21:33:23.773584905,false
XMR-USD,false,14,52,239,19.327731092436977,0.46638276254313527,0.3278236914600551,0.0001,0.000029734970911441506,9.87603305785124,19.710743801652892,0.000987603305785124,-2.0791251007205713,0,0,17424,726 days 01:00:00,1000.0,208.3879199496207,-79.16120800503793,34.915698157888286,100.0,224.6354692954069,80.68348307018091,722 days 11:00:00,238,1,9.895735665342329,25.977214236284247,-6.168481229071101,3.913399817095316,-1.7108443488426197,4 days 16:40:26.086956521,0 days 23:18:26.250000,-3.3676798979652216,-1.4980244066423911,-0.6760395095894425,0.9390784326639929,0.18345955959965435,22.90176419064267,0.992098727440405,0.38601654470251356,-0.007631521799382629,None,None,-0.00007809999264105988,-0.47234875549313016,-0.7916120800503781,-0.4197847218323706,0.37948101026367714,-3.2672096558708947,1 days 16:34:47.394957982,false
XMR-USD,false,10,86,208,19.32367149758454,0.43079131021441724,0.28512396694214875,0.0001,0.000029728725380899292,8.59504132231405,17.14876033057851,0.000859504132231405,-1.8624786590392637,0,0,17424,726 days 01:00:00,1000.0,238.96967012072946,-76.10303298792705,34.915698157888286,100.0,203.86120572831527,77.72306614568572,722 days 11:00:00,207,1,11.057552030189754,20.605571745257052,-6.070947836557028,3.586362879293105,-1.6881854825471745,5 days 14:45:00,1 days 01:38:26.586826347,-3.7298931493210654,-1.3432512438546493,-0.6601110100676671,0.9452107268000285,0.09652626766007143,23.26263984693154,0.9871080214827304,0.38822498406628425,-0.007569827638455756,None,None,-0.00007018597336543985,-0.42448476691418024,-0.7610303298792739,-0.39154209199389134,0.38032162515978085,-3.179622261705615,1 days 22:43:28.695652173,false
XMR-USD,false,62,87,89,19.318181818181817,0.5298209913227578,0.12121212121212122,0.0001,0.00002972027972027972,3.677685950413223,7.31404958677686,0.00036776859504132235,-1.1588048037700238,0,0,17424,726 days 01:00:00,1000.0,376.0687710599682,-62.393122894003184,34.915698157888286,100.0,128.58759860017003,67.49850771773679,630 days 14:00:00,88,1,17.40137148293445,18.303442673059234,-7.716344835621477,5.925147899704128,-2.735314973486271,12 days 04:42:21.176470588,2 days 14:49:00.845070422,-7.2878704593518915,-0.8402240980695828,-0.5754027060267018,0.9646821161161229,-0.15581018586797268,26.842235299536373,0.9721415180589236,0.3785601265822785,-0.007441978715800833,None,None,-0.00004406610555270616,-0.26651180638276684,-0.6239312289400358,-0.2878350898562473,0.3817398350850369,-2.7869647804796105,4 days 11:13:38.181818181,false
XMR-USD,false,6,39,431,19.302325581395348,0.3889987137520346,0.5922865013774105,0.0001,0.000029695885509839,17.8099173553719,35.578512396694215,0.0017809917355371902,-3.6758380896561977,0,0,17424,726 days 01:00:00,1000.0,69.85239721376081,-93.01476027862392,34.915698157888286,100.0,316.83254709209154,93.40343517753517,722 days 11:00:00,430,1,3.232194764441971,21.418077287554794,-11.520637103641048,2.4512970354803976,-1.3285878225381769,2 days 15:55:39.759036144,0 days 12:00:31.123919308,-2.1706506919783277,-2.7025273626074533,-0.7897080419211657,0.8915168863022578,-0.4197014775282751,37.09404824234619,1.0067107526347008,0.3682764036120927,-0.007678807590829297,None,None,-0.0001408080801148224,-0.8516072685344459,-0.9301476027862392,-0.6029641146629259,0.3792411209271669,-3.663981108383184,0 days 22:01:48.837209301,false
XMR-USD,false,9,55,286,19.298245614035086,0.4067206097010085,0.3925619834710744,0.0001,0.000029689608636977057,11.818181818181818,23.59504132231405,0.0011818181818181819,-2.598919119935962,0,0,17424,726 days 01:00:00,1000.0,153.38337038485986,-84.66166296151401,34.915698157888286,100.0,236.44488708737848,85.49548239660439,722 days 11:00:00,285,1,7.097321587880174,24.87919777977619,-6.189806240949997,3.2536052536270716,-1.5605254998890652,4 days 01:08:43.636363636,0 days 18:38:05.217391304,-2.9954875480807805,-1.867088818360172,-0.7139027059127984,0.9249704242927096,0.3537672152633427,22.358383973343766,0.9994685625239828,0.3807448494453249,-0.007615090235589329,None,None,-0.00009601420169189018,-0.5806938918325518,-0.846616629615139,-0.47833247352950126,0.3743074245470466,-3.4247449550822435,1 days 09:47:09.473684209,false
XMR-USD,false,9,57,286,19.298245614035086,0.4125779138919115,0.3925619834710744,0.0001,0.000029689608636977057,11.818181818181818,23.59504132231405,0.0011818181818181819,-2.5077159189900327,0,0,17424,726 days 01:00:00,1000.0,161.10655295371316,-83.88934470462868,34.915698157888286,100.0,236.98696377061037,84.76514874150804,722 days 11:00:00,285,1,7.454686993500928,25.045904641605777,-5.914882632735086,3.3401459162132072,-1.558580582051108,4 days 03:27:16.363636363,0 days 18:02:36.521739130,-2.9696425755782054,-1.8036882843703517,-0.7085598492308864,0.9272891803318197,0.3001768674930505,22.6026676185101,0.999836149080205,0.38085426737459394,-0.0076141065710596855,None,None,-0.00009310536873902914,-0.5631012701336482,-0.8388934470462863,-0.46936133642175726,0.3757259441009903,-3.402625441578807,1 days 09:45:15.789473683,false
XMR-USD,false,9,82,229,19.298245614035086,0.44411297284201645,0.3140495867768595,0.0001,0.000029689608636977057,9.462809917355372,18.884297520661157,0.0009462809917355373,-1.9010865643915518,0,0,17424,726 days 01:00:00,1000.0,234.17394608730785,-76.58260539126921,34.915698157888286,100.0,227.06474431312196,78.23463109274759,722 days 11:00:00,228,1,10.835645342218868,20.60557174525708,-6.070947836557035,3.378736049220108,-1.5702036598757474,5 days 03:12:16.363636363,0 days 22:57:03.913043478,-3.4064109616443465,-1.3690357268075934,-0.6621057234041211,0.944199717124191,0.12474149380375316,23.281930847824533,0.9934436933007339,0.3857960871639891,-0.0075872153471233375,None,None,-0.00007139615808019312,-0.431803964069008,-0.7658260539126909,-0.39580836441705347,0.3795928338641023,-3.193357413188869,1 days 18:17:53.684210525,false
XMR-USD,false,14,54,229,19.298245614035086,0.48259656228993697,0.3140495867768595,0.0001,0.000029689608636977057,9.462809917355372,18.884297520661157,0.0009462809917355373,-1.8925860652243574,0,0,17424,726 days 01:00:00,1000.0,236.33012218000727,-76.36698778199927,34.915698157888286,100.0,224.14990628033564,78.0415682286038,722 days 11:00:00,228,1,11.222629504708294,20.680218971042233,-6.168481229071111,3.9934929030409507,-1.7008677278537079,4 days 21:57:16.363636363,1 days 00:14:40.434782608,-3.3986513479153535,-1.3601105183168116,-0.6608912688130429,0.9445021082404372,0.2008486222811097,22.897747389475942,0.9957194390584229,0.3856858846918489,-0.007614106571059783,None,None,-0.00007088766938709821,-0.42872862445317,-0.7636698778199941,-0.39388324108054573,0.3793625388898925,-3.187182035904562,1 days 18:19:44.210526314,false
XMR-USD,false,10,41,312,19.292604501607716,0.4318244507422299,0.4283746556473829,0.0001,0.000029680930002473412,12.892561983471074,25.743801652892564,0.0012892561983471075,-2.6156193306937543,0,0,17424,726 days 01:00:00,1000.0,151.31437545016024,-84.86856245498397,34.915698157888286,100.0,265.022555978263,85.72479085462741,722 days 11:00:00,311,1,7.001585509200908,23.465520524001366,-6.189806240950012,3.0904910074824365,-1.4612408258838911,3 days 12:10:00,0 days 18:02:37.768924302,-2.751405820125533,-1.8772467161941833,-0.7150857737941025,0.9244497457412567,0.3563412083533813,22.207934081523266,1.011207889001036,0.376164902858948,-0.007662399020550723,None,None,-0.00009674386920658397,-0.5851069209614198,-0.8486856245498385,-0.48078569344332034,0.37511121063902425,-3.430670641933309,1 days 06:48:02.315112539,false
XMR-USD,false,6,41,421,19.28571428571429,0.39022857463752925,0.5785123966942148,0.0001,0.000029670329670329676,17.396694214876035,34.75206611570248,0.0017396694214876036,-3.667818458349911,0,0,17424,726 days 01:00:00,1000.0,69.99439879471834,-93.00056012052816,34.915698157888286,100.0,305.5791920253259,93.390181072525,722 days 11:00:00,420,1,3.238765430372112,21.41807728755482,-11.595387641454284,2.5573347987498956,-1.369576983588297,2 days 17:27:24.444444444,0 days 12:22:18.053097345,-2.22201039675155,-2.6968882339632096,-0.7895331315118678,0.8917880426714316,-0.41970647978384945,36.968509034043926,1.006251258876383,0.369136481496032,-0.007687330976663975,None,None,-0.00014066582854392132,-0.8507469310336362,-0.930005601205283,-0.6026841568251295,0.3796501750035251,-3.6635744099969294,0 days 22:36:34.285714285,false
XMR-USD,false,12,66,224,19.282511210762333,0.45283269306622104,0.3071625344352617,0.0001,0.000029665401862711285,9.25619834710744,18.47107438016529,0.0009256198347107439,-2.077840928456804,0,0,17424,726 days 01:00:00,1000.0,209.34977093562736,-79.06502290643726,34.915698157888286,100.0,215.88514017980566,80.73325232946445,722 days 11:00:00,223,1,9.6869865680423,20.60557174525706,-6.168481229071129,3.81604085575414,-1.7433692763859008,5 days 01:27:54.418604651,1 days 00:28:20,-3.58895612391218,-1.4961949954800164,-0.6743177978595135,0.9390816358272029,0.19223821853374717,22.956286322142596,0.991954789407206,0.3835953628712085,-0.007608808267455874,None,None,-0.0000778754537667891,-0.4709907443815405,-0.7906502290643741,-0.418856588911936,0.37885265645115374,-3.264454874965019,1 days 19:10:29.596412555,false
XMR-USD,false,10,81,219,19.26605504587156,0.42978119008021876,0.3002754820936639,0.0001,0.00002964008468595625,9.049586776859504,18.05785123966942,0.0009049586776859505,-1.994954987513454,0,0,17424,726 days 01:00:00,1000.0,218.63765997768542,-78.13623400223146,34.915698157888286,100.0,209.57549228132848,79.67865594809372,722 days 11:00:00,218,1,10.116753727537088,20.60557174525709,-6.070947836557036,3.5563907298275055,-1.6830464970537842,5 days 09:21:25.714285714,1 days 00:02:23.181818181,-3.6306380447240896,-1.4400338637189696,-0.6706272698975818,0.9413841263246733,0.09823786291399576,23.186760448638932,0.9876499717270159,0.38711988536857184,-0.007595606630086662,None,None,-0.00007527759798338452,-0.45527891260350956,-0.7813623400223146,-0.4100342783466835,0.38049678548499893,-3.237853977569073,1 days 20:19:48.990825686,false
XMR-USD,false,12,71,219,19.26605504587156,0.4476055455696084,0.3002754820936639,0.0001,0.00002964008468595625,9.049586776859504,18.05785123966942,0.0009049586776859505,-1.9108102673995393,0,0,17424,726 days 01:00:00,1000.0,232.17536456050925,-76.78246354394908,34.915698157888286,100.0,219.0026343765198,78.53201780580343,722 days 11:00:00,218,1,10.743167417267216,20.60557174525708,-5.166804431970888,3.567170888508774,-1.652148126772068,5 days 06:34:17.142857142,1 days 00:36:28.636363636,-3.571411939709896,-1.3757276806651075,-0.6622374697432855,0.9438119664612319,0.13531762611244783,23.463186551342076,0.9908761527137802,0.38601654470251356,-0.0075862270384642865,None,None,-0.00007185266138605411,-0.43456489606285525,-0.7678246354394904,-0.3976031436789784,0.380161670597588,-3.199081433134743,1 days 20:15:08.256880732,false
XMR-USD,false,4,30,598,19.262981574539364,0.3546820305790412,0.8223140495867769,0.0001,0.000029635356268522103,24.710743801652892,49.3801652892562,0.002471074380165289,-4.991735037891798,0,0,17424,726 days 01:00:00,1000.0,26.31450606495025,-97.36854939350498,34.915698157888286,100.0,359.06717240972324,97.54435503078052,722 days 11:00:00,597,1,1.2176190384952257,14.344903282656976,-11.80539683729653,1.9162424037043342,-1.199449079569277,1 days 19:57:54.782608695,0 days 09:01:07.219917012,-1.6330035393191737,-3.723345274883965,-0.8605143233675261,0.8531303911444659,-0.5347291479252763,35.97316584523503,1.011624374498204,0.3600530752419606,-0.00787920586102279,None,None,-0.0001965084033162294,-1.1884828232565554,-0.9736854939350503,-0.717076201022265,0.3841543541090359,-3.7886754248248393,0 days 15:45:01.507537687,false
XMR-USD,false,11,65,245,19.262295081967213,0.45008442859307896,0.33608815426997246,0.0001,0.00002963430012610341,10.12396694214876,20.206611570247933,0.0010123966942148762,-2.0775022206468674,0,0,17424,726 days 01:00:00,1000.0,209.12173928219795,-79.08782607178021,34.915698157888286,100.0,229.11048480090585,80.61945585493318,722 days 11:00:00,244,1,9.676435137515398,20.60557174525707,-5.914882632735078,3.6624767337449335,-1.633416162288086,4 days 19:51:03.829787234,0 days 21:13:42.335025380,-3.2809618682594954,-1.4952046518080395,-0.6755791550696089,0.9391517445598231,0.19897650892708352,22.925308816014944,0.9971192714609867,0.38326585695006754,-0.007614106571059623,None,None,-0.00007791153043227655,-0.47120893605440856,-0.7908782607178007,-0.4190763746236682,0.3792792121397618,-3.265107967028074,1 days 15:27:17.704918031,false
XMR-USD,false,4,23,703,19.230769230769234,0.3277071918367807,0.9669421487603306,0.0001,0.000029585798816568057,29.049586776859506,58.057851239669425,0.0029049586776859508,-5.985763573945947,0,0,17424,726 days 01:00:00,1000.0,13.065545391301498,-98.69344546086985,34.915698157888286,100.0,368.88329498186323,98.75018987966621,722 days 11:00:00,702,1,0.26284440967129896,16.50565333960843,-11.805396837296511,1.748056946516795,-1.16536610777319,1 days 11:36:26.666666666,0 days 08:05:23.809523809,-1.4062639587156267,-4.489637963292409,-0.8982656497701665,0.8252077290535849,-0.5184174639991279,36.299440698961114,1.014969153972514,0.35234769111369807,-0.007936388449637491,None,None,-0.0002367050632706298,-1.431592222660769,-0.986934454608698,-0.7781132419413016,0.38375510915528316,-3.826620994790925,0 days 13:22:54.358974357,false
XMR-USD,false,4,27,625,19.230769230769234,0.34715291333220016,0.859504132231405,0.0001,0.000029585798816568057,25.826446280991735,51.611570247933884,0.0025826446280991736,-5.135906732876419,0,0,17424,726 days 01:00:00,1000.0,23.926810911410143,-97.60731890885899,34.915698157888286,100.0,361.65213512236375,97.75314690252546,722 days 11:00:00,624,1,0.48134450579560095,14.344903282656968,-11.805396837296527,1.8894464726971296,-1.1736230872573046,1 days 17:23:00,0 days 08:52:51.428571428,-1.5649912397345909,-3.8334526837671676,-0.8663486201282868,0.8490516646399551,-0.5361884633993668,36.2039221409285,1.009215356798835,0.3599469289003355,-0.007866226857103926,None,None,-0.00020200411298276953,-1.2217208753197901,-0.9760731890885908,-0.7262644801481022,0.3835553539696321,-3.7955138822509036,0 days 15:07:53.076923076,false
XMR-USD,false,7,47,365,19.230769230769234,0.3785764813183775,0.5013774104683195,0.0001,0.000029585798816568057,15.082644628099175,30.123966942148762,0.0015082644628099176,-3.326165411356374,0,0,17424,726 days 01:00:00,1000.0,94.25886800869569,-90.57411319913044,34.915698157888286,100.0,267.2092551195137,91.04774085595605,722 days 11:00:00,364,1,4.3615256144696986,23.465520524001384,-6.189806240950012,2.7605038921211076,-1.4331870871620467,3 days 04:25:42.857142857,0 days 14:21:50.204081632,-2.500282026389492,-2.4034628391090735,-0.76328542240082,0.9043673166259031,0.3196427540795664,22.345318856374707,1.0086072479912689,0.3733448928121059,-0.0077104679940626294,None,None,-0.00012389558912396042,-0.7493205230217126,-0.9057411319913045,-0.5594450907579156,0.37521170470259646,-3.5940799691174896,1 days 02:17:58.021978020,false
XMR-USD,false,8,88,235,19.230769230769234,0.4301764510794232,0.32231404958677684,0.0001,0.000029585798816568057,9.710743801652892,19.380165289256198,0.0009710743801652893,-1.846066176434989,0,0,17424,726 days 01:00:00,1000.0,243.57632126049702,-75.6423678739503,34.915698157888286,100.0,227.36444415892893,77.63642832479503,722 days 11:00:00,234,1,11.270709978799687,20.605571745257066,-5.5948691496455245,3.3223488871332774,-1.5130649904037368,5 days 01:37:20,0 days 22:10:09.523809523,-3.2807452509329185,-1.3275185886950325,-0.6547981714838068,0.945950590947816,0.14154280548906698,23.262479536181715,0.9973567161043032,0.3865679955438848,-0.007586227038464285,None,None,-0.00006916169100846784,-0.4182899072192135,-0.7564236787395041,-0.3874963404713483,0.37921275494801665,-3.1664286227901446,1 days 17:17:41.538461537,false
XMR-USD,false,10,85,209,19.230769230769234,0.4400001516075127,0.2865013774104683,0.0001,0.000029585798816568057,8.636363636363637,17.231404958677686,0.0008636363636363637,-1.829720907717651,0,0,17424,726 days 01:00:00,1000.0,244.11022484296655,-75.58897751570335,34.915698157888286,100.0,208.3980053392219,77.24385973650456,722 days 11:00:00,208,1,11.295414647970745,20.60557174525708,-6.070947836557028,3.633746361810393,-1.6756604094966747,5 days 12:33:00,1 days 02:00:21.428571428,-3.6883903356009835,-1.3189484459699976,-0.657425007821673,0.9461747243783926,0.0990496754156164,23.21931892334677,0.9881147490994537,0.38822498406628425,-0.007566994865923082,None,None,-0.00006895223839352638,-0.41702313780404754,-0.7558897751570371,-0.38703068474636637,0.38052088053183625,-3.1648995009033207,1 days 22:29:42.692307691,false
XMR-USD,false,9,60,282,19.217081850533805,0.40426383171313607,0.38705234159779617,0.0001,0.00002956474130851355,11.652892561983471,23.264462809917354,0.0011652892561983472,-2.6535120285075737,0,0,17424,726 days 01:00:00,1000.0,145.555545098759,-85.4444454901241,34.915698157888286,100.0,230.93148025772533,86.51661354854039,722 days 11:00:00,281,1,6.735114177456211,24.36072994953201,-5.91488263273508,3.335570260685377,-1.6086446994800356,4 days 05:42:13.333333333,0 days 18:12:25.374449339,-3.0646959753690313,-1.913317768051217,-0.7171820401068344,0.9230365452634063,0.2787216081318614,22.542661020002512,0.9966411667158034,0.38052606559974644,-0.007614668757779278,None,None,-0.00009889778350086991,-0.5981337946132612,-0.8544444549012417,-0.48773140966602957,0.3762334439509971,-3.447164169644999,1 days 10:15:09.608540924,false
XMR-USD,false,9,63,282,19.217081850533805,0.4092365698511601,0.38705234159779617,0.0001,0.00002956474130851355,11.652892561983471,23.264462809917354,0.0011652892561983472,-2.6501326685469215,0,0,17424,726 days 01:00:00,1000.0,145.14119232670146,-85.48588076732986,34.915698157888286,100.0,232.56912976553485,86.52897234268114,722 days 11:00:00,281,1,6.715941337097178,24.360729949532,-6.07094783655705,3.3762298522379934,-1.6177436554898748,4 days 06:50:00,0 days 17:59:44.140969163,-3.0661023096455344,-1.9116420981957838,-0.7177077394327106,0.9230875388800431,0.2731757919395859,22.387536655216973,0.9955994029067754,0.3815111393007215,-0.0076154822586101695,None,None,-0.0000990132877863956,-0.5988323645321205,-0.854858807673298,-0.48823802958746054,0.3770030294657191,-3.4483508930786355,1 days 10:17:56.156583629,false
XMR-USD,false,11,59,256,19.215686274509807,0.43347627030086594,0.3512396694214876,0.0001,0.000029562594268476628,10.578512396694215,21.115702479338843,0.0010578512396694215,-2.251075769401576,0,0,17424,726 days 01:00:00,1000.0,189.1467843176464,-81.08532156823536,34.915698157888286,100.0,225.1420244853479,82.44466975921915,722 days 11:00:00,255,1,8.752158413571124,24.360729949532008,-5.914882632735079,3.6717477060702093,-1.6436249835808565,4 days 13:45:18.367346938,0 days 20:41:56.504854368,-3.2141387219448063,-1.6175879293838593,-0.6878063283118483,0.9345296860553863,0.28844998172064995,22.31477107229085,0.9988464057424453,0.3828267597809698,-0.007614668757779361,None,None,-0.00008381039117402374,-0.5068852458204955,-0.8108532156823547,-0.4389701783962743,0.37712725020618165,-3.3223170621297244,1 days 13:48:42.352941174,false
XMR-USD,false,3,23,803,19.201995012468828,0.3146601034339099,1.1046831955922864,0.0001,0.000029541530788413585,33.18181818181818,66.32231404958678,0.003318181818181818,-6.424339004400504,0,0,17424,726 days 01:00:00,1000.0,9.411926212864728,-99.05880737871354,34.915698157888286,100.0,395.78131092081816,99.100426206529,722 days 11:00:00,802,1,0.02959755325316138,16.682556582211642,-11.805396837296508,1.590338465188976,-1.081277606304853,1 days 07:38:34.285714285,0 days 06:58:03.333333333,-1.23518412885335,-4.829587488068286,-0.9124188969325964,0.8133714070493078,-0.5198180660338927,35.914564617974165,1.0228843519880313,0.3497288923315259,-0.007982849436624338,None,None,-0.00025544501961423236,-1.5449314786268773,-0.990588073787136,-0.8019890967766223,0.38498636310748213,-3.837085110851029,0 days 11:42:20.648379051,false
XMR-USD,false,11,63,251,19.2,0.4526783261886689,0.3443526170798898,0.0001,0.000029538461538461537,10.37190082644628,20.702479338842977,0.001037190082644628,-2.1254040660315994,0,0,17424,726 days 01:00:00,1000.0,202.68815674799123,-79.73118432520087,34.915698157888286,100.0,232.53851101427645,81.21569386798303,722 days 11:00:00,250,1,9.37874182113515,25.899293245929744,-5.957955217046664,3.707132022621267,-1.6317373730723406,4 days 18:43:45,0 days 20:27:55.247524752,-3.226762340292572,-1.5300295919048297,-0.6793582746670727,0.93778689300526,0.19889676885268,22.954478738570433,0.99915377190144,0.38337567481740237,-0.007608808267455844,None,None,-0.00007970957229244379,-0.4820834932247,-0.7973118432520103,-0.4253428951139304,0.3792002304893272,-3.283534012828774,1 days 14:33:50.399999999,false
XMR-USD,false,12,67,225,19.196428571428573,0.44600925286722276,0.3085399449035813,0.0001,0.000029532967032967034,9.297520661157025,18.553719008264462,0.0009297520661157025,-2.0599103829972876,0,0,17424,726 days 01:00:00,1000.0,209.98580304689483,-79.00141969531052,34.915698157888286,100.0,217.27057055637505,80.58218835787085,722 days 11:00:00,224,1,9.71641690604153,20.605571745257066,-6.168481229071094,3.6696581579661567,-1.7021203054065366,5 days 01:33:29.302325581,1 days 00:18:33.812154696,-3.5702259547283326,-1.4865929129194015,-0.6747190212086045,0.9393261248405926,0.1167221329513512,23.55301143012702,0.9910143228562295,0.38392502581208793,-0.007608808267455914,None,None,-0.000077622540039215,-0.46946112215717234,-0.7900141969531058,-0.4182443814310407,0.3800613759586629,-3.262633252758322,1 days 18:58:39.642857142,false
XMR-USD,false,4,26,647,19.195046439628484,0.33581301294739085,0.8898071625344353,0.0001,0.000029530840676351517,26.735537190082646,53.429752066115704,0.0026735537190082648,-5.396317169968817,0,0,17424,726 days 01:00:00,1000.0,19.705618289615927,-98.02943817103841,34.915698157888286,100.0,359.7285593150121,98.14037800331829,722 days 11:00:00,646,1,0.3964252123750107,14.344903282656981,-11.805396837296522,1.8545401129209615,-1.1762125209213354,1 days 15:34:21.290322580,0 days 08:39:39.310344827,-1.5180972243386393,-4.037492653214354,-0.8774349160036204,0.8415117342784976,-0.5496214521834528,36.07485877236312,1.009337719168351,0.35793329177057365,-0.00789001393284992,None,None,-0.00021310038607565555,-1.2888311349855648,-0.9802943817103839,-0.7440981067615557,0.38417618167636103,-3.807603552068491,0 days 14:35:39.938080494,false
XMR-USD,false,10,80,220,19.17808219178082,0.4302730075207083,0.30165289256198347,0.0001,0.000029504741833508953,9.090909090909092,18.140495867768596,0.0009090909090909092,-2.042315870297543,0,0,17424,726 days 01:00:00,1000.0,212.00428407429501,-78.79957159257049,34.915698157888286,100.0,211.01153796469586,80.29519709645847,722 days 11:00:00,219,1,9.809815616309464,20.605571745257066,-6.070947836557043,3.593281371481153,-1.6993306671743873,5 days 08:38:34.285714285,1 days 00:01:41.694915254,-3.642947632611935,-1.4746330079828065,-0.6743909884657244,0.939982849424081,0.09823475631777752,23.226337445673526,0.9876014204616262,0.38634736255867613,-0.007595606630086862,None,None,-0.00007705517977135392,-0.4660297272571485,-0.7879957159257026,-0.416309490296248,0.38034335359163035,-3.2568522398217543,1 days 20:05:28.767123287,false
XMR-USD,false,12,68,220,19.17808219178082,0.449210570070942,0.30165289256198347,0.0001,0.000029504741833508953,9.090909090909092,18.140495867768596,0.0009090909090909092,-1.9959156967063605,0,0,17424,726 days 01:00:00,1000.0,219.87377763186032,-78.01262223681397,34.915698157888286,100.0,214.45788485132942,79.66782736190316,722 days 11:00:00,219,1,10.173951091828428,20.6055717452571,-6.168481229071112,3.735716366553902,-1.7104023706113434,5 days 03:15:42.857142857,1 days 01:11:51.864406779,-3.6086765911414105,-1.4387069156476109,-0.669059460185305,0.9412851352962802,0.13083696360869976,23.594202910319673,0.990458197288838,0.3849149578763313,-0.007608808267455904,None,None,-0.00007501630786057663,-0.4536986299407675,-0.7801262223681408,-0.40887869628999696,0.3795257948070736,-3.234313685610467,1 days 20:00:16.438356163,false
XMR-USD,false,5,35,481,19.166666666666668,0.37054393345366105,0.6611570247933884,0.0001,0.00002948717948717949,19.87603305785124,39.710743801652896,0.0019876033057851243,-3.9903840646356254,0,0,17424,726 days 01:00:00,1000.0,55.068103089894066,-94.4931896910106,34.915698157888286,100.0,321.20893645265596,94.85289475973067,722 days 11:00:00,480,1,2.548099157574029,21.47423097604871,-11.465212964445211,2.3734663494497483,-1.2885397694617389,2 days 09:13:02.608695652,0 days 10:45:37.113402061,-1.9739166584743313,-2.9440672849898113,-0.808811727293059,0.8824084987297113,-0.44228287224770413,36.36697437962788,1.006686065545664,0.3663451736846232,-0.007767265497249446,None,None,-0.00015430979117674127,-0.9332656170369312,-0.9449318969101053,-0.6344202372237251,0.3815080415089098,-3.706323936692136,0 days 19:39:52.499999998,false
XMR-USD,false,10,72,241,19.166666666666668,0.45316683716258455,0.3305785123966942,0.0001,0.00002948717948717949,9.958677685950413,19.87603305785124,0.0009958677685950412,-2.092855609824223,0,0,17424,726 days 01:00:00,1000.0,207.88441881341282,-79.21155811865871,34.915698157888286,100.0,230.76973389353589,80.77650760536955,722 days 11:00:00,240,1,9.619182116850908,20.60557174525708,-6.070947836557035,3.5998433060399577,-1.6304561494047491,4 days 22:27:23.478260869,0 days 21:30:37.113402061,-3.3405615137643228,-1.5058849636709852,-0.6759448981810053,0.9387615871184832,0.20261488658343124,23.00362677458997,0.9965584758776425,0.3828267597809698,-0.007592921762431043,None,None,-0.00007830234674510295,-0.47357259311438266,-0.7921155811865856,-0.4202716881837243,0.3784782488617878,-3.268651703897347,1 days 16:05:29.999999998,false
XMR-USD,false,12,87,189,19.148936170212767,0.4781004599373723,0.25895316804407714,0.0001,0.00002945990180032734,7.809917355371901,15.578512396694215,0.0007809917355371902,-1.627605829940141,0,0,17424,726 days 01:00:00,1000.0,278.9817491827206,-72.10182508172794,34.915698157888286,100.0,204.72379496371704,74.10469160754396,722 days 11:00:00,188,1,12.90898215452529,21.246964398202287,-6.070947836557031,3.979224494666515,-1.7511323732977029,6 days 03:18:19.999999999,1 days 04:51:18.947368421,-3.903868260488321,-1.1723276306719945,-0.6391601599170385,0.9520440716828554,0.09601790314359811,23.15174146354138,0.9866921691597609,0.3902186053933302,-0.007564556714894968,None,None,-0.00006128912208934345,-0.3706766103963492,-0.7210182508172804,-0.3579538027046707,0.3805330165353019,-3.0650260165408842,2 days 03:32:14.042553191,false
XMR-USD,false,9,51,304,19.141914191419144,0.42930719744124346,0.41735537190082644,0.0001,0.000029449098756029452,12.561983471074381,25.082644628099175,0.001256198347107438,-2.531826361384322,0,0,17424,726 days 01:00:00,1000.0,160.66632253805665,-83.93336774619434,34.915698157888286,100.0,258.3547731907099,84.85870432131993,722 days 11:00:00,303,1,7.434316748507371,23.465520524001388,-6.18980624095001,3.1321461565219653,-1.457941943761475,3 days 17:05:10.344827586,0 days 18:10:31.836734693,-2.794613842278713,-1.8175837381383684,-0.7084256537531157,0.9267846679439291,0.35729668531547887,22.464197268517708,1.0084005130758817,0.37932399271748596,-0.007615090235589314,None,None,-0.00009337542373324145,-0.5647345627386443,-0.8393336774619428,-0.4698650603149871,0.373934986984107,-3.4038862796513145,1 days 07:44:57.029702968,false
XMR-USD,false,10,66,257,19.140625,0.4298865686361899,0.3526170798898072,0.0001,0.000029447115384615387,10.619834710743802,21.198347107438018,0.0010619834710743803,-2.387834547200785,0,0,17424,726 days 01:00:00,1000.0,169.86791558718596,-83.0132084412814,34.915698157888286,100.0,228.88209908189708,84.25733905920991,722 days 11:00:00,256,1,7.860090838792445,25.899293245929726,-5.957955217046685,3.6445860360449513,-1.6793945093072435,4 days 17:20:48.979591836,0 days 19:44:55.652173913,-3.273406934576586,-1.723297731445857,-0.700041716163534,0.9302671811335993,0.19008259086897183,22.90345030604935,0.9948824632567063,0.3827170290430091,-0.00763882611896212,None,None,-0.00008983159066375128,-0.5433014603343678,-0.8301320844128142,-0.4595179662794173,0.37942567717437947,-3.377532537539329,1 days 13:39:50.624999998,false
XMR-USD,false,6,48,393,19.132653061224488,0.40575401913692266,0.5399449035812672,0.0001,0.00002943485086342229,16.239669421487605,32.43801652892562,0.0016239669421487606,-3.200789792820089,0,0,17424,726 days 01:00:00,1000.0,103.63540463517324,-89.63645953648268,34.915698157888286,100.0,302.3091782746268,90.15720198648746,722 days 11:00:00,392,1,4.795394655498555,24.42726507275432,-6.189806240949994,2.6724989067092886,-1.3222203522589733,2 days 23:50:24,0 days 13:05:29.337539432,-2.2988775255620606,-2.307132664788825,-0.754303183617176,0.907981717348209,0.3461103094208572,22.530611065320553,1.0141368737316212,0.37258763292634894,-0.007700477108840398,None,None,-0.00011853249464654433,-0.7168845276223001,-0.8963645953648274,-0.544702603979946,0.37395797637175343,-3.567225181382537,1 days 00:19:53.877551020,false
XMR-USD,false,24,89,137,19.11764705882353,0.6162091047429553,0.18732782369146006,0.0001,0.00002941176470588235,5.661157024793389,11.28099173553719,0.0005661157024793389,-0.7181367055701835,0,0,17424,726 days 01:00:00,1000.0,503.3901542137576,-49.66098457862424,34.915698157888286,100.0,186.50348181102018,53.26296925602122,635 days 19:00:00,136,1,25.71757518526522,20.39867062582279,-7.43059977012294,5.304698654697793,-1.8378115049649135,8 days 01:34:36.923076923,1 days 17:37:38.181818181,-3.8406428012610787,-0.5157029247431157,-0.5478972713448984,0.9783761150320541,-0.070532430548263,26.55954218738464,0.9867519399059517,0.39188433580956944,-0.007446826610916593,None,None,-0.00002719943186759018,-0.1645021639351854,-0.496609845786243,-0.21198434014901046,0.38390006230928225,-2.4223110863789112,2 days 22:40:35.294117646,false
XMR-USD,false,14,55,226,19.11111111111111,0.4832840557932546,0.30991735537190085,0.0001,0.000029401709401709405,9.338842975206612,18.636363636363637,0.0009338842975206613,-1.8938533190712286,0,0,17424,726 days 01:00:00,1000.0,236.69865609406952,-76.33013439059305,34.915698157888286,100.0,223.2529600442608,78.18772806919512,722 days 11:00:00,225,1,11.24013010742155,20.68021897104222,-6.168481229071109,4.018582144741088,-1.7032204204071981,4 days 23:26:30.697674418,1 days 00:46:09.230769230,-3.442406551170446,-1.361060114085159,-0.6591705078539477,0.9444308206732741,0.20192820254692748,23.01949428803657,0.9940967021481524,0.38557569974554706,-0.007592921762431037,None,None,-0.00007083313604560408,-0.4283988068038135,-0.7633013439059297,-0.3935553476523149,0.37880622498706035,-3.1861265395705183,1 days 18:51:43.999999998,false
XMR-USD,false,12,59,242,19.08713692946058,0.45810572832917673,0.3319559228650138,0.0001,0.00002936482604532397,10.0,19.958677685950413,0.001,-2.1131731100236175,0,0,17424,726 days 01:00:00,1000.0,204.702342797563,-79.52976572024369,34.915698157888286,100.0,224.83484834475198,80.95597179300557,722 days 11:00:00,241,1,9.471941795133517,25.977214236284237,-6.399618215274436,3.894149913128368,-1.6899647755066898,4 days 19:05:13.043478260,0 days 22:18:46.153846153,-3.339292941898629,-1.5204174937513557,-0.6787784193497242,0.9381605448572002,0.20354638660464008,23.009859020103466,0.9973780461364706,0.383705233065989,-0.00759292176243088,None,None,-0.00007915766581031079,-0.47874556282075964,-0.7952976572024382,-0.4233672202073899,0.37895537009458513,-3.2777653008859002,1 days 16:01:14.688796679,false
XMR-USD,false,6,43,415,19.082125603864732,0.37931216213925284,0.5702479338842975,0.0001,0.00002935711631363805,17.14876033057851,34.256198347107436,0.0017148760330578513,-3.6673716963634835,0,0,17424,726 days 01:00:00,1000.0,69.99062911343492,-93.00093708865651,34.915698157888286,100.0,300.4208876794255,93.39053705687702,722 days 11:00:00,414,1,3.2385910005086487,21.41807728755481,-11.595387641454275,2.536159371838724,-1.3665850943312083,2 days 18:59:14.430379746,0 days 12:37:15.223880597,-2.2542221301620176,-2.6960664675077353,-0.7895377367913546,0.8919351889481721,-0.41747267250991127,36.92291009601126,1.008216828851452,0.36956692603945607,-0.007705955313607373,None,None,-0.00014066232119666082,-0.8507257185974046,-0.9300093708865662,-0.6026915840036098,0.37975642409314875,-3.6635852065196466,0 days 22:59:42.608695651,false
XMR-USD,false,9,64,284,19.081272084805654,0.4078445247321084,0.38980716253443526,0.0001,0.000029355803207393316,11.735537190082646,23.429752066115704,0.0011735537190082645,-2.679420920855265,0,0,17424,726 days 01:00:00,1000.0,142.3865594677942,-85.76134405322058,34.915698157888286,100.0,233.99947342246367,86.63407311559497,722 days 11:00:00,283,1,6.588479571149861,24.360729949531997,-6.070947836557033,3.3671711380210487,-1.6098446400333044,4 days 06:55:33.333333333,0 days 17:47:09.694323144,-3.0537170321673353,-1.9337237390991115,-0.7210306773086462,0.9222073942661987,0.27085018460866794,22.4180295015663,0.9944885143573292,0.38129211256440754,-0.007618027989106744,None,None,-0.000100121121784399,-0.6055325445520452,-0.8576134405322053,-0.491630303144327,0.3768679648705809,-3.4562402752311874,1 days 10:01:54.487632508,false
XMR-USD,false,3,25,777,19.072164948453608,0.32029608531483955,1.0688705234159779,0.0001,0.000029341792228390165,32.107438016528924,64.17355371900827,0.0032107438016528928,-6.102134259200801,0,0,17424,726 days 01:00:00,1000.0,11.786775094336463,-98.82132249056636,34.915698157888286,100.0,392.9548767605953,98.86895865324618,722 days 11:00:00,776,1,0.03706570744900439,16.682556582211618,-11.805396837296525,1.6694314291310428,-1.0832773170965586,1 days 09:30:00,0 days 07:03:49.299363057,-1.2735184157385486,-4.578344143211325,-0.9029521722890202,0.8220256030299575,-0.5211679311183997,35.87493372946428,1.021145315996656,0.35203289882060834,-0.007966921345063233,None,None,-0.00024250096112386784,-1.4666458128771527,-0.9882132249056649,-0.7859056154741567,0.38553425732402496,-3.8302834456781514,0 days 12:06:20.412371133,false
XMR-USD,false,11,87,195,19.072164948453608,0.4802410415170783,0.26721763085399447,0.0001,0.000029341792228390165,8.057851239669422,16.074380165289256,0.0008057851239669422,-1.5733470827126275,0,0,17424,726 days 01:00:00,1000.0,289.58385016205943,-71.04161498379405,34.915698157888286,100.0,207.52684662175628,73.00477390256785,722 days 11:00:00,194,1,13.399560239807556,21.246964398202266,-6.0709478365570435,3.9534272375250907,-1.6906240533592571,6 days 00:53:30.810810810,1 days 03:34:23.694267515,-3.731008814833745,-1.1323678787438622,-0.6351433296373089,0.9536478864426339,0.1004261740040159,23.206833675620675,0.9901166297483136,0.39010769844435583,-0.007534468867054725,None,None,-0.00005916365692428393,-0.3578217970780692,-0.7104161498379387,-0.3495879317759434,0.3802992009290057,-3.034661161937673,2 days 01:56:54.432989688,false
XMR-USD,false,9,86,216,19.069767441860467,0.45157949147632104,0.29614325068870523,0.0001,0.000029338103756708414,8.925619834710744,17.8099173553719,0.0008925619834710745,-1.7416969374180074,0,0,17424,726 days 01:00:00,1000.0,260.0408759816431,-73.99591240183568,34.915698157888286,100.0,218.10675879846806,76.10402581176659,722 days 11:00:00,215,1,12.032554234562355,20.60557174525708,-6.070947836557043,3.654621600959306,-1.6066656883439407,5 days 09:14:38.048780487,1 days 01:09:39.310344827,-3.4976357128042794,-1.2533379237809148,-0.6463874404008259,0.9488640985301116,0.12287565927339465,23.247361442766863,0.990668561887483,0.38899960143483453,-0.007569827638455745,None,None,-0.00006537805889727636,-0.39540650021072743,-0.739959124018355,-0.37343194657384027,0.37968355352274186,-3.1192734588100524,1 days 21:00:33.488372091,false
XMR-USD,false,13,64,216,19.069767441860467,0.44216814507024266,0.29614325068870523,0.0001,0.000029338103756708414,8.925619834710744,17.8099173553719,0.0008925619834710745,-2.035998426385846,0,0,17424,726 days 01:00:00,1000.0,212.79832204569664,-78.72016779543034,34.915698157888286,100.0,204.20176488189503,80.34718401733994,722 days 11:00:00,215,1,10.10517282144616,20.60557174525709,-6.168481229071107,3.8588513465197183,-1.7653745474943145,5 days 05:39:30.731707317,1 days 01:45:51.724137931,-3.708403957096501,-1.470294497277123,-0.6728811695615017,0.9399690641766997,0.10536760167322129,23.514802173469057,0.9885011306872672,0.3848048954939204,-0.007614106571059651,None,None,-0.00007683794792820769,-0.4647159090698001,-0.7872016779543014,-0.41555163198536205,0.38039024438684915,-3.254578082312972,1 days 20:48:50.232558138,false
XMR-USD,false,9,62,279,19.06474820143885,0.4088676704199885,0.38292011019283745,0.0001,0.000029330381848367462,11.52892561983471,23.016528925619834,0.001152892561983471,-2.6520196925401622,0,0,17424,726 days 01:00:00,1000.0,145.28843782990543,-85.47115621700947,34.915698157888286,100.0,231.04277209995382,86.51530600706502,722 days 11:00:00,278,1,6.72275464864444,24.360729949532,-5.914882632735075,3.4030358772001263,-1.6233799480755584,4 days 07:28:18.113207547,0 days 18:27:28,-3.0986845928731634,-1.9121074853907802,-0.7175977592782857,0.9230822237393723,0.27883194466453187,22.431301333741498,0.9968212655358996,0.38096370264701224,-0.007615090235589387,None,None,-0.00009897104021292946,-0.5985768512077974,-0.8547115621700945,-0.48805788775238723,0.37675044810223035,-3.4479291758827255,1 days 10:39:55.683453236,false
XMR-USD,false,3,20,851,19.058823529411764,0.32167542378199315,1.1707988980716253,0.0001,0.00002932126696832579,35.16528925619835,70.2892561983471,0.0035165289256198352,-6.676773319470115,0,0,17424,726 days 01:00:00,1000.0,7.993126473142638,-99.20068735268573,34.915698157888286,100.0,408.2687337669684,99.22480935009943,725 days 02:00:00,850,1,0.025135873475585768,15.368985863521791,-11.805396837296515,1.6129107452753892,-1.0656447831314502,1 days 05:19:37.777777777,0 days 06:40:43.604651162,-1.1670964816474487,-5.013274544088785,-0.9188880685167812,0.8066958359222123,-0.4527785491111009,36.1306941161878,1.0232620890267745,0.34774537860623406,-0.008008591456761362,None,None,-0.00026485081860546137,-1.6018177509258305,-0.9920068735268573,-0.8129063103634352,0.3845366825009363,-3.841148611839341,0 days 10:59:43.058823528,false
XMR-USD,false,9,81,232,19.047619047619047,0.435674480220207,0.3181818181818182,0.0001,0.000029304029304029302,9.586776859504132,19.132231404958677,0.0009586776859504132,-1.976658798394831,0,0,17424,726 days 01:00:00,1000.0,222.9701559777211,-77.7029844022279,34.915698157888286,100.0,225.89722736100856,79.27597078475445,722 days 11:00:00,231,1,10.317226029803635,20.605571745257077,-6.070947836557043,3.416411926065262,-1.5796145299526294,5 days 02:06:49.090909090,0 days 22:51:58.716577540,-3.4084288746843434,-1.4240654690779477,-0.6682108161384962,0.9420222557005397,0.12543091854747657,23.334275009779727,0.9935041896581879,0.38557569974554706,-0.007587215347123404,None,None,-0.00007422319244736861,-0.44890186792168535,-0.7770298440222811,-0.40600255371020044,0.3793740480357448,-3.22544553028429,1 days 17:46:14.025974024,false
XMR-USD,false,2,15,1183,19.035532994923855,0.3099420225052518,1.628099173553719,0.0001,0.000029285435376805935,48.88429752066116,97.72727272727273,0.004888429752066116,-8.005943293512747,0,0,17424,726 days 01:00:00,1000.0,2.9120748789420077,-99.7087925121058,34.915698157888286,100.0,478.9611249694664,99.71637333367231,725 days 02:00:00,1182,1,0.009157561306507134,11.654185052420718,-11.805396837296522,1.3922881952882489,-0.9261483491219153,0 days 20:53:52,0 days 04:47:57.742946708,-0.8435677518463321,-6.070739332864343,-0.9495817428304963,0.7711202606006679,-0.4698808945891226,36.32120434895648,1.0355733077192557,0.34535206917850525,-0.008120232359832762,None,None,-0.00032263115462018887,-1.9512732231429022,-0.99708792512106,-0.8682179215505571,0.3868322388432123,-3.8557009532280886,0 days 07:51:49.644670050,false
XMR-USD,false,2,19,1057,19.03409090909091,0.3340768482783114,1.4545454545454546,0.0001,0.00002928321678321679,43.67768595041323,87.31404958677686,0.004367768595041323,-7.1955421886648825,0,0,17424,726 days 01:00:00,1000.0,5.337505948603962,-99.4662494051396,34.915698157888286,100.0,477.9042777943595,99.48544707532024,725 days 02:00:00,1056,1,0.016784780604945482,15.064284734460061,-11.80539683729652,1.4558649698617476,-0.9417207468780658,1 days 00:22:41.194029850,0 days 05:10:31.578947368,-0.9419311352575761,-5.408243471907522,-0.9327761668548121,0.7934309324986772,-0.40536652082737096,36.034659545875115,1.0374550237382716,0.3481624758220503,-0.008112757044950073,None,None,-0.00028783797258952144,-1.7408440582214257,-0.994662494051397,-0.8373749225315379,0.38739124066126557,-3.848754418581426,0 days 08:49:49.772727271,false
XMR-USD,false,10,63,269,19.029850746268657,0.43216813187992564,0.3691460055096419,0.0001,0.000029276693455797937,11.115702479338843,22.1900826446281,0.0011115702479338845,-2.3845941260235013,0,0,17424,726 days 01:00:00,1000.0,173.31585199627818,-82.66841480037218,34.915698157888286,100.0,235.65860496370945,83.73071858503214,722 days 11:00:00,268,1,8.019632994167438,24.360729949532,-5.914882632735088,3.550240537706372,-1.605826903070497,4 days 13:08:14.117647058,0 days 18:48:06.635944700,-3.1145663470070573,-1.7152084591163408,-0.6994709362514804,0.9307964893343945,0.2917567547583752,22.286878887950998,0.998536395566275,0.3827170290430091,-0.007617955658401953,None,None,-0.00008883499723705327,-0.5372740632896982,-0.8266841480037215,-0.4557351716771254,0.37698591784807384,-3.36765750541624,1 days 11:59:33.134328357,false
XMR-USD,false,11,74,227,19.02654867256637,0.4422285534535906,0.31129476584022037,0.0001,0.000029271613342409804,9.3801652892562,18.71900826446281,0.00093801652892562,-2.036970796150099,0,0,17424,726 days 01:00:00,1000.0,213.52170779926644,-78.64782922007335,34.915698157888286,100.0,220.28831094279295,80.25681910832343,722 days 11:00:00,226,1,9.880029513253902,20.605571745257084,-5.1668044319708955,3.5425599159030243,-1.647843110571452,5 days 02:53:01.395348837,0 days 23:50:29.508196721,-3.5237093881149897,-1.4683376274356386,-0.6726614781918818,0.9401368187776642,0.13192384598063978,23.49728856554085,0.988567522403135,0.38601654470251356,-0.007592921762430846,None,None,-0.00007666597340597784,-0.46367580715935397,-0.7864782922007343,-0.4148628122647182,0.38004469126862217,-3.252506275670874,1 days 18:41:09.026548671,false
XMR-USD,false,12,65,227,19.02654867256637,0.450271375334825,0.31129476584022037,0.0001,0.000029271613342409804,9.3801652892562,18.71900826446281,0.00093801652892562,-2.101209716627702,0,0,17424,726 days 01:00:00,1000.0,205.98767522755486,-79.4012324772445,34.915698157888286,100.0,215.64154771313437,80.90990804308434,722 days 11:00:00,226,1,9.531416414709838,20.60557174525708,-6.168481229071115,3.837671152000144,-1.7292074124357821,5 days 01:04:11.162790697,1 days 00:12:27.540983606,-3.5555032795891783,-1.5134552701210395,-0.6774100553961255,0.93842584718194,0.19084441647983671,22.927953197006747,0.9921999389629509,0.38392502581208793,-0.007615090235589507,None,None,-0.00007879735315853055,-0.47656639190279276,-0.7940123247724451,-0.4221130892011362,0.37896576975891,-3.2740840557789586,1 days 18:38:13.805309733,false
XMR-USD,false,6,49,390,19.02313624678663,0.4025650681242663,0.5358126721763086,0.0001,0.000029266363456594818,16.115702479338843,32.1900826446281,0.0016115702479338845,-3.1743832211865803,0,0,17424,726 days 01:00:00,1000.0,105.19210979644788,-89.48078902035522,34.915698157888286,100.0,298.844850224129,90.00935353138698,722 days 11:00:00,389,1,4.867426174426328,23.465520524001395,-4.883466848536493,2.6589918247927247,-1.3154165078125957,3 days 01:04:51.891891891,0 days 13:10:40,-2.3127900163958337,-2.2867234523356763,-0.7528679608171827,0.9088760227734548,0.35016028609192845,22.43110499979768,1.0149339338504113,0.37356140627463347,-0.007705955313607491,None,None,-0.00011764538944860935,-0.7115193153851893,-0.8948078902035508,-0.5423404128622071,0.3744718792926515,-3.5627667135774965,1 days 00:34:23.753213367,false
XMR-USD,false,12,70,222,19.004524886877828,0.4453104933896157,0.3044077134986226,0.0001,0.000029237730595196654,9.173553719008265,18.305785123966942,0.0009173553719008264,-1.9705370817520298,0,0,17424,726 days 01:00:00,1000.0,223.4256809915289,-77.6574319008471,34.915698157888286,100.0,218.05068036691395,79.34105304267821,722 days 11:00:00,221,1,10.338303983079896,20.60557174525708,-5.166804431970897,3.6640176719583675,-1.6676659142459902,5 days 05:35:42.857142857,1 days 00:26:08.715083798,-3.560690601771725,-1.419005078052593,-0.6670542426572128,0.9421075466638164,0.1381107816261016,23.50134507311155,0.9912525382732899,0.3856858846918489,-0.007592921762430949,None,None,-0.0000740707176336731,-0.4479797002484549,-0.7765743190084734,-0.40558163363022637,0.3799448367340554,-3.2241408878516853,1 days 19:39:38.280542984,false
XMR-USD,false,9,61,280,18.996415770609318,0.40814166923668427,0.384297520661157,0.0001,0.000029225255031706645,11.570247933884298,23.09917355371901,0.0011570247933884298,-2.60942947988338,0,0,17424,726 days 01:00:00,1000.0,149.7047946175935,-85.02952053824065,34.915698157888286,100.0,231.2620388676749,86.1054095229736,722 days 11:00:00,279,1,6.927107338837658,24.36072994953199,-5.914882632735092,3.4155713153854843,-1.6059356199311374,4 days 06:39:37.358490566,0 days 18:33:11.150442477,-3.0724814076030276,-1.8802553911042283,-0.7143346792332403,0.924329091475075,0.28333224083490083,22.466662074759693,0.9977831611533495,0.38096370264701224,-0.007615090235589418,None,None,-0.00009726642296757054,-0.5882673261078666,-0.8502952053824072,-0.48270937263632663,0.37653386870305094,-3.4352805478423596,1 days 10:31:49.677419353,false
XMR-USD,false,6,42,417,18.990384615384613,0.38708259540185297,0.5730027548209367,0.0001,0.000029215976331360946,17.231404958677686,34.421487603305785,0.0017231404958677687,-3.6683358345816437,0,0,17424,726 days 01:00:00,1000.0,69.95225237686373,-93.00477476231363,34.915698157888286,100.0,304.39137837874284,93.39416110800289,722 days 11:00:00,416,1,3.236815240592506,21.418077287554805,-11.595387641454288,2.5980666896509286,-1.3722218731614524,2 days 18:46:19.746835443,0 days 12:34:32.403560830,-2.243472506883962,-2.6974275816448494,-0.789584629835092,0.8918326514162153,-0.42009270221798883,36.96165358502394,1.0059417388025162,0.36988993710691825,-0.007700477108840266,None,None,-0.00014069944364769027,-0.8509502351812307,-0.9300477476231364,-0.6027672102698703,0.3796649717447103,-3.66369511907645,0 days 22:52:04.038461537,false
XMR-USD,false,15,49,238,18.9873417721519,0.4660671306269034,0.32644628099173556,0.0001,0.000029211295034079844,9.834710743801653,19.62809917355372,0.0009834710743801653,-1.9782205618313102,0,0,17424,726 days 01:00:00,1000.0,222.96362650468723,-77.70363734953128,34.915698157888286,100.0,225.96620283661034,79.33238804268083,722 days 11:00:00,237,1,10.58789353725453,20.680218971042216,-6.168481229071125,3.8654578302430376,-1.6511456270884672,4 days 16:22:40,0 days 23:58:45,-3.3233091435973265,-1.4232926312482852,-0.6677443447038635,0.9420481469532797,0.19043276311833726,22.882583371636787,0.9956243448842692,0.38601654470251356,-0.007631521799382612,None,None,-0.00007421664002962753,-0.4488622388991873,-0.7770363734953103,-0.40600859123767563,0.3795465361626297,-3.2254642309644375,1 days 16:45:49.367088606,false
XMR-USD,false,9,66,275,18.97810218978102,0.42114347399013913,0.3774104683195592,0.0001,0.0000291970802919708,11.363636363636363,22.685950413223143,0.0011363636363636363,-2.495073273088231,0,0,17424,726 days 01:00:00,1000.0,161.38577127006363,-83.86142287299364,34.915698157888286,100.0,233.5659289234028,84.85060368730323,722 days 11:00:00,274,1,7.467606922039408,24.36072994953201,-6.070947836557042,3.485609392400984,-1.6025410642018278,4 days 10:18:27.692307692,0 days 18:30:16.216216216,-3.087889911138594,-1.7964813623009448,-0.7074363074569605,0.9276281296370897,0.28958277354055295,22.381170865515532,0.9955643806250318,0.38238794129313763,-0.007615482258610065,None,None,-0.00009295086579373198,-0.562166836320491,-0.8386142287299372,-0.46904231266127383,0.37660724260126194,-3.4018257488013983,1 days 11:10:04.379562043,false
XMR-USD,false,6,40,428,18.969555035128806,0.39709634930336424,0.5881542699724518,0.0001,0.00002918393082327509,17.68595041322314,35.3305785123967,0.001768595041322314,-3.659474499067611,0,0,17424,726 days 01:00:00,1000.0,70.34679629623815,-92.96532037037618,34.915698157888286,100.0,313.69109284852726,93.35674622016488,722 days 11:00:00,427,1,3.255071490075821,21.41807728755482,-11.595387641454284,2.5690022995954864,-1.3431099573640508,2 days 17:15:33.333333333,0 days 12:08:40.231213872,-2.1847968974094574,-2.690586432371338,-0.7891046887735692,0.8919670836459174,-0.4187076183887621,36.94363612300088,1.0046485910227052,0.36956692603945607,-0.00768485676173237,None,None,-0.00014037180430139437,-0.8489686724148331,-0.9296532037037621,-0.6019909992119445,0.37974396329263405,-3.662565129014128,0 days 22:13:12.505854799,false
XMR-USD,false,10,43,307,18.954248366013072,0.412999696502978,0.4214876033057851,0.0001,0.00002916038210155857,12.685950413223141,25.330578512396695,0.0012685950413223142,-2.683567295457406,0,0,17424,726 days 01:00:00,1000.0,145.8024497237102,-85.41975502762898,34.915698157888286,100.0,254.34244458041226,86.24479361249328,722 days 11:00:00,306,1,6.746538893971575,23.465520524001374,-6.189806240950022,3.1096938388697284,-1.4741552673147054,3 days 13:18:37.241379310,0 days 18:42:34.838709677,-2.8135427750662165,-1.9269130115153412,-0.7190672998161609,0.9225208300719603,0.36137942111006915,22.478904469830987,1.0074414936076235,0.3768173198482933,-0.007638748123339006,None,None,-0.00009895474422489181,-0.5984782930721457,-0.8541975502762889,-0.48742997246066044,0.37379411156686243,-3.446457024612885,1 days 07:19:59.999999999,false
XMR-USD,false,9,78,249,18.951612903225808,0.4445120066726449,0.3415977961432507,0.0001,0.000029156327543424322,10.289256198347108,20.537190082644628,0.0010289256198347109,-2.140517949563862,0,0,17424,726 days 01:00:00,1000.0,201.06872377397826,-79.89312762260218,34.915698157888286,100.0,237.5692571661558,81.40827822124676,722 days 11:00:00,248,1,9.303807774649272,20.605571745257066,-6.0709478365570435,3.448981749172818,-1.5738282807025359,4 days 20:17:52.340425531,0 days 20:48:57.313432835,-3.259012435486578,-1.5399039783184854,-0.6799672332189184,0.9375602960081365,0.20962005929565364,22.825459390832226,0.9954678623180798,0.38469485060394154,-0.007614668757779258,None,None,-0.00008018258651792425,-0.48494428326040584,-0.7989312762260206,-0.42694068137317875,0.3790044986337335,-3.288172135677385,1 days 14:54:40.645161289,false
XMR-USD,false,11,64,249,18.951612903225808,0.4473573148401896,0.3415977961432507,0.0001,0.000029156327543424322,10.289256198347108,20.537190082644628,0.0010289256198347109,-2.142980533364592,0,0,17424,726 days 01:00:00,1000.0,200.05995258534517,-79.99400474146549,34.915698157888286,100.0,229.37331373787956,81.459265038399,722 days 11:00:00,248,1,9.25713013602163,25.899293245929734,-5.957955217046662,3.773204373951818,-1.6427451897969028,4 days 19:56:10.212765957,0 days 20:52:14.328358208,-3.2628918449624034,-1.5428264324081566,-0.6809256896210136,0.937327216746405,0.19982244163308352,22.878457094497765,0.9972556483571291,0.3838151207115629,-0.007617955658401983,None,None,-0.00008043976411006815,-0.4864996933376922,-0.7999400474146557,-0.4279402196241041,0.37949989659602323,-3.291061297979314,1 days 14:53:13.548387095,false
XMR-USD,false,10,78,228,18.94273127753304,0.42286782845026616,0.31267217630853994,0.0001,0.000029142663503896983,9.421487603305785,18.801652892561982,0.0009421487603305785,-2.125068047829249,0,0,17424,726 days 01:00:00,1000.0,201.0407481173644,-79.89592518826356,34.915698157888286,100.0,214.94437770960272,81.31420629290238,722 days 11:00:00,227,1,9.30251329121785,20.605571745257077,-6.070947836557025,3.4995625195472746,-1.661501417479018,5 days 03:39:04.186046511,0 days 23:28:41.739130434,-3.56062451618438,-1.5350131535337346,-0.6807922884215206,0.9375305727506588,0.10099662823469889,23.312949490138905,0.9880561724797348,0.3849149578763313,-0.007614106571059704,None,None,-0.00008012705073612715,-0.484608402852097,-0.7989592518826357,-0.4269683567835536,0.3799487331884517,-3.2882522591120855,1 days 18:27:13.480176210,false
XMR-USD,false,8,47,339,18.93491124260355,0.3844247106886834,0.465564738292011,0.0001,0.000029130632680928542,14.008264462809917,27.97520661157025,0.0014008264462809917,-3.0981005634052954,0,0,17424,726 days 01:00:00,1000.0,109.03539417743468,-89.09646058225653,34.915698157888286,100.0,258.09914369525296,89.64433665319076,722 days 11:00:00,338,1,5.045261784226099,23.465520524001366,-6.189806240950005,2.8745648175726393,-1.4524452593670905,3 days 10:30:56.250000,0 days 15:44:00.875912408,-2.6509167680674297,-2.2372638832335205,-0.7493877389024026,0.9106615677659357,0.306394070500682,22.30848216741228,1.0065912240844226,0.3754045307443366,-0.007703388674781267,None,None,-0.00011550352000189692,-0.6985652889714726,-0.8909646058225646,-0.5366046284554951,0.3757819816057739,-3.551759388552496,1 days 04:22:43.313609466,false
XMR-USD,false,5,49,424,18.912529550827422,0.3803966722275476,0.5826446280991735,0.0001,0.000029096199308965268,17.520661157024794,35.0,0.0017520661157024795,-3.497866102296756,0,0,17424,726 days 01:00:00,1000.0,84.5113078884342,-91.54886921115659,34.915698157888286,100.0,315.46671890321636,91.9733284308361,722 days 11:00:00,423,1,3.9104886559186838,24.427265072754306,-5.417866408305694,2.4646196106295157,-1.2729867044006198,2 days 20:20:15,0 days 11:51:25.714285714,-2.1735205219089475,-2.5302751755023745,-0.773314628928155,0.8995293049135176,0.3117565180824935,22.57259388971733,1.0150931715188993,0.37118350645262826,-0.007707233942765877,None,None,-0.0001302002538188844,-0.7874511350966128,-0.9154886921115654,-0.5758245499178034,0.3745432895846863,-3.6219973834455184,0 days 22:32:20.425531914,false
XMR-USD,false,2,21,1027,18.9083820662768,0.32207541545534507,1.4132231404958677,0.0001,0.000029089818563502773,42.43801652892562,84.83471074380165,0.004243801652892562,-7.366012134548328,0,0,17424,726 days 01:00:00,1000.0,4.769565130892829,-99.52304348691071,34.915698157888286,100.0,462.90550995879903,99.53962402867225,725 days 02:00:00,1026,1,0.014998785026924644,15.06428473446005,-11.80539683729651,1.4202103184254657,-0.9613112537444315,1 days 01:20:06.185567010,0 days 05:19:23.942307692,-0.9700247891365827,-5.552479226230888,-0.9362472714520808,0.7889323714627428,-0.4320263331668448,36.06146852140639,1.0324777084800667,0.3474327250231983,-0.008118055332382253,None,None,-0.00029438614194513365,-1.7804473864841683,-0.9952304348691073,-0.8436028037324449,0.3859120717102136,-3.850381024514215,0 days 09:06:25.964912279,false
XMR-USD,false,10,73,239,18.907563025210084,0.45035298893635106,0.3278236914600551,0.0001,0.000029088558500323205,9.87603305785124,19.710743801652892,0.000987603305785124,-2.0871572002664003,0,0,17424,726 days 01:00:00,1000.0,208.71116144939072,-79.12888385506093,34.915698157888286,100.0,228.90318979073498,80.70005704276493,722 days 11:00:00,238,1,9.657436970315246,20.605571745257077,-6.070947836557041,3.644832502009618,-1.6290803185692135,4 days 23:37:20,0 days 21:59:22.694300518,-3.3653204853820293,-1.5017256150272167,-0.6754616059927653,0.9389368278961655,0.20277594261880824,23.014135881913948,0.9957242251094363,0.38326585695006754,-0.007586227038464271,None,None,-0.00007807726543178205,-0.47221130133141787,-0.7912888385506103,-0.41947250023440386,0.3784355700110892,-3.26628387887996,1 days 16:26:58.487394957,false
XMR-USD,false,6,50,382,18.89763779527559,0.40265458184394165,0.5247933884297521,0.0001,0.0000290732889158086,15.78512396694215,31.528925619834713,0.001578512396694215,-3.0462610572718116,0,0,17424,726 days 01:00:00,1000.0,114.01608503318914,-88.59839149668109,34.915698157888286,100.0,292.4407422529903,89.17129431564668,722 days 11:00:00,381,1,5.275727216328761,23.46552052400137,-4.883466848536519,2.724119246044377,-1.3131262072656051,3 days 02:46:39.999999999,0 days 13:30:52.427184466,-2.339264152711653,-2.193492669584669,-0.7450044530697765,0.9124582321056506,0.34524632808781625,22.33250488361629,1.0119013973130404,0.3750789141414141,-0.00770338867478123,None,None,-0.00011299344121232437,-0.6833843324521378,-0.8859839149668093,-0.5293644675186475,0.3749514109719378,-3.537494484459123,1 days 01:05:30.708661416,false
XMR-USD,false,8,57,308,18.892508143322477,0.3836796220319036,0.4228650137741047,0.0001,0.000029065397143573043,12.727272727272728,25.41322314049587,0.0012727272727272728,-2.9128606245309463,0,0,17424,726 days 01:00:00,1000.0,123.37102766686655,-87.66289723331334,34.915698157888286,100.0,242.95289974527037,88.3281642710153,722 days 11:00:00,307,1,5.708597064870887,24.879197779776185,-6.07094783655703,3.0755473894531793,-1.5260530798462528,3 days 19:44:28.965517241,0 days 17:17:06.506024096,-2.8740637439674446,-2.1004466591437407,-0.7367477331939626,0.9158976488204207,0.3176982403198662,22.313642829467753,0.9982749206571446,0.37932399271748596,-0.007638748123338941,None,None,-0.00010842027395243757,-0.6557258168643424,-0.8766289723331342,-0.5163051770085831,0.37571348899502144,-3.5107015428104282,1 days 07:21:06.449511399,false
XMR-USD,false,10,42,308,18.892508143322477,0.4259243731832583,0.4228650137741047,0.0001,0.000029065397143573043,12.727272727272728,25.41322314049587,0.0012727272727272728,-2.5838409653722794,0,0,17424,726 days 01:00:00,1000.0,154.91538697743135,-84.50846130225686,34.915698157888286,100.0,260.6274002065097,85.38506640654539,722 days 11:00:00,307,1,7.1682107227854885,23.46552052400138,-6.18980624095,3.1531044877649785,-1.45445309686329,3 days 13:18:37.241379310,0 days 18:39:16.626506024,-2.7760678297894272,-1.8534495125586508,-0.7125401367081501,0.9254121426377789,0.3613789399586653,22.278077213788,1.0109511816030359,0.3770349296665086,-0.007657573012803383,None,None,-0.00009541852010426687,-0.577091209590606,-0.8450846130225701,-0.4765298404242978,0.3747225773055191,-3.420357196356516,1 days 07:14:51.205211725,false
XMR-USD,false,11,72,234,18.88412017167382,0.4319866806478427,0.3209366391184573,0.0001,0.00002905249257180588,9.669421487603307,19.297520661157026,0.0009669421487603307,-2.1360883863752322,0,0,17424,726 days 01:00:00,1000.0,200.63379567828588,-79.93662043217141,34.915698157888286,100.0,221.53401762460516,81.44849363614128,722 days 11:00:00,233,1,9.283682877439162,20.605571745257084,-5.166804431970889,3.5111902338222305,-1.6393629822010303,5 days 00:17:43.636363636,0 days 22:59:21.904761904,-3.47060037424529,-1.5394629781532436,-0.6802278845501271,0.9373066609979009,0.13989314656908522,23.60840235860677,0.9939602617040462,0.3835953628712085,-0.007581889598690279,None,None,-0.00008027101278020074,-0.4854790852946541,-0.7993662043217133,-0.42737122627598034,0.37953115981748076,-3.2894177876867636,1 days 17:21:53.304721028,false
XMR-USD,false,10,64,266,18.867924528301888,0.4247353139114192,0.3650137741046832,0.0001,0.000029027576197387517,10.991735537190083,21.94214876033058,0.0010991735537190083,-2.423288041995337,0,0,17424,726 days 01:00:00,1000.0,166.23202811377325,-83.37679718862267,34.915698157888286,100.0,232.20402433961593,84.39568213516957,722 days 11:00:00,265,1,7.69185185309658,24.360729949532015,-5.957955217046678,3.5606516707784723,-1.6259409166163017,4 days 14:30:00,0 days 19:09:12.558139534,-3.175320089582357,-1.749763071147581,-0.7041519105842003,0.9292382996705764,0.186986082008737,22.996182821194697,0.9953097625202845,0.3828267597809698,-0.007631521799382617,None,None,-0.0000911015867281775,-0.5509823965320175,-0.8337679718862256,-0.4635616714148417,0.378969831862313,-3.387945869264707,1 days 12:23:19.245283017,false
XMR-USD,false,10,70,245,18.852459016393443,0.44435353342035966,0.33608815426997246,0.0001,0.000029003783102143763,10.12396694214876,20.206611570247933,0.0010123966942148762,-2.209880609664013,0,0,17424,726 days 01:00:00,1000.0,192.0808965096371,-80.79191034903629,34.915698157888286,100.0,231.0054198235242,82.19873119357746,722 days 11:00:00,244,1,8.887925007754177,20.60557174525707,-5.166804431970883,3.646295179382281,-1.6469740135112068,4 days 22:32:36.521739130,0 days 21:03:20,-3.3475697889267075,-1.592396651521912,-0.6857725177907551,0.9353801743808607,0.19523020297081503,22.973192238093127,0.9933446660160692,0.3829365079365079,-0.007614106571059669,None,None,-0.00008283055136356257,-0.5009591746468265,-0.8079191034903628,-0.4359646800319942,0.37861449874160297,-3.3139136437626546,1 days 15:26:03.934426228,false
XMR-USD,false,5,46,436,18.850574712643677,0.3762474149876834,0.5991735537190083,0.0001,0.000029000884173297966,18.016528925619834,35.99173553719008,0.0018016528925619835,-3.665157401368963,0,0,17424,726 days 01:00:00,1000.0,70.04929653042393,-92.9950703469576,34.915698157888286,100.0,312.42783742977855,93.40748218311501,722 days 11:00:00,435,1,3.241305646327561,21.418077287554812,-11.595387641454275,2.4479727909850273,-1.2985934231981342,2 days 17:12:26.341463414,0 days 11:49:48.101983002,-2.14526898647334,-2.693834160214581,-0.7892760417325091,0.8921326789198766,-0.41748229826021055,36.917390461114735,1.0069354213630297,0.37118350645262826,-0.007710467994062498,None,None,-0.00014060429743656074,-0.8503747908963194,-0.9299507034695753,-0.6025760246701379,0.3799143371108462,-3.6634171806170173,0 days 21:53:31.034482757,false
XMR-USD,false,2,18,1078,18.848653667595173,0.33115603186498066,1.4834710743801653,0.0001,0.000028997928719377187,44.54545454545455,89.04958677685951,0.004454545454545455,-7.352993859049676,0,0,17424,726 days 01:00:00,1000.0,4.730892310258241,-99.52691076897418,34.915698157888286,100.0,480.5211071462868,99.54236970251586,725 days 02:00:00,1077,1,0.014877171146591373,12.103466817311498,-11.805396837296524,1.457468756952728,-0.9389111331535164,0 days 23:42:15.960591133,0 days 05:08:47.231121281,-0.924126262637778,-5.536978549897183,-0.9365007268378176,0.7888615078918912,-0.416943498714596,36.035081870493755,1.0353697556284205,0.3474327250231983,-0.00812762759938922,None,None,-0.00029475354995393377,-1.7826694701213914,-0.9952691076897411,-0.8440441182634181,0.38747541101343846,-3.8504917850679923,0 days 08:38:39.777158773,false
XMR-USD,false,7,48,362,18.83656509695291,0.38188901170029693,0.4972451790633609,0.0001,0.00002897933091838909,14.958677685950414,29.87603305785124,0.0014958677685950415,-3.24783116796073,0,0,17424,726 days 01:00:00,1000.0,99.3660956765608,-90.06339043234391,34.915698157888286,100.0,268.49281000032363,90.56268065359774,722 days 11:00:00,361,1,4.597846130118896,23.46552052400139,-6.189806240950002,2.7602478772248036,-1.4027033503248914,3 days 05:37:03.529411764,0 days 14:41:34.197952218,-2.5075671757716274,-2.3450217638888327,-0.7583189189401414,0.9066001718301946,0.3229465633547406,22.361115623757048,1.0096055454845896,0.37410298872328684,-0.007707233942765923,None,None,-0.00012087039914234084,-0.7310241740128774,-0.9006339043234382,-0.5513022366485814,0.3751725221312632,-3.579452658373851,1 days 02:32:44.542936287,false
XMR-USD,false,12,69,224,18.83408071748879,0.45654640870316715,0.3071625344352617,0.0001,0.000028975508796136597,9.25619834710744,18.47107438016529,0.0009256198347107439,-1.8952957810479105,0,0,17424,726 days 01:00:00,1000.0,235.08622906083338,-76.49137709391665,34.915698157888286,100.0,220.81095844985967,78.26110123005672,722 days 11:00:00,223,1,10.877858299373287,20.60557174525708,-4.913378458553794,3.7449988756225383,-1.6392556121085928,5 days 04:30:00,1 days 00:23:12.265193370,-3.47888622976924,-1.36392561331174,-0.660676725071166,0.944276255862872,0.1406033876609124,23.53779509622699,0.9939544991566691,0.3853553824137382,-0.00758721534712336,None,None,-0.00007116258980352424,-0.43039134313171457,-0.7649137709391682,-0.3949924338565881,0.3797685567185695,-3.1907445971157085,1 days 19:14:31.748878922,false
XMR-USD,false,10,74,240,18.828451882845187,0.44648522911088073,0.32920110192837465,0.0001,0.000028966849050531058,9.917355371900827,19.793388429752067,0.0009917355371900827,-2.0939121644681076,0,0,17424,726 days 01:00:00,1000.0,208.48805509061867,-79.15119449093814,34.915698157888286,100.0,228.94391609176157,80.7222533585315,722 days 11:00:00,239,1,9.647113441939723,20.60557174525707,-6.070947836557044,3.578854051471921,-1.6067575916510053,4 days 23:49:20,0 days 21:49:10.515463917,-3.3521299512607614,-1.5053106561712095,-0.6755788001540243,0.9388194351657699,0.218053094413159,23.0443022361821,0.9962068643771042,0.38304627351377096,-0.00758188959869016,None,None,-0.00007816810255150029,-0.47276068423147377,-0.7915119449093801,-0.41968796669916897,0.3779735227496788,-3.266922864695919,1 days 16:16:19.079497907,false
XMR-USD,false,10,75,240,18.828451882845187,0.4268613044746893,0.32920110192837465,0.0001,0.000028966849050531058,9.917355371900827,19.793388429752067,0.0009917355371900827,-2.1401955910226897,0,0,17424,726 days 01:00:00,1000.0,199.79594596686627,-80.02040540331338,34.915698157888286,100.0,224.67242368586105,81.52596500232265,722 days 11:00:00,239,1,9.244914079822223,20.605571745257084,-6.070947836557037,3.4458971421039095,-1.6021540302756032,5 days 00:00:00,0 days 21:48:51.958762886,-3.3868157661629965,-1.5428297595310492,-0.6807310941849195,0.9371969343839099,0.13688492428011198,23.559305918934104,0.9958445668298154,0.38304627351377096,-0.007587215347123369,None,None,-0.0000804963060245277,-0.4868416588363435,-0.800204054033133,-0.42820235296055686,0.3797658318983519,-3.2918174238264477,1 days 16:18:04.518828451,false
XMR-USD,false,9,45,325,18.82716049382716,0.40427964980103587,0.4462809917355372,0.0001,0.000028964862298195632,13.429752066115704,26.81818181818182,0.0013429752066115705,-2.9159165915933847,0,0,17424,726 days 01:00:00,1000.0,123.51533299339746,-87.64846670066025,34.915698157888286,100.0,261.07441323308774,88.34739127795656,722 days 11:00:00,324,1,5.715274329209706,23.465520524001388,-6.189806240950005,2.983842813870668,-1.4589850545194354,3 days 10:53:06.885245901,0 days 17:13:13.916349809,-2.7228393251105283,-2.101424426322583,-0.7363550091767301,0.9157707826548427,0.3186197042705572,22.365388012184386,1.007386354858224,0.37562169416594304,-0.007662399020550931,None,None,-0.00010837400902196582,-0.6554460065648493,-0.8764846670066022,-0.5161088799221139,0.37537842480859596,-3.510288246401809,1 days 05:34:59.999999998,false
XMR-USD,false,4,33,575,18.81533101045296,0.34809777865994973,0.790633608815427,0.0001,0.000028946663093004557,23.7603305785124,47.47933884297521,0.00237603305785124,-4.824917282335611,0,0,17424,726 days 01:00:00,1000.0,30.142084290821572,-96.98579157091784,34.915698157888286,100.0,344.8604150595618,97.18879309147695,722 days 11:00:00,574,1,1.3947278965391412,18.966464643100235,-11.805396837296525,2.0455299529024837,-1.209142777292659,1 days 23:18:53.333333333,0 days 09:11:58.454935622,-1.6920777763165775,-3.5886527500663297,-0.8519857454390314,0.8582326240630045,-0.48606089958176907,36.1057465504823,1.0074259277920106,0.361328125,-0.007843629439158532,None,None,-0.0001887963867249578,-1.1418405469125448,-0.9698579157091772,-0.703421251277488,0.38293070035916577,-3.77771308287606,0 days 16:22:15.888501741,false
XMR-USD,false,4,32,586,18.803418803418804,0.34628245734005014,0.8057851239669421,0.0001,0.000028928336620644314,24.214876033057852,48.388429752066116,0.0024214876033057855,-4.875143768285742,0,0,17424,726 days 01:00:00,1000.0,29.170530654216236,-97.08294693457837,34.915698157888286,100.0,349.40567497731786,97.27783350089553,722 days 11:00:00,585,1,1.3497723802952848,16.215830782267705,-11.805396837296527,1.9732316943197523,-1.1879071319664802,1 days 22:03:16.363636363,0 days 09:06:34.105263157,-1.6618448576514144,-3.6283184297512157,-0.8540937589059188,0.8568765883353755,-0.5019289635610945,36.100948481135134,1.010765386370475,0.36037161370911075,-0.007843629439158546,None,None,-0.00019069905956951323,-1.153347912276416,-0.9708294693457842,-0.7067747687338953,0.3825613584260394,-3.780495652573541,0 days 16:03:23.076923075,false
XMR-USD,false,8,89,235,18.803418803418804,0.42926012903244654,0.32231404958677684,0.0001,0.000028928336620644314,9.710743801652892,19.380165289256198,0.0009710743801652893,-1.8474209768623773,0,0,17424,726 days 01:00:00,1000.0,243.2021578198861,-75.67978421801139,34.915698157888286,100.0,226.71532670565736,77.48752843149192,722 days 11:00:00,234,1,11.253396770348331,20.605571745257066,-5.594869149645539,3.401701904602338,-1.5067404866373364,5 days 02:19:05.454545454,0 days 22:33:09.473684210,-3.282270251925055,-1.3286191127409923,-0.6565465897963717,0.9459312990290035,0.14106627462151242,23.228466891291074,0.9957171568726356,0.38723031605763863,-0.0075872153471234025,None,None,-0.00006924200090212074,-0.41877562145602626,-0.7567978421801124,-0.38782307263268345,0.3793386182729815,-3.167500242320474,1 days 17:18:43.076923075,false
XMR-USD,false,10,69,251,18.8,0.44164481940837985,0.3443526170798898,0.0001,0.000028923076923076925,10.37190082644628,20.702479338842977,0.001037190082644628,-2.243506134293865,0,0,17424,726 days 01:00:00,1000.0,187.3690211425046,-81.26309788574953,34.915698157888286,100.0,234.46747350797494,82.63540845569379,722 days 11:00:00,250,1,8.66989814683285,20.605571745257073,-5.166804431970892,3.608085046307748,-1.6274151702164241,4 days 21:31:54.893617021,0 days 20:12:07.093596059,-3.2852035080173128,-1.615875641723188,-0.6887000787665661,0.9344625251146537,0.20559182387734357,22.882151338146105,0.9953130503917154,0.3826073157184797,-0.0076315217993825546,None,None,-0.00008421119089977553,-0.5093092825618424,-0.8126309788574968,-0.44080602893330845,0.37933229551714537,-3.3274086492064106,1 days 14:29:59.999999998,false
XMR-USD,false,4,34,565,18.79432624113475,0.3451502993617185,0.7768595041322314,0.0001,0.000028914348063284237,23.34710743801653,46.65289256198347,0.002334710743801653,-4.7923139931896985,0,0,17424,726 days 01:00:00,1000.0,30.853205100799414,-96.91467948992006,34.915698157888286,100.0,341.0968823439495,97.12770950096275,722 days 11:00:00,564,1,1.4276327222942164,18.966464643100238,-11.80539683729652,2.0514989649857585,-1.2178868936901268,2 days 00:32:49.811320754,0 days 09:18:20.436681222,-1.7208766447189636,-3.563082332389163,-0.8504338311550653,0.8592375415249716,-0.4832125544133419,36.089883362317586,1.0075804100812464,0.36164726107681494,-0.007827456757070278,None,None,-0.00018745772390548366,-1.1337443141803651,-0.9691467948992002,-0.7010111546567138,0.3829441382602837,-3.7756764035384105,0 days 16:40:51.063829786,false
XMR-USD,false,9,88,214,18.779342723004692,0.44248015591888995,0.29338842975206614,0.0001,0.000028891296496930298,8.84297520661157,17.644628099173556,0.000884297520661157,-1.7715773359929694,0,0,17424,726 days 01:00:00,1000.0,254.10682387121278,-74.58931761287873,34.915698157888286,100.0,214.92910858556343,76.31196919488129,722 days 11:00:00,213,1,11.757975080112317,20.605571745257087,-6.070947836557039,3.631815166173389,-1.6051116000291208,5 days 12:06:00,1 days 01:26:42.312138728,-3.5570476582577433,-1.275390448232728,-0.6523078400738681,0.9479924218254516,0.11505970786702029,23.15452455191122,0.990323914647644,0.3892210794865662,-0.007581889598690196,None,None,-0.00006665647898422027,-0.4031383848965642,-0.7458931761287901,-0.3784320768216367,0.3804145797062439,-3.1362688288685194,1 days 21:28:27.042253520,false
XMR-USD,false,5,41,459,18.777292576419214,0.37487369297139045,0.6308539944903582,0.0001,0.00002888814242526033,18.96694214876033,37.892561983471076,0.0018966942148760332,-3.855469820740673,0,0,17424,726 days 01:00:00,1000.0,60.21536420001803,-93.97846357999819,34.915698157888286,100.0,317.6623627771186,94.34482041432828,722 days 11:00:00,458,1,2.786272091860617,21.123879122043228,-11.520637103641041,2.493327156886238,-1.308164484893876,2 days 15:01:23.720930232,0 days 10:58:03.870967741,-2.0580150827332795,-2.8413370274437106,-0.8018290535162311,0.8863786369858967,-0.4413462946338616,36.31585628050414,1.0064601324686722,0.36956692603945607,-0.007715774127270374,None,None,-0.000149146730495479,-0.902039426036657,-0.9397846357999823,-0.6229042466376968,0.38207527188617374,-3.6915819685182556,0 days 20:44:32.489082968,false
XMR-USD,false,5,43,454,18.76379690949227,0.3722422043238512,0.6239669421487604,0.0001,0.000028867379860757344,18.7603305785124,37.47933884297521,0.00187603305785124,-3.810008471841663,0,0,17424,726 days 01:00:00,1000.0,62.62740720551801,-93.73725927944821,34.915698157888286,100.0,316.5937096113288,94.08573266240435,722 days 11:00:00,453,1,2.8978816154411646,21.4180772875548,-11.520637103641054,2.427633902314412,-1.2908608849755643,2 days 15:34:35.294117647,0 days 11:10:06.521739130,-2.075652261390559,-2.807068932886827,-0.7988758845911317,0.887756115909974,-0.4408818785304795,36.59268348461954,1.0069028275801966,0.3703208556149733,-0.0077294361523667565,None,None,-0.0001469572436575173,-0.8887974096406647,-0.9373725927944816,-0.6177284713259018,0.3810621946434205,-3.684673777839689,0 days 21:00:07.947019866,false
XMR-USD,false,2,20,1041,18.75,0.3226166540634587,1.4325068870523416,0.0001,0.000028846153846153845,43.01652892561984,85.99173553719008,0.004301652892561984,-7.37247244956139,0,0,17424,726 days 01:00:00,1000.0,4.737566952384668,-99.52624330476154,34.915698157888286,100.0,464.43983407086364,99.54258030166666,725 days 02:00:00,1040,1,0.014898160800703053,15.064284734460054,-11.80539683729651,1.44749250723398,-0.9551295647927265,1 days 01:06:27.692307692,0 days 05:15:28.757396449,-0.9569974338542455,-5.555875544116329,-0.9364504631422029,0.7888430316639949,-0.4270854748855901,35.956735814520265,1.0327246628946356,0.34774537860623406,-0.008127627599389134,None,None,-0.00029475657375705664,-1.7826877580826785,-0.9952624330476165,-0.8439677829036676,0.3861614667072388,-3.850472668617574,0 days 08:58:47.307692306,false
XMR-USD,false,12,60,241,18.75,0.4594170735788666,0.3305785123966942,0.0001,0.000028846153846153845,9.958677685950413,19.87603305785124,0.0009958677685950412,-2.093704299939273,0,0,17424,726 days 01:00:00,1000.0,207.03025578446181,-79.29697442155383,34.915698157888286,100.0,227.49411858093475,80.89739076129383,722 days 11:00:00,240,1,9.579658472992122,20.605571745257095,-6.168481229071113,3.8503822623078867,-1.660364228366905,4 days 21:28:00,0 days 22:19:23.076923076,-3.3439558445355475,-1.5065707853130315,-0.6760952586461876,0.9386643585616061,0.20181443296711388,22.959500977211523,0.996153423352466,0.3838151207115629,-0.007614106571059684,None,None,-0.00007849199875999558,-0.4747196085004533,-0.792969744215538,-0.4210995651690377,0.3792222329265244,-3.2710980620514603,1 days 16:09:44.999999999,false
XMR-USD,false,5,40,460,18.736383442265794,0.38248409330846844,0.6322314049586777,0.0001,0.000028825205295793528,19.00826446280992,37.97520661157025,0.001900826446280992,-3.770531401126506,0,0,17424,726 days 01:00:00,1000.0,64.4583559148914,-93.55416440851087,34.915698157888286,100.0,320.65991208764217,93.94633606657243,722 days 11:00:00,459,1,2.982602871524705,21.123879122043217,-11.520637103641029,2.5448471323162645,-1.2981140934877284,2 days 14:48:50.232558139,0 days 10:58:04.182305630,-2.0447151349817694,-2.7722694105963863,-0.7962034227798914,0.889114660547296,-0.41212136167283087,36.36917062319839,1.0096437175314663,0.3692440672638692,-0.007729436152366801,None,None,-0.0001452808089374938,-0.8786583324539625,-0.9355416440851094,-0.6138858822174975,0.3814439760999759,-3.6794298651987507,0 days 20:40:54.901960783,false
XMR-USD,false,8,56,316,18.73015873015873,0.3878160809025159,0.43388429752066116,0.0001,0.000028815628815628813,13.057851239669422,26.074380165289256,0.0013057851239669422,-2.906993349242397,0,0,17424,726 days 01:00:00,1000.0,124.00990593353026,-87.59900940664697,34.915698157888286,100.0,250.95531207655415,88.26772153725251,722 days 11:00:00,315,1,5.738159099546735,24.879197779776202,-6.0709478365570355,3.012174388702095,-1.4809029558697018,3 days 16:44:44.745762711,0 days 17:08:12.187500,-2.7991373116381464,-2.095684371246737,-0.7362234932848695,0.9160813624920477,0.31895557248129375,22.34952235976078,1.0024246633246292,0.3785601265822785,-0.007638748123339111,None,None,-0.00010813289154639052,-0.6539877280725699,-0.8759900940664698,-0.5154372511310438,0.3755691283329574,-3.5088717690972557,1 days 06:32:57.142857141,false
XMR-USD,false,10,77,236,18.72340425531915,0.4137448432906425,0.3236914600550964,0.0001,0.000028805237315875616,9.75206611570248,19.462809917355372,0.0009752066115702481,-2.222971129054931,0,0,17424,726 days 01:00:00,1000.0,188.4628809881491,-81.15371190118509,34.915698157888286,100.0,218.39804559654607,82.48325999297413,722 days 11:00:00,235,1,8.720512989088093,20.60557174525708,-6.0709478365570435,3.4056988465196545,-1.63104406215395,5 days 01:19:05.454545454,0 days 22:32:21.361256544,-3.490458008514635,-1.6070286760765584,-0.6884394836674739,0.9347882372546479,0.09656820230780648,23.313835918178555,0.9890600336737692,0.3845848232022249,-0.0076150902355894,None,None,-0.00008384570818171312,-0.507098843083001,-0.8115371190118515,-0.4396750890100408,0.3797651910048632,-3.3242757894803985,1 days 17:02:02.553191488,false
XMR-USD,false,13,58,236,18.72340425531915,0.46090023773856514,0.3236914600550964,0.0001,0.000028805237315875616,9.75206611570248,19.462809917355372,0.0009752066115702481,-2.060215857261326,0,0,17424,726 days 01:00:00,1000.0,211.91571395158235,-78.80842860484177,34.915698157888286,100.0,224.5053999747235,80.47152757265535,722 days 11:00:00,235,1,10.063260332480581,20.680218971042223,-6.168481229071119,3.9207570390542164,-1.679636377113131,4 days 22:40:54.545454545,0 days 23:06:35.811518324,-3.396372537791057,-1.4815756250473782,-0.6730329298993193,0.9396289014709404,0.2060829817812935,22.986668029650897,0.994615456292336,0.38414488839463024,-0.007595606630086794,None,None,-0.00007716224731125302,-0.4666772717384583,-0.788084286048418,-0.4163941396171248,0.3790870840353017,-3.257105908307237,1 days 17:00:15.319148934,false
XMR-USD,false,10,44,306,18.688524590163937,0.4128355791553858,0.4201101928374656,0.0001,0.000028751576292559907,12.644628099173554,25.24793388429752,0.0012644628099173555,-2.7047086534094817,0,0,17424,726 days 01:00:00,1000.0,143.62269361676692,-85.6377306383233,34.915698157888286,100.0,252.33132000896637,86.45043484268018,722 days 11:00:00,305,1,6.645677698684807,23.465520524001395,-6.18980624095001,3.172591035737366,-1.4819780034034054,3 days 15:13:41.052631579,0 days 18:39:26.129032258,-2.8295835543669483,-1.943781672142494,-0.7206714596529895,0.9218704487784617,0.35400142939545476,22.498115875186645,1.0058347798543856,0.37757925527709707,-0.007638748123339041,None,None,-0.00009981922218383927,-0.6037066557678599,-0.8563773063832336,-0.4901027774310611,0.3737873872858775,-3.4526999360307995,1 days 07:28:19.672131147,false
XMR-USD,false,10,67,258,18.67704280155642,0.42793713482288515,0.35399449035812675,0.0001,0.000028733912002394493,10.661157024793388,21.280991735537192,0.0010661157024793389,-2.3904749977117556,0,0,17424,726 days 01:00:00,1000.0,169.64594526004612,-83.03540547399538,34.915698157888286,100.0,229.28339600053866,84.27791035772151,722 days 11:00:00,257,1,7.849819876622746,25.899293245929737,-5.957955217046674,3.732234390296073,-1.6657669835984052,4 days 20:16:15,0 days 19:22:40.765550239,-3.2614936755508817,-1.725465793209512,-0.7001906591177864,0.930156420334802,0.18907354037089485,22.925814567314898,0.9944315994116801,0.38227828018403937,-0.007638826118962175,None,None,-0.00008991453494396564,-0.5438031073411042,-0.8303540547399536,-0.45976320507858937,0.3792988209726365,-3.378168269713825,1 days 13:28:28.949416341,false
XMR-USD,false,9,65,285,18.661971830985916,0.4150626722116346,0.39118457300275483,0.0001,0.000028710725893824485,11.776859504132231,23.51239669421488,0.001177685950413223,-2.6114956446416904,0,0,17424,726 days 01:00:00,1000.0,149.22633089376814,-85.07736691062318,34.915698157888286,100.0,236.31140033127966,85.99201894189129,722 days 11:00:00,284,1,6.904967970615388,24.36072994953199,-6.0709478365570275,3.4724050600732683,-1.5846661632611243,4 days 07:40:45.283018867,0 days 17:56:52.987012987,-3.019995200974816,-1.8817449846871972,-0.7159963964377853,0.9243430039720207,0.2870288494747607,22.33826047930925,0.9965093182356143,0.3819494012213498,-0.0076245666224128575,None,None,-0.00009742954954276232,-0.5892539156346265,-0.850773669106232,-0.4832838072534814,0.3768667927973046,-3.436650887686809,1 days 09:56:49.859154928,false
XMR-USD,false,3,21,837,18.660287081339714,0.31324731793954164,1.1515151515151516,0.0001,0.000028708133971291868,34.586776859504134,69.13223140495867,0.0034586776859504135,-6.679039992917855,0,0,17424,726 days 01:00:00,1000.0,7.79703070084031,-99.22029692991597,34.915698157888286,100.0,399.3402094172031,99.24842272100743,725 days 02:00:00,836,1,0.024519213832047804,15.3689858635218,-11.805396837296533,1.631974657563542,-1.0719465936554682,1 days 06:29:13.846153846,0 days 06:47:01.764705882,-1.1868749862595607,-5.0222730149328285,-0.9197726958177881,0.806382012129766,-0.48259773391855637,35.917643503050606,1.022444377521568,0.34826679046734754,-0.00801696968216045,None,None,-0.00026619430721589604,-1.6099431700417393,-0.9922029692991594,-0.8145123693400599,0.38579481826437095,-3.8417102382213066,0 days 11:12:24.976076554,false
XMR-USD,false,9,67,269,18.65671641791045,0.41784143163195725,0.3691460055096419,0.0001,0.000028702640642939154,11.115702479338843,22.1900826446281,0.0011115702479338845,-2.42468361654838,0,0,17424,726 days 01:00:00,1000.0,168.647130295868,-83.1352869704132,34.915698157888286,100.0,230.91900489380404,84.09927408646732,722 days 11:00:00,268,1,7.803602930223832,24.360729949532,-6.070947836557042,3.5447716063966705,-1.5947012287880553,4 days 13:24:00,0 days 19:06:36.330275229,-3.1311808680386446,-1.744768141084942,-0.7031226811132318,0.9296324576951002,0.28938057910848486,22.28142007061256,0.9965582798569652,0.38238794129313763,-0.007618027989106632,None,None,-0.00009039445154775465,-0.5467056429608201,-0.8313528697041312,-0.4608693228336608,0.37710474398214056,-3.3810289169781633,1 days 11:57:18.805970148,false
XMR-USD,false,9,68,269,18.65671641791045,0.41920420552882937,0.3691460055096419,0.0001,0.000028702640642939154,11.115702479338843,22.1900826446281,0.0011115702479338845,-2.500455689017675,0,0,17424,726 days 01:00:00,1000.0,158.37562157032994,-84.16243784296701,34.915698157888286,100.0,232.9812733546429,85.32239768145682,722 days 11:00:00,268,1,7.328321937017449,24.360729949532,-6.070947836557037,3.5418976290314346,-1.62201052486593,4 days 14:00:00,0 days 18:56:25.321100917,-3.167733956592122,-1.8066513332964826,-0.707938104124973,0.9270169776240841,0.18612647346251568,23.119467274978813,0.9944013892893835,0.3818398096748612,-0.007615482258610213,None,None,-0.00009391670681658607,-0.5680082428267126,-0.8416243784296702,-0.4725007946811095,0.3783785025148486,-3.410446941727634,1 days 11:55:44.776119402,false
XMR-USD,false,2,17,1116,18.654708520179373,0.3258557052334625,1.5358126721763086,0.0001,0.000028699551569506727,46.11570247933884,92.1900826446281,0.004611570247933884,-7.604289982211209,0,0,17424,726 days 01:00:00,1000.0,3.9637448405635496,-99.60362551594365,34.915698157888286,100.0,481.71601879635426,99.61657767465873,725 days 02:00:00,1115,1,0.01246473318503094,12.103466817311483,-11.805396837296527,1.4554433651483627,-0.9315217347165127,0 days 22:47:53.076923076,0 days 05:02:46.703417861,-0.8933172375718565,-5.736929165545788,-0.9415940525137962,0.7824626391794574,-0.4250861569842075,36.187691944795084,1.0359658990338614,0.3472243698778414,-0.008120232359832563,None,None,-0.00030494062906164047,-1.8442809245648015,-0.9960362551594358,-0.8533329808478273,0.38689556245959184,-3.8526889270704965,0 days 08:21:28.251121075,false
XMR-USD,false,10,68,253,18.650793650793652,0.44445980731910917,0.34710743801652894,0.0001,0.000028693528693528692,10.454545454545455,20.867768595041323,0.0010454545454545456,-2.2525843581660294,0,0,17424,726 days 01:00:00,1000.0,185.93966510425332,-81.40603348957467,34.915698157888286,100.0,234.51051189089702,82.76787530439846,722 days 11:00:00,252,1,8.603759298523585,25.899293245929734,-5.957955217046671,3.7696059567535642,-1.6457659494560097,4 days 21:17:52.340425531,0 days 20:03:13.170731707,-3.264540056326466,-1.62352706078486,-0.6895981837307908,0.9341419862331483,0.1957534483797244,22.889126898963394,0.9955655518079044,0.38249761980323704,-0.007624566622412808,None,None,-0.00008464139226090225,-0.5119111403939368,-0.8140603348957455,-0.4422903535337278,0.37947328856526064,-3.33150238386922,1 days 14:11:25.714285713,false
XMR-USD,false,13,56,237,18.64406779661017,0.46159747920151567,0.325068870523416,0.0001,0.000028683181225554108,9.793388429752067,19.545454545454547,0.0009793388429752067,-2.080937811111137,0,0,17424,726 days 01:00:00,1000.0,208.99929870010988,-79.100070129989,34.915698157888286,100.0,222.6163568907608,80.58099069876312,722 days 11:00:00,236,1,9.924768262374386,20.680218971042226,-6.168481229071107,3.945228601127096,-1.6831585861624438,4 days 21:25:54.545454545,0 days 23:20:18.750000,-3.3937519896706116,-1.4976239425937852,-0.6760679960116527,0.9390477847382038,0.19896755116522927,22.992847812167646,0.994925008292873,0.3845848232022249,-0.007614106571059675,None,None,-0.00007796671406970363,-0.4715426866935675,-0.7910007012998905,-0.41919445215584994,0.37893472128855543,-3.265458641906561,1 days 16:52:52.881355931,false
XMR-USD,false,5,42,457,18.640350877192983,0.3720256301661113,0.628099173553719,0.0001,0.000028677462887989203,18.884297520661157,37.72727272727273,0.0018884297520661158,-3.9044061968500707,0,0,17424,726 days 01:00:00,1000.0,58.43421139539089,-94.15657886046091,34.915698157888286,100.0,315.25415032922746,94.51209896712804,722 days 11:00:00,456,1,2.703854980932128,21.123879122043228,-11.520637103641041,2.4492219286220394,-1.3034302161666187,2 days 15:26:49.411764705,0 days 11:04:41.401617250,-2.070766762248992,-2.879506067557951,-0.8042699513705347,0.8849484755409478,-0.4470970040240208,36.502990930173866,1.0038193440939476,0.36988993710691825,-0.007744458309297721,None,None,-0.00015090810101194786,-0.9126921949202607,-0.9415657886046093,-0.6268138003311532,0.38146307069542607,-3.6966832636336306,0 days 20:50:23.684210525,false
XMR-USD,false,8,48,339,18.639053254437872,0.37946644543334684,0.465564738292011,0.0001,0.000028675466545289038,14.008264462809917,27.97520661157025,0.0014008264462809917,-3.1501837555274923,0,0,17424,726 days 01:00:00,1000.0,105.35438982315293,-89.4645610176847,34.915698157888286,100.0,254.37846385115267,89.97545286058977,722 days 11:00:00,338,1,4.874935160139216,23.46552052400138,-6.189806240949998,2.895132156772756,-1.454218538064408,3 days 10:53:20,0 days 15:55:25.090909090,-2.6613033885709645,-2.27589342674411,-0.7528738777916129,0.9092071427812031,0.30556066120828856,22.322369387310374,1.0050941145619052,0.37583892617449666,-0.0077033886747811114,None,None,-0.00011747803454644744,-0.7105071529369141,-0.894645610176847,-0.5420954812312568,0.3757185995070812,-3.5623019368860174,1 days 04:24:19.171597631,false
XMR-USD,false,10,79,221,18.636363636363637,0.4309325075380669,0.30303030303030304,0.0001,0.000028671328671328672,9.132231404958677,18.22314049586777,0.0009132231404958678,-2.043481509347681,0,0,17424,726 days 01:00:00,1000.0,211.61103213585875,-78.83889678641413,34.915698157888286,100.0,211.777230324294,80.33174801792757,722 days 11:00:00,220,1,9.791619149084,20.60557174525707,-6.070947836557035,3.6852305810872106,-1.6826191027335267,5 days 10:45:21.951219512,0 days 23:57:39.217877094,-3.62809357733284,-1.4761037297799138,-0.6746166249711171,0.9398935534997989,0.09448479494768285,23.206075873415244,0.9873335865874453,0.3861267997772651,-0.007614668757779297,None,None,-0.00007715458125982097,-0.4666309074593972,-0.7883889678641429,-0.4166855103784076,0.3804545525687874,-3.2579785295973682,1 days 19:51:49.090909089,false
XMR-USD,false,9,44,323,18.633540372670808,0.40262167020608286,0.44352617079889806,0.0001,0.000028666985188724322,13.347107438016529,26.65289256198347,0.0013347107438016529,-2.910719531563056,0,0,17424,726 days 01:00:00,1000.0,123.8335475699754,-87.61664524300245,34.915698157888286,100.0,258.89340820874304,88.3173704711414,722 days 11:00:00,322,1,5.729998684126741,23.465520524001374,-6.189806240950011,3.0407326340544123,-1.4647342915160257,3 days 12:02:00,0 days 17:23:07.786259541,-2.7388088543917775,-2.097039040364451,-0.7360931680271507,0.9159925717965464,0.31974979543942333,22.31708160384282,1.0083421694571906,0.3759475679090335,-0.007670264526207924,None,None,-0.00010821249693782619,-0.6544691814799728,-0.8761664524300238,-0.5156765443769422,0.37560282220532665,-3.5093768667262855,1 days 05:48:15.652173911,false
XMR-USD,false,14,53,232,18.614718614718615,0.48347827073146954,0.3181818181818182,0.0001,0.000028638028638028634,9.586776859504132,19.132231404958677,0.0009586776859504132,-1.9067678074057828,0,0,17424,726 days 01:00:00,1000.0,233.97808100299903,-76.6021918997001,34.915698157888286,100.0,226.06390255504684,78.31140325219593,722 days 11:00:00,231,1,11.110937916408432,21.129352502655216,-6.168481229071112,4.0773616488174484,-1.6674527969654833,4 days 21:23:43.255813953,1 days 00:28:24.255319148,-3.3642115017896512,-1.3711775316061932,-0.6617154921440749,0.9440653231616766,0.1949808408262945,22.8930547711249,0.9954536211647007,0.3856858846918489,-0.007624566622412831,None,None,-0.0000714621696269377,-0.4322032019037192,-0.7660219189970014,-0.39598381336838406,0.37935031899130645,-3.193918378870905,1 days 17:46:14.025974024,false
XMR-USD,false,8,59,302,18.6046511627907,0.3881052046279927,0.41460055096418735,0.0001,0.000028622540250447234,12.479338842975206,24.91735537190083,0.0012479338842975207,-2.825241757205762,0,0,17424,726 days 01:00:00,1000.0,129.38002122260855,-87.06199787773915,34.915698157888286,100.0,238.24496801454825,87.75966786626354,722 days 11:00:00,301,1,5.9866438933998865,25.04590464160578,-6.070947836557047,3.239150106295531,-1.5427214022312574,4 days 00:38:34.285714285,0 days 17:12:00,-2.9123143610325313,-2.040812415599652,-0.7318911388082904,0.91805099619142,0.2576934301386431,22.625279894154584,0.9988639958561583,0.37954239569313597,-0.007624566622412805,None,None,-0.000105626082167619,-0.6388265449497598,-0.8706199787773908,-0.5082547233244953,0.3767263762120187,-3.493491537360818,1 days 07:58:48.239202657,false
XMR-USD,false,9,79,243,18.59504132231405,0.4139853294175568,0.3333333333333333,0.0001,0.00002860775588048315,10.041322314049587,20.041322314049587,0.0010041322314049588,-2.2132469927071545,0,0,17424,726 days 01:00:00,1000.0,189.66922635511844,-81.03307736448816,34.915698157888286,100.0,224.38313314191802,82.37113585457033,722 days 11:00:00,242,1,8.776332736652364,20.605571745257084,-6.070947836557042,3.3504585129024607,-1.5828129027468063,4 days 22:40:00,0 days 21:52:23.147208121,-3.384740109014597,-1.6003901269271794,-0.6876910105382743,0.9350580050706115,0.09288678702587894,23.336823159313173,0.9898684227052988,0.3851351351351352,-0.007615090235589412,None,None,-0.00008348385291961354,-0.5049103424578227,-0.8103307736448818,-0.43843280902591075,0.37969472629594786,-3.3208207665806295,1 days 15:52:18.842975205,false
XMR-USD,false,5,48,426,18.58823529411765,0.379341975165874,0.5853994490358126,0.0001,0.00002859728506787331,17.60330578512397,35.16528925619835,0.001760330578512397,-3.5255629010717957,0,0,17424,726 days 01:00:00,1000.0,82.97275964558548,-91.70272403544145,34.915698157888286,100.0,317.35535377161665,92.19122213394306,722 days 11:00:00,425,1,3.839297289927927,24.427265072754317,-5.417866408305688,2.478104108864918,-1.2633763695011444,2 days 20:20:30.379746835,0 days 11:55:39.884393063,-2.166744794457273,-2.5507662526752943,-0.7743666177725954,0.8987440841253735,0.31125291968988195,22.575499419181856,1.0167185624578858,0.37021310057403484,-0.007707233942765841,None,None,-0.000131254504292026,-0.7938272419581732,-0.917027240354415,-0.5785209251956203,0.37454283887474643,-3.626403849087108,0 days 22:24:50.823529410,false
XMR-USD,false,9,76,254,18.57707509881423,0.431272698098524,0.3484848484848485,0.0001,0.000028580115536637275,10.495867768595042,20.950413223140497,0.0010495867768595044,-2.2543837135733513,0,0,17424,726 days 01:00:00,1000.0,186.2528724507887,-81.37471275492113,34.915698157888286,100.0,233.7942913844732,82.7782187099811,722 days 11:00:00,253,1,8.618251959993131,20.60557174525708,-6.0709478365570275,3.521458321510227,-1.5877636527002525,4 days 21:02:33.191489361,0 days 20:05:14.563106796,-3.2504560454909246,-1.6238119291531528,-0.6890730938414392,0.9342221792470421,0.20041615353480782,22.865945059469574,0.995549251274647,0.38337567481740237,-0.007615482258610122,None,None,-0.00008456940179459506,-0.5114757420537109,-0.8137471275492109,-0.44196446552201796,0.3790840181646839,-3.3306053451071165,1 days 14:05:55.731225296,false
XMR-USD,false,24,88,141,18.571428571428573,0.5948598519140629,0.1928374655647383,0.0001,0.00002857142857142857,5.8264462809917354,11.611570247933885,0.0005826446280991736,-0.7869178343861672,0,0,17424,726 days 01:00:00,1000.0,480.69648702186623,-51.93035129781338,34.915698157888286,100.0,188.00271355993962,55.037489723447194,722 days 12:00:00,140,1,24.55818403040962,20.398670625822785,-7.677465801481974,5.161632288608448,-1.7818594120813633,8 days 01:25:23.076923077,1 days 16:21:34.736842105,-3.8847264072038747,-0.5652356774952072,-0.5597280634386465,0.976351798058607,-0.06853741766594755,26.49128183932703,0.9866877698621589,0.39255174618396876,-0.007452411460490772,None,None,-0.00002983103953041637,-0.18041812707995822,-0.5193035129781347,-0.224500759074993,0.38414639803696815,-2.4873066854623693,2 days 20:47:08.571428570,false
XMR-USD,false,9,80,238,18.565400843881857,0.4262530507702655,0.32644628099173556,0.0001,0.000028562155144433628,9.834710743801653,19.62809917355372,0.0009834710743801653,-2.089665245802094,0,0,17424,726 days 01:00:00,1000.0,206.31524245568346,-79.36847575443166,34.915698157888286,100.0,227.309378796905,80.82396680644003,722 days 11:00:00,237,1,9.546573533462919,20.60557174525709,-6.07094783655703,3.4427519540769587,-1.5763190983384812,5 days 01:50:27.272727272,0 days 22:13:22.072538860,-3.3891617345053984,-1.5080325624103084,-0.6776835386194486,0.9387046466471045,0.11259685975547103,23.30129331139495,0.9917584983759204,0.3854655323209032,-0.007608808267455858,None,None,-0.0000786593905330979,-0.47573199394417615,-0.7936847575443164,-0.421794291087886,0.3796625866110642,-3.2731458897235437,1 days 16:43:02.278481011,false
XMR-USD,false,9,47,319,18.553459119496853,0.40187052510830285,0.4380165289256198,0.0001,0.000028543783260764388,13.181818181818182,26.322314049586776,0.0013181818181818182,-2.9522559239694917,0,0,17424,726 days 01:00:00,1000.0,120.39331811777129,-87.96066818822287,34.915698157888286,100.0,255.7594504610853,88.6419265140963,722 days 11:00:00,318,1,5.570813143366166,23.465520524001406,-6.189806240950004,3.0720231102107136,-1.4883574173519967,3 days 14:23:23.389830508,0 days 17:25:15.057915057,-2.7835770283823793,-2.130603650109797,-0.7389496272471114,0.9146475901422353,0.30643892324768907,22.427916802755245,1.0007545808459986,0.3780150257018584,-0.007658393323117562,None,None,-0.00010984891297604978,-0.664366225679149,-0.8796066818822298,-0.5203896313623422,0.3752762163586405,-3.51922982580689,1 days 06:13:01.132075470,false
XMR-USD,false,5,39,470,18.550106609808104,0.3733652590092968,0.6460055096418733,0.0001,0.00002853862555355093,19.421487603305785,38.80165289256198,0.0019421487603305785,-3.9447928316509775,0,0,17424,726 days 01:00:00,1000.0,57.02566213284604,-94.2974337867154,34.915698157888286,100.0,319.36027920225627,94.64438412625283,722 days 11:00:00,469,1,2.6386788991732786,21.12387912204323,-11.520637103641034,2.525641211810396,-1.3034148980822864,2 days 13:13:06.206896551,0 days 10:51:21.675392670,-2.0162324451307603,-2.909252867500089,-0.8062356830230997,0.8838196314616703,-0.4427594163422727,36.516565192016394,1.0077883543204043,0.36763205399890114,-0.007744458309297705,None,None,-0.00015233000643563105,-0.9212918789226966,-0.9429743378671542,-0.6299609642001421,0.38112017016538396,-3.7007174068324153,0 days 20:11:53.859275052,false
XMR-USD,false,10,87,206,18.536585365853657,0.439096558417832,0.28236914600550966,0.0001,0.00002851782363977486,8.512396694214877,16.983471074380166,0.0008512396694214877,-1.823524661275176,0,0,17424,726 days 01:00:00,1000.0,245.13806545235877,-75.48619345476413,34.915698157888286,100.0,205.78683994207202,77.14804365550718,722 days 11:00:00,205,1,11.342974662642689,20.605571745257063,-6.0709478365570355,3.763765046327446,-1.670547826058711,5 days 19:17:22.105263157,1 days 02:15:26.946107784,-3.7375849229769993,-1.3148771692654706,-0.6568925024121381,0.9463582653620628,0.09631726902430346,23.240983970484677,0.9867031145515067,0.38888888888888895,-0.0075698276384557625,None,None,-0.00006871835034234226,-0.41560858287048597,-0.7548619345476454,-0.38613609989637643,0.3804043591310845,-3.1619557229936133,1 days 23:12:35.121951218,false
XMR-USD,false,2,23,983,18.533604887983707,0.3140450267419288,1.3526170798898072,0.0001,0.000028513238289205702,40.6198347107438,81.19834710743802,0.004061983471074381,-7.1929756280373125,0,0,17424,726 days 01:00:00,1000.0,5.365045956160088,-99.46349540438399,34.915698157888286,100.0,447.33206199837525,99.48355541192218,725 days 02:00:00,982,1,0.016871385283077522,15.064284734460056,-11.805396837296534,1.45210137493143,-0.9711205737443045,1 days 03:03:57.362637362,0 days 05:32:06,-1.0128837326162126,-5.437986260440502,-0.932606350616427,0.7929056690103239,-0.5306578366562392,35.94412702175362,1.025606245785093,0.34899744522722,-0.008078241879660412,None,None,-0.0002876863909090818,-1.7399272922181266,-0.9946349540438395,-0.8370841709272631,0.38506953126341775,-3.8486755428636,0 days 09:31:31.649694500,false
XMR-USD,false,8,49,341,18.529411764705884,0.37716481085380066,0.46831955922865015,0.0001,0.00002850678733031674,14.090909090909092,28.140495867768596,0.0014090909090909093,-3.201109111881296,0,0,17424,726 days 01:00:00,1000.0,101.87837009648956,-89.81216299035104,34.915698157888286,100.0,253.20296539953426,90.30619867636399,722 days 11:00:00,340,1,4.71409353966861,23.46552052400138,-6.189806240950013,2.885157629641342,-1.4537756052587836,3 days 11:27:37.142857142,0 days 15:42:40.288808664,-2.6553991865975908,-2.313396380960527,-0.7560911403219299,0.9077835752067219,0.30490767688163073,22.339217721092812,1.0052163428880125,0.3759475679090335,-0.00770338867478109,None,None,-0.0001194048929490334,-0.7221607925557539,-0.8981216299035105,-0.5473967800595327,0.3756903293914238,-3.5722574007892303,1 days 04:15:52.941176469,false
XMR-USD,false,6,51,379,18.51851851851852,0.39143076046493486,0.5206611570247934,0.0001,0.000028490028490028492,15.661157024793388,31.280991735537192,0.0015661157024793389,-3.122559023157164,0,0,17424,726 days 01:00:00,1000.0,108.38905510227596,-89.16109448977241,34.915698157888286,100.0,288.4278470639192,89.70572286562862,722 days 11:00:00,378,1,5.015354524660097,23.46552052400138,-4.883466848536489,2.7363280284021734,-1.3194433855493892,3 days 04:03:25.714285714,0 days 13:45:58.441558441,-2.3720272471491715,-2.2494113312485466,-0.749966885616193,0.9103305967863257,0.3460859824619796,22.324470010450668,1.011755383159527,0.37453656227814147,-0.007707233942765895,None,None,-0.00011589370683063537,-0.7009251389116827,-0.8916109448977234,-0.5375598980868422,0.3750152422282774,-3.553610530329,1 days 01:18:05.714285712,false
XMR-USD,false,8,52,325,18.51851851851852,0.38418670122555265,0.4462809917355372,0.0001,0.000028490028490028492,13.429752066115704,26.81818181818182,0.0013429752066115705,-3.0858927988791405,0,0,17424,726 days 01:00:00,1000.0,110.24078251189349,-88.97592174881065,34.915698157888286,100.0,252.95363982969155,89.61083905143671,722 days 11:00:00,324,1,5.101037248192455,23.465520524001384,-6.189806240950012,2.945998038611192,-1.4767275938119095,3 days 14:19:00,0 days 16:46:08.181818181,-2.7619143664700543,-2.2309265940886163,-0.7476378428666841,0.9107636287049033,0.2982433833686999,22.523589344318076,0.9994743717605712,0.37736147340131215,-0.007684856761732374,None,None,-0.0001149234809153067,-0.6950572125757749,-0.8897592174881066,-0.5348329312914835,0.3749569739485458,-3.5483071066333203,1 days 05:38:53.333333332,false
XMR-USD,false,8,61,298,18.51851851851852,0.39474571576200373,0.4090909090909091,0.0001,0.000028490028490028492,12.31404958677686,24.586776859504134,0.001231404958677686,-2.716785562783934,0,0,17424,726 days 01:00:00,1000.0,139.23687224899447,-86.07631277510055,34.915698157888286,100.0,238.03737873574985,86.83322931612524,722 days 11:00:00,297,1,6.442737936727724,25.045904641605766,-6.070947836557028,3.295514169803853,-1.5317739266501091,4 days 02:48:00,0 days 17:17:51.074380165,-2.9198850696556704,-1.9604014467828248,-0.7242106549299221,0.9211262062178106,0.26225627468704377,22.64775188020776,1.000288491775113,0.37954239569313597,-0.0076245666224128905,None,None,-0.00010142274372498591,-0.6134047540487148,-0.8607631277510065,-0.49556200480175117,0.37657222554263864,-3.465261109368763,1 days 08:23:26.060606059,false
XMR-USD,false,8,58,309,18.506493506493506,0.3811414518584187,0.42424242424242425,0.0001,0.000028471528471528476,12.768595041322314,25.49586776859504,0.0012768595041322314,-2.935315894172476,0,0,17424,726 days 01:00:00,1000.0,121.49389942252208,-87.85061005774779,34.915698157888286,100.0,243.38994587713188,88.5057548522447,722 days 11:00:00,308,1,5.621738999499286,25.045904641605777,-6.0709478365570435,3.148276792967466,-1.523618630633746,3 days 21:15:47.368421052,0 days 17:09:05.019920318,-2.8705449336914834,-2.117820797069433,-0.7382992752716242,0.9152307813906437,0.3133600350454717,22.331514510924485,0.9977735157457054,0.37910565888405223,-0.007641628599557594,None,None,-0.00010930291468973348,-0.6610640280435081,-0.8785061005774765,-0.5188723860479604,0.37566477862733294,-3.5160777155446983,1 days 07:14:13.246753245,false
XMR-USD,false,5,36,482,18.503118503118504,0.3641729925403503,0.662534435261708,0.0001,0.000028466336158643854,19.917355371900825,39.79338842975207,0.0019917355371900825,-4.0701947454517295,0,0,17424,726 days 01:00:00,1000.0,52.19263276217873,-94.78073672378213,34.915698157888286,100.0,318.51631775352365,95.12165920886866,722 days 11:00:00,481,1,2.4150460268401943,21.123879122043224,-11.4652129644452,2.453821312227054,-1.288721964440392,2 days 11:00:40.449438202,0 days 10:41:37.959183673,-1.975514372691601,-3.0057556164883943,-0.8130371881716545,0.8801161792970983,-0.44765819704614584,36.488268683550885,1.0064125682731186,0.36602383192223265,-0.007767265497249517,None,None,-0.00015740750294115368,-0.9520005777880974,-0.9478073672378217,-0.6411622194918187,0.38117964961493317,-3.7145594023406034,0 days 19:38:02.744282743,false
XMR-USD,false,4,31,596,18.487394957983195,0.3528733750758584,0.8195592286501377,0.0001,0.00002844214608920491,24.62809917355372,49.214876033057855,0.002462809917355372,-4.9218630272543615,0,0,17424,726 days 01:00:00,1000.0,28.17721002455039,-97.18227899754496,34.915698157888286,100.0,357.701578895694,97.37052924829209,722 days 11:00:00,595,1,1.3038096665348,16.215830782267684,-11.805396837296527,2.009036523361599,-1.178147678890328,1 days 21:44:43.636363636,0 days 09:00:59.381443298,-1.6355068901545975,-3.6630130959436684,-0.8562802570402439,0.8555685423391931,-0.4972106221866387,36.06785189359233,1.0128953113333399,0.3604778263585259,-0.007843629439158575,None,None,-0.0001926686513176106,-1.1652600031689089,-0.9718227899754508,-0.7102796904885581,0.3828516563178972,-3.7833405638371618,0 days 15:48:24.201680671,false
XMR-USD,false,8,87,239,18.487394957983195,0.42808108971343667,0.3278236914600551,0.0001,0.00002844214608920491,9.87603305785124,19.710743801652892,0.000987603305785124,-1.9334584650353859,0,0,17424,726 days 01:00:00,1000.0,230.06582545652486,-76.99341745434751,34.915698157888286,100.0,229.63303511311787,78.61646161889487,722 days 11:00:00,238,1,10.64555528770174,20.605571745257073,-5.594869149645533,3.420628900345182,-1.5081208008325842,5 days 02:16:21.818181818,0 days 22:02:09.896907216,-3.2797467639965445,-1.3918892954929638,-0.6643209596092087,0.9433790583502845,0.136820833804505,23.338852769200372,0.9958646024991772,0.38601654470251356,-0.00759420209175039,None,None,-0.00007245563048256184,-0.438211653158534,-0.7699341745434787,-0.39950854249462175,0.37890068407074734,-3.2051232401593226,1 days 16:34:02.016806722,false
XMR-USD,false,9,77,250,18.473895582329316,0.4422178803825889,0.34297520661157027,0.0001,0.00002842137781896818,10.330578512396695,20.619834710743802,0.0010330578512396695,-2.144839903116422,0,0,17424,726 days 01:00:00,1000.0,200.44306726268837,-79.95569327373117,34.915698157888286,100.0,237.4292573322849,81.46612924635224,722 days 11:00:00,249,1,9.274857534130803,20.60557174525709,-6.0709478365570435,3.5239251293039793,-1.559897809163258,4 days 21:09:07.826086956,0 days 20:57:38.128078817,-3.2483204428572017,-1.5431545817063712,-0.6803423091698783,0.937427539128215,0.2091690615918889,22.817742787385544,0.9959561967293543,0.38425484588496983,-0.007615090235589425,None,None,-0.00008035922389161882,-0.48601258609651066,-0.7995569327373129,-0.42756022475207733,0.3790393035428866,-3.2899640417376927,1 days 14:43:51.325301204,false
XMR-USD,false,4,35,548,18.46435100548446,0.35073091275716095,0.7534435261707989,0.0001,0.00002840669385459148,22.644628099173556,45.247933884297524,0.0022644628099173555,-4.542960556991799,0,0,17424,726 days 01:00:00,1000.0,36.853908362553625,-96.31460916374463,34.915698157888286,100.0,339.7929478567522,96.55533903995838,722 days 11:00:00,547,1,1.7052959441627635,18.96646464310024,-11.805396837296515,2.161882871159223,-1.2130087328823163,2 days 02:43:57.623762376,0 days 09:36:43.587443946,-1.7638965038054994,-3.369935287666189,-0.8386339840494558,0.8663555822559476,-0.47208260714353556,36.08291331735059,1.008445366328525,0.3629253030895581,-0.007817918292211479,None,None,-0.0001772652961045112,-1.0721005108400838,-0.9631460916374451,-0.6819873952545745,0.3828777274286437,-3.7584901418328043,0 days 17:12:17.111517367,false
XMR-USD,false,13,57,234,18.4549356223176,0.4703312622116632,0.3209366391184573,0.0001,0.000028392208649719388,9.669421487603307,19.297520661157026,0.0009669421487603307,-1.9855262356454482,0,0,17424,726 days 01:00:00,1000.0,222.41792802768612,-77.75820719723139,34.915698157888286,100.0,224.01100384098382,79.3342090619695,722 days 11:00:00,233,1,10.561979905203799,20.680218971042223,-6.168481229071119,4.044925281417605,-1.6706082108727802,5 days 00:13:57.209302325,0 days 23:32:31.578947368,-3.382592497328405,-1.4274434465024883,-0.6684588015360567,0.9418066617540414,0.20517844308515312,22.941739785050444,0.9942912435236141,0.3851351351351352,-0.00760880826745587,None,None,-0.0000743760542176394,-0.4498263759082831,-0.7775820719723159,-0.4065135840654417,0.37925574461991896,-3.2270271339158074,1 days 17:23:10.557939913,false
XMR-USD,false,9,69,272,18.45018450184502,0.41121116576006,0.37327823691460055,0.0001,0.00002838489923360772,11.239669421487603,22.43801652892562,0.0011239669421487604,-2.5405100025187783,0,0,17424,726 days 01:00:00,1000.0,154.27671503457225,-84.57232849654277,34.915698157888286,100.0,234.7865873842461,85.70226750912478,722 days 11:00:00,271,1,7.138658235079362,24.283808014060483,-6.070947836557043,3.4978642713132837,-1.6022781144126703,4 days 14:03:36,0 days 18:39:21.990950226,-3.147092041330289,-1.8359716063243063,-0.7108508827490879,0.9258785808013926,0.1867430550565833,23.13376167351047,0.9947758021538932,0.3814016172506739,-0.007618027989106627,None,None,-0.00009542525891324478,-0.5771319659073044,-0.8457232849654286,-0.4772799067263246,0.3783165415488061,-3.4221863791498,1 days 11:31:13.062730626,false
XMR-USD,false,10,71,245,18.442622950819672,0.4512410321312686,0.33608815426997246,0.0001,0.000028373266078184114,10.12396694214876,20.206611570247933,0.0010123966942148762,-2.175297767169999,0,0,17424,726 days 01:00:00,1000.0,196.63489749599148,-80.33651025040085,34.915698157888286,100.0,233.81186097069562,81.81677357971746,722 days 11:00:00,244,1,9.098646740042312,20.60557174525708,-6.070947836557028,3.7186228536251114,-1.6252622848910954,4 days 23:16:00,0 days 21:20:30.150753768,-3.329769464114962,-1.5668687580206109,-0.6826550018383534,0.9363528659053382,0.19654676593678547,22.989998384129873,0.9948263540044058,0.38238794129313763,-0.007614106571059657,None,None,-0.00008148976013486008,-0.49285006929563374,-0.8033651025040109,-0.4313586862504366,0.3785544559342821,-3.300870797058684,1 days 15:24:05.901639343,false
XMR-USD,false,5,37,484,18.426501035196686,0.3598353058240212,0.6652892561983471,0.0001,0.00002834846313107183,20.0,39.95867768595041,0.002,-4.154911088429396,0,0,17424,726 days 01:00:00,1000.0,49.126501955548406,-95.08734980444517,34.915698157888286,100.0,315.5673577014155,95.40824431089037,722 days 11:00:00,483,1,2.2731706963492826,21.123879122043242,-11.52063710364104,2.437251588603798,-1.2939517215150682,2 days 11:17:31.685393258,0 days 10:36:51.167512690,-1.9733885481176014,-3.0707534232821163,-0.8177157218355262,0.877752206807932,-0.45195394665415306,36.44838663526342,1.0056951119526651,0.3663451736846232,-0.007771798389880578,None,None,-0.00016087207468360885,-0.9729543076864663,-0.9508734980444518,-0.6486240250636794,0.38132358061686533,-3.7233409274665377,0 days 19:35:01.863354036,false
XMR-USD,false,2,22,1011,18.415841584158414,0.3163997434283063,1.3911845730027548,0.0001,0.000028332063975628332,41.77685950413223,83.51239669421489,0.004177685950413223,-7.370035765877988,0,0,17424,726 days 01:00:00,1000.0,4.778351390565149,-99.52216486094349,34.915698157888286,100.0,456.28529556409995,99.53877594656836,725 days 02:00:00,1010,1,0.015026415055322317,15.064284734460061,-11.805396837296515,1.4532163504485818,-0.9640278843178248,1 days 02:16:07.741935483,0 days 05:25:24.757281553,-0.9853828465589015,-5.579120328428822,-0.9361919523563077,0.7884479972171313,-0.5327009458769846,36.11906446911728,1.0273291762940255,0.34837112125667413,-0.008096464566777359,None,None,-0.00029439357148552974,-1.7804923203444838,-0.9952216486094353,-0.8435028653722396,0.3840789789589082,-3.8503558603040293,0 days 09:15:44.554455444,false
XMR-USD,false,2,24,973,18.415637860082303,0.31114378332421305,1.3388429752066116,0.0001,0.000028331750553972773,40.20661157024794,80.37190082644628,0.004020661157024794,-7.2008561892507315,0,0,17424,726 days 01:00:00,1000.0,5.336371397872085,-99.46636286021278,34.915698157888286,100.0,442.6772089591569,99.48561530854657,725 days 02:00:00,972,1,0.01678121279906719,15.064284734460042,-11.80539683729652,1.4733319100181437,-0.9795851331894623,1 days 03:57:59.329608938,0 days 05:30:11.349306431,-1.0233337549536259,-5.443447529456535,-0.9327823261617441,0.7929760982937331,-0.5293364966464711,35.908038264813804,1.0255425753592635,0.3493108254607403,-0.008108895178424535,None,None,-0.0002879924384132154,-1.7417782675231266,-0.9946636286021272,-0.8373869214526746,0.3850924360169761,-3.8487576679815283,0 days 09:38:23.703703702,false
XMR-USD,false,7,50,354,18.413597733711047,0.38130009305565626,0.48622589531680444,0.0001,0.000028328611898017,14.62809917355372,29.214876033057852,0.001462809917355372,-3.1729932269223142,0,0,17424,726 days 01:00:00,1000.0,104.44766493603106,-89.55523350639689,34.915698157888286,100.0,266.72030518561655,90.08005736487983,722 days 11:00:00,353,1,4.832979385536689,23.4655205240014,-6.18980624095001,2.8348535547625557,-1.398476740790695,3 days 07:49:50.769230769,0 days 15:17:17.500000,-2.5506666131714026,-2.290144865905082,-0.75355242710261,0.9086865546293592,0.3229053903413583,22.383438662117587,1.0109066136502298,0.3744281432402587,-0.00771339262522536,None,None,-0.00011801401092336045,-0.713748738064484,-0.8955523350639694,-0.5434671874901702,0.3750840184902998,-3.5648988343704144,1 days 03:10:22.096317279,false
XMR-USD,false,8,69,289,18.40277777777778,0.4012224629776542,0.39669421487603307,0.0001,0.000028311965811965814,11.942148760330578,23.84297520661157,0.0011942148760330578,-2.7919286896429893,0,0,17424,726 days 01:00:00,1000.0,132.04132394991234,-86.79586760500877,34.915698157888286,100.0,237.07732174976684,87.41942688892173,725 days 01:00:00,288,1,6.109787108019489,24.360729949531986,-6.070947836557034,3.4411766676907396,-1.603233582121007,4 days 09:10:11.320754717,0 days 17:17:06.382978723,-3.034959941521202,-2.0168028108464844,-0.7305299232239021,0.9190582248483423,0.2649621447989081,22.46215359298758,0.9926058067578399,0.3814016172506739,-0.007658393323117656,None,None,-0.00010444434761135976,-0.6316794143535038,-0.8679586760500875,-0.5047672337602509,0.37694626800636094,-3.48586945655559,1 days 09:27:29.999999999,false
XMR-USD,false,5,50,425,18.39622641509434,0.3698642005417813,0.5840220385674931,0.0001,0.00002830188679245283,17.56198347107438,35.082644628099175,0.0017561983471074381,-3.598809153129437,0,0,17424,726 days 01:00:00,1000.0,78.63109138499806,-92.13689086150019,34.915698157888286,100.0,306.59024001835826,92.53181661197945,722 days 11:00:00,424,1,3.638400570837959,24.427265072754302,-4.883466848536499,2.5352564506215614,-1.2836437429593162,2 days 21:17:41.538461538,0 days 11:56:00.693641618,-2.1816210122307513,-2.606821601480972,-0.779758566224205,0.8966193174307067,0.2998536938816635,22.509797863514788,1.0152419198429634,0.3703208556149733,-0.007715774127270363,None,None,-0.00013430863955257518,-0.8122986520139747,-0.9213689086150025,-0.5863104333177871,0.3750166787289045,-3.638838566104521,0 days 22:29:09.056603772,false
XMR-USD,false,5,47,436,18.39080459770115,0.36646099956883915,0.5991735537190083,0.0001,0.00002829354553492485,18.016528925619834,35.99173553719008,0.0018016528925619835,-3.648242779918732,0,0,17424,726 days 01:00:00,1000.0,70.9563068712124,-92.90436931287876,34.915698157888286,100.0,312.51492767746157,93.32212112843052,722 days 11:00:00,435,1,3.2832746293793207,22.04619722477782,-11.595387641454282,2.4408796965883957,-1.27318210926536,2 days 19:13:29.999999999,0 days 11:41:24.507042253,-2.14328038565096,-2.6770879725394794,-0.7881710721006021,0.8927548555153599,-0.3926957356309586,36.9109416620356,1.01060152786904,0.3706442224494611,-0.007710467994062525,None,None,-0.00013984705388740275,-0.8457949819110119,-0.9290436931287878,-0.6007974385433282,0.38023196426075523,-3.6608194655815423,0 days 21:54:12.413793102,false
XMR-USD,false,7,49,360,18.384401114206128,0.3788769487192791,0.49449035812672176,0.0001,0.000028283694021855583,14.87603305785124,29.710743801652892,0.001487603305785124,-3.204520318946131,0,0,17424,726 days 01:00:00,1000.0,102.16491065115133,-89.78350893488486,34.915698157888286,100.0,268.0392925091737,90.29686251385033,722 days 11:00:00,359,1,4.727352281208169,23.465520524001377,-6.18980624095001,2.815418128593171,-1.3869932014550308,3 days 06:12:43.636363636,0 days 15:05:56.313993174,-2.514101508718822,-2.3133503241863638,-0.7556729560685089,0.9078106471071544,0.32255983207353717,22.33976481024117,1.0087209674592732,0.37475345167652857,-0.00772897618389795,None,None,-0.00011927021558980484,-0.7213462638871396,-0.897835089348849,-0.5469553494785285,0.3752740576708519,-3.571436736819213,1 days 02:42:07.019498606,false
XMR-USD,false,8,53,322,18.38006230529595,0.39417765037497815,0.44214876033057854,0.0001,0.000028277018931224542,13.305785123966942,26.5702479338843,0.0013305785123966943,-2.9767055642882054,0,0,17424,726 days 01:00:00,1000.0,118.78055085407345,-88.12194491459266,34.915698157888286,100.0,255.59729626077888,88.80604589096752,722 days 11:00:00,321,1,5.496187531162292,23.46552052400139,-6.189806240950015,3.0222375850979235,-1.4652852651926431,3 days 15:46:46.779661016,0 days 16:56:20.152671755,-2.762354008339845,-2.147691629249168,-0.7402088643893543,0.9140261932629176,0.3173968514255568,22.469985610405406,1.000575914322301,0.37845107190886795,-0.007658393323117664,None,None,-0.00011064170839230276,-0.669161052356647,-0.8812194491459264,-0.5226294149092268,0.37497722680713846,-3.5238488577861595,1 days 05:57:34.205607475,false
XMR-USD,false,11,73,235,18.37606837606838,0.42902117519734945,0.32231404958677684,0.0001,0.000028270874424720585,9.710743801652892,19.380165289256198,0.0009710743801652893,-2.147273656359957,0,0,17424,726 days 01:00:00,1000.0,199.18153458422762,-80.08184654157724,34.915698157888286,100.0,220.7725449036728,81.582776252075,722 days 11:00:00,234,1,9.2164841714241,20.60557174525708,-5.166804431970895,3.5751291928972564,-1.6221610775609827,5 days 01:48:50.232558139,0 days 23:01:15.392670157,-3.461687818748702,-1.5477374979860374,-0.6811010234141703,0.9369776988356694,0.1398125890879657,23.61960621037617,0.9924247548809827,0.3838151207115629,-0.007586227038464316,None,None,-0.0000806912004492594,-0.4880203803171208,-0.8008184654157717,-0.4288132815608541,0.3794781863150476,-3.2935771233743707,1 days 17:10:30.769230768,false
XMR-USD,false,3,26,763,18.37270341207349,0.31470792753289256,1.0495867768595042,0.0001,0.000028265697557036142,31.528925619834713,63.01652892561984,0.0031528925619834715,-6.210614940621277,0,0,17424,726 days 01:00:00,1000.0,10.86604206635252,-98.91339579336474,34.915698157888286,100.0,382.80106708807136,98.9689908050296,722 days 11:00:00,762,1,0.21859618767200217,16.50565333960844,-11.80539683729652,1.7230104889643578,-1.100245504663564,1 days 11:01:17.142857142,0 days 07:11:57.684887459,-1.2983629319177457,-4.674594900344623,-0.9063816659873863,0.8187842522781192,-0.5644454912367824,35.890733155881726,1.015141013064479,0.3524526544551382,-0.007987605180413443,None,None,-0.0002472049389621479,-1.4950954708430704,-0.9891339579336467,-0.7918651086784991,0.38492055804798475,-3.8329204630558946,0 days 12:18:39.685039368,false
XMR-USD,false,10,88,208,18.357487922705314,0.4421586244584263,0.28512396694214875,0.0001,0.00002824228911185433,8.59504132231405,17.14876033057851,0.000859504132231405,-1.8034631873646154,0,0,17424,726 days 01:00:00,1000.0,248.3304583757499,-75.166954162425,34.915698157888286,100.0,207.53228717782804,76.85044636646448,722 days 11:00:00,207,1,11.49069236603728,20.60557174525708,-6.0709478365570275,3.7724826607616953,-1.645057513516807,5 days 19:17:22.105263157,1 days 02:00:42.603550295,-3.68676441541202,-1.300174716244029,-0.6552480222938528,0.9469746261097644,0.09659055369475114,23.210423232622798,0.9878861015620884,0.389442628179571,-0.00757386945924155,None,None,-0.00006796914049324281,-0.4110773617031325,-0.7516695416242536,-0.38337310822402815,0.38051169216755204,-3.1528125779562277,1 days 22:48:24.347826085,false
XMR-USD,false,7,59,328,18.34862385321101,0.381307398885964,0.45041322314049587,0.0001,0.000028228652081863093,13.553719008264464,27.06611570247934,0.0013553719008264464,-2.9317017746888117,0,0,17424,726 days 01:00:00,1000.0,122.96425486975113,-87.70357451302489,34.915698157888286,100.0,258.11196432689604,88.30587484820961,725 days 03:00:00,327,1,5.6897749634456005,23.46552052400138,-4.662151415078481,2.944007201624171,-1.4211511957244471,3 days 15:28:00,0 days 16:20:13.483146067,-2.6994664223048765,-2.110252441631845,-0.7375897910052525,0.9156289306318526,0.349794678697993,22.348304516466015,1.003743848642444,0.3780150257018584,-0.00765839332311753,None,None,-0.00010866654355239558,-0.6572152554048885,-0.8770357451302497,-0.5168593140949751,0.3748170914112119,-3.511866556883113,1 days 05:23:18.165137613,false
XMR-USD,false,8,68,290,18.33910034602076,0.3968342501747356,0.39807162534435264,0.0001,0.000028214000532339636,11.983471074380166,23.925619834710744,0.0011983471074380166,-2.847979653822907,0,0,17424,726 days 01:00:00,1000.0,127.0046636193963,-87.29953363806037,34.915698157888286,100.0,236.9789133374145,87.89930751741181,725 days 01:00:00,289,1,5.876731868687429,24.360729949532,-6.070947836557028,3.4179059471870845,-1.6073404543003884,4 days 07:48:40.754716981,0 days 17:31:16.271186440,-3.041079820931806,-2.05816243794888,-0.7345016912206125,0.917519198329496,0.2636948711104547,22.39923385302722,0.9921189085700493,0.3811826252377933,-0.007697257727836874,None,None,-0.00010665974042971924,-0.645078110118942,-0.872995336380605,-0.5114072784060442,0.37720619684265366,-3.500294659533747,1 days 09:20:45.674740483,false
XMR-USD,false,5,38,481,18.333333333333332,0.36346201780418663,0.6611570247933884,0.0001,0.000028205128205128207,19.87603305785124,39.710743801652896,0.0019876033057851243,-4.154005247765595,0,0,17424,726 days 01:00:00,1000.0,49.08599700660989,-95.09140029933901,34.915698157888286,100.0,318.03611783471206,95.35709534928091,722 days 11:00:00,480,1,2.271296460258384,21.12387912204324,-11.520637103641047,2.468038553966061,-1.301877320366621,2 days 12:15:40.909090909,0 days 10:39:11.020408163,-1.9858027071951008,-3.069573671249004,-0.8182499158130502,0.8779072038239084,-0.44921387158171966,36.36724292180055,1.0046347865240886,0.36752472139381576,-0.007769641496193313,None,None,-0.00016090526892293582,-0.9731550664459159,-0.9509140029933902,-0.6487246070576339,0.3815488498392175,-3.7234569353113622,0 days 19:44:52.499999998,false
XMR-USD,false,9,49,312,18.327974276527332,0.4022833067490869,0.4283746556473829,0.0001,0.00002819688350234974,12.892561983471074,25.743801652892564,0.0012892561983471075,-2.8682983828860205,0,0,17424,726 days 01:00:00,1000.0,127.10194231048695,-87.2898057689513,34.915698157888286,100.0,251.7315973836573,88.02183270609332,722 days 11:00:00,311,1,5.881233126891573,23.46552052400139,-6.189806240949998,3.134968161883869,-1.4865413689519755,3 days 16:38:56.842105263,0 days 17:59:31.653543307,-2.825656883654034,-2.0698466749712376,-0.7333242779500075,0.916991535860351,0.30177945122288474,22.420465491921995,1.0018520435658291,0.37877828770375055,-0.007655345219876669,None,None,-0.00010673349463329745,-0.645524175542183,-0.872898057689514,-0.511277418382707,0.37533623862932913,-3.500016049349151,1 days 06:56:31.639871382,false
XMR-USD,false,9,59,285,18.30985915492958,0.39695530596385475,0.39118457300275483,0.0001,0.00002816901408450705,11.776859504132231,23.51239669421488,0.001177685950413223,-2.635179416262151,0,0,17424,726 days 01:00:00,1000.0,147.54917457817805,-85.24508254218219,34.915698157888286,100.0,228.05107397611138,86.04718624538113,722 days 11:00:00,284,1,6.827362962360411,24.360729949532004,-5.914882632735071,3.4954369895853614,-1.5750145463956418,4 days 07:31:09.230769230,0 days 18:16:17.586206896,-3.025627423887963,-1.899046087718401,-0.718067884512773,0.9236015499877575,0.28534237693578973,22.542462323875675,0.99805141456706,0.38030735107731306,-0.007615090235589426,None,None,-0.0000981256344534167,-0.5934638371742642,-0.8524508254218226,-0.4853069176563902,0.37610137174544117,-3.4414543325671207,1 days 09:52:49.014084505,false
XMR-USD,false,9,89,214,18.30985915492958,0.43583171681906036,0.29338842975206614,0.0001,0.00002816901408450705,8.84297520661157,17.644628099173556,0.000884297520661157,-1.809823106637435,0,0,17424,726 days 01:00:00,1000.0,247.9150234534933,-75.20849765465067,34.915698157888286,100.0,213.6241275217328,76.88917352493272,722 days 11:00:00,213,1,11.471469452662234,20.605571745257066,-6.0709478365570275,3.682080925510647,-1.600901993949116,5 days 14:27:41.538461538,1 days 01:30:41.379310344,-3.5847720469444586,-1.3032491888016584,-0.6554612227326564,0.9468770465596147,0.11493601466568257,23.192990374667566,0.9897669476232906,0.38888888888888895,-0.007573869459241632,None,None,-0.00006808255624632399,-0.41176330017776747,-0.7520849765465041,-0.383731346349784,0.38024747126767167,-3.15400240071268,1 days 21:27:36.338028167,false
XMR-USD,false,8,62,302,18.272425249169437,0.3944840414909401,0.41460055096418735,0.0001,0.000028111423460260678,12.479338842975206,24.91735537190083,0.0012479338842975207,-2.7657841660764393,0,0,17424,726 days 01:00:00,1000.0,134.60434322006438,-86.53956567799355,34.915698157888286,100.0,238.06183694678566,87.271298962657,722 days 11:00:00,301,1,6.228382572120694,25.045904641605798,-6.070947836557041,3.323465806341894,-1.5265733869655647,4 days 02:57:49.090909090,0 days 17:01:27.804878048,-2.895760928079925,-1.996406220412831,-0.7277484555391878,0.9198211929226437,0.2612731368986581,22.58873245957028,1.0009480412558918,0.3797608678438514,-0.007631521799382582,None,None,-0.00010334974557128691,-0.6250592612151432,-0.8653956567799372,-0.5014516589112192,0.37680654850015116,-3.478528863626409,1 days 07:59:48.039867107,false
XMR-USD,false,9,50,308,18.241042345276874,0.4084165346195436,0.4228650137741047,0.0001,0.000028063142069656734,12.727272727272728,25.41322314049587,0.0012727272727272728,-2.724406788636912,0,0,17424,726 days 01:00:00,1000.0,140.99112381404188,-85.90088761859582,34.915698157888286,100.0,251.03541103520774,86.71290747174386,722 days 11:00:00,307,1,6.52391027941357,23.46552052400139,-6.189806240950013,3.1758610251681327,-1.4599956015238833,3 days 18:09:38.571428571,0 days 18:11:57.131474103,-2.8193250373464886,-1.9608419688415957,-0.7225130089663722,0.9212301669572969,0.3365278668515089,22.422531905940797,1.0061690136284558,0.37834203448821385,-0.007641628599557568,None,None,-0.0001008453260546515,-0.6099125319785322,-0.8590088761859567,-0.49336512247364317,0.3743442141304162,-3.460236860513378,1 days 07:19:32.638436481,false
XMR-USD,false,5,45,440,18.223234624145785,0.37101300626676115,0.6046831955922864,0.0001,0.000028035745575608903,18.181818181818183,36.32231404958678,0.0018181818181818184,-3.7270687801159395,0,0,17424,726 days 01:00:00,1000.0,67.15722875984875,-93.28427712401512,34.915698157888286,100.0,311.44497162940365,93.65795548210384,722 days 11:00:00,439,1,3.1074845223672583,21.4180772875548,-11.595387641454284,2.56404841577035,-1.3002560844508062,2 days 17:48:00,0 days 11:48:58.161559888,-2.1320051384112015,-2.740324075397469,-0.7930492746075267,0.8902405875388321,-0.4183442829180732,36.94013118075249,1.0079802527417108,0.369674579468637,-0.007710467994062544,None,None,-0.0001430245722650226,-0.8650126130588567,-0.9328427712401516,-0.6083496313897321,0.3798977100229014,-3.6717001820265756,0 days 21:39:13.530751707,false
XMR-USD,false,8,60,303,18.211920529801322,0.38818132525431964,0.41597796143250687,0.0001,0.000028018339276617422,12.520661157024794,25.0,0.0012520661157024795,-2.7842456302498233,0,0,17424,726 days 01:00:00,1000.0,133.06634937130138,-86.69336506286986,34.915698157888286,100.0,239.76589422557058,87.41091324041369,722 days 11:00:00,302,1,6.15721685893115,25.045904641605787,-6.070947836557037,3.3033633346627975,-1.5207429520541245,4 days 02:39:16.363636363,0 days 17:00:29.149797570,-2.8910293625418153,-2.010027820052652,-0.7289907537684092,0.9192462146796888,0.2604658383844578,22.633729138498772,1.000547924113182,0.37954239569313597,-0.007624566622412882,None,None,-0.0001040175481128541,-0.6290981309865415,-0.866933650628698,-0.503436240611719,0.37667126309746335,-3.482933741460466,1 days 07:52:38.940397349,false
XMR-USD,false,4,36,545,18.198529411764707,0.3488866971195324,0.7493112947658402,0.0001,0.000027997737556561086,22.520661157024794,45.0,0.0022520661157024793,-4.551781307388922,0,0,17424,726 days 01:00:00,1000.0,36.635802578452285,-96.33641974215476,34.915698157888286,100.0,334.8678405733134,96.57572495051807,722 days 11:00:00,544,1,1.6952038012788293,18.966464643100235,-11.805396837296522,2.2320449216966765,-1.2224176645345346,2 days 04:07:16.363636363,0 days 09:33:58.651685393,-1.7740062522478444,-3.3761871046215908,-0.8390439366141297,0.866177016142533,-0.46939957574323554,36.083869619493996,1.0071825769099187,0.36335185040294193,-0.007823194036730343,None,None,-0.0001776045527212363,-1.0741523348580373,-0.9633641974215468,-0.6826418926956881,0.38290014594911514,-3.759114805796604,0 days 17:18:38.382352940,false
XMR-USD,false,3,27,744,18.16958277254374,0.3179932663434525,1.0234159779614325,0.0001,0.00002795320426545191,30.743801652892564,61.44628099173554,0.0030743801652892565,-6.167634690283189,0,0,17424,726 days 01:00:00,1000.0,11.222845728041307,-98.87771542719587,34.915698157888286,100.0,376.13944720444397,98.93513598891955,722 days 11:00:00,743,1,0.22577413891831277,16.505653339608436,-11.805396837296517,1.7776201142687404,-1.118176800656352,1 days 12:36:00,0 days 07:18:15.394736842,-1.331094116299967,-4.644695770126282,-0.9049876331180114,0.8198632993215386,-0.5750790297720848,35.990012939236955,1.0132289882828605,0.3524526544551382,-0.007987605180413406,None,None,-0.0002453756566332565,-1.4840319713179353,-0.9887771542719578,-0.7895179389994673,0.3845316985961887,-3.83189856264859,0 days 12:37:37.873485867,false
XMR-USD,false,9,75,255,18.11023622047244,0.42443808875113825,0.349862258953168,0.0001,0.00002786190187764991,10.537190082644628,21.03305785123967,0.0010537190082644627,-2.3126164249899244,0,0,17424,726 days 01:00:00,1000.0,178.99827395593206,-82.1001726044068,34.915698157888286,100.0,231.89275502811287,83.44766780654068,722 days 11:00:00,254,1,8.282568773610194,20.60557174525708,-6.07094783655704,3.6134862007945157,-1.5948831259916239,4 days 23:02:36.521739130,0 days 20:00:34.615384615,-3.2648987984947984,-1.6664417685948218,-0.6937253257525241,0.9325822518970239,0.19942423606853651,22.81713146216113,0.9957983373800935,0.3828267597809698,-0.0076331628391392735,None,None,-0.00008683633348325446,-0.525186144906723,-0.8210017260440691,-0.4496066734921207,0.3792881546457449,-3.3513828144908056,1 days 13:56:41.574803148,false
XMR-USD,false,7,57,333,18.072289156626507,0.38284795683398704,0.4573002754820937,0.0001,0.000027803521779425396,13.760330578512397,27.479338842975206,0.0013760330578512397,-2.9738755240736516,0,0,17424,726 days 01:00:00,1000.0,119.9117293846449,-88.00882706153551,34.915698157888286,100.0,261.6805924496162,88.62351787016091,722 days 11:00:00,332,1,5.548529175400688,23.46552052400138,-4.662151415078475,2.970848123125684,-1.409637040142512,3 days 14:23:00,0 days 16:16:19.411764705,-2.667580722261313,-2.1397372586472536,-0.7398867007461312,0.9145077085713161,0.35803366221929345,22.37623807776908,1.0077035035735487,0.3768173198482933,-0.007678807590829162,None,None,-0.00011012242737107047,-0.6660204407402343,-0.8800882706153534,-0.5210563913126256,0.3746047423664013,-3.520609115806903,1 days 04:56:33.975903613,false
XMR-USD,false,3,28,721,18.055555555555554,0.3263722710684914,0.9917355371900827,0.0001,0.00002777777777777778,29.793388429752067,59.54545454545455,0.0029793388429752068,-5.830151251229011,0,0,17424,726 days 01:00:00,1000.0,14.368034880665164,-98.56319651193348,34.915698157888286,100.0,378.4968760820412,98.64495876125102,722 days 11:00:00,720,1,0.28904707252858763,14.344903282656984,-11.805396837296506,1.8423403718132585,-1.1099963708527718,1 days 13:54:27.692307692,0 days 07:35:05.084745762,-1.3693347391553705,-4.376459442017968,-0.8936205335211008,0.82945703800428,-0.5608483019537555,35.983416216025475,1.0141642435331486,0.35518743194898117,-0.00791064265385728,None,None,-0.00023120209901143546,-1.3983102948211616,-0.9856319651193345,-0.7706727686494879,0.38452697268455,-3.822890611158114,0 days 13:03:34.999999998,false
XMR-USD,false,10,89,206,18.048780487804876,0.45266088007620847,0.28236914600550966,0.0001,0.00002776735459662289,8.512396694214877,16.983471074380166,0.0008512396694214877,-1.7478031228500093,0,0,17424,726 days 01:00:00,1000.0,257.70304998451377,-74.22969500154862,34.915698157888286,100.0,206.8998925101763,75.9767262696569,722 days 11:00:00,205,1,11.924378864074015,21.24696439820229,-6.070947836557028,3.9748230060619267,-1.653809672941754,5 days 23:21:04.864864864,1 days 02:07:08.571428571,-3.679128433558826,-1.2594705773907862,-0.6504996228872015,0.9486045651536719,0.10155019222023781,23.132350692574896,0.9870064674027876,0.3902186053933302,-0.007573869459241508,None,None,-0.00006584284320911321,-0.39821751572871666,-0.7422969500154866,-0.3753928530939674,0.38052088152658514,-3.1259690889147627,1 days 23:16:40.975609755,false
XMR-USD,false,8,50,339,18.04733727810651,0.37783674834404063,0.465564738292011,0.0001,0.000027765134274010018,14.008264462809917,27.97520661157025,0.0014008264462809917,-3.153422656206274,0,0,17424,726 days 01:00:00,1000.0,105.32242180568937,-89.46775781943106,34.915698157888286,100.0,257.9827566720602,90.06373588431072,722 days 11:00:00,338,1,4.873455943064386,23.46552052400137,-6.189806240950005,2.9510082384327596,-1.4356340866122337,3 days 12:47:12.786885245,0 days 16:02:09.963898916,-2.6613935921224137,-2.27838621942346,-0.7521905331012164,0.9090795974588552,0.30467495333992584,22.409342019026187,1.0046216319306118,0.3765997787960183,-0.00769725772783676,None,None,-0.00011751381619191235,-0.7107235603286859,-0.8946775781943113,-0.5421437115373247,0.3754218358450501,-3.5623934946068996,1 days 04:26:37.633136093,false
XMR-USD,false,9,46,328,18.04281345565749,0.39925579571521563,0.45041322314049587,0.0001,0.00002775817454716537,13.553719008264464,27.06611570247934,0.0013553719008264464,-2.964899514917486,0,0,17424,726 days 01:00:00,1000.0,120.06793334845725,-87.99320666515428,34.915698157888286,100.0,260.7288737386617,88.67262376689096,722 days 11:00:00,327,1,5.5557570108674525,23.465520524001388,-6.189806240950019,3.102849250899012,-1.446027955256815,3 days 13:27:27.457627118,0 days 16:58:52.835820895,-2.707913833830001,-2.1367661769601707,-0.739222773993998,0.914424370621557,0.32401839961523377,22.47862177025318,1.0060011971566138,0.376164902858948,-0.007657573012803536,None,None,-0.0001100330503639784,-0.6654798886013414,-0.8799320666515419,-0.520839935542978,0.37482115663530785,-3.520161741210222,1 days 05:20:11.009174310,false
XMR-USD,false,2,25,963,17.983367983367984,0.3021307940960686,1.325068870523416,0.0001,0.000027666719974412285,39.79338842975207,79.54545454545455,0.003979338842975208,-7.2243748437205575,0,0,17424,726 days 01:00:00,1000.0,5.18737582003655,-99.48126241799635,34.915698157888286,100.0,437.41379686289446,99.50252706293372,722 days 11:00:00,962,1,0.016312668480956916,15.368985863521784,-11.805396837296517,1.4767212793159068,-0.9772473138978333,1 days 04:41:37.109826589,0 days 05:35:12.547528517,-1.034125713979671,-5.476195248432686,-0.9336468428634506,0.7917977480191208,-0.5854544367755974,35.91341017430329,1.023419222766786,0.3491018891297616,-0.008078241879660324,None,None,-0.00028962341831111006,-1.7516424339455936,-0.9948126241799641,-0.8389773856744492,0.3849574202416403,-3.8491843974633846,0 days 09:44:31.933471933,false
XMR-USD,false,8,55,318,17.981072555205046,0.38660134515291866,0.4366391184573003,0.0001,0.000027663188546469303,13.140495867768596,26.239669421487605,0.0013140495867768596,-2.992748489128858,0,0,17424,726 days 01:00:00,1000.0,117.41740008401484,-88.25825999159852,34.915698157888286,100.0,250.6536162731966,88.9345100802141,722 days 11:00:00,317,1,5.4331121184653455,23.465520524001395,-6.1898062409500065,3.1373047295131338,-1.48296553366204,3 days 18:16:50.526315789,0 days 17:14:32.307692307,-2.8013113944304457,-2.1592413789733262,-0.7413688754791798,0.9137087436595568,0.31680187108414604,22.406150013083348,1.0021568198281445,0.37834203448821385,-0.007651528558415001,None,None,-0.00011129239095994267,-0.6730963805257333,-0.8825825999159862,-0.524538070517598,0.3751649200713988,-3.527752977829512,1 days 06:22:31.419558358,false
XMR-USD,false,9,48,318,17.981072555205046,0.39877882315726937,0.4366391184573003,0.0001,0.000027663188546469303,13.140495867768596,26.239669421487605,0.0013140495867768596,-2.96519006139542,0,0,17424,726 days 01:00:00,1000.0,119.35898556048824,-88.06410144395119,34.915698157888286,100.0,252.43511138924254,88.75153383901862,722 days 11:00:00,317,1,5.5229527347088805,23.46552052400138,-6.189806240950008,3.191765732269173,-1.4878943411683105,3 days 16:08:25.263157894,0 days 17:37:36.923076923,-2.7954699279943878,-2.141049262931533,-0.7397194686568397,0.9142102076821282,0.3025793734233891,22.461855352577203,0.9997022501159996,0.3780150257018584,-0.007657573012803393,None,None,-0.00011035145874729283,-0.667405622503627,-0.8806410144395115,-0.5218238240481089,0.3751538112289192,-3.522192196923189,1 days 06:18:21.577287065,false
XMR-USD,false,3,29,713,17.97752808988764,0.3264911358234777,0.9807162534435262,0.0001,0.000027657735522904067,29.462809917355372,58.88429752066116,0.0029462809917355373,-5.8321282608165035,0,0,17424,726 days 01:00:00,1000.0,14.467129173477474,-98.55328708265225,34.915698157888286,100.0,377.9678795953721,98.64120936512154,722 days 11:00:00,712,1,0.2910405890727539,14.344903282656988,-11.805396837296527,1.8161986335638807,-1.108616551940075,1 days 14:35:37.500000,0 days 07:39:51.780821917,-1.3845841452466219,-4.37787568188657,-0.8932387265622339,0.8296392253404767,-0.5570750707924335,36.13741862666073,1.0132776540466333,0.35571461915506114,-0.007915592719931256,None,None,-0.00023085284497945075,-1.3961980064357182,-0.9855328708265216,-0.7701250334217411,0.38382189969503433,-3.822606801015282,0 days 13:13:28.988764043,false
XMR-USD,false,5,44,446,17.97752808988764,0.3686463070224318,0.6129476584022039,0.0001,0.000027657735522904067,18.429752066115704,36.81818181818182,0.0018429752066115705,-3.7736899640572124,0,0,17424,726 days 01:00:00,1000.0,64.38884963940257,-93.56111503605973,34.915698157888286,100.0,310.00508684661526,93.91938949223939,722 days 11:00:00,445,1,2.9793866924286405,21.418077287554816,-11.52063710364104,2.599914346452288,-1.298096260727728,2 days 17:48:00,0 days 11:38:18.082191780,-2.1091922180966867,-2.777684234923522,-0.7965773521889354,0.8888299497406452,-0.43159854936054687,36.65131219008094,1.0074413412487422,0.3699976413240034,-0.0077444583092977325,None,None,-0.00014537355503799166,-0.8792192608697735,-0.9356111503605964,-0.614030443640785,0.38094342436307876,-3.6796289340392887,0 days 21:22:31.011235953,false
XMR-USD,false,6,52,374,17.962466487935657,0.37723101937624687,0.5137741046831956,0.0001,0.000027634563827593318,15.454545454545455,30.867768595041323,0.0015454545454545456,-3.2002616805570563,0,0,17424,726 days 01:00:00,1000.0,102.9992196567506,-89.70007803432493,34.915698157888286,100.0,279.09476341031444,90.21762381109365,722 days 11:00:00,373,1,4.765957244063912,23.46552052400138,-4.8834668485365125,2.7800710943090174,-1.3279895828746633,3 days 05:10:44.776119403,0 days 14:22:21.176470588,-2.417605194604055,-2.3068946783734763,-0.7548941004921519,0.9081295717869519,0.3460286545681527,22.351917817106777,1.0093091302274084,0.37453656227814147,-0.007728976183897997,None,None,-0.00011882615224444753,-0.7186605687744186,-0.8970007803432498,-0.5456746388285606,0.37492311049628,-3.5690472414070733,1 days 01:39:14.959785521,false
XMR-USD,false,7,60,324,17.956656346749224,0.38387365895337816,0.44490358126721763,0.0001,0.000027625625148844963,13.388429752066116,26.735537190082646,0.0013388429752066117,-2.8756668656696647,0,0,17424,726 days 01:00:00,1000.0,127.78174376856475,-87.22182562314352,34.915698157888286,100.0,258.3009597628072,87.84772285794405,725 days 03:00:00,323,1,5.912688750482218,24.87919777977617,-4.662151415078468,3.0865491411772616,-1.424296175979178,3 days 18:20:41.379310344,0 days 16:29:26.037735849,-2.71867165629077,-2.0690080509841504,-0.7336940421042037,0.9172075224163165,0.3510263152904462,22.399750774443124,1.0039030055054319,0.37823301431622236,-0.0076444642420773045,None,None,-0.00010647594917984307,-0.6439665406396908,-0.872218256231435,-0.5103717387995861,0.37458232763237836,-3.4980690699274484,1 days 05:45:08.359133126,false
XMR-USD,false,8,67,291,17.93103448275862,0.4039104917215554,0.39944903581267216,0.0001,0.000027586206896551727,12.024793388429753,24.00826446280992,0.0012024793388429754,-2.823155720703501,0,0,17424,726 days 01:00:00,1000.0,129.56896425059767,-87.04310357494023,34.915698157888286,100.0,238.51832589956967,87.65498725005472,725 days 01:00:00,290,1,5.99538662364543,24.36072994953201,-6.070947836557035,3.512869879253629,-1.5921482140171452,4 days 08:18:27.692307692,0 days 17:41:05.546218487,-3.0221600771484423,-2.0387015320736146,-0.7324657047188624,0.9182341246736848,0.27022749844944455,22.484771395967265,0.9943076429126727,0.38063544885508277,-0.00765091347101138,None,None,-0.00010553811002417744,-0.6382944894262251,-0.8704310357494027,-0.508005587653359,0.37680235426827086,-3.4929503967336575,1 days 09:13:02.068965516,false
XMR-USD,false,4,37,537,17.91044776119403,0.3504469656709565,0.7382920110192838,0.0001,0.000027554535017221583,22.1900826446281,44.33884297520661,0.00221900826446281,-4.467918609498598,0,0,17424,726 days 01:00:00,1000.0,38.617790256051876,-96.13822097439481,34.915698157888286,100.0,332.77587342232124,96.39047253416256,722 days 11:00:00,536,1,1.786913899289047,21.474230976048723,-11.465212964445207,2.3257983165382146,-1.2278493977822929,2 days 06:21:52.500000,0 days 09:36:32.727272727,-1.7969573202299225,-3.3114875021642196,-0.8353744258952709,0.868862503721593,-0.46540945857510724,35.80978138619195,1.0055416888333863,0.36570264127282703,-0.007843629439158327,None,None,-0.0001745350298732906,-1.0555878606736615,-0.9613822097439481,-0.6767849661582016,0.3836342991303723,-3.753438311319429,0 days 17:37:29.999999998,false
XMR-USD,false,3,30,706,17.872340425531917,0.32092973737278574,0.9710743801652892,0.0001,0.000027495908346972177,29.173553719008265,58.30578512396694,0.0029173553719008265,-5.763610984128593,0,0,17424,726 days 01:00:00,1000.0,15.164478920814645,-98.48355210791854,34.915698157888286,100.0,374.13753002495696,98.57283969211775,722 days 11:00:00,705,1,0.3050694318943581,14.34490328265698,-11.805396837296534,1.8271302888989902,-1.106214506192607,1 days 15:18:34.285714285,0 days 07:43:25.181347150,-1.3973625397320253,-4.323695206102433,-0.8909695532258186,0.8317025961749697,-0.5557138415564735,36.04535153852089,1.0141429297034086,0.35624221668742223,-0.007916696128544263,None,None,-0.00022813680100014733,-1.379771372448891,-0.9848355210791854,-0.7663380862150652,0.38405924206762876,-3.8206095625691723,0 days 13:22:07.659574466,false
XMR-USD,false,9,72,264,17.870722433460077,0.423544642619943,0.3622589531680441,0.0001,0.00002749341912840012,10.90909090909091,21.776859504132233,0.001090909090909091,-2.3836495374733864,0,0,17424,726 days 01:00:00,1000.0,170.9302577498877,-82.90697422501123,34.915698157888286,100.0,237.3301569510444,84.05117282660369,722 days 11:00:00,263,1,7.909247301752771,25.899293245929744,-6.070947836557037,3.675184579308032,-1.5815044617795295,4 days 20:20:25.531914893,0 days 19:15:16.666666666,-3.182429618067935,-1.718527335178983,-0.7002269475644185,0.9305104973555275,0.2043764872441785,22.937165854025217,0.9955960178222789,0.3821686364718014,-0.007631521799382673,None,None,-0.00008949716047557888,-0.5412788265563011,-0.829069742250114,-0.4583471498981211,0.3790624421637865,-3.3744899457575523,1 days 12:36:16.425855512,false
XMR-USD,false,8,82,253,17.857142857142858,0.4289947785815769,0.34710743801652894,0.0001,0.000027472527472527476,10.454545454545455,20.867768595041323,0.0010454545454545456,-2.106989064693279,0,0,17424,726 days 01:00:00,1000.0,206.86047629954362,-79.31395237004564,34.915698157888286,100.0,236.17400512881693,80.77328988037445,722 days 11:00:00,252,1,9.571802473997792,20.60557174525708,-6.070947836557032,3.5377689071371945,-1.5015405369462216,4 days 22:14:40,0 days 20:53:02.608695652,-3.1853624054541876,-1.51490513523781,-0.6773653076063961,0.938618872928957,0.20906448278699943,22.755714228594513,0.9970037211933931,0.3844748132846019,-0.007615090235589462,None,None,-0.00007862878580986734,-0.47554689657807764,-0.7931395237004526,-0.4212643854194339,0.37779314711609435,-3.271584317500658,1 days 14:16:11.428571427,false
XMR-USD,false,8,86,242,17.842323651452283,0.4240812183524638,0.3319559228650138,0.0001,0.000027449728694541977,10.0,19.958677685950413,0.001,-2.0366704125613464,0,0,17424,726 days 01:00:00,1000.0,213.9568336238931,-78.6043166376107,34.915698157888286,100.0,230.06054992832665,80.11371678250055,722 days 11:00:00,241,1,9.900163559733812,20.605571745257077,-6.070947836557043,3.5382965424742037,-1.5213973824180977,5 days 03:44:39.069767441,0 days 21:55:09.090909090,-3.3026694188209103,-1.4687070973266427,-0.6732748868999104,0.940331259490658,0.11879899149532386,23.28695345023848,0.9935941011713857,0.38623707239459026,-0.007615090235589401,None,None,-0.00007658109311874167,-0.4631624511821496,-0.786043166376106,-0.41444921198309526,0.3795284283008669,-3.2512600573576704,1 days 16:05:13.692946056,false
XMR-USD,false,8,51,332,17.82477341389728,0.3768301204226119,0.4559228650137741,0.0001,0.000027422728329072738,13.71900826446281,27.396694214876035,0.001371900826446281,-3.1234675942053034,0,0,17424,726 days 01:00:00,1000.0,107.55335357143554,-89.24466464285643,34.915698157888286,100.0,253.35782416910465,89.86410405159441,722 days 11:00:00,331,1,4.976685127182478,23.46552052400138,-6.189806240950023,2.9981042866507974,-1.443002084389877,3 days 14:05:05.084745762,0 days 16:39:29.117647058,-2.7112487358179695,-2.257066552342516,-0.7500592953942415,0.909831078807752,0.30349138893803096,22.476211616583523,1.0017486181046131,0.3770349296665086,-0.00768485676173241,None,None,-0.00011632821302150472,-0.7035530323540605,-0.8924466464285653,-0.5388005692040991,0.37514454530722197,-3.55600401399088,1 days 05:01:59.637462234,false
XMR-USD,false,5,52,422,17.81472684085511,0.3736539687264883,0.5798898071625345,0.0001,0.00002740727206285401,17.43801652892562,34.83471074380165,0.001743801652892562,-3.467689664447678,0,0,17424,726 days 01:00:00,1000.0,86.13839552121851,-91.38616044787815,34.915698157888286,100.0,308.45640927332823,91.81898472526777,722 days 11:00:00,421,1,3.9857768970921654,24.427265072754313,-4.883466848536493,2.612955945423411,-1.25284616119958,2 days 23:50:24,0 days 12:00:52.023121387,-2.1801600507740435,-2.506353706875726,-0.771585092211247,0.9004892129095863,0.3238800837606188,22.476777800074125,1.015051875263237,0.37193921738445795,-0.007713392625225405,None,None,-0.00012908558736774656,-0.7807096324001312,-0.9138616044787818,-0.5730076516517522,0.3748809218182255,-3.617337337338387,0 days 22:40:19.952494061,false
XMR-USD,false,7,56,338,17.804154302670625,0.3819029400378499,0.4641873278236915,0.0001,0.00002739100661949327,13.966942148760332,27.892561983471076,0.0013966942148760332,-3.0027918532351463,0,0,17424,726 days 01:00:00,1000.0,117.79038288349625,-88.22096171165038,34.915698157888286,100.0,265.78045139467605,88.8247780861995,722 days 11:00:00,337,1,5.450370696549953,23.46552052400138,-4.662151415078474,2.949892403194016,-1.3858723058011364,3 days 13:14:00,0 days 16:11:02.815884476,-2.6340058985550545,-2.160381808107519,-0.7416727590441575,0.9136439418106898,0.3602577496249603,22.418385347223758,1.0106561770113587,0.3754045307443366,-0.007672555628129347,None,None,-0.00011115330218968996,-0.6722551716432449,-0.8822096171165047,-0.5240143961989021,0.3744982582589474,-3.5266847397040855,1 days 04:28:39.881305637,false
XMR-USD,false,5,51,423,17.77251184834123,0.3684830352670486,0.581267217630854,0.0001,0.000027342325920524974,17.479338842975206,34.917355371900825,0.0017479338842975208,-3.573226264199199,0,0,17424,726 days 01:00:00,1000.0,80.28254832903679,-91.97174516709632,34.915698157888286,100.0,303.8312181368108,92.37514525084823,722 days 11:00:00,422,1,3.714816423423372,24.427265072754313,-4.88346684853649,2.605113786433627,-1.2677927283490273,2 days 23:04:00,0 days 12:07:57.233429394,-2.1882281234464105,-2.5862067649152354,-0.7779145195059052,0.8974969615552402,0.31469012293169635,22.482051440960106,1.0137510729629655,0.37118350645262826,-0.007729436152366649,None,None,-0.00013313584454533437,-0.8052055878101823,-0.9197174516709635,-0.5833151854365223,0.3747051813806841,-3.634108725284581,0 days 22:36:23.886255923,false
XMR-USD,false,8,70,288,17.770034843205575,0.40573982563374084,0.3953168044077135,0.0001,0.000027338515143393195,11.900826446280993,23.7603305785124,0.0011900826446280995,-2.7081301649032317,0,0,17424,726 days 01:00:00,1000.0,139.55961051798863,-86.04403894820113,34.915698157888286,100.0,242.56953286910445,86.84176178063147,722 days 11:00:00,287,1,6.457671610945624,24.360729949532004,-6.070947836557046,3.499395552033582,-1.557755265299165,4 days 11:41:10.588235294,0 days 17:35:50.847457627,-3.0205507355155263,-1.9551056534242774,-0.7236417713012009,0.921479410320224,0.26300026854047215,22.455681553025247,0.994761514587796,0.3819494012213498,-0.007631521799382596,None,None,-0.00010126338039415726,-0.6124409246238631,-0.8604403894820125,-0.49515648257835,0.376998944066631,-3.464336773651531,1 days 09:36:22.578397211,false
XMR-USD,false,8,54,322,17.75700934579439,0.3938872503703801,0.44214876033057854,0.0001,0.000027318475916606757,13.305785123966942,26.5702479338843,0.0013305785123966943,-2.980431079746682,0,0,17424,726 days 01:00:00,1000.0,118.34257015721664,-88.16574298427834,34.915698157888286,100.0,256.1913961777143,88.84732146837473,722 days 11:00:00,321,1,5.475921384662357,23.465520524001406,-6.18980624095,3.157040447733289,-1.4611730079885228,3 days 17:33:41.052631578,0 days 17:08:38.181818181,-2.763655299773978,-2.15025660999204,-0.7405805469607,0.9140085231170418,0.31686914846167935,22.41546493477581,1.0024301583454545,0.37866919851254055,-0.007651528558414954,None,None,-0.00011083982950150305,-0.6703592888250904,-0.8816574298427816,-0.5232410998868395,0.3752005808221711,-3.5251032525712107,1 days 06:00:11.214953269,false
XMR-USD,false,7,55,339,17.75147928994083,0.3785842404652423,0.465564738292011,0.0001,0.000027309968138370506,14.008264462809917,27.97520661157025,0.0014008264462809917,-3.0267698089564097,0,0,17424,726 days 01:00:00,1000.0,115.3687606210633,-88.46312393789367,34.915698157888286,100.0,262.7803812730759,89.05452660650828,722 days 11:00:00,338,1,5.338317923698952,23.46552052400137,-4.662151415078456,2.9447443913007487,-1.3872155106179367,3 days 13:10:00,0 days 16:09:55.683453237,-2.6330460275225915,-2.1799980666405347,-0.7437397925291438,0.9128798979927083,0.3431131963886988,22.392962497766604,1.0097295510360484,0.37583892617449666,-0.007697257727836884,None,None,-0.00011231346065125341,-0.6792718100187807,-0.8846312393789376,-0.52743393607308,0.3750020527139788,-3.5336203657697087,1 days 04:24:51.124260354,false
XMR-USD,false,6,59,356,17.74647887323944,0.3674390175739709,0.4889807162534435,0.0001,0.000027302275189599143,14.710743801652892,29.380165289256198,0.0014710743801652894,-3.1988963514729507,0,0,17424,726 days 01:00:00,1000.0,102.85017641731429,-89.71498235826857,34.915698157888286,100.0,270.0617873913266,90.24221233346496,722 days 11:00:00,355,1,4.759060748060989,23.46552052400139,-4.883466848536491,2.8196286909004784,-1.3634884968290437,3 days 10:42:51.428571428,0 days 15:03:54.246575342,-2.5405884065654845,-2.3067106317584125,-0.7549456192857706,0.9081105077213049,0.3411863328498284,22.346830199497887,1.0080369894613177,0.3760562268024955,-0.007700477108840232,None,None,-0.00011889395656800349,-0.7190706493232851,-0.8971498235826857,-0.5459029302519699,0.3751669795531876,-3.56947410739372,1 days 03:04:13.521126759,false
XMR-USD,false,2,30,852,17.743830787309047,0.3053845152793245,1.1721763085399448,0.0001,0.00002729820121124469,35.20661157024794,70.37190082644628,0.003520661157024794,-6.2531219400489855,0,0,17424,726 days 01:00:00,1000.0,10.635958460555571,-98.93640415394445,34.915698157888286,100.0,423.1680144600212,98.99579346926221,722 days 11:00:00,851,1,0.2139675106646699,14.34490328265699,-11.805396837296515,1.5997617149197052,-0.9823787324297553,1 days 10:12:42.913907284,0 days 06:01:58.285714285,-1.1628413737369119,-4.703217276643569,-0.9072493200770381,0.8185686493912377,-0.5532102788993687,35.9588453166901,1.0210161376407654,0.3553982576228998,-0.008005761060348735,None,None,-0.00024845893835448023,-1.5026796591678964,-0.9893640415394447,-0.7934054792685564,0.3845187545835211,-3.833579431995186,0 days 11:01:58.448883664,false
XMR-USD,false,7,58,334,17.71771771771772,0.3782022669721162,0.45867768595041325,0.0001,0.00002725802725802726,13.801652892561984,27.56198347107438,0.0013801652892561985,-3.0185918407823507,0,0,17424,726 days 01:00:00,1000.0,116.49826244773328,-88.35017375522666,34.915698157888286,100.0,260.266894772917,88.94736646952506,722 days 11:00:00,333,1,5.390581983863186,23.46552052400138,-4.662151415078478,3.0136298224268425,-1.4080485250044745,3 days 15:48:48.813559322,0 days 16:08:45.547445255,-2.6693463049133004,-2.1729655073057477,-0.7427718836528053,0.9132228407506016,0.3552180541053036,22.42481816049528,1.005713222818648,0.3768173198482933,-0.007653090036454198,None,None,-0.00011178856546472446,-0.6760972439306535,-0.8835017375522648,-0.5258332085299946,0.3744574666687533,-3.5303854259396,1 days 04:50:37.837837836,false
XMR-USD,false,7,61,323,17.70186335403727,0.38150005816193105,0.44352617079889806,0.0001,0.00002723363592928811,13.347107438016529,26.65289256198347,0.0013347107438016529,-2.8612187471817516,0,0,17424,726 days 01:00:00,1000.0,129.08047013447435,-87.09195298655257,34.915698157888286,100.0,254.10717900473145,87.72421160927293,725 days 03:00:00,322,1,5.972783131316277,25.045904641605777,-4.6478975404517335,3.138338663067719,-1.4194573953414964,3 days 19:35:47.368421052,0 days 16:34:24.905660377,-2.7232680527852215,-2.057887897171593,-0.7326618275550235,0.9176333575845916,0.3532597992451638,22.401084722755378,1.0055572232276306,0.3780150257018584,-0.007644464242077429,None,None,-0.00010589719248950232,-0.64046622017651,-0.8709195298655249,-0.5086501913974157,0.37455938020608986,-3.494349464035461,1 days 05:51:14.534161489,false
XMR-USD,false,8,84,244,17.695473251028808,0.4247206028135766,0.3347107438016529,0.0001,0.000027223805001582785,10.082644628099175,20.123966942148762,0.0010082644628099176,-2.042075293528942,0,0,17424,726 days 01:00:00,1000.0,213.52851602987573,-78.64714839701243,34.915698157888286,100.0,232.89745654984532,80.15352689203249,722 days 11:00:00,243,1,9.88034454220363,20.60557174525707,-6.070947836557023,3.549167207563326,-1.509661099055142,5 days 03:11:09.767441860,0 days 21:45:00,-3.2771680185692476,-1.4725866944311814,-0.6735191211510564,0.940112726210495,0.11963918263393605,23.370802442430595,0.9946260724888982,0.38524525001987436,-0.007614668757779249,None,None,-0.00007671675995963735,-0.4639829642358867,-0.7864714839701257,-0.41485633659934695,0.3791991235608666,-3.2524867766175305,1 days 15:41:58.518518518,false
XMR-USD,false,4,38,538,17.690875232774676,0.3384292088157523,0.7396694214876033,0.0001,0.00002721673112734566,22.231404958677686,44.421487603305785,0.002223140495867769,-4.4946408597383645,0,0,17424,726 days 01:00:00,1000.0,38.0844197873198,-96.19155802126802,34.915698157888286,100.0,325.2270139096956,96.44032560300958,722 days 11:00:00,537,1,1.7622338982395718,21.474230976048723,-11.4652129644452,2.328874561452969,-1.2208063188146212,2 days 06:54:56.842105263,0 days 09:36:22.805429864,-1.7945583130557172,-3.332253230148212,-0.8363497906787849,0.8682110589903667,-0.4710076705201128,35.96445340450116,1.0063439962130274,0.3661309290474324,-0.007836414674267477,None,None,-0.00017536896879808984,-1.0606315232908474,-0.9619155802126803,-0.6783414364568604,0.3830651957427483,-3.754965906346514,0 days 17:37:19.106145250,false
XMR-USD,false,9,71,267,17.669172932330827,0.4235829648513337,0.36639118457300274,0.0001,0.00002718334297281666,11.03305785123967,22.024793388429753,0.001103305785123967,-2.3940208077161027,0,0,17424,726 days 01:00:00,1000.0,169.80102308128642,-83.01989769187136,34.915698157888286,100.0,239.14259960442135,84.26353838199674,722 days 11:00:00,266,1,7.856995603468079,25.899293245929734,-6.0709478365570275,3.7061922439702175,-1.5693918476849378,4 days 20:10:12.765957446,0 days 19:02:27.945205479,-3.1505863628653463,-1.7260439213924397,-0.7000865870590816,0.9302140107217086,0.20439903771863455,22.946836037896954,0.9976376222984195,0.3818398096748612,-0.007624566622412814,None,None,-0.00008987982808129245,-0.5435932002356567,-0.8301989769187137,-0.4595918488853642,0.3790254173976459,-3.3777241204359303,1 days 12:12:10.827067668,false
XMR-USD,false,7,51,352,17.663817663817664,0.3708092232210655,0.4834710743801653,0.0001,0.00002717510409818102,14.545454545454547,29.049586776859506,0.0014545454545454547,-3.192863731278904,0,0,17424,726 days 01:00:00,1000.0,103.16436540263044,-89.68356345973696,34.915698157888286,100.0,259.9053385582359,90.20193905331024,722 days 11:00:00,351,1,4.773598831704334,23.46552052400138,-6.189806240950011,2.9307021566803346,-1.3893362545389798,3 days 09:22:15.483870967,0 days 15:45:40.484429065,-2.5686872747267095,-2.304969062653807,-0.7547404590287952,0.9081317844852218,0.3223726986825583,22.414245857670362,1.010224915625241,0.37475345167652857,-0.0077104679940625176,None,None,-0.00011873228972631382,-0.718092888264746,-0.8968356345973706,-0.545421934750097,0.37493992383955227,-3.56857425717765,1 days 03:21:01.538461537,false
XMR-USD,false,6,54,369,17.66304347826087,0.3639724564302791,0.5068870523415978,0.0001,0.000027173913043478262,15.24793388429752,30.454545454545457,0.001524793388429752,-3.284310215300117,0,0,17424,726 days 01:00:00,1000.0,97.38932195267319,-90.26106780473269,34.915698157888286,100.0,273.69545560294034,90.75042522362325,722 days 11:00:00,368,1,4.506377291028301,23.465520524001406,-4.883466848536489,2.7893854075337137,-1.343581042671733,3 days 06:51:41.538461538,0 days 14:43:57.623762376,-2.464991998202054,-2.369155731486471,-0.7602194839812388,0.9058039757094491,0.344003174286724,22.35018714293977,1.008970281153407,0.37475345167652857,-0.007713392625225399,None,None,-0.00012203862696649993,-0.7380896158933916,-0.9026106780473271,-0.5544207970025008,0.37493989036885156,-3.5851142198724895,1 days 02:03:35.217391303,false
XMR-USD,false,6,57,358,17.647058823529413,0.37434945480692694,0.49173553719008267,0.0001,0.00002714932126696833,14.793388429752067,29.545454545454547,0.0014793388429752067,-3.142663064947651,0,0,17424,726 days 01:00:00,1000.0,106.73971322112243,-89.32602867788776,34.915698157888286,100.0,271.559370184212,89.87319717398935,722 days 11:00:00,357,1,4.939036539799403,23.465520524001388,-4.8834668485365,2.8934260795595845,-1.3567762711079714,3 days 10:13:20,0 days 15:00:48.979591836,-2.515964491088731,-2.2659439867185953,-0.7513653842774836,0.9096109830471606,0.3387609716810741,22.37502553265654,1.0082365907908708,0.37573030159482085,-0.007707233942765826,None,None,-0.00011676868053463969,-0.7062169798735008,-0.8932602867788786,-0.5400145504856078,0.37508970734686053,-3.5583343135215784,1 days 02:52:26.218487394,false
XMR-USD,false,7,63,330,17.62917933130699,0.36960171264387015,0.453168044077135,0.0001,0.00002712181435585691,13.636363636363637,27.231404958677686,0.0013636363636363637,-3.084038114582182,0,0,17424,726 days 01:00:00,1000.0,109.49158249165635,-89.05084175083437,34.915698157888286,100.0,250.53454430773044,89.6603695652815,722 days 11:00:00,329,1,5.066370429593164,25.045904641605777,-4.826571856896927,3.1005519360382174,-1.4513995714843968,3 days 21:19:39.310344827,0 days 15:33:39.188191881,-2.7221118174405374,-2.228144098949028,-0.7484845749009136,0.9110521068916246,0.2798431116819284,22.55989695726889,1.0041216962077424,0.3776881720430108,-0.007657021924246468,None,None,-0.00011522406460230486,-0.6968751427147398,-0.8905084175083446,-0.5359326193984015,0.3764071473103307,-3.550452846400142,1 days 05:16:13.860182369,false
XMR-USD,false,9,74,262,17.624521072796934,0.4192761952438836,0.359504132231405,0.0001,0.000027114647804302972,10.826446280991735,21.611570247933884,0.0010826446280991736,-2.3620258861893277,0,0,17424,726 days 01:00:00,1000.0,173.24000289173205,-82.6759997108268,34.915698157888286,100.0,235.55153984976724,83.9801467707685,722 days 11:00:00,261,1,8.016123321079903,20.605571745257087,-6.070947836557037,3.59491834641739,-1.554353465114842,4 days 22:13:02.608695652,0 days 19:30:25.116279069,-3.1983759403423284,-1.7029377641505512,-0.697502005153209,0.9311635049713133,0.1972982986140604,22.835473575894806,0.9968745036616904,0.3821686364718014,-0.007633542887437731,None,None,-0.00008871794988475024,-0.5365661609029695,-0.8267599971082684,-0.4558178560610797,0.3792020402628128,-3.367874740380877,1 days 12:54:15.172413792,false
XMR-USD,false,8,85,245,17.62295081967213,0.4244985233159047,0.33608815426997246,0.0001,0.000027112232030264818,10.12396694214876,20.206611570247933,0.0010123966942148762,-2.0406320435099072,0,0,17424,726 days 01:00:00,1000.0,213.46544335172632,-78.65345566482736,34.915698157888286,100.0,232.24801935103557,80.15938920135775,722 days 11:00:00,244,1,9.877426057109005,20.60557174525708,-6.0709478365570435,3.5416982334077107,-1.5008788453321238,5 days 04:26:30.697674418,0 days 21:24:46.567164179,-3.2639835356778035,-1.4715223718205457,-0.6735551145469759,0.9402043841383663,0.11903270341404361,23.301919953324383,0.9952710051107926,0.38557569974554706,-0.007615090235589356,None,None,-0.00007671655831888829,-0.46398174471263637,-0.7865345566482731,-0.4149163334944739,0.3794723932796371,-3.2526674193698653,1 days 15:34:10.819672130,false
XMR-USD,false,3,32,688,17.612809315866084,0.33553627176417194,0.9462809917355371,0.0001,0.000027096629716717054,28.429752066115704,56.81818181818182,0.0028429752066115705,-5.431374832678341,0,0,17424,726 days 01:00:00,1000.0,19.248852227503335,-98.07511477724967,34.915698157888286,100.0,375.96023335520977,98.20371520487421,722 days 11:00:00,687,1,0.8906786577539556,14.34490328265698,-11.805396837296515,1.9314439751496204,-1.1001266854287035,1 days 17:39:40.165289256,0 days 07:41:58.727915194,-1.4288818434210344,-4.058698725443512,-0.8785266024353702,0.8413828736792115,-0.5303302543806951,35.836943430865084,1.0194310546469942,0.35846261791533485,-0.007900191755396892,None,None,-0.00021442346425405712,-1.2968331118085374,-0.9807511477724982,-0.7461726979751376,0.3845416960542655,-3.8089117489146407,0 days 13:40:52.401746724,false
XMR-USD,false,3,31,694,17.604617604617605,0.3230211980525799,0.9545454545454546,0.0001,0.000027084027084027085,28.677685950413224,57.31404958677686,0.0028677685950413223,-5.567354445415028,0,0,17424,726 days 01:00:00,1000.0,17.564652829523652,-98.24353471704764,34.915698157888286,100.0,371.73778784698806,98.34903528096568,722 days 11:00:00,693,1,0.3533546182565921,14.344903282656981,-11.80539683729652,1.8765018923054604,-1.0936809376611993,1 days 16:55:34.426229508,0 days 07:46:58.213660245,-1.4181655148466565,-4.169667138170659,-0.8835069017570291,0.8372549158098521,-0.5490599511179876,36.16973317484165,1.0152468125274305,0.3577216767960106,-0.007900191755396873,None,None,-0.00021973714889558189,-1.3289702765204792,-0.9824353471704755,-0.7541125826808538,0.3835836104833579,-3.813735365473484,0 days 13:37:03.376623376,false
XMR-USD,false,5,53,416,17.59036144578313,0.3674891258471803,0.571625344352617,0.0001,0.00002706209453197405,17.1900826446281,34.33884297520661,0.00171900826446281,-3.4663084474682755,0,0,17424,726 days 01:00:00,1000.0,85.95671045678387,-91.40432895432161,34.915698157888286,100.0,298.6223810297125,91.83624030889389,722 days 11:00:00,415,1,3.9773700057402834,23.46552052400138,-4.883466848536504,2.6708054683523326,-1.2654218512608963,3 days 01:21:22.191780821,0 days 12:14:44.210526315,-2.212097974816759,-2.507398618327163,-0.7717769083695769,0.9003807916915232,0.31480713391585563,22.465881361254773,1.012999849445952,0.37204724409448825,-0.007713392625225393,None,None,-0.00012919619339182354,-0.7813785776337487,-0.9140432895432173,-0.573320461792818,0.37504577727521343,-3.6178576908584943,0 days 22:59:42.650602408,false
XMR-USD,false,8,63,297,17.56756756756757,0.38808736651550957,0.40771349862258954,0.0001,0.00002702702702702703,12.272727272727273,24.50413223140496,0.0012272727272727275,-2.812848591665087,0,0,17424,726 days 01:00:00,1000.0,130.2791731868615,-86.97208268131385,34.915698157888286,100.0,234.18864651980977,87.68030356809022,722 days 11:00:00,296,1,6.028249255380544,25.045904641605777,-6.070947836557042,3.4991437953710616,-1.548316750378265,4 days 07:24:13.846153846,0 days 17:25:19.672131147,-2.9586117434747274,-2.0322849374224847,-0.7311307635819357,0.9184113370400604,0.25289803435065805,22.598855502909664,0.997482398578006,0.3798701298701298,-0.007638748123339048,None,None,-0.00010522051837096623,-0.6363736951076038,-0.8697208268131384,-0.5070712392952237,0.3768545672472065,-3.4909163290399445,1 days 08:31:37.297297295,false
XMR-USD,false,8,64,297,17.56756756756757,0.3890708720503558,0.40771349862258954,0.0001,0.00002702702702702703,12.272727272727273,24.50413223140496,0.0012272727272727275,-2.8494851132872725,0,0,17424,726 days 01:00:00,1000.0,126.86533259151236,-87.31346674084877,34.915698157888286,100.0,233.01623703415686,87.97990806252307,722 days 11:00:00,296,1,5.870284774001874,24.360729949532004,-6.070947836557032,3.4772634999744008,-1.555145129815955,4 days 07:56:32.307692307,0 days 17:19:55.081967213,-2.9696113249408453,-2.0600815723115455,-0.7340510051219769,0.9173355809597858,0.24756392169249136,22.557196425668597,0.9970623290340286,0.37997940920250256,-0.007638748123338998,None,None,-0.0001067287857557624,-0.645495696250851,-0.8731346674084883,-0.5115933884303632,0.37709875236590706,-3.5006937093458226,1 days 08:32:50.270270269,false
XMR-USD,false,9,73,263,17.557251908396946,0.42382255211902825,0.3608815426997245,0.0001,0.00002701115678214915,10.867768595041323,21.694214876033058,0.0010867768595041324,-2.4027190462685306,0,0,17424,726 days 01:00:00,1000.0,168.8572819014562,-83.11427180985437,34.915698157888286,100.0,236.0972606094223,84.38542583932622,722 days 11:00:00,262,1,7.813327019108613,25.899293245929734,-6.070947836557037,3.745467470842185,-1.584821089653575,4 days 22:03:54.782608695,0 days 19:25:50,-3.202122309609363,-1.7333745268506269,-0.7004350905612181,0.9299551642422766,0.19379486553813835,22.917456911833913,0.9958012421090968,0.3819494012213498,-0.007631521799382611,None,None,-0.00009021221479288069,-0.5456034750673424,-0.8311427180985425,-0.4606362400414188,0.378818237902652,-3.3804270341097813,1 days 12:44:53.129770991,false
XMR-USD,false,2,26,941,17.5531914893617,0.3038010585206442,1.2947658402203857,0.0001,0.000027004909983633386,38.88429752066116,77.72727272727273,0.003888429752066116,-7.052802715024889,0,0,17424,726 days 01:00:00,1000.0,5.831027789690097,-99.416897221031,34.915698157888286,100.0,430.7432479426142,99.44020288695702,722 days 11:00:00,940,1,0.0183367518638331,15.368985863521786,-11.805396837296529,1.5597687441738919,-0.9820131730207191,1 days 06:18:10.909090909,0 days 05:38:56.516129032,-1.0576460733640154,-5.344064060935914,-0.9299078388765629,0.7962817224589787,-0.5933458487071924,35.82226357827595,1.0203459648750464,0.3506704906596388,-0.00807824187966046,None,None,-0.00028289047568404787,-1.7109215969371214,-0.9941689722103109,-0.8323058099659952,0.38530497336325414,-3.8473409516679062,0 days 09:58:35.744680850,false
XMR-USD,false,7,64,326,17.53846153846154,0.37531601518324553,0.4476584022038568,0.0001,0.000026982248520710064,13.47107438016529,26.90082644628099,0.001347107438016529,-3.0633539106456444,0,0,17424,726 days 01:00:00,1000.0,110.843420140077,-88.9156579859923,34.915698157888286,100.0,252.06405504713155,89.51337104034455,722 days 11:00:00,325,1,5.12892236401332,25.045904641605787,-4.826571856896942,3.1598766986563174,-1.464171121671488,3 days 22:45:15.789473684,0 days 15:46:47.462686567,-2.751647699150575,-2.213438566777213,-0.7474400401387375,0.9116216263965073,0.2774075762702898,22.529259114867113,1.002783789036153,0.3780150257018584,-0.007658393323117602,None,None,-0.00011451030681159295,-0.6925583355965141,-0.8891565798599226,-0.5339519057190816,0.3765607496052157,-3.546581127603892,1 days 05:37:50.769230768,false
XMR-USD,false,9,70,269,17.537313432835823,0.4185344132599736,0.3691460055096419,0.0001,0.000026980482204362807,11.115702479338843,22.1900826446281,0.0011115702479338845,-2.4456534773197625,0,0,17424,726 days 01:00:00,1000.0,164.448623184491,-83.55513768155089,34.915698157888286,100.0,238.35934251941617,84.75957682753553,722 days 11:00:00,268,1,7.609330532351294,24.283808014060497,-6.070947836557034,3.739763443082901,-1.5772546632765505,4 days 19:15:19.148936170,0 days 19:04:20.633484162,-3.14612204234276,-1.7644478221173765,-0.7037174590504502,0.9287097932005451,0.20089806431530047,23.055562797747584,0.99559694518074,0.3821686364718014,-0.007618027989106627,None,None,-0.00009175083850235955,-0.5549090712622706,-0.8355513768155076,-0.46556624256470436,0.37849414545999643,-3.3930536145580064,1 days 11:56:25.074626864,false
XMR-USD,false,4,45,503,17.52988047808765,0.34535802018591666,0.6914600550964187,0.0001,0.000026969046889365622,20.785123966942148,41.52892561983471,0.002078512396694215,-4.197913298063919,0,0,17424,726 days 01:00:00,1000.0,47.48253961730734,-95.25174603826927,34.915698157888286,100.0,323.7831822984889,95.54063498100433,722 days 11:00:00,502,1,2.1971016325154054,21.12387912204323,-11.520637103641038,2.3767301473981317,-1.2211960986734982,2 days 13:00:00,0 days 09:57:06.086956521,-1.9018218366836794,-3.0986535939686966,-0.8204862495586229,0.8768828734556987,-0.44040390435471327,36.2119869406388,1.013708133461949,0.3663451736846232,-0.00778212484576159,None,None,-0.00016276182817725473,-0.9843835368160366,-0.9525174603826931,-0.6527506432544972,0.3823292065463579,-3.728049303426277,0 days 18:54:01.434262947,false
XMR-USD,false,2,27,928,17.475728155339805,0.3005430019299239,1.2768595041322315,0.0001,0.0000268857356235997,38.34710743801653,76.65289256198348,0.003834710743801653,-6.967023083548357,0,0,17424,726 days 01:00:00,1000.0,6.168540225556967,-99.3831459774443,34.915698157888286,100.0,426.4201111128193,99.40807608625934,722 days 11:00:00,927,1,0.019398122519349137,15.368985863521779,-11.805396837296522,1.5815270571085176,-0.9859815520205959,1 days 07:02:57.777777777,0 days 05:41:52.941176470,-1.0721152728122565,-5.278188331998244,-0.9280350781304908,0.798571829781755,-0.5969250715242822,35.71497403571877,1.0197120871462964,0.3515085705421546,-0.00807824187966049,None,None,-0.0002796411382110807,-1.6912696039006163,-0.9938314597744426,-0.8289985100200785,0.38563293981579166,-3.8463743021272307,0 days 10:07:42.135922329,false
XMR-USD,false,6,53,373,17.473118279569892,0.367378551669821,0.512396694214876,0.0001,0.000026881720430107527,15.413223140495868,30.785123966942148,0.0015413223140495868,-3.2716526447734458,0,0,17424,726 days 01:00:00,1000.0,98.17206570259862,-90.18279342974014,34.915698157888286,100.0,277.7437923369049,90.6760839436912,722 days 11:00:00,372,1,4.542596237711933,23.46552052400138,-4.883466848536506,2.810067191244722,-1.327702886923989,3 days 05:57:13.846153846,0 days 14:42:01.172638436,-2.436479920793315,-2.3593977907945973,-0.7594637042847693,0.9061663599889783,0.34524169122610565,22.32426358040956,1.0086324234368755,0.37464499842221516,-0.007744458309297651,None,None,-0.00012157238241783516,-0.735269768863067,-0.9018279342974026,-0.5531810410535511,0.37505218800173645,-3.5828724094799664,1 days 01:45:09.677419353,false
XMR-USD,false,6,58,356,17.464788732394364,0.370730032797099,0.4889807162534435,0.0001,0.00002686890574214518,14.710743801652892,29.380165289256198,0.0014710743801652894,-3.1493261025609005,0,0,17424,726 days 01:00:00,1000.0,106.4516968204058,-89.35483031795943,34.915698157888286,100.0,271.2677194847738,89.90052238606553,722 days 11:00:00,355,1,4.92570950823567,23.465520524001374,-4.8834668485365,2.8833091770944574,-1.3509518109314163,3 days 10:34:50.322580645,0 days 15:16:35.221843003,-2.5309127117967067,-2.2696439213294837,-0.7516273120826434,0.9094952181421077,0.34623914697064545,22.364615389033464,1.008511301159678,0.37562169416594304,-0.007705955313607394,None,None,-0.00011692985966561675,-0.7071917912576501,-0.8935483031795934,-0.5404457291258775,0.37499514550569235,-3.5591592043755838,1 days 03:01:51.549295773,false
XMR-USD,false,2,33,826,17.454545454545457,0.30797301865173166,1.1363636363636365,0.0001,0.000026853146853146856,34.13223140495868,68.22314049586777,0.0034132231404958684,-6.074801490910559,0,0,17424,726 days 01:00:00,1000.0,12.184273836673015,-98.7815726163327,34.915698157888286,100.0,419.83405416264367,98.8547741142074,722 days 11:00:00,825,1,0.24511554381845535,14.344903282656984,-11.805396837296513,1.6607805870217132,-0.9862554278346206,1 days 11:59:10,0 days 06:12:20.088105726,-1.1976495050995677,-4.561412133891831,-0.9012573434748645,0.8239536594322473,-0.5481097198108559,35.9443732830578,1.0256609761910906,0.3556091489030652,-0.008002243168760246,None,None,-0.0002406900523070956,-1.4556934363533143,-0.9878157261633272,-0.7834266810630517,0.3840756481579574,-3.8291449928809627,0 days 11:24:13.090909089,false
XMR-USD,false,7,54,345,17.441860465116278,0.3686438394911581,0.4738292011019284,0.0001,0.000026833631484794274,14.25619834710744,28.47107438016529,0.001425619834710744,-3.1619721203209425,0,0,17424,726 days 01:00:00,1000.0,104.9301242647806,-89.50698757352194,34.915698157888286,100.0,260.1323270790849,90.04487976525736,722 days 11:00:00,344,1,4.855303637511412,23.465520524001388,-4.662151415078473,2.984964937384593,-1.3992821180581305,3 days 11:42:00,0 days 16:07:10.985915492,-2.616061567943985,-2.282725575733402,-0.7530194235760889,0.9089055385147385,0.3202599329766246,22.36307557400283,1.0077287064247493,0.3752959747434886,-0.007700052497331462,None,None,-0.00011773003576424595,-0.7120312563021595,-0.8950698757352191,-0.542736352652219,0.37539762059763343,-3.56351705094862,1 days 03:54:25.116279068,false
XMR-USD,false,6,61,351,17.42857142857143,0.36400773619842414,0.4820936639118457,0.0001,0.00002681318681318682,14.50413223140496,28.96694214876033,0.001450413223140496,-3.178309578929865,0,0,17424,726 days 01:00:00,1000.0,104.07909797100035,-89.59209020289997,34.915698157888286,100.0,268.8501341361365,90.12561986860581,722 days 11:00:00,350,1,4.815925135972805,23.465520524001388,-4.88346684853649,2.856652236291848,-1.3627006689029233,3 days 13:03:56.065573770,0 days 15:16:36.539792387,-2.5735337918999237,-2.2923886599630414,-0.753804259352352,0.9086219272250153,0.3363743486016558,22.315339924007468,1.0073104852870565,0.37583892617449666,-0.007685989712521598,None,None,-0.0001182029383887921,-0.7148913713754147,-0.8959209020289998,-0.5440269833033157,0.3753167661565066,-3.5659544253637954,1 days 03:26:23.999999999,false
XMR-USD,false,3,33,679,17.404129793510325,0.33407225528158657,0.9338842975206612,0.0001,0.000026775584297708196,28.05785123966942,56.074380165289256,0.0028057851239669425,-5.521082740168781,0,0,17424,726 days 01:00:00,1000.0,18.163617013390308,-98.18363829866097,34.915698157888286,100.0,372.56146448807414,98.3049883348876,722 days 11:00:00,678,1,0.8404628925525621,14.344903282656961,-11.805396837296522,1.9393942418001353,-1.1137128259539264,1 days 18:14:44.745762711,0 days 07:51:32.142857142,-1.4493758788778184,-4.135540822548083,-0.8816359563965309,0.8385149586060603,-0.5571645055719887,36.160880526681105,1.0135554125249142,0.35803912399657084,-0.007900191755396855,None,None,-0.0002178256045371243,-1.3174092562405277,-0.9818363829866099,-0.7512340936188342,0.38338450842222943,-3.81201990734013,0 days 13:50:37.168141591,false
XMR-USD,false,5,54,409,17.401960784313726,0.3654003726790228,0.5619834710743802,0.0001,0.00002677224736048266,16.90082644628099,33.760330578512395,0.0016900826446280992,-3.470692950919028,0,0,17424,726 days 01:00:00,1000.0,85.42402415912545,-91.45759758408745,34.915698157888286,100.0,292.9615590591774,91.88683232086967,722 days 11:00:00,408,1,3.9527216625042882,23.46552052400137,-4.883466848536491,2.6917907652045274,-1.275227570466267,3 days 02:16:54.084507042,0 days 12:41:07.655786350,-2.251295827214162,-2.5108741088031437,-0.772340927551833,0.9002803394689353,0.3131289165224976,22.378651469857264,1.010674123167024,0.37258763292634894,-0.007729436152366862,None,None,-0.00012952579105481997,-0.7833719842995512,-0.914575975840875,-0.5742400921298219,0.37548211825418476,-3.619383326391399,0 days 23:24:15.882352940,false
XMR-USD,false,4,50,478,17.40041928721174,0.34573180028512857,0.6570247933884298,0.0001,0.000026769875826479602,19.75206611570248,39.46280991735537,0.001975206611570248,-4.080538942620525,0,0,17424,726 days 01:00:00,1000.0,55.769586053720786,-94.42304139462793,34.915698157888286,100.0,321.27981181859604,94.78027625029401,722 days 11:00:00,477,1,2.5805580230311946,22.04619722477782,-5.41786640830567,2.3852839562587635,-1.2166112594107967,2 days 17:07:13.734939759,0 days 10:24:49.340101522,-1.9849286624094538,-2.97414024681068,-0.8078633011019571,0.8828083270589447,0.2376640043362305,22.454592092129637,1.0123119793012785,0.3682764036120927,-0.007758003048452287,None,None,-0.00015391474580031463,-0.9308763826003029,-0.9442304139462787,-0.6328105519365197,0.3766836150644434,-3.7043148605434806,0 days 19:55:58.490566036,false
XMR-USD,false,5,57,398,17.38035264483627,0.3557000609005115,0.546831955922865,0.0001,0.00002673900406897888,16.446280991735538,32.85123966942149,0.001644628099173554,-3.495637212111577,0,0,17424,726 days 01:00:00,1000.0,83.85494789610402,-91.6145052103896,34.915698157888286,100.0,282.0367832404395,92.03585572439748,722 days 11:00:00,397,1,3.8801177106767426,23.46552052400139,-4.8834668485365,2.7007786461067953,-1.3017342351271837,3 days 04:43:28.695652173,0 days 13:02:00.731707317,-2.317443752681539,-2.5291837354206352,-0.7740166228166031,0.8996749656818185,0.3137527682188604,22.311178474138686,1.0080764017240873,0.37356140627463347,-0.007713392625225373,None,None,-0.00013057151172741587,-0.7896965029274112,-0.9161450521038966,-0.5769708973408403,0.3757733671459902,-3.623877225542222,1 days 00:06:11.788413097,false
XMR-USD,false,6,62,352,17.37891737891738,0.3652725684881374,0.4834710743801653,0.0001,0.000026736795967565198,14.545454545454547,29.049586776859506,0.0014545454545454547,-3.1542149113636024,0,0,17424,726 days 01:00:00,1000.0,105.72728872254447,-89.42727112774556,34.915698157888286,100.0,268.2811619993872,89.96924973928031,722 days 11:00:00,351,1,4.892189856017339,23.465520524001384,-4.883466848536501,2.868931437572601,-1.3552716310183521,3 days 12:52:07.868852459,0 days 15:14:53.793103448,-2.56172336505263,-2.274945385840917,-0.7522883216511597,0.9092841234600882,0.33546796600253387,22.313889436570086,1.00768322486415,0.37573030159482085,-0.0077032825219040075,None,None,-0.00011730170421887536,-0.7094407071157581,-0.8942727112774546,-0.541533591289471,0.37531099801046097,-3.56123393905391,1 days 03:20:51.282051280,false
XMR-USD,false,2,28,905,17.36725663716814,0.2949604133645643,1.2451790633608815,0.0001,0.00002671885636487406,37.396694214876035,74.75206611570248,0.0037396694214876037,-6.693886828136763,0,0,17424,726 days 01:00:00,1000.0,7.50918042322246,-99.24908195767776,34.915698157888286,100.0,418.6737178265776,99.27943025374421,722 days 11:00:00,904,1,0.02361401507378691,16.682556582211635,-11.805396837296527,1.628429195219611,-0.9827870612944052,1 days 08:19:29.426751592,0 days 05:47:33.012048192,-1.0979141964511654,-5.058326885633308,-0.921129686357103,0.8061583541259487,-0.5816087189381488,35.560966160360785,1.022777929475374,0.3527676422637994,-0.008051076557285507,None,None,-0.0002683279404653805,-1.6228473839346211,-0.9924908195767775,-0.8169184049828957,0.38611524582196177,-3.842534653291904,0 days 10:24:01.592920352,false
XMR-USD,false,2,29,888,17.36189402480271,0.2988810474718795,1.221763085399449,0.0001,0.000026710606192004166,36.69421487603306,73.34710743801654,0.003669421487603306,-6.571934324134388,0,0,17424,726 days 01:00:00,1000.0,8.292496870803348,-99.17075031291967,34.915698157888286,100.0,424.8167792336211,99.21705415222645,722 days 11:00:00,887,1,0.166823227001192,16.505653339608433,-11.805396837296534,1.6016867627762745,-0.9783454648357569,1 days 08:58:49.870129870,0 days 05:52:57.626193724,-1.118234866241486,-4.960795142156927,-0.9173007269779057,0.8096301602508202,-0.5793461087903857,35.75579414738438,1.0214096535619845,0.35413428660242463,-0.008029306936325302,None,None,-0.00026267983588122387,-1.5886876474096419,-0.9917075031291963,-0.8105032995323397,0.3854192372054296,-3.840291202669669,0 days 10:35:14.543404733,false
XMR-USD,false,4,49,485,17.355371900826448,0.33587793374005326,0.6666666666666666,0.0001,0.000026700572155117614,20.041322314049587,40.04132231404959,0.0020041322314049586,-4.164468024395777,0,0,17424,726 days 01:00:00,1000.0,48.58997850241417,-95.14100214975858,34.915698157888286,100.0,315.8862446631616,95.45224767237026,722 days 11:00:00,484,1,2.2483448010988596,21.4180772875548,-11.52063710364105,2.4113166740105245,-1.24170813905536,2 days 15:30:00,0 days 10:24:27,-1.970368525410505,-3.0764194076922657,-0.8186066783469992,0.8776402101946833,-0.45896455422338944,36.43804014177314,1.009661301642772,0.36720282463711257,-0.007769641496193262,None,None,-0.00016145850721626664,-0.9765010516439806,-0.9514100214975857,-0.6499607403775904,0.3820087711813571,-3.724877552771029,0 days 19:37:18.842975206,false
XMR-USD,false,4,53,468,17.34475374732334,0.3368128813598076,0.6432506887052342,0.0001,0.000026684236534343606,19.338842975206614,38.63636363636364,0.0019338842975206614,-4.079787411392528,0,0,17424,726 days 01:00:00,1000.0,56.21638623426065,-94.37836137657393,34.915698157888286,100.0,309.3639465889443,94.69010224510424,722 days 11:00:00,467,1,2.6012322627408224,24.427265072754327,-5.417866408305685,2.405619569333943,-1.230116091764569,2 days 19:12:35.555555555,0 days 10:34:21.139896373,-2.0265200129089487,-2.9693864653197166,-0.8076380045868637,0.8831124246126126,0.26252957363884366,22.44917825225913,1.0127660492787298,0.36859880615771284,-0.007769641496193219,None,None,-0.00015348573459183346,-0.9282817228114087,-0.9437836137657405,-0.6317921651437297,0.37623503689600746,-3.7030352063933063,0 days 20:23:46.124197001,false
XMR-USD,false,8,78,272,17.343173431734318,0.4113496067066681,0.37327823691460055,0.0001,0.00002668180527959126,11.239669421487603,22.43801652892562,0.0011239669421487604,-2.529383097599584,0,0,17424,726 days 01:00:00,1000.0,154.36984471383562,-84.56301552861643,34.915698157888286,100.0,243.5281873642509,85.72626736729502,722 days 11:00:00,271,1,7.142967511120503,25.899293245929734,-6.070947836557035,3.571225782266362,-1.5492436655121333,4 days 18:45:57.446808510,0 days 19:02:08.571428571,-3.146764290764889,-1.827296978836747,-0.710513555884195,0.9263876426822787,0.17912522474299564,22.846471718293426,0.9942984369480714,0.38337567481740237,-0.007657021924246402,None,None,-0.00009530730217713149,-0.5764185635672913,-0.8456301552861627,-0.4771704076767117,0.37964263974150375,-3.4219196519062485,1 days 11:38:18.154981549,false
XMR-USD,false,4,40,520,17.341040462427745,0.34212838139898083,0.7148760330578512,0.0001,0.000026678523788350378,21.487603305785125,42.93388429752066,0.0021487603305785125,-4.32383659678055,0,0,17424,726 days 01:00:00,1000.0,42.84351337595979,-95.71564866240402,34.915698157888286,100.0,322.31804176463146,95.94755409613866,722 days 11:00:00,519,1,1.9824456303239657,21.123879122043242,-11.465212964445206,2.465505705942999,-1.231848651901048,2 days 09:43:20,0 days 09:56:55.384615384,-1.8480518925902936,-3.2005587705001295,-0.8283516113597008,0.8729497333403295,-0.46647738805434724,35.903251388817225,1.0080691204533763,0.36623804296691237,-0.0078074366862047545,None,None,-0.00016859092637458743,-1.0196379227135048,-0.9571564866240412,-0.6649231782620353,0.3834125594724257,-3.7413356659683346,0 days 18:13:59.306358380,false
XMR-USD,false,7,52,347,17.341040462427745,0.37111009452541943,0.4765840220385675,0.0001,0.000026678523788350378,14.338842975206612,28.636363636363637,0.0014338842975206612,-3.1505432583661057,0,0,17424,726 days 01:00:00,1000.0,105.85129645362554,-89.41487035463744,34.915698157888286,100.0,262.6259542169618,89.94674711669079,722 days 11:00:00,346,1,4.897927914482551,23.465520524001388,-6.189806240950012,2.9913541734530127,-1.3875294896384303,3 days 11:44:00,0 days 16:04:24.335664335,-2.598400668962016,-2.2743593711046017,-0.7522647326301274,0.909366522921936,0.320080225116527,22.352074265150677,1.0086048423174003,0.3763823064770932,-0.0077059553136074165,None,None,-0.00011724008883219741,-0.70906805725713,-0.8941487035463745,-0.5413470212228686,0.3752105097579666,-3.5608787757960525,1 days 03:48:22.890173409,false
XMR-USD,false,5,56,399,17.33668341708543,0.360553253499377,0.5482093663911846,0.0001,0.000026671820641669886,16.487603305785125,32.93388429752066,0.0016487603305785127,-3.452856773205833,0,0,17424,726 days 01:00:00,1000.0,86.36113505441199,-91.3638864945588,34.915698157888286,100.0,285.33286909386015,91.79782998338621,722 days 11:00:00,398,1,3.996083451795201,23.465520524001377,-4.883466848536513,2.7109544378488204,-1.2909642343213896,3 days 04:20:52.173913043,0 days 13:02:33.191489361,-2.3056154482346316,-2.497471054209547,-0.771350315751004,0.9008228233409621,0.31446436002899814,22.339323058304032,1.0084575537633775,0.3733448928121059,-0.007713392625225386,None,None,-0.0001288897897833295,-0.7795254486095768,-0.9136388649455864,-0.5726247445970785,0.37564360197177943,-3.6166994021260184,1 days 00:01:03.316582913,false
XMR-USD,false,4,51,480,17.32776617954071,0.3475370451487361,0.6597796143250688,0.0001,0.000026658101814678017,19.834710743801654,39.62809917355372,0.0019834710743801653,-4.040203255382308,0,0,17424,726 days 01:00:00,1000.0,57.790661037298605,-94.22093389627014,34.915698157888286,100.0,321.61248415291294,94.54140470685611,722 days 11:00:00,479,1,2.674076760268953,22.04619722477781,-5.4178664083056844,2.3771745915265265,-1.1997471432490878,2 days 17:05:03.614457831,0 days 10:21:12.727272727,-1.9726167342859526,-2.9403773235377306,-0.8054292541690574,0.8840990027081485,0.25735085909312294,22.499687210701364,1.0166855226613876,0.3673101067168863,-0.007749495144909714,None,None,-0.00015191219309878935,-0.918764943861478,-0.942209338962702,-0.6282454872851736,0.37605166256977535,-3.6985264184094055,0 days 19:50:13.778705635,false
XMR-USD,false,3,35,659,17.325227963525837,0.3334511448495885,0.90633608815427,0.0001,0.000026654196866962828,27.231404958677686,54.421487603305785,0.002723140495867769,-5.419139198093388,0,0,17424,726 days 01:00:00,1000.0,19.44397957710305,-98.05560204228969,34.915698157888286,100.0,367.4414428367945,98.1865537502668,722 days 11:00:00,658,1,0.8997075475693102,16.215830782267705,-11.805396837296524,1.9838513790955112,-1.1278511419467552,1 days 20:35:15.789473684,0 days 07:55:55.147058823,-1.4915740546663645,-4.056452634278951,-0.877969550582806,0.841390920875489,-0.5523534881734176,36.015631744542496,1.0107286072957187,0.359310398627038,-0.00790992064185191,None,None,-0.00021389118442628573,-1.293613883410176,-0.9805560204228966,-0.7452825565033824,0.3837995140192275,-3.8083528961352475,0 days 14:16:57.629179329,false
XMR-USD,false,4,52,476,17.263157894736842,0.34161422656566026,0.6542699724517906,0.0001,0.000026558704453441295,19.669421487603305,39.29752066115702,0.0019669421487603306,-4.079526837073904,0,0,17424,726 days 01:00:00,1000.0,56.2861461687088,-94.37138538312912,34.915698157888286,100.0,314.0039577239576,94.68351309656369,722 days 11:00:00,475,1,2.6044601790885267,22.04619722477782,-5.417866408305692,2.3747630320437656,-1.2089733116148724,2 days 17:49:45.365853658,0 days 10:26:52.213740458,-1.9922490821271162,-2.9702834238947524,-0.8075392598027352,0.8829929476351251,0.2562618179142422,22.514609345298815,1.0150363279693668,0.3673101067168863,-0.007758003048452291,None,None,-0.0001534298966008816,-0.9279440146421319,-0.9437138538312916,-0.63163363957861,0.37598458972274673,-3.702835411063043,0 days 20:00:30.315789472,false
XMR-USD,false,5,64,378,17.24137931034483,0.3449334778845761,0.5192837465564738,0.0001,0.000026525198938992047,15.619834710743802,31.198347107438018,0.0015619834710743803,-3.5176523180926136,0,0,17424,726 days 01:00:00,1000.0,82.30628433949926,-91.76937156605007,34.915698157888286,100.0,275.9735804619373,92.19128956135575,722 days 11:00:00,377,1,3.808458291112032,23.465520524001374,-4.883466848536505,2.761247085867612,-1.3531070811510038,3 days 10:17:32.307692307,0 days 13:36:43.846153846,-2.444302848678019,-2.547485204778997,-0.7756217365625728,0.8989231537079013,0.29802895823668607,22.37418896468098,1.0045452046173549,0.37464499842221516,-0.0077294361523666975,None,None,-0.00013162181590894333,-0.7960487426172893,-0.9176937156605027,-0.5796990896943668,0.37607472979343215,-3.6283126618597255,1 days 01:27:12.891246683,false
XMR-USD,false,3,36,645,17.236024844720497,0.3290487910017718,0.8870523415977961,0.0001,0.000026516961299569994,26.65289256198347,53.264462809917354,0.002665289256198347,-5.283307902584589,0,0,17424,726 days 01:00:00,1000.0,21.304107920396632,-97.86958920796035,34.915698157888286,100.0,358.2286150061105,98.01306854602704,722 days 11:00:00,644,1,0.98577899725748,17.37292289899191,-11.80539683729652,2.059823959557604,-1.1374984651991313,1 days 21:37:50.270270270,0 days 08:10:34.896810506,-1.5212448308646906,-3.9460809082371306,-0.872908197970807,0.8454628057935466,-0.524885379399875,35.80413682711907,1.0119933584498455,0.3607965638422491,-0.007905273419109923,None,None,-0.0002085894398019574,-1.2615489319222384,-0.9786958920796032,-0.7370758405335396,0.38475500373539023,-3.803025411818932,0 days 14:37:55.155279502,false
XMR-USD,false,5,63,384,17.232375979112273,0.34112910485640563,0.5275482093663911,0.0001,0.000026511347660172732,15.867768595041323,31.694214876033058,0.0015867768595041324,-3.5973269395017606,0,0,17424,726 days 01:00:00,1000.0,78.02813041622767,-92.19718695837723,34.915698157888286,100.0,276.77943791182827,92.59717430596378,722 days 11:00:00,383,1,3.6105004934725713,23.46552052400139,-4.883466848536501,2.708018874534861,-1.3461492219657814,3 days 08:32:43.636363636,0 days 13:27:38.044164037,-2.4166641516377076,-2.607075950362123,-0.7803697609023746,0.8966395360697995,0.2960870889664583,22.38635505308739,1.0038731612441414,0.3737779880163986,-0.007749495144909718,None,None,-0.00013468695155621318,-0.8145866830119773,-0.9219718695837726,-0.58741425493177,0.37603631172399393,-3.6405654711947295,1 days 01:01:15.195822452,false
XMR-USD,false,4,59,448,17.225950782997764,0.3350173992948775,0.6157024793388429,0.0001,0.000026501462743073486,18.51239669421488,36.98347107438017,0.0018512396694214878,-3.8700642647323247,0,0,17424,726 days 01:00:00,1000.0,64.78906641217304,-93.5210933587827,34.915698157888286,100.0,297.1147293307061,93.84649734625117,722 days 11:00:00,447,1,2.997905434936939,23.465520524001395,-5.417866408305687,2.4813425266701423,-1.2358920273881318,2 days 22:47:31.948051948,0 days 11:03:04.864864864,-2.0989012058674823,-2.8117519126216735,-0.7963587568370946,0.8889322263901707,0.27759860897816296,22.347362665887722,1.0103988832531583,0.3707520453115167,-0.00776250617888222,None,None,-0.00014534193264400397,-0.879028008630936,-0.9352109335878265,-0.6131994503012893,0.3762459864959029,-3.678482696690802,0 days 21:20:32.214765099,false
XMR-USD,false,3,37,634,17.21958925750395,0.33333880984482683,0.871900826446281,0.0001,0.00002649167578077531,26.198347107438018,52.35537190082645,0.002619834710743802,-5.240230921485294,0,0,17424,726 days 01:00:00,1000.0,21.84656906517455,-97.81534309348254,34.915698157888286,100.0,356.60505571910846,97.95432032865791,722 days 11:00:00,633,1,1.0108796400700264,18.966464643100224,-11.805396837296529,2.1199821394668845,-1.1555284388225138,1 days 22:50:38.532110091,0 days 08:14:11.908396946,-1.5468630498813503,-3.9154674425882336,-0.8715560208768874,0.8465297314570184,-0.5307965994097864,35.713693357771675,1.009063439896764,0.361328125,-0.007905273419109876,None,None,-0.00020712795520812273,-1.2527098730987263,-0.9781534309348259,-0.7347712177833983,0.38504638022264176,-3.801471780720607,0 days 14:53:04.834123221,false
XMR-USD,false,4,39,536,17.19626168224299,0.3371187854575975,0.7369146005509641,0.0001,0.000026455787203450754,22.14876033057851,44.25619834710744,0.0022148760330578513,-4.47232475015324,0,0,17424,726 days 01:00:00,1000.0,38.486282651816055,-96.1513717348184,34.915698157888286,100.0,324.1720857994128,96.35969214012417,722 days 11:00:00,535,1,1.7808288083422497,21.474230976048723,-11.465212964445191,2.4007855708269297,-1.214676177096182,2 days 07:54:07.826086956,0 days 09:44:57.968397291,-1.8005505535635988,-3.315826477536312,-0.8359876164054402,0.8686343775486701,-0.4737634471587082,35.86493874582952,1.004672110617907,0.3665594855305467,-0.007812256682019721,None,None,-0.00017473449422954763,-1.056794221100304,-0.9615137173481854,-0.6771674186018963,0.38357014475465756,-3.7538149545234143,0 days 17:41:09.532710279,false
XMR-USD,false,7,53,350,17.191977077363894,0.36320702742159044,0.4807162534435262,0.0001,0.000026449195503636765,14.462809917355372,28.884297520661157,0.0014462809917355373,-3.230159512987774,0,0,17424,726 days 01:00:00,1000.0,100.55964935907218,-89.94403506409279,34.915698157888286,100.0,259.8290044769052,90.45952335282675,722 days 11:00:00,349,1,4.653073983672542,23.465520524001402,-4.662151415078472,2.9786497781879318,-1.388504557374766,3 days 11:44:00,0 days 15:52:06.643598615,-2.5905255719902565,-2.331994132842224,-0.7570988313496729,0.9071228969455798,0.3261946612551987,22.398000380196482,1.008211024653978,0.3754045307443366,-0.0077005730816218565,None,None,-0.00012018757765334704,-0.7268944696474429,-0.8994403506409282,-0.5494388562794612,0.3751371486391673,-3.576034271386101,1 days 03:32:08.939828078,false
XMR-USD,false,8,79,269,17.16417910447761,0.40912070808510115,0.3691460055096419,0.0001,0.000026406429391504016,11.115702479338843,22.1900826446281,0.0011115702479338845,-2.4753372420145183,0,0,17424,726 days 01:00:00,1000.0,160.20425847972956,-83.97957415202704,34.915698157888286,100.0,243.08059412805585,85.1867911352802,722 days 11:00:00,268,1,7.412936222000951,20.60557174525709,-6.07094783655704,3.478846206788428,-1.5173860299336688,4 days 19:53:28.695652173,0 days 19:29:11.351351351,-3.16122640948609,-1.7869027268563957,-0.706374636266466,0.9279395589618765,0.18312572538325805,22.86494404783648,0.9955938101537916,0.38326585695006754,-0.007657021924246357,None,None,-0.00009318310803489192,-0.5635714373950264,-0.8397957415202703,-0.4703947371226904,0.37957204927925176,-3.405209650177196,1 days 12:02:00.895522386,false
XMR-USD,false,7,70,310,17.15210355987055,0.377472920160272,0.4256198347107438,0.0001,0.00002638785163057008,12.809917355371901,25.578512396694215,0.0012809917355371902,-2.9855875118721897,0,0,17424,726 days 01:00:00,1000.0,116.80099483575407,-88.3199005164246,34.915698157888286,100.0,245.2711972053538,88.87148802343673,725 days 02:00:00,309,1,5.404589950355529,25.04590464160577,-4.647897540451748,3.3520486517114563,-1.5031771843305373,4 days 06:18:06.792452830,0 days 16:26:15,-2.87573979001489,-2.1578662020919714,-0.7429075880245731,0.9137664120616174,0.276531332848782,22.545098876586206,0.9964895290484189,0.37954239569313597,-0.007657021924246447,None,None,-0.00011152859245932843,-0.6745249271940184,-0.8831990051642468,-0.5254059000464966,0.3762007462519089,-3.5295183878908354,1 days 07:09:54.174757280,false
XMR-USD,false,4,58,450,17.14922048997773,0.3346600356565983,0.6184573002754821,0.0001,0.000026383416138427273,18.59504132231405,37.14876033057851,0.001859504132231405,-3.873546300292397,0,0,17424,726 days 01:00:00,1000.0,64.79136577545057,-93.52086342245495,34.915698157888286,100.0,297.81179646769823,93.8462789585076,722 days 11:00:00,449,1,2.9980118305688706,23.4655205240014,-5.417866408305689,2.483565130094658,-1.2296795303639745,2 days 22:17:08.571428571,0 days 11:05:38.709677419,-2.0895470958911333,-2.81438013320621,-0.7963558068638782,0.8888200148977231,0.27853978898514864,22.414991524777026,1.0096542947597438,0.3709677419354838,-0.0077625061788822265,None,None,-0.00014535901175364319,-0.879131303086034,-0.9352086342245518,-0.6131946856961452,0.37593879894137533,-3.6784761112195135,0 days 21:14:41.959910912,false
XMR-USD,false,4,56,456,17.142857142857142,0.3323273957071096,0.6267217630853994,0.0001,0.000026373626373626374,18.84297520661157,37.64462809917355,0.001884297520661157,-3.9352065082731915,0,0,17424,726 days 01:00:00,1000.0,62.2238057812699,-93.77761942187301,34.915698157888286,100.0,298.6042930452677,94.09013935213214,722 days 11:00:00,455,1,2.879206259083901,24.427265072754317,-5.417866408305678,2.4906951460216766,-1.231304134693489,2 days 20:55:23.076923076,0 days 11:02:13.687002652,-2.0673745065446436,-2.8599001116732916,-0.7996950639079417,0.8871931579077894,0.27848273707172183,22.421476495780595,1.0113775867653136,0.37021310057403484,-0.007764233444702386,None,None,-0.00014768333752220717,-0.893188825334309,-0.9377761942187294,-0.6185853418147684,0.3758707911856916,-3.6858297089696435,0 days 20:57:37.582417581,false
XMR-USD,false,4,55,462,17.136659436008678,0.33447179999310217,0.6349862258953168,0.0001,0.00002636409144001335,19.09090909090909,38.1404958677686,0.0019090909090909091,-3.9409768340102125,0,0,17424,726 days 01:00:00,1000.0,61.85447261135937,-93.81455273886407,34.915698157888286,100.0,303.89002966474914,94.12521768813875,722 days 11:00:00,461,1,2.8621165558563177,24.427265072754313,-5.4178664083057,2.467275015605546,-1.2184567071929824,2 days 20:44:48.607594936,0 days 10:44:36.439790575,-2.0412313317668023,-2.8633698630434155,-0.8001830312136986,0.8871310186214685,0.2794349982260042,22.34017374807662,1.0136754305039075,0.36978224982312713,-0.007767265497249575,None,None,-0.00014800281529916916,-0.895121026929375,-0.9381455273886409,-0.6193726442495737,0.37622744325502233,-3.6868874944054104,0 days 20:40:59.869848155,false
XMR-USD,false,5,59,398,17.12846347607053,0.34456254286261173,0.546831955922865,0.0001,0.000026351482270877736,16.446280991735538,32.85123966942149,0.001644628099173554,-3.5577178017268642,0,0,17424,726 days 01:00:00,1000.0,80.71496123324403,-91.92850387667559,34.915698157888286,100.0,278.7213111296012,92.33407672904796,722 days 11:00:00,397,1,3.7348249382460637,23.46552052400138,-4.8834668485364805,2.6705419502264918,-1.2951019012784304,3 days 05:05:17.647058823,0 days 13:07:06.747720364,-2.3249870622292246,-2.5741618672077444,-0.7774364007738912,0.8978744096235549,0.31954047751633025,22.4043242387785,1.0088028325599088,0.3722633485588282,-0.007713392625225452,None,None,-0.00013278129134097717,-0.8030612500302299,-0.9192850387667572,-0.5825375749316124,0.3754559401760877,-3.632870276887382,1 days 00:04:32.040302265,false
XMR-USD,false,7,62,328,17.12538226299694,0.3726581389347865,0.45041322314049587,0.0001,0.000026346741943072218,13.553719008264464,27.06611570247934,0.0013553719008264464,-2.9781305912903733,0,0,17424,726 days 01:00:00,1000.0,119.22331411389712,-88.0776685886103,34.915698157888286,100.0,253.43358357758453,88.74137190195425,722 days 11:00:00,327,1,5.516674975364225,25.04590464160578,-4.647897540451742,3.1852152852230025,-1.4156008043611201,3 days 21:20:21.428571428,0 days 16:13:43.616236162,-2.7103772503408794,-2.1443325206834114,-0.7400254197483976,0.9143706694657844,0.347860646336686,22.336023914477543,1.0056355385461693,0.37790605725130466,-0.007651325241637916,None,None,-0.00011043619477273791,-0.6679181059855188,-0.8807766858861046,-0.5220125455971313,0.374867030756652,-3.5225807655434624,1 days 05:26:03.302752292,false
XMR-USD,false,6,55,369,17.119565217391305,0.35855557817983486,0.5068870523415978,0.0001,0.00002633779264214047,15.24793388429752,30.454545454545457,0.001524793388429752,-3.312603586311077,0,0,17424,726 days 01:00:00,1000.0,95.64476864669155,-90.43552313533084,34.915698157888286,100.0,271.22070351656043,90.91611460241256,722 days 11:00:00,368,1,4.425653704053502,23.46552052400139,-4.883466848536493,2.8524511114290036,-1.3355465615847752,3 days 07:40:57.142857142,0 days 14:59:00.983606557,-2.4695132746123942,-2.3904721403844102,-0.7619194112798653,0.9049727114685587,0.3433112687862038,22.3860179244091,1.0084471655278178,0.37464499842221516,-0.00772897618389802,None,None,-0.0001230854386933034,-0.744420733217099,-0.9043552313533101,-0.5572075233969853,0.3747839081549639,-3.5901106925137998,1 days 02:03:35.217391303,false
XMR-USD,false,2,31,848,17.119244391971662,0.3046390079611578,1.1666666666666667,0.0001,0.00002633729906457179,35.04132231404959,70.0413223140496,0.003504132231404959,-6.258640480979631,0,0,17424,726 days 01:00:00,1000.0,10.591871164142276,-98.94081288358578,34.915698157888286,100.0,421.28622836919703,99.0020638972621,722 days 11:00:00,847,1,0.21308059021453296,14.344903282656965,-11.805396837296536,1.6599979538880574,-0.9790805653817107,1 days 11:12:24.827586206,0 days 06:06:40,-1.1683839544581747,-4.704044127718055,-0.9074064838531907,0.8186965116030132,-0.544392615651721,35.8448217181035,1.0235500208603836,0.3548713163828629,-0.00801696968216055,None,None,-0.0002486800915320512,-1.5040171935858455,-0.9894081288358579,-0.7937031137635603,0.3847933657777978,-3.8337056998309706,0 days 11:05:31.523022431,false
XMR-USD,false,8,66,299,17.114093959731544,0.3912154729566519,0.41046831955922863,0.0001,0.000026329375322663914,12.355371900826446,24.669421487603305,0.0012355371900826446,-2.930683463007585,0,0,17424,726 days 01:00:00,1000.0,119.6036745024685,-88.03963254975315,34.915698157888286,100.0,234.120329906277,88.60445558692905,725 days 01:00:00,298,1,5.534274927629042,24.360729949532008,-6.070947836557025,3.598733698334234,-1.569657145443483,4 days 09:04:42.352941176,0 days 17:18:56.842105263,-2.972921477936781,-2.120931033260816,-0.7405480365159619,0.9150208074523143,0.24180484879871483,22.424733355710327,0.9941155033683106,0.38030735107731306,-0.007658393323117566,None,None,-0.00011007031965049675,-0.6657052932462044,-0.8803963254975309,-0.5214838108803932,0.3777475230808277,-3.5214913976985134,1 days 08:20:08.053691274,false
XMR-USD,false,7,73,311,17.096774193548388,0.3932143707592953,0.42699724517906334,0.0001,0.000026302729528535986,12.851239669421489,25.66115702479339,0.001285123966942149,-2.846171004863605,0,0,17424,726 days 01:00:00,1000.0,127.84556465912578,-87.21544353408743,34.915698157888286,100.0,251.75993497954343,87.8191885312259,725 days 02:00:00,310,1,5.915641856697064,24.360729949532022,-4.6478975404517415,3.3652389742869318,-1.4653519878668666,4 days 07:12:27.169811320,0 days 16:15:38.521400778,-2.8324841199921647,-2.0534639339465617,-0.7338308145893111,0.9178238618689357,0.28471493756235106,22.404064515077028,0.9995439810451133,0.38096370264701224,-0.007650913471011316,None,None,-0.00010630617295037487,-0.6429397340038672,-0.8721544353408737,-0.5102868737782242,0.3768160116467799,-3.497886284263899,1 days 07:07:32.903225805,false
XMR-USD,false,3,40,610,17.077175697865353,0.3294145879451835,0.8388429752066116,0.0001,0.00002627257799671593,25.206611570247933,50.371900826446286,0.0025206611570247933,-4.957424430876198,0,0,17424,726 days 01:00:00,1000.0,26.71387194998863,-97.32861280500114,34.915698157888286,100.0,355.852995161089,97.4686019328225,722 days 11:00:00,609,1,1.2360984089135272,18.966464643100238,-11.805396837296527,2.127014282488731,-1.1398949176099098,2 days 02:15:00,0 days 08:23:10.099009900,-1.6002007002609586,-3.692787208525802,-0.8599305441110242,0.8548853282876727,-0.5098719335536226,35.487162545003955,1.0121077321779588,0.36388541014402004,-0.007909920641851743,None,None,-0.00019556143990983013,-1.1827555885746526,-0.9732861280500118,-0.7155931876917713,0.38546671952960415,-3.7875316244539214,0 days 15:32:07.093596057,false
XMR-USD,false,8,72,288,17.073170731707318,0.40822574498622166,0.3953168044077135,0.0001,0.000026266416510318953,11.900826446280993,23.7603305785124,0.0011900826446280995,-2.702771252346197,0,0,17424,726 days 01:00:00,1000.0,138.27676580638808,-86.17232341936119,34.915698157888286,100.0,248.95765483760547,87.1850771079739,722 days 11:00:00,287,1,6.398312102527626,24.360729949531994,-6.07094783655704,3.5487072881954025,-1.5300811192575459,4 days 13:03:40.408163265,0 days 18:03:31.764705882,-3.0248137501607637,-1.9550683610031625,-0.7227662359339629,0.9212803618675222,0.18037286438262035,23.182204450551282,0.9939727492241753,0.3819494012213498,-0.007618027989106662,None,None,-0.0001016903155434016,-0.6150230284064929,-0.8617232341936131,-0.49677202373463847,0.3785956256195851,-3.4680108938303675,1 days 09:35:44.947735190,false
XMR-USD,false,4,46,505,17.063492063492063,0.3441631948520708,0.6942148760330579,0.0001,0.000026251526251526253,20.867768595041323,41.69421487603306,0.002086776859504132,-4.211728373020391,0,0,17424,726 days 01:00:00,1000.0,46.580963479670686,-95.34190365203294,34.915698157888286,100.0,321.48950656669143,95.62530730734873,722 days 11:00:00,504,1,2.1553840997169758,21.123879122043228,-11.52063710364104,2.459525390098693,-1.2192433809736858,2 days 13:57:54.418604651,0 days 09:57:16.363636363,-1.8959809932937386,-3.112290851108858,-0.821927203040479,0.8763525098484477,-0.45966559015340086,36.0673956733343,1.012632354695469,0.3666666666666667,-0.007795830753167321,None,None,-0.0001638115279704294,-0.990732121165157,-0.9534190365203293,-0.6550534684281474,0.3831088896997296,-3.7306314546797323,0 days 18:49:45.714285713,false
XMR-USD,false,4,47,505,17.063492063492063,0.33746040962332324,0.6942148760330579,0.0001,0.000026251526251526253,20.867768595041323,41.69421487603306,0.002086776859504132,-4.221950648967941,0,0,17424,726 days 01:00:00,1000.0,46.31100596629733,-95.36889940337026,34.915698157888286,100.0,321.3510361953611,95.65066060777144,722 days 11:00:00,504,1,2.142892685017536,21.418077287554794,-11.520637103641034,2.4299977727671247,-1.214648153593779,2 days 14:00:00,0 days 09:57:50.813397129,-1.8964918387276168,-3.1204271452032257,-0.8223622187032039,0.8761063351898827,-0.46238446268049327,36.13199961852546,1.0120441850184467,0.36709555939118155,-0.007771798389880581,None,None,-0.000164157153472586,-0.9928224642022001,-0.9536889940337023,-0.6557486548009328,0.38291617301886527,-3.7314046241353522,0 days 18:50:35.714285713,false
XMR-USD,false,5,65,382,17.060367454068242,0.3350362829543403,0.5247933884297521,0.0001,0.000026246719160104988,15.78512396694215,31.528925619834713,0.001578512396694215,-3.5732158391714055,0,0,17424,726 days 01:00:00,1000.0,79.08403518589262,-92.09159648141075,34.915698157888286,100.0,274.1057906899436,92.49699660187632,722 days 11:00:00,381,1,3.659359086797835,23.46552052400137,-4.883466848536509,2.7247536737865015,-1.3418910130181612,3 days 10:15:41.538461538,0 days 13:29:03.037974683,-2.426706886879013,-2.5884387352890563,-0.7791815003633878,0.8974685744019983,0.29721849847462734,22.276394145016138,1.0059434031463075,0.37464499842221516,-0.007749495144909698,None,None,-0.00013388722048516595,-0.8097499094942836,-0.9209159648141074,-0.5854848731995398,0.37649497113561914,-3.637541316372191,1 days 01:13:04.251968503,false
XMR-USD,false,5,67,382,17.060367454068242,0.33749963336259525,0.5247933884297521,0.0001,0.000026246719160104988,15.78512396694215,31.528925619834713,0.001578512396694215,-3.510005307480984,0,0,17424,726 days 01:00:00,1000.0,82.44184198678931,-91.75581580132108,34.915698157888286,100.0,277.2356655719617,92.15963030102651,725 days 03:00:00,381,1,3.814730784760499,23.465520524001402,-4.883466848536501,2.761433224627845,-1.3358505147490305,3 days 10:42:27.692307692,0 days 13:23:21.265822784,-2.4183015454014978,-2.5414474268389995,-0.7756322868264613,0.8992571939249239,0.2956340556737065,22.26120727440021,1.0069560664450814,0.3748619220451318,-0.007707233942765962,None,None,-0.00013149444474948172,-0.7952784018448654,-0.9175581580132106,-0.5794589538478638,0.3766033854051881,-3.627924419165345,1 days 01:12:54.803149604,false
XMR-USD,false,4,44,511,17.058823529411764,0.3365661566558704,0.7024793388429752,0.0001,0.000026244343891402718,21.115702479338843,42.1900826446281,0.0021115702479338845,-4.36355067007457,0,0,17424,726 days 01:00:00,1000.0,41.94951756459352,-95.80504824354065,34.915698157888286,100.0,322.92022738671926,96.0602736774613,722 days 11:00:00,510,1,1.9410788527159397,21.123879122043228,-11.520637103641032,2.4105960851769455,-1.2251919409308227,2 days 12:52:24.827586206,0 days 09:53:54.042553191,-1.8823363946825946,-3.2270069209142784,-0.8296323992902153,0.8721059851341723,-0.45024515970537243,35.986419985083984,1.0111644619751095,0.36570264127282703,-0.007812256682019769,None,None,-0.0001698244032069928,-1.0270979905958926,-0.9580504824354062,-0.6673667012735586,0.3830523619315416,-3.7438961068546184,0 days 18:35:38.823529410,false
XMR-USD,false,4,41,517,17.05426356589147,0.3443314854874939,0.7107438016528925,0.0001,0.00002623732856290996,21.363636363636363,42.68595041322314,0.0021363636363636363,-4.405480851629476,0,0,17424,726 days 01:00:00,1000.0,40.6356097790258,-95.93643902209742,34.915698157888286,100.0,323.40717116905074,96.18367049794243,722 days 11:00:00,516,1,1.880282000569622,21.123879122043228,-11.465212964445195,2.5107889567322164,-1.24496991033226,2 days 10:52:30,0 days 09:58:52.710280373,-1.8628772717471795,-3.263104643549713,-0.8319184616444765,0.8704752736305715,-0.468940804123971,36.090406555663485,1.0072108745527961,0.36506071288679987,-0.00780743668620474,None,None,-0.00017165877757430666,-1.0381922867694067,-0.959364390220974,-0.671020446022035,0.3829066937853531,-3.7476591929588294,0 days 18:19:11.162790696,false
XMR-USD,false,6,63,347,17.052023121387283,0.36913288786191595,0.4765840220385675,0.0001,0.000026233881725211206,14.338842975206612,28.636363636363637,0.0014338842975206612,-3.0657960975705203,0,0,17424,726 days 01:00:00,1000.0,112.10862643367784,-88.78913735663222,34.915698157888286,100.0,267.37953356678366,89.33826493317557,725 days 03:00:00,346,1,5.18746571143204,24.879197779776195,-4.883466848536505,2.9907576404833005,-1.352845992587625,3 days 16:05:05.084745762,0 days 15:21:06.898954703,-2.58115271467559,-2.2096236342914484,-0.746785375961288,0.9117819226898518,0.33686662729470296,22.30647920141414,1.0078395355314669,0.3763823064770932,-0.007672555628129262,None,None,-0.00011393802636992387,-0.6890971834852996,-0.887891373566322,-0.5321123626183679,0.37532572327233493,-3.5429575245818947,1 days 03:45:15.606936415,false
XMR-USD,false,6,60,359,17.039106145251395,0.3587544471799313,0.4931129476584022,0.0001,0.00002621400945423292,14.834710743801653,29.62809917355372,0.0014834710743801653,-3.2873941097759607,0,0,17424,726 days 01:00:00,1000.0,96.85138806107886,-90.31486119389211,34.915698157888286,100.0,268.5881318089272,90.81134021516264,722 days 11:00:00,358,1,4.481486132279642,23.46552052400138,-4.883466848536503,2.877594684412602,-1.3540608826401825,3 days 12:23:36.393442622,0 days 15:01:12.727272727,-2.5352796035508405,-2.3723651782214006,-0.7606590608947144,0.9056294087775781,0.33740093663090376,22.309395587567742,1.0080744512339117,0.3754045307443366,-0.007700052497331534,None,None,-0.0001223318851046865,-0.7398632411131439,-0.9031486119389203,-0.5552765851609855,0.3753324136970559,-3.58665488473092,1 days 02:50:26.815642456,false
XMR-USD,false,4,54,459,17.03056768558952,0.3447705702403588,0.6308539944903582,0.0001,0.000026200873362445416,18.96694214876033,37.892561983471076,0.0018966942148760332,-3.90114692512483,0,0,17424,726 days 01:00:00,1000.0,63.77497126971207,-93.6225028730288,34.915698157888286,100.0,309.4481506952096,93.94281355353507,722 days 11:00:00,458,1,2.950981447488431,24.427265072754306,-5.417866408305683,2.5264660816862397,-1.2220594626369994,2 days 21:29:13.846153846,0 days 10:48:28.421052631,-2.0506026423095554,-2.832168587073455,-0.7976667748288911,0.8882693140641675,0.28467176105524655,22.419477675705224,1.0153269937259617,0.369136481496032,-0.00774949514490974,None,None,-0.0001462680448680289,-0.8846291353618388,-0.9362250287302877,-0.6153116539883853,0.37591382591751615,-3.681387107016139,0 days 20:48:04.716157204,false
XMR-USD,false,8,73,283,17.02127659574468,0.40869035880860477,0.3884297520661157,0.0001,0.000026186579378068738,11.694214876033058,23.34710743801653,0.001169421487603306,-2.654798298326849,0,0,17424,726 days 01:00:00,1000.0,142.3481223294009,-85.76518776705991,34.915698157888286,100.0,246.7052001810738,86.80776050236702,722 days 11:00:00,282,1,6.586701016333819,24.36072994953201,-6.070947836557026,3.602507560399674,-1.539833229807112,4 days 16:10:00,0 days 18:10:00,-3.064675810946571,-1.919952415456439,-0.719646701835793,0.9226442762904885,0.17906651114574337,23.072845661565157,0.9935432134093802,0.3818398096748612,-0.007638748123339081,None,None,-0.00009999419911043972,-0.6047649162199394,-0.8576518776705992,-0.4916779395493246,0.37908996258246636,-3.4563503607813013,1 days 10:09:59.999999999,false
XMR-USD,false,8,83,248,17.00404858299595,0.43151830997946194,0.3402203856749311,0.0001,0.000026160074743070694,10.24793388429752,20.454545454545457,0.001024793388429752,-2.1019315486519323,0,0,17424,726 days 01:00:00,1000.0,207.53465234924556,-79.24653476507545,34.915698157888286,100.0,234.65376706662016,80.71062838162368,722 days 11:00:00,247,1,9.602997799929,20.605571745257087,-6.070947836557025,3.798912260639399,-1.515945550677175,5 days 03:21:25.714285714,0 days 21:45:57.073170731,-3.2472402649825263,-1.5115122137008827,-0.6769726126853604,0.9387204393583434,0.20646782187250287,22.777542024493357,0.996347551902664,0.3843648208469055,-0.00761466875777929,None,None,-0.00007844444740940424,-0.47443201793207684,-0.7924653476507534,-0.4206104219033683,0.37775349533409286,-3.269653449480625,1 days 15:02:25.748987853,false
XMR-USD,false,5,55,401,17.0,0.36528470984144124,0.5509641873278237,0.0001,0.000026153846153846157,16.570247933884296,33.09917355371901,0.0016570247933884296,-3.4419741004255533,0,0,17424,726 days 01:00:00,1000.0,86.97911689662885,-91.30208831033711,34.915698157888286,100.0,289.0733287815193,91.73913700611308,722 days 11:00:00,400,1,4.024678571713821,23.465520524001384,-4.883466848536492,2.794375039540647,-1.2856927126978313,3 days 04:06:10.588235294,0 days 13:11:23.132530120,-2.2926139041877107,-2.489919990234395,-0.7707011354243646,0.901079126895224,0.3117569009972131,22.357459976359888,1.0101912020665997,0.3728039076656424,-0.007713392625225373,None,None,-0.00012848354914664397,-0.7770685052389027,-0.9130208831033723,-0.571565749348814,0.3755952377936353,-3.6149294766345608,0 days 23:53:05.999999998,false
XMR-USD,false,8,65,301,17.0,0.37943750944103566,0.4132231404958678,0.0001,0.000026153846153846157,12.43801652892562,24.834710743801654,0.0012438016528925622,-2.9544981064330726,0,0,17424,726 days 01:00:00,1000.0,118.15657580600134,-88.18434241939987,34.915698157888286,100.0,233.53018391963815,88.74233159729657,725 days 01:00:00,300,1,5.467315094940105,24.360729949531997,-6.070947836557041,3.5067208168912014,-1.5452343652635214,4 days 08:41:10.588235294,0 days 17:14:27.469879518,-2.9577024642964633,-2.137928956740211,-0.7417613481512905,0.9143478165400987,0.24535316729178258,22.528787575462516,0.9949919212933196,0.3797608678438514,-0.007657021924246402,None,None,-0.00011080108548621733,-0.6701249650206424,-0.8818434241939987,-0.523501307216292,0.37723214220978124,-3.5256359480664408,1 days 08:06:23.999999998,false
XMR-USD,false,6,56,366,16.986301369863014,0.36578376623785464,0.5027548209366391,0.0001,0.00002613277133825079,15.12396694214876,30.206611570247937,0.0015123966942148762,-3.2149814443310083,0,0,17424,726 days 01:00:00,1000.0,102.03312765051032,-89.79668723494896,34.915698157888286,100.0,272.9515738972639,90.31972885951666,722 days 11:00:00,365,1,4.721254447179518,23.4655205240014,-4.8834668485365,2.9376892615874044,-1.330917905324031,3 days 09:10:38.709677419,0 days 15:02:46.336633663,-2.473118155607305,-2.3173763965386938,-0.7557097786266798,0.9077237090677891,0.3485048151647899,22.375937945615235,1.0097065537221497,0.3750789141414141,-0.0077072339427658966,None,None,-0.00011936683738723783,-0.7219306325180144,-0.8979668723494898,-0.5471582674942123,0.3749255632470363,-3.5718141687698646,1 days 02:16:46.027397259,false
XMR-USD,false,5,60,390,16.966580976863753,0.34396369313788355,0.5358126721763086,0.0001,0.000026102432272098083,16.115702479338843,32.1900826446281,0.0016115702479338845,-3.5633369589496744,0,0,17424,726 days 01:00:00,1000.0,80.45857177552159,-91.95414282244784,34.915698157888286,100.0,276.2657469826854,92.36658908437188,722 days 11:00:00,389,1,3.7229613416343312,23.4655205240014,-4.883466848536494,2.723113917032517,-1.314435350265431,3 days 06:50:00,0 days 13:29:54.427244582,-2.3734303073678937,-2.5784561711932623,-0.7776509551936891,0.8976756828585186,0.3196702714512989,22.43056172682046,1.0072038852288614,0.37247952110901067,-0.00771339262522542,None,None,-0.00013296965202667655,-0.8042004554573398,-0.9195414282244787,-0.5829983122812835,0.37536236170101683,-3.633604586871857,1 days 00:35:00.771208225,false
XMR-USD,false,8,71,290,16.955017301038062,0.40904002922419586,0.39807162534435264,0.0001,0.000026084642001597015,11.983471074380166,23.925619834710744,0.0011983471074380166,-2.668140748987107,0,0,17424,726 days 01:00:00,1000.0,143.8584673454228,-85.61415326545772,34.915698157888286,100.0,249.7552453142047,86.52077618697373,722 days 11:00:00,289,1,6.656587368814343,24.360729949532,-6.070947836557044,3.5926523585326704,-1.5099183635553297,4 days 12:58:46.530612244,0 days 17:54:14.999999999,-2.985460622918313,-1.923649729965021,-0.7197261192391547,0.922683115703839,0.27789024787064603,22.502962680045783,0.9965054348114792,0.3815111393007215,-0.00761509023558939,None,None,-0.00009954426094048403,-0.6020436901680474,-0.8561415326545753,-0.48981240098301326,0.3766588490557952,-3.45202467034489,1 days 09:20:45.674740483,false
XMR-USD,false,5,66,379,16.93121693121693,0.33960090638629864,0.5206611570247934,0.0001,0.000026048026048026046,15.661157024793388,31.280991735537192,0.0015661157024793389,-3.508624855172524,0,0,17424,726 days 01:00:00,1000.0,82.38987160876161,-91.76101283912384,34.915698157888286,100.0,275.79504242533045,92.1645727788668,725 days 03:00:00,378,1,3.8123260228558564,23.465520524001406,-4.883466848536503,2.7938689852336545,-1.3423881129802,3 days 11:38:26.250000,0 days 13:32:40.509554140,-2.4376255407780283,-2.5411410649806982,-0.7756887682904341,0.8992299797316721,0.29334342533117924,22.235036792326635,1.0057675383572855,0.37497040953207605,-0.007729436152366829,None,None,-0.0001315226852087571,-0.7954492001425629,-0.9176101283912382,-0.5795509871432513,0.37672968012392993,-3.6280732644720963,1 days 01:24:45.714285713,false
XMR-USD,false,4,42,515,16.926070038910506,0.3407045997684869,0.7079889807162535,0.0001,0.00002604010775217001,21.280991735537192,42.5206611570248,0.002128099173553719,-4.3889225293716265,0,0,17424,726 days 01:00:00,1000.0,41.40978414123106,-95.85902158587689,34.915698157888286,100.0,323.6952489235072,96.11096322286313,722 days 11:00:00,514,1,1.916104426428916,21.123879122043242,-11.465212964445193,2.4982699420304875,-1.235024671165548,2 days 11:51:02.068965517,0 days 09:57:36.674473067,-1.8686893390762607,-3.2472707415317554,-0.8305657776824611,0.8712149615989213,-0.45509847095026024,36.18424640980688,1.0102127534108152,0.3647399749373434,-0.007812256682019718,None,None,-0.00017060752208795504,-1.031834293587952,-0.9585902158587694,-0.6688584318198671,0.38241737859319264,-3.745441925646274,0 days 18:24:16.809338520,false
XMR-USD,false,7,65,326,16.923076923076923,0.3671222230962604,0.4476584022038568,0.0001,0.000026035502958579882,13.47107438016529,26.90082644628099,0.001347107438016529,-3.1185630709208736,0,0,17424,726 days 01:00:00,1000.0,106.62975612221703,-89.3370243877783,34.915698157888286,100.0,248.85795175616903,89.91201564243389,722 days 11:00:00,325,1,4.933948629096662,25.04590464160578,-4.647897540451743,3.243897656508525,-1.4617800888566062,4 days 00:20:43.636363636,0 days 16:02:00,-2.7640129000211737,-2.2548614592036484,-0.7512280748803537,0.9100317412532897,0.27364885140444406,22.483243706637214,1.0002545074850504,0.37812401138880103,-0.007672555628129272,None,None,-0.00011672051367073195,-0.7059256666805869,-0.8933702438777835,-0.5401790734178298,0.3767777696021791,-3.558649235189214,1 days 05:37:28.615384615,false
XMR-USD,false,8,81,261,16.923076923076923,0.4042865487014004,0.3581267217630854,0.0001,0.000026035502958579882,10.78512396694215,21.528925619834713,0.001078512396694215,-2.334255235160133,0,0,17424,726 days 01:00:00,1000.0,178.35766967688278,-82.16423303231171,34.915698157888286,100.0,236.57318038826887,83.42249194319908,722 days 11:00:00,260,1,8.252926873268706,20.605571745257084,-6.070947836557036,3.550930275178378,-1.4942927530405548,4 days 22:49:05.454545454,0 days 20:24:10,-3.1919048353707162,-1.6823710602991386,-0.694843683259494,0.9320731680197347,0.1979219595444166,22.86438980026774,0.9958343922001867,0.3828267597809698,-0.007618027989106668,None,None,-0.00008717492649884553,-0.5272339554650177,-0.8216423303231163,-0.45029115426396815,0.37716183938072456,-3.3532175315746584,1 days 13:03:27.692307691,false
XMR-USD,false,6,65,344,16.909620991253643,0.3786461082225927,0.4724517906336088,0.0001,0.000026014801525005606,14.214876033057852,28.388429752066116,0.0014214876033057852,-2.976696694107775,0,0,17424,726 days 01:00:00,1000.0,118.89031251636186,-88.11096874836382,34.915698157888286,100.0,271.3503849184287,88.69331420440433,725 days 03:00:00,343,1,5.5012663986648676,25.045904641605787,-4.883466848536508,3.110504407676664,-1.3545995838702563,3 days 18:55:51.724137931,0 days 15:11:22.105263157,-2.5848715856626954,-2.1435653566469015,-0.7409702600003037,0.9143277764500631,0.33816814910597287,22.28089009945371,1.0096741685809196,0.3764910340469231,-0.007644464242077305,None,None,-0.00011056162887939488,-0.6686767314625802,-0.8811096874836376,-0.5224763523307899,0.37542712117038146,-3.523534495857058,1 days 03:59:49.504373176,false
XMR-USD,false,8,74,285,16.901408450704224,0.403416345631223,0.39118457300275483,0.0001,0.00002600216684723727,11.776859504132231,23.51239669421488,0.001177685950413223,-2.6859442582467543,0,0,17424,726 days 01:00:00,1000.0,139.40871807528697,-86.0591281924713,34.915698157888286,100.0,247.0780696506032,86.99232318305603,722 days 11:00:00,284,1,6.450689549015749,24.360729949532015,-6.070947836557026,3.5899313870488734,-1.5329504128217617,4 days 16:42:30,0 days 17:52:07.118644067,-3.052964688287781,-1.9425531286610522,-0.7226215657107263,0.9217641166297263,0.17958393843913673,23.05606759829145,0.9950295957292983,0.38085426737459394,-0.0076570219242465135,None,None,-0.00010118767408235125,-0.6119830528500604,-0.8605912819247148,-0.49534600337596113,0.3791513896056079,-3.4647689358326206,1 days 09:53:52.394366196,false
XMR-USD,false,8,76,285,16.901408450704224,0.40329846898028426,0.39118457300275483,0.0001,0.00002600216684723727,11.776859504132231,23.51239669421488,0.001177685950413223,-2.6557101615303975,0,0,17424,726 days 01:00:00,1000.0,142.0051379401724,-85.79948620598276,34.915698157888286,100.0,249.4438648440633,86.86849786639598,722 days 11:00:00,284,1,6.5708305180922935,24.283808014060483,-6.070947836557037,3.5485974720512523,-1.517222707059661,4 days 17:10:00,0 days 17:48:48.813559322,-3.044245396401126,-1.9217862972496451,-0.7196671584005147,0.922623043472994,0.1664390500067362,22.97974588903529,0.9956888051780872,0.3814016172506739,-0.007641628599557551,None,None,-0.00010012400868430454,-0.6055500045226738,-0.8579948620598251,-0.4921033836393667,0.37921986658825624,-3.4573326822221544,1 days 09:55:46.478873239,false
XMR-USD,false,2,32,836,16.886227544910177,0.30556589669267736,1.1501377410468319,0.0001,0.00002597881160755412,34.54545454545455,69.0495867768595,0.003454545454545455,-6.107032043149895,0,0,17424,726 days 01:00:00,1000.0,11.938487707935792,-98.80615122920642,34.915698157888286,100.0,422.3575097268555,98.87787607668548,722 days 11:00:00,835,1,0.24017097334870385,14.344903282656981,-11.805396837296511,1.7109368902394302,-0.9737711717911465,1 days 12:12:20.425531914,0 days 06:10:48.414985590,-1.1835948302579795,-4.583720959784989,-0.902171032034559,0.8229547441048863,-0.5385236918616721,36.005809658534076,1.0253147567236245,0.35518743194898117,-0.008002243168760156,None,None,-0.0002418603214791311,-1.4627712243057849,-0.9880615122920635,-0.784953137108891,0.3840647055971697,-3.829848934493775,0 days 11:15:01.077844310,false
XMR-USD,false,7,74,309,16.883116883116884,0.3946591375865002,0.42424242424242425,0.0001,0.000025974025974025972,12.768595041322314,25.49586776859504,0.0012768595041322314,-2.848281663741667,0,0,17424,726 days 01:00:00,1000.0,127.25494038943793,-87.2745059610562,34.915698157888286,100.0,254.9206455587721,87.87546176133075,725 days 01:00:00,308,1,5.88831262035896,24.360729949532,-4.647897540451738,3.3844084827486713,-1.4637506326059992,4 days 09:01:09.230769230,0 days 16:21:05.625000,-2.8527057539965,-2.055927226006472,-0.7343016865865136,0.917722215202188,0.27909293201759305,22.32519249669046,0.9970762874375024,0.3814016172506739,-0.007658393323117552,None,None,-0.00010654674515648024,-0.6443947147063925,-0.8727450596105633,-0.5110733082299866,0.37721625035496126,-3.499577856538974,1 days 07:19:17.142857142,false
XMR-USD,false,5,58,404,16.87344913151365,0.3416040871107279,0.5550964187327824,0.0001,0.000025959152510021,16.694214876033058,33.34710743801653,0.001669421487603306,-3.6533194399077553,0,0,17424,726 days 01:00:00,1000.0,75.78781431094683,-92.42121856890532,34.915698157888286,100.0,278.84085721519347,92.80203371835862,722 days 11:00:00,403,1,3.5068370792589434,23.465520524001384,-4.883466848536506,2.6751830058536377,-1.2915370737639593,3 days 04:19:24.705882352,0 days 13:03:45.671641791,-2.3020323145615693,-2.645652035861137,-0.7829929270965535,0.8952473770441276,0.3157983226679959,22.424284003561528,1.00729525171857,0.37258763292634894,-0.0077104679940624915,None,None,-0.00013640602446568926,-0.8249836359684887,-0.9242121856890539,-0.5915650192307327,0.37528289666234155,-3.646981828946335,0 days 23:44:13.101736971,false
XMR-USD,false,3,39,624,16.853932584269664,0.32539172610013756,0.8581267217630854,0.0001,0.000025929127052722562,25.785123966942148,51.52892561983471,0.002578512396694215,-5.149054756895821,0,0,17424,726 days 01:00:00,1000.0,23.266148646903275,-97.67338513530967,34.915698157888286,100.0,355.86775048829986,97.82139304458269,722 days 11:00:00,623,1,1.0765661143327776,18.96646464310023,-11.805396837296527,2.1369232172969097,-1.1436235436971671,2 days 01:00:34.285714285,0 days 08:19:20.617760617,-1.5695191291612027,-3.8417716529574353,-0.8679321072526656,0.8494935546689447,-0.5162013202727568,35.481419139428255,1.0111536427665027,0.3629253030895581,-0.007936388449637425,None,None,-0.00020348545543150676,-1.2306800344497528,-0.976733851353097,-0.728911896024737,0.38553141220404324,-3.7974060462326156,0 days 15:10:47.191011234,false
XMR-USD,false,8,75,286,16.842105263157894,0.39956212207281006,0.3925619834710744,0.0001,0.00002591093117408907,11.818181818181818,23.59504132231405,0.0011818181818181819,-2.680393015897993,0,0,17424,726 days 01:00:00,1000.0,139.8478975449632,-86.01521024550368,34.915698157888286,100.0,247.19173505258414,87.06798224606919,722 days 11:00:00,285,1,6.471011164868031,24.28380801406048,-6.070947836557029,3.5582433514476897,-1.5192862978697441,4 days 16:45:00,0 days 17:48:21.265822784,-3.04078285480668,-1.9396118747872413,-0.7213186423462891,0.9219454542728276,0.1685494398375883,23.00303681136469,0.9943826568741816,0.3814016172506739,-0.007657021924246371,None,None,-0.00010101204289284973,-0.6109208354159551,-0.8601521024550383,-0.49479476593268756,0.379067249892648,-3.4635111077127583,1 days 09:47:47.368421051,false
XMR-USD,false,3,41,601,16.833333333333332,0.3261093270165806,0.8264462809917356,0.0001,0.000025897435897435896,24.834710743801654,49.62809917355372,0.0024834710743801653,-4.978080193474567,0,0,17424,726 days 01:00:00,1000.0,26.484764780698697,-97.35152352193013,34.915698157888286,100.0,353.1372252726495,97.49031205581042,722 days 11:00:00,600,1,1.225497212353158,22.338519297191784,-11.805396837296527,2.1780359560181903,-1.151395133885781,2 days 03:45:44.554455445,0 days 08:29:05.891783567,-1.624567887386091,-3.7089271363724943,-0.8604563126030131,0.8542506478137779,-0.5124302653227267,35.72526695679438,1.0098863326273404,0.36388541014402004,-0.007887120226823446,None,None,-0.0001960956961373183,-1.1859867702385012,-0.9735152352193018,-0.7164421742818559,0.3848377836620996,-3.7881877968387725,0 days 15:46:11.999999998,false
XMR-USD,false,4,60,441,16.818181818181817,0.34112570603467524,0.6060606060606061,0.0001,0.000025874125874125877,18.22314049586777,36.404958677685954,0.0018223140495867772,-3.8086580938296364,0,0,17424,726 days 01:00:00,1000.0,67.42542276306551,-93.25745772369345,34.915698157888286,100.0,297.6415033393432,93.58442177855544,722 days 11:00:00,440,1,3.119894336312484,23.465520524001402,-5.4178664083056765,2.5893888540945724,-1.2395849441342426,3 days 00:18:38.918918918,0 days 11:26:43.278688524,-2.126578344484648,-2.764446108168641,-0.79312109243207,0.8906389289956336,0.2857047650468092,22.30544537162053,1.0106125649549493,0.3708598851388561,-0.007771798389880508,None,None,-0.00014303156665878994,-0.8650549151523615,-0.9325745772369356,-0.6078074700924272,0.3766012108050212,-3.6709320633368,0 days 21:40:54.545454543,false
XMR-USD,false,3,34,673,16.815476190476193,0.3359172799497696,0.9256198347107438,0.0001,0.000025869963369963378,27.8099173553719,55.578512396694215,0.00278099173553719,-5.402875885890458,0,0,17424,726 days 01:00:00,1000.0,19.689563794783112,-98.03104362052169,34.915698157888286,100.0,375.1674769706403,98.16258841570324,722 days 11:00:00,672,1,0.9110711664897195,16.215830782267698,-11.805396837296534,2.0463056504582102,-1.1043282630142168,1 days 20:16:27.610619469,0 days 07:53:46.475849731,-1.4601510526364654,-4.0414693955960805,-0.8772943459700291,0.8421566516636998,-0.5468118778141411,35.96276912147677,1.013653023536289,0.36037161370911075,-0.007905273419109848,None,None,-0.0002131640644205877,-1.2892162616157143,-0.980310436205217,-0.7441704894348733,0.3839128443531373,-3.807649532804033,0 days 14:00:48.214285713,false
XMR-USD,false,3,38,620,16.80129240710824,0.32737559436874575,0.8526170798898072,0.0001,0.000025848142164781907,25.619834710743802,51.19834710743802,0.0025619834710743803,-5.143626937935949,0,0,17424,726 days 01:00:00,1000.0,23.344653707887915,-97.66553462921121,34.915698157888286,100.0,352.6873352114201,97.8140419494577,722 days 11:00:00,619,1,1.0801986832526218,18.966464643100238,-11.805396837296529,2.172803271601657,-1.1530466551680916,2 days 00:35:11.538461538,0 days 08:30:45.436893203,-1.5795404603802332,-3.8400997298921116,-0.8677357286276504,0.8493749548068242,-0.5228757396813557,35.55728063910088,1.0086213055570137,0.3623924941360438,-0.007966180649046741,None,None,-0.00020330325415910362,-1.2295780811542587,-0.9766553462921127,-0.728594760533891,0.3853539110494072,-3.797181204499165,0 days 15:14:44.006462034,false
XMR-USD,false,4,43,519,16.795366795366796,0.3331341491974848,0.7134986225895317,0.0001,0.00002583902583902584,21.446280991735538,42.85123966942149,0.002144628099173554,-4.43975456303059,0,0,17424,726 days 01:00:00,1000.0,39.79931403741705,-96.02006859625828,34.915698157888286,100.0,323.54088164516315,96.26221195772376,722 days 11:00:00,518,1,1.8415851079020342,21.123879122043256,-11.465212964445186,2.4385318895258785,-1.2202392310845498,2 days 12:21:22.758620689,0 days 09:48:26.728538283,-1.8572244615260303,-3.285447503195748,-0.8333985748522781,0.8699350525940286,-0.45367835784784283,36.00860908827714,1.0104156647757356,0.3653816016298385,-0.0078135247061204,None,None,-0.0001728502955141631,-1.0453985872696585,-0.960200685962583,-0.6733863788740941,0.3829424738359267,-3.750054378464865,0 days 18:17:50.270270269,false
XMR-USD,false,4,71,418,16.786570743405278,0.3354239112120926,0.5743801652892562,0.0001,0.00002582549345139274,17.272727272727273,34.50413223140496,0.0017272727272727275,-3.5523540401870592,0,0,17424,726 days 01:00:00,1000.0,80.03925640873388,-91.99607435912661,34.915698157888286,100.0,294.95111126663437,92.37405619025473,725 days 03:00:00,417,1,3.7035588731831126,23.465520524001366,-5.417866408305689,2.6356604710983866,-1.2388154871176116,3 days 06:48:00,0 days 11:43:34.409221902,-2.2150223080682228,-2.5727135841309754,-0.7783881420312595,0.8979950003092564,0.29390515309658594,22.24203205062596,1.011806682128289,0.3738863045020895,-0.007749495144909712,None,None,-0.00013317957139771542,-0.8054700478133828,-0.9199607435912669,-0.5837539013248452,0.37679412064289575,-3.634805523381537,0 days 22:59:08.201438848,false
XMR-USD,false,4,64,430,16.783216783216783,0.3287693046086988,0.5909090909090909,0.0001,0.000025820333512641203,17.768595041322314,35.49586776859504,0.0017768595041322314,-3.8058398030206457,0,0,17424,726 days 01:00:00,1000.0,67.1339205493448,-93.28660794506553,34.915698157888286,100.0,289.4293487560314,93.61898106323633,722 days 11:00:00,429,1,3.106406009975906,23.46552052400138,-5.417866408305694,2.6237566218456703,-1.264479966313325,3 days 02:30:00,0 days 11:46:03.025210084,-2.181754045362779,-2.7636829490122814,-0.7934273760709308,0.8908018132841207,0.28000100941598327,22.18138960377353,1.0090097999357888,0.37204724409448825,-0.007782124845761584,None,None,-0.0001432394072480997,-0.8663119350365069,-0.9328660794506562,-0.608396816276134,0.37725259895635205,-3.6717669377030586,0 days 22:17:45.734265733,false
XMR-USD,false,4,48,496,16.767676767676768,0.3392502597444506,0.6818181818181818,0.0001,0.000025796425796425792,20.49586776859504,40.950413223140494,0.002049586776859504,-4.199405564216785,0,0,17424,726 days 01:00:00,1000.0,47.164982998800724,-95.28350170011993,34.915698157888286,100.0,320.98467428105545,95.5704585938004,722 days 11:00:00,495,1,2.182407722489515,21.41807728755481,-11.520637103641043,2.49449812734659,-1.2233272509055253,2 days 15:49:09.397590361,0 days 10:11:39.029126213,-1.92932813075493,-3.1029203595869532,-0.8209917238904939,0.8766879264048557,-0.45930940272342896,36.228605081692024,1.0106263596055953,0.36720282463711257,-0.007779925376391836,None,None,-0.00016312535230016424,-0.9865821307113933,-0.9528350170011993,-0.6535584702011701,0.3826562207560874,-3.728958798682739,0 days 19:11:09.090909090,false
XMR-USD,false,6,64,341,16.76470588235294,0.3767889181349541,0.46831955922865015,0.0001,0.000025791855203619907,14.090909090909092,28.140495867768596,0.0014090909090909093,-2.9919255631431123,0,0,17424,726 days 01:00:00,1000.0,117.76485872992544,-88.22351412700745,34.915698157888286,100.0,268.2568496643499,88.8003469143987,725 days 03:00:00,340,1,5.449189648528289,25.682814768714213,-4.8834668485365,3.1388808439826916,-1.3618618314291584,3 days 19:50:31.578947368,0 days 15:25:39.222614840,-2.6108362674076613,-2.155114501621211,-0.7419186720599871,0.9138441783873036,0.33749048463247366,22.317098819824782,1.0081814288628683,0.3764910340469231,-0.0076513252416378855,None,None,-0.00011111602097981164,-0.6720296948859008,-0.8822351412700733,-0.5240501980146797,0.37528765287539767,-3.5267578419329317,1 days 04:14:17.647058821,false
XMR-USD,false,4,75,395,16.751269035532996,0.35885904847518757,0.5426997245179064,0.0001,0.000025771183131589223,16.322314049586776,32.603305785123965,0.0016322314049586777,-3.252768978837158,0,0,17424,726 days 01:00:00,1000.0,98.02982609058358,-90.19701739094164,34.915698157888286,100.0,294.59107293136344,90.65995888781991,725 days 03:00:00,394,1,4.536014557661019,25.682814768714213,-5.417866408305702,2.82926686433388,-1.253944912388457,3 days 13:42:43.636363636,0 days 12:02:11.707317073,-2.30077712808903,-2.3501662192983575,-0.7598490215771082,0.9065122624203529,0.30742216541537287,22.22164284212449,1.0099181485089765,0.3768173198482933,-0.007685989712521498,None,None,-0.00012156428021396622,-0.7352207667340678,-0.9019701739094158,-0.5534058474959233,0.3765003183463163,-3.5832797895969892,1 days 00:22:41.421319796,false
XMR-USD,false,4,57,455,16.740088105726873,0.33238256449762815,0.6253443526170799,0.0001,0.000025753981701118263,18.801652892561982,37.561983471074385,0.0018801652892561983,-3.8980501631903692,0,0,17424,726 days 01:00:00,1000.0,63.73988859496865,-93.62601114050314,34.915698157888286,100.0,298.8592610025973,93.94614561778755,722 days 11:00:00,454,1,2.9493581096767585,23.465520524001388,-5.417866408305686,2.5419922291368295,-1.2195447934947734,2 days 22:17:22.105263157,0 days 11:06:01.904761904,-2.0687433249222664,-2.832272347209983,-0.797712277297726,0.8881818845132827,0.2789058270283921,22.409214981669436,1.0108912238210372,0.3706442224494611,-0.007762506178882318,None,None,-0.00014629582324417968,-0.8847971389807987,-0.936260111405032,-0.6153851169545912,0.37597144308731967,-3.6814875852439686,0 days 21:00:31.718061672,false
XMR-USD,false,7,75,306,16.721311475409838,0.39257198234524526,0.4201101928374656,0.0001,0.0000257250945775536,12.644628099173554,25.24793388429752,0.0012644628099173555,-2.8119839988049313,0,0,17424,726 days 01:00:00,1000.0,128.0945798280751,-87.19054201719248,34.915698157888286,100.0,253.75977657591721,87.79546297739915,725 days 01:00:00,305,1,5.92716423184018,24.36072994953201,-5.957955217046658,3.411451489304651,-1.4650634170192007,4 days 10:30:35.294117647,0 days 16:36:08.503937007,-2.878139620995949,-2.0350711728610773,-0.7336327561267598,0.9183317907952226,0.1828566005987161,22.989118844300172,0.9967515634976581,0.38162067871868055,-0.00767880759082931,None,None,-0.00010603774084328792,-0.6413162566202053,-0.8719054201719247,-0.5099560132689849,0.3792615435810419,-3.497173094546702,1 days 07:38:09.836065572,false
XMR-USD,false,7,67,318,16.7192429022082,0.37511190277213785,0.4366391184573003,0.0001,0.000025721912157243387,13.140495867768596,26.239669421487605,0.0013140495867768596,-3.0272492446687727,0,0,17424,726 days 01:00:00,1000.0,113.33680203688323,-88.66631979631168,34.915698157888286,100.0,247.43988843137205,89.2015478067936,725 days 02:00:00,317,1,5.244295582887204,25.04590464160576,-4.647897540451751,3.3904220484806027,-1.4766446600576744,4 days 04:29:26.037735849,0 days 16:17:43.636363636,-2.813588307716099,-2.1881997063003116,-0.7458805358820065,0.9125423194656853,0.27283996202621763,22.502536654598014,0.9986887539682909,0.37888739416000633,-0.00765839332311768,None,None,-0.00011322869102516287,-0.684807123320185,-0.8866631979631148,-0.5303395805689191,0.37664089713529814,-3.5394399789849214,1 days 06:22:20.063091481,false
XMR-USD,false,4,62,433,16.666666666666664,0.32824006285286944,0.5950413223140496,0.0001,0.00002564102564102564,17.892561983471076,35.743801652892564,0.0017892561983471078,-3.84318003044038,0,0,17424,726 days 01:00:00,1000.0,65.89619399631624,-93.41038060036838,34.915698157888286,100.0,288.1310108527462,93.7299290126151,722 days 11:00:00,432,1,3.049134199070643,23.465520524001384,-5.417866408305682,2.626985466432499,-1.2594876271456077,3 days 02:08:20,0 days 11:42:20,-2.169335509728601,-2.7897994284078997,-0.7950433318344683,0.8897317439056799,0.28755228124601095,22.301441604317073,1.0099351629656823,0.3709677419354838,-0.007771798389880644,None,None,-0.00014434734893560016,-0.8730127663625098,-0.9341038060036836,-0.6109179780316629,0.37661167188462125,-3.6753118376143585,0 days 22:06:39.999999999,false
XMR-USD,false,5,61,392,16.624040920716112,0.34564097605911215,0.5385674931129476,0.0001,0.000025575447570332482,16.198347107438018,32.35537190082645,0.0016198347107438018,-3.5566683151469367,0,0,17424,726 days 01:00:00,1000.0,81.31245247138963,-91.86875475286104,34.915698157888286,100.0,278.2549431477097,92.28557817303394,722 days 11:00:00,391,1,3.762471921438731,23.465520524001377,-4.8834668485364965,2.7879806210277263,-1.3037070195341882,3 days 07:39:41.538461538,0 days 13:26:08.098159509,-2.3592072108696893,-2.5708490702163043,-0.7767092340869932,0.8979443892464226,0.335009128051124,22.49269639580762,1.008951909000845,0.37193921738445795,-0.0077031865491224445,None,None,-0.00013239624590972743,-0.8007324952620315,-0.9186875475286107,-0.5814675660684955,0.37484958505922655,-3.6311590373313414,1 days 00:26:42.046035805,false
XMR-USD,false,7,69,308,16.612377850162865,0.3800723745729103,0.4228650137741047,0.0001,0.00002555750438486595,12.727272727272728,25.41322314049587,0.0012727272727272728,-2.9613559705139174,0,0,17424,726 days 01:00:00,1000.0,118.73381831231336,-88.12661816876867,34.915698157888286,100.0,244.9926683025048,88.6873333487466,725 days 02:00:00,307,1,5.494025133265652,25.04590464160576,-4.6478975404517415,3.48314366830181,-1.4967106697811987,4 days 08:11:45.882352941,0 days 16:52:01.875000,-2.888469729058478,-2.139731941593362,-0.7412760971271992,0.9144515845911932,0.27790216756998043,22.547374816513983,0.9956429924769421,0.37997940920250256,-0.007657021924246313,None,None,-0.00011058765006922911,-0.6688341076186977,-0.881266181687687,-0.5226946114431084,0.376188230624961,-3.52398270171375,1 days 07:22:28.534201953,false
XMR-USD,false,3,42,592,16.58206429780034,0.3335744330985596,0.8140495867768595,0.0001,0.00002551086815046206,24.462809917355372,48.88429752066116,0.0024462809917355373,-4.883012535392732,0,0,17424,726 days 01:00:00,1000.0,28.755437159546773,-97.12445628404532,34.915698157888286,100.0,351.16571470177036,97.27514385848693,722 days 11:00:00,591,1,1.3305652653824147,22.338519297191766,-11.805396837296527,2.2601377152547295,-1.151479093813487,2 days 05:33:03.673469387,0 days 08:32:29.695740365,-1.645643194764527,-3.6310737279562666,-0.8553658025031755,0.8571931762280867,-0.481132878784603,35.822781258556695,1.0103489555111504,0.3640989509942069,-0.007866342645751149,None,None,-0.00019144557529147924,-1.1578628393628665,-0.9712445628404539,-0.7082297943563334,0.3837675154180624,-3.781684497467298,0 days 16:00:18.274111674,false
XMR-USD,false,7,66,321,16.5625,0.37705937091947045,0.44077134986225897,0.0001,0.00002548076923076923,13.264462809917356,26.487603305785125,0.0013264462809917357,-3.0587717905382945,0,0,17424,726 days 01:00:00,1000.0,111.01228813474722,-88.89877118652528,34.915698157888286,100.0,250.3879584219585,89.4973948461689,722 days 11:00:00,320,1,5.136736186731241,25.04590464160577,-4.647897540451732,3.422544446079643,-1.473735937727915,4 days 04:31:41.886792452,0 days 16:06:44.494382022,-2.7941389001624506,-2.2107465173097025,-0.7472903625597938,0.9117022799264962,0.2750833745898418,22.49001710567777,1.0003188267838967,0.37845107190886795,-0.0076583933231175825,None,None,-0.00011441405737447781,-0.6919762190008418,-0.8889877118652547,-0.53370559047443,0.37670239530350236,-3.546097482700369,1 days 06:05:37.499999998,false
XMR-USD,false,4,72,418,16.546762589928058,0.3369962288812935,0.5743801652892562,0.0001,0.000025456557830658552,17.272727272727273,34.50413223140496,0.0017272727272727275,-3.553002995638571,0,0,17424,726 days 01:00:00,1000.0,80.17941624063803,-91.98205837593619,34.915698157888286,100.0,294.9757366787743,92.36070210564117,725 days 03:00:00,417,1,3.7100443181060854,23.465520524001374,-5.417866408305692,2.6919740208356973,-1.2381213758590164,3 days 08:02:36.521739130,0 days 11:41:12.413793103,-2.2147017459891325,-2.5724505593640075,-0.7782329928614838,0.8980889096974126,0.3021877950931835,22.220558045293412,1.0112488692420898,0.3743197413045192,-0.007749495144909677,None,None,-0.00013309244137979924,-0.8049430854650258,-0.9198205837593626,-0.5835010521214488,0.3765861115533819,-3.6344040998405545,0 days 22:59:51.366906474,false
XMR-USD,false,3,43,582,16.523235800344235,0.32771077862749576,0.800275482093664,0.0001,0.000025420362769760365,24.049586776859506,48.057851239669425,0.0024049586776859508,-4.872820947122718,0,0,17424,726 days 01:00:00,1000.0,29.15581576748241,-97.08441842325176,34.915698157888286,100.0,338.1720903756197,97.25681096114704,722 days 11:00:00,581,1,1.3490914962919334,22.338519297191777,-11.80539683729652,2.285156865203458,-1.1633955257289352,2 days 06:20:00,0 days 08:44:24.742268041,-1.673310285247519,-3.624776677164865,-0.8543224884294901,0.8573766641857687,-0.4901405053047838,36.07825837769784,1.009991924900709,0.36356522419594645,-0.007835610453813558,None,None,-0.00019070410055105,-1.1533784001327505,-0.9708441842325177,-0.7068261168435697,0.3829452799598237,-3.7805377966162217,0 days 16:16:25.197934595,false
XMR-USD,false,4,61,437,16.51376146788991,0.32984201829375775,0.6005509641873278,0.0001,0.00002540578687367679,18.05785123966942,36.074380165289256,0.0018057851239669423,-3.872694650953152,0,0,17424,726 days 01:00:00,1000.0,64.70130081574166,-93.52986991842583,34.915698157888286,100.0,291.35028940354704,93.84362397146154,722 days 11:00:00,436,1,2.9938443645571056,23.46552052400139,-5.41786640830569,2.6037748595771153,-1.246623809579172,3 days 01:44:10,0 days 11:38:04.615384615,-2.1520471182312315,-2.812100640674713,-0.796566543392798,0.8888587481752629,0.28634681131772455,22.354681825983498,1.0093979544749199,0.3706442224494611,-0.0077696414961931515,None,None,-0.0001454117134524137,-0.8794500429601981,-0.9352986991842593,-0.6133813955938433,0.3763799471579389,-3.6787340609798234,0 days 21:53:23.669724769,false
XMR-USD,false,5,68,377,16.48936170212766,0.34860678903902886,0.5179063360881543,0.0001,0.000025368248772504094,15.578512396694215,31.115702479338843,0.0015578512396694215,-3.406375765080802,0,0,17424,726 days 01:00:00,1000.0,88.55988854045381,-91.14401114595462,34.915698157888286,100.0,276.7997171273299,91.57779290316805,725 days 03:00:00,376,1,4.097823689630303,25.682814768714213,-4.883466848536497,2.9382905156997783,-1.3284090596772464,3 days 14:42:34.838709677,0 days 13:28:39.745222929,-2.434941316886113,-2.4642435458461374,-0.7691491812373343,0.9021483180813777,0.299428625119546,22.31271111693123,1.0086295313032656,0.3750789141414141,-0.007705955313607386,None,None,-0.000127404506023758,-0.7705424524316885,-0.9114401114595471,-0.5688790529346053,0.37632156391893246,-3.6104020814306135,1 days 01:33:11.489361700,false
XMR-USD,false,8,80,268,16.479400749063668,0.39925880275764963,0.3677685950413223,0.0001,0.000025352924229328724,11.074380165289256,22.107438016528928,0.0011074380165289257,-2.4722629841615236,0,0,17424,726 days 01:00:00,1000.0,161.93339203014625,-83.80666079698538,34.915698157888286,100.0,238.7787661553987,85.02690764229199,722 days 11:00:00,267,1,7.492946309436832,20.60557174525707,-6.070947836557041,3.5906531475882026,-1.497014897908209,4 days 22:12:16.363636363,0 days 19:55:57.847533632,-3.166889716401834,-1.7852309514821465,-0.70516812944856,0.9280974819424327,0.1797883315556828,22.786581828515324,0.9958474432953416,0.3826073157184797,-0.007633542887437752,None,None,-0.00009267452525748094,-0.5604955287572447,-0.8380666079698532,-0.46841766788171313,0.37785389768026756,-3.4002573403519776,1 days 12:07:38.426966291,false
XMR-USD,false,6,66,347,16.473988439306357,0.3671410780546978,0.4765840220385675,0.0001,0.000025344597598932863,14.338842975206612,28.636363636363637,0.0014338842975206612,-3.119025739752344,0,0,17424,726 days 01:00:00,1000.0,107.93405805896555,-89.20659419410345,34.915698157888286,100.0,269.4832175804674,89.73527400772588,725 days 03:00:00,346,1,4.994301001518608,25.04590464160578,-4.883466848536512,3.1090407478135496,-1.3583003582818318,3 days 19:40:00,0 days 15:09:57.923875432,-2.592659661683685,-2.2496452221499568,-0.7504902947561427,0.9103067298652177,0.32978872063923537,22.244557193818448,1.0071641300838223,0.3763823064770932,-0.007658393323117557,None,None,-0.00011609627304430282,-0.7021502593719434,-0.892065941941035,-0.5382346028209796,0.3756316594462036,-3.554913660632318,1 days 03:46:07.630057802,false
XMR-USD,false,4,66,426,16.470588235294116,0.3285425965537365,0.5853994490358126,0.0001,0.000025339366515837106,17.60330578512397,35.16528925619835,0.001760330578512397,-3.7776982367557252,0,0,17424,726 days 01:00:00,1000.0,68.81255706741831,-93.11874429325817,34.915698157888286,100.0,289.75496198884804,93.44370853570592,725 days 03:00:00,425,1,3.1840795098347314,23.465520524001388,-5.417866408305701,2.6379996105381367,-1.253370874603646,3 days 04:42:00,0 days 11:50:32.112676056,-2.1985212292762752,-2.7403514287604542,-0.7914769103199227,0.8917360687150188,0.29568270869286517,22.233276419800095,1.0072059060877063,0.373020250571271,-0.007786965907689512,None,None,-0.00014185233238069822,-0.8579229062384629,-0.9311874429325814,-0.6050255838806462,0.3767802795833347,-3.666959253461768,0 days 22:31:28.941176470,false
XMR-USD,false,6,71,335,16.46706586826347,0.3571330925178561,0.46005509641873277,0.0001,0.000025333947489636113,13.842975206611571,27.644628099173556,0.0013842975206611572,-3.1500285725995516,0,0,17424,726 days 01:00:00,1000.0,104.59121811693933,-89.54087818830607,34.915698157888286,100.0,253.79738857364168,90.05318418972038,725 days 03:00:00,334,1,4.83962184675859,25.04590464160577,-4.883466848536503,3.1491803116646073,-1.4036993719684798,4 days 00:06:32.727272727,0 days 15:32:54.193548387,-2.6953545021850838,-2.278278859303082,-0.7535309365251159,0.9091913446041264,0.2743524778093116,22.499176097066712,1.002280659409696,0.37757925527709707,-0.007672555628129313,None,None,-0.00011784549584091254,-0.712729558845839,-0.8954087818830608,-0.5432495015793353,0.3764991951474809,-3.564487692137889,1 days 04:48:51.736526945,false
XMR-USD,false,3,44,578,16.464471403812826,0.32413392555625026,0.7947658402203857,0.0001,0.00002532995600586589,23.884297520661157,47.72727272727273,0.0023884297520661156,-4.84931430824252,0,0,17424,726 days 01:00:00,1000.0,29.823667916405384,-97.01763320835947,34.915698157888286,100.0,337.34791832634676,97.19397462313779,722 days 11:00:00,577,1,1.37999420407683,21.985676742539628,-11.805396837296536,2.283384231919305,-1.1610998047248375,2 days 07:03:09.473684210,0 days 08:46:33.360995850,-1.6838064580375591,-3.602869184223078,-0.852882432059513,0.8582294041522083,-0.4732341712834915,36.112803561713356,1.0115836356799406,0.36345852895148667,-0.007835610453813594,None,None,-0.00018942193789223973,-1.1456238803722658,-0.9701763320835941,-0.7045124529725487,0.38268349000567026,-3.7786250405089175,0 days 16:23:42.530329287,false
XMR-USD,false,7,89,269,16.417910447761194,0.38673923562685797,0.3691460055096419,0.0001,0.000025258323765786453,11.115702479338843,22.1900826446281,0.0011115702479338845,-2.4109655221514243,0,0,17424,726 days 01:00:00,1000.0,166.4473926478778,-83.35526073521223,34.915698157888286,100.0,233.32877816402302,84.52949627760621,722 days 11:00:00,268,1,7.701817153463395,20.60557174525708,-5.594869149645526,3.46662943207948,-1.458248099405481,4 days 23:30:00,0 days 19:36:25.714285714,-3.139009046662637,-1.7443189608314582,-0.7027246867032191,0.9294912858219158,0.09977676413042648,23.392897864110264,0.9931234710560514,0.3840349483717236,-0.007633542887437853,None,None,-0.00009098118759415732,-0.5502542225694634,-0.8335526073521243,-0.46332055060807664,0.37965020976234515,-3.387329056353991,1 days 12:00:26.865671640,false
XMR-USD,false,5,62,391,16.41025641025641,0.33867433484359594,0.5371900826446281,0.0001,0.000025246548323471404,16.15702479338843,32.27272727272727,0.001615702479338843,-3.6171798828853814,0,0,17424,726 days 01:00:00,1000.0,77.55834685351579,-92.24416531464841,34.915698157888286,100.0,276.8237348717855,92.6417444604725,722 days 11:00:00,390,1,3.5887627717567057,23.46552052400139,-4.8834668485364965,2.7672493151296047,-1.3061652501187455,3 days 08:21:33.750000,0 days 13:35:09.202453987,-2.374436963892924,-2.6186767394288357,-0.7809019947743899,0.8962015860209648,0.319931245058639,22.3771379524521,1.0058362190879666,0.3729120705956508,-0.00774949514490972,None,None,-0.00013507142860843486,-0.816912000223814,-0.9224416531464841,-0.5882781389370134,0.375439140560224,-3.6419109506996428,1 days 00:32:36.923076922,false
XMR-USD,false,3,45,574,16.404886561954623,0.3215271350276626,0.7892561983471075,0.0001,0.000025238287018391728,23.71900826446281,47.396694214876035,0.0023719008264462813,-4.8376492713587185,0,0,17424,726 days 01:00:00,1000.0,30.014298851302783,-96.99857011486972,34.915698157888286,100.0,335.5517579687062,97.17603869243881,722 days 11:00:00,573,1,1.3888150367797074,21.985676742539656,-11.805396837296518,2.3315374089501626,-1.169965485267594,2 days 08:09:34.468085106,0 days 08:44:20.542797494,-1.695243483744286,-3.5931497063154687,-0.8524751234474658,0.8586161569175007,-0.4691660335162164,36.02670340480215,1.0126271945385736,0.36335185040294193,-0.007866342645751223,None,None,-0.00018903993570215885,-1.1433135311266567,-0.9699857011486961,-0.7038582590538731,0.382944814485814,-3.7780790656467356,0 days 16:31:05.968586385,false
XMR-USD,false,4,63,434,16.397228637413395,0.32368518215563336,0.5964187327823691,0.0001,0.000025226505596020605,17.933884297520663,35.82644628099174,0.0017933884297520663,-3.844737101364377,0,0,17424,726 days 01:00:00,1000.0,65.6663713074538,-93.43336286925462,34.915698157888286,100.0,289.81901693193805,93.75847030245407,722 days 11:00:00,433,1,3.03849989414595,23.46552052400139,-5.4178664083056916,2.656235669238303,-1.25229348857719,3 days 03:00:00,0 days 11:40:26.519337016,-2.164831705742939,-2.7910332729897753,-0.7952782252676875,0.8896828502050044,0.28633768585632796,22.253181320319726,1.0102826256146318,0.3708598851388561,-0.007771798389880644,None,None,-0.00014452870057489242,-0.8741095810769494,-0.9343336286925468,-0.6113895064498103,0.37691813058957285,-3.6759700592767843,0 days 22:03:27.852193994,false
XMR-USD,false,3,56,526,16.380952380952383,0.33314210907426656,0.7231404958677686,0.0001,0.0000252014652014652,21.735537190082646,43.429752066115704,0.0021735537190082648,-4.178660495751721,0,0,17424,726 days 01:00:00,1000.0,51.845358748357626,-94.81546412516424,34.915698157888286,100.0,337.8103927601474,95.09403354714365,722 days 11:00:00,525,1,2.398977040032655,22.914551734494683,-5.417866408305682,2.3454225483252094,-1.1168237844161502,2 days 15:55:06.976744186,0 days 09:07:31.025056947,-1.8105783205555719,-3.043685732732389,-0.8140718741189454,0.8802693126460388,0.2452331878338756,22.223128225394543,1.0219326578955499,0.36709555939118155,-0.007794097442984182,None,None,-0.00015802531510705206,-0.9557371057674509,-0.9481546412516426,-0.6419927317206976,0.3779068819328598,-3.7155540094432618,0 days 18:06:03.428571427,false
XMR-USD,false,8,77,282,16.370106761565836,0.4074925821014124,0.38705234159779617,0.0001,0.00002518477963317821,11.652892561983471,23.264462809917354,0.0011652892561983472,-2.6139409031617693,0,0,17424,726 days 01:00:00,1000.0,145.76175043052217,-85.42382495694778,34.915698157888286,100.0,251.18880155090304,86.52111631635002,722 days 11:00:00,281,1,6.744655665226304,25.899293245929723,-6.07094783655704,3.7179980336331764,-1.5140697564697956,4 days 20:48:15.652173913,0 days 18:11:14.042553191,-3.063996104038083,-1.890330682503764,-0.7168324246475501,0.9238818698627927,0.1703427005429912,22.887946498546594,0.9973855583043043,0.38173023550868285,-0.00765091347101138,None,None,-0.0000985985450943775,-0.5963240007307952,-0.8542382495694769,-0.48747963784828374,0.3796563493437388,-3.4465735890676585,1 days 10:19:51.459074732,false
XMR-USD,false,6,72,337,16.36904761904762,0.3560380047140012,0.4628099173553719,0.0001,0.00002518315018315019,13.925619834710744,27.8099173553719,0.0013925619834710744,-3.1652679066131486,0,0,17424,726 days 01:00:00,1000.0,103.66328224431606,-89.63367177556839,34.915698157888286,100.0,255.0646349605072,90.1414325854739,725 days 03:00:00,336,1,4.796684602098978,25.04590464160576,-4.88346684853649,3.1584951298172452,-1.398841513623087,4 days 00:12:00,0 days 15:24:58.932384341,-2.681944649874352,-2.2880115684831615,-0.7543871469544293,0.9088148717063639,0.2819141887122676,22.494188835333127,1.0024561108434333,0.37747035573122534,-0.0076725556281293655,None,None,-0.00011835578082532203,-0.7158157624315477,-0.8963367177556841,-0.5446600986486365,0.37652099985253445,-3.5671453387598384,1 days 04:38:23.571428570,false
XMR-USD,false,4,67,429,16.355140186915886,0.3210179232121004,0.5895316804407713,0.0001,0.00002516175413371675,17.727272727272727,35.413223140495866,0.0017727272727272728,-3.779038711155796,0,0,17424,726 days 01:00:00,1000.0,68.68806434965234,-93.13119356503476,34.915698157888286,100.0,289.5839919368334,93.45556989615581,725 days 03:00:00,428,1,3.1783190101722454,23.46552052400138,-5.417866408305687,2.644786430660041,-1.2450281183219096,3 days 04:49:42.857142857,0 days 11:43:04.357541899,-2.183388445468502,-2.7419830756667753,-0.791630006022849,0.8916809234144344,0.29026910184791843,22.231462167433182,1.0089131226035601,0.3726957617772175,-0.007767265497249569,None,None,-0.00014195330140315623,-0.8585335668862889,-0.9313119356503472,-0.6052737490871376,0.37682410108862935,-3.6673158057414987,0 days 22:22:00.560747662,false
XMR-USD,false,7,71,319,16.352201257861633,0.3731627000781551,0.4380165289256198,0.0001,0.000025157232704402517,13.181818181818182,26.322314049586776,0.0013181818181818182,-3.0340595633617005,0,0,17424,726 days 01:00:00,1000.0,113.15565679739723,-88.68443432026028,34.915698157888286,100.0,249.89096603970944,89.21880688039955,725 days 02:00:00,318,1,5.235913670196652,24.36072994953201,-4.647897540451754,3.43447466831964,-1.46226459751456,4 days 06:46:09.230769230,0 days 16:08:07.218045112,-2.8052838266440223,-2.1931031019384335,-0.7460377644830625,0.9124702131858529,0.2767838259350127,22.536137026416206,0.9971343593217343,0.3797608678438514,-0.007658393323117668,None,None,-0.00011334830436078862,-0.6855305447740496,-0.8868443432026029,-0.5306002593440569,0.37619578286921557,-3.539958786424105,1 days 06:18:06.792452829,false
XMR-USD,false,3,46,576,16.34782608695652,0.32129744304201624,0.7920110192837465,0.0001,0.0000251505016722408,23.801652892561986,47.561983471074385,0.002380165289256199,-4.834201614124297,0,0,17424,726 days 01:00:00,1000.0,30.1356610703142,-96.98643389296858,34.915698157888286,100.0,337.31676643652617,97.16462006119299,722 days 11:00:00,575,1,1.3944306826921284,21.985676742539642,-11.80539683729652,2.314262730594245,-1.161332376108305,2 days 08:14:40.851063829,0 days 08:42:02.245322245,-1.6891456862823944,-3.589542822548586,-0.852216667337277,0.8588355551442093,-0.46708912897332916,36.04643899622908,1.0141470441261513,0.36345852895148667,-0.007858747960249523,None,None,-0.00018881323971323691,-1.141942473785657,-0.9698643389296866,-0.7034431888611998,0.3828699218480788,-3.777731479244588,0 days 16:28:22.956521738,false
XMR-USD,false,7,72,314,16.293929712460063,0.3932837450406853,0.43112947658402206,0.0001,0.000025067584173015478,12.975206611570249,25.90909090909091,0.0012975206611570249,-2.8773656413991864,0,0,17424,726 days 01:00:00,1000.0,125.62053757067304,-87.4379462429327,34.915698157888286,100.0,251.02867175317934,88.031183648535,725 days 02:00:00,313,1,5.812685892508284,24.360729949532004,-4.647897540451735,3.5644250457401374,-1.456541878715181,4 days 09:16:28.235294117,0 days 16:19:55.419847328,-2.8121154898461205,-2.0749271474717874,-0.7356129252572708,0.9170514203651873,0.29587418475494465,22.424924056390267,0.9994830087126167,0.38085426737459394,-0.007658393323117674,None,None,-0.00010733255335547163,-0.6491472826938924,-0.8743794624293265,-0.5132620637829022,0.37651870168409135,-3.5042588536405477,1 days 06:49:27.412140574,false
XMR-USD,false,4,74,400,16.290726817042607,0.3475836393207068,0.5495867768595041,0.0001,0.000025062656641604014,16.528925619834713,33.01652892561984,0.0016528925619834713,-3.392887057398186,0,0,17424,726 days 01:00:00,1000.0,89.31108088252472,-91.06889191174753,34.915698157888286,100.0,292.7717022151303,91.49065952187638,725 days 03:00:00,399,1,4.13258269650737,25.682814768714206,-5.417866408305689,2.8421234471431056,-1.2537502256962842,3 days 12:27:41.538461538,0 days 12:17:14.730538922,-2.292785718832034,-2.454650652337655,-0.7685066941665674,0.9024819000894344,0.3019188623541628,22.269561883260863,1.009504564439817,0.3754045307443366,-0.007700775670753587,None,None,-0.00012691816773903057,-0.767601078485657,-0.9106889191174744,-0.5676132865981589,0.3763501091603823,-3.6082506355718653,1 days 00:02:42.406015037,false
XMR-USD,false,4,65,431,16.27906976744186,0.3265137586432116,0.5922865013774105,0.0001,0.000025044722719141327,17.8099173553719,35.578512396694215,0.0017809917355371902,-3.8080795285132574,0,0,17424,726 days 01:00:00,1000.0,67.10165033696501,-93.2898349663035,34.915698157888286,100.0,289.82354323482303,93.62204831798023,722 days 11:00:00,430,1,3.104912809804425,23.46552052400138,-5.417866408305691,2.68008994993176,-1.2507414485290698,3 days 04:19:42.857142857,0 days 11:43:10,-2.1767517731926476,-2.7647775263043277,-0.793467777156324,0.8907198586836315,0.28332592044659843,22.20524378311171,1.0089419906469308,0.37193921738445795,-0.007782124845761597,None,None,-0.00014327120895499723,-0.8665042717598233,-0.932898349663035,-0.6084621614001069,0.3771869680532788,-3.6718593609226486,0 days 22:14:13.953488371,false
XMR-USD,false,6,67,345,16.27906976744186,0.3642085280047368,0.4738292011019284,0.0001,0.000025044722719141327,14.25619834710744,28.47107438016529,0.001425619834710744,-3.2150579583066534,0,0,17424,726 days 01:00:00,1000.0,100.91462773472392,-89.90853722652761,34.915698157888286,100.0,266.7969294755427,90.40283464795338,725 days 03:00:00,344,1,4.6694994650165995,25.045904641605766,-4.883466848536502,3.144215667821984,-1.3821433031222323,3 days 21:53:34.285714285,0 days 15:07:17.500000,-2.6271943945648077,-2.321945355505038,-0.756955511366332,0.9076077004896181,0.3221151899336753,22.17343454443661,1.004348093240079,0.3764910340469231,-0.007678807590829353,None,None,-0.0001199338775662817,-0.7253600915208718,-0.8990853722652752,-0.5488874507948291,0.37596535302038125,-3.57501759867331,1 days 03:56:41.162790696,false
XMR-USD,false,4,70,425,16.27358490566038,0.3223079935462121,0.5840220385674931,0.0001,0.00002503628447024674,17.56198347107438,35.082644628099175,0.0017561983471074381,-3.7161788049291613,0,0,17424,726 days 01:00:00,1000.0,71.77515888521759,-92.82248411147825,34.915698157888286,100.0,291.29167455856333,93.16143910934085,725 days 03:00:00,424,1,3.321164369718815,23.46552052400138,-5.417866408305686,2.6452163884795854,-1.236086392018549,3 days 06:41:44.347826086,0 days 11:41:14.366197183,-2.197042465765334,-2.694494411910437,-0.7878882626899268,0.8934193544475617,0.2929112701883589,22.26968173467615,1.0096487783841355,0.3731284475965327,-0.007762506178882278,None,None,-0.00013944003509331005,-0.8433333322443392,-0.9282248411147831,-0.5992044309190179,0.3766761652867775,-3.6584742396310195,0 days 22:35:31.132075470,false
XMR-USD,false,4,68,426,16.235294117647058,0.3222156961228969,0.5853994490358126,0.0001,0.000024977375565610862,17.60330578512397,35.16528925619835,0.001760330578512397,-3.745316778503545,0,0,17424,726 days 01:00:00,1000.0,70.21110989449198,-92.9788890105508,34.915698157888286,100.0,290.06381507138246,93.31045785656717,725 days 03:00:00,425,1,3.2487930387295307,23.465520524001374,-5.41786640830569,2.6561831813143453,-1.241061377920971,3 days 05:34:46.956521739,0 days 11:50:13.483146067,-2.1953827838687916,-2.7172419336374105,-0.7897699056983469,0.8925809630822993,0.2896038869205141,22.21978746424303,1.007028923494412,0.373020250571271,-0.007769641496193156,None,None,-0.00014069167716290255,-0.8509032634812346,-0.929788890105508,-0.6022576221811513,0.37687561914961554,-3.662953740466583,0 days 22:30:38.117647058,false
XMR-USD,false,3,47,574,16.230366492146597,0.32483370630106934,0.7892561983471075,0.0001,0.00002496979460330246,23.71900826446281,47.396694214876035,0.0023719008264462813,-4.762174255661929,0,0,17424,726 days 01:00:00,1000.0,31.731468621631507,-96.82685313783685,34.915698157888286,100.0,340.47090876276087,97.01447499861598,722 days 11:00:00,573,1,1.4682715388139371,21.985676742539656,-11.80539683729652,2.3447194907024227,-1.1541214647872056,2 days 08:48:23.225806451,0 days 08:45:00,-1.692385345405206,-3.534289728449555,-0.848877802602223,0.860916588854848,-0.4673103439170368,36.081824478764844,1.016251861553601,0.3639921722113503,-0.007835610453813601,None,None,-0.0001858588859525989,-1.124074542241318,-0.9682685313783684,-0.6980841289496748,0.3827710869619805,-3.7731610205812647,0 days 16:32:59.057591622,false
XMR-USD,false,6,76,334,16.216216216216218,0.3633999059249992,0.45867768595041325,0.0001,0.00002494802494802495,13.801652892561984,27.56198347107438,0.0013801652892561985,-3.03164095559494,0,0,17424,726 days 01:00:00,1000.0,113.50206777845153,-88.64979322215486,34.915698157888286,100.0,255.93154006615902,89.20574611707966,725 days 03:00:00,333,1,5.251942722941749,25.045904641605766,-4.8834668485365,3.2787729678166984,-1.388128561745972,4 days 05:34:26.666666666,0 days 14:52:41.290322580,-2.677927552385851,-2.187987509828132,-0.7455705158896394,0.9126963379156349,0.293708441585112,22.4609507367674,1.0014333488625715,0.3794331855604814,-0.007653090036454203,None,None,-0.00011315819361161387,-0.6843807549630407,-0.886497932221548,-0.5301019905357394,0.37644290124835256,-3.538966651082896,1 days 04:56:12.972972972,false
XMR-USD,false,6,70,335,16.16766467065868,0.36425818259034715,0.46005509641873277,0.0001,0.00002487333026255182,13.842975206611571,27.644628099173556,0.0013842975206611572,-3.0827177654667337,0,0,17424,726 days 01:00:00,1000.0,109.14140647716897,-89.08585935228311,34.915698157888286,100.0,256.737067299515,89.62045296872354,725 days 03:00:00,334,1,5.050167162048979,25.045904641605766,-4.8834668485365,3.252537954878009,-1.392003367076948,4 days 01:23:20,0 days 15:34:30,-2.6823615589367646,-2.2283593463279225,-0.7494084843131009,0.9110712023905518,0.2754815165950573,22.42825703536066,1.003990925021792,0.37747035573122534,-0.007678807590829296,None,None,-0.00011537858086332041,-0.6978096570613618,-0.8908585935228304,-0.5364482986995205,0.37687550423852806,-3.5514557649524328,1 days 04:48:08.622754490,false
XMR-USD,false,7,84,286,16.140350877192983,0.3934492068287066,0.3925619834710744,0.0001,0.000024831309041835356,11.818181818181818,23.59504132231405,0.0011818181818181819,-2.60891127048902,0,0,17424,726 days 01:00:00,1000.0,147.52034054531282,-85.24796594546872,34.915698157888286,100.0,245.92514672797125,86.28867691329279,722 days 11:00:00,285,1,6.8260287603318375,25.899293245929737,-5.957955217046674,3.5473177815509938,-1.4538015792060763,4 days 19:53:28.695652173,0 days 18:01:00.251046025,-3.0151076779474337,-1.8871414231508388,-0.716101781399606,0.9240872436699251,0.1611831699395128,22.879613947235637,0.9972537523644868,0.3815111393007215,-0.007641628599557586,None,None,-0.00009801162694638318,-0.5927743197717255,-0.8524796594546862,-0.48534183037274925,0.3780342032263761,-3.4415369144268184,1 days 09:48:50.526315788,false
XMR-USD,false,3,48,565,16.134751773049647,0.32629559113925277,0.7768595041322314,0.0001,0.000024822695035460995,23.34710743801653,46.65289256198347,0.002334710743801653,-4.677323829266492,0,0,17424,726 days 01:00:00,1000.0,33.83824923918587,-96.61617507608142,34.915698157888286,100.0,338.9598411986149,96.81625391149444,722 days 11:00:00,564,1,1.5657560283018412,21.985676742539642,-11.805396837296508,2.3798418959579815,-1.1548497126783999,2 days 09:51:25.714285714,0 days 08:55:10.782241014,-1.7158289127466564,-3.4661664826891334,-0.8446292609912266,0.8634188942649488,-0.45378806188764553,36.13559305028051,1.0156996487636634,0.3645262333594362,-0.007835610453813627,None,None,-0.00018218346260830514,-1.1018455818550295,-0.9661617507608136,-0.6912721326453468,0.38257578499298467,-3.7671271139756235,0 days 16:48:56.170212764,false
XMR-USD,false,2,40,751,16.133333333333333,0.3141418428608627,1.0330578512396693,0.0001,0.00002482051282051282,31.033057851239672,62.02479338842976,0.0031033057851239674,-5.5447048897830244,0,0,17424,726 days 01:00:00,1000.0,17.77712419432362,-98.22228758056764,34.915698157888286,100.0,397.1569141732789,98.31759190711735,722 days 11:00:00,750,1,0.8441838757232887,16.215830782267687,-11.805396837296525,1.8917294098797726,-0.9947158975693084,1 days 18:01:29.256198347,0 days 06:53:25.087440381,-1.3107560795752016,-4.146961004762177,-0.8829811175708002,0.8387986019285033,-0.5349780124851188,35.76789217969601,1.0247338066463472,0.36026541764246683,-0.007987605180413474,None,None,-0.0002189968613485877,-1.3244930174362584,-0.9822228758056768,-0.7530842607365283,0.38438451468457263,-3.813126838719016,0 days 12:33:31.199999998,false
XMR-USD,false,7,76,305,16.11842105263158,0.386077870931681,0.418732782369146,0.0001,0.00002479757085020243,12.603305785123966,25.16528925619835,0.0012603305785123967,-2.783456900524224,0,0,17424,726 days 01:00:00,1000.0,130.64776369482001,-86.935223630518,34.915698157888286,100.0,252.03308109343652,87.55581180255213,722 days 11:00:00,304,1,6.045304594317599,24.360729949532008,-5.95795521704666,3.504785804094321,-1.4429566458473986,4 days 13:12:14.693877551,0 days 16:50:21.176470588,-2.879597174011505,-2.0145354669322613,-0.7315876397825677,0.9190725125966828,0.18121335998393412,23.033696326091974,0.9966007569586696,0.38162067871868055,-0.007672555628129334,None,None,-0.00010491673931354106,-0.6345364393682963,-0.869352236305179,-0.5065876333591336,0.3790773285087773,-3.4898606706186475,1 days 07:43:37.105263156,false
XMR-USD,false,4,76,392,16.11253196930946,0.360296513995863,0.5385674931129476,0.0001,0.000024788510722014556,16.198347107438018,32.35537190082645,0.0016198347107438018,-3.2640593469286254,0,0,17424,726 days 01:00:00,1000.0,97.61387650978543,-90.23861234902145,34.915698157888286,100.0,294.2707894099792,90.69958954249093,725 days 03:00:00,391,1,4.516767830119008,25.682814768714206,-5.417866408305693,2.935374326224194,-1.250583424137269,3 days 16:14:17.142857142,0 days 12:20:07.317073170,-2.3194447348346134,-2.35819637180014,-0.7602494919898855,0.9062214078758698,0.3137212933680099,22.276390310378737,1.009425733479178,0.37670854072845067,-0.007700775670753705,None,None,-0.00012183605052932717,-0.7368644336013708,-0.9023861234902149,-0.5540644707444528,0.37605709758454736,-3.5844710863567366,1 days 00:33:54.782608694,false
XMR-USD,false,2,39,765,16.099476439790575,0.3185291803911186,1.0523415977961432,0.0001,0.0000247684252919855,31.611570247933884,63.18181818181819,0.0031611570247933886,-5.587727965255318,0,0,17424,726 days 01:00:00,1000.0,17.20797565424766,-98.27920243457523,34.915698157888286,100.0,406.74212493787246,98.37145551854337,722 days 11:00:00,764,1,0.8171566684443654,16.215830782267695,-11.805396837296525,1.9065504167044376,-0.9897644222560826,1 days 17:37:33.658536585,0 days 06:42:29.765990639,-1.2874465720081096,-4.178773310985441,-0.8846727704148809,0.8377838293647858,-0.5309433430989586,35.662726667343655,1.0262171153627566,0.36026541764246683,-0.00798760518041345,None,None,-0.00022084526413963164,-1.3356721575164923,-0.9827920243457521,-0.7558572515281616,0.3846778876888623,-3.8147569036184836,0 days 12:19:47.434554972,false
XMR-USD,false,7,83,287,16.083916083916083,0.3946342068035209,0.3939393939393939,0.0001,0.00002474448628294782,11.859504132231406,23.677685950413224,0.0011859504132231407,-2.622837876487221,0,0,17424,726 days 01:00:00,1000.0,146.0871555551504,-85.39128444448497,34.915698157888286,100.0,246.32380184983643,86.42188472972336,722 days 11:00:00,286,1,6.759712739601667,25.899293245929726,-5.957955217046674,3.571033765601581,-1.456300318210656,4 days 20:18:15.652173913,0 days 17:53:30,-3.0093446055400426,-1.897291877547615,-0.7171625732895488,0.9237388912212852,0.1611835020639925,22.85373467719976,0.997614976206783,0.38173023550868285,-0.0076570219242464415,None,None,-0.00009856544301101194,-0.5961237993306002,-0.8539128444448476,-0.4870827985300491,0.3781363911580855,-3.4456416153658678,1 days 09:43:13.006993006,false
XMR-USD,false,3,60,505,16.071428571428573,0.3322034000382094,0.6942148760330579,0.0001,0.000024725274725274727,20.867768595041323,41.69421487603306,0.002086776859504132,-4.219165149065074,0,0,17424,726 days 01:00:00,1000.0,50.80212553823924,-94.91978744617607,34.915698157888286,100.0,323.17803902680583,95.19275148940312,722 days 11:00:00,504,1,2.350704782324513,24.427265072754306,-5.417866408305691,2.424658764846079,-1.1504792602839022,2 days 18:45:55.555555555,0 days 09:42:33.191489361,-1.8879932127858858,-3.073321884143338,-0.8156400015540562,0.8792772491857436,0.2674493557254323,22.22704418500656,1.0138299058173204,0.36849132176234983,-0.007813524706120506,None,None,-0.0001592403279036344,-0.9630855031611808,-0.9491978744617606,-0.6445096999814126,0.37714031467152287,-3.7185418723964836,0 days 18:52:44.285714284,false
XMR-USD,false,3,59,512,16.046966731898237,0.3299043132518446,0.7038567493112947,0.0001,0.000024687641125997292,21.15702479338843,42.27272727272727,0.002115702479338843,-4.265439479396166,0,0,17424,726 days 01:00:00,1000.0,49.32519528705359,-95.06748047129464,34.915698157888286,100.0,326.70404664340845,95.33250884551848,722 days 11:00:00,511,1,2.282364590495199,22.046197224777817,-5.417866408305691,2.3763503041140206,-1.1388190732936176,2 days 18:04:23.414634146,0 days 09:32:01.678321678,-1.864886828382471,-3.108524698935425,-0.8178969487803815,0.8779860934529138,0.26396419636574125,22.271697629586022,1.0151655641909119,0.3677394034536891,-0.007812256682019733,None,None,-0.00016094974418653783,-0.9734240528401807,-0.9506748047129457,-0.6481314119354347,0.37687203493625454,-3.7227718615678502,0 days 18:36:23.953033267,false
XMR-USD,false,7,81,294,16.040955631399317,0.388214877676667,0.4035812672176309,0.0001,0.000024678393279075874,12.148760330578513,24.25619834710744,0.0012148760330578513,-2.72764526707925,0,0,17424,726 days 01:00:00,1000.0,135.90706955878863,-86.40929304412114,34.915698157888286,100.0,248.63620317073475,87.17161680207145,722 days 11:00:00,293,1,6.28866203881725,24.360729949532004,-5.957955217046675,3.5323439690597267,-1.4572242185093636,4 days 17:20:25.531914893,0 days 17:30:43.902439024,-2.970585639863576,-1.9735477972602122,-0.7265489250806575,0.9206528578850287,0.17897899066033887,23.00445892012275,0.9954917908232902,0.38129211256440754,-0.00767880759082924,None,None,-0.00010267642455127714,-0.6209870156861241,-0.864092930441214,-0.49978220913978233,0.37868755451614017,-3.474797801647258,1 days 08:53:02.252559726,false
XMR-USD,false,4,77,388,16.020671834625322,0.3541514698603886,0.5330578512396694,0.0001,0.00002464718743788511,16.03305785123967,32.02479338842975,0.0016033057851239669,-3.3488213268575926,0,0,17424,726 days 01:00:00,1000.0,90.57785454615066,-90.94221454538494,34.915698157888286,100.0,291.82628736100384,91.36996443783988,725 days 03:00:00,387,1,4.191198568927234,25.68281476871422,-5.957955217046656,2.919415854638343,-1.2728458206565254,3 days 17:10:38.709677419,0 days 12:31:45.230769230,-2.3607579948908977,-2.4295958678212144,-0.7672130281032973,0.9032320934140681,0.209927639297416,23.077317562040697,1.0053810859340346,0.3764910340469231,-0.007705955313607287,None,None,-0.0001260303322963208,-0.7622314497281482,-0.90942214545385,-0.5654944130978539,0.37757130883276285,-3.604622543537453,1 days 00:48:31.627906975,false
XMR-USD,false,6,77,332,16.012084592145015,0.3597670932025402,0.4559228650137741,0.0001,0.000024633976295607715,13.71900826446281,27.396694214876035,0.001371900826446281,-3.0348923794202514,0,0,17424,726 days 01:00:00,1000.0,111.17957122201346,-88.88204287779865,34.915698157888286,100.0,258.63942127414407,89.42661978011576,725 days 03:00:00,331,1,5.144476672962384,25.045904641605787,-5.957955217046672,3.2832638137628476,-1.3894059454785996,4 days 06:21:30.566037735,0 days 15:09:03.884892086,-2.700800318582928,-2.198741809756358,-0.7476013349975486,0.9120297874364478,0.18728566909544048,23.225702685024725,0.9969271874747793,0.3804166996751961,-0.007658393323117526,None,None,-0.00011423324597823747,-0.6908826716763802,-0.888820428777986,-0.5334618281031176,0.3781605554509434,-3.5456183770370373,1 days 05:06:53.293051358,false
XMR-USD,false,4,69,426,16.0,0.3186764612963915,0.5853994490358126,0.0001,0.000024615384615384616,17.60330578512397,35.16528925619835,0.001760330578512397,-3.7549954773255156,0,0,17424,726 days 01:00:00,1000.0,69.90738649954483,-93.00926135004552,34.915698157888286,100.0,290.75560675788853,93.33939587582796,725 days 03:00:00,425,1,3.2347392165824687,23.465520524001384,-5.417866408305691,2.674638497740868,-1.2347100083140543,3 days 06:44:07.058823529,0 days 11:48:24.201680672,-2.196064359334203,-2.7236354504547613,-0.7901386243468717,0.8923124180714421,0.29222368191768866,22.26665637047258,1.007504238785922,0.3729120705956508,-0.007762506178882317,None,None,-0.00014095224716386407,-0.8524791908470499,-0.9300926135004551,-0.6028556585726643,0.37668729301710585,-3.66382361680007,0 days 22:30:55.058823528,false
XMR-USD,false,7,78,301,16.0,0.3861654020419196,0.4132231404958678,0.0001,0.000024615384615384616,12.43801652892562,24.834710743801654,0.0012438016528925622,-2.793248100248032,0,0,17424,726 days 01:00:00,1000.0,129.55899026907514,-87.04410097309248,34.915698157888286,100.0,252.17981397336217,87.76982444806963,722 days 11:00:00,300,1,5.994925109765504,24.360729949532008,-5.957955217046669,3.543408026444906,-1.4566615254809818,4 days 15:11:15,0 days 17:08:20,-2.9214531161356323,-2.023225686255234,-0.7315231367347594,0.9188076818118143,0.16824800880717666,22.932088348637446,0.9968538587299925,0.3818398096748612,-0.007685989712521677,None,None,-0.00010539146207952385,-0.6374075626569602,-0.8704410097309249,-0.508018733169795,0.37915696979090796,-3.492978962628223,1 days 08:11:12,false
XMR-USD,false,5,89,320,15.987460815047022,0.37393794927701435,0.4393939393939394,0.0001,0.000024596093561610804,13.223140495867769,26.40495867768595,0.001322314049586777,-2.910740135884897,0,0,17424,726 days 01:00:00,1000.0,119.39964827710742,-88.06003517228926,34.915698157888286,100.0,259.9153029865847,88.64487544358927,725 days 03:00:00,319,1,5.524834270991221,24.360729949532004,-5.957955217046662,3.333958544549953,-1.4002035236406831,4 days 11:40:00,0 days 15:27:32.238805970,-2.77782189966734,-2.1162420624056213,-0.7405431484785214,0.9151853695507899,0.10692951222180062,22.99525018525532,0.993146308988938,0.38162067871868055,-0.007650710154234198,None,None,-0.00011010354849417692,-0.665906261292782,-0.8806003517228922,-0.5217672887212834,0.37869879053913774,-3.5220757372252174,1 days 06:12:02.257053291,false
XMR-USD,false,7,80,295,15.98639455782313,0.3928441454162281,0.4049586776859504,0.0001,0.00002459445316588174,12.190082644628099,24.338842975206614,0.0012190082644628099,-2.687300374717081,0,0,17424,726 days 01:00:00,1000.0,139.4823909333095,-86.05176090666905,34.915698157888286,100.0,250.03595907697056,86.8341391947844,722 days 11:00:00,294,1,6.454098523302662,24.360729949531994,-5.9579552170466625,3.589737058276869,-1.451348424283493,4 days 17:21:42.127659574,0 days 17:29:23.562753036,-2.9488833591496366,-1.9438639209851476,-0.7238243414993587,0.9218720602116518,0.1786789614470636,22.961588151295192,0.9959049482178574,0.38227828018403937,-0.007672555628129238,None,None,-0.00010117607531423965,-0.6119129035005214,-0.8605176090666914,-0.4952534535966848,0.3788522876571075,-3.46455793372781,1 days 08:48:58.775510203,false
XMR-USD,false,7,88,271,15.925925925925927,0.40282715268533476,0.371900826446281,0.0001,0.000024501424501424502,11.198347107438018,22.355371900826448,0.0011198347107438018,-2.375862540775307,0,0,17424,726 days 01:00:00,1000.0,172.7515329451561,-82.7248467054844,34.915698157888286,100.0,240.47410389019132,83.94355603315994,722 days 11:00:00,270,1,7.993520947118725,20.605571745257084,-5.594869149645527,3.647254660745874,-1.4387673119985864,4 days 23:43:15.348837209,0 days 19:48:38.061674008,-3.09348884445171,-1.7134190107175566,-0.6985060264673365,0.9308165764379638,0.18565554498554057,22.87449331960423,0.9955556303984574,0.3835953628712085,-0.007624566622412816,None,None,-0.00008896025715975345,-0.5380316353021889,-0.8272484670548453,-0.4563509124424421,0.3779117479546131,-3.3692737384600995,1 days 11:43:19.999999998,false
XMR-USD,false,2,34,831,15.903614457831324,0.29890117217502477,1.143250688705234,0.0001,0.000024467099165894346,34.33884297520661,68.63636363636364,0.003433884297520661,-6.22112620574671,0,0,17424,726 days 01:00:00,1000.0,10.934809430242694,-98.90651905697572,34.915698157888286,100.0,414.2828795810156,98.9777358725041,722 days 11:00:00,830,1,0.2775466258526187,14.344903282656968,-11.805396837296517,1.8050966877221142,-0.9767807475670822,1 days 14:14:05.454545454,0 days 06:16:25.100286532,-1.1919792014404975,-4.679025256667231,-0.9059711341305735,0.8200248068136794,-0.5586818485427867,35.9117380267817,1.0258835184388226,0.3553982576228998,-0.008004284443234585,None,None,-0.00024689704653986565,-1.4932333374731075,-0.9890651905697593,-0.7914088619003915,0.3840771317210757,-3.832723510488659,0 days 11:21:23.855421685,false
XMR-USD,false,3,49,561,15.892857142857142,0.32341176055948795,0.7713498622589532,0.0001,0.00002445054945054945,23.181818181818183,46.32231404958678,0.0023181818181818186,-4.619698492494453,0,0,17424,726 days 01:00:00,1000.0,35.38163230886403,-96.4618367691136,34.915698157888286,100.0,337.87636460015534,96.67104132155173,722 days 11:00:00,560,1,1.637171110336503,21.985676742539663,-11.465212964445186,2.417682731899226,-1.1475904340822847,2 days 10:55:16.853932584,0 days 08:59:52.356687898,-1.7254563192883419,-3.4212601988458426,-0.8416228394795866,0.8650456489833431,-0.45144545900683436,36.26866435175452,1.0152865098737494,0.3648468708388815,-0.007812256682019678,None,None,-0.00017964808861968556,-1.0865116399718582,-0.9646183676911368,-0.6864556991819315,0.3822033067111215,-3.7627068011905287,0 days 16:55:55.714285713,false
XMR-USD,false,7,85,278,15.884476534296029,0.3984165009974409,0.38154269972451793,0.0001,0.000024437656206609277,11.487603305785123,22.933884297520663,0.0011487603305785125,-2.457888907873764,0,0,17424,726 days 01:00:00,1000.0,163.7474664480509,-83.6252533551949,34.915698157888286,100.0,244.4018397942085,84.78044174247735,722 days 11:00:00,277,1,7.576886762015931,20.605571745257087,-5.594869149645533,3.577353032731084,-1.4269179936295737,4 days 22:25:54.545454545,0 days 18:58:42.746781115,-3.0463155968013163,-1.7736681921536617,-0.7045655854260031,0.9284676674179734,0.1844441558890792,22.9084676915169,0.9968648498071346,0.38227828018403937,-0.007631521799382611,None,None,-0.00009204335632311041,-0.5566782190421717,-0.8362525335519502,-0.46635823903516327,0.3777269859647466,-3.395061756377968,1 days 10:46:34.223826713,false
XMR-USD,false,7,86,278,15.884476534296029,0.39615465445124165,0.38154269972451793,0.0001,0.000024437656206609277,11.487603305785123,22.933884297520663,0.0011487603305785125,-2.4364031551326595,0,0,17424,726 days 01:00:00,1000.0,165.9753102220052,-83.40246897779949,34.915698157888286,100.0,243.7976355633875,84.57337412279531,722 days 11:00:00,277,1,7.6799730592568665,20.605571745257095,-5.594869149645517,3.566901481810981,-1.4194383499832655,4 days 22:12:16.363636363,0 days 19:02:19.055793991,-3.038644992192242,-1.7574988632583777,-0.7030450564003748,0.9291056766553212,0.18653867923320294,22.86388049982254,0.9975214649176389,0.38249761980323704,-0.007633162839139279,None,None,-0.00009125490124250198,-0.5519096427146519,-0.8340246897779929,-0.46384935780352454,0.3779367211616626,-3.3886811198978384,1 days 10:47:26.209386280,false
XMR-USD,false,4,78,392,15.856777493606138,0.3498831859331709,0.5385674931129476,0.0001,0.0000243950422978556,16.198347107438018,32.35537190082645,0.0016198347107438018,-3.406672560296814,0,0,17424,726 days 01:00:00,1000.0,87.24480589577945,-91.27551941042206,34.915698157888286,100.0,290.7083768576075,91.68752912875954,725 days 03:00:00,391,1,4.036972474661738,25.682814768714223,-5.957955217046665,2.9342418447141343,-1.271381075964333,3 days 17:10:38.709677419,0 days 12:23:20.607902735,-2.3447369989229774,-2.4716998108884796,-0.770644632357172,0.9016546439723674,0.21205061589315058,23.096768434278125,1.0071412301291798,0.3759475679090335,-0.007685989712521696,None,None,-0.00012818676740092985,-0.7752735692408238,-0.9127551941042213,-0.5711119653377257,0.37748996900871723,-3.6141685323797756,1 days 00:33:54.782608694,false
XMR-USD,false,4,73,411,15.853658536585366,0.3393550178292888,0.5647382920110193,0.0001,0.000024390243902439026,16.983471074380166,33.925619834710744,0.0016983471074380166,-3.490099500946583,0,0,17424,726 days 01:00:00,1000.0,83.64176832243675,-91.63582316775633,34.915698157888286,100.0,294.39972169756686,92.03081770128696,725 days 03:00:00,410,1,3.870253512318797,25.682814768714223,-5.417866408305682,2.843447633466052,-1.2329543266694083,3 days 12:12:55.384615384,0 days 11:57:33.913043478,-2.2444597199753233,-2.5260235312860777,-0.7744586812810742,0.8998558722369334,0.30241354679163773,22.228410227836218,1.009382159818425,0.3755131038838017,-0.007713392625225382,None,None,-0.0001306702590987638,-0.7902937270293234,-0.916358231677564,-0.5773444801882082,0.3765280235625813,-3.624487780636104,0 days 23:24:52.682926828,false
XMR-USD,false,5,88,323,15.838509316770185,0.3653065165468257,0.44352617079889806,0.0001,0.000024366937410415673,13.347107438016529,26.65289256198347,0.0013347107438016529,-3.002920559865533,0,0,17424,726 days 01:00:00,1000.0,112.02009069840994,-88.79799093015902,34.915698157888286,100.0,256.9750694903147,89.3466848432522,725 days 03:00:00,322,1,5.183369005357264,24.360729949532008,-5.95795521704666,3.322501272020595,-1.4059966865956044,4 days 11:37:38.823529411,0 days 15:18:09.298892988,-2.773799000953254,-2.1848439171076444,-0.7468629266359252,0.912597754561295,0.10508112333139948,22.938294433612334,0.9920777918011974,0.3814016172506739,-0.007685989712521597,None,None,-0.00011374847791218785,-0.6879507944129121,-0.887979909301591,-0.5322406465122353,0.3789510558419932,-3.543211094580317,1 days 05:55:31.677018631,false
XMR-USD,false,6,68,342,15.835777126099707,0.3601196196281681,0.4696969696969697,0.0001,0.000024362734040153396,14.132231404958677,28.22314049586777,0.0014132231404958679,-3.2214874975254197,0,0,17424,726 days 01:00:00,1000.0,99.25508932636978,-90.07449106736301,34.915698157888286,100.0,260.73732574606487,90.5606597806479,725 days 03:00:00,341,1,4.59270966869137,25.045904641605787,-4.883466848536496,3.2387508022797538,-1.3882620204418463,3 days 23:48:53.333333333,0 days 15:26:33.031358885,-2.654949033261939,-2.3322764962511755,-0.7585301565120258,0.9070380229858402,0.2634719385412378,22.457475017405773,1.0026159170955966,0.3762735960824579,-0.007697641618962473,None,None,-0.00012081552214545997,-0.7306922779357419,-0.9007449106736308,-0.5514762814090941,0.3770514748288469,-3.579770585140456,1 days 04:10:12.316715542,false
XMR-USD,false,7,79,298,15.824915824915825,0.38943406232508826,0.4090909090909091,0.0001,0.000024346024346024346,12.31404958677686,24.586776859504134,0.001231404958677686,-2.744598926522091,0,0,17424,726 days 01:00:00,1000.0,134.259974762218,-86.5740025237782,34.915698157888286,100.0,250.34776140428687,87.32605851952503,722 days 11:00:00,297,1,6.212448030560424,24.360729949531994,-5.957955217046675,3.6156183315834416,-1.4536805683658733,4 days 17:14:02.553191489,0 days 17:19:26.400000,-2.9358669133614184,-1.9862160441285608,-0.7278298602777985,0.9202253829626889,0.17774816862086584,22.975262537847055,0.9956536930415953,0.38227828018403937,-0.0076788075908292945,None,None,-0.00010336848545761462,-0.6251726000476532,-0.8657400252377819,-0.5018947302380138,0.37880840951223077,-3.4795151490968848,1 days 08:30:06.060606059,false
XMR-USD,false,3,54,532,15.819209039548024,0.32376951766085516,0.731404958677686,0.0001,0.00002433724467622773,21.983471074380166,43.925619834710744,0.0021983471074380166,-4.225659749630946,0,0,17424,726 days 01:00:00,1000.0,50.34453661023588,-94.96554633897641,34.915698157888286,100.0,331.64350032976705,95.23605171885819,722 days 11:00:00,531,1,2.329531328064469,22.914551734494676,-5.417866408305677,2.403379926486137,-1.1036204738161421,2 days 15:52:51.428571428,0 days 09:12:20.939597315,-1.792815432613612,-3.079148662697279,-0.8163345609209668,0.8788669334017787,0.24261540135920287,22.307384471504815,1.0229898067248977,0.3655956112852664,-0.007782124845761546,None,None,-0.0001597307455217725,-0.9660515489156801,-0.9496554633897649,-0.6456243586384378,0.3775859324935629,-3.719852425964492,0 days 17:51:17.966101694,false
XMR-USD,false,4,79,393,15.816326530612246,0.34865787080264965,0.5399449035812672,0.0001,0.000024332810047095763,16.239669421487605,32.43801652892562,0.0016239669421487606,-3.3783134444291707,0,0,17424,726 days 01:00:00,1000.0,88.76124069275943,-91.12387593072405,34.915698157888286,100.0,291.5989700137162,91.54304694499386,725 days 03:00:00,392,1,4.107140612147674,25.682814768714223,-5.957955217046681,2.9159301227685686,-1.259100327107445,3 days 17:16:27.096774193,0 days 12:22:32.727272727,-2.3350660712229336,-2.450276937963442,-0.769072201542733,0.902563134096818,0.21290321313287366,23.02123015256974,1.006588642008223,0.3771437603730341,-0.007700775670753575,None,None,-0.00012717890455449766,-0.7691780147456019,-0.9112387593072402,-0.5685390871043918,0.3777964317821005,-3.6098254005594614,1 days 00:32:17.755102040,false
XMR-USD,false,2,38,779,15.809768637532134,0.3185162390101931,1.0716253443526171,0.0001,0.00002432272098081867,32.1900826446281,64.33884297520662,0.00321900826446281,-5.75781088548242,0,0,17424,726 days 01:00:00,1000.0,15.140608789647672,-98.48593912103524,34.915698157888286,100.0,408.98699728656294,98.58970778827613,722 days 11:00:00,778,1,0.7189834345049064,16.215830782267698,-11.805396837296527,1.9079766273727574,-0.9886329487719798,1 days 17:18:02.926829268,0 days 06:36:38.473282442,-1.2668102501861898,-4.314784060874269,-0.8909148716835865,0.832888416616267,-0.5450695202552518,35.62483536917356,1.0253717518203707,0.359098354262538,-0.008001269980646644,None,None,-0.00022817314602681672,-1.3799911871701875,-0.9848593912103525,-0.7664658116956943,0.38491373552274155,-3.820677927609617,0 days 12:05:42.416452441,false
XMR-USD,false,7,87,273,15.808823529411764,0.40242005432864214,0.3746556473829201,0.0001,0.00002432126696832579,11.28099173553719,22.520661157024794,0.0011280991735537192,-2.3872283001878842,0,0,17424,726 days 01:00:00,1000.0,171.57072009504702,-82.8429279904953,34.915698157888286,100.0,241.8943823264648,84.05330704398949,722 days 11:00:00,272,1,7.938882634560514,20.605571745257066,-5.594869149645527,3.645957572783045,-1.4291724919465212,4 days 23:46:02.790697674,0 days 19:35:37.991266375,-3.0748829505129174,-1.7215208268165025,-0.6992879438208054,0.9304637997151078,0.18671075503516957,22.89634379887838,0.9972148830038093,0.3827170290430091,-0.007624566622412735,None,None,-0.00008935951570534046,-0.5404463509858991,-0.8284292799049516,-0.45764358490778345,0.3778213274926878,-3.372655635178216,1 days 11:25:48.529411763,false
XMR-USD,false,6,82,311,15.806451612903224,0.38783616316564656,0.42699724517906334,0.0001,0.00002431761786600496,12.851239669421489,25.66115702479339,0.001285123966942149,-2.8447498195285834,0,0,17424,726 days 01:00:00,1000.0,125.19760172338079,-87.48023982766192,34.915698157888286,100.0,259.1483387303366,88.19882756242333,722 days 11:00:00,310,1,5.79311589797932,24.360729949531997,-5.9579552170466545,3.5175205087316765,-1.4279914337411,4 days 14:14:41.632653061,0 days 16:16:33.103448275,-2.840630690885801,-2.0618268520524485,-0.7348916031978737,0.9173084641137675,0.15954188679938092,23.03483986700195,0.9967843896353606,0.38162067871868055,-0.007658393323117536,None,None,-0.00010736439114394576,-0.6493398376385839,-0.8748023982766173,-0.5138314749766113,0.37902339606695157,-3.5054701593557582,1 days 07:07:44.516129031,false
XMR-USD,false,6,78,330,15.80547112462006,0.3761833988844548,0.453168044077135,0.0001,0.0000243161094224924,13.636363636363637,27.231404958677686,0.0013636363636363637,-2.967628227455098,0,0,17424,726 days 01:00:00,1000.0,115.99236396760023,-88.40076360323998,34.915698157888286,100.0,262.5307495203524,88.96891440259664,725 days 03:00:00,329,1,5.367173160629434,24.360729949531994,-5.957955217046669,3.398763586338204,-1.3882000075181886,4 days 07:58:50.769230769,0 days 15:19:03.682310469,-2.7032668972432496,-2.147847755317708,-0.7434255170083537,0.914050865198293,0.19302522059026186,23.07573594727898,0.9984423362209633,0.3811826252377933,-0.007672555628129271,None,None,-0.00011176460615562707,-0.6759523380292325,-0.8840076360324006,-0.5265489081287126,0.37875532040423376,-3.531834340057959,1 days 05:19:52.705167172,false
XMR-USD,false,3,55,533,15.789473684210526,0.32151852005157705,0.7327823691460055,0.0001,0.000024291497975708502,22.024793388429753,44.00826446280992,0.0022024793388429756,-4.295754899889708,0,0,17424,726 days 01:00:00,1000.0,47.87988099575716,-95.21201190042429,34.915698157888286,100.0,329.41566671768413,95.46927448082548,722 days 11:00:00,532,1,2.21548732540996,22.914551734494673,-5.417866408305694,2.3876395801772365,-1.1093391030348534,2 days 16:04:59.999999999,0 days 09:10:42.857142857,-1.7938639216722796,-3.1321741477035423,-0.8201492494474928,0.8770063711375017,0.2411103644621833,22.241136833015272,1.0212026659423814,0.36623804296691237,-0.007803976163663075,None,None,-0.00016259439460276738,-0.9833708985575371,-0.9521201190042438,-0.6517448060166946,0.37784842215080117,-3.7269113013257513,0 days 17:50:51.879699247,false
XMR-USD,false,6,73,337,15.773809523809524,0.34694919059485285,0.4628099173553719,0.0001,0.000024267399267399267,13.925619834710744,27.8099173553719,0.0013925619834710744,-3.1926857149822134,0,0,17424,726 days 01:00:00,1000.0,101.85318457073436,-89.81468154292656,34.915698157888286,100.0,250.99507516926352,90.3135761791895,725 days 03:00:00,336,1,4.71292816055869,25.045904641605787,-4.8834668485365,3.239304406776021,-1.388490413759318,4 days 02:10:11.320754717,0 days 15:37:31.590106007,-2.6870825702078114,-2.308901057123152,-0.756073029717226,0.908040620725728,0.27948060963229876,22.521714552019287,1.0011827400800477,0.3776881720430108,-0.007672555628129274,None,None,-0.00011937793428735953,-0.7219977465699504,-0.8981468154292669,-0.5474356184050182,0.3763367944334274,-3.572329533174043,1 days 04:38:44.999999999,false
XMR-USD,false,6,80,318,15.772870662460567,0.38317570506393633,0.4366391184573003,0.0001,0.00002426595486532395,13.140495867768596,26.239669421487605,0.0013140495867768596,-2.8941095361060083,0,0,17424,726 days 01:00:00,1000.0,121.45393069196439,-87.85460693080356,34.915698157888286,100.0,259.6569802785575,88.45255725103729,722 days 11:00:00,317,1,5.619889575187429,24.36072994953198,-5.957955217046662,3.4628195561825192,-1.410048001446099,4 days 11:14:24,0 days 16:04:29.662921348,-2.7891670627230987,-2.0961562122327004,-0.7388081114374323,0.9160804908663778,0.17421394525491848,22.978471161054276,0.9975437050967508,0.38162067871868055,-0.007672555628129208,None,None,-0.00010911500948228884,-0.659927577348883,-0.8785460693080356,-0.5189273289773242,0.3788949304664768,-3.5161921876379583,1 days 06:27:15.331230282,false
XMR-USD,false,7,68,318,15.772870662460567,0.38037993988877083,0.4366391184573003,0.0001,0.00002426595486532395,13.140495867768596,26.239669421487605,0.0013140495867768596,-3.039414415617226,0,0,17424,726 days 01:00:00,1000.0,112.61387081002715,-88.73861291899729,34.915698157888286,100.0,250.08345721188192,89.27042691889035,725 days 02:00:00,317,1,5.210844268119189,25.04590464160578,-4.647897540451736,3.614899369222338,-1.465772243583741,4 days 08:33:36,0 days 16:29:53.258426966,-2.815763323211651,-2.1967492462225096,-0.7465090900725011,0.9122782579795485,0.27809688485045875,22.496074059564613,0.9977567508494996,0.37932399271748596,-0.007672555628129258,None,None,-0.0001136088947536696,-0.6871065954701937,-0.887386129189973,-0.5313815514439657,0.376434823899476,-3.5415104838437585,1 days 06:23:16.845425866,false
XMR-USD,false,6,81,312,15.755627009646304,0.386948465131368,0.4283746556473829,0.0001,0.00002423942616868662,12.892561983471074,25.743801652892564,0.0012892561983471075,-2.8742740220683074,0,0,17424,726 days 01:00:00,1000.0,122.7642057091789,-87.72357942908211,34.915698157888286,100.0,260.23039947756456,88.42820037449974,722 days 11:00:00,311,1,5.680518332675291,24.360729949531983,-5.957955217046675,3.5295308902737936,-1.4320474919963828,4 days 14:06:07.346938775,0 days 16:15:20.610687022,-2.838959204577158,-2.083312320152052,-0.7368920730974167,0.9165302236673519,0.16302061020782266,22.983573595569073,0.996096087321129,0.3818398096748612,-0.007672555628129235,None,None,-0.00010848943483712,-0.6561441018949018,-0.8772357942908205,-0.5171322755101482,0.3790452066300878,-3.512439505932184,1 days 07:02:30.482315111,false
XMR-USD,false,2,35,820,15.75091575091575,0.3027340674850397,1.128099173553719,0.0001,0.000024232178078331924,33.88429752066116,67.72727272727273,0.003388429752066116,-6.078240074275917,0,0,17424,726 days 01:00:00,1000.0,12.031524981896382,-98.79684750181036,34.915698157888286,100.0,413.4073273723923,98.87520706542462,722 days 11:00:00,819,1,0.3053833890649891,15.762428390527994,-11.805396837296517,1.8680139006712104,-0.9772101866030767,1 days 15:20:27.906976744,0 days 06:20:46.956521739,-1.2066835877987394,-4.5661330685597346,-0.9017684664800811,0.824204565437326,-0.553506101412436,35.66187463640454,1.0268866560877066,0.35729864464869915,-0.008008591456761454,None,None,-0.00024136988200685765,-1.459805046377475,-0.9879684750181039,-0.7843729364647575,0.3847622526305863,-3.829582471902823,0 days 11:32:36.043956043,false
XMR-USD,false,4,80,382,15.748031496062993,0.3426676781958645,0.5247933884297521,0.0001,0.000024227740763173834,15.78512396694215,31.528925619834713,0.001578512396694215,-3.3256034354560677,0,0,17424,726 days 01:00:00,1000.0,90.63205139544709,-90.9367948604553,34.915698157888286,100.0,281.5361288590539,91.3648006951223,725 days 03:00:00,381,1,4.193706353620854,25.682814768714234,-5.957955217046655,2.9446702555898714,-1.2754189130857414,3 days 17:50:00,0 days 13:11:35.327102803,-2.397799619312793,-2.416140390410137,-0.7671579638205887,0.9036979069640578,0.15861948158432593,23.205958656875378,1.0041087855156148,0.37790605725130466,-0.007700775670753638,None,None,-0.00012588910174823862,-0.7613772873733472,-0.9093679486045536,-0.5654041933605403,0.3792485365634205,-3.604467321525132,1 days 01:15:44.881889762,false
XMR-USD,false,6,74,339,15.680473372781064,0.3481907976553217,0.465564738292011,0.0001,0.000024123805188893946,14.008264462809917,27.97520661157025,0.0014008264462809917,-3.2062657411453586,0,0,17424,726 days 01:00:00,1000.0,101.17858162288371,-89.88214183771163,34.915698157888286,100.0,253.7012043304232,90.37773215125043,725 days 03:00:00,338,1,4.681713081290283,25.04590464160578,-4.883466848536502,3.2826774002412358,-1.3887873210245465,4 days 04:16:58.867924528,0 days 15:08:00,-2.6730861877467644,-2.3173624731072744,-0.7567067449807131,0.9078031167150552,0.28914646382663073,22.507781596561646,1.0030711019421663,0.37736147340131215,-0.007672555628129312,None,None,-0.00011976873016609613,-0.7243612800445494,-0.8988214183771169,-0.5484782585596096,0.37619014961858127,-3.574261623847986,1 days 04:29:06.745562129,false
XMR-USD,false,5,69,371,15.675675675675677,0.3502574387049154,0.509641873278237,0.0001,0.00002411642411642412,15.330578512396695,30.619834710743802,0.0015330578512396695,-3.3169125523510163,0,0,17424,726 days 01:00:00,1000.0,94.01992434669444,-90.59800756533055,34.915698157888286,100.0,273.6226732185862,91.0585335288151,725 days 03:00:00,370,1,4.3504692658815,25.68281476871422,-4.883466848536503,3.1216720517417618,-1.3137348154417068,3 days 19:04:08.275862069,0 days 13:50:57.692307692,-2.46035282410591,-2.3989014268257978,-0.7636221463178343,0.9045799887292667,0.29727195540311047,22.342799989759694,1.0080475063635614,0.3754045307443366,-0.007685989712521595,None,None,-0.00012398017906449524,-0.7498321229820671,-0.9059800756533067,-0.559833037486339,0.3761818178970282,-3.594764313623278,1 days 01:57:14.594594593,false
XMR-USD,false,6,75,333,15.66265060240964,0.3585006230652055,0.4573002754820937,0.0001,0.000024096385542168677,13.760330578512397,27.479338842975206,0.0013760330578512397,-3.0828851418459715,0,0,17424,726 days 01:00:00,1000.0,109.74148458826153,-89.02585154117385,34.915698157888286,100.0,253.38076049587931,89.56338444470896,725 days 03:00:00,332,1,5.077933844457803,25.045904641605777,-4.883466848536493,3.380188036394706,-1.3906788105625396,4 days 07:25:23.076923076,0 days 15:12:51.428571428,-2.6967965339042017,-2.2257855309589574,-0.7488739538703151,0.9113011707517664,0.2925149000651751,22.465783243593233,1.0020886934018447,0.37888739416000633,-0.007657021924246522,None,None,-0.00011509515272879876,-0.6960954837037749,-0.8902585154117382,-0.5355652644459643,0.3763844416563348,-3.5497371164855482,1 days 05:01:48.433734938,false
XMR-USD,false,2,41,738,15.60379918588874,0.3180937721296077,1.0151515151515151,0.0001,0.000024005844901367292,30.49586776859504,60.9504132231405,0.003049586776859504,-5.5115224863308985,0,0,17424,726 days 01:00:00,1000.0,18.258197331556403,-98.17418026684436,34.915698157888286,100.0,391.1044779829987,98.27206365797521,722 days 11:00:00,737,1,0.8670286385238803,17.372922898991902,-11.80539683729654,2.0197609746414966,-1.0058725619109758,1 days 20:03:07.826086956,0 days 06:58:38.971061093,-1.3332548593038904,-4.118095548166171,-0.8815766907816388,0.839645304361866,-0.5145437016233958,35.889221558437804,1.0238643587693848,0.3595225091675119,-0.007986624807630209,None,None,-0.00021746635474407736,-1.31523651349218,-0.9817418026684434,-0.7507852536549011,0.38437364322810835,-3.811749025406914,0 days 12:45:45.183175033,false
XMR-USD,false,6,79,328,15.59633027522936,0.3745876343198875,0.45041322314049587,0.0001,0.00002399435426958363,13.553719008264464,27.06611570247934,0.0013553719008264464,-2.990926062539339,0,0,17424,726 days 01:00:00,1000.0,113.94232400594547,-88.60576759940545,34.915698157888286,100.0,260.83395032312467,89.16387694600533,725 days 03:00:00,327,1,5.272314162294975,24.36072994953201,-5.957955217046666,3.4635752662689603,-1.3992844983997976,4 days 09:48:14.117647058,0 days 15:25:13.043478260,-2.725779786410855,-2.1654646873297514,-0.7451888860633041,0.9133924858662871,0.18988088081093224,23.011901731918574,0.9981206573921506,0.38107315526670366,-0.007685989712521532,None,None,-0.0001127692068530092,-0.6820281630469996,-0.8860576759940556,-0.5294701678344045,0.3790507534425857,-3.537705739084221,1 days 05:31:00.550458713,false
XMR-USD,false,2,43,720,15.577190542420027,0.32186380945341647,0.990358126721763,0.0001,0.000023964908526800043,29.75206611570248,59.46280991735537,0.002975206611570248,-5.5073045302004395,0,0,17424,726 days 01:00:00,1000.0,18.20978419362814,-98.17902158063718,34.915698157888286,100.0,390.9829993030349,98.27664542576633,722 days 11:00:00,719,1,0.8647296395426345,18.96646464310022,-11.805396837296529,2.061033435663245,-1.0276489265686104,1 days 21:27:51.428571428,0 days 07:08:24.118616144,-1.3666967252377114,-4.117266477980685,-0.8817170012913342,0.8396912646919306,-0.519318113646485,35.78840250206711,1.0202485245098343,0.3605840555945967,-0.007966921345063235,None,None,-0.00021759865062631611,-1.3160366389879599,-0.9817902158063719,-0.7510148126907318,0.3846849235199936,-3.811887682631264,0 days 13:06:35.549374129,false
XMR-USD,false,3,53,547,15.567765567765568,0.3203577550230551,0.7520661157024794,0.0001,0.00002395040856579318,22.60330578512397,45.16528925619835,0.002260330578512397,-4.384731423575895,0,0,17424,726 days 01:00:00,1000.0,45.17973751728255,-95.48202624827175,34.915698157888286,100.0,331.832419336935,95.72478073332516,722 days 11:00:00,546,1,2.090546880092667,22.91455173449467,-5.417866408305691,2.430345265911995,-1.1033052073186178,2 days 15:04:14.117647058,0 days 08:56:13.535791757,-1.7525838999318863,-3.1987299561509848,-0.8244800401665088,0.8745005249513597,0.24101126398099085,22.30644781726361,1.021938837394895,0.365274621954086,-0.007803976163662837,None,None,-0.00016594045795003575,-1.0036078896818161,-0.954820262482718,-0.6586909935717649,0.3776005785911419,-3.7346446236447397,0 days 17:21:52.087912087,false
XMR-USD,false,2,48,689,15.55232558139535,0.32396343308396,0.9476584022038568,0.0001,0.000023926654740608228,28.47107438016529,56.900826446280995,0.002847107438016529,-5.20068296868076,0,0,17424,726 days 01:00:00,1000.0,25.251410884280062,-97.474858911572,34.915698157888286,100.0,390.1827097901429,97.62719293847363,722 days 11:00:00,688,1,1.199115991695674,21.56331596604233,-4.495459400766496,2.111155664199118,-1.009427289315223,2 days 01:35:19.626168224,0 days 07:09:36.247848537,-1.4185286411444993,-3.8288491402087517,-0.8631598248953541,0.8520883088123886,0.16908173666673787,22.11326919223513,1.0251830717818058,0.36367193614024096,-0.007878044935141458,None,None,-0.00019924459711262752,-1.2050313233371712,-0.9747485891157197,-0.7210969321301566,0.3787705832799664,-3.7917201732811434,0 days 13:45:31.395348837,false
XMR-USD,false,6,83,310,15.53398058252427,0.38713408067215493,0.4256198347107438,0.0001,0.000023898431665421954,12.809917355371901,25.578512396694215,0.0012809917355371902,-2.8149541125948696,0,0,17424,726 days 01:00:00,1000.0,127.84103674881703,-87.2158963251183,34.915698157888286,100.0,261.63331877541253,87.94965639513838,722 days 11:00:00,309,1,5.91543234222685,24.360729949531997,-5.957955217046669,3.5086604102353154,-1.4063456414214432,4 days 15:38:45,0 days 16:24:49.655172413,-2.841664710658284,-2.039998544316083,-0.7327494202096304,0.9181025154607872,0.15986099380616375,23.077343663421235,0.9977134010809021,0.3811826252377933,-0.007657021924246357,None,None,-0.00010617683370841225,-0.6421574902684773,-0.8721589632511823,-0.5102928937979174,0.37884176992299134,-3.4978992523858254,1 days 07:12:25.631067959,false
XMR-USD,false,6,89,291,15.517241379310345,0.38810493288754905,0.39944903581267216,0.0001,0.000023872679045092838,12.024793388429753,24.00826446280992,0.0012024793388429754,-2.5377923839410275,0,0,17424,726 days 01:00:00,1000.0,154.6524379303819,-84.53475620696182,34.915698157888286,100.0,247.4339630864865,85.34660403991485,722 days 11:00:00,290,1,7.15604360229878,24.360729949532,-5.957955217046672,3.6118406616044867,-1.3979476548151535,4 days 20:02:40,0 days 18:02:26.938775510,-2.9396676057652282,-1.8348173091131539,-0.7132529428871363,0.9261112333422649,0.16248525100466615,22.918717982521436,0.9965678715339309,0.3828267597809698,-0.0076315217993825095,None,None,-0.00009530077408181481,-0.576379081646816,-0.845347562069616,-0.47683840692774104,0.3780607086565567,-3.421110293275445,1 days 09:14:53.793103447,false
XMR-USD,false,2,36,807,15.508684863523573,0.3026529812366942,1.1101928374655647,0.0001,0.00002385951517465165,33.34710743801653,66.65289256198348,0.003334710743801653,-5.982979264990327,0,0,17424,726 days 01:00:00,1000.0,12.893762670508522,-98.71062373294914,34.915698157888286,100.0,409.51461631571686,98.79829943485963,722 days 11:00:00,806,1,0.6122872532623838,16.215830782267698,-11.805396837296533,1.8878724864341234,-0.9761901965222756,1 days 16:08:38.400000,0 days 06:26:25.903083700,-1.2254572265294699,-4.491986818517141,-0.8985864508424861,0.8267720823714421,-0.5538342464744961,35.69072521188713,1.0266233479272557,0.3578274760383387,-0.008002243168760227,None,None,-0.00023740367766001335,-1.4358174424877608,-0.987106237329491,-0.7791301834047315,0.38468647156236363,-3.827112987590313,0 days 11:40:02.977667492,false
XMR-USD,false,3,52,556,15.495495495495495,0.3240693451985296,0.7644628099173554,0.0001,0.00002383922383922384,22.975206611570247,45.909090909090914,0.002297520661157025,-4.507374657786989,0,0,17424,726 days 01:00:00,1000.0,41.76084875579215,-95.8239151244208,34.915698157888286,100.0,338.40853456499997,96.0842868402173,722 days 11:00:00,555,1,1.9323488110803666,22.281966404222008,-5.4178664083056844,2.4377117430625526,-1.1075393751924254,2 days 13:19:32.093023255,0 days 08:57:41.833688699,-1.730038738838356,-3.292869771353738,-0.829903411528143,0.871101552561668,0.22749391470181618,22.331847532644527,1.0209302713939423,0.3647399749373434,-0.007806558053158624,None,None,-0.00017049968253598962,-1.0311820799776652,-0.9582391512442077,-0.6678867171704068,0.3768833605731326,-3.7444364621067128,0 days 17:04:32.432432431,false
XMR-USD,false,2,46,698,15.494978479196556,0.33719448321953643,0.9600550964187328,0.0001,0.000023838428429533164,28.84297520661157,57.64462809917355,0.002884297520661157,-5.248264571797599,0,0,17424,726 days 01:00:00,1000.0,24.143447067939178,-97.58565529320609,34.915698157888286,100.0,405.0198093946692,97.73130531379314,722 days 11:00:00,697,1,1.1465020155307748,19.221113109823325,-4.495459400766504,2.0964703240563454,-1.0050410562813241,2 days 00:29:26.666666666,0 days 07:09:16.196943972,-1.4017260472705748,-3.8706234522245477,-0.8658307079065342,0.8503453920679772,0.14800136303416736,22.099747788398336,1.0236012053129262,0.3632451885463934,-0.007909920641851862,None,None,-0.00020177603709063105,-1.2203414723241366,-0.9758565529320612,-0.7254067768447288,0.3794430554699955,-3.794893427361101,0 days 13:33:34.347202294,false
XMR-USD,false,3,50,563,15.480427046263346,0.3315463640820102,0.7741046831955923,0.0001,0.000023816041609635917,23.264462809917354,46.48760330578513,0.0023264462809917358,-4.507773240426704,0,0,17424,726 days 01:00:00,1000.0,41.971045088508845,-95.80289549114912,34.915698157888286,100.0,344.43939959885313,96.05106193034707,722 days 11:00:00,562,1,1.9420749695689636,21.98567674253965,-5.417866408305699,2.4588237239234587,-1.1013234202348756,2 days 12:20:41.379310344,0 days 08:54:03.789473684,-1.7081335051264392,-3.291487048061223,-0.8296574331133847,0.8714110085514386,0.24257813000926418,22.241139038193896,1.0227899018127868,0.3647399749373434,-0.00780655805315855,None,None,-0.0001702383151650198,-1.0296013301180398,-0.9580289549114925,-0.6673074634511592,0.37646369999746504,-3.7438344511379897,0 days 16:51:53.167259786,false
XMR-USD,false,3,75,467,15.450643776824036,0.29869699159511076,0.6418732782369146,0.0001,0.0000237702211951139,19.297520661157026,38.553719008264466,0.0019297520661157028,-4.009990875692423,0,0,17424,726 days 01:00:00,1000.0,57.55336356272369,-94.24466364372763,34.915698157888286,100.0,301.1669365081923,94.51645684525273,725 days 03:00:00,466,1,2.6630965837033997,23.46552052400139,-5.957955217046671,2.5233011578922224,-1.168483231889058,3 days 03:10:50,0 days 10:35:38.071065989,-2.0281324742939457,-2.9223524222935313,-0.8061633526469122,0.8848264870699344,0.19411363993256045,22.95338326676705,1.010081873999332,0.3729120705956508,-0.007786965907689536,None,None,-0.0001519892048932467,-0.9192307111943561,-0.9424466364372761,-0.6287760219811378,0.378562942556577,-3.69920604816649,0 days 20:34:22.660944205,false
XMR-USD,false,2,47,694,15.44011544011544,0.3297644772843942,0.9545454545454546,0.0001,0.000023754023754023755,28.677685950413224,57.31404958677686,0.0028677685950413223,-5.214088256313996,0,0,17424,726 days 01:00:00,1000.0,24.907172775453205,-97.50928272245469,34.915698157888286,100.0,398.0143187167481,97.65954006629214,722 days 11:00:00,693,1,1.182769126043798,19.221113109823314,-4.495459400766504,2.104328482623307,-1.0028895512009033,2 days 01:00:33.644859813,0 days 07:11:15.767918088,-1.4087670943009938,-3.8414347708866434,-0.8639817152176532,0.8515946735881185,0.1609160942850831,22.073108972051088,1.0244803091518606,0.36345852895148667,-0.007900771519982905,None,None,-0.00020001780382674297,-1.2097076775441415,-0.9750928272245468,-0.7224225204323229,0.37899469914757883,-3.792706085426649,0 days 13:38:42.077922076,false
XMR-USD,false,3,57,526,15.428571428571427,0.33247383207889536,0.7231404958677686,0.0001,0.000023736263736263735,21.735537190082646,43.429752066115704,0.0021735537190082648,-4.2541714190831215,0,0,17424,726 days 01:00:00,1000.0,49.26423852999153,-95.07357614700085,34.915698157888286,100.0,337.65876128451083,95.33827699550228,722 days 11:00:00,525,1,2.2795440128358138,22.046197224777835,-5.4178664083056995,2.444022191559943,-1.107393798107978,2 days 18:17:46.666666666,0 days 09:19:35.675675675,-1.8152672485387509,-3.1013083211111288,-0.8179910538150971,0.8781680426517383,0.24189603390875167,22.241824005802748,1.0205888854664082,0.36720282463711257,-0.007798806849349148,None,None,-0.00016096320880661834,-0.9735054868624278,-0.9507357614700085,-0.6482824018120716,0.3777805730642641,-3.7229464442348967,0 days 18:06:58.285714285,false
XMR-USD,false,4,82,377,15.425531914893616,0.34312822389950104,0.5179063360881543,0.0001,0.000023731587561374795,15.578512396694215,31.115702479338843,0.0015578512396694215,-3.286726761917034,0,0,17424,726 days 01:00:00,1000.0,92.73224704807103,-90.7267752951929,34.915698157888286,100.0,279.5238719730838,91.16469921048832,725 days 03:00:00,376,1,4.290886145059417,25.045904641605787,-5.957955217046685,3.0246298032697565,-1.2767430365130248,3 days 20:42:24.827586206,0 days 13:21:07.924528301,-2.4243580827047593,-2.3867050370189666,-0.7650416873316209,0.9048178934392659,0.15996895425729887,23.07394862312329,1.0036285504215414,0.3780150257018584,-0.007713392625225395,None,None,-0.00012453946668118158,-0.7532146944877862,-0.9072677529519282,-0.5619348585359126,0.3798098261310946,-3.5984522745307204,1 days 01:35:35.106382976,false
XMR-USD,false,7,77,306,15.40983606557377,0.39331286880200383,0.4201101928374656,0.0001,0.000023707440100882724,12.644628099173554,25.24793388429752,0.0012644628099173555,-2.750405536468575,0,0,17424,726 days 01:00:00,1000.0,133.11265859847174,-86.68873414015282,34.915698157888286,100.0,258.0825287575218,87.32103077606921,722 days 11:00:00,305,1,6.159359669308117,24.36072994953202,-5.957955217046681,3.661788544319096,-1.4204034210231244,4 days 16:53:37.021276595,0 days 16:53:29.302325581,-2.862448200232251,-1.9905678595172511,-0.7296684474491466,0.9200886014911499,0.1777120003379595,22.914493417213237,0.9979393168392159,0.3826073157184797,-0.007703282521903944,None,None,-0.00010381135332664576,-0.6278510649195536,-0.8668873414015293,-0.5033762664795143,0.3795996554368388,-3.4828011099233245,1 days 07:41:06.885245900,false
XMR-USD,false,2,42,728,15.405777166437415,0.32282924376660027,1.0013774104683195,0.0001,0.000023701195640672945,30.082644628099175,60.12396694214876,0.0030082644628099176,-5.498384483129514,0,0,17424,726 days 01:00:00,1000.0,18.324074708804233,-98.16759252911957,34.915698157888286,100.0,391.55046020262193,98.26582909318236,722 days 11:00:00,727,1,0.870156963389018,18.96646464310021,-11.805396837296534,2.081757023398849,-1.017000483396454,1 days 21:06:25.714285714,0 days 07:05:21.951219512,-1.3515076784794813,-4.1101951735879005,-0.8813861283627298,0.8398969101804847,-0.5189053411560952,35.77982280397077,1.0210190223672164,0.36015923815471074,-0.00799134855250604,None,None,-0.00021723819109812406,-1.3138565797614543,-0.9816759252911953,-0.7504735224337882,0.3847084071990132,-3.8115603498806503,0 days 12:56:46.877579091,false
XMR-USD,false,3,61,508,15.384615384615385,0.31915322599621787,0.6983471074380165,0.0001,0.00002366863905325444,20.991735537190085,41.94214876033058,0.0020991735537190088,-4.271835982828128,0,0,17424,726 days 01:00:00,1000.0,48.85735006112145,-95.11426499388786,34.915698157888286,100.0,318.55917014073543,95.37677959682517,722 days 11:00:00,507,1,2.260716559072584,24.427265072754313,-5.417866408305691,2.5060116394734013,-1.1412998340227698,2 days 19:25:23.076923076,0 days 09:55:56.643356643,-1.8804800128164687,-3.1132890513587648,-0.8186211875175439,0.8778454658676352,0.2642216742943986,22.161068501304822,1.0124671347546819,0.3688138256087982,-0.00782319403673036,None,None,-0.00016145841773902424,-0.9765005104856186,-0.9511426499388791,-0.6492934025193587,0.37748455954449645,-3.7241117895962588,0 days 18:46:37.633136093,false
XMR-USD,false,6,69,340,15.339233038348082,0.3588328117616248,0.4669421487603306,0.0001,0.00002359882005899705,14.049586776859504,28.05785123966942,0.0014049586776859505,-3.154629775123267,0,0,17424,726 days 01:00:00,1000.0,103.8373983586373,-89.61626016413628,34.915698157888286,100.0,259.2927698358201,90.12487382509298,725 days 03:00:00,339,1,4.8047412646554335,25.045904641605787,-4.883466848536498,3.3531581635644043,-1.371080998403975,4 days 02:23:04.615384615,0 days 15:39:18.188153310,-2.6577207755339782,-2.282754670737901,-0.754226077871217,0.9089131850114514,0.26390652054013464,22.47398984031746,1.0028729669805496,0.3768173198482933,-0.007678807590829317,None,None,-0.00011822982737269421,-0.7150539959500546,-0.896162601641366,-0.5443947904103695,0.37698646655660195,-3.5666466630251192,1 days 04:20:42.477876105,false
XMR-USD,false,3,76,464,15.334773218142548,0.30631186167929897,0.6377410468319559,0.0001,0.00002359195879714238,19.173553719008265,38.30578512396694,0.0019173553719008265,-3.9472045710635855,0,0,17424,726 days 01:00:00,1000.0,60.053080567490156,-93.99469194325098,34.915698157888286,100.0,303.0380309110405,94.2782899472338,725 days 03:00:00,463,1,2.7787629392998454,23.46552052400139,-5.957955217046669,2.5926549728541355,-1.1686242643318805,3 days 04:21:07.605633802,0 days 10:38:25.102040816,-2.036124583956391,-2.8757173123059063,-0.8027450810646047,0.8865368021495703,0.1936474984048247,22.96088469019349,1.0092046237505188,0.3737779880163986,-0.00777992537639185,None,None,-0.00014955158097182522,-0.9044879617175989,-0.9399469194325109,-0.6232573001528323,0.37853214075346403,-3.692046755536961,0 days 20:43:01.425485959,false
XMR-USD,false,2,37,797,15.326633165829145,0.3068724251790563,1.0964187327823691,0.0001,0.000023579435639737147,32.93388429752066,65.82644628099173,0.0032933884297520664,-5.9551849313559115,0,0,17424,726 days 01:00:00,1000.0,13.203682950549933,-98.67963170494501,34.915698157888286,100.0,406.66123624100845,98.7694148194692,722 days 11:00:00,796,1,0.627004465130284,16.215830782267705,-11.80539683729652,1.9391978275828046,-0.9836439872182747,1 days 17:06:53.114754098,0 days 06:30:16.023738872,-1.2404815596916838,-4.468956629178105,-0.8974845116979893,0.8274161360726474,-0.5483958604919286,35.779803652715074,1.0249004751701223,0.3578274760383387,-0.00799962177773522,None,None,-0.00023605482558232635,-1.4276595851219098,-0.9867963170494507,-0.7773017919650755,0.38447197393732857,-3.826225363122259,0 days 11:48:32.562814069,false
XMR-USD,false,5,70,373,15.32258064516129,0.3477575127606881,0.512396694214876,0.0001,0.000023573200992555833,15.413223140495868,30.785123966942148,0.0015413223140495868,-3.375576107338193,0,0,17424,726 days 01:00:00,1000.0,90.07678513394569,-90.99232148660543,34.915698157888286,100.0,276.3682868693571,91.43353326750876,725 days 03:00:00,372,1,4.168013195262915,25.682814768714245,-4.8834668485365045,3.133103614256864,-1.3074480956401904,3 days 19:58:56.842105263,0 days 13:52:11.428571428,-2.457234484035801,-2.443219651697847,-0.7675903109963038,0.9029559040671463,0.29187565538824656,22.256465276074177,1.00591790656787,0.3760562268024955,-0.007697641618962587,None,None,-0.000126412179543814,-0.764540861880987,-0.909923214866055,-0.5663302012608082,0.3766034990201241,-3.606057627006038,1 days 01:50:19.354838708,false
XMR-USD,false,2,44,719,15.32033426183844,0.31465691541737023,0.9889807162534435,0.0001,0.000023569745018212982,29.710743801652892,59.3801652892562,0.002971074380165289,-5.574171177138332,0,0,17424,726 days 01:00:00,1000.0,17.28932211901622,-98.27106778809838,34.915698157888286,100.0,389.1608711129062,98.36375697578926,722 days 11:00:00,718,1,0.8210195752427083,18.966464643100238,-11.805396837296518,2.070369049389164,-1.0293492055580238,1 days 22:27:49.090909090,0 days 07:07:12.236842105,-1.36982130564934,-4.169052274538049,-0.8844289333016188,0.8378807769596386,-0.5179410484949732,35.68261641524609,1.0192010056892706,0.36090284286160573,-0.007945980293208815,None,None,-0.00022055075378748143,-1.3338909589066876,-0.982710677880983,-0.755457285845798,0.38506065931247146,-3.814523923987372,0 days 13:08:51.476323119,false
XMR-USD,false,3,73,471,15.319148936170212,0.3010625635278151,0.6473829201101928,0.0001,0.000023567921440261867,19.462809917355372,38.88429752066116,0.0019462809917355373,-4.050663446525494,0,0,17424,726 days 01:00:00,1000.0,55.8168043868784,-94.41831956131216,34.915698157888286,100.0,302.8915739548455,94.70589968998561,725 days 02:00:00,470,1,2.582742899360497,23.46552052400139,-5.957955217046671,2.5670243685654923,-1.1720724329224763,3 days 03:55:00,0 days 10:19:26.834170854,-2.014395613856342,-2.953695289371932,-0.8083924675906914,0.8835453157434489,0.1870069124509812,22.9416084426031,1.0099263215501686,0.37215528781793844,-0.007795290655342481,None,None,-0.00015372983020661742,-0.9297580130896221,-0.9441831956131223,-0.6327026765364043,0.37883526645052806,-3.7041796252892865,0 days 20:22:20.425531914,false
XMR-USD,false,2,49,687,15.306122448979592,0.3163306282130259,0.9449035812672176,0.0001,0.000023547880690737832,28.388429752066116,56.735537190082646,0.002838842975206612,-5.153738690113158,0,0,17424,726 days 01:00:00,1000.0,26.139368617956393,-97.38606313820436,34.915698157888286,100.0,385.3708244083559,97.54375394211596,722 days 11:00:00,686,1,1.2412825194702286,21.212707387473102,-4.495459400766517,2.1327027129239817,-1.0001622282550202,2 days 02:17:08.571428571,0 days 07:12:42.134251290,-1.4214313613724716,-3.791354703831153,-0.8610714839334821,0.8535677192102044,0.1764183513486862,22.08499117477753,1.0265212127563437,0.36388541014402004,-0.007878044935141463,None,None,-0.00019726532077768736,-1.1930606600634532,-0.9738606313820454,-0.7177311965344968,0.37871653770537084,-3.789177025698469,0 days 13:48:16.793002914,false
XMR-USD,false,6,87,295,15.306122448979592,0.39340630037023333,0.4049586776859504,0.0001,0.000023547880690737832,12.190082644628099,24.338842975206614,0.0012190082644628099,-2.578835493833777,0,0,17424,726 days 01:00:00,1000.0,150.06035384818983,-84.99396461518101,34.915698157888286,100.0,253.6331203954947,85.78170630690053,722 days 11:00:00,294,1,6.943559697373928,24.360729949531994,-5.957955217046669,3.6513279409051322,-1.3945020243626665,4 days 20:08:00,0 days 17:42:53.493975903,-2.914568727378178,-1.8669048372060202,-0.7164948116688197,0.9248230005837597,0.1453330422838716,22.944244142205697,0.99817897778953,0.3819494012213498,-0.007633162839139198,None,None,-0.00009701753893867614,-0.5867620755011133,-0.8499396461518098,-0.48228327077618105,0.3782561666257347,-3.4342622115370434,1 days 08:46:44.081632651,false
XMR-USD,false,7,82,295,15.306122448979592,0.37993412083004563,0.4049586776859504,0.0001,0.000023547880690737832,12.190082644628099,24.338842975206614,0.0012190082644628099,-2.7280255421380195,0,0,17424,726 days 01:00:00,1000.0,136.12433411291397,-86.3875665887086,34.915698157888286,100.0,248.3731979783848,87.1511090171218,722 days 11:00:00,294,1,6.298715256492727,24.283808014060483,-5.957955217046664,3.620900048275176,-1.4277869242564187,4 days 20:41:20,0 days 17:38:04.337349397,-2.959776806610813,-1.975886088547921,-0.7263819114699746,0.920710394331947,0.15306515982988156,22.875474531975684,0.9966867041531416,0.3814016172506739,-0.007657021924246322,None,None,-0.00010262391811648144,-0.6206694567684797,-0.8638756658870875,-0.4995048014790562,0.378045987153834,-3.4741755470008147,1 days 08:47:45.306122448,false
XMR-USD,false,2,50,674,15.304606240713225,0.3179923223143543,0.9269972451790633,0.0001,0.00002354554806263573,27.85123966942149,55.66115702479339,0.0027851239669421488,-5.119113969941442,0,0,17424,726 days 01:00:00,1000.0,26.772775942312137,-97.32272240576879,34.915698157888286,100.0,380.80423154384073,97.48423436204395,722 days 11:00:00,673,1,1.2713611893463401,21.212707387473117,-4.495459400766509,2.171323036162315,-1.0141772800386974,2 days 03:29:07.572815533,0 days 07:17:53.684210526,-1.4479919543046536,-3.7665144165734925,-0.8596087194030837,0.8543665137026488,0.17327314413757874,22.119049588640653,1.025019144937271,0.36356522419594645,-0.007866342645751105,None,None,-0.00019590022586158927,-1.184804566010892,-0.9732272240576876,-0.7153756800458578,0.37857614712511145,-3.787362920989775,0 days 14:03:39.316493312,false
XMR-USD,false,3,58,524,15.296367112810708,0.32475102976156084,0.7203856749311295,0.0001,0.000023532872481247244,21.65289256198347,43.264462809917354,0.002165289256198347,-4.424573299323238,0,0,17424,726 days 01:00:00,1000.0,43.96623861722355,-95.60337613827764,34.915698157888286,100.0,326.09507020362923,95.83961039287415,722 days 11:00:00,523,1,2.034396125818276,22.046197224777803,-5.417866408305691,2.470229641770675,-1.1345235886882208,2 days 18:35:15,0 days 09:25:44.018058690,-1.831870282043204,-3.23035196917756,-0.826481822576658,0.8734734677322786,0.24536926289443695,22.2365862785606,1.0158754323048047,0.3665594855305467,-0.0078122566820197055,None,None,-0.00016751246524064723,-1.0131153897754344,-0.9560337613827772,-0.661901183855867,0.3774463501089348,-3.738120134558402,0 days 18:10:19.502868068,false
XMR-USD,false,3,51,557,15.287769784172662,0.3242689930211183,0.7658402203856749,0.0001,0.000023519645821804095,23.016528925619834,45.99173553719008,0.0023016528925619835,-4.535645364345158,0,0,17424,726 days 01:00:00,1000.0,40.93185085606149,-95.90681491439386,34.915698157888286,100.0,338.0828441417903,96.14883680484965,722 days 11:00:00,556,1,1.8939896025475136,22.28196640422201,-5.417866408305693,2.4768430646370696,-1.1090136152455838,2 days 13:36:00,0 days 09:00:07.643312101,-1.7283491704073488,-3.3134923088167625,-0.8314595269529644,0.8703887095046942,0.2286388424418584,22.29382444438708,1.0221267239948717,0.3642057464965161,-0.007803976163663049,None,None,-0.0001716402394489685,-1.0380801681873615,-0.9590681491439387,-0.6701899917552219,0.3770431796321202,-3.7468107462925313,0 days 17:02:35.395683452,false
XMR-USD,false,3,63,505,15.277777777777779,0.3080641524197579,0.6942148760330579,0.0001,0.000023504273504273504,20.867768595041323,41.69421487603306,0.002086776859504132,-4.254834871914688,0,0,17424,726 days 01:00:00,1000.0,49.51314753169106,-95.04868524683089,34.915698157888286,100.0,311.5643245495175,95.30378758553695,725 days 02:00:00,504,1,2.2910614754313343,23.46552052400139,-5.417866408305696,2.503787825918956,-1.1380221320830521,2 days 20:49:52.207792207,0 days 09:56:03.934426229,-1.8904323689359885,-3.1009369582496285,-0.8177010899755085,0.878411506508198,0.2625854253331188,22.20018590753499,1.0130489844402568,0.36978224982312713,-0.007817918292211562,None,None,-0.0001607092015087695,-0.9719692507250379,-0.9504868524683087,-0.647666619819965,0.3772295890146352,-3.7222335585850836,0 days 18:55:57.142857141,false
XMR-USD,false,5,84,335,15.269461077844312,0.35121645857871037,0.46005509641873277,0.0001,0.000023491478581298942,13.842975206611571,27.644628099173556,0.0013842975206611572,-3.0722870637960176,0,0,17424,726 days 01:00:00,1000.0,107.26539720440462,-89.27346027955953,34.915698157888286,100.0,261.6837177066067,89.79886487586568,725 days 03:00:00,334,1,4.963360873484277,25.045904641605787,-5.957955217046668,3.2836556120930465,-1.354991102567036,4 days 07:22:21.176470588,0 days 15:24:35.618374558,-2.68771845409904,-2.2313863757099908,-0.751093121355554,0.9107514742439498,0.14162796554307086,23.14549590360267,0.9973269739844609,0.3798701298701298,-0.007685989712521611,None,None,-0.00011622721797705597,-0.7029422143252345,-0.892734602795596,-0.5392295229550532,0.37913249587984665,-3.556828732905933,1 days 04:50:28.742514969,false
XMR-USD,false,5,87,322,15.264797507788161,0.3676277725404375,0.44214876033057854,0.0001,0.00002348430385813563,13.305785123966942,26.5702479338843,0.0013305785123966943,-2.9308884836901696,0,0,17424,726 days 01:00:00,1000.0,117.8458122554722,-88.21541877445279,34.915698157888286,100.0,259.0077385028026,88.79264808631065,725 days 03:00:00,321,1,5.452935512261973,24.36072994953199,-5.957955217046662,3.450472580461196,-1.3809543985592496,4 days 13:41:37.959183673,0 days 15:37:56.470588235,-2.765131225099028,-2.130478343109303,-0.7418502380691633,0.9146383540303126,0.10998151680922269,22.98127455869808,0.9935848841722759,0.38107315526670366,-0.007685989712521591,None,None,-0.00011085335939713605,-0.6704411176338788,-0.8821541877445284,-0.5239366648449205,0.37872997516358425,-3.5265259876959623,1 days 05:59:26.355140185,false
XMR-USD,false,4,81,381,15.263157894736842,0.33708981924879317,0.5234159779614325,0.0001,0.000023481781376518218,15.743801652892563,31.446280991735538,0.0015743801652892562,-3.344234687468465,0,0,17424,726 days 01:00:00,1000.0,89.19940945478015,-91.080059054522,34.915698157888286,100.0,278.95840989766083,91.50129930129647,725 days 03:00:00,380,1,4.127415460757547,25.04590464160576,-5.957955217046655,2.9917020497604576,-1.2670958114664863,3 days 20:18:37.241379310,0 days 13:16:23.850931677,-2.4077052789630997,-2.4292894172297137,-0.7686213502553345,0.9032490384258894,0.16004809895715333,23.068105174066705,1.0039880502444647,0.37790605725130466,-0.0077133926252253605,None,None,-0.00012676716684055552,-0.7666878250516798,-0.9108005905452208,-0.5678010130274949,0.3798266825416971,-3.6085704671480223,1 days 01:20:12.631578946,false
XMR-USD,false,2,45,710,15.2327221438646,0.327919393430394,0.9765840220385675,0.0001,0.000023434957144407077,29.338842975206614,58.63636363636364,0.0029338842975206616,-5.440412273222976,0,0,17424,726 days 01:00:00,1000.0,21.11163118490458,-97.88883688150955,34.915698157888286,100.0,402.26400861526486,98.00201771832255,722 days 11:00:00,709,1,1.0025299053828078,18.966464643100224,-4.495459400766527,2.0926111668947596,-1.0066126231687549,1 days 23:50:00,0 days 07:07:23.261231281,-1.3820746103250718,-4.017012942170467,-0.8736775396419415,0.8451365529687985,0.14800052187902824,22.077220238036638,1.0236171292597684,0.3619665468188213,-0.007942674661801858,None,None,-0.00020946828356564943,-1.2668641790050477,-0.9788883688150956,-0.7379027725703968,0.3795534884733377,-3.803576673130167,0 days 13:19:27.842031028,false
XMR-USD,false,3,74,468,15.203426124197003,0.2979238150720826,0.6432506887052342,0.0001,0.000023389886344918467,19.338842975206614,38.63636363636364,0.0019338842975206614,-4.006268937910189,0,0,17424,726 days 01:00:00,1000.0,57.59383149823748,-94.24061685017625,34.915698157888286,100.0,299.99210016198566,94.51260115972823,725 days 03:00:00,467,1,2.664969107117251,23.46552052400139,-5.957955217046662,2.576615396348816,-1.1655254937439565,3 days 03:40:33.802816901,0 days 10:37:34.545454545,-2.0237069327813257,-2.9196906929798057,-0.8061072258273468,0.8848887248861693,0.19367159527127653,22.907617154864788,1.0096183908834337,0.3728039076656424,-0.007798806849349183,None,None,-0.00015193562242552626,-0.9189066444295828,-0.9424061685017626,-0.6286854454481825,0.3787744778643837,-3.699090146329641,0 days 20:30:57.815845823,false
XMR-USD,false,4,83,376,15.2,0.33824163611330077,0.5165289256198347,0.0001,0.000023384615384615385,15.537190082644628,31.033057851239672,0.001553719008264463,-3.325324371330062,0,0,17424,726 days 01:00:00,1000.0,90.04859712746122,-90.99514028725388,34.915698157888286,100.0,279.2032776216931,91.42039078507128,725 days 03:00:00,375,1,4.166708886024978,25.045904641605777,-5.957955217046663,3.0296323060855226,-1.2772231316062577,3 days 21:41:03.157894736,0 days 13:26:58.867924528,-2.4376482980228404,-2.4167438871279128,-0.7677519721697841,0.9036275891144541,0.15180934254986042,23.03250550259314,1.0037782270028928,0.3772526082832754,-0.0077133926252254265,None,None,-0.0001262055635510595,-0.7632912483568078,-0.9099514028725394,-0.5663773091919597,0.3801069548526633,-3.6061383586195284,1 days 01:38:43.199999998,false
XMR-USD,false,4,84,376,15.2,0.3337510212118364,0.5165289256198347,0.0001,0.000023384615384615385,15.537190082644628,31.033057851239672,0.001553719008264463,-3.3941999627059256,0,0,17424,726 days 01:00:00,1000.0,86.00821440580467,-91.39917855941954,34.915698157888286,100.0,277.3599432833505,91.80534852940458,725 days 03:00:00,375,1,3.9797531851444887,25.045904641605777,-5.957955217046657,3.018225116447638,-1.2894893809201717,3 days 21:41:03.157894736,0 days 13:26:02.264150943,-2.447924103411571,-2.4700791727553137,-0.7719410632797584,0.9016282051543993,0.13780840810095837,23.04675406087009,1.0022082439764002,0.3768173198482933,-0.007710467994062463,None,None,-0.0001288628350933831,-0.7793624266447811,-0.9139917855941958,-0.573231742795836,0.3797298629145815,-3.617710181423661,1 days 01:37:55.199999998,false
XMR-USD,false,4,85,370,15.176151761517614,0.33574442286438644,0.5082644628099173,0.0001,0.000023347925786950175,15.289256198347108,30.537190082644628,0.0015289256198347109,-3.3899370026227196,0,0,17424,726 days 01:00:00,1000.0,86.2838471860349,-91.37161528139652,34.915698157888286,100.0,276.86765715546227,91.77908691493603,725 days 03:00:00,369,1,3.9925072045440118,25.045904641605777,-5.957955217046666,2.982525889279624,-1.2937570792370656,3 days 22:42:51.428571428,0 days 13:45:14.376996805,-2.4870153388035487,-2.467490215077635,-0.7716509724731404,0.9017005467061009,0.13657534629253082,23.076291781734046,0.9997895393157097,0.3770349296665086,-0.007710467994062483,None,None,-0.00012868678031404632,-0.7782976473393521,-0.9137161528139656,-0.5727575354876672,0.37960894752185365,-3.616920757769625,1 days 02:02:26.341463413,false
XMR-USD,false,3,65,496,15.151515151515152,0.2993555731141354,0.6818181818181818,0.0001,0.00002331002331002331,20.49586776859504,40.950413223140494,0.002049586776859504,-4.341638978572238,0,0,17424,726 days 01:00:00,1000.0,46.69660847423688,-95.33033915257631,34.915698157888286,100.0,305.3783974984071,95.57093007893167,725 days 02:00:00,495,1,2.1607351994770383,23.465520524001384,-5.417866408305683,2.561651427236643,-1.1693017485460093,2 days 22:28:48,0 days 10:09:08.571428571,-1.9302305590408921,-3.1677252679064627,-0.8221155190973118,0.8759618927491069,0.257288390214204,22.231418718396764,1.0108399043080927,0.36956692603945607,-0.007817918292211642,None,None,-0.00016408211176500715,-0.9923686119547632,-0.9533033915257632,-0.6547564677085593,0.3770263227879162,-3.7303002426442653,0 days 19:17:34.545454544,false
XMR-USD,false,5,85,331,15.151515151515152,0.35433272689993717,0.45454545454545453,0.0001,0.00002331002331002331,13.677685950413224,27.31404958677686,0.0013677685950413225,-2.986127470150239,0,0,17424,726 days 01:00:00,1000.0,113.65086874393864,-88.63491312560615,34.915698157888286,100.0,262.9065237491171,89.19532414118449,722 days 11:00:00,330,1,5.258828008497758,24.360729949532008,-5.957955217046668,3.3219767536216693,-1.3455721901491238,4 days 09:55:12,0 days 15:29:34.285714285,-2.7018423008016907,-2.16737833319955,-0.7454102453870695,0.9132100978206804,0.1426650476383807,23.13292917577299,0.9978546496911644,0.38030735107731306,-0.007685989712521631,None,None,-0.00011290642290862024,-0.6828580457513352,-0.8863491312560619,-0.5298882638259124,0.3791768943550217,-3.5385404789788346,1 days 05:11:38.181818180,false
XMR-USD,false,5,71,371,15.135135135135137,0.3453055984959453,0.509641873278237,0.0001,0.000023284823284823286,15.330578512396695,30.619834710743802,0.0015330578512396695,-3.358848961356328,0,0,17424,726 days 01:00:00,1000.0,91.50236664255317,-90.84976333574468,34.915698157888286,100.0,276.94175513127993,91.29795786314928,725 days 03:00:00,370,1,4.23397738936643,25.68281476871422,-4.883466848536499,3.121630742344925,-1.2953147990056377,3 days 21:06:25.714285714,0 days 13:58:39.745222929,-2.466842191207607,-2.429148760337305,-0.7661419089813659,0.903511634740617,0.3043712833740959,22.28648598738741,1.0072587120420573,0.3752959747434886,-0.007678807590829247,None,None,-0.00012553873723328756,-0.7592582827869232,-0.9084976333574474,-0.5639602076569659,0.37616777518943745,-3.60197470275185,1 days 01:57:14.594594592,false
XMR-USD,false,3,66,490,15.132924335378323,0.3051033528136917,0.6735537190082644,0.0001,0.00002328142205442819,20.24793388429752,40.45454545454545,0.0020247933884297523,-4.221552498674092,0,0,17424,726 days 01:00:00,1000.0,50.7028906166496,-94.92971093833505,34.915698157888286,100.0,307.22560793437776,95.19094308818345,725 days 02:00:00,489,1,2.3461130058529207,23.46552052400138,-5.417866408305691,2.624476433098512,-1.168623717277312,2 days 23:34:03.243243243,0 days 10:15:10.843373493,-1.9461006592826275,-3.0772223910772185,-0.8158862472636667,0.879279422058393,0.25958589814473615,22.24744762006281,1.010919259083484,0.3703208556149733,-0.007807436686204783,None,None,-0.00015936380362720307,-0.9638322843373242,-0.9492971093833501,-0.6447508717966398,0.3769543394461278,-3.7188260853059347,0 days 19:31:54.110429446,false
XMR-USD,false,3,62,510,15.12770137524558,0.31280893570246115,0.7011019283746557,0.0001,0.000023273386731147048,21.074380165289256,42.107438016528924,0.0021074380165289255,-4.277125374938522,0,0,17424,726 days 01:00:00,1000.0,48.783470252951815,-95.12165297470482,34.915698157888286,100.0,316.57649677478815,95.38377061529188,722 days 11:00:00,509,1,2.257298008833949,24.427265072754313,-5.417866408305674,2.5464043736295627,-1.1350475395283772,2 days 19:56:06.233766233,0 days 09:56:40,-1.8732295240783559,-3.1181041655705424,-0.8187359740118013,0.877719695028619,0.26122643233337284,22.221077011836222,1.0123942853915946,0.3692440672638692,-0.0078179182922115,None,None,-0.00016156583663123387,-0.9771501799457024,-0.9512165297470482,-0.6494775616681631,0.37715238528213374,-3.7243233844148285,0 days 18:43:01.532416502,false
XMR-USD,false,3,72,478,15.09433962264151,0.2969854812646182,0.6570247933884298,0.0001,0.000023222060957910014,19.75206611570248,39.46280991735537,0.001975206611570248,-4.11650773689873,0,0,17424,726 days 01:00:00,1000.0,53.377694761656926,-94.66223052383431,34.915698157888286,100.0,303.3722704688053,94.93724383741382,725 days 02:00:00,477,1,2.469880955103683,23.465520524001384,-5.957955217046678,2.58865673650807,-1.1665100919160005,3 days 03:46:39.999999999,0 days 10:09:37.777777777,-1.9897110821665507,-3.002960784035055,-0.8119069169073748,0.8817145290475485,0.1862818074501534,22.943251414989152,1.0103951709695462,0.37161523929471035,-0.007798806849349177,None,None,-0.00015629363655048016,-0.945263913857304,-0.9466223052383437,-0.6383549904045782,0.37883454971291164,-3.7111653358833916,0 days 20:03:53.962264149,false
XMR-USD,false,4,89,359,15.083798882681565,0.3252846500396193,0.4931129476584022,0.0001,0.000023205844434894716,14.834710743801653,29.62809917355372,0.0014834710743801653,-3.4048272189336206,0,0,17424,726 days 01:00:00,1000.0,85.30513904043312,-91.46948609595668,34.915698157888286,100.0,266.52764207414407,91.8723358237762,725 days 03:00:00,358,1,3.947220636433144,25.04590464160577,-5.957955217046675,3.023493643027763,-1.3235489042198858,4 days 03:20:00,0 days 13:57:49.736842105,-2.5660393340670407,-2.484084880665541,-0.7726839627129034,0.9011975114415983,0.09877029488027791,22.923685248018554,0.9959610537004313,0.37736147340131215,-0.007713392625225395,None,None,-0.0001293728799743485,-0.7824471780848598,-0.9146948609595658,-0.5744458463010447,0.3790833928102503,-3.6197238182760367,1 days 02:50:26.815642457,false
XMR-USD,false,6,84,306,15.081967213114755,0.38049554311521644,0.4201101928374656,0.0001,0.00002320302648171501,12.644628099173554,25.24793388429752,0.0012644628099173555,-2.7982180749754826,0,0,17424,726 days 01:00:00,1000.0,129.7337750350946,-87.02662249649053,34.915698157888286,100.0,257.7661944062296,87.70765983112653,722 days 11:00:00,305,1,6.003012712026376,24.36072994953201,-5.957955217046674,3.560880848308164,-1.3945339178657163,4 days 17:32:36.521739130,0 days 17:03:00.694980694,-2.8730138940227192,-2.029612938128135,-0.7317649256013048,0.9186294775720237,0.13703998610082793,22.98073143783824,0.9963596641358078,0.38129211256440754,-0.007657021924246492,None,None,-0.00010538828497004286,-0.6373883474988192,-0.8702662249649051,-0.5077884657918477,0.3779523575882804,-3.4924783718474535,1 days 07:36:11.803278686,false
XMR-USD,false,5,83,340,15.04424778761062,0.35042940002002093,0.4669421487603306,0.0001,0.00002314499659632403,14.049586776859504,28.05785123966942,0.0014049586776859505,-3.186075094216841,0,0,17424,726 days 01:00:00,1000.0,99.3449474805767,-90.06550525194233,34.915698157888286,100.0,263.8850269993977,90.55211410611571,725 days 03:00:00,339,1,4.5968675654444695,25.045904641605755,-5.957955217046668,3.3295260181902306,-1.3655535251297504,4 days 07:00:00,0 days 15:12:17.500000,-2.670359646268045,-2.3163788707538067,-0.7584444222398591,0.9075079116565969,0.1382157718344667,23.163691604252826,0.9969138257250373,0.3792148171600443,-0.007697641618962527,None,None,-0.00012063285449493367,-0.7295875039853588,-0.9006550525194235,-0.5513353847133262,0.3790652332618335,-3.579513227679636,1 days 04:24:46.725663716,false
XMR-USD,false,2,51,673,15.029761904761903,0.31312075939068157,0.9256198347107438,0.0001,0.000023122710622710622,27.8099173553719,55.578512396694215,0.00278099173553719,-5.180627778327316,0,0,17424,726 days 01:00:00,1000.0,25.60987412668169,-97.43901258733183,34.915698157888286,100.0,376.4180969998844,97.59350911317121,722 days 11:00:00,672,1,1.2161383675291404,21.985676742539653,-4.495459400766498,2.192203870759624,-1.0163267602223947,2 days 04:24:21.386138613,0 days 07:18:42.241681260,-1.4517950360726872,-3.8132243319301766,-0.8623113502465792,0.8527658218603889,0.1724092784066968,22.07299293967803,1.0246411037857388,0.36335185040294193,-0.007887120226823523,None,None,-0.00019843548663458718,-1.2001378231659832,-0.9743901258733192,-0.7197290470688449,0.37877815938228565,-3.79069351976621,0 days 14:05:21.428571427,false
XMR-USD,false,6,88,294,15.017064846416384,0.3895756822228573,0.4035812672176309,0.0001,0.000023103176686794436,12.148760330578513,24.25619834710744,0.0012148760330578513,-2.6069045516851,0,0,17424,726 days 01:00:00,1000.0,147.2989079135964,-85.27010920864036,34.915698157888286,100.0,250.52709289365075,86.0433546924253,722 days 11:00:00,293,1,6.815782678286581,24.360729949532004,-5.957955217046669,3.718383423961058,-1.3990813979315297,4 days 20:51:49.090909090,0 days 18:01:41.204819277,-2.933504692029656,-1.8876443559377156,-0.7184787096661442,0.9239731477268401,0.14533601654427922,22.9605213671318,0.9971154226663608,0.38162067871868055,-0.007631521799382744,None,None,-0.00009808565602243189,-0.593222047623668,-0.8527010920864033,-0.48561009321374227,0.37821893863839506,-3.4421711066194396,1 days 08:52:13.105802046,false
XMR-USD,false,4,88,361,15.0,0.32778980281854025,0.49586776859504134,0.0001,0.000023076923076923076,14.917355371900827,29.793388429752067,0.0014917355371900829,-3.381896775988489,0,0,17424,726 days 01:00:00,1000.0,86.40332839608254,-91.35966716039175,34.915698157888286,100.0,267.21767612170106,91.76770303863546,725 days 03:00:00,360,1,3.9980358128233178,25.04590464160577,-5.957955217046659,3.0736913959104655,-1.3197243451224665,4 days 02:25:33.333333333,0 days 14:04:07.058823529,-2.548874187268723,-2.462995233725682,-0.7715254246650003,0.9019370293014738,0.13041059173661254,22.975559317337055,0.9976427793759464,0.37779710603305133,-0.0077444583092977125,None,None,-0.00012858292174584938,-0.777669510718897,-0.913596671603918,-0.5725522835351236,0.3799948080332333,-3.616578558654753,1 days 02:43:19.999999998,false
XMR-USD,false,6,86,301,15.0,0.38740417244514114,0.4132231404958678,0.0001,0.000023076923076923076,12.43801652892562,24.834710743801654,0.0012438016528925622,-2.6868340500867482,0,0,17424,726 days 01:00:00,1000.0,139.83285311635768,-86.01671468836423,34.915698157888286,100.0,255.19602194194542,86.7507671242479,722 days 11:00:00,300,1,6.470315032375709,24.360729949531997,-5.957955217046664,3.6345882020520097,-1.3863939639674385,4 days 19:06:40,0 days 17:28:28.235294117,-2.8887915397200565,-1.9474345374747681,-0.7239794242835161,0.9217552200040515,0.13937416209870357,22.992933132937203,0.9970200862956743,0.38162067871868055,-0.007650613360869903,None,None,-0.00010109335235089334,-0.6114125950182029,-0.8601671468836418,-0.49481363028269776,0.37784847595534493,-3.4635541955769544,1 days 08:07:11.999999999,false
XMR-USD,false,3,77,468,14.989293361884368,0.30351961709152775,0.6432506887052342,0.0001,0.00002306045132597595,19.338842975206614,38.63636363636364,0.0019338842975206614,-3.9792183768812928,0,0,17424,726 days 01:00:00,1000.0,58.91271271854475,-94.10872872814554,34.915698157888286,100.0,304.8725480765793,94.38694139564413,725 days 03:00:00,467,1,2.725996088942253,23.465520524001377,-5.957955217046666,2.588395067126028,-1.1517629028188086,3 days 04:48:00,0 days 10:36:43.526448362,-2.0210134547545944,-2.898102617290955,-0.8042923576175379,0.8857535229919681,0.20197289715097633,22.949697078137774,1.0113007587181182,0.373020250571271,-0.007782124845761531,None,None,-0.00015066062438664384,-0.911195456290422,-0.9410872872814552,-0.6257559524647487,0.37839374453276087,-3.695312816103153,0 days 20:31:59.486081368,false
XMR-USD,false,5,72,368,14.986376021798364,0.3411850753772435,0.5055096418732782,0.0001,0.000023055963110459022,15.206611570247935,30.371900826446282,0.0015206611570247935,-3.3993208653793863,0,0,17424,726 days 01:00:00,1000.0,89.04457371570152,-91.09554262842985,34.915698157888286,100.0,272.0358371733709,91.53169845804197,725 days 03:00:00,367,1,4.1202509354847905,25.68281476871424,-4.88346684853649,3.1427249159451347,-1.3060081780284905,3 days 22:17:27.272727272,0 days 14:09:36.923076923,-2.493394215857723,-2.4599691868815463,-0.7686490720754595,0.9023424937277825,0.3010941746836029,22.30154813815013,1.0051746282106329,0.3754045307443366,-0.007685989712521528,None,None,-0.0001271056981888647,-0.7687352626462538,-0.9109554262843002,-0.5680615553273289,0.3760913090864165,-3.6090139230926193,1 days 02:10:08.174386920,false
XMR-USD,false,5,86,328,14.984709480122325,0.35722175839368747,0.45041322314049587,0.0001,0.000023053399200188193,13.553719008264464,27.06611570247934,0.0013553719008264464,-2.965802779441176,0,0,17424,726 days 01:00:00,1000.0,115.20605658128102,-88.4793943418719,34.915698157888286,100.0,259.9043637221764,89.04369367071108,725 days 03:00:00,327,1,5.330789318146159,24.360729949532008,-5.957955217046661,3.415474662797409,-1.3545423666775203,4 days 12:30:36.734693877,0 days 15:31:04.748201438,-2.7220939839047826,-2.1526284189208957,-0.7440992289202192,0.9137380020861565,0.14205223165152192,23.14233606635366,0.9968915853663778,0.3804166996751961,-0.007685989712521666,None,None,-0.00011212854078721356,-0.6781534146810676,-0.88479394341872,-0.5276653618306074,0.37914474868567755,-3.534086356852134,1 days 05:27:09.357798163,false
XMR-USD,false,2,52,670,14.947683109118087,0.30617543641866385,0.9214876033057852,0.0001,0.000022996435552489364,27.685950413223143,55.3305785123967,0.0027685950413223145,-5.252632435453848,0,0,17424,726 days 01:00:00,1000.0,24.489565766557348,-97.55104342334427,34.915698157888286,100.0,372.04436802504165,97.69878147201769,722 days 11:00:00,669,1,1.162938184917106,21.985676742539646,-4.495459400766495,2.167952791718331,-1.0188452324482309,2 days 04:54:36,0 days 07:19:36.801405975,-1.4599004072023343,-3.8694745805549995,-0.864988315114318,0.8506510601886927,0.16882325916312038,22.19660127399958,1.0229092757412426,0.36260556771973723,-0.007858747960249421,None,None,-0.0002010398100252793,-1.2158887710328892,-0.975510434233443,-0.7240467944643496,0.3781708167320355,-3.7939021291288477,0 days 14:08:25.829596411,false
XMR-USD,false,5,77,356,14.929577464788732,0.3409277960676245,0.4889807162534435,0.0001,0.000022968580715059587,14.710743801652892,29.380165289256198,0.0014710743801652894,-3.370673533603368,0,0,17424,726 days 01:00:00,1000.0,89.68786210849441,-91.03121378915056,34.915698157888286,100.0,264.5549358852234,91.47052055734235,725 days 03:00:00,355,1,4.1500170345472185,25.045904641605777,-4.8834668485364965,3.224303602188857,-1.3403998083069772,4 days 01:02:15.849056603,0 days 14:48:04.768211920,-2.5759497321860616,-2.444260747970036,-0.7679882380425067,0.9028058941300788,0.2493917789013143,22.56164057398662,0.99992047238311,0.3768173198482933,-0.00768598971252167,None,None,-0.00012662865688183795,-0.765850116821356,-0.9103121378915063,-0.5669810231218886,0.37708773870962325,-3.607171518596269,1 days 03:04:43.943661970,false
XMR-USD,false,4,86,363,14.917127071823206,0.34018679101926547,0.4986225895316804,0.0001,0.000022949426264343393,15.0,29.958677685950413,0.0015,-3.326836091082745,0,0,17424,726 days 01:00:00,1000.0,89.68590088253143,-91.03140991174685,34.915698157888286,100.0,273.7393352183892,91.45494759266722,725 days 03:00:00,362,1,4.149926285130746,25.045904641605777,-5.9579552170466625,3.1144679601815644,-1.3057736470091823,4 days 02:05:33.333333333,0 days 14:00:11.688311688,-2.5261437165817644,-2.421573061414073,-0.7681225875034873,0.9034509014113595,0.13244374878508036,22.975721207991306,0.9978046058492501,0.37779710603305133,-0.007730822226571311,None,None,-0.00012643979144619843,-0.7647078586666081,-0.9103140991174681,-0.5669843096926503,0.38005297673291627,-3.607177135628339,1 days 02:32:49.060773480,false
XMR-USD,false,4,87,363,14.917127071823206,0.3367810722619413,0.4986225895316804,0.0001,0.000022949426264343393,15.0,29.958677685950413,0.0015,-3.3576046270737208,0,0,17424,726 days 01:00:00,1000.0,87.91077919787551,-91.20892208021245,34.915698157888286,100.0,272.8866050067885,91.62407682787065,725 days 03:00:00,362,1,4.067788244859344,25.04590464160578,-5.957955217046668,3.091290428429996,-1.3081772794216473,4 days 02:20:00,0 days 13:57:39.740259740,-2.5308204669806194,-2.4448738688879224,-0.7699517361814016,0.902575047965742,0.13079738694443993,23.00507301633603,0.9968372808947691,0.37779710603305133,-0.00774445830929771,None,None,-0.00012759778520709248,-0.7717114049324953,-0.9120892208021254,-0.5699784664285781,0.3798784188506669,-3.6122611573672967,1 days 02:32:49.060773480,false
XMR-USD,false,6,85,304,14.85148514851485,0.38543636170786477,0.41735537190082644,0.0001,0.000022848438690022848,12.561983471074381,25.082644628099175,0.001256198347107438,-2.7341083727275617,0,0,17424,726 days 01:00:00,1000.0,135.4473970126412,-86.45526029873588,34.915698157888286,100.0,257.60542625729033,87.16629128677202,722 days 11:00:00,303,1,6.267392171836661,24.36072994953199,-5.957955217046671,3.6600148320246197,-1.3867336847645004,4 days 18:38:40,0 days 17:21:51.627906976,-2.873993383363688,-1.9818236160118294,-0.7273091498301073,0.9204717687261404,0.14055144008308165,22.960320515766995,0.9979751089203325,0.38129211256440754,-0.0076530900364542315,None,None,-0.00010291375134509795,-0.6224223681351524,-0.8645526029873595,-0.5003700838908074,0.37797785330281525,-3.4761143227835922,1 days 07:48:42.772277226,false
XMR-USD,false,5,76,358,14.84593837535014,0.3379744027152548,0.49173553719008267,0.0001,0.00002283990519284637,14.793388429752067,29.545454545454547,0.0014793388429752067,-3.389983781968742,0,0,17424,726 days 01:00:00,1000.0,88.55023322513978,-91.14497667748603,34.915698157888286,100.0,264.1216257120568,91.5787111412835,725 days 03:00:00,357,1,4.0973769210031605,25.04590464160577,-4.883466848536506,3.2427827740335404,-1.3387638027977906,4 days 01:01:07.924528301,0 days 14:41:26.842105263,-2.564557825478614,-2.458394444398575,-0.769159163187568,0.902245094170282,0.24974978846620724,22.563274136393343,0.9999283649616889,0.3764910340469231,-0.007685989712521527,None,None,-0.0001273611102489128,-0.7702799947854246,-0.9114497667748592,-0.568895367780587,0.377088436453315,-3.610429734652011,1 days 02:54:47.394957982,false
XMR-USD,false,3,67,486,14.845360824742269,0.2911732080553837,0.6680440771349863,0.0001,0.000022839016653449645,20.082644628099175,40.12396694214876,0.0020082644628099176,-4.298994837292954,0,0,17424,726 days 01:00:00,1000.0,48.029662452596426,-95.19703375474036,34.915698157888286,100.0,300.12043066492157,95.44449286064905,725 days 02:00:00,485,1,2.222417980046309,23.46552052400138,-5.417866408305687,2.6093560445184045,-1.1722541238849593,3 days 00:40:50,0 days 10:27:44.891041162,-1.9674077433555675,-3.135904811451098,-0.8200049017342848,0.8771586702340713,0.2579690797831511,22.2122423106621,1.0094966761554867,0.3699976413240034,-0.007823194036730296,None,None,-0.00016246290593517352,-0.9825756550959295,-0.9519703375474025,-0.6513670611231863,0.37709371140315495,-3.726482321054007,0 days 19:41:56.288659793,false
XMR-USD,false,3,64,500,14.829659318637276,0.3064173426289053,0.6873278236914601,0.0001,0.000022814860490211192,20.66115702479339,41.28099173553719,0.002066115702479339,-4.316940275434896,0,0,17424,726 days 01:00:00,1000.0,47.39118762897522,-95.26088123710248,34.915698157888286,100.0,309.1987902178083,95.50505078399848,725 days 02:00:00,499,1,2.192874613398182,23.465520524001402,-5.417866408305685,2.602908238060407,-1.1530451694923873,2 days 22:41:21.081081081,0 days 10:09:10.588235294,-1.9134302344377176,-3.148351069009512,-0.8210109099378845,0.8766601961848114,0.2591216011822374,22.184659260145686,1.0104417096514837,0.36988993710691825,-0.00782319403673025,None,None,-0.00016321530965016475,-0.9871261927641964,-0.9526088123710243,-0.6529826696976135,0.3773424662143317,-3.728310939289661,0 days 19:07:48.937875750,false
XMR-USD,false,3,68,487,14.814814814814813,0.29264650572058626,0.6694214876033058,0.0001,0.00002279202279202279,20.123966942148762,40.20661157024794,0.002012396694214876,-4.302496386944482,0,0,17424,726 days 01:00:00,1000.0,47.94619102270974,-95.20538089772903,34.915698157888286,100.0,303.44404451172454,95.45240994095663,725 days 02:00:00,486,1,2.2185556083966063,23.4655205240014,-5.417866408305703,2.608884958212104,-1.1697624951687637,3 days 01:20:50,0 days 10:18:41.739130434,-1.9635233839211685,-3.1383284468100614,-0.8201359195015605,0.877004792801034,0.2585083597033889,22.224994463032758,1.0099634186286177,0.369674579468637,-0.0078356104538136,None,None,-0.00016256597963171213,-0.983199044812595,-0.9520538089772899,-0.6515774788360569,0.3770415536971631,-3.7267213866728843,0 days 19:39:00.740740739,false
XMR-USD,false,5,75,359,14.804469273743019,0.3397960501627805,0.4931129476584022,0.0001,0.000022776106574989258,14.834710743801653,29.62809917355372,0.0014834710743801653,-3.386536685800472,0,0,17424,726 days 01:00:00,1000.0,88.76380199319351,-91.12361980068064,34.915698157888286,100.0,267.1995763341137,91.558400361498,725 days 03:00:00,358,1,4.107259128078212,25.04590464160578,-4.88346684853649,3.2438450921794724,-1.333780075605406,4 days 01:02:15.849056603,0 days 14:38:33.442622950,-2.5568252992594585,-2.4559781787091306,-0.7689385465829639,0.902352106227764,0.24878454412684187,22.568470919337727,1.000824948880107,0.3763823064770932,-0.007685989712521626,None,None,-0.00012722488742217906,-0.769456119129339,-0.9112361980068072,-0.5685347658133091,0.3770557046255635,-3.6098180648893496,1 days 02:50:26.815642457,false
XMR-USD,false,5,73,366,14.794520547945206,0.34074773364497646,0.5027548209366391,0.0001,0.000022760800842992624,15.12396694214876,30.206611570247937,0.0015123966942148762,-3.3998607076099083,0,0,17424,726 days 01:00:00,1000.0,89.06703728215462,-91.09329627178454,34.915698157888286,100.0,271.9836005599768,91.5295621318573,725 days 03:00:00,365,1,4.121290364692314,25.04590464160578,-4.883466848536509,3.180530714512068,-1.3068095956217924,4 days 00:13:20,0 days 14:10:13.504823151,-2.5069979536507887,-2.461008273313904,-0.7686259397622093,0.9022878907477391,0.2996595186335825,22.340750401287874,1.0037431285682565,0.37562169416594304,-0.0076788075908293335,None,None,-0.00012710175396296743,-0.7687114079680271,-0.9109329627178475,-0.5680237375202521,0.37592085029890654,-3.6089495865115446,1 days 02:18:34.520547944,false
XMR-USD,false,3,69,482,14.760914760914762,0.29961286961672684,0.662534435261708,0.0001,0.000022709099632176555,19.917355371900825,39.79338842975207,0.0019917355371900825,-4.213897286511865,0,0,17424,726 days 01:00:00,1000.0,50.73247149113615,-94.92675285088639,34.915698157888286,100.0,304.13802916870566,95.18813740773454,725 days 02:00:00,481,1,2.3474817655727875,23.4655205240014,-5.417866408305696,2.658253755244196,-1.1696332622710284,3 days 02:51:32.957746478,0 days 10:20:38.048780487,-1.9784095847701364,-3.0709908732328115,-0.8158414858259586,0.8794784806585418,0.26143291046689704,22.133168560258834,1.0109892815046744,0.37021310057403484,-0.007835610453813646,None,None,-0.00015929317625655636,-0.9634051299996529,-0.9492675285088643,-0.6446789488273287,0.3775518395506764,-3.718741364461022,0 days 19:52:00.997920996,false
XMR-USD,false,2,54,659,14.74164133738602,0.3097913430894571,0.90633608815427,0.0001,0.000022679448211363106,27.231404958677686,54.421487603305785,0.002723140495867769,-5.156104158746389,0,0,17424,726 days 01:00:00,1000.0,26.27575987480816,-97.37242401251919,34.915698157888286,100.0,369.2624312552155,97.53093762310421,722 days 11:00:00,658,1,1.2477593431997498,21.985676742539646,-4.495459400766528,2.2098850704096615,-1.016570404262784,2 days 06:10:30.927835051,0 days 07:28:33.368983957,-1.4817203639337242,-3.7943323588880955,-0.8607546524980823,0.8532053267457927,0.17580023339365936,22.265647483221898,1.0223372713703354,0.3624990225975448,-0.007858747960249499,None,None,-0.00019701526142230908,-1.1915483010821253,-0.9737242401251927,-0.7172208619136358,0.3779396390969619,-3.788786395511912,0 days 14:21:36.656534953,false
XMR-USD,false,3,71,483,14.730290456431536,0.29645665936264964,0.6639118457300276,0.0001,0.000022661985317586977,19.958677685950413,39.87603305785124,0.0019958677685950415,-4.177657940724819,0,0,17424,726 days 01:00:00,1000.0,52.161129018548536,-94.78388709814514,34.915698157888286,100.0,303.45600833321896,95.05263240450387,725 days 02:00:00,482,1,2.4135882925420304,23.465520524001366,-5.417866408305691,2.646092435881659,-1.1585632482719617,3 days 03:17:44.788732394,0 days 10:15:10.948905109,-1.9714781312738459,-3.040795989097703,-0.8136999714771456,0.8805432666727053,0.2743175427745825,22.17798666845297,1.0123443288816718,0.37042862760519074,-0.007807436686204829,None,None,-0.00015770366313735964,-0.9537917546547511,-0.9478388709814537,-0.6412374121980509,0.3774960762015674,-3.714649630362073,0 days 19:50:02.489626555,false
XMR-USD,false,2,59,646,14.728682170542637,0.3084892067401987,0.8884297520661157,0.0001,0.00002265951103160406,26.694214876033058,53.34710743801653,0.0026694214876033058,-5.083696601487081,0,0,17424,726 days 01:00:00,1000.0,27.632922979037858,-97.23670770209621,34.915698157888286,100.0,364.8416659055964,97.3824182042422,725 days 02:00:00,645,1,1.3122070680845148,22.914551734494683,-5.417866408305688,2.2156323646044123,-1.0201026751234656,2 days 08:54:18.947368421,0 days 07:24:00,-1.5095802854093736,-3.732872553853028,-0.8578414506633224,0.8553399430406923,0.2029303338514559,22.299563093664972,1.022213104653492,0.36388541014402004,-0.007858747960249497,None,None,-0.00019409387420311913,-1.1738797511804644,-0.972367077020962,-0.7122345130984175,0.3784657737043972,-3.7848994243905194,0 days 14:41:29.302325580,false
XMR-USD,false,2,57,647,14.705882352941178,0.3074464824611742,0.8898071625344353,0.0001,0.00002262443438914027,26.735537190082646,53.429752066115704,0.0026735537190082648,-4.999229905913284,0,0,17424,726 days 01:00:00,1000.0,29.27452697126762,-97.07254730287323,34.915698157888286,100.0,361.97071907574593,97.22691410758316,725 days 02:00:00,646,1,1.390162062684027,22.91455173449467,-5.417866408305696,2.2541596177742047,-1.0143544199324894,2 days 08:18:56.842105263,0 days 07:29:10.998185117,-1.504822964537794,-3.667348188069207,-0.8542295167592681,0.8577276627803246,0.20627052564667625,22.259920275879608,1.025066658293714,0.36388541014402004,-0.007835610453813582,None,None,-0.0001907722262363234,-1.1537904242772838,-0.9707254730287319,-0.7064123511967376,0.3786351661619762,-3.7801978028310517,0 days 14:40:01.857585138,false
XMR-USD,false,5,74,362,14.681440443213297,0.3342993062676002,0.4972451790633609,0.0001,0.00002258683145109738,14.958677685950414,29.87603305785124,0.0014958677685950415,-3.420129121985349,0,0,17424,726 days 01:00:00,1000.0,86.58734235970076,-91.34126576402993,34.915698157888286,100.0,267.5330940415264,91.76538564652125,725 days 03:00:00,361,1,4.006550466486132,25.04590464160578,-4.883466848536503,3.2237491356267953,-1.3256329800695572,3 days 23:52:04.528301886,0 days 14:41:52.987012987,-2.5413274462791797,-2.4818295256546454,-0.7712044145475552,0.9013566118268915,0.24058287864425207,22.56403990164345,1.0012970341378091,0.3760562268024955,-0.007685989712521681,None,None,-0.0001286359157937174,-0.7779900187204029,-0.9134126576402989,-0.572236535535837,0.3772664974718053,-3.6160515350713034,1 days 02:36:53.850415512,false
XMR-USD,false,2,56,649,14.660493827160495,0.3079107377615465,0.8925619834710744,0.0001,0.000022554605887939224,26.81818181818182,53.59504132231405,0.0026818181818181823,-5.0763947402835665,0,0,17424,726 days 01:00:00,1000.0,27.65577987206052,-97.23442201279396,34.915698157888286,100.0,361.45879474542943,97.3802530410734,725 days 02:00:00,648,1,1.3132924753937516,22.914551734494687,-5.4178664083056765,2.2783812307187237,-1.02490775525347,2 days 08:00:37.894736842,0 days 07:28:58.155515370,-1.5025578898199567,-3.72916372618749,-0.8577902448875463,0.8553838513479239,0.19667072605961025,22.25628909090363,1.0225172320399862,0.3631385433779238,-0.007858747960249393,None,None,-0.00019403039742901514,-1.1734958436506835,-0.9723442201279408,-0.7121519186542826,0.3787182784527921,-3.784833961305923,0 days 14:35:49.999999999,false
XMR-USD,false,2,58,643,14.641744548286603,0.30849098128072533,0.8842975206611571,0.0001,0.000022525760843517853,26.5702479338843,53.09917355371901,0.00265702479338843,-5.010322239558153,0,0,17424,726 days 01:00:00,1000.0,29.038914877777074,-97.09610851222229,34.915698157888286,100.0,362.74439533243304,97.24923291646371,725 days 02:00:00,642,1,1.378973530271498,22.914551734494673,-5.417866408305678,2.241999145267467,-1.0156659531454304,2 days 09:05:44.680851063,0 days 07:30:19.708029197,-1.5145483779633833,-3.6761302199395693,-0.8547399327257021,0.8574272193583412,0.20524185738896694,22.258206600201525,1.0244872324204175,0.3639921722113503,-0.007843629439158558,None,None,-0.0001912350943586161,-1.1565898506809102,-0.9709610851222227,-0.7072346489964682,0.378647114623848,-3.780872605587179,0 days 14:45:58.878504672,false
XMR-USD,false,2,55,651,14.615384615384617,0.3060355970758277,0.8953168044077136,0.0001,0.000022485207100591717,26.90082644628099,53.760330578512395,0.002690082644628099,-5.092043619262882,0,0,17424,726 days 01:00:00,1000.0,27.40625666993469,-97.25937433300653,34.915698157888286,100.0,360.99090873171804,97.4038896064848,725 days 02:00:00,650,1,1.3014433449297833,22.914551734494662,-5.417866408305681,2.2850688623924293,-1.0238889268750484,2 days 07:48:00,0 days 07:28:51.891891891,-1.498300287192301,-3.739858625373276,-0.8583506932833741,0.854993433164892,0.20084758799830915,22.263855031755032,1.0233369752135308,0.36260556771973723,-0.007843629439158508,None,None,-0.00019455452180038013,-1.176665747848699,-0.9725937433300658,-0.7130560073646834,0.3786553419788027,-3.785548606051096,0 days 14:32:35.076923075,false
XMR-USD,false,3,70,487,14.609053497942387,0.29286298332289784,0.6694214876033058,0.0001,0.000022475466919911363,20.123966942148762,40.20661157024794,0.002012396694214876,-4.253142179417727,0,0,17424,726 days 01:00:00,1000.0,49.35123392330172,-95.06487660766982,34.915698157888286,100.0,301.8632423486943,95.31914473279373,725 days 02:00:00,486,1,2.28356944454616,23.46552052400139,-5.417866408305686,2.6612830582817684,-1.1628092192913864,3 days 02:55:46.478873239,0 days 10:12:26.024096385,-1.9607661224716968,-3.0987116700309567,-0.8179502992291998,0.8784277155827038,0.2689210790211725,22.10259296018277,1.0111156496764553,0.3701053624783771,-0.00784362943915852,None,None,-0.00016085860382158816,-0.9728728359129651,-0.9506487660766988,-0.648066951373619,0.37785143115661085,-3.72269728583939,0 days 19:39:45.185185184,false
XMR-USD,false,5,78,358,14.565826330532214,0.34055425608913675,0.49173553719008267,0.0001,0.000022408963585434174,14.793388429752067,29.545454545454547,0.0014793388429752067,-3.3988311519153203,0,0,17424,726 days 01:00:00,1000.0,86.35592721468038,-91.36440727853197,34.915698157888286,100.0,266.462781182242,91.78739364934091,725 days 03:00:00,357,1,3.9958424757802646,25.045904641605787,-5.957955217046677,3.284834262844633,-1.3390663791411346,4 days 04:08:04.615384615,0 days 14:28:55.081967213,-2.5704199307033586,-2.4723384001720774,-0.7714476608855947,0.9015263081811381,0.1527808456034897,23.28738898302363,0.9989681965392115,0.37736147340131215,-0.007697641618962512,None,None,-0.00012868623861882937,-0.7782943711666801,-0.9136440727853189,-0.5726336899233968,0.37886295040615514,-3.6167143175938636,1 days 02:57:28.739495798,false
XMR-USD,false,2,60,640,14.553990610328638,0.30046304767312687,0.8801652892561983,0.0001,0.00002239075478512098,26.446280991735538,52.85123966942149,0.002644628099173554,-5.083248911897822,0,0,17424,726 days 01:00:00,1000.0,26.469554506886084,-97.35304454931139,34.915698157888286,100.0,361.8394563206598,97.49262052112252,725 days 02:00:00,639,1,1.2569620861076345,22.914551734494683,-5.957955217046661,2.2068282954639895,-1.026702264755352,2 days 09:15:29.032258064,0 days 07:36:29.010989010,-1.5254889007499597,-3.749232448178134,-0.8604836651427339,0.8541938326071161,0.07960166071079722,22.965007609845305,1.017072106894236,0.3647399749373434,-0.007890013932849738,None,None,-0.0001963816456737103,-1.1877161930345999,-0.9735304454931147,-0.716498707406114,0.3812558115135294,-3.7882313596904846,0 days 14:50:02.816901406,false
XMR-USD,false,2,53,668,14.54272863568216,0.3095502675662846,0.918732782369146,0.0001,0.000022373428670280246,27.60330578512397,55.16528925619835,0.002760330578512397,-5.234801769923354,0,0,17424,726 days 01:00:00,1000.0,24.880840943402973,-97.5119159056597,34.915698157888286,100.0,373.6713252556839,97.66201439762035,722 days 11:00:00,667,1,1.1815187039962005,21.985676742539646,-4.495459400766498,2.2214896740484136,-1.0121947361158725,2 days 06:03:42.680412371,0 days 07:23:09.473684210,-1.4637191570623598,-3.856608914658794,-0.8640448742664633,0.8511318441039618,0.1669017154340947,22.267768168336794,1.0216151306870944,0.36271212950653003,-0.007855612549395374,None,None,-0.0002001557001564654,-1.2105416745463027,-0.9751191590565977,-0.7225244100226232,0.3777637720270414,-3.792781500879983,0 days 14:10:26.086956521,false
XMR-USD,false,5,79,353,14.488636363636365,0.34031624363100965,0.48484848484848486,0.0001,0.000022290209790209793,14.586776859504132,29.132231404958677,0.0014586776859504132,-3.3602340988932085,0,0,17424,726 days 01:00:00,1000.0,88.84158163229904,-91.1158418367701,34.915698157888286,100.0,263.5929576461733,91.55100337580559,725 days 03:00:00,352,1,4.110858130436355,25.04590464160577,-5.957955217046678,3.355624987068569,-1.347902233485717,4 days 05:21:10.588235294,0 days 14:49:14.152823920,-2.6001968082333455,-2.4422261382788206,-0.7688582921863648,0.9027046275802775,0.15924506102295977,23.300042891615654,1.0016596726912546,0.3770349296665086,-0.007685989712521702,None,None,-0.00012706773624019253,-0.7685056687806844,-0.9111584183677008,-0.5684035788619458,0.37871051376034803,-3.609595300794089,1 days 03:21:28.636363635,false
XMR-USD,false,3,78,464,14.47084233261339,0.3071162230559831,0.6377410468319559,0.0001,0.000022262834357866754,19.173553719008265,38.30578512396694,0.0019173553719008265,-3.894378314669187,0,0,17424,726 days 01:00:00,1000.0,62.45534097785469,-93.75446590221453,34.915698157888286,100.0,306.01260458277,94.04940847421926,725 days 03:00:00,463,1,2.889919804789322,25.75113285302561,-5.957955217046675,2.7197461311278217,-1.1414933749837268,3 days 07:23:17.014925373,0 days 10:45:45.454545454,-2.0311761961704837,-2.834388521350562,-0.7995494408144541,0.8880643612170572,0.2032012883205476,22.972868106744464,1.011688022822894,0.373020250571271,-0.007769641496193204,None,None,-0.0001473153426079864,-0.8909631920931018,-0.9375446590221452,-0.6180933362370629,0.3783088872923283,-3.6851665826144497,0 days 20:41:35.896328292,false
XMR-USD,false,3,85,433,14.351851851851851,0.34255561012238295,0.5950413223140496,0.0001,0.00002207977207977208,17.892561983471076,35.743801652892564,0.0017892561983471078,-3.4453645552106016,0,0,17424,726 days 01:00:00,1000.0,84.09742107806505,-91.59025789219349,34.915698157888286,100.0,311.2015052280313,91.9874042256114,725 days 03:00:00,432,1,3.8913373764365105,25.682814768714223,-5.957955217046662,2.96492156579949,-1.1458054641612425,3 days 16:28:03.870967741,0 days 11:06:19.459459459,-2.1291525840240064,-2.4998770713250194,-0.773970102683164,0.9006246689077274,0.20622697321099673,22.799401929751998,1.0092588590948317,0.3765997787960183,-0.007762506178882249,None,None,-0.00013019524050365705,-0.7874208145661179,-0.9159025789219346,-0.5765467324126299,0.37908307888146076,-3.6231827723456553,0 days 22:12:29.999999999,false
XMR-USD,false,2,67,596,14.285714285714285,0.28805902734059546,0.8195592286501377,0.0001,0.000021978021978021977,24.62809917355372,49.214876033057855,0.002462809917355372,-4.852752998156545,0,0,17424,726 days 01:00:00,1000.0,31.4249920036126,-96.85750079963874,34.915698157888286,100.0,338.18912091102845,97.02320716983543,725 days 02:00:00,595,1,1.4922813866966074,25.31254692896833,-5.957955217046659,2.2990476140079137,-1.0466006766993774,2 days 14:52:56.470588235,0 days 08:11:59.999999999,-1.6303651922404785,-3.568386974518646,-0.8496866607409554,0.861074414539008,0.11493052405039421,22.920793192461257,1.0143258148218777,0.36784676976214775,-0.007867296576366789,None,None,-0.00018657916230694396,-1.128430773632397,-0.9685750079963878,-0.6990994575640275,0.3805827831974612,-3.774038782259215,0 days 16:00:42.352941175,false
XMR-USD,false,3,84,435,14.285714285714285,0.34139333660884275,0.5977961432506887,0.0001,0.000021978021978021977,17.975206611570247,35.909090909090914,0.0017975206611570247,-3.4857933759039392,0,0,17424,726 days 01:00:00,1000.0,82.12232171884057,-91.78776782811595,34.915698157888286,100.0,310.79584586364626,92.17558684259137,725 days 03:00:00,434,1,3.799946013179351,25.682814768714223,-5.957955217046678,2.9503469551265127,-1.1437120363033817,3 days 16:18:23.225806451,0 days 11:04:50.322580645,-2.1236811619685216,-2.5298892555608132,-0.7761014158459529,0.8995029190374998,0.208315199934638,22.902344266434856,1.0081449155494702,0.3768173198482933,-0.007749495144909721,None,None,-0.00013158942351286477,-0.7958528334058061,-0.91787767828116,-0.5800253866943965,0.3785972177091241,-3.628839538394821,0 days 22:06:46.451612902,false
XMR-USD,false,5,81,351,14.285714285714285,0.34462204311211353,0.4820936639118457,0.0001,0.000021978021978021977,14.50413223140496,28.96694214876033,0.001450413223140496,-3.2799949322427104,0,0,17424,726 days 01:00:00,1000.0,93.23109419363925,-90.67689058063607,34.915698157888286,100.0,267.2899182118473,91.1335527166523,725 days 03:00:00,350,1,4.313968690490569,25.04590464160577,-5.957955217046665,3.4090890274609182,-1.3338159987654228,4 days 06:36:00,0 days 15:01:36,-2.603093927133859,-2.383612508490341,-0.7644065302954672,0.9049518177209146,0.15246331798868823,23.155986907869263,1.0001003888567006,0.37845107190886795,-0.00770595531360746,None,None,-0.00012425492420813146,-0.7514937816107791,-0.9067689058063616,-0.5611183639687849,0.37943369693974777,-3.597023555725464,1 days 03:32:13.714285714,false
XMR-USD,false,5,82,346,14.202898550724639,0.3447533308824628,0.47520661157024796,0.0001,0.000021850613154960984,14.297520661157025,28.553719008264462,0.0014297520661157026,-3.2848563769888766,0,0,17424,726 days 01:00:00,1000.0,92.97996647502566,-90.70200335249743,34.915698157888286,100.0,264.3430295942201,91.15743542121268,725 days 03:00:00,345,1,4.302348563913895,25.045904641605777,-5.95795521704667,3.4791578959249914,-1.3529240064944348,4 days 08:50:12.244897959,0 days 15:12:09.729729729,-2.641514150982281,-2.389306650784599,-0.7646572179218397,0.9047875801407054,0.1390164990389754,23.162802422266864,0.9975911527016144,0.37877828770375055,-0.007703282521904018,None,None,-0.00012443203934988447,-0.7525649739881013,-0.907020033524973,-0.5615290430376507,0.37906900150156553,-3.5977427958720534,1 days 03:55:59.999999998,false
XMR-USD,false,2,61,642,14.19656786271451,0.29306362990799634,0.8829201101928374,0.0001,0.0000218408736349454,26.528925619834713,53.01652892561984,0.0026528925619834715,-5.106479295981484,0,0,17424,726 days 01:00:00,1000.0,25.96393404368939,-97.40360659563106,34.915698157888286,100.0,356.39097610767766,97.54051639232767,725 days 02:00:00,641,1,1.2329516422585378,22.914551734494687,-5.957955217046671,2.2398327660018693,-1.0202257836523203,2 days 09:48:07.912087912,0 days 07:41:46.909090909,-1.521480526674839,-3.767680004115052,-0.8616547234743139,0.8536092488464592,0.07585437924587672,22.91939605186006,1.0177014794764567,0.365167659041053,-0.007892064534384714,None,None,-0.00019747287597724595,-1.1943159539103836,-0.9740360659563118,-0.7183901822533638,0.3814972267965097,-3.7896794775568674,0 days 14:48:34.820592823,false
XMR-USD,false,3,87,431,14.186046511627906,0.34154476200841843,0.5922865013774105,0.0001,0.00002182468694096601,17.8099173553719,35.578512396694215,0.0017809917355371902,-3.4999620110529253,0,0,17424,726 days 01:00:00,1000.0,81.1349106942015,-91.88650893057985,34.915698157888286,100.0,312.05891797485776,92.26966494037576,725 days 03:00:00,430,1,3.7542567473633284,25.682814768714223,-5.9579552170466545,2.966803969461644,-1.1508033555271504,3 days 17:17:42.295081967,0 days 11:14:57.560975609,-2.145626386170144,-2.543254940625748,-0.7771802893591315,0.89902136709981,0.18896727498010157,22.856053870129465,1.0078393509086163,0.3765997787960183,-0.007730822226571286,None,None,-0.000132283062722669,-0.8000479633467021,-0.9188650893057976,-0.5817849766828188,0.3785927464652883,-3.6316675243058403,0 days 22:19:15.348837208,false
XMR-USD,false,2,65,608,14.168039538714991,0.2931355375547051,0.8360881542699724,0.0001,0.00002179698390571537,25.123966942148762,50.20661157024794,0.002512396694214876,-4.857213657203868,0,0,17424,726 days 01:00:00,1000.0,31.40379749656995,-96.859620250343,34.915698157888286,100.0,344.509490463132,97.0252148602939,725 days 02:00:00,607,1,1.4912749212580145,22.914551734494687,-5.957955217046675,2.309008447535025,-1.0309995077437213,2 days 13:29:18.139534883,0 days 08:08:31.324376199,-1.5981671786238638,-3.570877550604623,-0.8497304560919058,0.8610102516765773,0.11508481109372558,22.95668789646851,1.0178082330344176,0.36763205399890114,-0.007843629439158555,None,None,-0.00018662827700545537,-1.128727819328994,-0.9685962025034301,-0.6991699115806188,0.38041745245761566,-3.7740994842017814,0 days 15:42:00.593080724,false
XMR-USD,false,2,66,601,14.166666666666666,0.291570545695195,0.8264462809917356,0.0001,0.000021794871794871792,24.834710743801654,49.62809917355372,0.0024834710743801653,-4.823630329677368,0,0,17424,726 days 01:00:00,1000.0,32.0710973606931,-96.79289026393069,34.915698157888286,100.0,342.7612793219778,96.96200359675989,725 days 02:00:00,600,1,1.522963049180639,22.91455173449468,-5.9579552170466785,2.3098179024451224,-1.0348467957505956,2 days 14:24:00,0 days 08:12:41.941747572,-1.6157531094808086,-3.5458398490698637,-0.8483604947436635,0.8619463135810032,0.11431021594104243,22.912004364201074,1.0169752750379641,0.36795415292824624,-0.00785561254939546,None,None,-0.00018541014425361462,-1.1213605524458612,-0.9679289026393058,-0.6969664219349603,0.38060309862183617,-3.7721883098609292,0 days 15:53:17.999999999,false
XMR-USD,false,5,80,354,14.164305949008499,0.33975473398725486,0.48622589531680444,0.0001,0.000021791239921551537,14.62809917355372,29.214876033057852,0.001462809917355372,-3.3441329270933178,0,0,17424,726 days 01:00:00,1000.0,89.50277811123283,-91.04972218887671,34.915698157888286,100.0,266.0572051509869,91.48812238341662,725 days 03:00:00,353,1,4.1414528685229755,25.04590464160577,-5.957955217046663,3.3830044652922817,-1.3302493343561987,4 days 06:19:12,0 days 14:52:52.277227722,-2.591044404411585,-2.4313139496810936,-0.7681780302131151,0.9031075978433768,0.15262937497516102,23.23754031606113,1.0005516399320666,0.3772526082832754,-0.007697641618962485,None,None,-0.0001266195926226807,-0.765795296181973,-0.9104972218887675,-0.5672913889782685,0.37906860269523057,-3.6077016068002186,1 days 03:15:58.640226627,false
XMR-USD,false,2,62,637,14.150943396226415,0.28934898444852053,0.8760330578512396,0.0001,0.00002177068214804064,26.322314049586776,52.60330578512397,0.0026322314049586778,-5.052440340872133,0,0,17424,726 days 01:00:00,1000.0,27.1367214050955,-97.28632785949046,34.915698157888286,100.0,351.9909447800003,97.42942185304057,725 days 02:00:00,636,1,1.28864389986607,22.914551734494673,-5.957955217046667,2.2416236516748644,-1.0160500928740035,2 days 10:42:00,0 days 07:44:23.736263736,-1.531685412727628,-3.722379115113879,-0.8589597038082047,0.8554078148280554,0.09429084715632441,22.89652603600812,1.019852909105972,0.36570264127282703,-0.007890013932850014,None,None,-0.00019495630319465412,-1.179095721721268,-0.9728632785949051,-0.7140386638266027,0.3812190743789947,-3.786320566169494,0 days 14:57:04.528301885,false
XMR-USD,false,3,79,457,14.035087719298245,0.3130513832326431,0.628099173553719,0.0001,0.000021592442645074223,18.884297520661157,37.72727272727273,0.0018884297520661158,-3.8309618351817996,0,0,17424,726 days 01:00:00,1000.0,65.12819230404511,-93.4871807695955,34.915698157888286,100.0,306.2325928462607,93.79474576319589,725 days 03:00:00,456,1,3.013597393637312,25.75113285302561,-5.957955217046668,2.8539858365024697,-1.1436729336827334,3 days 11:25:18.750000,0 days 10:49:44.693877551,-2.056766239231561,-2.787885955584153,-0.796090271673197,0.8898024286851266,0.20163314811660946,22.965018882730867,1.0093057276672899,0.3739946380697051,-0.007769641496193273,None,None,-0.0001449090345695441,-0.8764098410766027,-0.9348718076959533,-0.6124979228069893,0.37833664066996403,-3.6775114261455637,0 days 21:01:03.157894736,false
XMR-USD,false,3,80,457,14.035087719298245,0.31828501442906454,0.628099173553719,0.0001,0.000021592442645074223,18.884297520661157,37.72727272727273,0.0018884297520661158,-3.7863857964265106,0,0,17424,726 days 01:00:00,1000.0,67.24092845149664,-93.27590715485033,34.915698157888286,100.0,309.41475745184414,93.59344945100887,725 days 03:00:00,456,1,3.1113574560949644,25.75113285302562,-5.957955217046669,2.8584638482354463,-1.136376670446557,3 days 11:26:15,0 days 10:48:49.591836734,-2.0523474320276263,-2.7538610131462122,-0.7934236965413279,0.8910637578030499,0.2056600129162643,22.985613712934327,1.0101979675135342,0.3738863045020895,-0.007767265497249521,None,None,-0.00014308632807498326,-0.8653861121974987,-0.9327590715485033,-0.608180278734399,0.37819350441985117,-3.6714604626565963,0 days 21:00:23.684210525,false
XMR-USD,false,2,64,621,14.032258064516128,0.2884459015398089,0.8539944903581267,0.0001,0.000021588089330024813,25.66115702479339,51.28099173553719,0.002566115702479339,-4.941339140946709,0,0,17424,726 days 01:00:00,1000.0,29.674592841431263,-97.03254071585687,34.915698157888286,100.0,344.98416206374804,97.18901709829326,725 days 02:00:00,620,1,1.4091600261975543,22.914551734494687,-5.957955217046671,2.2958618744094625,-1.020583023140502,2 days 13:12:24.827586206,0 days 07:51:40.187617260,-1.5673138180399468,-3.6338936722518573,-0.853368750587603,0.8587032416353401,0.11619189079492576,22.97599805437228,1.0203306826198053,0.3661309290474324,-0.007855612549395355,None,None,-0.00018988288895067205,-1.1484117123736646,-0.9703254071585691,-0.7050259432471643,0.3803396121188248,-3.7790519976738572,0 days 15:20:48.387096772,false
XMR-USD,false,2,68,588,13.969335604770016,0.2787323013097969,0.8085399449035813,0.0001,0.000021491285545800026,24.297520661157026,48.553719008264466,0.0024297520661157026,-4.80469920918886,0,0,17424,726 days 01:00:00,1000.0,32.50476047292534,-96.74952395270746,34.915698157888286,100.0,334.6059487416737,96.92092402407296,725 days 02:00:00,587,1,1.543556447912632,24.34396520284043,-5.957955217046676,2.3467452496727326,-1.0446958161406377,2 days 16:08:46.829268292,0 days 08:27:26.732673267,-1.6508327018313231,-3.5326477826601344,-0.8474798904383547,0.8623233523479197,0.11422400764394845,22.95328050973155,1.0122606750659897,0.36859880615771284,-0.007867296576366839,None,None,-0.00018464876812812015,-1.1167557496388707,-0.9674952395270744,-0.6955504283944991,0.3804556342507958,-3.7709462808163683,0 days 16:14:12.470187392,false
XMR-USD,false,3,81,452,13.968957871396896,0.32063359334998,0.6212121212121212,0.0001,0.000021490704417533685,18.677685950413224,37.31404958677686,0.0018677685950413225,-3.7537853184674437,0,0,17424,726 days 01:00:00,1000.0,68.63856152228993,-93.136143847771,34.915698157888286,100.0,307.25683118902435,93.46028640398991,725 days 03:00:00,451,1,3.176028426229422,25.75113285302562,-5.957955217046669,2.9153750317290354,-1.144191739913052,3 days 12:53:20,0 days 10:56:26.597938144,-2.0721451594322358,-2.7294495099167415,-0.791690935128636,0.8920486350730246,0.20496714562143034,22.94720159852558,1.010600170189086,0.37453656227814147,-0.007767265497249581,None,None,-0.0001418933111970859,-0.8581707461199756,-0.93136143847771,-0.6053725101917191,0.3783944890997654,-3.667457583881345,0 days 21:16:13.835920176,false
XMR-USD,false,3,88,426,13.882352941176471,0.341244137507677,0.5853994490358126,0.0001,0.000021357466063348415,17.60330578512397,35.16528925619835,0.001760330578512397,-3.443582264836281,0,0,17424,726 days 01:00:00,1000.0,84.16707524964568,-91.58329247503542,34.915698157888286,100.0,308.52365526504985,91.98076774718305,725 days 03:00:00,425,1,3.8945603989479736,25.68281476871422,-5.957955217046644,3.0273172308227783,-1.1440404447971046,3 days 19:33:33.559322033,0 days 11:28:01.967213114,-2.164064670939541,-2.500968451455206,-0.7738955775835533,0.9006254959496081,0.19039192840375826,22.799478681014346,1.0084814435559868,0.37670854072845067,-0.007721318424088499,None,None,-0.00013016330724995666,-0.7872276822477379,-0.9158329247503549,-0.576425032141235,0.37882471555794567,-3.6229832799246084,0 days 22:35:09.176470586,false
XMR-USD,false,3,86,434,13.856812933025402,0.33541694292753377,0.5964187327823691,0.0001,0.000021318173743116006,17.933884297520663,35.82644628099174,0.0017933884297520663,-3.5329185344383687,0,0,17424,726 days 01:00:00,1000.0,79.1604333493716,-92.08395666506284,34.915698157888286,100.0,308.61308072333003,92.45778829335144,725 days 03:00:00,433,1,3.6628941658195657,25.68281476871423,-5.9579552170466785,3.0215323208102722,-1.1459378575757244,3 days 17:42:00,0 days 11:17:41.662198391,-2.135109609275861,-2.565796581012644,-0.779365263395438,0.8981326045464048,0.20079976853995396,22.800783770076308,1.0080426189146956,0.3762735960824579,-0.00776250617888235,None,None,-0.0001336607222186376,-0.8083800479783201,-0.9208395666506279,-0.5853459302334165,0.37917485179410165,-3.6373225088801178,0 days 22:09:33.672055426,false
XMR-USD,false,3,83,442,13.83219954648526,0.3338416038803597,0.6074380165289256,0.0001,0.000021280306994592707,18.264462809917354,36.48760330578512,0.0018264462809917355,-3.670301247913963,0,0,17424,726 days 01:00:00,1000.0,72.51946841929418,-92.74805315807059,34.915698157888286,100.0,310.03728223353147,93.09052312462771,725 days 03:00:00,441,1,3.3556048968177805,25.682814768714202,-5.957955217046657,3.015517893143204,-1.1546271638224703,3 days 16:09:50.163934426,0 days 11:06:18.947368421,-2.1107395384977896,-2.6679853256836887,-0.7870026797252214,0.8943332919471202,0.20423501901376434,22.92786755986524,1.0078397656466465,0.37573030159482085,-0.00776726549724955,None,None,-0.0001387316496130626,-0.8390490168598026,-0.9274805315807056,-0.5977667021528572,0.3784862076941398,-3.656342506418323,0 days 21:45:51.020408162,false
XMR-USD,false,3,82,450,13.808463251670378,0.3254110573899955,0.6184573002754821,0.0001,0.000021243789617954426,18.59504132231405,37.14876033057851,0.001859504132231405,-3.717434732091529,0,0,17424,726 days 01:00:00,1000.0,70.30010255351942,-92.96998974464806,34.915698157888286,100.0,310.5282928444551,93.30197885454147,725 days 03:00:00,449,1,3.2529108874799846,25.682814768714223,-5.957955217046667,2.9768885757470507,-1.143234945651811,3 days 14:28:03.870967741,0 days 10:57:21.860465116,-2.0778458982939,-2.7027430821112213,-0.7896620759753967,0.893053888933089,0.20462427840893904,22.941508525946304,1.0104621095016966,0.3751874358771999,-0.007767265497249583,None,None,-0.00014051856284733638,-0.8498562681006904,-0.9296998974464808,-0.6020827142146358,0.3784311515782082,-3.6626988618196634,0 days 21:22:59.064587972,false
XMR-USD,false,2,63,630,13.672496025437203,0.29027640293214424,0.8663911845730028,0.0001,0.00002103460926990339,26.03305785123967,52.02479338842976,0.002603305785123967,-5.08248865173888,0,0,17424,726 days 01:00:00,1000.0,26.575147642505385,-97.34248523574946,34.915698157888286,100.0,348.60938036601283,97.48261800818659,725 days 02:00:00,629,1,1.2619763967184454,22.914551734494683,-5.9579552170466625,2.3385439043166736,-1.0242120375080348,2 days 13:21:37.674418604,0 days 07:47:37.458563535,-1.5495816037427854,-3.7462490775971315,-0.8602408748264989,0.854512119954068,0.09171945025702388,22.921751473219043,1.0187074576076902,0.3653816016298385,-0.007890013932849833,None,None,-0.0001961615194592038,-1.1863848696892645,-0.9734248523574951,-0.7161066782380902,0.3811317352675146,-3.787928936593739,0 days 15:07:03.529411762,false
XMR-USD,false,3,89,423,13.507109004739338,0.32546261543640514,0.581267217630854,0.0001,0.000020780167699598983,17.479338842975206,34.917355371900825,0.0017479338842975208,-3.5260492744047447,0,0,17424,726 days 01:00:00,1000.0,78.4019385148697,-92.15980614851304,34.915698157888286,100.0,298.6795537552435,92.53005581865627,725 days 03:00:00,422,1,3.627797259618447,25.045904641605777,-5.957955217046675,3.062914642687327,-1.1559452636516656,3 days 20:11:34.736842105,0 days 11:55:43.561643835,-2.1924783382576996,-2.5676891996023303,-0.7802146509038135,0.8980265409405112,0.13436262246296035,22.977264850498578,1.0060909506889049,0.3769261161596207,-0.007750879538365408,None,None,-0.00013414239510872383,-0.8112932056175617,-0.9215980614851317,-0.5867292830189195,0.3802607902280475,-3.639494869378459,0 days 22:46:12.511848339,false
XMR-USD,false,2,75,572,13.485113835376533,0.27575962336179494,0.7865013774104683,0.0001,0.00002074632897750236,23.636363636363637,47.231404958677686,0.0023636363636363638,-4.63326198725975,0,0,17424,726 days 01:00:00,1000.0,37.13782680905058,-96.28621731909494,34.915698157888286,100.0,332.6259321567317,96.48204790122551,725 days 02:00:00,571,1,1.7635672805625475,24.343965202840412,-5.957955217046667,2.4073875764784955,-1.0273023730885855,2 days 21:06:14.025974025,0 days 08:34:36.923076923,-1.6893620673756773,-3.3990227814793093,-0.8385087862515521,0.8674302556811916,0.14738448546025973,22.923930467601988,1.0126769602084493,0.3706442224494611,-0.007843629439158515,None,None,-0.00017708280736727236,-1.0709968189572632,-0.9628621731909486,-0.6811391832915651,0.37921042429016644,-3.757676987688748,0 days 16:44:20.595446584,false
XMR-USD,false,2,74,573,13.461538461538462,0.2701341060900514,0.7878787878787878,0.0001,0.00002071005917159763,23.677685950413224,47.31404958677686,0.0023677685950413223,-4.693072944690953,0,0,17424,726 days 01:00:00,1000.0,35.59659029330919,-96.44034097066908,34.915698157888286,100.0,329.1904089634667,96.62804449556432,725 days 02:00:00,572,1,1.6903784452344084,24.343965202840412,-5.957955217046665,2.3956568298716583,-1.0321881525447565,2 days 21:04:40.519480519,0 days 08:33:20,-1.6889751541117484,-3.4445957393402535,-0.8414090610161337,0.8657376567289631,0.1461915340615237,22.90033437392294,1.0125414497739462,0.3699976413240034,-0.00786622685710403,None,None,-0.00017950801554313952,-1.0856644780049078,-0.964403409706691,-0.6857958354107428,0.3793180681873834,-3.76209115265481,0 days 16:42:10.069930069,false
XMR-USD,false,2,69,588,13.458262350936966,0.27599156035124994,0.8085399449035813,0.0001,0.00002070501900144149,24.297520661157026,48.553719008264466,0.0024297520661157026,-4.808013841480258,0,0,17424,726 days 01:00:00,1000.0,32.508364882070964,-96.7491635117929,34.915698157888286,100.0,336.5177248059232,96.92058258948168,725 days 02:00:00,587,1,1.543727610809892,24.343965202840405,-5.957955217046667,2.4285160005683792,-1.0372210646962037,2 days 17:50:53.164556962,0 days 08:30:28.346456692,-1.6508268530302197,-3.5350264666263596,-0.8474726027221134,0.8621403729343922,0.1146885952875577,23.015404713970028,1.0123576228144073,0.36816896984924624,-0.007862563682712206,None,None,-0.00018465739933179313,-1.1168079511586848,-0.9674916351179292,-0.6955387111429132,0.38021740147200256,-3.770935957639872,0 days 16:13:29.540034070,false
XMR-USD,false,2,70,583,13.402061855670103,0.27896872927836347,0.8016528925619835,0.0001,0.000020618556701030927,24.09090909090909,48.1404958677686,0.002409090909090909,-4.740102407030149,0,0,17424,726 days 01:00:00,1000.0,34.080144398313905,-96.59198556016861,34.915698157888286,100.0,336.7391154086175,96.77169275065486,725 days 02:00:00,582,1,1.6183668443158439,24.34396520284041,-5.957955217046659,2.4695178488101828,-1.0375827632057366,2 days 18:40:00,0 days 08:35:00,-1.6624368083264616,-3.483516770438741,-0.8443425345204298,0.8639870131519861,0.11488738894583524,23.024450918810068,1.0127725004978507,0.36849132176234983,-0.007843629439158582,None,None,-0.00018195035949929422,-1.1004357742517314,-0.9659198556016864,-0.690507903832271,0.3801832305090581,-3.766434316260298,0 days 16:22:03.711340205,false
XMR-USD,false,2,76,563,13.345195729537366,0.27792824787328246,0.7741046831955923,0.0001,0.000020531070353134407,23.264462809917354,46.48760330578513,0.0023264462809917358,-4.538084405002975,0,0,17424,726 days 01:00:00,1000.0,39.79918840784205,-96.02008115921579,34.915698157888286,100.0,329.45708324761335,96.22994530324091,725 days 02:00:00,562,1,1.8899475952079285,23.465520524001384,-5.957955217046665,2.4710215663731683,-1.0282276671479127,2 days 22:08:47.999999999,0 days 08:49:53.839835728,-1.7119052654579432,-3.324929769053589,-0.8336783460289234,0.8701833067347883,0.15786383069668386,22.916741521865166,1.0149676260217284,0.3706442224494611,-0.007823194036730248,None,None,-0.0001731254414242327,-1.0470626697337593,-0.9602008115921569,-0.6733867367150421,0.37899751441849405,-3.7500547382731506,0 days 17:00:51.245551599,false
XMR-USD,false,2,77,559,13.261648745519713,0.27486746072939905,0.768595041322314,0.0001,0.000020402536531568792,23.09917355371901,46.15702479338843,0.002309917355371901,-4.5501988925578205,0,0,17424,726 days 01:00:00,1000.0,39.46796964672126,-96.05320303532787,34.915698157888286,100.0,326.9885467737422,96.26132063766299,725 days 02:00:00,558,1,1.8742189804769964,23.465520524001388,-5.9579552170466785,2.472144507107561,-1.0314485436100571,2 days 23:47:01.621621621,0 days 08:46:36.694214876,-1.7247423823185581,-3.3347367054034653,-0.8342678931024329,0.8698059240695024,0.15661878481490887,22.9284863377017,1.012620897601488,0.3708598851388561,-0.007843629439158633,None,None,-0.00017360865060212635,-1.0499851188416602,-0.9605320303532797,-0.6743327500618169,0.37893764868621027,-3.751003362469702,0 days 17:07:57.419354838,false
XMR-USD,false,2,84,544,13.259668508287293,0.27954702805149967,0.7479338842975206,0.0001,0.00002039949001274968,22.479338842975206,44.917355371900825,0.0022479338842975208,-4.29442761594493,0,0,17424,726 days 01:00:00,1000.0,47.18698937551483,-95.28130106244852,34.915698157888286,100.0,332.0742295056599,95.53012164222856,725 days 02:00:00,543,1,2.2407727560038424,23.46552052400137,-5.957955217046656,2.4459423046053934,-1.0085962240116617,3 days 01:01:39.999999999,0 days 09:11:27.898089171,-1.7588467465570683,-3.1341980725619205,-0.821285505510889,0.8772059071755228,0.19176700513233602,22.81619576242568,1.0170395760994806,0.37258763292634894,-0.00781352470612056,None,None,-0.00016333627776045852,-0.9878578078952531,-0.9528130106244848,-0.6535023742308039,0.37932735210425794,-3.7288957715119384,0 days 17:39:20.220994474,false
XMR-USD,false,2,72,577,13.194444444444445,0.2755376936248747,0.7933884297520661,0.0001,0.0000202991452991453,23.84297520661157,47.64462809917355,0.002384297520661157,-4.762005423900188,0,0,17424,726 days 01:00:00,1000.0,33.58966021543608,-96.64103397845639,34.915698157888286,100.0,334.31458628853784,96.81815480858424,725 days 02:00:00,576,1,1.5950751783547368,24.34396520284042,-5.957955217046679,2.4681975792485886,-1.0390154427604015,2 days 20:26:03.157894736,0 days 08:40:12,-1.6805649565328495,-3.502543765991466,-0.8453092068106621,0.8633501177349611,0.10848513808886631,23.080307370260947,1.0111638942807222,0.36892136067248016,-0.007866226857103812,None,None,-0.00018280062469071438,-1.1055781781294407,-0.9664103397845644,-0.6920612351640574,0.37988491571812905,-3.767839083195388,0 days 16:33:19.999999999,false
XMR-USD,false,2,73,578,13.171577123050259,0.2704055980010326,0.7947658402203857,0.0001,0.00002026396480469271,23.884297520661157,47.72727272727273,0.0023884297520661156,-4.729397364715952,0,0,17424,726 days 01:00:00,1000.0,34.74746709900796,-96.5252532900992,34.915698157888286,100.0,331.75155844345625,96.70847932388288,725 days 02:00:00,577,1,1.6500560566806683,24.34396520284042,-5.957955217046685,2.448752085854721,-1.0275948632475567,2 days 20:53:41.052631578,0 days 08:36:02.874251497,-1.675741055385915,-3.4718029999761377,-0.8430415359394793,0.8647159580162813,0.14695201920368084,22.91622277007399,1.013405145945021,0.3692440672638692,-0.007878044935141425,None,None,-0.00018089709142546405,-1.0940656089412066,-0.9652525329009923,-0.6884178006775992,0.3792577413490999,-3.7645230765145636,0 days 16:32:32.859618717,false
XMR-USD,false,2,78,556,13.153153153153152,0.2786293689397742,0.7644628099173554,0.0001,0.000020235620235620234,22.975206611570247,45.909090909090914,0.002297520661157025,-4.4873319604594695,0,0,17424,726 days 01:00:00,1000.0,41.175361442857934,-95.8824638557142,34.915698157888286,100.0,328.98798935360406,96.0995846647011,725 days 02:00:00,555,1,1.9552980463644758,23.465520524001377,-5.957955217046691,2.5265213032218194,-1.0300578871383077,3 days 00:50:57.534246575,0 days 08:49:40.082987551,-1.731135020907222,-3.286624527304722,-0.8312623948278095,0.871612983435237,0.15801294673292282,22.893787114826196,1.013773965694319,0.37161523929471035,-0.007823194036730163,None,None,-0.0001711696150313326,-1.0352338317094996,-0.9588246385571423,-0.6695102909773336,0.37908318975008776,-3.7461133219257166,0 days 17:14:55.135135134,false
XMR-USD,false,2,71,580,13.126079447322972,0.2738252647179762,0.7975206611570248,0.0001,0.00002019396838049688,23.96694214876033,47.892561983471076,0.002396694214876033,-4.854020446243302,0,0,17424,726 days 01:00:00,1000.0,31.5185874083586,-96.84814125916415,34.915698157888286,100.0,333.59971032143216,97.01434116504049,725 days 02:00:00,579,1,1.4967259599957004,24.343965202840405,-5.957955217046672,2.4653828444876402,-1.0449122779483173,2 days 20:16:34.736842105,0 days 08:37:48.787276341,-1.6752644879993714,-3.572834312087296,-0.8494934837135929,0.8607710804040953,0.10752969691298207,23.089227018846103,1.009584839987918,0.3683838542484687,-0.007887120226823448,None,None,-0.00018645403128768144,-1.1276739812278973,-0.9684814125916414,-0.6987887015547565,0.3798541236285802,-3.7737707211586677,0 days 16:27:33.886010361,false
XMR-USD,false,2,80,557,12.949640287769784,0.27456602784836304,0.7658402203856749,0.0001,0.000019922523519645823,23.016528925619834,45.99173553719008,0.0023016528925619835,-4.460748726379432,0,0,17424,726 days 01:00:00,1000.0,42.34881461899943,-95.76511853810005,34.915698157888286,100.0,333.8678955028775,95.98842705483219,725 days 02:00:00,556,1,2.0110219215754697,23.4655205240014,-5.957955217046671,2.4914977866638237,-1.010127525742386,3 days 00:56:40,0 days 08:54:17.851239669,-1.7260111642132687,-3.2610705821586174,-0.8292435006033968,0.8725238365379137,0.1846460455390668,22.94216396054026,1.016586558275282,0.3706442224494611,-0.007835610453813594,None,None,-0.00016959269446695113,-1.0256966161361205,-0.9576511853810009,-0.6662711586200842,0.3785339929027607,-3.742752503617472,0 days 17:11:52.230215826,false
XMR-USD,false,2,81,550,12.932604735883423,0.2767288171879059,0.756198347107438,0.0001,0.00001989631497828219,22.727272727272727,45.413223140495866,0.0022727272727272726,-4.338706081511232,0,0,17424,726 days 01:00:00,1000.0,46.090377359054514,-95.39096226409455,34.915698157888286,100.0,332.7381770286072,95.6340003254021,725 days 02:00:00,549,1,2.1886978437682245,23.465520524001384,-5.957955217046658,2.5094552462149604,-1.0028655145808918,3 days 01:27:53.239436619,0 days 09:06:01.506276150,-1.7415269954184183,-3.166132658949483,-0.8230405590113223,0.8759562151699282,0.19879646535361162,22.933609449388168,1.0172155242914152,0.3713993388950102,-0.007823194036730324,None,None,-0.00016472535357193904,-0.9962589384030873,-0.9539096226409459,-0.6563187782995923,0.37869475070077824,-3.7320365135687097,0 days 17:25:27.868852457,false
XMR-USD,false,2,79,559,12.903225806451612,0.27315642705529175,0.768595041322314,0.0001,0.00001985111662531017,23.09917355371901,46.15702479338843,0.002309917355371901,-4.492343243391012,0,0,17424,726 days 01:00:00,1000.0,41.286057365145325,-95.87139426348547,34.915698157888286,100.0,330.8738612187944,96.08909878048017,725 days 02:00:00,558,1,1.9605546734590433,23.46552052400138,-5.9579552170466705,2.508658708652797,-1.0135162282558323,3 days 01:30:50,0 days 08:47:17.037037037,-1.721638884065079,-3.288229989894129,-0.8310703570565044,0.8715346345636908,0.16832422670049496,22.96041559962755,1.0149727843879544,0.3709677419354838,-0.007817918292211602,None,None,-0.00017104484778919602,-1.0344792394290576,-0.958713942634855,-0.6692021777241904,0.378621921580215,-3.745796284237434,0 days 17:08:23.225806451,false
XMR-USD,false,2,83,544,12.89134438305709,0.2749344557770004,0.7479338842975206,0.0001,0.000019832837512395524,22.479338842975206,44.917355371900825,0.0022479338842975208,-4.322819333401461,0,0,17424,726 days 01:00:00,1000.0,46.39159136986791,-95.36084086301321,34.915698157888286,100.0,327.9542165470504,95.60546724868304,725 days 02:00:00,543,1,2.203001620255982,23.465520524001384,-5.957955217046673,2.505348481117825,-1.006436199498319,3 days 02:09:25.714285714,0 days 09:16:29.429175475,-1.7602420078275989,-3.1545666780459274,-0.8225557738425053,0.8764058759862078,0.19511304037774288,22.85040469204858,1.017647907249547,0.3717232149885854,-0.007813524706120342,None,None,-0.00016432268875233878,-0.9938236215741449,-0.9536084086301319,-0.6555408573233772,0.37915410760948903,-3.7311738242149097,0 days 17:38:20.552486186,false
XMR-USD,false,2,82,549,12.773722627737227,0.270359138907416,0.7548209366391184,0.0001,0.00001965188096574958,22.685950413223143,45.3305785123967,0.0022685950413223145,-4.372218823527131,0,0,17424,726 days 01:00:00,1000.0,44.90248376462216,-95.50975162353778,34.915698157888286,100.0,328.3959490114819,95.7465258316774,725 days 02:00:00,548,1,2.1322882351311563,23.46552052400139,-5.9579552170466625,2.5219637798696937,-1.0049891763437195,3 days 01:50:34.285714285,0 days 09:13:10.794979079,-1.7467697161870595,-3.191882203490558,-0.8249729522064394,0.8750581348716762,0.19428726886518213,22.876263287430913,1.0178415135220606,0.3713993388950102,-0.007823194036730244,None,None,-0.00016620359962896852,-1.0051993705560016,-0.9550975162353778,-0.6594194315813636,0.3790107380545171,-3.73543868983069,0 days 17:28:28.029197079,false
XMR-USD,false,2,85,540,12.615955473098332,0.28328294642826185,0.7424242424242424,0.0001,0.000019409162266305126,22.31404958677686,44.586776859504134,0.002231404958677686,-4.267099052524301,0,0,17424,726 days 01:00:00,1000.0,48.0222944158686,-95.19777055841314,34.915698157888286,100.0,331.90541597740037,95.45099576512933,725 days 02:00:00,539,1,2.2804389606535977,25.751132853025616,-5.957955217046662,2.6028399942671627,-1.006087541842548,3 days 05:01:45.882352941,0 days 09:14:00.764331210,-1.7704232737380052,-3.113531075844789,-0.8199665981271689,0.8779892522070958,0.19200977041411305,22.780328765005905,1.0164042949261316,0.3728039076656424,-0.007795290655342467,None,None,-0.00016232048828345038,-0.9817143131383079,-0.9519777055841315,-0.6513856251168355,0.3794705528770363,-3.7265034234151697,0 days 17:47:11.910946195,false
XMR-USD,false,2,86,533,12.406015037593985,0.2872034425067135,0.7327823691460055,0.0001,0.000019086176980913824,22.024793388429753,44.00826446280992,0.0022024793388429756,-4.174627795931386,0,0,17424,726 days 01:00:00,1000.0,51.09731166766039,-94.89026883323396,34.915698157888286,100.0,331.4207534180444,95.15970883952839,725 days 02:00:00,532,1,2.4264625780372526,25.751132853025616,-5.957955217046657,2.691359514932461,-1.004937169946098,3 days 06:55:27.272727272,0 days 09:25:06.437768240,-1.7882126896811599,-3.044161287739141,-0.8152379212391643,0.8805429839293566,0.19255128996397275,22.754457688001644,1.0148976984424927,0.37421135646687703,-0.007786965907689328,None,None,-0.0001587520359527732,-0.9601323134423723,-0.9489026883323401,-0.6437941188825502,0.37958547819065297,-3.7176964471436755,0 days 18:02:28.872180450,false
XMR-USD,false,2,89,530,12.098298676748582,0.28606769012387584,0.7286501377410468,0.0001,0.00001861276719499782,21.90082644628099,43.760330578512395,0.002190082644628099,-4.237652138349529,0,0,17424,726 days 01:00:00,1000.0,48.938844868118395,-95.10611551318816,34.915698157888286,100.0,331.67144686469214,95.36417376006956,725 days 02:00:00,529,1,2.3239632733949733,25.75113285302561,-5.95795521704667,2.7811527553679447,-1.0164537869762946,3 days 09:12:11.250000,0 days 09:25:32.903225806,-1.8022402994428717,-3.091899917046346,-0.8185367089348469,0.8786339839336981,0.18971013380306684,22.779905345742574,1.0135942430335885,0.3729120705956508,-0.007795290655342596,None,None,-0.00016123009121690735,-0.9751195916798556,-0.9510611551318816,-0.6490904723471205,0.37955840801209334,-3.723878385106884,0 days 18:06:34.706994327,false
XMR-USD,false,2,88,531,12.075471698113208,0.2860468596317416,0.7300275482093664,0.0001,0.000018577648766328015,21.94214876033058,43.84297520661157,0.002194214876033058,-4.2158407177534905,0,0,17424,726 days 01:00:00,1000.0,49.63335406692386,-95.03666459330762,34.915698157888286,100.0,331.14686794612305,95.29838503995627,725 days 02:00:00,530,1,2.3569434934105473,25.751132853025616,-5.957955217046668,2.7903364979169525,-1.012542540286396,3 days 08:42:11.250000,0 days 09:29:44.549356223,-1.7975916781631818,-3.0756560657489396,-0.8174649623532112,0.8793075552027134,0.18921084206070324,22.75857165360375,1.014014726563159,0.37356140627463347,-0.007786965907689334,None,None,-0.00016041654734133009,-0.9701992783203643,-0.9503666459330768,-0.6473699615571613,0.37963770566062377,-3.7218892821089575,0 days 18:05:39.622641508,false
XMR-USD,false,2,87,533,11.842105263157894,0.2874171317799505,0.7327823691460055,0.0001,0.000018218623481781375,22.024793388429753,44.00826446280992,0.0022024793388429756,-4.1851038273973,0,0,17424,726 days 01:00:00,1000.0,50.748702010096736,-94.92512979899033,34.915698157888286,100.0,332.5240051662489,95.19273156007645,725 days 02:00:00,532,1,2.40990812026223,25.751132853025627,-5.957955217046665,2.842737833008322,-1.0025320892916905,3 days 09:30:28.571428571,0 days 09:30:42.217484008,-1.7888368535905346,-3.051134238211184,-0.8157643675764461,0.8802927110606695,0.19564693341804365,22.732845792945533,1.0154367628641574,0.3738863045020895,-0.007786965907689458,None,None,-0.00015914114854776514,-0.9624856664168836,-0.9492512979899033,-0.6446394975592038,0.379646252312516,-3.7186948795851156,0 days 18:02:15.338345863,false
