timestamp,equity,equity_pct,equity_change,equity_change_pct,drawdown,drawdown_pct,peak_equity,mfe,mae
0,0.0,0.0,0.0,0.0,0.0,0.0,1000.0,0.0,0.0
1,0.0,0.0,0.0,0.0,0.0,0.0,1000.0,0.0,0.0
2,0.0,0.0,0.0,0.0,0.0,0.0,1000.0,0.0,0.0
3,0.0,0.0,0.0,0.0,0.0,0.0,1000.0,0.0,0.0
4,0.0,0.0,0.0,0.0,0.0,0.0,1000.0,0.0,0.0
5,0.0,0.0,0.0,0.0,0.0,0.0,1000.0,0.0,0.0
6,0.0,0.0,0.0,0.0,0.0,0.0,1000.0,0.0,0.0
7,0.0,0.0,0.0,0.0,0.0,0.0,1000.0,0.0,0.0
8,0.0,0.0,0.0,0.0,0.0,0.0,1000.0,0.0,0.0
9,0.0,0.0,0.0,0.0,0.0,0.0,1000.0,0.0,0.0
10,0.0,0.0,0.0,0.0,0.0,0.0,1000.0,0.0,0.0
11,0.0,0.0,0.0,0.0,0.0,0.0,1000.0,0.0,0.0
12,0.0,0.0,0.0,0.0,0.0,0.0,1000.0,0.0,0.0
13,0.0,0.0,0.0,0.0,0.0,0.0,1000.0,0.0,0.0
14,0.0,0.0,0.0,0.0,0.0,0.0,1000.0,0.0,0.0
15,0.0,0.0,0.0,0.0,0.0,0.0,1000.0,0.0,0.0
16,0.0,0.0,0.0,0.0,0.0,0.0,1000.0,0.0,0.0
17,0.0,0.0,0.0,0.0,0.0,0.0,1000.0,0.0,0.0
18,0.0,0.0,0.0,0.0,0.0,0.0,1000.0,0.0,0.0
19,0.0,0.0,0.0,0.0,0.0,0.0,1000.0,0.0,0.0
20,0.0,0.0,0.0,0.0,0.0,0.0,1000.0,0.0,0.0
21,0.0,0.0,0.0,0.0,0.0,0.0,1000.0,0.0,0.0
22,0.0,0.0,0.0,0.0,0.0,0.0,1000.0,0.0,0.0
23,0.0,0.0,0.0,0.0,0.0,0.0,1000.0,0.0,0.0
24,0.0,0.0,0.0,0.0,0.0,0.0,1000.0,0.0,0.0
25,0.0,0.0,0.0,0.0,0.0,0.0,1000.0,0.0,0.0
26,0.0,0.0,0.0,0.0,0.0,0.0,1000.0,0.0,0.0
27,0.0,0.0,0.0,0.0,0.0,0.0,1000.0,0.0,0.0
28,0.0,0.0,0.0,0.0,0.0,0.0,1000.0,0.0,0.0
29,0.0,0.0,0.0,0.0,0.0,0.0,1000.0,0.0,0.0
30,0.0,0.0,0.0,0.0,0.0,0.0,1000.0,0.0,0.0
31,0.0,0.0,0.0,0.0,0.0,0.0,1000.0,0.0,0.0
32,0.0,0.0,0.0,0.0,0.0,0.0,1000.0,0.0,0.0
33,0.0,0.0,0.0,0.0,0.0,0.0,1000.0,0.0,0.0
34,0.0,0.0,0.0,0.0,0.0,0.0,1000.0,0.0,0.0
35,0.0,0.0,0.0,0.0,0.0,0.0,1000.0,0.0,0.0
36,0.0,0.0,0.0,0.0,0.0,0.0,1000.0,0.0,0.0
37,0.0,0.0,0.0,0.0,0.0,0.0,1000.0,0.0,0.0
38,0.0,0.0,0.0,0.0,0.0,0.0,1000.0,0.0,0.0
39,0.0,0.0,0.0,0.0,0.0,0.0,1000.0,0.0,0.0
40,0.0,0.0,0.0,0.0,0.0,0.0,1000.0,0.0,0.0
41,0.0,0.0,0.0,0.0,0.0,0.0,1000.0,0.0,0.0
42,0.0,0.0,0.0,0.0,0.0,0.0,1000.0,0.0,0.0
43,0.0,0.0,0.0,0.0,0.0,0.0,1000.0,0.0,0.0
44,0.0,0.0,0.0,0.0,0.0,0.0,1000.0,0.0,0.0
45,0.0,0.0,0.0,0.0,0.0,0.0,1000.0,0.0,0.0
46,0.0,0.0,0.0,0.0,0.0,0.0,1000.0,0.0,0.0
47,0.0,0.0,0.0,0.0,0.0,0.0,1000.0,0.0,0.0
48,0.0,0.0,0.0,0.0,0.0,0.0,1000.0,0.0,0.0
49,0.0,0.0,0.0,0.0,0.0,0.0,1000.0,0.0,0.0
50,0.0,0.0,0.0,0.0,0.0,0.0,1000.0,0.0,0.0
51,0.0,0.0,0.0,0.0,0.0,0.0,1000.0,0.0,0.0
52,0.0,0.0,0.0,0.0,0.0,0.0,1000.0,0.0,0.0
53,0.0,0.0,0.0,0.0,0.0,0.0,1000.0,0.0,0.0
54,0.0,0.0,0.0,0.0,0.0,0.0,1000.0,0.0,0.0
55,0.0,0.0,0.0,0.0,0.0,0.0,1000.0,0.0,0.0
56,0.0,0.0,0.0,0.0,0.0,0.0,1000.0,0.0,0.0
57,0.0,0.0,0.0,0.0,0.0,0.0,1000.0,0.0,0.0
58,0.0,0.0,0.0,0.0,0.0,0.0,1000.0,0.0,0.0
59,0.0,0.0,0.0,0.0,0.0,0.0,1000.0,0.0,0.0
60,0.0,0.0,0.0,0.0,0.0,0.0,1000.0,0.0,0.0
61,0.0,0.0,0.0,0.0,0.0,0.0,1000.0,0.0,0.0
62,0.0,0.0,0.0,0.0,0.0,0.0,1000.0,0.0,0.0
63,0.0,0.0,0.0,0.0,0.0,0.0,1000.0,0.0,0.0
64,0.0,0.0,0.0,0.0,0.0,0.0,1000.0,0.0,0.0
65,0.0,0.0,0.0,0.0,0.0,0.0,1000.0,0.0,0.0
66,0.0,0.0,0.0,0.0,0.0,0.0,1000.0,0.0,0.0
67,0.0,0.0,0.0,0.0,0.0,0.0,1000.0,0.0,0.0
68,0.0,0.0,0.0,0.0,0.0,0.0,1000.0,0.0,0.0
69,0.0,0.0,0.0,0.0,0.0,0.0,1000.0,0.0,0.0
70,0.0,0.0,0.0,0.0,0.0,0.0,1000.0,0.0,0.0
71,0.0,0.0,0.0,0.0,0.0,0.0,1000.0,0.0,0.0
72,0.0,0.0,0.0,0.0,0.0,0.0,1000.0,0.0,0.0
73,0.0,0.0,0.0,0.0,0.0,0.0,1000.0,0.0,0.0
74,0.0,0.0,0.0,0.0,0.0,0.0,1000.0,0.0,0.0
75,0.0,0.0,0.0,0.0,0.0,0.0,1000.0,0.0,0.0
76,0.0,0.0,0.0,0.0,0.0,0.0,1000.0,0.0,0.0
77,0.0,0.0,0.0,0.0,0.0,0.0,1000.0,0.0,0.0
78,0.0,0.0,0.0,0.0,0.0,0.0,1000.0,0.0,0.0
79,0.0,0.0,0.0,0.0,0.0,0.0,1000.0,0.0,0.0
80,-0.9990009990009412,-0.09990009990009652,-0.9990009990009412,-0.09990009990009652,0.9990009990009412,0.09990009990009412,1000.0,0.0,0.0
81,-24.560310211221577,-2.4560310211221625,-23.561309212220635,-2.3584870521432877,24.560310211221577,2.4560310211221577,1000.0,0.0,-23.561309212220635
82,-10.423503112833487,-1.0423503112833465,14.13680709838809,1.449275362318847,10.423503112833487,1.0423503112833485,1000.0,0.0,-23.561309212220635
83,8.425608970110261,0.8425608970110243,18.849112082943748,1.9047655378069184,0.0,0.0,1008.4256089701103,9.424609969111202,-23.561309212220635
84,22.56241606849835,2.256241606849829,14.13680709838809,1.4018691088999446,0.0,0.0,1022.5624160684984,23.561417067499292,-23.561309212220635
85,46.12372528071887,4.612372528071895,23.56130921222052,2.304143868577535,0.0,0.0,1046.1237252807189,47.122726279719814,-23.561309212220635
86,22.56241606849835,2.256241606849829,-23.56130921222052,-2.2522488155880427,23.56130921222052,2.252248815588045,1046.1237252807189,47.122726279719814,-23.561309212220635
87,50.83603026527453,5.083603026527461,28.27361419677618,2.7649768613128956,0.0,0.0,1050.8360302652745,51.83503126427547,-23.561309212220635
88,55.548227394551304,5.554822739455134,4.712197129276774,0.4484236354255211,0.0,0.0,1055.5482273945513,56.547228393552246,-23.561309212220635
89,55.548227394551304,5.554822739455134,0.0,0.0,0.0,0.0,1055.5482273945513,56.547228393552246,-23.561309212220635
90,46.12372528071887,4.612372528071895,-9.424502113832432,-0.89285376728786,9.424502113832432,0.8928537672878555,1055.5482273945513,56.547228393552246,-23.561309212220635
91,17.850111083942693,1.7850111083942632,-28.27361419677618,-2.7027027027026973,37.69811631060861,3.5714252870908862,1055.5482273945513,56.547228393552246,-23.561309212220635
92,3.713303985554603,0.37133039855545835,-14.13680709838809,-1.388888888888884,51.8349234089967,4.910711046992401,1055.5482273945513,56.547228393552246,-23.561309212220635
93,13.137806099387149,1.3137806099387195,9.424502113832546,0.9389635542748742,42.410421295164156,4.017857279704535,1055.5482273945513,56.547228393552246,-23.561309212220635
94,-1.998001998001996,-0.19980019980020414,-15.135808097389145,-1.4939535378373114,57.5462293925533,5.451785896566449,1055.5482273945513,56.547228393552246,-23.561309212220635
95,-1.998001998001996,-0.19980019980020414,0.0,0.0,57.5462293925533,5.451785896566449,1055.5482273945513,0.0,0.0
96,-1.998001998001996,-0.19980019980020414,0.0,0.0,57.5462293925533,5.451785896566449,1055.5482273945513,0.0,0.0
97,-1.998001998001996,-0.19980019980020414,0.0,0.0,57.5462293925533,5.451785896566449,1055.5482273945513,0.0,0.0
98,-2.9950069910108823,-0.2995006991010851,-0.9970049930088862,-0.09990009990008542,58.54323438556219,5.546239656909529,1055.5482273945513,0.0,0.0
99,-7.387032600828547,-0.7387032600828514,-4.392025609817665,-0.4405219272335281,62.93525999537985,5.962329182317447,1055.5482273945513,0.0,-4.392025609817665
100,-7.387032600828547,-0.7387032600828514,0.0,0.0,62.93525999537985,5.962329182317447,1055.5482273945513,0.0,-4.392025609817665
101,1.3971191458291514,0.13971191458290733,8.784151746657699,0.8849523464995457,54.15110824872215,5.13014060782285,1055.5482273945513,4.392126136840034,-4.392025609817665
102,23.357548775984583,2.3357548775984505,21.96042963015543,2.1929791099146723,32.19067861856672,3.0496644097469767,1055.5482273945513,26.352555766995465,-4.392025609817665
103,32.141801049664764,3.2141801049664798,8.784252273680181,0.8583756756557648,23.40642634488654,2.2174663115736064,1055.5482273945513,35.136808040675646,-4.392025609817665
104,36.53382665948243,3.653382665948235,4.392025609817665,0.425525407977001,19.014400735068875,1.8013767861656897,1055.5482273945513,39.52883365049331,-4.392025609817665
105,23.357548775984583,2.3357548775984505,-13.176277883497846,-1.2711864817728236,32.19067861856672,3.0496644097469767,1055.5482273945513,39.52883365049331,-4.392025609817665
106,23.357548775984583,2.3357548775984505,0.0,0.0,32.19067861856672,3.0496644097469767,1055.5482273945513,39.52883365049331,-4.392025609817665
107,14.573397029326884,1.4573397029326918,-8.784151746657699,-0.8583658524006776,40.97483036522442,3.881852984241573,1055.5482273945513,39.52883365049331,-4.392025609817665
108,-7.387032600828547,-0.7387032600828514,-21.96042963015543,-2.1644988617339656,62.93525999537985,5.962329182317447,1055.5482273945513,39.52883365049331,-4.392025609817665
109,-20.56331048432628,-2.0563310484326247,-13.176277883497733,-1.3274335835065765,76.11153787887758,7.210616805898723,1055.5482273945513,39.52883365049331,-17.568303493315398
110,-39.09358279015942,-3.90935827901594,-18.530272305833137,-1.8919316076464576,94.64181018471072,8.966128475088116,1055.5482273945513,39.52883365049331,-36.098575799148534
111,-39.09358279015942,-3.90935827901594,0.0,0.0,94.64181018471072,8.966128475088116,1055.5482273945513,0.0,0.0
112,-39.09358279015942,-3.90935827901594,0.0,0.0,94.64181018471072,8.966128475088116,1055.5482273945513,0.0,0.0
113,-39.09358279015942,-3.90935827901594,0.0,0.0,94.64181018471072,8.966128475088116,1055.5482273945513,0.0,0.0
114,-39.09358279015942,-3.90935827901594,0.0,0.0,94.64181018471072,8.966128475088116,1055.5482273945513,0.0,0.0
115,-39.09358279015942,-3.90935827901594,0.0,0.0,94.64181018471072,8.966128475088116,1055.5482273945513,0.0,0.0
116,-39.09358279015942,-3.90935827901594,0.0,0.0,94.64181018471072,8.966128475088116,1055.5482273945513,0.0,0.0
117,-39.09358279015942,-3.90935827901594,0.0,0.0,94.64181018471072,8.966128475088116,1055.5482273945513,0.0,0.0
118,-39.09358279015942,-3.90935827901594,0.0,0.0,94.64181018471072,8.966128475088116,1055.5482273945513,0.0,0.0
119,-39.09358279015942,-3.90935827901594,0.0,0.0,94.64181018471072,8.966128475088116,1055.5482273945513,0.0,0.0
120,-39.09358279015942,-3.90935827901594,0.0,0.0,94.64181018471072,8.966128475088116,1055.5482273945513,0.0,0.0
121,-39.09358279015942,-3.90935827901594,0.0,0.0,94.64181018471072,8.966128475088116,1055.5482273945513,0.0,0.0
122,-40.05352926089836,-4.0053529260898335,-0.9599464707389416,-0.09990009990008542,95.60175665544966,9.057071403684416,1055.5482273945513,0.0,0.0
123,-31.366164304435756,-3.136616430443573,8.687364956462602,0.9049843112370448,86.91439169898706,8.23405216770825,1055.5482273945513,8.687364956462602,0.0
124,-18.335216287985304,-1.833521628798529,13.030948016450452,1.345291433794804,73.88344368253661,6.999532732379822,1055.5482273945513,21.718312972913054,0.0
125,-18.335216287985304,-1.833521628798529,0.0,0.0,73.88344368253661,6.999532732379822,1055.5482273945513,21.718312972913054,0.0
126,-27.022581244447906,-2.7022581244447896,-8.687364956462602,-0.8849624740140616,82.57080863899921,7.822551968355988,1055.5482273945513,21.718312972913054,0.0
127,-27.022581244447906,-2.7022581244447896,0.0,0.0,82.57080863899921,7.822551968355988,1055.5482273945513,21.718312972913054,0.0
128,-27.022581244447906,-2.7022581244447896,0.0,0.0,82.57080863899921,7.822551968355988,1055.5482273945513,21.718312972913054,0.0
129,-27.022581244447906,-2.7022581244447896,0.0,0.0,82.57080863899921,7.822551968355988,1055.5482273945513,21.718312972913054,0.0
130,16.413945283134694,1.6413945283134668,43.4365265275826,4.464289272318189,39.13428211141661,3.7074840443826242,1055.5482273945513,56.46747454403305,0.0
131,16.413945283134694,1.6413945283134668,0.0,0.0,39.13428211141661,3.7074840443826242,1055.5482273945513,56.46747454403305,0.0
132,12.070262804903336,1.207026280490342,-4.343682478231358,-0.4273536877754447,43.47796458964797,4.118993662370713,1055.5482273945513,56.46747454403305,0.0
133,7.7266797449156,0.7726679744915588,-4.343583059987736,-0.42917801457279525,47.821547649635704,4.530493861722965,1055.5482273945513,56.46747454403305,0.0
134,20.757627761366052,2.0757627761366138,13.030948016450452,1.2931034057517499,34.79059963318525,3.295974426394536,1055.5482273945513,60.81115702226441,0.0
135,16.413945283134694,1.6413945283134668,-4.343682478231358,-0.4255351476292746,39.13428211141661,3.7074840443826242,1055.5482273945513,60.81115702226441,0.0
136,12.070262804903336,1.207026280490342,-4.343682478231358,-0.4273536877754447,43.47796458964797,4.118993662370713,1055.5482273945513,60.81115702226441,0.0
137,3.3829972666842423,0.338299726668434,-8.687265538219094,-0.8583658524006776,52.16523012786706,4.942003479711053,1055.5482273945513,60.81115702226441,0.0
138,7.7266797449156,0.7726679744915588,4.343682478231358,0.4329037356686216,47.821547649635704,4.530493861722965,1055.5482273945513,60.81115702226441,0.0
139,7.7266797449156,0.7726679744915588,0.0,0.0,47.821547649635704,4.530493861722965,1055.5482273945513,60.81115702226441,0.0
140,-0.9606852115471156,-0.09606852115471298,-8.687364956462716,-0.8620755142318637,56.50891260609842,5.353513097699141,1055.5482273945513,60.81115702226441,0.0
141,-9.64795074976621,-0.964795074976621,-8.687265538219094,-0.8695619291077317,65.19617814431751,6.176522915039481,1055.5482273945513,60.81115702226441,0.0
142,3.3829972666842423,0.338299726668434,13.030948016450452,1.3157894736842035,52.16523012786706,4.942003479711053,1055.5482273945513,60.81115702226441,0.0
143,7.7266797449156,0.7726679744915588,4.343682478231358,0.4329037356686216,47.821547649635704,4.530493861722965,1055.5482273945513,60.81115702226441,0.0
144,3.3829972666842423,0.338299726668434,-4.343682478231358,-0.4310377571159374,52.16523012786706,4.942003479711053,1055.5482273945513,60.81115702226441,0.0
145,-0.9606852115471156,-0.09606852115471298,-4.343682478231358,-0.4329037356686327,56.50891260609842,5.353513097699141,1055.5482273945513,60.81115702226441,0.0
146,12.070262804903336,1.207026280490342,13.030948016450452,1.3043478693538502,43.47796458964797,4.118993662370713,1055.5482273945513,60.81115702226441,0.0
147,42.47584131603571,4.247584131603577,30.405578511132376,3.0042952182850247,13.072386078515592,1.2384451737257562,1055.5482273945513,82.52937057693407,0.0
148,103.2868989200565,10.32868989200566,60.81105760402079,5.833330154418936,0.0,0.0,1103.2868989200565,143.34042818095486,0.0
149,98.94331586006865,9.894331586006855,-4.34358305998785,-0.3936947918297129,4.34358305998785,0.39369479182971634,1103.2868989200565,143.34042818095486,0.0
150,77.2250028871556,7.72250028871555,-21.718312972913054,-1.976290556525706,26.061896032900904,2.3622047953629632,1103.2868989200565,143.34042818095486,0.0
151,90.25595090360616,9.025595090360605,13.030948016450566,1.2096774565689916,13.030948016450338,1.1811023976814712,1103.2868989200565,143.34042818095486,0.0
152,85.91236784361831,8.591236784361822,-4.34358305998785,-0.3984003074129383,17.37453107643819,1.5747971895111876,1103.2868989200565,143.34042818095486,0.0
153,81.56868536538695,8.156868536538697,-4.343682478231358,-0.4000030395506893,21.718213554669546,1.9685009924370753,1103.2868989200565,143.34042818095486,0.0
154,59.85047181071741,5.985047181071734,-21.718213554669546,-2.008029064500183,43.43642710933909,3.9370019848741507,1103.2868989200565,143.34042818095486,0.0
155,59.85047181071741,5.985047181071734,0.0,0.0,43.43642710933909,3.9370019848741507,1103.2868989200565,143.34042818095486,0.0
156,59.85047181071741,5.985047181071734,0.0,0.0,43.43642710933909,3.9370019848741507,1103.2868989200565,143.34042818095486,0.0
157,29.444893299585146,2.9444893299585218,-30.405578511132262,-2.868855496114031,73.84200562047135,6.692910583163002,1103.2868989200565,143.34042818095486,0.0
158,42.47584131603571,4.247584131603577,13.030948016450566,1.2658227848101333,60.81105760402079,5.51180818548151,1103.2868989200565,143.34042818095486,0.0
159,42.47584131603571,4.247584131603577,0.0,0.0,60.81105760402079,5.51180818548151,1103.2868989200565,143.34042818095486,0.0
160,42.47584131603571,4.247584131603577,0.0,0.0,60.81105760402079,5.51180818548151,1103.2868989200565,143.34042818095486,0.0
161,25.10121082135379,2.5101210821353748,-17.374630494681924,-1.6666698455810702,78.18568809870271,7.08661438608889,1103.2868989200565,143.34042818095486,0.0
162,51.16310685425469,5.1163106854254625,26.061896032900904,2.542372963545625,52.12379206580181,4.7244095907259265,1103.2868989200565,143.34042818095486,0.0
163,85.91236784361831,8.591236784361822,34.74926098936362,3.3057915334714805,17.37453107643819,1.5747971895111876,1103.2868989200565,143.34042818095486,0.0
164,55.50678933248605,5.5506789332486095,-30.405578511132262,-2.8000029663085124,47.78010958757045,4.3307057878000395,1103.2868989200565,143.34042818095486,0.0
165,64.19405487070526,6.4194054870705175,8.687265538219208,0.823042127821183,39.09284404935124,3.543307193044434,1103.2868989200565,143.34042818095486,0.0
166,59.85047181071741,5.985047181071734,-4.34358305998785,-0.4081570499391285,43.43642710933909,3.9370019848741507,1103.2868989200565,143.34042818095486,0.0
167,51.16310685425469,5.1163106854254625,-8.687364956462716,-0.819678359119913,52.12379206580181,4.7244095907259265,1103.2868989200565,143.34042818095486,0.0
168,59.85047181071741,5.985047181071734,8.687364956462716,0.826452612331563,43.43642710933909,3.9370019848741507,1103.2868989200565,143.34042818095486,0.0
169,55.50678933248605,5.5506789332486095,-4.343682478231358,-0.4098391795599565,47.78010958757045,4.3307057878000395,1103.2868989200565,143.34042818095486,0.0
170,42.47584131603571,4.247584131603577,-13.030948016450338,-1.2345679012345623,60.81105760402079,5.51180818548151,1103.2868989200565,143.34042818095486,0.0
171,38.132158837804354,3.8132158837804297,-4.343682478231358,-0.41666984558105247,65.15474008225215,5.905511988407397,1103.2868989200565,143.34042818095486,0.0
172,42.47584131603571,4.247584131603577,4.343682478231358,0.41841324741294095,60.81105760402079,5.51180818548151,1103.2868989200565,143.34042818095486,0.0
173,38.132158837804354,3.8132158837804297,-4.343682478231358,-0.41666984558105247,65.15474008225215,5.905511988407397,1103.2868989200565,143.34042818095486,0.0
174,20.757627761366052,2.0757627761366138,-17.374531076438302,-1.673633836359445,82.52927115869045,7.4803091779185955,1103.2868989200565,143.34042818095486,0.0
175,20.757627761366052,2.0757627761366138,0.0,0.0,82.52927115869045,7.4803091779185955,1103.2868989200565,143.34042818095486,0.0
176,16.413945283134694,1.6413945283134668,-4.343682478231358,-0.4255351476292746,86.8729536369218,7.874012980844483,1103.2868989200565,143.34042818095486,0.0
177,16.413945283134694,1.6413945283134668,0.0,0.0,86.8729536369218,7.874012980844483,1103.2868989200565,143.34042818095486,0.0
178,7.7266797449156,0.7726679744915588,-8.687265538219094,-0.8546975942758439,95.5602191751409,8.661411575600079,1103.2868989200565,143.34042818095486,0.0
179,-0.9606852115471156,-0.09606852115471298,-8.687364956462716,-0.8620755142318637,104.24758413160362,9.448819181451853,1103.2868989200565,143.34042818095486,0.0
180,-27.022581244447906,-2.7022581244447896,-26.06189603290079,-2.608695738707678,130.3094801645044,11.811023976814807,1103.2868989200565,143.34042818095486,0.0
181,-27.022581244447906,-2.7022581244447896,0.0,0.0,130.3094801645044,11.811023976814807,1103.2868989200565,143.34042818095486,0.0
182,-14.977641594769466,-1.4977641594769442,12.04493964967844,1.2379464741416157,118.26454051482597,10.719291657554193,1103.2868989200565,143.34042818095486,0.0
183,-14.977641594769466,-1.4977641594769442,0.0,0.0,118.26454051482597,10.719291657554193,1103.2868989200565,0.0,0.0
184,-15.961679914854471,-1.596167991485442,-0.9840383200850056,-0.09990009990008542,119.24857883491097,10.8084831743798,1103.2868989200565,0.0,0.0
185,-38.224957121481,-3.8224957121480996,-22.263277206626526,-2.2624400648035947,141.5118560415375,12.826387785448667,1103.2868989200565,0.0,-22.263277206626526
186,-51.5829438281271,-5.158294382812711,-13.357986706646102,-1.388888888888884,154.8698427481836,14.037132399539656,1103.2868989200565,0.0,-35.62126391327263
187,-47.130247621461535,-4.713024762146157,4.452696206665564,0.469487149950476,150.41714654151804,13.633547782426552,1103.2868989200565,0.0,-35.62126391327263
188,-29.319666621500573,-2.931966662150054,17.810580999960962,1.8691516815915854,132.60656554155707,12.01922778847079,1103.2868989200565,0.0,-35.62126391327263
189,-38.224957121481,-3.8224957121480996,-8.905290499980424,-0.9174277250457052,141.5118560415375,12.826387785448667,1103.2868989200565,0.0,-35.62126391327263
190,-42.677653328146675,-4.267765332814665,-4.452696206665678,-0.46296649509006693,145.96455224820318,13.229972402561781,1103.2868989200565,0.0,-35.62126391327263
191,-20.41427420816933,-2.0414274208169325,22.263379119977344,2.325588574984838,123.70117312822583,11.21205855424457,1103.2868989200565,0.0,-35.62126391327263
192,-24.866970414834896,-2.4866970414834877,-4.452696206665564,-0.45454890668872316,128.1538693348914,11.615643171357675,1103.2868989200565,0.0,-35.62126391327263
193,-100.56219444804594,-10.056219444804594,-75.69522403321105,-7.762553593883781,203.84909336810244,18.476526238790516,1103.2868989200565,0.0,-84.60051453319147
194,-189.61550710125368,-18.961550710125362,-89.05331265320774,-9.900997278912326,292.9024060213102,26.548163157562676,1103.2868989200565,0.0,-173.6538271863992
195,-198.52079760123422,-19.85207976012342,-8.905290499980538,-1.0988969529915682,301.8076965212907,27.35532315454056,1103.2868989200565,0.0,-182.55911768637975
196,-217.11514903403133,-21.711514903403128,-18.59435143279711,-2.320004234313955,320.40204795408783,29.040682733358913,1103.2868989200565,0.0,-201.15346911917686
197,-217.11514903403133,-21.711514903403128,0.0,0.0,320.40204795408783,29.040682733358913,1103.2868989200565,0.0,0.0
198,-217.11514903403133,-21.711514903403128,0.0,0.0,320.40204795408783,29.040682733358913,1103.2868989200565,0.0,0.0
199,-217.897251782249,-21.789725178224895,-0.7821027482176532,-0.09990009990008542,321.1841507023055,29.111571162196704,1103.2868989200565,0.0,0.0
200,-192.82989425584947,-19.28298942558495,25.06735752639952,3.2051233144906766,296.11679317590597,26.839509602240135,1103.2868989200565,25.06735752639952,0.0
201,-137.68154704856659,-13.768154704856661,55.14834720728288,6.8323079379210006,240.9684459686231,21.84095960937206,1103.2868989200565,80.2157047336824,0.0
202,-97.5737520564411,-9.757375205644115,40.10779499212549,4.651158148692014,200.8606509764976,18.205659033303885,1103.2868989200565,120.32349972580789,0.0
203,-47.43892225421075,-4.743892225421076,50.13482980223034,5.555559794108067,150.72582117426725,13.661525512702454,1103.2868989200565,170.45832952803823,0.0
204,-82.53331459071512,-8.25333145907151,-35.09439233650437,-3.68421439384804,185.82021351077162,16.842420017192286,1103.2868989200565,170.45832952803823,0.0
205,-98.47617830438469,-9.847617830438471,-15.942863713669567,-1.7377049180327897,201.7630772244412,18.287453374270587,1103.2868989200565,170.45832952803823,0.0
206,-98.47617830438469,-9.847617830438471,0.0,0.0,201.7630772244412,18.287453374270587,1103.2868989200565,0.0,0.0
207,-98.47617830438469,-9.847617830438471,0.0,0.0,201.7630772244412,18.287453374270587,1103.2868989200565,0.0,0.0
208,-98.47617830438469,-9.847617830438471,0.0,0.0,201.7630772244412,18.287453374270587,1103.2868989200565,0.0,0.0
209,-98.47617830438469,-9.847617830438471,0.0,0.0,201.7630772244412,18.287453374270587,1103.2868989200565,0.0,0.0
210,-98.47617830438469,-9.847617830438471,0.0,0.0,201.7630772244412,18.287453374270587,1103.2868989200565,0.0,0.0
211,-98.47617830438469,-9.847617830438471,0.0,0.0,201.7630772244412,18.287453374270587,1103.2868989200565,0.0,0.0
212,-98.47617830438469,-9.847617830438471,0.0,0.0,201.7630772244412,18.287453374270587,1103.2868989200565,0.0,0.0
213,-98.47617830438469,-9.847617830438471,0.0,0.0,201.7630772244412,18.287453374270587,1103.2868989200565,0.0,0.0
214,-98.47617830438469,-9.847617830438471,0.0,0.0,201.7630772244412,18.287453374270587,1103.2868989200565,0.0,0.0
215,-98.47617830438469,-9.847617830438471,0.0,0.0,201.7630772244412,18.287453374270587,1103.2868989200565,0.0,0.0
216,-98.47617830438469,-9.847617830438471,0.0,0.0,201.7630772244412,18.287453374270587,1103.2868989200565,0.0,0.0
217,-98.47617830438469,-9.847617830438471,0.0,0.0,201.7630772244412,18.287453374270587,1103.2868989200565,0.0,0.0
218,-98.47617830438469,-9.847617830438471,0.0,0.0,201.7630772244412,18.287453374270587,1103.2868989200565,0.0,0.0
219,-98.47617830438469,-9.847617830438471,0.0,0.0,201.7630772244412,18.287453374270587,1103.2868989200565,0.0,0.0
220,-98.47617830438469,-9.847617830438471,0.0,0.0,201.7630772244412,18.287453374270587,1103.2868989200565,0.0,0.0
221,-98.47617830438469,-9.847617830438471,0.0,0.0,201.7630772244412,18.287453374270587,1103.2868989200565,0.0,0.0
222,-98.47617830438469,-9.847617830438471,0.0,0.0,201.7630772244412,18.287453374270587,1103.2868989200565,0.0,0.0
223,-98.47617830438469,-9.847617830438471,0.0,0.0,201.7630772244412,18.287453374270587,1103.2868989200565,0.0,0.0
224,-98.47617830438469,-9.847617830438471,0.0,0.0,201.7630772244412,18.287453374270587,1103.2868989200565,0.0,0.0
225,-98.47617830438469,-9.847617830438471,0.0,0.0,201.7630772244412,18.287453374270587,1103.2868989200565,0.0,0.0
226,-98.47617830438469,-9.847617830438471,0.0,0.0,201.7630772244412,18.287453374270587,1103.2868989200565,0.0,0.0
227,-98.47617830438469,-9.847617830438471,0.0,0.0,201.7630772244412,18.287453374270587,1103.2868989200565,0.0,0.0
228,-98.47617830438469,-9.847617830438471,0.0,0.0,201.7630772244412,18.287453374270587,1103.2868989200565,0.0,0.0
229,-98.47617830438469,-9.847617830438471,0.0,0.0,201.7630772244412,18.287453374270587,1103.2868989200565,0.0,0.0
230,-98.47617830438469,-9.847617830438471,0.0,0.0,201.7630772244412,18.287453374270587,1103.2868989200565,0.0,0.0
231,-98.47617830438469,-9.847617830438471,0.0,0.0,201.7630772244412,18.287453374270587,1103.2868989200565,0.0,0.0
232,-98.47617830438469,-9.847617830438471,0.0,0.0,201.7630772244412,18.287453374270587,1103.2868989200565,0.0,0.0
233,-98.47617830438469,-9.847617830438471,0.0,0.0,201.7630772244412,18.287453374270587,1103.2868989200565,0.0,0.0
234,-98.47617830438469,-9.847617830438471,0.0,0.0,201.7630772244412,18.287453374270587,1103.2868989200565,0.0,0.0
235,-98.47617830438469,-9.847617830438471,0.0,0.0,201.7630772244412,18.287453374270587,1103.2868989200565,0.0,0.0
236,-98.47617830438469,-9.847617830438471,0.0,0.0,201.7630772244412,18.287453374270587,1103.2868989200565,0.0,0.0
237,-98.47617830438469,-9.847617830438471,0.0,0.0,201.7630772244412,18.287453374270587,1103.2868989200565,0.0,0.0
238,-98.47617830438469,-9.847617830438471,0.0,0.0,201.7630772244412,18.287453374270587,1103.2868989200565,0.0,0.0
239,-98.47617830438469,-9.847617830438471,0.0,0.0,201.7630772244412,18.287453374270587,1103.2868989200565,0.0,0.0
240,-98.47617830438469,-9.847617830438471,0.0,0.0,201.7630772244412,18.287453374270587,1103.2868989200565,0.0,0.0
241,-98.47617830438469,-9.847617830438471,0.0,0.0,201.7630772244412,18.287453374270587,1103.2868989200565,0.0,0.0
242,-98.47617830438469,-9.847617830438471,0.0,0.0,201.7630772244412,18.287453374270587,1103.2868989200565,0.0,0.0
243,-98.47617830438469,-9.847617830438471,0.0,0.0,201.7630772244412,18.287453374270587,1103.2868989200565,0.0,0.0
244,-98.47617830438469,-9.847617830438471,0.0,0.0,201.7630772244412,18.287453374270587,1103.2868989200565,0.0,0.0
245,-98.47617830438469,-9.847617830438471,0.0,0.0,201.7630772244412,18.287453374270587,1103.2868989200565,0.0,0.0
246,-98.47617830438469,-9.847617830438471,0.0,0.0,201.7630772244412,18.287453374270587,1103.2868989200565,0.0,0.0
247,-98.47617830438469,-9.847617830438471,0.0,0.0,201.7630772244412,18.287453374270587,1103.2868989200565,0.0,0.0
248,-98.47617830438469,-9.847617830438471,0.0,0.0,201.7630772244412,18.287453374270587,1103.2868989200565,0.0,0.0
249,-98.47617830438469,-9.847617830438471,0.0,0.0,201.7630772244412,18.287453374270587,1103.2868989200565,0.0,0.0
250,-98.47617830438469,-9.847617830438471,0.0,0.0,201.7630772244412,18.287453374270587,1103.2868989200565,0.0,0.0
251,-98.47617830438469,-9.847617830438471,0.0,0.0,201.7630772244412,18.287453374270587,1103.2868989200565,0.0,0.0
252,-98.47617830438469,-9.847617830438471,0.0,0.0,201.7630772244412,18.287453374270587,1103.2868989200565,0.0,0.0
253,-98.47617830438469,-9.847617830438471,0.0,0.0,201.7630772244412,18.287453374270587,1103.2868989200565,0.0,0.0
254,-98.47617830438469,-9.847617830438471,0.0,0.0,201.7630772244412,18.287453374270587,1103.2868989200565,0.0,0.0
255,-98.47617830438469,-9.847617830438471,0.0,0.0,201.7630772244412,18.287453374270587,1103.2868989200565,0.0,0.0
256,-98.47617830438469,-9.847617830438471,0.0,0.0,201.7630772244412,18.287453374270587,1103.2868989200565,0.0,0.0
257,-98.47617830438469,-9.847617830438471,0.0,0.0,201.7630772244412,18.287453374270587,1103.2868989200565,0.0,0.0
258,-98.47617830438469,-9.847617830438471,0.0,0.0,201.7630772244412,18.287453374270587,1103.2868989200565,0.0,0.0
259,-98.47617830438469,-9.847617830438471,0.0,0.0,201.7630772244412,18.287453374270587,1103.2868989200565,0.0,0.0
260,-98.47617830438469,-9.847617830438471,0.0,0.0,201.7630772244412,18.287453374270587,1103.2868989200565,0.0,0.0
261,-98.47617830438469,-9.847617830438471,0.0,0.0,201.7630772244412,18.287453374270587,1103.2868989200565,0.0,0.0
262,-98.47617830438469,-9.847617830438471,0.0,0.0,201.7630772244412,18.287453374270587,1103.2868989200565,0.0,0.0
263,-98.47617830438469,-9.847617830438471,0.0,0.0,201.7630772244412,18.287453374270587,1103.2868989200565,0.0,0.0
264,-98.47617830438469,-9.847617830438471,0.0,0.0,201.7630772244412,18.287453374270587,1103.2868989200565,0.0,0.0
265,-98.47617830438469,-9.847617830438471,0.0,0.0,201.7630772244412,18.287453374270587,1103.2868989200565,0.0,0.0
266,-98.47617830438469,-9.847617830438471,0.0,0.0,201.7630772244412,18.287453374270587,1103.2868989200565,0.0,0.0
267,-98.47617830438469,-9.847617830438471,0.0,0.0,201.7630772244412,18.287453374270587,1103.2868989200565,0.0,0.0
268,-98.47617830438469,-9.847617830438471,0.0,0.0,201.7630772244412,18.287453374270587,1103.2868989200565,0.0,0.0
269,-98.47617830438469,-9.847617830438471,0.0,0.0,201.7630772244412,18.287453374270587,1103.2868989200565,0.0,0.0
270,-98.47617830438469,-9.847617830438471,0.0,0.0,201.7630772244412,18.287453374270587,1103.2868989200565,0.0,0.0
271,-98.47617830438469,-9.847617830438471,0.0,0.0,201.7630772244412,18.287453374270587,1103.2868989200565,0.0,0.0
272,-98.47617830438469,-9.847617830438471,0.0,0.0,201.7630772244412,18.287453374270587,1103.2868989200565,0.0,0.0
273,-98.47617830438469,-9.847617830438471,0.0,0.0,201.7630772244412,18.287453374270587,1103.2868989200565,0.0,0.0
274,-98.47617830438469,-9.847617830438471,0.0,0.0,201.7630772244412,18.287453374270587,1103.2868989200565,0.0,0.0
275,-99.37680150288168,-9.937680150288164,-0.9006231984969872,-0.09990009990008542,202.66370042293818,18.369084289980595,1103.2868989200565,0.0,0.0
276,-111.3056759956205,-11.130567599562047,-11.928874492738828,-1.324513349494516,214.592574915677,19.45029666587442,1103.2868989200565,0.0,-11.928874492738828
277,-123.23441397426609,-12.323441397426604,-11.928737978645586,-1.342276827525546,226.5213128943226,20.531496668368955,1103.2868989200565,0.0,-23.857612471384414
278,-129.19885122063545,-12.919885122063546,-5.964437246369357,-0.6802772989078387,232.48575014069195,21.072102856315862,1103.2868989200565,0.0,-29.82204971775377
279,-141.12758919928103,-14.112758919928103,-11.928737978645586,-1.3698578596693989,244.41448811933753,22.153302858810402,1103.2868989200565,0.0,-41.75078769639936
280,-136.02798880095872,-13.602798880095868,5.099600398322309,0.5937552928924505,239.31488772101522,21.691083974192633,1103.2868989200565,0.0,-41.75078769639936
281,-136.02798880095872,-13.602798880095868,0.0,0.0,239.31488772101522,21.691083974192633,1103.2868989200565,0.0,0.0
282,-136.02798880095872,-13.602798880095868,0.0,0.0,239.31488772101522,21.691083974192633,1103.2868989200565,0.0,0.0
283,-136.02798880095872,-13.602798880095868,0.0,0.0,239.31488772101522,21.691083974192633,1103.2868989200565,0.0,0.0
284,-136.02798880095872,-13.602798880095868,0.0,0.0,239.31488772101522,21.691083974192633,1103.2868989200565,0.0,0.0
285,-136.02798880095872,-13.602798880095868,0.0,0.0,239.31488772101522,21.691083974192633,1103.2868989200565,0.0,0.0
286,-136.02798880095872,-13.602798880095868,0.0,0.0,239.31488772101522,21.691083974192633,1103.2868989200565,0.0,0.0
287,-136.02798880095872,-13.602798880095868,0.0,0.0,239.31488772101522,21.691083974192633,1103.2868989200565,0.0,0.0
288,-136.02798880095872,-13.602798880095868,0.0,0.0,239.31488772101522,21.691083974192633,1103.2868989200565,0.0,0.0
289,-136.02798880095872,-13.602798880095868,0.0,0.0,239.31488772101522,21.691083974192633,1103.2868989200565,0.0,0.0
290,-136.02798880095872,-13.602798880095868,0.0,0.0,239.31488772101522,21.691083974192633,1103.2868989200565,0.0,0.0
291,-136.02798880095872,-13.602798880095868,0.0,0.0,239.31488772101522,21.691083974192633,1103.2868989200565,0.0,0.0
292,-136.02798880095872,-13.602798880095868,0.0,0.0,239.31488772101522,21.691083974192633,1103.2868989200565,0.0,0.0
293,-136.02798880095872,-13.602798880095868,0.0,0.0,239.31488772101522,21.691083974192633,1103.2868989200565,0.0,0.0
294,-136.02798880095872,-13.602798880095868,0.0,0.0,239.31488772101522,21.691083974192633,1103.2868989200565,0.0,0.0
295,-136.02798880095872,-13.602798880095868,0.0,0.0,239.31488772101522,21.691083974192633,1103.2868989200565,0.0,0.0
296,-136.02798880095872,-13.602798880095868,0.0,0.0,239.31488772101522,21.691083974192633,1103.2868989200565,0.0,0.0
297,-136.02798880095872,-13.602798880095868,0.0,0.0,239.31488772101522,21.691083974192633,1103.2868989200565,0.0,0.0
298,-136.02798880095872,-13.602798880095868,0.0,0.0,239.31488772101522,21.691083974192633,1103.2868989200565,0.0,0.0
299,-136.02798880095872,-13.602798880095868,0.0,0.0,239.31488772101522,21.691083974192633,1103.2868989200565,0.0,0.0
300,-136.02798880095872,-13.602798880095868,0.0,0.0,239.31488772101522,21.691083974192633,1103.2868989200565,0.0,0.0
301,-136.02798880095872,-13.602798880095868,0.0,0.0,239.31488772101522,21.691083974192633,1103.2868989200565,0.0,0.0
302,-136.02798880095872,-13.602798880095868,0.0,0.0,239.31488772101522,21.691083974192633,1103.2868989200565,0.0,0.0
303,-136.02798880095872,-13.602798880095868,0.0,0.0,239.31488772101522,21.691083974192633,1103.2868989200565,0.0,0.0
304,-136.89109770325535,-13.689109770325537,-0.8631089022966307,-0.09990009990008542,240.17799662331186,21.769314659533087,1103.2868989200565,0.0,0.0
305,-119.27663030944427,-11.927663030944425,17.614467393811083,2.0408163265306145,222.56352922950077,20.172770060748054,1103.2868989200565,17.614467393811083,0.0
306,-114.29169128588455,-11.429169128588457,4.984939023559718,0.5660050811767681,217.57859020594105,19.72094388312923,1103.2868989200565,22.5994064173708,0.0
307,-114.29169128588455,-11.429169128588457,0.0,0.0,217.57859020594105,19.72094388312923,1103.2868989200565,0.0,0.0
308,-114.29169128588455,-11.429169128588457,0.0,0.0,217.57859020594105,19.72094388312923,1103.2868989200565,0.0,0.0
309,-114.29169128588455,-11.429169128588457,0.0,0.0,217.57859020594105,19.72094388312923,1103.2868989200565,0.0,0.0
310,-114.29169128588455,-11.429169128588457,0.0,0.0,217.57859020594105,19.72094388312923,1103.2868989200565,0.0,0.0
311,-114.29169128588455,-11.429169128588457,0.0,0.0,217.57859020594105,19.72094388312923,1103.2868989200565,0.0,0.0
312,-114.29169128588455,-11.429169128588457,0.0,0.0,217.57859020594105,19.72094388312923,1103.2868989200565,0.0,0.0
313,-114.29169128588455,-11.429169128588457,0.0,0.0,217.57859020594105,19.72094388312923,1103.2868989200565,0.0,0.0
314,-114.29169128588455,-11.429169128588457,0.0,0.0,217.57859020594105,19.72094388312923,1103.2868989200565,0.0,0.0
315,-114.29169128588455,-11.429169128588457,0.0,0.0,217.57859020594105,19.72094388312923,1103.2868989200565,0.0,0.0
316,-114.29169128588455,-11.429169128588457,0.0,0.0,217.57859020594105,19.72094388312923,1103.2868989200565,0.0,0.0
317,-114.29169128588455,-11.429169128588457,0.0,0.0,217.57859020594105,19.72094388312923,1103.2868989200565,0.0,0.0
318,-114.29169128588455,-11.429169128588457,0.0,0.0,217.57859020594105,19.72094388312923,1103.2868989200565,0.0,0.0
319,-114.29169128588455,-11.429169128588457,0.0,0.0,217.57859020594105,19.72094388312923,1103.2868989200565,0.0,0.0
320,-114.29169128588455,-11.429169128588457,0.0,0.0,217.57859020594105,19.72094388312923,1103.2868989200565,0.0,0.0
321,-114.29169128588455,-11.429169128588457,0.0,0.0,217.57859020594105,19.72094388312923,1103.2868989200565,0.0,0.0
322,-114.29169128588455,-11.429169128588457,0.0,0.0,217.57859020594105,19.72094388312923,1103.2868989200565,0.0,0.0
323,-114.29169128588455,-11.429169128588457,0.0,0.0,217.57859020594105,19.72094388312923,1103.2868989200565,0.0,0.0
324,-114.29169128588455,-11.429169128588457,0.0,0.0,217.57859020594105,19.72094388312923,1103.2868989200565,0.0,0.0
325,-114.29169128588455,-11.429169128588457,0.0,0.0,217.57859020594105,19.72094388312923,1103.2868989200565,0.0,0.0
326,-114.29169128588455,-11.429169128588457,0.0,0.0,217.57859020594105,19.72094388312923,1103.2868989200565,0.0,0.0
327,-114.29169128588455,-11.429169128588457,0.0,0.0,217.57859020594105,19.72094388312923,1103.2868989200565,0.0,0.0
328,-114.29169128588455,-11.429169128588457,0.0,0.0,217.57859020594105,19.72094388312923,1103.2868989200565,0.0,0.0
329,-114.29169128588455,-11.429169128588457,0.0,0.0,217.57859020594105,19.72094388312923,1103.2868989200565,0.0,0.0
330,-114.29169128588455,-11.429169128588457,0.0,0.0,217.57859020594105,19.72094388312923,1103.2868989200565,0.0,0.0
331,-114.29169128588455,-11.429169128588457,0.0,0.0,217.57859020594105,19.72094388312923,1103.2868989200565,0.0,0.0
332,-114.29169128588455,-11.429169128588457,0.0,0.0,217.57859020594105,19.72094388312923,1103.2868989200565,0.0,0.0
333,-114.29169128588455,-11.429169128588457,0.0,0.0,217.57859020594105,19.72094388312923,1103.2868989200565,0.0,0.0
334,-114.29169128588455,-11.429169128588457,0.0,0.0,217.57859020594105,19.72094388312923,1103.2868989200565,0.0,0.0
335,-114.29169128588455,-11.429169128588457,0.0,0.0,217.57859020594105,19.72094388312923,1103.2868989200565,0.0,0.0
336,-114.29169128588455,-11.429169128588457,0.0,0.0,217.57859020594105,19.72094388312923,1103.2868989200565,0.0,0.0
337,-114.29169128588455,-11.429169128588457,0.0,0.0,217.57859020594105,19.72094388312923,1103.2868989200565,0.0,0.0
338,-114.29169128588455,-11.429169128588457,0.0,0.0,217.57859020594105,19.72094388312923,1103.2868989200565,0.0,0.0
339,-114.29169128588455,-11.429169128588457,0.0,0.0,217.57859020594105,19.72094388312923,1103.2868989200565,0.0,0.0
340,-114.29169128588455,-11.429169128588457,0.0,0.0,217.57859020594105,19.72094388312923,1103.2868989200565,0.0,0.0
341,-114.29169128588455,-11.429169128588457,0.0,0.0,217.57859020594105,19.72094388312923,1103.2868989200565,0.0,0.0
342,-114.29169128588455,-11.429169128588457,0.0,0.0,217.57859020594105,19.72094388312923,1103.2868989200565,0.0,0.0
343,-114.29169128588455,-11.429169128588457,0.0,0.0,217.57859020594105,19.72094388312923,1103.2868989200565,0.0,0.0
344,-114.29169128588455,-11.429169128588457,0.0,0.0,217.57859020594105,19.72094388312923,1103.2868989200565,0.0,0.0
345,-114.29169128588455,-11.429169128588457,0.0,0.0,217.57859020594105,19.72094388312923,1103.2868989200565,0.0,0.0
346,-114.29169128588455,-11.429169128588457,0.0,0.0,217.57859020594105,19.72094388312923,1103.2868989200565,0.0,0.0
347,-114.29169128588455,-11.429169128588457,0.0,0.0,217.57859020594105,19.72094388312923,1103.2868989200565,0.0,0.0
348,-114.29169128588455,-11.429169128588457,0.0,0.0,217.57859020594105,19.72094388312923,1103.2868989200565,0.0,0.0
349,-114.29169128588455,-11.429169128588457,0.0,0.0,217.57859020594105,19.72094388312923,1103.2868989200565,0.0,0.0
350,-114.29169128588455,-11.429169128588457,0.0,0.0,217.57859020594105,19.72094388312923,1103.2868989200565,0.0,0.0
351,-114.29169128588455,-11.429169128588457,0.0,0.0,217.57859020594105,19.72094388312923,1103.2868989200565,0.0,0.0
352,-114.29169128588455,-11.429169128588457,0.0,0.0,217.57859020594105,19.72094388312923,1103.2868989200565,0.0,0.0
353,-114.29169128588455,-11.429169128588457,0.0,0.0,217.57859020594105,19.72094388312923,1103.2868989200565,0.0,0.0
354,-114.29169128588455,-11.429169128588457,0.0,0.0,217.57859020594105,19.72094388312923,1103.2868989200565,0.0,0.0
355,-114.29169128588455,-11.429169128588457,0.0,0.0,217.57859020594105,19.72094388312923,1103.2868989200565,0.0,0.0
356,-114.29169128588455,-11.429169128588457,0.0,0.0,217.57859020594105,19.72094388312923,1103.2868989200565,0.0,0.0
357,-114.29169128588455,-11.429169128588457,0.0,0.0,217.57859020594105,19.72094388312923,1103.2868989200565,0.0,0.0
358,-114.29169128588455,-11.429169128588457,0.0,0.0,217.57859020594105,19.72094388312923,1103.2868989200565,0.0,0.0
359,-114.29169128588455,-11.429169128588457,0.0,0.0,217.57859020594105,19.72094388312923,1103.2868989200565,0.0,0.0
360,-115.17651477111337,-11.517651477111334,-0.8848234852288215,-0.09990009990009652,218.46341369116988,19.801142740388837,1103.2868989200565,0.0,0.0
361,-115.17651477111337,-11.517651477111334,0.0,0.0,218.46341369116988,19.801142740388837,1103.2868989200565,0.0,0.0
362,-108.31736565563779,-10.831736565563777,6.859149115475589,0.7751997127089405,211.6042645756943,19.179441429316473,1103.2868989200565,6.859149115475589,0.0
363,-94.59922441695312,-9.459922441695312,13.718141238684666,1.5384555794081711,197.88612333700962,17.936053036676938,1103.2868989200565,20.577290354160255,0.0
364,-109.20904828998209,-10.920904828998212,-14.609823873028972,-1.6136305895718683,212.4959472100386,19.260261987887155,1103.2868989200565,20.577290354160255,0.0
365,-109.20904828998209,-10.920904828998212,0.0,0.0,212.4959472100386,19.260261987887155,1103.2868989200565,0.0,0.0
366,-109.20904828998209,-10.920904828998212,0.0,0.0,212.4959472100386,19.260261987887155,1103.2868989200565,0.0,0.0
367,-109.20904828998209,-10.920904828998212,0.0,0.0,212.4959472100386,19.260261987887155,1103.2868989200565,0.0,0.0
368,-109.20904828998209,-10.920904828998212,0.0,0.0,212.4959472100386,19.260261987887155,1103.2868989200565,0.0,0.0
369,-109.20904828998209,-10.920904828998212,0.0,0.0,212.4959472100386,19.260261987887155,1103.2868989200565,0.0,0.0
370,-109.20904828998209,-10.920904828998212,0.0,0.0,212.4959472100386,19.260261987887155,1103.2868989200565,0.0,0.0
371,-109.20904828998209,-10.920904828998212,0.0,0.0,212.4959472100386,19.260261987887155,1103.2868989200565,0.0,0.0
372,-109.20904828998209,-10.920904828998212,0.0,0.0,212.4959472100386,19.260261987887155,1103.2868989200565,0.0,0.0
373,-109.20904828998209,-10.920904828998212,0.0,0.0,212.4959472100386,19.260261987887155,1103.2868989200565,0.0,0.0
374,-109.20904828998209,-10.920904828998212,0.0,0.0,212.4959472100386,19.260261987887155,1103.2868989200565,0.0,0.0
375,-109.20904828998209,-10.920904828998212,0.0,0.0,212.4959472100386,19.260261987887155,1103.2868989200565,0.0,0.0
376,-109.20904828998209,-10.920904828998212,0.0,0.0,212.4959472100386,19.260261987887155,1103.2868989200565,0.0,0.0
377,-109.20904828998209,-10.920904828998212,0.0,0.0,212.4959472100386,19.260261987887155,1103.2868989200565,0.0,0.0
378,-109.20904828998209,-10.920904828998212,0.0,0.0,212.4959472100386,19.260261987887155,1103.2868989200565,0.0,0.0
379,-109.20904828998209,-10.920904828998212,0.0,0.0,212.4959472100386,19.260261987887155,1103.2868989200565,0.0,0.0
380,-109.20904828998209,-10.920904828998212,0.0,0.0,212.4959472100386,19.260261987887155,1103.2868989200565,0.0,0.0
381,-109.20904828998209,-10.920904828998212,0.0,0.0,212.4959472100386,19.260261987887155,1103.2868989200565,0.0,0.0
382,-109.20904828998209,-10.920904828998212,0.0,0.0,212.4959472100386,19.260261987887155,1103.2868989200565,0.0,0.0
383,-109.20904828998209,-10.920904828998212,0.0,0.0,212.4959472100386,19.260261987887155,1103.2868989200565,0.0,0.0
384,-109.20904828998209,-10.920904828998212,0.0,0.0,212.4959472100386,19.260261987887155,1103.2868989200565,0.0,0.0
385,-109.20904828998209,-10.920904828998212,0.0,0.0,212.4959472100386,19.260261987887155,1103.2868989200565,0.0,0.0
386,-109.20904828998209,-10.920904828998212,0.0,0.0,212.4959472100386,19.260261987887155,1103.2868989200565,0.0,0.0
387,-109.20904828998209,-10.920904828998212,0.0,0.0,212.4959472100386,19.260261987887155,1103.2868989200565,0.0,0.0
388,-109.20904828998209,-10.920904828998212,0.0,0.0,212.4959472100386,19.260261987887155,1103.2868989200565,0.0,0.0
389,-109.20904828998209,-10.920904828998212,0.0,0.0,212.4959472100386,19.260261987887155,1103.2868989200565,0.0,0.0
390,-109.20904828998209,-10.920904828998212,0.0,0.0,212.4959472100386,19.260261987887155,1103.2868989200565,0.0,0.0
391,-109.20904828998209,-10.920904828998212,0.0,0.0,212.4959472100386,19.260261987887155,1103.2868989200565,0.0,0.0
392,-109.20904828998209,-10.920904828998212,0.0,0.0,212.4959472100386,19.260261987887155,1103.2868989200565,0.0,0.0
393,-109.20904828998209,-10.920904828998212,0.0,0.0,212.4959472100386,19.260261987887155,1103.2868989200565,0.0,0.0
394,-109.20904828998209,-10.920904828998212,0.0,0.0,212.4959472100386,19.260261987887155,1103.2868989200565,0.0,0.0
395,-109.20904828998209,-10.920904828998212,0.0,0.0,212.4959472100386,19.260261987887155,1103.2868989200565,0.0,0.0
396,-109.20904828998209,-10.920904828998212,0.0,0.0,212.4959472100386,19.260261987887155,1103.2868989200565,0.0,0.0
397,-109.20904828998209,-10.920904828998212,0.0,0.0,212.4959472100386,19.260261987887155,1103.2868989200565,0.0,0.0
398,-109.20904828998209,-10.920904828998212,0.0,0.0,212.4959472100386,19.260261987887155,1103.2868989200565,0.0,0.0
399,-109.20904828998209,-10.920904828998212,0.0,0.0,212.4959472100386,19.260261987887155,1103.2868989200565,0.0,0.0
400,-109.20904828998209,-10.920904828998212,0.0,0.0,212.4959472100386,19.260261987887155,1103.2868989200565,0.0,0.0
401,-109.20904828998209,-10.920904828998212,0.0,0.0,212.4959472100386,19.260261987887155,1103.2868989200565,0.0,0.0
402,-109.20904828998209,-10.920904828998212,0.0,0.0,212.4959472100386,19.260261987887155,1103.2868989200565,0.0,0.0
403,-109.20904828998209,-10.920904828998212,0.0,0.0,212.4959472100386,19.260261987887155,1103.2868989200565,0.0,0.0
404,-109.20904828998209,-10.920904828998212,0.0,0.0,212.4959472100386,19.260261987887155,1103.2868989200565,0.0,0.0
405,-109.20904828998209,-10.920904828998212,0.0,0.0,212.4959472100386,19.260261987887155,1103.2868989200565,0.0,0.0
406,-109.20904828998209,-10.920904828998212,0.0,0.0,212.4959472100386,19.260261987887155,1103.2868989200565,0.0,0.0
407,-109.20904828998209,-10.920904828998212,0.0,0.0,212.4959472100386,19.260261987887155,1103.2868989200565,0.0,0.0
408,-109.20904828998209,-10.920904828998212,0.0,0.0,212.4959472100386,19.260261987887155,1103.2868989200565,0.0,0.0
409,-109.20904828998209,-10.920904828998212,0.0,0.0,212.4959472100386,19.260261987887155,1103.2868989200565,0.0,0.0
410,-109.20904828998209,-10.920904828998212,0.0,0.0,212.4959472100386,19.260261987887155,1103.2868989200565,0.0,0.0
411,-109.20904828998209,-10.920904828998212,0.0,0.0,212.4959472100386,19.260261987887155,1103.2868989200565,0.0,0.0
412,-109.20904828998209,-10.920904828998212,0.0,0.0,212.4959472100386,19.260261987887155,1103.2868989200565,0.0,0.0
413,-109.20904828998209,-10.920904828998212,0.0,0.0,212.4959472100386,19.260261987887155,1103.2868989200565,0.0,0.0
414,-109.20904828998209,-10.920904828998212,0.0,0.0,212.4959472100386,19.260261987887155,1103.2868989200565,0.0,0.0
415,-109.20904828998209,-10.920904828998212,0.0,0.0,212.4959472100386,19.260261987887155,1103.2868989200565,0.0,0.0
416,-109.20904828998209,-10.920904828998212,0.0,0.0,212.4959472100386,19.260261987887155,1103.2868989200565,0.0,0.0
417,-109.20904828998209,-10.920904828998212,0.0,0.0,212.4959472100386,19.260261987887155,1103.2868989200565,0.0,0.0
418,-109.20904828998209,-10.920904828998212,0.0,0.0,212.4959472100386,19.260261987887155,1103.2868989200565,0.0,0.0
419,-109.20904828998209,-10.920904828998212,0.0,0.0,212.4959472100386,19.260261987887155,1103.2868989200565,0.0,0.0
420,-109.20904828998209,-10.920904828998212,0.0,0.0,212.4959472100386,19.260261987887155,1103.2868989200565,0.0,0.0
421,-109.20904828998209,-10.920904828998212,0.0,0.0,212.4959472100386,19.260261987887155,1103.2868989200565,0.0,0.0
422,-109.20904828998209,-10.920904828998212,0.0,0.0,212.4959472100386,19.260261987887155,1103.2868989200565,0.0,0.0
423,-109.20904828998209,-10.920904828998212,0.0,0.0,212.4959472100386,19.260261987887155,1103.2868989200565,0.0,0.0
424,-109.20904828998209,-10.920904828998212,0.0,0.0,212.4959472100386,19.260261987887155,1103.2868989200565,0.0,0.0
425,-109.20904828998209,-10.920904828998212,0.0,0.0,212.4959472100386,19.260261987887155,1103.2868989200565,0.0,0.0
426,-109.20904828998209,-10.920904828998212,0.0,0.0,212.4959472100386,19.260261987887155,1103.2868989200565,0.0,0.0
427,-109.20904828998209,-10.920904828998212,0.0,0.0,212.4959472100386,19.260261987887155,1103.2868989200565,0.0,0.0
428,-109.20904828998209,-10.920904828998212,0.0,0.0,212.4959472100386,19.260261987887155,1103.2868989200565,0.0,0.0
429,-109.20904828998209,-10.920904828998212,0.0,0.0,212.4959472100386,19.260261987887155,1103.2868989200565,0.0,0.0
430,-109.20904828998209,-10.920904828998212,0.0,0.0,212.4959472100386,19.260261987887155,1103.2868989200565,0.0,0.0
431,-109.20904828998209,-10.920904828998212,0.0,0.0,212.4959472100386,19.260261987887155,1103.2868989200565,0.0,0.0
432,-109.20904828998209,-10.920904828998212,0.0,0.0,212.4959472100386,19.260261987887155,1103.2868989200565,0.0,0.0
433,-109.20904828998209,-10.920904828998212,0.0,0.0,212.4959472100386,19.260261987887155,1103.2868989200565,0.0,0.0
434,-109.20904828998209,-10.920904828998212,0.0,0.0,212.4959472100386,19.260261987887155,1103.2868989200565,0.0,0.0
435,-109.20904828998209,-10.920904828998212,0.0,0.0,212.4959472100386,19.260261987887155,1103.2868989200565,0.0,0.0
436,-109.20904828998209,-10.920904828998212,0.0,0.0,212.4959472100386,19.260261987887155,1103.2868989200565,0.0,0.0
437,-109.20904828998209,-10.920904828998212,0.0,0.0,212.4959472100386,19.260261987887155,1103.2868989200565,0.0,0.0
438,-109.20904828998209,-10.920904828998212,0.0,0.0,212.4959472100386,19.260261987887155,1103.2868989200565,0.0,0.0
439,-109.20904828998209,-10.920904828998212,0.0,0.0,212.4959472100386,19.260261987887155,1103.2868989200565,0.0,0.0
440,-109.20904828998209,-10.920904828998212,0.0,0.0,212.4959472100386,19.260261987887155,1103.2868989200565,0.0,0.0
441,-109.20904828998209,-10.920904828998212,0.0,0.0,212.4959472100386,19.260261987887155,1103.2868989200565,0.0,0.0
442,-109.20904828998209,-10.920904828998212,0.0,0.0,212.4959472100386,19.260261987887155,1103.2868989200565,0.0,0.0
443,-109.20904828998209,-10.920904828998212,0.0,0.0,212.4959472100386,19.260261987887155,1103.2868989200565,0.0,0.0
444,-109.20904828998209,-10.920904828998212,0.0,0.0,212.4959472100386,19.260261987887155,1103.2868989200565,0.0,0.0
445,-109.20904828998209,-10.920904828998212,0.0,0.0,212.4959472100386,19.260261987887155,1103.2868989200565,0.0,0.0
446,-109.20904828998209,-10.920904828998212,0.0,0.0,212.4959472100386,19.260261987887155,1103.2868989200565,0.0,0.0
447,-109.20904828998209,-10.920904828998212,0.0,0.0,212.4959472100386,19.260261987887155,1103.2868989200565,0.0,0.0
448,-109.20904828998209,-10.920904828998212,0.0,0.0,212.4959472100386,19.260261987887155,1103.2868989200565,0.0,0.0
449,-109.20904828998209,-10.920904828998212,0.0,0.0,212.4959472100386,19.260261987887155,1103.2868989200565,0.0,0.0
450,-109.20904828998209,-10.920904828998212,0.0,0.0,212.4959472100386,19.260261987887155,1103.2868989200565,0.0,0.0
451,-109.20904828998209,-10.920904828998212,0.0,0.0,212.4959472100386,19.260261987887155,1103.2868989200565,0.0,0.0
452,-109.20904828998209,-10.920904828998212,0.0,0.0,212.4959472100386,19.260261987887155,1103.2868989200565,0.0,0.0
453,-109.20904828998209,-10.920904828998212,0.0,0.0,212.4959472100386,19.260261987887155,1103.2868989200565,0.0,0.0
454,-110.09894934064141,-11.009894934064146,-0.8899010506593186,-0.09990009990009652,213.3858482606979,19.34092106682033,1103.2868989200565,0.0,0.0
455,-120.82048613155428,-12.082048613155427,-10.721536790912864,-1.2048010037710277,224.10738505161078,20.31270245943974,1103.2868989200565,0.0,-10.721536790912864
456,-110.09894934064141,-11.009894934064146,10.721536790912864,1.2194934733792184,213.3858482606979,19.34092106682033,1103.2868989200565,0.0,-10.721536790912864
457,-110.09894934064141,-11.009894934064146,0.0,0.0,213.3858482606979,19.34092106682033,1103.2868989200565,0.0,-10.721536790912864
458,-142.26405051387417,-14.226405051387413,-32.165101173232756,-3.614458163567791,245.55094943393067,22.256309729979233,1103.2868989200565,0.0,-32.165101173232756
459,-100.27778998233202,-10.027778998233206,41.98626053154214,4.89501000356769,203.56468890238853,18.450748314119036,1103.2868989200565,9.821159358309387,-32.165101173232756
460,-100.27778998233202,-10.027778998233206,0.0,0.0,203.56468890238853,18.450748314119036,1103.2868989200565,0.0,0.0
461,-100.27778998233202,-10.027778998233206,0.0,0.0,203.56468890238853,18.450748314119036,1103.2868989200565,0.0,0.0
462,-100.27778998233202,-10.027778998233206,0.0,0.0,203.56468890238853,18.450748314119036,1103.2868989200565,0.0,0.0
463,-100.27778998233202,-10.027778998233206,0.0,0.0,203.56468890238853,18.450748314119036,1103.2868989200565,0.0,0.0
464,-100.27778998233202,-10.027778998233206,0.0,0.0,203.56468890238853,18.450748314119036,1103.2868989200565,0.0,0.0
465,-100.27778998233202,-10.027778998233206,0.0,0.0,203.56468890238853,18.450748314119036,1103.2868989200565,0.0,0.0
466,-100.27778998233202,-10.027778998233206,0.0,0.0,203.56468890238853,18.450748314119036,1103.2868989200565,0.0,0.0
467,-100.27778998233202,-10.027778998233206,0.0,0.0,203.56468890238853,18.450748314119036,1103.2868989200565,0.0,0.0
468,-100.27778998233202,-10.027778998233206,0.0,0.0,203.56468890238853,18.450748314119036,1103.2868989200565,0.0,0.0
469,-100.27778998233202,-10.027778998233206,0.0,0.0,203.56468890238853,18.450748314119036,1103.2868989200565,0.0,0.0
470,-100.27778998233202,-10.027778998233206,0.0,0.0,203.56468890238853,18.450748314119036,1103.2868989200565,0.0,0.0
471,-100.27778998233202,-10.027778998233206,0.0,0.0,203.56468890238853,18.450748314119036,1103.2868989200565,0.0,0.0
472,-100.27778998233202,-10.027778998233206,0.0,0.0,203.56468890238853,18.450748314119036,1103.2868989200565,0.0,0.0
473,-100.27778998233202,-10.027778998233206,0.0,0.0,203.56468890238853,18.450748314119036,1103.2868989200565,0.0,0.0
474,-100.27778998233202,-10.027778998233206,0.0,0.0,203.56468890238853,18.450748314119036,1103.2868989200565,0.0,0.0
475,-100.27778998233202,-10.027778998233206,0.0,0.0,203.56468890238853,18.450748314119036,1103.2868989200565,0.0,0.0
476,-100.27778998233202,-10.027778998233206,0.0,0.0,203.56468890238853,18.450748314119036,1103.2868989200565,0.0,0.0
477,-100.27778998233202,-10.027778998233206,0.0,0.0,203.56468890238853,18.450748314119036,1103.2868989200565,0.0,0.0
478,-100.27778998233202,-10.027778998233206,0.0,0.0,203.56468890238853,18.450748314119036,1103.2868989200565,0.0,0.0
479,-100.27778998233202,-10.027778998233206,0.0,0.0,203.56468890238853,18.450748314119036,1103.2868989200565,0.0,0.0
480,-100.27778998233202,-10.027778998233206,0.0,0.0,203.56468890238853,18.450748314119036,1103.2868989200565,0.0,0.0
481,-100.27778998233202,-10.027778998233206,0.0,0.0,203.56468890238853,18.450748314119036,1103.2868989200565,0.0,0.0
482,-100.27778998233202,-10.027778998233206,0.0,0.0,203.56468890238853,18.450748314119036,1103.2868989200565,0.0,0.0
483,-100.27778998233202,-10.027778998233206,0.0,0.0,203.56468890238853,18.450748314119036,1103.2868989200565,0.0,0.0
484,-100.27778998233202,-10.027778998233206,0.0,0.0,203.56468890238853,18.450748314119036,1103.2868989200565,0.0,0.0
485,-100.27778998233202,-10.027778998233206,0.0,0.0,203.56468890238853,18.450748314119036,1103.2868989200565,0.0,0.0
486,-100.27778998233202,-10.027778998233206,0.0,0.0,203.56468890238853,18.450748314119036,1103.2868989200565,0.0,0.0
487,-100.27778998233202,-10.027778998233206,0.0,0.0,203.56468890238853,18.450748314119036,1103.2868989200565,0.0,0.0
488,-100.27778998233202,-10.027778998233206,0.0,0.0,203.56468890238853,18.450748314119036,1103.2868989200565,0.0,0.0
489,-100.27778998233202,-10.027778998233206,0.0,0.0,203.56468890238853,18.450748314119036,1103.2868989200565,0.0,0.0
490,-100.27778998233202,-10.027778998233206,0.0,0.0,203.56468890238853,18.450748314119036,1103.2868989200565,0.0,0.0
491,-101.17661336896299,-10.1176613368963,-0.8988233866309656,-0.09990009990009652,204.4635122890195,18.53221609802101,1103.2868989200565,0.0,0.0
492,-24.86142565725868,-2.4861425657258684,76.31518771170431,8.490565426623832,128.14832457731518,11.615140604202963,1103.2868989200565,76.31518771170431,0.0
493,-0.4236067236039389,-0.04236067236039753,24.43781893365474,2.5060867836272704,103.71050564366044,9.400139324157356,1103.2868989200565,100.75300664535905,0.0
494,-0.4236067236039389,-0.04236067236039753,0.0,0.0,103.71050564366044,9.400139324157356,1103.2868989200565,0.0,0.0
495,-0.4236067236039389,-0.04236067236039753,0.0,0.0,103.71050564366044,9.400139324157356,1103.2868989200565,0.0,0.0
496,-0.4236067236039389,-0.04236067236039753,0.0,0.0,103.71050564366044,9.400139324157356,1103.2868989200565,0.0,0.0
497,-0.4236067236039389,-0.04236067236039753,0.0,0.0,103.71050564366044,9.400139324157356,1103.2868989200565,0.0,0.0
498,-0.4236067236039389,-0.04236067236039753,0.0,0.0,103.71050564366044,9.400139324157356,1103.2868989200565,0.0,0.0
499,-0.4236067236039389,-0.04236067236039753,0.0,0.0,103.71050564366044,9.400139324157356,1103.2868989200565,0.0,0.0
500,-0.4236067236039389,-0.04236067236039753,0.0,0.0,103.71050564366044,9.400139324157356,1103.2868989200565,0.0,0.0
501,-0.4236067236039389,-0.04236067236039753,0.0,0.0,103.71050564366044,9.400139324157356,1103.2868989200565,0.0,0.0
502,-0.4236067236039389,-0.04236067236039753,0.0,0.0,103.71050564366044,9.400139324157356,1103.2868989200565,0.0,0.0
503,-0.4236067236039389,-0.04236067236039753,0.0,0.0,103.71050564366044,9.400139324157356,1103.2868989200565,0.0,0.0
504,-0.4236067236039389,-0.04236067236039753,0.0,0.0,103.71050564366044,9.400139324157356,1103.2868989200565,0.0,0.0
505,-0.4236067236039389,-0.04236067236039753,0.0,0.0,103.71050564366044,9.400139324157356,1103.2868989200565,0.0,0.0
506,-1.422184539064915,-0.14221845390649523,-0.9985778154609761,-0.09990009990010762,104.70908345912142,9.490648675481877,1103.2868989200565,0.0,0.0
507,-16.903952076876863,-1.6903952076876894,-15.481767537811947,-1.5503816826398897,120.19085099693336,10.893889079493395,1103.2868989200565,0.0,-15.481767537811947
508,-24.644924433505253,-2.46449244335053,-7.74097235662839,-0.7874075348977216,127.93182335356175,11.595517310935785,1103.2868989200565,0.0,-23.222739894440338
509,-16.903952076876863,-1.6903952076876894,7.74097235662839,0.79365684872581,120.19085099693336,10.893889079493395,1103.2868989200565,0.0,-23.222739894440338
510,5.312469029745898,0.5312469029745914,22.21642110662276,2.2598423779199406,97.9744298903106,8.880231423595447,1103.2868989200565,6.734653568810813,-23.222739894440338
511,5.312469029745898,0.5312469029745914,0.0,0.0,97.9744298903106,8.880231423595447,1103.2868989200565,0.0,0.0
512,5.312469029745898,0.5312469029745914,0.0,0.0,97.9744298903106,8.880231423595447,1103.2868989200565,0.0,0.0
513,5.312469029745898,0.5312469029745914,0.0,0.0,97.9744298903106,8.880231423595447,1103.2868989200565,0.0,0.0
514,5.312469029745898,0.5312469029745914,0.0,0.0,97.9744298903106,8.880231423595447,1103.2868989200565,0.0,0.0
515,4.308160868877167,0.43081608688770867,-1.0043081608687316,-0.09990009990008542,98.97873805117933,8.971260163432003,1103.2868989200565,0.0,0.0
516,4.308160868877167,0.43081608688770867,0.0,0.0,98.97873805117933,8.971260163432003,1103.2868989200565,0.0,0.0
517,43.84778953358409,4.384778953358404,39.539628664706925,3.937001630107151,59.43910938647241,5.387457192200316,1103.2868989200565,39.539628664706925,0.0
518,43.84778953358409,4.384778953358404,0.0,0.0,59.43910938647241,5.387457192200316,1103.2868989200565,39.539628664706925,0.0
519,43.84778953358409,4.384778953358404,0.0,0.0,59.43910938647241,5.387457192200316,1103.2868989200565,39.539628664706925,0.0
520,59.663604799800396,5.9663604799800485,15.815815266216305,1.5151457353071773,43.623294120256105,3.9539392847822645,1103.2868989200565,55.35544393092323,0.0
521,107.11123159678141,10.711123159678149,47.44762679698101,4.477612195234837,0.0,0.0,1107.1112315967814,102.80307072790424,0.0
522,91.2954163305651,9.129541633056505,-15.815815266216305,-1.4285660568545744,15.815815266216305,1.4285660568545788,1107.1112315967814,102.80307072790424,0.0
523,91.2954163305651,9.129541633056505,0.0,0.0,15.815815266216305,1.4285660568545788,1107.1112315967814,102.80307072790424,0.0
524,99.20341446283942,9.920341446283931,7.907998132274315,0.7246432097061772,7.90781713394199,0.714274854075555,1107.1112315967814,102.80307072790424,0.0
525,99.20341446283942,9.920341446283931,0.0,0.0,7.90781713394199,0.714274854075555,1107.1112315967814,102.80307072790424,0.0
526,99.20341446283942,9.920341446283931,0.0,0.0,7.90781713394199,0.714274854075555,1107.1112315967814,102.80307072790424,0.0
527,115.01922972905572,11.501922972905575,15.815815266216305,1.4388433531154154,0.0,0.0,1115.0192297290557,110.71106886017856,0.0
528,178.28267179225304,17.8282671792253,63.26344206319732,5.673753454330122,0.0,0.0,1178.282671792253,173.97451092337587,0.0
529,186.19066992452736,18.619066992452726,7.907998132274315,0.6711460943616965,0.0,0.0,1186.1906699245274,181.8825090556502,0.0
530,154.55885839376242,15.455885839376249,-31.631811530764935,-2.6666717529296946,31.631811530764935,2.666671752929699,1186.1906699245274,181.8825090556502,0.0
531,83.38741819829079,8.338741819829076,-71.17144019547163,-6.164383883770663,102.80325172623657,8.666671752929698,1186.1906699245274,181.8825090556502,0.0
532,83.38741819829079,8.338741819829076,0.0,0.0,102.80325172623657,8.666671752929698,1186.1906699245274,181.8825090556502,0.0
533,83.38741819829079,8.338741819829076,0.0,0.0,102.80325172623657,8.666671752929698,1186.1906699245274,181.8825090556502,0.0
534,67.57160293207448,6.757160293207454,-15.815815266216305,-1.4598485269949446,118.61906699245287,10.000000000000012,1186.1906699245274,181.8825090556502,0.0
535,59.663604799800396,5.9663604799800485,-7.907998132274088,-0.7407463921440871,126.52706512472696,10.666671752929686,1186.1906699245274,181.8825090556502,0.0
536,51.75578766585818,5.175578766585809,-7.907817133942217,-0.7462573120491589,134.43488225866918,11.333328247070325,1186.1906699245274,181.8825090556502,0.0
537,12.215978002819156,1.221597800281926,-39.53980966303902,-3.7594097533600435,173.9746919217082,14.666671752929696,1186.1906699245274,181.8825090556502,0.0
538,43.84778953358409,4.384778953358404,31.631811530764935,3.12500614672937,142.34288039094326,11.999999999999998,1186.1906699245274,181.8825090556502,0.0
539,28.031974267367787,2.803197426736781,-15.815815266216305,-1.5151457353071773,158.15869565715957,13.33332824707031,1186.1906699245274,181.8825090556502,0.0
540,28.031974267367787,2.803197426736781,0.0,0.0,158.15869565715957,13.33332824707031,1186.1906699245274,181.8825090556502,0.0
541,51.75578766585818,5.175578766585809,23.723813398490393,2.307692172259257,134.43488225866918,11.333328247070325,1186.1906699245274,181.8825090556502,0.0
542,43.84778953358409,4.384778953358404,-7.907998132274088,-0.7518853925039148,142.34288039094326,11.999999999999998,1186.1906699245274,181.8825090556502,0.0
543,43.84778953358409,4.384778953358404,0.0,0.0,142.34288039094326,11.999999999999998,1186.1906699245274,181.8825090556502,0.0
544,35.939791401309776,3.593979140130976,-7.907998132274315,-0.7575815374201045,150.25087852321758,12.666671752929693,1186.1906699245274,181.8825090556502,0.0
545,12.215978002819156,1.221597800281926,-23.72381339849062,-2.2900764692511233,173.9746919217082,14.666671752929696,1186.1906699245274,181.8825090556502,0.0
546,4.308160868877167,0.43081608688770867,-7.90781713394199,-0.7812381256364631,181.8825090556502,15.333328247070318,1186.1906699245274,181.8825090556502,0.0
547,-66.86327932659447,-6.686327932659442,-71.17144019547163,-7.086613747507309,253.05394925112182,21.333328247070316,1186.1906699245274,181.8825090556502,-71.17144019547163
548,-58.955462192652476,-5.895546219265246,7.90781713394199,0.8474446411491865,245.14613211717983,20.666671752929698,1186.1906699245274,181.8825090556502,-71.17144019547163
549,-43.13946592810396,-4.3139465928103915,15.815996264548517,1.6806851991724159,229.33013585263132,19.33332824707032,1186.1906699245274,181.8825090556502,-71.17144019547163
550,-27.323650661887655,-2.732365066188769,15.815815266216305,1.6528861524795602,213.514320586415,18.000000000000007,1186.1906699245274,181.8825090556502,-71.17144019547163
551,-3.5998372633971485,-0.35998372633971876,23.723813398490506,2.4390243902439046,189.7905071879245,16.00000000000001,1186.1906699245274,181.8825090556502,-71.17144019547163
552,-3.5998372633971485,-0.35998372633971876,0.0,0.0,189.7905071879245,16.00000000000001,1186.1906699245274,181.8825090556502,-71.17144019547163
553,35.939791401309776,3.593979140130976,39.539628664706925,3.968247913178957,150.25087852321758,12.666671752929693,1186.1906699245274,181.8825090556502,-71.17144019547163
554,91.2954163305651,9.129541633056505,55.35562492925533,5.343517585551583,94.89525359396225,8.000000000000005,1186.1906699245274,181.8825090556502,-71.17144019547163
555,91.2954163305651,9.129541633056505,0.0,0.0,94.89525359396225,8.000000000000005,1186.1906699245274,181.8825090556502,-71.17144019547163
556,99.20341446283942,9.920341446283931,7.907998132274315,0.7246432097061772,86.98725546168794,7.3333282470703125,1186.1906699245274,181.8825090556502,-71.17144019547163
557,51.75578766585818,5.175578766585809,-47.44762679698124,-4.316546525664499,134.43488225866918,11.333328247070325,1186.1906699245274,181.8825090556502,-71.17144019547163
558,75.4796010643488,7.547960106434881,23.72381339849062,2.2556389683521916,110.71106886017856,9.33332824707032,1186.1906699245274,181.8825090556502,-71.17144019547163
559,91.2954163305651,9.129541633056505,15.815815266216305,1.4705825429477404,94.89525359396225,8.000000000000005,1186.1906699245274,181.8825090556502,-71.17144019547163
560,107.11123159678141,10.711123159678149,15.815815266216305,1.449269833772071,79.07943832774595,6.666671752929693,1186.1906699245274,181.8825090556502,-71.17144019547163
561,107.11123159678141,10.711123159678149,0.0,0.0,79.07943832774595,6.666671752929693,1186.1906699245274,181.8825090556502,-71.17144019547163
562,138.74304312754612,13.874304312754603,31.631811530764708,2.8571484624126064,47.44762679698124,4.000000000000012,1186.1906699245274,181.8825090556502,-71.17144019547163
563,154.55885839376242,15.455885839376249,15.815815266216305,1.3888835906982422,31.631811530764935,2.666671752929699,1186.1906699245274,181.8825090556502,-71.17144019547163
564,115.01922972905572,11.501922972905575,-39.5396286647067,-3.4246524875929496,71.17144019547163,5.999999999999999,1186.1906699245274,181.8825090556502,-71.17144019547163
565,115.01922972905572,11.501922972905575,0.0,0.0,71.17144019547163,5.999999999999999,1186.1906699245274,181.8825090556502,-71.17144019547163
566,99.20341446283942,9.920341446283931,-15.815815266216305,-1.4184343053939452,86.98725546168794,7.3333282470703125,1186.1906699245274,181.8825090556502,-71.17144019547163
567,51.75578766585818,5.175578766585809,-47.44762679698124,-4.316546525664499,134.43488225866918,11.333328247070325,1186.1906699245274,181.8825090556502,-71.17144019547163
568,12.215978002819156,1.221597800281926,-39.53980966303902,-3.7594097533600435,173.9746919217082,14.666671752929696,1186.1906699245274,181.8825090556502,-71.17144019547163
569,35.939791401309776,3.593979140130976,23.72381339849062,2.3437501396984084,150.25087852321758,12.666671752929693,1186.1906699245274,181.8825090556502,-71.17144019547163
570,51.75578766585818,5.175578766585809,15.815996264548403,1.526729294098672,134.43488225866918,11.333328247070325,1186.1906699245274,181.8825090556502,-71.17144019547163
571,28.031974267367787,2.803197426736781,-23.723813398490393,-2.2556389683521694,158.15869565715957,13.33332824707031,1186.1906699245274,181.8825090556502,-71.17144019547163
572,12.215978002819156,1.221597800281926,-15.81599626454863,-1.5384731857022271,173.9746919217082,14.666671752929696,1186.1906699245274,181.8825090556502,-71.17144019547163
573,-3.5998372633971485,-0.35998372633971876,-15.815815266216305,-1.5624941326674358,189.7905071879245,16.00000000000001,1186.1906699245274,181.8825090556502,-71.17144019547163
574,-3.5998372633971485,-0.35998372633971876,0.0,0.0,189.7905071879245,16.00000000000001,1186.1906699245274,181.8825090556502,-71.17144019547163
575,4.308160868877167,0.43081608688770867,7.907998132274315,0.7936568487258322,181.8825090556502,15.333328247070318,1186.1906699245274,181.8825090556502,-71.17144019547163
576,12.215978002819156,1.221597800281926,7.90781713394199,0.7873895127069819,173.9746919217082,14.666671752929696,1186.1906699245274,181.8825090556502,-71.17144019547163
577,-19.41565252961334,-1.9415652529613303,-31.631630532432496,-3.1249882653348493,205.6063224541407,17.333328247070316,1186.1906699245274,181.8825090556502,-71.17144019547163
578,-19.41565252961334,-1.9415652529613303,0.0,0.0,205.6063224541407,17.333328247070316,1186.1906699245274,181.8825090556502,-71.17144019547163
579,-3.5998372633971485,-0.35998372633971876,15.815815266216191,1.6128969738316012,189.7905071879245,16.00000000000001,1186.1906699245274,181.8825090556502,-71.17144019547163
580,-19.41565252961334,-1.9415652529613303,-15.815815266216191,-1.5872955322265514,205.6063224541407,17.333328247070316,1186.1906699245274,181.8825090556502,-71.17144019547163
581,-20.396236877083766,-2.0396236877083807,-0.9805843474704261,-0.10000000000000009,206.58690680161112,17.415994918823248,1186.1906699245274,181.8825090556502,-71.17144019547163
582,-20.396236877083766,-2.0396236877083807,0.0,0.0,206.58690680161112,17.415994918823248,1186.1906699245274,0.0,0.0
583,-20.396236877083766,-2.0396236877083807,0.0,0.0,206.58690680161112,17.415994918823248,1186.1906699245274,0.0,0.0
584,-21.37486201506863,-2.1374862015068663,-0.9786251379848636,-0.09990009990009652,207.56553193959599,17.49849642240084,1186.1906699245274,0.0,0.0
585,-13.904383684553864,-1.3904383684553823,7.470478330514766,0.763364647049336,200.09505360908122,16.868709110805305,1186.1906699245274,7.470478330514766,0.0
586,-58.72691169889231,-5.872691169889233,-44.822528014338445,-4.545454545454541,244.91758162341966,20.647404151223245,1186.1906699245274,7.470478330514766,-37.35204968382368
587,-88.60865403657635,-8.860865403657636,-29.881742337684045,-3.1746092296782047,274.7993239611037,23.166538983027753,1186.1906699245274,7.470478330514766,-67.23379202150772
588,-51.25643336837754,-5.12564333683776,37.35222066819881,4.098373419237822,237.4471032929049,20.01761683962771,1186.1906699245274,7.470478330514766,-67.23379202150772
589,-73.66769737554682,-7.366769737554679,-22.41126400716928,-2.3622045825024363,259.8583673000742,21.90696435983668,1186.1906699245274,7.470478330514766,-67.23379202150772
590,-73.66769737554682,-7.366769737554679,0.0,0.0,259.8583673000742,21.90696435983668,1186.1906699245274,7.470478330514766,-67.23379202150772
591,-58.72691169889231,-5.872691169889233,14.940785676654514,1.6128969738316234,244.91758162341966,20.647404151223245,1186.1906699245274,7.470478330514766,-67.23379202150772
592,-88.60865403657635,-8.860865403657636,-29.881742337684045,-3.1746092296782047,274.7993239611037,23.166538983027753,1186.1906699245274,7.470478330514766,-67.23379202150772
593,-88.60865403657635,-8.860865403657636,0.0,0.0,274.7993239611037,23.166538983027753,1186.1906699245274,7.470478330514766,-67.23379202150772
594,-81.13817570606159,-8.113817570606162,7.470478330514766,0.8196784360090525,267.32884563058894,22.536751671432217,1186.1906699245274,7.470478330514766,-67.23379202150772
595,-66.19739002940707,-6.6197390029407055,14.940785676654514,1.6260100574028158,252.38805995393443,21.27719146281878,1186.1906699245274,7.470478330514766,-67.23379202150772
596,-111.01991804374552,-11.101991804374556,-44.822528014338445,-4.800000292968765,297.2105879682729,25.055886503236717,1186.1906699245274,7.470478330514766,-89.64505602867689
597,-119.37173516449536,-11.93717351644954,-8.351817120749843,-0.9394830424514278,305.5624050890227,25.759973740854363,1186.1906699245274,7.470478330514766,-97.99687314942673
598,-119.37173516449536,-11.93717351644954,0.0,0.0,305.5624050890227,25.759973740854363,1186.1906699245274,0.0,0.0
599,-119.37173516449536,-11.93717351644954,0.0,0.0,305.5624050890227,25.759973740854363,1186.1906699245274,0.0,0.0
600,-119.37173516449536,-11.93717351644954,0.0,0.0,305.5624050890227,25.759973740854363,1186.1906699245274,0.0,0.0
601,-119.37173516449536,-11.93717351644954,0.0,0.0,305.5624050890227,25.759973740854363,1186.1906699245274,0.0,0.0
602,-119.37173516449536,-11.93717351644954,0.0,0.0,305.5624050890227,25.759973740854363,1186.1906699245274,0.0,0.0
603,-119.37173516449536,-11.93717351644954,0.0,0.0,305.5624050890227,25.759973740854363,1186.1906699245274,0.0,0.0
604,-119.37173516449536,-11.93717351644954,0.0,0.0,305.5624050890227,25.759973740854363,1186.1906699245274,0.0,0.0
605,-119.37173516449536,-11.93717351644954,0.0,0.0,305.5624050890227,25.759973740854363,1186.1906699245274,0.0,0.0
606,-119.37173516449536,-11.93717351644954,0.0,0.0,305.5624050890227,25.759973740854363,1186.1906699245274,0.0,0.0
607,-119.37173516449536,-11.93717351644954,0.0,0.0,305.5624050890227,25.759973740854363,1186.1906699245274,0.0,0.0
608,-119.37173516449536,-11.93717351644954,0.0,0.0,305.5624050890227,25.759973740854363,1186.1906699245274,0.0,0.0
609,-119.37173516449536,-11.93717351644954,0.0,0.0,305.5624050890227,25.759973740854363,1186.1906699245274,0.0,0.0
610,-119.37173516449536,-11.93717351644954,0.0,0.0,305.5624050890227,25.759973740854363,1186.1906699245274,0.0,0.0
611,-119.37173516449536,-11.93717351644954,0.0,0.0,305.5624050890227,25.759973740854363,1186.1906699245274,0.0,0.0
612,-119.37173516449536,-11.93717351644954,0.0,0.0,305.5624050890227,25.759973740854363,1186.1906699245274,0.0,0.0
613,-119.37173516449536,-11.93717351644954,0.0,0.0,305.5624050890227,25.759973740854363,1186.1906699245274,0.0,0.0
614,-119.37173516449536,-11.93717351644954,0.0,0.0,305.5624050890227,25.759973740854363,1186.1906699245274,0.0,0.0
615,-119.37173516449536,-11.93717351644954,0.0,0.0,305.5624050890227,25.759973740854363,1186.1906699245274,0.0,0.0
616,-119.37173516449536,-11.93717351644954,0.0,0.0,305.5624050890227,25.759973740854363,1186.1906699245274,0.0,0.0
617,-119.37173516449536,-11.93717351644954,0.0,0.0,305.5624050890227,25.759973740854363,1186.1906699245274,0.0,0.0
618,-119.37173516449536,-11.93717351644954,0.0,0.0,305.5624050890227,25.759973740854363,1186.1906699245274,0.0,0.0
619,-119.37173516449536,-11.93717351644954,0.0,0.0,305.5624050890227,25.759973740854363,1186.1906699245274,0.0,0.0
620,-119.37173516449536,-11.93717351644954,0.0,0.0,305.5624050890227,25.759973740854363,1186.1906699245274,0.0,0.0
621,-119.37173516449536,-11.93717351644954,0.0,0.0,305.5624050890227,25.759973740854363,1186.1906699245274,0.0,0.0
622,-119.37173516449536,-11.93717351644954,0.0,0.0,305.5624050890227,25.759973740854363,1186.1906699245274,0.0,0.0
623,-119.37173516449536,-11.93717351644954,0.0,0.0,305.5624050890227,25.759973740854363,1186.1906699245274,0.0,0.0
624,-119.37173516449536,-11.93717351644954,0.0,0.0,305.5624050890227,25.759973740854363,1186.1906699245274,0.0,0.0
625,-120.25148368081443,-12.025148368081439,-0.8797485163190686,-0.09990009990008542,306.4421536053418,25.834139601253103,1186.1906699245274,0.0,0.0
626,-112.46603865722204,-11.246603865722204,7.785445023592388,0.8849625636387692,298.6567085817494,25.17779950172359,1186.1906699245274,7.785445023592388,0.0
627,-96.89532680337288,-9.689532680337287,15.570711853849161,1.7543792724609375,283.08599672790024,23.865134324982666,1186.1906699245274,23.35615687744155,0.0
628,-81.32443675618822,-8.132443675618816,15.570890047184662,1.7241511985615077,267.5151066807156,22.55245412592366,1186.1906699245274,38.92704692462621,0.0
629,-96.89532680337288,-9.689532680337287,-15.570890047184662,-1.6949280758273733,283.08599672790024,23.865134324982666,1186.1906699245274,38.92704692462621,0.0
630,-121.13123219713361,-12.113123219713362,-24.23590539376073,-2.6836208595815814,307.32190212166097,25.90830546165185,1186.1906699245274,38.92704692462621,-0.8797485163191823
631,-121.13123219713361,-12.113123219713362,0.0,0.0,307.32190212166097,25.90830546165185,1186.1906699245274,0.0,0.0
632,-121.13123219713361,-12.113123219713362,0.0,0.0,307.32190212166097,25.90830546165185,1186.1906699245274,0.0,0.0
633,-121.13123219713361,-12.113123219713362,0.0,0.0,307.32190212166097,25.90830546165185,1186.1906699245274,0.0,0.0
634,-121.13123219713361,-12.113123219713362,0.0,0.0,307.32190212166097,25.90830546165185,1186.1906699245274,0.0,0.0
635,-121.13123219713361,-12.113123219713362,0.0,0.0,307.32190212166097,25.90830546165185,1186.1906699245274,0.0,0.0
636,-121.13123219713361,-12.113123219713362,0.0,0.0,307.32190212166097,25.90830546165185,1186.1906699245274,0.0,0.0
637,-121.13123219713361,-12.113123219713362,0.0,0.0,307.32190212166097,25.90830546165185,1186.1906699245274,0.0,0.0
638,-121.13123219713361,-12.113123219713362,0.0,0.0,307.32190212166097,25.90830546165185,1186.1906699245274,0.0,0.0
639,-121.13123219713361,-12.113123219713362,0.0,0.0,307.32190212166097,25.90830546165185,1186.1906699245274,0.0,0.0
640,-121.13123219713361,-12.113123219713362,0.0,0.0,307.32190212166097,25.90830546165185,1186.1906699245274,0.0,0.0
641,-121.13123219713361,-12.113123219713362,0.0,0.0,307.32190212166097,25.90830546165185,1186.1906699245274,0.0,0.0
642,-121.13123219713361,-12.113123219713362,0.0,0.0,307.32190212166097,25.90830546165185,1186.1906699245274,0.0,0.0
643,-121.13123219713361,-12.113123219713362,0.0,0.0,307.32190212166097,25.90830546165185,1186.1906699245274,0.0,0.0
644,-121.13123219713361,-12.113123219713362,0.0,0.0,307.32190212166097,25.90830546165185,1186.1906699245274,0.0,0.0
645,-121.13123219713361,-12.113123219713362,0.0,0.0,307.32190212166097,25.90830546165185,1186.1906699245274,0.0,0.0
646,-121.13123219713361,-12.113123219713362,0.0,0.0,307.32190212166097,25.90830546165185,1186.1906699245274,0.0,0.0
647,-121.13123219713361,-12.113123219713362,0.0,0.0,307.32190212166097,25.90830546165185,1186.1906699245274,0.0,0.0
648,-121.13123219713361,-12.113123219713362,0.0,0.0,307.32190212166097,25.90830546165185,1186.1906699245274,0.0,0.0
649,-121.13123219713361,-12.113123219713362,0.0,0.0,307.32190212166097,25.90830546165185,1186.1906699245274,0.0,0.0
650,-121.13123219713361,-12.113123219713362,0.0,0.0,307.32190212166097,25.90830546165185,1186.1906699245274,0.0,0.0
651,-121.13123219713361,-12.113123219713362,0.0,0.0,307.32190212166097,25.90830546165185,1186.1906699245274,0.0,0.0
652,-121.13123219713361,-12.113123219713362,0.0,0.0,307.32190212166097,25.90830546165185,1186.1906699245274,0.0,0.0
653,-121.13123219713361,-12.113123219713362,0.0,0.0,307.32190212166097,25.90830546165185,1186.1906699245274,0.0,0.0
654,-121.13123219713361,-12.113123219713362,0.0,0.0,307.32190212166097,25.90830546165185,1186.1906699245274,0.0,0.0
655,-121.13123219713361,-12.113123219713362,0.0,0.0,307.32190212166097,25.90830546165185,1186.1906699245274,0.0,0.0
656,-121.13123219713361,-12.113123219713362,0.0,0.0,307.32190212166097,25.90830546165185,1186.1906699245274,0.0,0.0
657,-121.13123219713361,-12.113123219713362,0.0,0.0,307.32190212166097,25.90830546165185,1186.1906699245274,0.0,0.0
658,-121.13123219713361,-12.113123219713362,0.0,0.0,307.32190212166097,25.90830546165185,1186.1906699245274,0.0,0.0
659,-121.13123219713361,-12.113123219713362,0.0,0.0,307.32190212166097,25.90830546165185,1186.1906699245274,0.0,0.0
660,-121.13123219713361,-12.113123219713362,0.0,0.0,307.32190212166097,25.90830546165185,1186.1906699245274,0.0,0.0
661,-121.13123219713361,-12.113123219713362,0.0,0.0,307.32190212166097,25.90830546165185,1186.1906699245274,0.0,0.0
662,-121.13123219713361,-12.113123219713362,0.0,0.0,307.32190212166097,25.90830546165185,1186.1906699245274,0.0,0.0
663,-121.13123219713361,-12.113123219713362,0.0,0.0,307.32190212166097,25.90830546165185,1186.1906699245274,0.0,0.0
664,-121.13123219713361,-12.113123219713362,0.0,0.0,307.32190212166097,25.90830546165185,1186.1906699245274,0.0,0.0
665,-121.13123219713361,-12.113123219713362,0.0,0.0,307.32190212166097,25.90830546165185,1186.1906699245274,0.0,0.0
666,-121.13123219713361,-12.113123219713362,0.0,0.0,307.32190212166097,25.90830546165185,1186.1906699245274,0.0,0.0
667,-121.13123219713361,-12.113123219713362,0.0,0.0,307.32190212166097,25.90830546165185,1186.1906699245274,0.0,0.0
668,-121.13123219713361,-12.113123219713362,0.0,0.0,307.32190212166097,25.90830546165185,1186.1906699245274,0.0,0.0
669,-121.13123219713361,-12.113123219713362,0.0,0.0,307.32190212166097,25.90830546165185,1186.1906699245274,0.0,0.0
670,-121.13123219713361,-12.113123219713362,0.0,0.0,307.32190212166097,25.90830546165185,1186.1906699245274,0.0,0.0
671,-121.13123219713361,-12.113123219713362,0.0,0.0,307.32190212166097,25.90830546165185,1186.1906699245274,0.0,0.0
672,-121.13123219713361,-12.113123219713362,0.0,0.0,307.32190212166097,25.90830546165185,1186.1906699245274,0.0,0.0
673,-121.13123219713361,-12.113123219713362,0.0,0.0,307.32190212166097,25.90830546165185,1186.1906699245274,0.0,0.0
674,-121.13123219713361,-12.113123219713362,0.0,0.0,307.32190212166097,25.90830546165185,1186.1906699245274,0.0,0.0
675,-121.13123219713361,-12.113123219713362,0.0,0.0,307.32190212166097,25.90830546165185,1186.1906699245274,0.0,0.0
676,-121.13123219713361,-12.113123219713362,0.0,0.0,307.32190212166097,25.90830546165185,1186.1906699245274,0.0,0.0
677,-121.13123219713361,-12.113123219713362,0.0,0.0,307.32190212166097,25.90830546165185,1186.1906699245274,0.0,0.0
678,-121.13123219713361,-12.113123219713362,0.0,0.0,307.32190212166097,25.90830546165185,1186.1906699245274,0.0,0.0
679,-121.13123219713361,-12.113123219713362,0.0,0.0,307.32190212166097,25.90830546165185,1186.1906699245274,0.0,0.0
680,-121.13123219713361,-12.113123219713362,0.0,0.0,307.32190212166097,25.90830546165185,1186.1906699245274,0.0,0.0
681,-121.13123219713361,-12.113123219713362,0.0,0.0,307.32190212166097,25.90830546165185,1186.1906699245274,0.0,0.0
682,-121.13123219713361,-12.113123219713362,0.0,0.0,307.32190212166097,25.90830546165185,1186.1906699245274,0.0,0.0
683,-121.13123219713361,-12.113123219713362,0.0,0.0,307.32190212166097,25.90830546165185,1186.1906699245274,0.0,0.0
684,-121.13123219713361,-12.113123219713362,0.0,0.0,307.32190212166097,25.90830546165185,1186.1906699245274,0.0,0.0
685,-121.13123219713361,-12.113123219713362,0.0,0.0,307.32190212166097,25.90830546165185,1186.1906699245274,0.0,0.0
686,-121.13123219713361,-12.113123219713362,0.0,0.0,307.32190212166097,25.90830546165185,1186.1906699245274,0.0,0.0
687,-121.13123219713361,-12.113123219713362,0.0,0.0,307.32190212166097,25.90830546165185,1186.1906699245274,0.0,0.0
688,-121.13123219713361,-12.113123219713362,0.0,0.0,307.32190212166097,25.90830546165185,1186.1906699245274,0.0,0.0
689,-121.13123219713361,-12.113123219713362,0.0,0.0,307.32190212166097,25.90830546165185,1186.1906699245274,0.0,0.0
690,-121.13123219713361,-12.113123219713362,0.0,0.0,307.32190212166097,25.90830546165185,1186.1906699245274,0.0,0.0
691,-121.13123219713361,-12.113123219713362,0.0,0.0,307.32190212166097,25.90830546165185,1186.1906699245274,0.0,0.0
692,-121.13123219713361,-12.113123219713362,0.0,0.0,307.32190212166097,25.90830546165185,1186.1906699245274,0.0,0.0
693,-121.13123219713361,-12.113123219713362,0.0,0.0,307.32190212166097,25.90830546165185,1186.1906699245274,0.0,0.0
694,-121.13123219713361,-12.113123219713362,0.0,0.0,307.32190212166097,25.90830546165185,1186.1906699245274,0.0,0.0
695,-121.13123219713361,-12.113123219713362,0.0,0.0,307.32190212166097,25.90830546165185,1186.1906699245274,0.0,0.0
696,-121.13123219713361,-12.113123219713362,0.0,0.0,307.32190212166097,25.90830546165185,1186.1906699245274,0.0,0.0
697,-121.13123219713361,-12.113123219713362,0.0,0.0,307.32190212166097,25.90830546165185,1186.1906699245274,0.0,0.0
698,-121.13123219713361,-12.113123219713362,0.0,0.0,307.32190212166097,25.90830546165185,1186.1906699245274,0.0,0.0
699,-121.13123219713361,-12.113123219713362,0.0,0.0,307.32190212166097,25.90830546165185,1186.1906699245274,0.0,0.0
700,-122.00922297415923,-12.200922297415929,-0.8779907770256159,-0.09990009990007431,308.1998928986866,25.982323138513312,1186.1906699245274,0.0,0.0
701,-93.6870496278184,-9.368704962781838,28.322173346340833,3.2257939476632247,279.87771955234575,23.59466539811456,1186.1906699245274,28.322173346340833,0.0
702,-72.44533858736577,-7.244533858736579,21.24171104045263,2.343750139698386,258.6360085118931,21.803915261645844,1186.1906699245274,49.56388438679346,0.0
703,-79.52580089325397,-7.952580089325401,-7.080462305888204,-0.7633471751524512,265.7164708177813,22.400822865575886,1186.1906699245274,49.56388438679346,0.0
704,-87.5198188352756,-8.75198188352756,-7.994017942021628,-0.8684673562582512,273.71048875980296,23.074746387713375,1186.1906699245274,49.56388438679346,0.0
705,-87.5198188352756,-8.75198188352756,0.0,0.0,273.71048875980296,23.074746387713375,1186.1906699245274,0.0,0.0
706,-87.5198188352756,-8.75198188352756,0.0,0.0,273.71048875980296,23.074746387713375,1186.1906699245274,0.0,0.0
707,-87.5198188352756,-8.75198188352756,0.0,0.0,273.71048875980296,23.074746387713375,1186.1906699245274,0.0,0.0
708,-87.5198188352756,-8.75198188352756,0.0,0.0,273.71048875980296,23.074746387713375,1186.1906699245274,0.0,0.0
709,-88.43138744782766,-8.843138744782763,-0.9115686125520597,-0.09990009990008542,274.622057372355,23.151594792920445,1186.1906699245274,0.0,0.0
710,-88.43138744782766,-8.843138744782763,0.0,0.0,274.622057372355,23.151594792920445,1186.1906699245274,0.0,0.0
711,-95.28533868825821,-9.528533868825818,-6.853951240430547,-0.751885392503937,281.47600861278556,23.729406726044708,1186.1906699245274,0.0,-6.853951240430547
712,-108.99308429582186,-10.899308429582188,-13.707745607563652,-1.5151457353071773,295.1837542203492,24.885017367328523,1186.1906699245274,0.0,-20.5616968479942
713,-102.13928992868875,-10.21392899286887,6.853794367133105,0.7692189865570631,288.3299598532161,24.30721865916897,1186.1906699245274,0.0,-20.5616968479942
714,-108.99308429582186,-10.899308429582188,-6.853794367133105,-0.7633471751524512,295.1837542203492,24.885017367328523,1186.1906699245274,0.0,-20.5616968479942
715,-108.99308429582186,-10.899308429582188,0.0,0.0,295.1837542203492,24.885017367328523,1186.1906699245274,0.0,-20.5616968479942
716,-122.70098677668284,-12.270098677668283,-13.70790248086098,-1.538473185702205,308.8916567012102,26.040641233577038,1186.1906699245274,0.0,-34.26959932885518
717,-122.70098677668284,-12.270098677668283,0.0,0.0,308.8916567012102,26.040641233577038,1186.1906699245274,0.0,-34.26959932885518
718,-122.70098677668284,-12.270098677668283,0.0,0.0,308.8916567012102,26.040641233577038,1186.1906699245274,0.0,-34.26959932885518
719,-122.70098677668284,-12.270098677668283,0.0,0.0,308.8916567012102,26.040641233577038,1186.1906699245274,0.0,-34.26959932885518
720,-115.8470355362524,-11.584703553625243,6.853951240430433,0.7812560070309615,302.03770546077976,25.46282930045279,1186.1906699245274,0.0,-34.26959932885518
721,-115.8470355362524,-11.584703553625243,0.0,0.0,302.03770546077976,25.46282930045279,1186.1906699245274,0.0,-34.26959932885518
722,-122.70098677668284,-12.270098677668283,-6.853951240430433,-0.7751997127089294,308.8916567012102,26.040641233577038,1186.1906699245274,0.0,-34.26959932885518
723,-122.70098677668284,-12.270098677668283,0.0,0.0,308.8916567012102,26.040641233577038,1186.1906699245274,0.0,-34.26959932885518
724,-122.70098677668284,-12.270098677668283,0.0,0.0,308.8916567012102,26.040641233577038,1186.1906699245274,0.0,-34.26959932885518
725,-129.55478114381594,-12.955478114381592,-6.853794367133105,-0.7812381256364742,315.7454510683433,26.618439941736593,1186.1906699245274,0.0,-41.123393695988284
726,-122.70098677668284,-12.270098677668283,6.853794367133105,0.7873895127070041,308.8916567012102,26.040641233577038,1186.1906699245274,0.0,-41.123393695988284
727,-108.99308429582186,-10.899308429582188,13.70790248086098,1.562512014061923,295.1837542203492,24.885017367328523,1186.1906699245274,0.0,-41.123393695988284
728,-95.28533868825821,-9.528533868825818,13.707745607563652,1.5384555794081711,281.47600861278556,23.729406726044708,1186.1906699245274,0.0,-41.123393695988284
729,-102.13928992868875,-10.21392899286887,-6.853951240430547,-0.7575815374201045,288.3299598532161,24.30721865916897,1186.1906699245274,0.0,-41.123393695988284
730,-102.13928992868875,-10.21392899286887,0.0,0.0,288.3299598532161,24.30721865916897,1186.1906699245274,0.0,-41.123393695988284
731,-95.28533868825821,-9.528533868825818,6.853951240430547,0.763364647049336,281.47600861278556,23.729406726044708,1186.1906699245274,0.0,-41.123393695988284
732,-40.454199384706385,-4.045419938470641,54.83113930355182,6.060600280761719,226.64486930923374,19.10695093594475,1186.1906699245274,47.977188063121275,-41.123393695988284
733,-47.307993751839376,-4.730799375183937,-6.853794367132991,-0.7142748540755584,233.49866367636673,19.684749644104294,1186.1906699245274,47.977188063121275,-41.123393695988284
734,-47.307993751839376,-4.730799375183937,0.0,0.0,233.49866367636673,19.684749644104294,1186.1906699245274,47.977188063121275,-41.123393695988284
735,-61.01589623270047,-6.101589623270042,-13.707902480861094,-1.4388598194336466,247.20656615722783,20.840373510352816,1186.1906699245274,47.977188063121275,-41.123393695988284
736,-74.72364184026412,-7.472364184026414,-13.707745607563652,-1.4598485269949446,260.9143117647915,21.995984151636634,1186.1906699245274,47.977188063121275,-41.123393695988284
737,-67.86969059983358,-6.786969059983361,6.853951240430547,0.7407463921440982,254.06036052436093,21.418172218512375,1186.1906699245274,47.977188063121275,-41.123393695988284
738,-74.72364184026412,-7.472364184026414,-6.853951240430547,-0.735299686246782,260.9143117647915,21.995984151636634,1186.1906699245274,47.977188063121275,-41.123393695988284
739,-74.72364184026412,-7.472364184026414,0.0,0.0,260.9143117647915,21.995984151636634,1186.1906699245274,47.977188063121275,-41.123393695988284
740,-67.86969059983358,-6.786969059983361,6.853951240430547,0.7407463921440982,254.06036052436093,21.418172218512375,1186.1906699245274,47.977188063121275,-41.123393695988284
741,-67.86969059983358,-6.786969059983361,0.0,0.0,254.06036052436093,21.418172218512375,1186.1906699245274,47.977188063121275,-41.123393695988284
742,-74.72364184026412,-7.472364184026414,-6.853951240430547,-0.735299686246782,260.9143117647915,21.995984151636634,1186.1906699245274,47.977188063121275,-41.123393695988284
743,-88.43138744782766,-8.843138744782763,-13.707745607563538,-1.4814758300781161,274.622057372355,23.151594792920445,1186.1906699245274,47.977188063121275,-41.123393695988284
744,-81.57759308069467,-8.157759308069467,6.853794367132991,0.7518681833443175,267.768263005222,22.573796084760897,1186.1906699245274,47.977188063121275,-41.123393695988284
745,-81.57759308069467,-8.157759308069467,0.0,0.0,267.768263005222,22.573796084760897,1186.1906699245274,47.977188063121275,-41.123393695988284
746,-81.57759308069467,-8.157759308069467,0.0,0.0,267.768263005222,22.573796084760897,1186.1906699245274,47.977188063121275,-41.123393695988284
747,-95.28533868825821,-9.528533868825818,-13.707745607563538,-1.4925317048332776,281.47600861278556,23.729406726044708,1186.1906699245274,47.977188063121275,-41.123393695988284
748,-108.99308429582186,-10.899308429582188,-13.707745607563652,-1.5151457353071773,295.1837542203492,24.885017367328523,1186.1906699245274,47.977188063121275,-41.123393695988284
749,-156.97042923224058,-15.697042923224059,-47.97734493641872,-5.384620937369644,343.16109915676793,28.929674449268926,1186.1906699245274,47.977188063121275,-68.53904178441292
750,-143.26268362467704,-14.326268362467708,13.707745607563538,1.6260100574028158,329.4533535492044,27.774063807985122,1186.1906699245274,47.977188063121275,-68.53904178441292
751,-143.26268362467704,-14.326268362467708,0.0,0.0,329.4533535492044,27.774063807985122,1186.1906699245274,47.977188063121275,-68.53904178441292
752,-143.26268362467704,-14.326268362467708,0.0,0.0,329.4533535492044,27.774063807985122,1186.1906699245274,47.977188063121275,-68.53904178441292
753,-163.82438047267112,-16.38243804726711,-20.561696847994085,-2.4000001464843823,350.0150503971985,29.50748638239319,1186.1906699245274,47.977188063121275,-75.39299302484346
754,-156.97042923224058,-15.697042923224059,6.853951240430547,0.8196784360090525,343.16109915676793,28.929674449268926,1186.1906699245274,47.977188063121275,-75.39299302484346
755,-156.97042923224058,-15.697042923224059,0.0,0.0,343.16109915676793,28.929674449268926,1186.1906699245274,47.977188063121275,-75.39299302484346
756,-156.97042923224058,-15.697042923224059,0.0,0.0,343.16109915676793,28.929674449268926,1186.1906699245274,47.977188063121275,-75.39299302484346
757,-150.11647799181003,-15.011647799181006,6.853951240430547,0.8130143328410888,336.3071479163374,28.351862516144667,1186.1906699245274,47.977188063121275,-75.39299302484346
758,-150.11647799181003,-15.011647799181006,0.0,0.0,336.3071479163374,28.351862516144667,1186.1906699245274,47.977188063121275,-75.39299302484346
759,-143.26268362467704,-14.326268362467708,6.853794367132991,0.8064392578100765,329.4533535492044,27.774063807985122,1186.1906699245274,47.977188063121275,-75.39299302484346
760,-150.11647799181003,-15.011647799181006,-6.853794367132991,-0.7999878417961237,336.3071479163374,28.351862516144667,1186.1906699245274,47.977188063121275,-75.39299302484346
761,-163.82438047267112,-16.38243804726711,-13.707902480861094,-1.6129154320430494,350.0150503971985,29.50748638239319,1186.1906699245274,47.977188063121275,-75.39299302484346
762,-211.8015685357925,-21.180156853579245,-47.97718806312139,-5.737692769641123,397.99223846031987,33.5521302393689,1186.1906699245274,47.977188063121275,-123.37018108796485
763,-191.2398716877983,-19.123987168779834,20.5616968479942,2.608695479106382,377.43054161232567,31.818707664960815,1186.1906699245274,47.977188063121275,-123.37018108796485
764,-191.2398716877983,-19.123987168779834,0.0,0.0,377.43054161232567,31.818707664960815,1186.1906699245274,47.977188063121275,-123.37018108796485
765,-156.97042923224058,-15.697042923224059,34.26944245555774,4.2372813960394495,343.16109915676793,28.929674449268926,1186.1906699245274,47.977188063121275,-123.37018108796485
766,-143.26268362467704,-14.326268362467708,13.707745607563538,1.6260100574028158,329.4533535492044,27.774063807985122,1186.1906699245274,47.977188063121275,-123.37018108796485
767,-143.26268362467704,-14.326268362467708,0.0,0.0,329.4533535492044,27.774063807985122,1186.1906699245274,47.977188063121275,-123.37018108796485
768,-122.70098677668284,-12.270098677668283,20.5616968479942,2.4000001464843823,308.8916567012102,26.040641233577038,1186.1906699245274,47.977188063121275,-123.37018108796485
769,-122.70098677668284,-12.270098677668283,0.0,0.0,308.8916567012102,26.040641233577038,1186.1906699245274,47.977188063121275,-123.37018108796485
770,-129.55478114381594,-12.955478114381592,-6.853794367133105,-0.7812381256364742,315.7454510683433,26.618439941736593,1186.1906699245274,47.977188063121275,-123.37018108796485
771,-163.82438047267112,-16.38243804726711,-34.26959932885518,-3.9370196522978684,350.0150503971985,29.50748638239319,1186.1906699245274,47.977188063121275,-123.37018108796485
772,-184.38607732066532,-18.438607732066536,-20.5616968479942,-2.459016547219739,370.5767472451927,31.24090895680127,1186.1906699245274,47.977188063121275,-123.37018108796485
773,-191.2398716877983,-19.123987168779834,-6.853794367132991,-0.8403233658172415,377.43054161232567,31.818707664960815,1186.1906699245274,47.977188063121275,-123.37018108796485
774,-198.09382292822886,-19.809382292822885,-6.853951240430547,-0.8474640379136922,384.2844928527562,32.396519598085085,1186.1906699245274,47.977188063121275,-123.37018108796485
775,-191.2398716877983,-19.123987168779834,6.853951240430547,0.8547073755508894,377.43054161232567,31.818707664960815,1186.1906699245274,47.977188063121275,-123.37018108796485
776,-184.38607732066532,-18.438607732066536,6.853794367132991,0.8474446411491865,370.5767472451927,31.24090895680127,1186.1906699245274,47.977188063121275,-123.37018108796485
777,-191.2398716877983,-19.123987168779834,-6.853794367132991,-0.8403233658172415,377.43054161232567,31.818707664960815,1186.1906699245274,47.977188063121275,-123.37018108796485
778,-191.2398716877983,-19.123987168779834,0.0,0.0,377.43054161232567,31.818707664960815,1186.1906699245274,47.977188063121275,-123.37018108796485
779,-184.38607732066532,-18.438607732066536,6.853794367132991,0.8474446411491865,370.5767472451927,31.24090895680127,1186.1906699245274,47.977188063121275,-123.37018108796485
780,-157.8134588030083,-15.781345880300835,26.57261851765702,3.2579898134112995,344.00412872753566,29.00074477481966,1186.1906699245274,47.977188063121275,-123.37018108796485
781,-157.8134588030083,-15.781345880300835,0.0,0.0,344.00412872753566,29.00074477481966,1186.1906699245274,0.0,0.0
782,-157.8134588030083,-15.781345880300835,0.0,0.0,344.00412872753566,29.00074477481966,1186.1906699245274,0.0,0.0
783,-157.8134588030083,-15.781345880300835,0.0,0.0,344.00412872753566,29.00074477481966,1186.1906699245274,0.0,0.0
784,-157.8134588030083,-15.781345880300835,0.0,0.0,344.00412872753566,29.00074477481966,1186.1906699245274,0.0,0.0
785,-157.8134588030083,-15.781345880300835,0.0,0.0,344.00412872753566,29.00074477481966,1186.1906699245274,0.0,0.0
786,-157.8134588030083,-15.781345880300835,0.0,0.0,344.00412872753566,29.00074477481966,1186.1906699245274,0.0,0.0
787,-157.8134588030083,-15.781345880300835,0.0,0.0,344.00412872753566,29.00074477481966,1186.1906699245274,0.0,0.0
788,-157.8134588030083,-15.781345880300835,0.0,0.0,344.00412872753566,29.00074477481966,1186.1906699245274,0.0,0.0
789,-157.8134588030083,-15.781345880300835,0.0,0.0,344.00412872753566,29.00074477481966,1186.1906699245274,0.0,0.0
790,-157.8134588030083,-15.781345880300835,0.0,0.0,344.00412872753566,29.00074477481966,1186.1906699245274,0.0,0.0
791,-157.8134588030083,-15.781345880300835,0.0,0.0,344.00412872753566,29.00074477481966,1186.1906699245274,0.0,0.0
792,-157.8134588030083,-15.781345880300835,0.0,0.0,344.00412872753566,29.00074477481966,1186.1906699245274,0.0,0.0
793,-157.8134588030083,-15.781345880300835,0.0,0.0,344.00412872753566,29.00074477481966,1186.1906699245274,0.0,0.0
794,-157.8134588030083,-15.781345880300835,0.0,0.0,344.00412872753566,29.00074477481966,1186.1906699245274,0.0,0.0
795,-157.8134588030083,-15.781345880300835,0.0,0.0,344.00412872753566,29.00074477481966,1186.1906699245274,0.0,0.0
796,-157.8134588030083,-15.781345880300835,0.0,0.0,344.00412872753566,29.00074477481966,1186.1906699245274,0.0,0.0
797,-157.8134588030083,-15.781345880300835,0.0,0.0,344.00412872753566,29.00074477481966,1186.1906699245274,0.0,0.0
798,-157.8134588030083,-15.781345880300835,0.0,0.0,344.00412872753566,29.00074477481966,1186.1906699245274,0.0,0.0
799,-157.8134588030083,-15.781345880300835,0.0,0.0,344.00412872753566,29.00074477481966,1186.1906699245274,0.0,0.0
800,-157.8134588030083,-15.781345880300835,0.0,0.0,344.00412872753566,29.00074477481966,1186.1906699245274,0.0,0.0
801,-157.8134588030083,-15.781345880300835,0.0,0.0,344.00412872753566,29.00074477481966,1186.1906699245274,0.0,0.0
802,-157.8134588030083,-15.781345880300835,0.0,0.0,344.00412872753566,29.00074477481966,1186.1906699245274,0.0,0.0
803,-157.8134588030083,-15.781345880300835,0.0,0.0,344.00412872753566,29.00074477481966,1186.1906699245274,0.0,0.0
804,-157.8134588030083,-15.781345880300835,0.0,0.0,344.00412872753566,29.00074477481966,1186.1906699245274,0.0,0.0
805,-157.8134588030083,-15.781345880300835,0.0,0.0,344.00412872753566,29.00074477481966,1186.1906699245274,0.0,0.0
806,-157.8134588030083,-15.781345880300835,0.0,0.0,344.00412872753566,29.00074477481966,1186.1906699245274,0.0,0.0
807,-157.8134588030083,-15.781345880300835,0.0,0.0,344.00412872753566,29.00074477481966,1186.1906699245274,0.0,0.0
808,-157.8134588030083,-15.781345880300835,0.0,0.0,344.00412872753566,29.00074477481966,1186.1906699245274,0.0,0.0
809,-157.8134588030083,-15.781345880300835,0.0,0.0,344.00412872753566,29.00074477481966,1186.1906699245274,0.0,0.0
810,-157.8134588030083,-15.781345880300835,0.0,0.0,344.00412872753566,29.00074477481966,1186.1906699245274,0.0,0.0
811,-157.8134588030083,-15.781345880300835,0.0,0.0,344.00412872753566,29.00074477481966,1186.1906699245274,0.0,0.0
812,-157.8134588030083,-15.781345880300835,0.0,0.0,344.00412872753566,29.00074477481966,1186.1906699245274,0.0,0.0
813,-157.8134588030083,-15.781345880300835,0.0,0.0,344.00412872753566,29.00074477481966,1186.1906699245274,0.0,0.0
814,-157.8134588030083,-15.781345880300835,0.0,0.0,344.00412872753566,29.00074477481966,1186.1906699245274,0.0,0.0
815,-157.8134588030083,-15.781345880300835,0.0,0.0,344.00412872753566,29.00074477481966,1186.1906699245274,0.0,0.0
816,-157.8134588030083,-15.781345880300835,0.0,0.0,344.00412872753566,29.00074477481966,1186.1906699245274,0.0,0.0
817,-157.8134588030083,-15.781345880300835,0.0,0.0,344.00412872753566,29.00074477481966,1186.1906699245274,0.0,0.0
818,-157.8134588030083,-15.781345880300835,0.0,0.0,344.00412872753566,29.00074477481966,1186.1906699245274,0.0,0.0
819,-157.8134588030083,-15.781345880300835,0.0,0.0,344.00412872753566,29.00074477481966,1186.1906699245274,0.0,0.0
820,-157.8134588030083,-15.781345880300835,0.0,0.0,344.00412872753566,29.00074477481966,1186.1906699245274,0.0,0.0
821,-157.8134588030083,-15.781345880300835,0.0,0.0,344.00412872753566,29.00074477481966,1186.1906699245274,0.0,0.0
822,-157.8134588030083,-15.781345880300835,0.0,0.0,344.00412872753566,29.00074477481966,1186.1906699245274,0.0,0.0
823,-157.8134588030083,-15.781345880300835,0.0,0.0,344.00412872753566,29.00074477481966,1186.1906699245274,0.0,0.0
824,-157.8134588030083,-15.781345880300835,0.0,0.0,344.00412872753566,29.00074477481966,1186.1906699245274,0.0,0.0
825,-157.8134588030083,-15.781345880300835,0.0,0.0,344.00412872753566,29.00074477481966,1186.1906699245274,0.0,0.0
826,-157.8134588030083,-15.781345880300835,0.0,0.0,344.00412872753566,29.00074477481966,1186.1906699245274,0.0,0.0
827,-158.65480399900935,-15.865480399900934,-0.8413451960010434,-0.09990009990010762,344.8454739235367,29.07167310171794,1186.1906699245274,0.0,0.0
828,-170.5887328858713,-17.05887328858713,-11.933928886861963,-1.4184343053939452,356.77940281039866,30.077744822685137,1186.1906699245274,0.0,-11.933928886861963
829,-188.4896945029136,-18.848969450291364,-17.9009616170423,-2.158273262832233,374.68036442744096,31.586858160946452,1186.1906699245274,0.0,-29.834890503904262
830,-206.39065611995602,-20.639065611995598,-17.900961617042412,-2.2058822291945224,392.5813260444834,33.09597149920778,1186.1906699245274,0.0,-47.735852120946674
831,-206.39065611995602,-20.639065611995598,0.0,0.0,392.5813260444834,33.09597149920778,1186.1906699245274,0.0,-47.735852120946674
832,-212.35768885013636,-21.23576888501364,-5.967032730180335,-0.7518853925039259,398.5483587746637,33.5990131165019,1186.1906699245274,0.0,-53.70288485112701
833,-206.39065611995602,-20.639065611995598,5.967032730180335,0.7575815374200934,392.5813260444834,33.09597149920778,1186.1906699245274,0.0,-53.70288485112701
834,-206.39065611995602,-20.639065611995598,0.0,0.0,392.5813260444834,33.09597149920778,1186.1906699245274,0.0,-53.70288485112701
835,-200.4237599632744,-20.042375996327443,5.966896156681628,0.7518681833443175,386.61442988780175,32.59294139553471,1186.1906699245274,0.0,-53.70288485112701
836,-194.45672723309394,-19.445672723309393,5.967032730180449,0.7462743927841631,380.6473971576213,32.08989977824058,1186.1906699245274,0.0,-53.70288485112701
837,-188.4896945029136,-18.848969450291364,5.967032730180335,0.7407463921440982,374.68036442744096,31.586858160946452,1186.1906699245274,0.0,-53.70288485112701
838,-206.39065611995602,-20.639065611995598,-17.900961617042412,-2.2058822291945224,392.5813260444834,33.09597149920778,1186.1906699245274,0.0,-53.70288485112701
839,-206.39065611995602,-20.639065611995598,0.0,0.0,392.5813260444834,33.09597149920778,1186.1906699245274,0.0,-53.70288485112701
840,-206.39065611995602,-20.639065611995598,0.0,0.0,392.5813260444834,33.09597149920778,1186.1906699245274,0.0,-53.70288485112701
841,-194.45672723309394,-19.445672723309393,11.933928886862077,1.5037535758482656,380.6473971576213,32.08989977824058,1186.1906699245274,0.0,-53.70288485112701
842,-200.4237599632744,-20.042375996327443,-5.967032730180449,-0.7407463921441093,386.61442988780175,32.59294139553471,1186.1906699245274,0.0,-53.70288485112701
843,-200.4237599632744,-20.042375996327443,0.0,0.0,386.61442988780175,32.59294139553471,1186.1906699245274,0.0,-53.70288485112701
844,-200.4237599632744,-20.042375996327443,0.0,0.0,386.61442988780175,32.59294139553471,1186.1906699245274,0.0,-53.70288485112701
845,-200.4237599632744,-20.042375996327443,0.0,0.0,386.61442988780175,32.59294139553471,1186.1906699245274,0.0,-53.70288485112701
846,-200.4237599632744,-20.042375996327443,0.0,0.0,386.61442988780175,32.59294139553471,1186.1906699245274,0.0,-53.70288485112701
847,-194.45672723309394,-19.445672723309393,5.967032730180449,0.7462743927841631,380.6473971576213,32.08989977824058,1186.1906699245274,0.0,-53.70288485112701
848,-188.4896945029136,-18.848969450291364,5.967032730180335,0.7407463921440982,374.68036442744096,31.586858160946452,1186.1906699245274,0.0,-53.70288485112701
849,-200.4237599632744,-20.042375996327443,-11.934065460360785,-1.470599372493564,386.61442988780175,32.59294139553471,1186.1906699245274,0.0,-53.70288485112701
850,-206.39065611995602,-20.639065611995598,-5.966896156681628,-0.7462573120491367,392.5813260444834,33.09597149920778,1186.1906699245274,0.0,-53.70288485112701
851,-212.35768885013636,-21.23576888501364,-5.967032730180335,-0.7518853925039259,398.5483587746637,33.5990131165019,1186.1906699245274,0.0,-53.70288485112701
852,-212.35768885013636,-21.23576888501364,0.0,0.0,398.5483587746637,33.5990131165019,1186.1906699245274,0.0,-53.70288485112701
853,-212.35768885013636,-21.23576888501364,0.0,0.0,398.5483587746637,33.5990131165019,1186.1906699245274,0.0,-53.70288485112701
854,-206.39065611995602,-20.639065611995598,5.967032730180335,0.7575815374200934,392.5813260444834,33.09597149920778,1186.1906699245274,0.0,-53.70288485112701
855,-206.39065611995602,-20.639065611995598,0.0,0.0,392.5813260444834,33.09597149920778,1186.1906699245274,0.0,-53.70288485112701
856,-200.4237599632744,-20.042375996327443,5.966896156681628,0.7518681833443175,386.61442988780175,32.59294139553471,1186.1906699245274,0.0,-53.70288485112701
857,-200.4237599632744,-20.042375996327443,0.0,0.0,386.61442988780175,32.59294139553471,1186.1906699245274,0.0,-53.70288485112701
858,-200.4237599632744,-20.042375996327443,0.0,0.0,386.61442988780175,32.59294139553471,1186.1906699245274,0.0,-53.70288485112701
859,-200.4237599632744,-20.042375996327443,0.0,0.0,386.61442988780175,32.59294139553471,1186.1906699245274,0.0,-53.70288485112701
860,-206.39065611995602,-20.639065611995598,-5.966896156681628,-0.7462573120491367,392.5813260444834,33.09597149920778,1186.1906699245274,0.0,-53.70288485112701
861,-206.39065611995602,-20.639065611995598,0.0,0.0,392.5813260444834,33.09597149920778,1186.1906699245274,0.0,-53.70288485112701
862,-206.39065611995602,-20.639065611995598,0.0,0.0,392.5813260444834,33.09597149920778,1186.1906699245274,0.0,-53.70288485112701
863,-182.52279834623198,-18.2522798346232,23.86785777372404,3.007507151696509,368.71346827075934,31.083828057273383,1186.1906699245274,0.0,-53.70288485112701
864,-182.52279834623198,-18.2522798346232,0.0,0.0,368.71346827075934,31.083828057273383,1186.1906699245274,0.0,-53.70288485112701
865,-188.4896945029136,-18.848969450291364,-5.966896156681628,-0.729915910145329,374.68036442744096,31.586858160946452,1186.1906699245274,0.0,-53.70288485112701
866,-188.4896945029136,-18.848969450291364,0.0,0.0,374.68036442744096,31.586858160946452,1186.1906699245274,0.0,-53.70288485112701
867,-194.45672723309394,-19.445672723309393,-5.967032730180335,-0.735299686246782,380.6473971576213,32.08989977824058,1186.1906699245274,0.0,-53.70288485112701
868,-188.4896945029136,-18.848969450291364,5.967032730180335,0.7407463921440982,374.68036442744096,31.586858160946452,1186.1906699245274,0.0,-53.70288485112701
869,-188.4896945029136,-18.848969450291364,0.0,0.0,374.68036442744096,31.586858160946452,1186.1906699245274,0.0,-53.70288485112701
870,-182.52279834623198,-18.2522798346232,5.966896156681628,0.7352828567009473,368.71346827075934,31.083828057273383,1186.1906699245274,0.0,-53.70288485112701
871,-176.55576561605164,-17.65557656160517,5.967032730180335,0.7299326168496156,362.746435540579,30.580786439979256,1186.1906699245274,0.0,-53.70288485112701
872,-164.62183672918968,-16.46218367291897,11.933928886861963,1.449269833772071,350.81250665371704,29.574714719012068,1186.1906699245274,0.0,-53.70288485112701
873,-170.5887328858713,-17.05887328858713,-5.966896156681628,-0.7142748540755584,356.77940281039866,30.077744822685137,1186.1906699245274,0.0,-53.70288485112701
874,-170.5887328858713,-17.05887328858713,0.0,0.0,356.77940281039866,30.077744822685137,1186.1906699245274,0.0,-53.70288485112701
875,-158.65480399900935,-15.865480399900934,11.933928886861963,1.4388433531154154,344.8454739235367,29.07167310171794,1186.1906699245274,0.0,-53.70288485112701
876,-158.65480399900935,-15.865480399900934,0.0,0.0,344.8454739235367,29.07167310171794,1186.1906699245274,0.0,-53.70288485112701
877,-134.7868096517866,-13.478680965178658,23.867994347222748,2.836884843542231,320.97747957631395,27.059518146162496,1186.1906699245274,23.867994347222748,-53.70288485112701
878,-158.65480399900935,-15.865480399900934,-23.867994347222748,-2.758625806157311,344.8454739235367,29.07167310171794,1186.1906699245274,23.867994347222748,-53.70288485112701
879,-152.6877712688289,-15.268777126882894,5.967032730180449,0.7092252690741541,338.87844119335625,28.56863148442381,1186.1906699245274,23.867994347222748,-53.70288485112701
880,-164.62183672918968,-16.46218367291897,-11.934065460360785,-1.408461374177472,350.81250665371704,29.574714719012068,1186.1906699245274,23.867994347222748,-53.70288485112701
881,-158.65480399900935,-15.865480399900934,5.967032730180335,0.714291202779016,344.8454739235367,29.07167310171794,1186.1906699245274,23.867994347222748,-53.70288485112701
882,-164.62183672918968,-16.46218367291897,-5.967032730180335,-0.7092252690741319,350.81250665371704,29.574714719012068,1186.1906699245274,23.867994347222748,-53.70288485112701
883,-218.3247215803167,-21.832472158031667,-53.70288485112701,-6.428571778900782,404.51539150484405,34.102054733796024,1186.1906699245274,23.867994347222748,-59.669917581307345
884,-230.25865046717877,-23.025865046717875,-11.933928886862077,-1.5267118222017872,416.4493203917061,35.10812645476323,1186.1906699245274,23.867994347222748,-71.60384646816942
885,-225.06732611926134,-22.50673261192614,5.19132434791743,0.6744245129962412,411.2579960437887,34.67047975263163,1186.1906699245274,23.867994347222748,-71.60384646816942
886,-225.06732611926134,-22.50673261192614,0.0,0.0,411.2579960437887,34.67047975263163,1186.1906699245274,0.0,0.0
887,-225.06732611926134,-22.50673261192614,0.0,0.0,411.2579960437887,34.67047975263163,1186.1906699245274,0.0,0.0
888,-225.06732611926134,-22.50673261192614,0.0,0.0,411.2579960437887,34.67047975263163,1186.1906699245274,0.0,0.0
889,-225.06732611926134,-22.50673261192614,0.0,0.0,411.2579960437887,34.67047975263163,1186.1906699245274,0.0,0.0
890,-225.06732611926134,-22.50673261192614,0.0,0.0,411.2579960437887,34.67047975263163,1186.1906699245274,0.0,0.0
891,-225.06732611926134,-22.50673261192614,0.0,0.0,411.2579960437887,34.67047975263163,1186.1906699245274,0.0,0.0
892,-225.06732611926134,-22.50673261192614,0.0,0.0,411.2579960437887,34.67047975263163,1186.1906699245274,0.0,0.0
893,-225.06732611926134,-22.50673261192614,0.0,0.0,411.2579960437887,34.67047975263163,1186.1906699245274,0.0,0.0
894,-225.06732611926134,-22.50673261192614,0.0,0.0,411.2579960437887,34.67047975263163,1186.1906699245274,0.0,0.0
895,-225.06732611926134,-22.50673261192614,0.0,0.0,411.2579960437887,34.67047975263163,1186.1906699245274,0.0,0.0
896,-225.06732611926134,-22.50673261192614,0.0,0.0,411.2579960437887,34.67047975263163,1186.1906699245274,0.0,0.0
897,-225.06732611926134,-22.50673261192614,0.0,0.0,411.2579960437887,34.67047975263163,1186.1906699245274,0.0,0.0
898,-225.06732611926134,-22.50673261192614,0.0,0.0,411.2579960437887,34.67047975263163,1186.1906699245274,0.0,0.0
899,-225.06732611926134,-22.50673261192614,0.0,0.0,411.2579960437887,34.67047975263163,1186.1906699245274,0.0,0.0
900,-225.06732611926134,-22.50673261192614,0.0,0.0,411.2579960437887,34.67047975263163,1186.1906699245274,0.0,0.0
901,-225.06732611926134,-22.50673261192614,0.0,0.0,411.2579960437887,34.67047975263163,1186.1906699245274,0.0,0.0
902,-225.06732611926134,-22.50673261192614,0.0,0.0,411.2579960437887,34.67047975263163,1186.1906699245274,0.0,0.0
903,-225.06732611926134,-22.50673261192614,0.0,0.0,411.2579960437887,34.67047975263163,1186.1906699245274,0.0,0.0
904,-225.06732611926134,-22.50673261192614,0.0,0.0,411.2579960437887,34.67047975263163,1186.1906699245274,0.0,0.0
905,-225.06732611926134,-22.50673261192614,0.0,0.0,411.2579960437887,34.67047975263163,1186.1906699245274,0.0,0.0
906,-225.06732611926134,-22.50673261192614,0.0,0.0,411.2579960437887,34.67047975263163,1186.1906699245274,0.0,0.0
907,-225.06732611926134,-22.50673261192614,0.0,0.0,411.2579960437887,34.67047975263163,1186.1906699245274,0.0,0.0
908,-225.06732611926134,-22.50673261192614,0.0,0.0,411.2579960437887,34.67047975263163,1186.1906699245274,0.0,0.0
909,-225.06732611926134,-22.50673261192614,0.0,0.0,411.2579960437887,34.67047975263163,1186.1906699245274,0.0,0.0
910,-225.84148463462668,-22.58414846346267,-0.7741585153653432,-0.09990009990009652,412.03215455915404,34.735744008623,1186.1906699245274,0.0,0.0
911,-243.30370578402471,-24.330370578402473,-17.462221149398033,-2.2556389683521805,429.49437570855207,36.20786999916962,1186.1906699245274,0.0,-17.462221149398033
912,-249.1244905758823,-24.912449057588226,-5.820784791857591,-0.769236592851108,435.31516050040966,36.69858240649516,1186.1906699245274,0.0,-23.283005941255624
913,-249.87536608530638,-24.987536608530636,-0.7508755094240769,-0.10000000000000009,436.06603600983374,36.761883824088656,1186.1906699245274,0.0,-24.0338814506797
914,-249.87536608530638,-24.987536608530636,0.0,0.0,436.06603600983374,36.761883824088656,1186.1906699245274,0.0,0.0
915,-249.87536608530638,-24.987536608530636,0.0,0.0,436.06603600983374,36.761883824088656,1186.1906699245274,0.0,0.0
916,-249.87536608530638,-24.987536608530636,0.0,0.0,436.06603600983374,36.761883824088656,1186.1906699245274,0.0,0.0
917,-249.87536608530638,-24.987536608530636,0.0,0.0,436.06603600983374,36.761883824088656,1186.1906699245274,0.0,0.0
918,-249.87536608530638,-24.987536608530636,0.0,0.0,436.06603600983374,36.761883824088656,1186.1906699245274,0.0,0.0
919,-249.87536608530638,-24.987536608530636,0.0,0.0,436.06603600983374,36.761883824088656,1186.1906699245274,0.0,0.0
920,-249.87536608530638,-24.987536608530636,0.0,0.0,436.06603600983374,36.761883824088656,1186.1906699245274,0.0,0.0
921,-249.87536608530638,-24.987536608530636,0.0,0.0,436.06603600983374,36.761883824088656,1186.1906699245274,0.0,0.0
922,-249.87536608530638,-24.987536608530636,0.0,0.0,436.06603600983374,36.761883824088656,1186.1906699245274,0.0,0.0
923,-249.87536608530638,-24.987536608530636,0.0,0.0,436.06603600983374,36.761883824088656,1186.1906699245274,0.0,0.0
924,-249.87536608530638,-24.987536608530636,0.0,0.0,436.06603600983374,36.761883824088656,1186.1906699245274,0.0,0.0
925,-249.87536608530638,-24.987536608530636,0.0,0.0,436.06603600983374,36.761883824088656,1186.1906699245274,0.0,0.0
926,-249.87536608530638,-24.987536608530636,0.0,0.0,436.06603600983374,36.761883824088656,1186.1906699245274,0.0,0.0
927,-249.87536608530638,-24.987536608530636,0.0,0.0,436.06603600983374,36.761883824088656,1186.1906699245274,0.0,0.0
928,-249.87536608530638,-24.987536608530636,0.0,0.0,436.06603600983374,36.761883824088656,1186.1906699245274,0.0,0.0
929,-249.87536608530638,-24.987536608530636,0.0,0.0,436.06603600983374,36.761883824088656,1186.1906699245274,0.0,0.0
930,-249.87536608530638,-24.987536608530636,0.0,0.0,436.06603600983374,36.761883824088656,1186.1906699245274,0.0,0.0
931,-249.87536608530638,-24.987536608530636,0.0,0.0,436.06603600983374,36.761883824088656,1186.1906699245274,0.0,0.0
932,-249.87536608530638,-24.987536608530636,0.0,0.0,436.06603600983374,36.761883824088656,1186.1906699245274,0.0,0.0
933,-249.87536608530638,-24.987536608530636,0.0,0.0,436.06603600983374,36.761883824088656,1186.1906699245274,0.0,0.0
934,-249.87536608530638,-24.987536608530636,0.0,0.0,436.06603600983374,36.761883824088656,1186.1906699245274,0.0,0.0
935,-249.87536608530638,-24.987536608530636,0.0,0.0,436.06603600983374,36.761883824088656,1186.1906699245274,0.0,0.0
936,-249.87536608530638,-24.987536608530636,0.0,0.0,436.06603600983374,36.761883824088656,1186.1906699245274,0.0,0.0
937,-249.87536608530638,-24.987536608530636,0.0,0.0,436.06603600983374,36.761883824088656,1186.1906699245274,0.0,0.0
938,-249.87536608530638,-24.987536608530636,0.0,0.0,436.06603600983374,36.761883824088656,1186.1906699245274,0.0,0.0
939,-249.87536608530638,-24.987536608530636,0.0,0.0,436.06603600983374,36.761883824088656,1186.1906699245274,0.0,0.0
940,-249.87536608530638,-24.987536608530636,0.0,0.0,436.06603600983374,36.761883824088656,1186.1906699245274,0.0,0.0
941,-249.87536608530638,-24.987536608530636,0.0,0.0,436.06603600983374,36.761883824088656,1186.1906699245274,0.0,0.0
942,-249.87536608530638,-24.987536608530636,0.0,0.0,436.06603600983374,36.761883824088656,1186.1906699245274,0.0,0.0
943,-249.87536608530638,-24.987536608530636,0.0,0.0,436.06603600983374,36.761883824088656,1186.1906699245274,0.0,0.0
944,-249.87536608530638,-24.987536608530636,0.0,0.0,436.06603600983374,36.761883824088656,1186.1906699245274,0.0,0.0
945,-249.87536608530638,-24.987536608530636,0.0,0.0,436.06603600983374,36.761883824088656,1186.1906699245274,0.0,0.0
946,-249.87536608530638,-24.987536608530636,0.0,0.0,436.06603600983374,36.761883824088656,1186.1906699245274,0.0,0.0
947,-249.87536608530638,-24.987536608530636,0.0,0.0,436.06603600983374,36.761883824088656,1186.1906699245274,0.0,0.0
948,-249.87536608530638,-24.987536608530636,0.0,0.0,436.06603600983374,36.761883824088656,1186.1906699245274,0.0,0.0
949,-249.87536608530638,-24.987536608530636,0.0,0.0,436.06603600983374,36.761883824088656,1186.1906699245274,0.0,0.0
950,-249.87536608530638,-24.987536608530636,0.0,0.0,436.06603600983374,36.761883824088656,1186.1906699245274,0.0,0.0
951,-249.87536608530638,-24.987536608530636,0.0,0.0,436.06603600983374,36.761883824088656,1186.1906699245274,0.0,0.0
952,-249.87536608530638,-24.987536608530636,0.0,0.0,436.06603600983374,36.761883824088656,1186.1906699245274,0.0,0.0
953,-249.87536608530638,-24.987536608530636,0.0,0.0,436.06603600983374,36.761883824088656,1186.1906699245274,0.0,0.0
954,-249.87536608530638,-24.987536608530636,0.0,0.0,436.06603600983374,36.761883824088656,1186.1906699245274,0.0,0.0
955,-249.87536608530638,-24.987536608530636,0.0,0.0,436.06603600983374,36.761883824088656,1186.1906699245274,0.0,0.0
956,-249.87536608530638,-24.987536608530636,0.0,0.0,436.06603600983374,36.761883824088656,1186.1906699245274,0.0,0.0
957,-249.87536608530638,-24.987536608530636,0.0,0.0,436.06603600983374,36.761883824088656,1186.1906699245274,0.0,0.0
958,-249.87536608530638,-24.987536608530636,0.0,0.0,436.06603600983374,36.761883824088656,1186.1906699245274,0.0,0.0
959,-249.87536608530638,-24.987536608530636,0.0,0.0,436.06603600983374,36.761883824088656,1186.1906699245274,0.0,0.0
960,-249.87536608530638,-24.987536608530636,0.0,0.0,436.06603600983374,36.761883824088656,1186.1906699245274,0.0,0.0
961,-249.87536608530638,-24.987536608530636,0.0,0.0,436.06603600983374,36.761883824088656,1186.1906699245274,0.0,0.0
962,-249.87536608530638,-24.987536608530636,0.0,0.0,436.06603600983374,36.761883824088656,1186.1906699245274,0.0,0.0
963,-250.62474134396234,-25.06247413439623,-0.7493752586559594,-0.09990009990008542,436.8154112684897,36.825058765323334,1186.1906699245274,0.0,0.0
964,-261.48521090941574,-26.14852109094158,-10.8604695654534,-1.449269833772071,447.6758808339431,37.74063413114073,1186.1906699245274,0.0,-10.8604695654534
965,-256.05503827103144,-25.60550382710315,5.430172638384306,0.7352828567009695,442.2457081955588,37.28285168721629,1186.1906699245274,0.0,-10.8604695654534
966,-261.48521090941574,-26.14852109094158,-5.430172638384306,-0.729915910145329,447.6758808339431,37.74063413114073,1186.1906699245274,0.0,-10.8604695654534
967,-272.34580476355404,-27.234580476355408,-10.860593854138301,-1.470599372493564,458.5364746880814,38.65621997492666,1186.1906699245274,0.0,-21.7210634195917
968,-272.34580476355404,-27.234580476355408,0.0,0.0,458.5364746880814,38.65621997492666,1186.1906699245274,0.0,-21.7210634195917
969,-272.34580476355404,-27.234580476355408,0.0,0.0,458.5364746880814,38.65621997492666,1186.1906699245274,0.0,-21.7210634195917
970,-266.91550783648495,-26.6915507836485,5.430296927069094,0.7462743927841409,453.1061777610123,38.1984270530337,1186.1906699245274,0.0,-21.7210634195917
971,-266.91550783648495,-26.6915507836485,0.0,0.0,453.1061777610123,38.1984270530337,1186.1906699245274,0.0,-21.7210634195917
972,-266.91550783648495,-26.6915507836485,0.0,0.0,453.1061777610123,38.1984270530337,1186.1906699245274,0.0,-21.7210634195917
973,-261.48521090941574,-26.14852109094158,5.430296927069207,0.7407463921441204,447.6758808339431,37.74063413114073,1186.1906699245274,0.0,-21.7210634195917
974,-266.91550783648495,-26.6915507836485,-5.430296927069207,-0.7352996862467931,453.1061777610123,38.1984270530337,1186.1906699245274,0.0,-21.7210634195917
975,-266.91550783648495,-26.6915507836485,0.0,0.0,453.1061777610123,38.1984270530337,1186.1906699245274,0.0,-21.7210634195917
976,-266.91550783648495,-26.6915507836485,0.0,0.0,453.1061777610123,38.1984270530337,1186.1906699245274,0.0,-21.7210634195917
977,-266.91550783648495,-26.6915507836485,0.0,0.0,453.1061777610123,38.1984270530337,1186.1906699245274,0.0,-21.7210634195917
978,-266.91550783648495,-26.6915507836485,0.0,0.0,453.1061777610123,38.1984270530337,1186.1906699245274,0.0,-21.7210634195917
979,-266.91550783648495,-26.6915507836485,0.0,0.0,453.1061777610123,38.1984270530337,1186.1906699245274,0.0,-21.7210634195917
980,-266.91550783648495,-26.6915507836485,0.0,0.0,453.1061777610123,38.1984270530337,1186.1906699245274,0.0,-21.7210634195917
981,-266.91550783648495,-26.6915507836485,0.0,0.0,453.1061777610123,38.1984270530337,1186.1906699245274,0.0,-21.7210634195917
982,-266.91550783648495,-26.6915507836485,0.0,0.0,453.1061777610123,38.1984270530337,1186.1906699245274,0.0,-21.7210634195917
983,-277.77597740193835,-27.777597740193837,-10.8604695654534,-1.4814758300781161,463.9666473264657,39.1140024188511,1186.1906699245274,0.0,-27.151236057976007
984,-277.77597740193835,-27.777597740193837,0.0,0.0,463.9666473264657,39.1140024188511,1186.1906699245274,0.0,-27.151236057976007
985,-277.77597740193835,-27.777597740193837,0.0,0.0,463.9666473264657,39.1140024188511,1186.1906699245274,0.0,-27.151236057976007
986,-278.49820142453643,-27.84982014245364,-0.722224022598084,-0.10000000000000009,464.6888713490638,39.17488841643225,1186.1906699245274,0.0,-27.87346008057409
987,-278.49820142453643,-27.84982014245364,0.0,0.0,464.6888713490638,39.17488841643225,1186.1906699245274,0.0,0.0
988,-278.49820142453643,-27.84982014245364,0.0,0.0,464.6888713490638,39.17488841643225,1186.1906699245274,0.0,0.0
989,-279.2189824420942,-27.92189824420942,-0.7207810175577833,-0.09990009990008542,465.4096523666216,39.23565276366857,1186.1906699245274,0.0,0.0
990,-279.2189824420942,-27.92189824420942,0.0,0.0,465.4096523666216,39.23565276366857,1186.1906699245274,0.0,0.0
991,-279.2189824420942,-27.92189824420942,0.0,0.0,465.4096523666216,39.23565276366857,1186.1906699245274,0.0,0.0
992,-295.72541892001664,-29.57254189200167,-16.50643647792242,-2.2900764692511233,481.916088844544,40.62720278142184,1186.1906699245274,0.0,-16.50643647792242
993,-334.24035341242484,-33.42403534124249,-38.5149344924082,-5.468738405033269,520.4310233369522,43.87414574505675,1186.1906699245274,0.0,-55.02137097033062
994,-339.7425408831043,-33.97425408831043,-5.502187470679473,-0.8264525341662776,525.9332108076317,44.3379992898692,1186.1906699245274,0.0,-60.523558441010096
995,-345.2447283537838,-34.52447283537838,-5.502187470679473,-0.8333396911621049,531.4353982783111,44.801852834681654,1186.1906699245274,0.0,-66.02574591168957
996,-350.74678989034715,-35.074678989034716,-5.50206153656336,-0.8403233658172526,536.9374598148745,45.26569576281002,1186.1906699245274,0.0,-71.52780744825293
997,-356.24897736102673,-35.62489773610268,-5.502187470679587,-0.8474640379137033,542.4396472855541,45.72954930762248,1186.1906699245274,0.0,-77.02999491893252
998,-389.26185031687146,-38.92618503168714,-33.01287295584473,-5.128205128205121,575.4525202413988,48.51264934312901,1186.1906699245274,0.0,-110.04286787477724
999,-372.75541383894915,-37.27554138389492,16.506436477922307,2.7027027027026973,558.9460837634765,47.121099325375745,1186.1906699245274,0.0,-110.04286787477724
1000,-378.2576013096286,-37.82576013096286,-5.502187470679473,-0.8771996749074695,564.448271234156,47.5849528701882,1186.1906699245274,0.0,-110.04286787477724
1001,-367.25322636826957,-36.72532263682695,11.00437494135906,1.7699251272775607,553.4438962927969,46.65724578056329,1186.1906699245274,0.0,-110.04286787477724
1002,-372.75541383894915,-37.27554138389492,-5.502187470679587,-0.8695717939578129,558.9460837634765,47.121099325375745,1186.1906699245274,0.0,-110.04286787477724
1003,-373.3826584251102,-37.33826584251102,-0.6272445861610549,-0.10000000000000009,559.5733283496376,47.17397822605037,1186.1906699245274,0.0,-110.04286787477724
1004,-373.3826584251102,-37.33826584251102,0.0,0.0,559.5733283496376,47.17397822605037,1186.1906699245274,0.0,0.0
1005,-373.3826584251102,-37.33826584251102,0.0,0.0,559.5733283496376,47.17397822605037,1186.1906699245274,0.0,0.0
1006,-373.3826584251102,-37.33826584251102,0.0,0.0,559.5733283496376,47.17397822605037,1186.1906699245274,0.0,0.0
1007,-373.3826584251102,-37.33826584251102,0.0,0.0,559.5733283496376,47.17397822605037,1186.1906699245274,0.0,0.0
1008,-373.3826584251102,-37.33826584251102,0.0,0.0,559.5733283496376,47.17397822605037,1186.1906699245274,0.0,0.0
1009,-373.3826584251102,-37.33826584251102,0.0,0.0,559.5733283496376,47.17397822605037,1186.1906699245274,0.0,0.0
1010,-373.3826584251102,-37.33826584251102,0.0,0.0,559.5733283496376,47.17397822605037,1186.1906699245274,0.0,0.0
1011,-373.3826584251102,-37.33826584251102,0.0,0.0,559.5733283496376,47.17397822605037,1186.1906699245274,0.0,0.0
1012,-373.3826584251102,-37.33826584251102,0.0,0.0,559.5733283496376,47.17397822605037,1186.1906699245274,0.0,0.0
1013,-373.3826584251102,-37.33826584251102,0.0,0.0,559.5733283496376,47.17397822605037,1186.1906699245274,0.0,0.0
1014,-373.3826584251102,-37.33826584251102,0.0,0.0,559.5733283496376,47.17397822605037,1186.1906699245274,0.0,0.0
1015,-373.3826584251102,-37.33826584251102,0.0,0.0,559.5733283496376,47.17397822605037,1186.1906699245274,0.0,0.0
1016,-373.3826584251102,-37.33826584251102,0.0,0.0,559.5733283496376,47.17397822605037,1186.1906699245274,0.0,0.0
1017,-373.3826584251102,-37.33826584251102,0.0,0.0,559.5733283496376,47.17397822605037,1186.1906699245274,0.0,0.0
1018,-373.3826584251102,-37.33826584251102,0.0,0.0,559.5733283496376,47.17397822605037,1186.1906699245274,0.0,0.0
1019,-374.0086497753348,-37.40086497753347,-0.6259913502245809,-0.09990009990008542,560.1993196998621,47.22675147457579,1186.1906699245274,0.0,0.0
1020,-362.41626158538713,-36.24162615853871,11.592388189947656,1.8518447875976562,548.6069315099145,46.24947282251176,1186.1906699245274,11.592388189947656,0.0
1021,-345.0276129680353,-34.50276129680353,17.388648617351805,2.727272916431289,531.2182828925627,44.78354925236109,1186.1906699245274,28.98103680729946,0.0
1022,-357.26338115682495,-35.7263381156825,-12.23576818878962,-1.868134967374202,543.4540510813523,45.81506707652069,1186.1906699245274,28.98103680729946,0.0
1023,-357.26338115682495,-35.7263381156825,0.0,0.0,543.4540510813523,45.81506707652069,1186.1906699245274,0.0,0.0
1024,-357.26338115682495,-35.7263381156825,0.0,0.0,543.4540510813523,45.81506707652069,1186.1906699245274,0.0,0.0
1025,-357.26338115682495,-35.7263381156825,0.0,0.0,543.4540510813523,45.81506707652069,1186.1906699245274,0.0,0.0
1026,-357.26338115682495,-35.7263381156825,0.0,0.0,543.4540510813523,45.81506707652069,1186.1906699245274,0.0,0.0
1027,-357.26338115682495,-35.7263381156825,0.0,0.0,543.4540510813523,45.81506707652069,1186.1906699245274,0.0,0.0
1028,-357.26338115682495,-35.7263381156825,0.0,0.0,543.4540510813523,45.81506707652069,1186.1906699245274,0.0,0.0
1029,-357.26338115682495,-35.7263381156825,0.0,0.0,543.4540510813523,45.81506707652069,1186.1906699245274,0.0,0.0
1030,-357.26338115682495,-35.7263381156825,0.0,0.0,543.4540510813523,45.81506707652069,1186.1906699245274,0.0,0.0
1031,-357.26338115682495,-35.7263381156825,0.0,0.0,543.4540510813523,45.81506707652069,1186.1906699245274,0.0,0.0
1032,-357.26338115682495,-35.7263381156825,0.0,0.0,543.4540510813523,45.81506707652069,1186.1906699245274,0.0,0.0
1033,-357.26338115682495,-35.7263381156825,0.0,0.0,543.4540510813523,45.81506707652069,1186.1906699245274,0.0,0.0
1034,-357.26338115682495,-35.7263381156825,0.0,0.0,543.4540510813523,45.81506707652069,1186.1906699245274,0.0,0.0
1035,-357.26338115682495,-35.7263381156825,0.0,0.0,543.4540510813523,45.81506707652069,1186.1906699245274,0.0,0.0
1036,-357.26338115682495,-35.7263381156825,0.0,0.0,543.4540510813523,45.81506707652069,1186.1906699245274,0.0,0.0
1037,-357.26338115682495,-35.7263381156825,0.0,0.0,543.4540510813523,45.81506707652069,1186.1906699245274,0.0,0.0
1038,-357.26338115682495,-35.7263381156825,0.0,0.0,543.4540510813523,45.81506707652069,1186.1906699245274,0.0,0.0
1039,-357.26338115682495,-35.7263381156825,0.0,0.0,543.4540510813523,45.81506707652069,1186.1906699245274,0.0,0.0
1040,-357.26338115682495,-35.7263381156825,0.0,0.0,543.4540510813523,45.81506707652069,1186.1906699245274,0.0,0.0
1041,-357.26338115682495,-35.7263381156825,0.0,0.0,543.4540510813523,45.81506707652069,1186.1906699245274,0.0,0.0
1042,-357.26338115682495,-35.7263381156825,0.0,0.0,543.4540510813523,45.81506707652069,1186.1906699245274,0.0,0.0
1043,-357.26338115682495,-35.7263381156825,0.0,0.0,543.4540510813523,45.81506707652069,1186.1906699245274,0.0,0.0
1044,-357.26338115682495,-35.7263381156825,0.0,0.0,543.4540510813523,45.81506707652069,1186.1906699245274,0.0,0.0
1045,-357.26338115682495,-35.7263381156825,0.0,0.0,543.4540510813523,45.81506707652069,1186.1906699245274,0.0,0.0
1046,-357.26338115682495,-35.7263381156825,0.0,0.0,543.4540510813523,45.81506707652069,1186.1906699245274,0.0,0.0
1047,-357.26338115682495,-35.7263381156825,0.0,0.0,543.4540510813523,45.81506707652069,1186.1906699245274,0.0,0.0
1048,-357.26338115682495,-35.7263381156825,0.0,0.0,543.4540510813523,45.81506707652069,1186.1906699245274,0.0,0.0
1049,-357.26338115682495,-35.7263381156825,0.0,0.0,543.4540510813523,45.81506707652069,1186.1906699245274,0.0,0.0
1050,-357.26338115682495,-35.7263381156825,0.0,0.0,543.4540510813523,45.81506707652069,1186.1906699245274,0.0,0.0
1051,-357.26338115682495,-35.7263381156825,0.0,0.0,543.4540510813523,45.81506707652069,1186.1906699245274,0.0,0.0
1052,-357.26338115682495,-35.7263381156825,0.0,0.0,543.4540510813523,45.81506707652069,1186.1906699245274,0.0,0.0
1053,-357.26338115682495,-35.7263381156825,0.0,0.0,543.4540510813523,45.81506707652069,1186.1906699245274,0.0,0.0
1054,-357.26338115682495,-35.7263381156825,0.0,0.0,543.4540510813523,45.81506707652069,1186.1906699245274,0.0,0.0
1055,-357.26338115682495,-35.7263381156825,0.0,0.0,543.4540510813523,45.81506707652069,1186.1906699245274,0.0,0.0
1056,-357.26338115682495,-35.7263381156825,0.0,0.0,543.4540510813523,45.81506707652069,1186.1906699245274,0.0,0.0
1057,-357.26338115682495,-35.7263381156825,0.0,0.0,543.4540510813523,45.81506707652069,1186.1906699245274,0.0,0.0
1058,-357.26338115682495,-35.7263381156825,0.0,0.0,543.4540510813523,45.81506707652069,1186.1906699245274,0.0,0.0
1059,-357.26338115682495,-35.7263381156825,0.0,0.0,543.4540510813523,45.81506707652069,1186.1906699245274,0.0,0.0
1060,-357.26338115682495,-35.7263381156825,0.0,0.0,543.4540510813523,45.81506707652069,1186.1906699245274,0.0,0.0
1061,-357.26338115682495,-35.7263381156825,0.0,0.0,543.4540510813523,45.81506707652069,1186.1906699245274,0.0,0.0
1062,-357.26338115682495,-35.7263381156825,0.0,0.0,543.4540510813523,45.81506707652069,1186.1906699245274,0.0,0.0
1063,-357.26338115682495,-35.7263381156825,0.0,0.0,543.4540510813523,45.81506707652069,1186.1906699245274,0.0,0.0
1064,-357.26338115682495,-35.7263381156825,0.0,0.0,543.4540510813523,45.81506707652069,1186.1906699245274,0.0,0.0
1065,-357.26338115682495,-35.7263381156825,0.0,0.0,543.4540510813523,45.81506707652069,1186.1906699245274,0.0,0.0
1066,-357.26338115682495,-35.7263381156825,0.0,0.0,543.4540510813523,45.81506707652069,1186.1906699245274,0.0,0.0
1067,-357.26338115682495,-35.7263381156825,0.0,0.0,543.4540510813523,45.81506707652069,1186.1906699245274,0.0,0.0
1068,-357.26338115682495,-35.7263381156825,0.0,0.0,543.4540510813523,45.81506707652069,1186.1906699245274,0.0,0.0
1069,-357.26338115682495,-35.7263381156825,0.0,0.0,543.4540510813523,45.81506707652069,1186.1906699245274,0.0,0.0
1070,-357.26338115682495,-35.7263381156825,0.0,0.0,543.4540510813523,45.81506707652069,1186.1906699245274,0.0,0.0
1071,-357.26338115682495,-35.7263381156825,0.0,0.0,543.4540510813523,45.81506707652069,1186.1906699245274,0.0,0.0
1072,-357.26338115682495,-35.7263381156825,0.0,0.0,543.4540510813523,45.81506707652069,1186.1906699245274,0.0,0.0
1073,-357.26338115682495,-35.7263381156825,0.0,0.0,543.4540510813523,45.81506707652069,1186.1906699245274,0.0,0.0
1074,-357.26338115682495,-35.7263381156825,0.0,0.0,543.4540510813523,45.81506707652069,1186.1906699245274,0.0,0.0
1075,-357.26338115682495,-35.7263381156825,0.0,0.0,543.4540510813523,45.81506707652069,1186.1906699245274,0.0,0.0
1076,-357.26338115682495,-35.7263381156825,0.0,0.0,543.4540510813523,45.81506707652069,1186.1906699245274,0.0,0.0
1077,-357.26338115682495,-35.7263381156825,0.0,0.0,543.4540510813523,45.81506707652069,1186.1906699245274,0.0,0.0
1078,-357.26338115682495,-35.7263381156825,0.0,0.0,543.4540510813523,45.81506707652069,1186.1906699245274,0.0,0.0
1079,-357.26338115682495,-35.7263381156825,0.0,0.0,543.4540510813523,45.81506707652069,1186.1906699245274,0.0,0.0
1080,-357.26338115682495,-35.7263381156825,0.0,0.0,543.4540510813523,45.81506707652069,1186.1906699245274,0.0,0.0
1081,-357.26338115682495,-35.7263381156825,0.0,0.0,543.4540510813523,45.81506707652069,1186.1906699245274,0.0,0.0
1082,-357.26338115682495,-35.7263381156825,0.0,0.0,543.4540510813523,45.81506707652069,1186.1906699245274,0.0,0.0
1083,-357.26338115682495,-35.7263381156825,0.0,0.0,543.4540510813523,45.81506707652069,1186.1906699245274,0.0,0.0
1084,-357.26338115682495,-35.7263381156825,0.0,0.0,543.4540510813523,45.81506707652069,1186.1906699245274,0.0,0.0
1085,-357.26338115682495,-35.7263381156825,0.0,0.0,543.4540510813523,45.81506707652069,1186.1906699245274,0.0,0.0
1086,-357.26338115682495,-35.7263381156825,0.0,0.0,543.4540510813523,45.81506707652069,1186.1906699245274,0.0,0.0
1087,-357.26338115682495,-35.7263381156825,0.0,0.0,543.4540510813523,45.81506707652069,1186.1906699245274,0.0,0.0
1088,-357.26338115682495,-35.7263381156825,0.0,0.0,543.4540510813523,45.81506707652069,1186.1906699245274,0.0,0.0
1089,-357.26338115682495,-35.7263381156825,0.0,0.0,543.4540510813523,45.81506707652069,1186.1906699245274,0.0,0.0
1090,-357.26338115682495,-35.7263381156825,0.0,0.0,543.4540510813523,45.81506707652069,1186.1906699245274,0.0,0.0
1091,-357.26338115682495,-35.7263381156825,0.0,0.0,543.4540510813523,45.81506707652069,1186.1906699245274,0.0,0.0
1092,-357.26338115682495,-35.7263381156825,0.0,0.0,543.4540510813523,45.81506707652069,1186.1906699245274,0.0,0.0
1093,-357.26338115682495,-35.7263381156825,0.0,0.0,543.4540510813523,45.81506707652069,1186.1906699245274,0.0,0.0
1094,-357.26338115682495,-35.7263381156825,0.0,0.0,543.4540510813523,45.81506707652069,1186.1906699245274,0.0,0.0
1095,-357.26338115682495,-35.7263381156825,0.0,0.0,543.4540510813523,45.81506707652069,1186.1906699245274,0.0,0.0
1096,-357.26338115682495,-35.7263381156825,0.0,0.0,543.4540510813523,45.81506707652069,1186.1906699245274,0.0,0.0
1097,-357.26338115682495,-35.7263381156825,0.0,0.0,543.4540510813523,45.81506707652069,1186.1906699245274,0.0,0.0
1098,-357.26338115682495,-35.7263381156825,0.0,0.0,543.4540510813523,45.81506707652069,1186.1906699245274,0.0,0.0
1099,-357.9054756811437,-35.79054756811437,-0.6420945243187361,-0.09990009990008542,544.096145605671,45.86919787864204,1186.1906699245274,0.0,0.0
1100,-389.6861303917892,-38.968613039178926,-31.780654710645535,-4.949529003437448,575.8768003163166,48.54841762943198,1186.1906699245274,0.0,-31.780654710645535
1101,-389.6861303917892,-38.968613039178926,0.0,0.0,575.8768003163166,48.54841762943198,1186.1906699245274,0.0,0.0
1102,-389.6861303917892,-38.968613039178926,0.0,0.0,575.8768003163166,48.54841762943198,1186.1906699245274,0.0,0.0
1103,-389.6861303917892,-38.968613039178926,0.0,0.0,575.8768003163166,48.54841762943198,1186.1906699245274,0.0,0.0
1104,-389.6861303917892,-38.968613039178926,0.0,0.0,575.8768003163166,48.54841762943198,1186.1906699245274,0.0,0.0
1105,-389.6861303917892,-38.968613039178926,0.0,0.0,575.8768003163166,48.54841762943198,1186.1906699245274,0.0,0.0
1106,-389.6861303917892,-38.968613039178926,0.0,0.0,575.8768003163166,48.54841762943198,1186.1906699245274,0.0,0.0
1107,-389.6861303917892,-38.968613039178926,0.0,0.0,575.8768003163166,48.54841762943198,1186.1906699245274,0.0,0.0
1108,-389.6861303917892,-38.968613039178926,0.0,0.0,575.8768003163166,48.54841762943198,1186.1906699245274,0.0,0.0
1109,-389.6861303917892,-38.968613039178926,0.0,0.0,575.8768003163166,48.54841762943198,1186.1906699245274,0.0,0.0
1110,-389.6861303917892,-38.968613039178926,0.0,0.0,575.8768003163166,48.54841762943198,1186.1906699245274,0.0,0.0
1111,-389.6861303917892,-38.968613039178926,0.0,0.0,575.8768003163166,48.54841762943198,1186.1906699245274,0.0,0.0
1112,-389.6861303917892,-38.968613039178926,0.0,0.0,575.8768003163166,48.54841762943198,1186.1906699245274,0.0,0.0
1113,-389.6861303917892,-38.968613039178926,0.0,0.0,575.8768003163166,48.54841762943198,1186.1906699245274,0.0,0.0
1114,-389.6861303917892,-38.968613039178926,0.0,0.0,575.8768003163166,48.54841762943198,1186.1906699245274,0.0,0.0
1115,-389.6861303917892,-38.968613039178926,0.0,0.0,575.8768003163166,48.54841762943198,1186.1906699245274,0.0,0.0
1116,-389.6861303917892,-38.968613039178926,0.0,0.0,575.8768003163166,48.54841762943198,1186.1906699245274,0.0,0.0
1117,-390.29583455723196,-39.02958345572319,-0.6097041654427358,-0.09990009990009652,576.4865044817593,48.59981781162036,1186.1906699245274,0.0,0.0
1118,-390.29583455723196,-39.02958345572319,0.0,0.0,576.4865044817593,48.59981781162036,1186.1906699245274,0.0,0.0
1119,-406.2011595570607,-40.62011595570607,-15.905324999828736,-2.608695479106371,592.391829481588,49.94069204062106,1186.1906699245274,0.0,-15.905324999828736
1120,-416.8047904556129,-41.68047904556129,-10.603630898552183,-1.7857277879900324,602.9954603801402,50.8346150133272,1186.1906699245274,0.0,-26.50895589838092
1121,-422.1064845568894,-42.21064845568894,-5.301694101276553,-0.9090771005163867,608.2971544814168,51.281566269621756,1186.1906699245274,0.0,-31.81064999965747
1122,-422.1064845568894,-42.21064845568894,0.0,0.0,608.2971544814168,51.281566269621756,1186.1906699245274,0.0,-31.81064999965747
1123,-427.4083000061655,-42.74083000061655,-5.301815449276091,-0.9174381278895027,613.5989699306929,51.72852775597483,1186.1906699245274,0.0,-37.11246544893356
1124,-432.7101154554416,-43.271011545544155,-5.301815449276091,-0.9259329901801228,618.900785379969,52.1754892423279,1186.1906699245274,0.0,-42.414280898209654
1125,-432.7101154554416,-43.271011545544155,0.0,0.0,618.900785379969,52.1754892423279,1186.1906699245274,0.0,-42.414280898209654
1126,-432.7101154554416,-43.271011545544155,0.0,0.0,618.900785379969,52.1754892423279,1186.1906699245274,0.0,-42.414280898209654
1127,-438.01180955671816,-43.80118095567182,-5.301694101276553,-0.934565245338892,624.2024794812455,52.62244049862246,1186.1906699245274,0.0,-47.71597499948621
1128,-448.61544045527035,-44.86154404552703,-10.603630898552183,-1.8868067121105003,634.8061103797977,53.516363471328596,1186.1906699245274,0.0,-58.31960589803839
1129,-448.61544045527035,-44.86154404552703,0.0,0.0,634.8061103797977,53.516363471328596,1186.1906699245274,0.0,-58.31960589803839
1130,-453.9171345565469,-45.391713455654696,-5.301694101276553,-0.9615238601628717,640.1078044810743,53.96331472762316,1186.1906699245274,0.0,-63.62129999931494
1131,-459.218950005823,-45.9218950005823,-5.301815449276091,-0.9708811216720181,645.4096199303503,54.410276213976225,1186.1906699245274,0.0,-68.92311544859103
1132,-453.9171345565469,-45.391713455654696,5.301815449276091,0.9803996366612999,640.1078044810743,53.96331472762316,1186.1906699245274,0.0,-68.92311544859103
1133,-453.9171345565469,-45.391713455654696,0.0,0.0,640.1078044810743,53.96331472762316,1186.1906699245274,0.0,-68.92311544859103
1134,-449.1668250148151,-44.91668250148151,4.750309541731781,0.8698880412360666,635.3574949393425,53.56284710785727,1186.1906699245274,0.0,-68.92311544859103
1135,-449.1668250148151,-44.91668250148151,0.0,0.0,635.3574949393425,53.56284710785727,1186.1906699245274,0.0,0.0
1136,-449.1668250148151,-44.91668250148151,0.0,0.0,635.3574949393425,53.56284710785727,1186.1906699245274,0.0,0.0
1137,-449.1668250148151,-44.91668250148151,0.0,0.0,635.3574949393425,53.56284710785727,1186.1906699245274,0.0,0.0
1138,-449.71710790690815,-44.971710790690814,-0.5502828920930369,-0.09990009990008542,635.9077778314355,53.60923786998728,1186.1906699245274,0.0,0.0
1139,-460.09988245051636,-46.00998824505164,-10.382774543608207,-1.8868067121104892,646.2905523750437,54.48454188365557,1186.1906699245274,0.0,-10.382774543608207
1140,-465.2911509018021,-46.529115090180206,-5.191268451285737,-0.9615238601628828,651.4818208263295,54.92218387350667,1186.1906699245274,0.0,-15.574042994893944
1141,-465.2911509018021,-46.529115090180206,0.0,0.0,651.4818208263295,54.92218387350667,1186.1906699245274,0.0,-15.574042994893944
1142,-465.82585975090035,-46.582585975090026,-0.5347088490982514,-0.10000000000001119,652.0165296754277,54.96726168963316,1186.1906699245274,0.0,-16.108751843992195
1143,-465.82585975090035,-46.582585975090026,0.0,0.0,652.0165296754277,54.96726168963316,1186.1906699245274,0.0,0.0
1144,-465.82585975090035,-46.582585975090026,0.0,0.0,652.0165296754277,54.96726168963316,1186.1906699245274,0.0,0.0
1145,-465.82585975090035,-46.582585975090026,0.0,0.0,652.0165296754277,54.96726168963316,1186.1906699245274,0.0,0.0
1146,-465.82585975090035,-46.582585975090026,0.0,0.0,652.0165296754277,54.96726168963316,1186.1906699245274,0.0,0.0
1147,-465.82585975090035,-46.582585975090026,0.0,0.0,652.0165296754277,54.96726168963316,1186.1906699245274,0.0,0.0
1148,-465.82585975090035,-46.582585975090026,0.0,0.0,652.0165296754277,54.96726168963316,1186.1906699245274,0.0,0.0
1149,-465.82585975090035,-46.582585975090026,0.0,0.0,652.0165296754277,54.96726168963316,1186.1906699245274,0.0,0.0
1150,-465.82585975090035,-46.582585975090026,0.0,0.0,652.0165296754277,54.96726168963316,1186.1906699245274,0.0,0.0
1151,-465.82585975090035,-46.582585975090026,0.0,0.0,652.0165296754277,54.96726168963316,1186.1906699245274,0.0,0.0
1152,-465.82585975090035,-46.582585975090026,0.0,0.0,652.0165296754277,54.96726168963316,1186.1906699245274,0.0,0.0
1153,-465.82585975090035,-46.582585975090026,0.0,0.0,652.0165296754277,54.96726168963316,1186.1906699245274,0.0,0.0
1154,-465.82585975090035,-46.582585975090026,0.0,0.0,652.0165296754277,54.96726168963316,1186.1906699245274,0.0,0.0
1155,-465.82585975090035,-46.582585975090026,0.0,0.0,652.0165296754277,54.96726168963316,1186.1906699245274,0.0,0.0
1156,-465.82585975090035,-46.582585975090026,0.0,0.0,652.0165296754277,54.96726168963316,1186.1906699245274,0.0,0.0
1157,-465.82585975090035,-46.582585975090026,0.0,0.0,652.0165296754277,54.96726168963316,1186.1906699245274,0.0,0.0
1158,-465.82585975090035,-46.582585975090026,0.0,0.0,652.0165296754277,54.96726168963316,1186.1906699245274,0.0,0.0
1159,-465.82585975090035,-46.582585975090026,0.0,0.0,652.0165296754277,54.96726168963316,1186.1906699245274,0.0,0.0
1160,-465.82585975090035,-46.582585975090026,0.0,0.0,652.0165296754277,54.96726168963316,1186.1906699245274,0.0,0.0
1161,-465.82585975090035,-46.582585975090026,0.0,0.0,652.0165296754277,54.96726168963316,1186.1906699245274,0.0,0.0
1162,-465.82585975090035,-46.582585975090026,0.0,0.0,652.0165296754277,54.96726168963316,1186.1906699245274,0.0,0.0
1163,-465.82585975090035,-46.582585975090026,0.0,0.0,652.0165296754277,54.96726168963316,1186.1906699245274,0.0,0.0
1164,-465.82585975090035,-46.582585975090026,0.0,0.0,652.0165296754277,54.96726168963316,1186.1906699245274,0.0,0.0
1165,-465.82585975090035,-46.582585975090026,0.0,0.0,652.0165296754277,54.96726168963316,1186.1906699245274,0.0,0.0
1166,-465.82585975090035,-46.582585975090026,0.0,0.0,652.0165296754277,54.96726168963316,1186.1906699245274,0.0,0.0
1167,-465.82585975090035,-46.582585975090026,0.0,0.0,652.0165296754277,54.96726168963316,1186.1906699245274,0.0,0.0
1168,-465.82585975090035,-46.582585975090026,0.0,0.0,652.0165296754277,54.96726168963316,1186.1906699245274,0.0,0.0
1169,-465.82585975090035,-46.582585975090026,0.0,0.0,652.0165296754277,54.96726168963316,1186.1906699245274,0.0,0.0
1170,-465.82585975090035,-46.582585975090026,0.0,0.0,652.0165296754277,54.96726168963316,1186.1906699245274,0.0,0.0
1171,-465.82585975090035,-46.582585975090026,0.0,0.0,652.0165296754277,54.96726168963316,1186.1906699245274,0.0,0.0
1172,-465.82585975090035,-46.582585975090026,0.0,0.0,652.0165296754277,54.96726168963316,1186.1906699245274,0.0,0.0
1173,-465.82585975090035,-46.582585975090026,0.0,0.0,652.0165296754277,54.96726168963316,1186.1906699245274,0.0,0.0
1174,-466.3595002506496,-46.635950025064965,-0.5336404997492536,-0.09990009990008542,652.550170175177,55.01224944019296,1186.1906699245274,0.0,0.0
1175,-466.3595002506496,-46.635950025064965,0.0,0.0,652.550170175177,55.01224944019296,1186.1906699245274,0.0,0.0
1176,-466.3595002506496,-46.635950025064965,0.0,0.0,652.550170175177,55.01224944019296,1186.1906699245274,0.0,0.0
1177,-466.3595002506496,-46.635950025064965,0.0,0.0,652.550170175177,55.01224944019296,1186.1906699245274,0.0,0.0
1178,-466.3595002506496,-46.635950025064965,0.0,0.0,652.550170175177,55.01224944019296,1186.1906699245274,0.0,0.0
1179,-456.5679694851327,-45.65679694851327,9.791530765516882,1.8348552574469101,642.7586394096601,54.18678933383924,1186.1906699245274,9.791530765516882,0.0
1180,-456.5679694851327,-45.65679694851327,0.0,0.0,642.7586394096601,54.18678933383924,1186.1906699245274,9.791530765516882,0.0
1181,-456.5679694851327,-45.65679694851327,0.0,0.0,642.7586394096601,54.18678933383924,1186.1906699245274,9.791530765516882,0.0
1182,-505.5258474239258,-50.55258474239258,-48.957877938793104,-9.009015882337412,691.7165173484532,58.31410875896237,1186.1906699245274,9.791530765516882,-39.16634717327622
1183,-485.94267383728766,-48.59426738372876,19.583173586638168,3.9604038926231544,672.133343761815,56.66317909957767,1186.1906699245274,9.791530765516882,-39.16634717327622
1184,-495.73420460280454,-49.573420460280445,-9.791530765516882,-1.9047546386718794,681.9248745273319,57.48863920593138,1186.1906699245274,9.791530765516882,-39.16634717327622
1185,-495.73420460280454,-49.573420460280445,0.0,0.0,681.9248745273319,57.48863920593138,1186.1906699245274,9.791530765516882,-39.16634717327622
1186,-495.73420460280454,-49.573420460280445,0.0,0.0,681.9248745273319,57.48863920593138,1186.1906699245274,9.791530765516882,-39.16634717327622
1187,-505.5258474239258,-50.55258474239258,-9.791642821121286,-1.9417622433440473,691.7165173484532,58.31410875896237,1186.1906699245274,9.791530765516882,-39.16634717327622
1188,-505.5258474239258,-50.55258474239258,0.0,0.0,691.7165173484532,58.31410875896237,1186.1906699245274,9.791530765516882,-39.16634717327622
1189,-490.8384952478483,-49.08384952478483,14.687352176077525,2.9702972540749606,677.0291651723757,57.07591387609315,1186.1906699245274,9.791530765516882,-39.16634717327622
1190,-486.4567311634504,-48.645673116345044,4.381764084397901,0.860584322165292,672.6474010879778,56.70651592047808,1186.1906699245274,9.791530765516882,-39.16634717327622
1191,-486.4567311634504,-48.645673116345044,0.0,0.0,672.6474010879778,56.70651592047808,1186.1906699245274,0.0,0.0
1192,-486.4567311634504,-48.645673116345044,0.0,0.0,672.6474010879778,56.70651592047808,1186.1906699245274,0.0,0.0
1193,-486.4567311634504,-48.645673116345044,0.0,0.0,672.6474010879778,56.70651592047808,1186.1906699245274,0.0,0.0
1194,-486.4567311634504,-48.645673116345044,0.0,0.0,672.6474010879778,56.70651592047808,1186.1906699245274,0.0,0.0
1195,-486.4567311634504,-48.645673116345044,0.0,0.0,672.6474010879778,56.70651592047808,1186.1906699245274,0.0,0.0
1196,-486.4567311634504,-48.645673116345044,0.0,0.0,672.6474010879778,56.70651592047808,1186.1906699245274,0.0,0.0
1197,-486.4567311634504,-48.645673116345044,0.0,0.0,672.6474010879778,56.70651592047808,1186.1906699245274,0.0,0.0
1198,-486.4567311634504,-48.645673116345044,0.0,0.0,672.6474010879778,56.70651592047808,1186.1906699245274,0.0,0.0
1199,-486.4567311634504,-48.645673116345044,0.0,0.0,672.6474010879778,56.70651592047808,1186.1906699245274,0.0,0.0
1200,-486.4567311634504,-48.645673116345044,0.0,0.0,672.6474010879778,56.70651592047808,1186.1906699245274,0.0,0.0
1201,-486.4567311634504,-48.645673116345044,0.0,0.0,672.6474010879778,56.70651592047808,1186.1906699245274,0.0,0.0
1202,-486.4567311634504,-48.645673116345044,0.0,0.0,672.6474010879778,56.70651592047808,1186.1906699245274,0.0,0.0
1203,-486.96976140204833,-48.696976140204825,-0.5130302385979348,-0.09990009990009652,673.1604313265757,56.74976615432376,1186.1906699245274,0.0,0.0
1204,-486.96976140204833,-48.696976140204825,0.0,0.0,673.1604313265757,56.74976615432376,1186.1906699245274,0.0,0.0
1205,-486.96976140204833,-48.696976140204825,0.0,0.0,673.1604313265757,56.74976615432376,1186.1906699245274,0.0,0.0
1206,-491.6764964185484,-49.16764964185484,-4.70673501650009,-0.9174381278895027,677.8671663430757,57.14656029002536,1186.1906699245274,0.0,-4.70673501650009
1207,-496.3832314350485,-49.63832314350485,-4.70673501650009,-0.9259329901801228,682.5739013595759,57.54335442572697,1186.1906699245274,0.0,-9.41347003300018
1208,-491.6764964185484,-49.16764964185484,4.70673501650009,0.9345866361661903,677.8671663430757,57.14656029002536,1186.1906699245274,0.0,-9.41347003300018
1209,-491.6764964185484,-49.16764964185484,0.0,0.0,677.8671663430757,57.14656029002536,1186.1906699245274,0.0,-9.41347003300018
1210,-491.6764964185484,-49.16764964185484,0.0,0.0,677.8671663430757,57.14656029002536,1186.1906699245274,0.0,-9.41347003300018
1211,-496.3832314350485,-49.63832314350485,-4.70673501650009,-0.9259329901801228,682.5739013595759,57.54335442572697,1186.1906699245274,0.0,-9.41347003300018
1212,-501.08985872375536,-50.108985872375534,-4.706627288706841,-0.934565245338892,687.2805286482827,57.94013947960084,1186.1906699245274,0.0,-14.120097321707021
1213,-491.6764964185484,-49.16764964185484,9.413362305206931,1.8867851194860341,677.8671663430757,57.14656029002536,1186.1906699245274,0.0,-14.120097321707021
1214,-477.55639909684146,-47.75563990968414,14.120097321706965,2.777777777777768,663.7470690213688,55.95618696474829,1186.1906699245274,9.413362305206874,-14.120097321707021
1215,-472.8496640803413,-47.28496640803414,4.706735016500147,0.9009077742293092,659.0403340048687,55.559392829046686,1186.1906699245274,14.120097321707021,-14.120097321707021
1216,-463.43630177513444,-46.34363017751344,9.413362305206874,1.7857073521132083,649.6269716996618,54.76581363947122,1186.1906699245274,23.533459626913896,-14.120097321707021
1217,-468.1430367916346,-46.81430367916346,-4.706735016500147,-0.8771996749074917,654.3337067161619,55.16260777517282,1186.1906699245274,23.533459626913896,-14.120097321707021
1218,-468.1430367916346,-46.81430367916346,0.0,0.0,654.3337067161619,55.16260777517282,1186.1906699245274,23.533459626913896,-14.120097321707021
1219,-463.43630177513444,-46.34363017751344,4.706735016500147,0.8849625636387914,649.6269716996618,54.76581363947122,1186.1906699245274,23.533459626913896,-14.120097321707021
1220,-482.2631341133415,-48.226313411334154,-18.826832338207055,-3.5087786222758988,668.4538040378688,56.352981100449895,1186.1906699245274,23.533459626913896,-14.120097321707021
1221,-496.3832314350485,-49.63832314350485,-14.120097321707021,-2.727272916431289,682.5739013595759,57.54335442572697,1186.1906699245274,23.533459626913896,-14.120097321707021
1222,-496.3832314350485,-49.63832314350485,0.0,0.0,682.5739013595759,57.54335442572697,1186.1906699245274,23.533459626913896,-14.120097321707021
1223,-496.3832314350485,-49.63832314350485,0.0,0.0,682.5739013595759,57.54335442572697,1186.1906699245274,23.533459626913896,-14.120097321707021
1224,-491.6764964185484,-49.16764964185484,4.70673501650009,0.9345866361661903,677.8671663430757,57.14656029002536,1186.1906699245274,23.533459626913896,-14.120097321707021
1225,-501.08985872375536,-50.108985872375534,-9.413362305206931,-1.8518447875976674,687.2805286482827,57.94013947960084,1186.1906699245274,23.533459626913896,-14.120097321707021
1226,-496.3832314350485,-49.63832314350485,4.706627288706841,0.943381763430784,682.5739013595759,57.54335442572697,1186.1906699245274,23.533459626913896,-14.120097321707021
1227,-491.6764964185484,-49.16764964185484,4.70673501650009,0.9345866361661903,677.8671663430757,57.14656029002536,1186.1906699245274,23.533459626913896,-14.120097321707021
1228,-486.96976140204833,-48.696976140204825,4.70673501650009,0.9259329901801117,673.1604313265757,56.74976615432376,1186.1906699245274,23.533459626913896,-14.120097321707021
1229,-491.6764964185484,-49.16764964185484,-4.70673501650009,-0.9174381278895027,677.8671663430757,57.14656029002536,1186.1906699245274,23.533459626913896,-14.120097321707021
1230,-496.3832314350485,-49.63832314350485,-4.70673501650009,-0.9259329901801228,682.5739013595759,57.54335442572697,1186.1906699245274,23.533459626913896,-14.120097321707021
1231,-501.08985872375536,-50.108985872375534,-4.706627288706841,-0.934565245338892,687.2805286482827,57.94013947960084,1186.1906699245274,23.533459626913896,-14.120097321707021
1232,-501.08985872375536,-50.108985872375534,0.0,0.0,687.2805286482827,57.94013947960084,1186.1906699245274,23.533459626913896,-14.120097321707021
1233,-510.50332875675554,-51.05033287567555,-9.41347003300018,-1.8868067121105003,696.6939986812829,58.73372775100404,1186.1906699245274,23.533459626913896,-23.533567354707202
1234,-501.08985872375536,-50.108985872375534,9.41347003300018,1.9230917360666622,687.2805286482827,57.94013947960084,1186.1906699245274,23.533459626913896,-23.533567354707202
1235,-501.08985872375536,-50.108985872375534,0.0,0.0,687.2805286482827,57.94013947960084,1186.1906699245274,23.533459626913896,-23.533567354707202
1236,-501.08985872375536,-50.108985872375534,0.0,0.0,687.2805286482827,57.94013947960084,1186.1906699245274,23.533459626913896,-23.533567354707202
1237,-501.08985872375536,-50.108985872375534,0.0,0.0,687.2805286482827,57.94013947960084,1186.1906699245274,23.533459626913896,-23.533567354707202
1238,-501.08985872375536,-50.108985872375534,0.0,0.0,687.2805286482827,57.94013947960084,1186.1906699245274,23.533459626913896,-23.533567354707202
1239,-486.96976140204833,-48.696976140204825,14.120097321707021,2.8301884755412843,673.1604313265757,56.74976615432376,1186.1906699245274,23.533459626913896,-23.533567354707202
1240,-487.48279164064627,-48.74827916406462,-0.5130302385979348,-0.10000000000000009,673.6734615651736,56.793016388169434,1186.1906699245274,23.533459626913896,-23.533567354707202
1241,-487.48279164064627,-48.74827916406462,0.0,0.0,673.6734615651736,56.793016388169434,1186.1906699245274,0.0,0.0
1242,-487.48279164064627,-48.74827916406462,0.0,0.0,673.6734615651736,56.793016388169434,1186.1906699245274,0.0,0.0
1243,-487.48279164064627,-48.74827916406462,0.0,0.0,673.6734615651736,56.793016388169434,1186.1906699245274,0.0,0.0
1244,-487.48279164064627,-48.74827916406462,0.0,0.0,673.6734615651736,56.793016388169434,1186.1906699245274,0.0,0.0
1245,-487.48279164064627,-48.74827916406462,0.0,0.0,673.6734615651736,56.793016388169434,1186.1906699245274,0.0,0.0
1246,-487.48279164064627,-48.74827916406462,0.0,0.0,673.6734615651736,56.793016388169434,1186.1906699245274,0.0,0.0
1247,-487.48279164064627,-48.74827916406462,0.0,0.0,673.6734615651736,56.793016388169434,1186.1906699245274,0.0,0.0
1248,-487.48279164064627,-48.74827916406462,0.0,0.0,673.6734615651736,56.793016388169434,1186.1906699245274,0.0,0.0
1249,-487.48279164064627,-48.74827916406462,0.0,0.0,673.6734615651736,56.793016388169434,1186.1906699245274,0.0,0.0
1250,-487.48279164064627,-48.74827916406462,0.0,0.0,673.6734615651736,56.793016388169434,1186.1906699245274,0.0,0.0
1251,-487.48279164064627,-48.74827916406462,0.0,0.0,673.6734615651736,56.793016388169434,1186.1906699245274,0.0,0.0
1252,-487.48279164064627,-48.74827916406462,0.0,0.0,673.6734615651736,56.793016388169434,1186.1906699245274,0.0,0.0
1253,-487.48279164064627,-48.74827916406462,0.0,0.0,673.6734615651736,56.793016388169434,1186.1906699245274,0.0,0.0
1254,-487.48279164064627,-48.74827916406462,0.0,0.0,673.6734615651736,56.793016388169434,1186.1906699245274,0.0,0.0
1255,-487.48279164064627,-48.74827916406462,0.0,0.0,673.6734615651736,56.793016388169434,1186.1906699245274,0.0,0.0
1256,-487.48279164064627,-48.74827916406462,0.0,0.0,673.6734615651736,56.793016388169434,1186.1906699245274,0.0,0.0
1257,-487.48279164064627,-48.74827916406462,0.0,0.0,673.6734615651736,56.793016388169434,1186.1906699245274,0.0,0.0
1258,-487.48279164064627,-48.74827916406462,0.0,0.0,673.6734615651736,56.793016388169434,1186.1906699245274,0.0,0.0
1259,-487.48279164064627,-48.74827916406462,0.0,0.0,673.6734615651736,56.793016388169434,1186.1906699245274,0.0,0.0
1260,-487.9947968438024,-48.799479684380245,-0.51200520315615,-0.09990009990008542,674.1854667683298,56.836180207961476,1186.1906699245274,0.0,0.0
1261,-487.9947968438024,-48.799479684380245,0.0,0.0,674.1854667683298,56.836180207961476,1186.1906699245274,0.0,0.0
1262,-487.9947968438024,-48.799479684380245,0.0,0.0,674.1854667683298,56.836180207961476,1186.1906699245274,0.0,0.0
1263,-497.1378160325175,-49.713781603251746,-9.143019188715073,-1.7857277879900435,683.3284859570449,57.606968532345846,1186.1906699245274,0.0,-9.143019188715073
1264,-497.1378160325175,-49.713781603251746,0.0,0.0,683.3284859570449,57.606968532345846,1186.1906699245274,0.0,-9.143019188715073
1265,-497.1378160325175,-49.713781603251746,0.0,0.0,683.3284859570449,57.606968532345846,1186.1906699245274,0.0,-9.143019188715073
1266,-497.1378160325175,-49.713781603251746,0.0,0.0,683.3284859570449,57.606968532345846,1186.1906699245274,0.0,-9.143019188715073
1267,-485.70909436299996,-48.57090943629999,11.428721669517529,2.2727343661731014,671.8997642875273,56.643487537317895,1186.1906699245274,2.285702480802456,-9.143019188715073
1268,-483.4233918821975,-48.34233918821975,2.285702480802456,0.44443766276041075,669.6140618067249,56.45079486667433,1186.1906699245274,4.571404961604912,-9.143019188715073
1269,-481.13758476864245,-48.11375847686424,2.2858071135550517,0.4424914093349219,667.3282546931698,56.2580933751257,1186.1906699245274,6.857212075159964,-9.143019188715073
1270,-471.9946702126799,-47.19946702126799,9.142914555962534,1.7621076970637306,658.1853401372073,55.48731387164637,1186.1906699245274,16.000126631122498,-9.143019188715073
1271,-469.70896773187746,-46.97089677318774,2.285702480802456,0.4328938273640448,655.8996376564048,55.294621201002805,1186.1906699245274,18.285829111924954,-9.143019188715073
1272,-479.3730304055522,-47.93730304055522,-9.66406267367472,-1.8224073359001114,665.5637003300795,56.10933530377766,1186.1906699245274,18.285829111924954,-9.143019188715073
1273,-479.3730304055522,-47.93730304055522,0.0,0.0,665.5637003300795,56.10933530377766,1186.1906699245274,0.0,0.0
1274,-479.3730304055522,-47.93730304055522,0.0,0.0,665.5637003300795,56.10933530377766,1186.1906699245274,0.0,0.0
1275,-479.3730304055522,-47.93730304055522,0.0,0.0,665.5637003300795,56.10933530377766,1186.1906699245274,0.0,0.0
1276,-479.3730304055522,-47.93730304055522,0.0,0.0,665.5637003300795,56.10933530377766,1186.1906699245274,0.0,0.0
1277,-479.3730304055522,-47.93730304055522,0.0,0.0,665.5637003300795,56.10933530377766,1186.1906699245274,0.0,0.0
1278,-479.8931372682838,-47.98931372682838,-0.520106862731609,-0.09990009990007431,666.0838071928112,56.153182121655995,1186.1906699245274,0.0,0.0
1279,-470.76849027387175,-47.07684902738718,9.124646994412046,1.7543792724609375,656.9591601983991,55.38394263716463,1186.1906699245274,9.124646994412046,0.0
1280,-470.76849027387175,-47.07684902738718,0.0,0.0,656.9591601983991,55.38394263716463,1186.1906699245274,9.124646994412046,0.0
1281,-454.8002275040303,-45.48002275040302,15.96826276984143,3.0172547318856324,640.9908974285577,54.03776253520367,1186.1906699245274,25.092909764253477,0.0
1282,-450.23795621867237,-45.02379562186724,4.5622712853579515,0.836807261395478,636.4286261431997,53.65314719459842,1186.1906699245274,29.65518104961143,0.0
1283,-452.5190918613514,-45.251909186135144,-2.2811356426790326,-0.41493145415952837,638.7097617858788,53.84545486490104,1186.1906699245274,29.65518104961143,0.0
1284,-452.5190918613514,-45.251909186135144,0.0,0.0,638.7097617858788,53.84545486490104,1186.1906699245274,29.65518104961143,0.0
1285,-447.9567161522972,-44.795671615229715,4.5623757090542085,0.8333396911621271,634.1473860768245,53.46083072101493,1186.1906699245274,31.936421115986604,0.0
1286,-450.23795621867237,-45.02379562186724,-2.281240066375176,-0.413235725009653,636.4286261431997,53.65314719459842,1186.1906699245274,31.936421115986604,0.0
1287,-447.9567161522972,-44.795671615229715,2.281240066375176,0.4149504485039701,634.1473860768245,53.46083072101493,1186.1906699245274,31.936421115986604,0.0
1288,-452.5190918613514,-45.251909186135144,-4.5623757090542085,-0.8264525341662998,638.7097617858788,53.84545486490104,1186.1906699245274,31.936421115986604,0.0
1289,-452.5190918613514,-45.251909186135144,0.0,0.0,638.7097617858788,53.84545486490104,1186.1906699245274,31.936421115986604,0.0
1290,-452.5190918613514,-45.251909186135144,0.0,0.0,638.7097617858788,53.84545486490104,1186.1906699245274,31.936421115986604,0.0
1291,-450.23795621867237,-45.02379562186724,2.2811356426790326,0.4166603088378906,636.4286261431997,53.65314719459842,1186.1906699245274,31.936421115986604,0.0
1292,-445.67558050961827,-44.56755805096183,4.562375709054095,0.8298819026634652,631.8662504341456,53.26852305071231,1186.1906699245274,34.21755675866552,0.0
1293,-443.39444486693924,-44.33944448669392,2.2811356426790326,0.41151635440779266,629.5851147914666,53.07621538040968,1186.1906699245274,36.498692401344556,0.0
1294,-439.39323708872723,-43.93932370887272,4.001207778212006,0.7188587575730265,625.5839070132546,52.73889964528704,1186.1906699245274,40.49990017955656,0.0
1295,-439.39323708872723,-43.93932370887272,0.0,0.0,625.5839070132546,52.73889964528704,1186.1906699245274,0.0,0.0
1296,-439.39323708872723,-43.93932370887272,0.0,0.0,625.5839070132546,52.73889964528704,1186.1906699245274,0.0,0.0
1297,-439.9532838049222,-43.99532838049222,-0.5600467161949609,-0.09990009990007431,626.1439537294495,52.786113531755284,1186.1906699245274,0.0,0.0
1298,-444.4158412150084,-44.441584121500846,-4.4625574100862195,-0.7968187797626203,630.6065111395358,53.16232264579005,1186.1906699245274,0.0,-4.4625574100862195
1299,-446.6470688505244,-44.66470688505244,-2.2312276355160066,-0.40160029767506433,632.8377387750518,53.35042289746864,1186.1906699245274,0.0,-6.693785045602226
1300,-448.87839862509463,-44.88783986250946,-2.231329774570213,-0.40323808711649756,635.069068549622,53.53853175982483,1186.1906699245274,0.0,-8.925114820172439
1301,-428.7970434882877,-42.879704348828774,20.081355136806906,3.643724921452751,614.9877134128151,51.84560366268472,1186.1906699245274,11.156240316634467,-8.925114820172439
1302,-426.5657137137175,-42.656571371371754,2.231329774570213,0.3906369442127522,612.7563836382449,51.65749480032853,1186.1906699245274,13.38757009120468,-8.925114820172439
1303,-424.3344860782015,-42.43344860782015,2.2312276355160066,0.38909909799187403,610.5251560027289,51.46939454864994,1186.1906699245274,15.618797726720686,-8.925114820172439
1304,-413.17814362251295,-41.31781436225129,11.15634245568856,1.9379904103833612,599.3688135470403,50.52887606890179,1186.1906699245274,26.775140182409245,-8.925114820172439
1305,-413.17814362251295,-41.31781436225129,0.0,0.0,599.3688135470403,50.52887606890179,1186.1906699245274,26.775140182409245,-8.925114820172439
1306,-406.4843585769106,-40.648435857691055,6.69378504560234,1.1406843444659254,592.675028501438,49.96456670318841,1186.1906699245274,33.468925228011585,-8.925114820172439
1307,-393.09678848570604,-39.309678848570606,13.387570091204566,2.2556389683521694,579.2874584102334,48.83594797176167,1186.1906699245274,46.85649531921615,-8.925114820172439
1308,-384.1717758045876,-38.41717758045876,8.92501268111846,1.4705825429477404,570.3624457291149,48.08353835436969,1186.1906699245274,55.78150800033461,-8.925114820172439
1309,-384.1717758045876,-38.41717758045876,0.0,0.0,570.3624457291149,48.08353835436969,1186.1906699245274,55.78150800033461,-8.925114820172439
1310,-386.4030034401037,-38.64030034401037,-2.2312276355161202,-0.362313312032958,572.5936733646311,48.27163860604829,1186.1906699245274,55.78150800033461,-8.925114820172439
1311,-386.4030034401037,-38.64030034401037,0.0,0.0,572.5936733646311,48.27163860604829,1186.1906699245274,55.78150800033461,-8.925114820172439
1312,-379.70921839450136,-37.970921839450135,6.69378504560234,1.090909030378362,565.8998883190287,47.70732924033492,1186.1906699245274,60.24406541042083,-8.925114820172439
1313,-379.70921839450136,-37.970921839450135,0.0,0.0,565.8998883190287,47.70732924033492,1186.1906699245274,60.24406541042083,-8.925114820172439
1314,-381.94054816907146,-38.19405481690714,-2.2313297745700993,-0.35972318801752445,568.1312180935988,47.895438102691095,1186.1906699245274,60.24406541042083,-8.925114820172439
1315,-375.24676312346924,-37.52467631234693,6.693785045602226,1.0830325506345106,561.4374330479966,47.33112873697773,1186.1906699245274,64.70652068145296,-8.925114820172439
1316,-357.39663562217834,-35.739663562217835,17.8501275012909,2.8571484624126287,543.5873055467057,45.826300891516205,1186.1906699245274,82.55664818274386,-8.925114820172439
1317,-361.85919303226456,-36.185919303226456,-4.4625574100862195,-0.6944497426350948,548.0498629567919,46.20251000555098,1186.1906699245274,82.55664818274386,-8.925114820172439
1318,-352.9340782120921,-35.29340782120921,8.925114820172439,1.3986121437025822,539.1247481366195,45.450091777481425,1186.1906699245274,87.01920559283008,-8.925114820172439
1319,-352.9340782120921,-35.29340782120921,0.0,0.0,539.1247481366195,45.450091777481425,1186.1906699245274,87.01920559283008,-8.925114820172439
1320,-366.3216483032968,-36.632164830329685,-13.38757009120468,-2.0689654083796416,552.5123182278242,46.57871050890818,1186.1906699245274,87.01920559283008,-8.925114820172439
1321,-384.1717758045876,-38.41717758045876,-17.850127501290785,-2.8169066299166157,570.3624457291149,48.08353835436969,1186.1906699245274,87.01920559283008,-8.925114820172439
1322,-370.784205713383,-37.0784205713383,13.387570091204566,2.1739130434782483,556.9748756379104,46.95491962294295,1186.1906699245274,87.01920559283008,-8.925114820172439
1323,-377.47799075898524,-37.74779907589853,-6.693785045602226,-1.0638297872340274,563.6686606835126,47.51922898865632,1186.1906699245274,87.01920559283008,-8.925114820172439
1324,-375.24676312346924,-37.52467631234693,2.2312276355160066,0.35841746996807533,561.4374330479966,47.33112873697773,1186.1906699245274,87.01920559283008,-8.925114820172439
1325,-390.8655608501899,-39.086556085019,-15.618797726720686,-2.4999946866713696,577.0562307747173,48.64784772008307,1186.1906699245274,87.01920559283008,-8.925114820172439
1326,-388.6343332146738,-38.863433321467376,2.2312276355161202,0.3662947770003422,574.8250031392012,48.459747468404466,1186.1906699245274,87.01920559283008,-8.925114820172439
1327,-395.32811826027614,-39.53281182602761,-6.69378504560234,-1.0948905719222801,581.5187881848035,49.02405683411784,1186.1906699245274,87.01920559283008,-8.925114820172439
1328,-415.40947339708305,-41.5409473397083,-20.081355136806906,-3.3210333973245243,601.6001433216104,50.716984931257954,1186.1906699245274,87.01920559283008,-8.925114820172439
1329,-413.17814362251295,-41.31781436225129,2.2313297745700993,0.38169105947309934,599.3688135470403,50.52887606890179,1186.1906699245274,87.01920559283008,-8.925114820172439
1330,-397.55934589579226,-39.755934589579226,15.618797726720686,2.6615910019332167,583.7500158203196,49.21215708579644,1186.1906699245274,87.01920559283008,-8.925114820172439
1331,-402.0219033058785,-40.202190330587854,-4.4625574100862195,-0.7407463921440982,588.2125732304058,49.58836619983122,1186.1906699245274,87.01920559283008,-8.925114820172439
1332,-410.9469159869968,-41.09469159869968,-8.925012681118346,-1.4925317048332776,597.1375859115242,50.34077581722318,1186.1906699245274,87.01920559283008,-8.925114820172439
1333,-399.79057353130827,-39.979057353130834,11.15634245568856,1.8939451737837398,585.9812434558356,49.40025733747504,1186.1906699245274,87.01920559283008,-8.925114820172439
1334,-357.39663562217834,-35.739663562217835,42.39393790912993,7.0631909529567105,543.5873055467057,45.826300891516205,1186.1906699245274,87.01920559283008,-8.925114820172439
1335,-344.00906553097377,-34.40090655309738,13.387570091204566,2.083333333333326,530.1997354555011,44.697682160089464,1186.1906699245274,95.94421827394842,-8.925114820172439
1336,-346.2402931664899,-34.624029316648986,-2.2312276355161202,-0.34013086435746853,532.4309630910172,44.88578241176806,1186.1906699245274,95.94421827394842,-8.925114820172439
1337,-348.47162294106,-34.847162294106006,-2.2313297745700993,-0.3413073261087862,534.6622928655873,45.073891274124236,1186.1906699245274,95.94421827394842,-8.925114820172439
1338,-339.54650812088755,-33.95465081208876,8.925114820172439,1.3698735365083037,525.7371780454149,44.321473046054685,1186.1906699245274,100.40677568403464,-8.925114820172439
1339,-341.77783789545765,-34.17778378954577,-2.2313297745700993,-0.33784813041438655,527.968507819985,44.50958190841086,1186.1906699245274,100.40677568403464,-8.925114820172439
1340,-337.31528048537143,-33.73152804853714,4.4625574100862195,0.6779713092336603,523.5059504098988,44.133372794376086,1186.1906699245274,102.63800331955076,-8.925114820172439
1341,-335.0840528498553,-33.50840528498553,2.2312276355161202,0.33669519906092127,521.2747227743827,43.94527254269748,1186.1906699245274,104.86923095506688,-8.925114820172439
1342,-312.7713679384783,-31.277136793847827,22.312684911377005,3.355715110610591,498.96203786300566,42.064235583201196,1186.1906699245274,127.18191586644389,-8.925114820172439
1343,-321.69648275865075,-32.16964827586507,-8.925114820172439,-1.2987111426657538,507.8871526831781,42.81665381127075,1186.1906699245274,127.18191586644389,-8.925114820172439
1344,-319.46515298408065,-31.946515298408062,2.2313297745700993,0.32895742360954383,505.655822908608,42.62854494891457,1186.1906699245274,127.18191586644389,-8.925114820172439
1345,-332.8527230752852,-33.28527230752852,-13.387570091204566,-1.9672130163367552,519.0433929998126,43.75716368034131,1186.1906699245274,127.18191586644389,-8.925114820172439
1346,-326.1589380296829,-32.61589380296829,6.69378504560234,1.0033444304019312,512.3496079542102,43.19285431462794,1186.1906699245274,127.18191586644389,-8.925114820172439
1347,-337.31528048537143,-33.73152804853714,-11.15634245568856,-1.6556341079997927,523.5059504098988,44.133372794376086,1186.1906699245274,127.18191586644389,-8.925114820172439
1348,-341.77783789545765,-34.17778378954577,-4.4625574100862195,-0.6734058110400842,527.968507819985,44.50958190841086,1186.1906699245274,127.18191586644389,-8.925114820172439
1349,-359.62786325769446,-35.96278632576945,-17.850025362236806,-2.7118542021077885,545.8185331822218,46.0144011431948,1186.1906699245274,127.18191586644389,-8.925114820172439
1350,-373.015433348899,-37.3015433348899,-13.387570091204566,-2.0905922233452667,559.2061032734264,47.143019874621544,1186.1906699245274,127.18191586644389,-8.925114820172439
1351,-377.47799075898524,-37.74779907589853,-4.4625574100862195,-0.7117491637668172,563.6686606835126,47.51922898865632,1186.1906699245274,127.18191586644389,-8.925114820172439
1352,-386.4030034401037,-38.64030034401037,-8.92501268111846,-1.4336862871723866,572.5936733646311,48.27163860604829,1186.1906699245274,127.18191586644389,-8.925114820172439
1353,-388.6343332146738,-38.863433321467376,-2.2313297745700993,-0.36364744075997324,574.8250031392012,48.459747468404466,1186.1906699245274,127.18191586644389,-8.925114820172439
1354,-388.6343332146738,-38.863433321467376,0.0,0.0,574.8250031392012,48.459747468404466,1186.1906699245274,127.18191586644389,-8.925114820172439
1355,-386.4030034401037,-38.64030034401037,2.2313297745700993,0.36497466177694005,572.5936733646311,48.27163860604829,1186.1906699245274,127.18191586644389,-8.925114820172439
1356,-384.1717758045876,-38.41717758045876,2.2312276355161202,0.3636307948091888,570.3624457291149,48.08353835436969,1186.1906699245274,127.18191586644389,-8.925114820172439
1357,-388.6343332146738,-38.863433321467376,-4.4625574100862195,-0.7246432097061772,574.8250031392012,48.459747468404466,1186.1906699245274,127.18191586644389,-8.925114820172439
1358,-386.4030034401037,-38.64030034401037,2.2313297745700993,0.36497466177694005,572.5936733646311,48.27163860604829,1186.1906699245274,127.18191586644389,-8.925114820172439
1359,-381.94054816907146,-38.19405481690714,4.4624552710322405,0.7272615896183998,568.1312180935988,47.895438102691095,1186.1906699245274,127.18191586644389,-8.925114820172439
1360,-379.70921839450136,-37.970921839450135,2.2313297745700993,0.36102186738833364,565.8998883190287,47.70732924033492,1186.1906699245274,127.18191586644389,-8.925114820172439
1361,-375.24676312346924,-37.52467631234693,4.462455271032127,0.7194134433985866,561.4374330479966,47.33112873697773,1186.1906699245274,127.18191586644389,-8.925114820172439
1362,-364.0904206677807,-36.40904206677806,11.15634245568856,1.7857198325958112,550.281090592308,46.390610257229575,1186.1906699245274,127.18191586644389,-8.925114820172439
1363,-357.39663562217834,-35.739663562217835,6.69378504560234,1.0526315789473717,543.5873055467057,45.826300891516205,1186.1906699245274,127.18191586644389,-8.925114820172439
1364,-361.85919303226456,-36.185919303226456,-4.4625574100862195,-0.6944497426350948,548.0498629567919,46.20251000555098,1186.1906699245274,127.18191586644389,-8.925114820172439
1365,-370.784205713383,-37.0784205713383,-8.92501268111846,-1.3985961379789469,556.9748756379104,46.95491962294295,1186.1906699245274,127.18191586644389,-8.925114820172439
1366,-357.39663562217834,-35.739663562217835,13.38757009120468,2.1276595744680993,543.5873055467057,45.826300891516205,1186.1906699245274,127.18191586644389,-8.925114820172439
1367,-348.47162294106,-34.847162294106006,8.925012681118346,1.3888835906982422,534.6622928655873,45.073891274124236,1186.1906699245274,127.18191586644389,-8.925114820172439
1368,-352.9340782120921,-35.29340782120921,-4.462455271032127,-0.684921091415247,539.1247481366195,45.450091777481425,1186.1906699245274,127.18191586644389,-8.925114820172439
1369,-357.39663562217834,-35.739663562217835,-4.4625574100862195,-0.6896603977776694,543.5873055467057,45.826300891516205,1186.1906699245274,127.18191586644389,-8.925114820172439
1370,-352.9340782120921,-35.29340782120921,4.4625574100862195,0.6944497426350837,539.1247481366195,45.450091777481425,1186.1906699245274,127.18191586644389,-8.925114820172439
1371,-332.8527230752852,-33.28527230752852,20.081355136806906,3.10344811256944,519.0433929998126,43.75716368034131,1186.1906699245274,127.18191586644389,-8.925114820172439
1372,-328.3902678042531,-32.83902678042531,4.462455271032127,0.6688860803872654,514.5809377287804,43.38096317698412,1186.1906699245274,127.18191586644389,-8.925114820172439
1373,-312.7713679384783,-31.277136793847827,15.618899865774779,2.325591651971859,498.96203786300566,42.064235583201196,1186.1906699245274,127.18191586644389,-8.925114820172439
1374,-303.84635525735985,-30.38463552573598,8.92501268111846,1.2986962802096214,490.0370251818872,41.31182596580922,1186.1906699245274,136.10692854756235,-8.925114820172439
1375,-299.3837978472736,-29.938379784727363,4.4625574100862195,0.6410305316631559,485.574467771801,40.93561685177444,1186.1906699245274,140.56948595764857,-8.925114820172439
1376,-272.6086576648645,-27.260865766486454,26.77514018240913,3.8216558652425237,458.79932758939185,38.67837938892096,1186.1906699245274,167.3446261400577,-8.925114820172439
1377,-256.9898599381437,-25.69898599381437,15.6187977267208,2.147234482689875,443.18052986267105,37.36166040581561,1186.1906699245274,182.9634238667785,-8.925114820172439
1378,-236.9085048013368,-23.690850480133673,20.081355136806906,2.7027027027026973,423.09917472586415,35.668732308675494,1186.1906699245274,203.0447790035854,-8.925114820172439
1379,-225.75216234564823,-22.57521623456482,11.15634245568856,1.4619927657278042,411.9428322701756,34.72821382892734,1186.1906699245274,214.20112145927396,-8.925114820172439
1380,-230.21471975573445,-23.021471975573448,-4.4625574100862195,-0.576373248081119,416.4053896802618,35.10442294296212,1186.1906699245274,214.20112145927396,-8.925114820172439
1381,-225.75216234564823,-22.57521623456482,4.4625574100862195,0.5797145677649551,411.9428322701756,34.72821382892734,1186.1906699245274,214.20112145927396,-8.925114820172439
1382,-234.67727716582067,-23.467727716582065,-8.925114820172439,-1.152746496162238,420.867947090348,35.48063205699689,1186.1906699245274,214.20112145927396,-8.925114820172439
1383,-250.29607489254147,-25.029607489254147,-15.6187977267208,-2.04081196869218,436.4867448170688,36.79735104010224,1186.1906699245274,214.20112145927396,-8.925114820172439
1384,-250.29607489254147,-25.029607489254147,0.0,0.0,436.4867448170688,36.79735104010224,1186.1906699245274,214.20112145927396,-8.925114820172439
1385,-252.52730252805748,-25.252730252805744,-2.2312276355160066,-0.2976145063127711,438.71797245258483,36.985451291780834,1186.1906699245274,214.20112145927396,-8.925114820172439
1386,-241.371062211423,-24.1371062211423,11.156240316634467,1.4925281357254239,427.56173213595036,36.04494142271027,1186.1906699245274,214.20112145927396,-8.925114820172439
1387,-219.058377300046,-21.905837730004595,22.312684911377005,2.9411855783433527,405.24904722457336,34.163904463213974,1186.1906699245274,220.8949065048762,-8.925114820172439
1388,-221.2897070746161,-22.128970707461615,-2.2313297745700993,-0.2857229925657845,407.48037699914346,34.35201332557015,1186.1906699245274,220.8949065048762,-8.925114820172439
1389,-232.44594739125057,-23.244594739125056,-11.156240316634467,-1.4326560747930706,418.6366173157779,35.292523194640715,1186.1906699245274,220.8949065048762,-8.925114820172439
1390,-250.29607489254147,-25.029607489254147,-17.8501275012909,-2.325585727887458,436.4867448170688,36.79735104010224,1186.1906699245274,220.8949065048762,-8.925114820172439
1391,-272.6086576648645,-27.260865766486454,-22.312582772323026,-2.9761859348842123,458.79932758939185,38.67837938892096,1186.1906699245274,220.8949065048762,-8.925114820172439
1392,-299.3837978472736,-29.938379784727363,-26.77514018240913,-3.680981422799623,485.574467771801,40.93561685177444,1186.1906699245274,220.8949065048762,-8.925114820172439
1393,-268.14620239383225,-26.814620239383224,31.237595453441372,4.458588790476181,454.3368723183596,38.30217888556376,1186.1906699245274,220.8949065048762,-8.925114820172439
1394,-277.0712150749507,-27.70712150749507,-8.92501268111846,-1.219507599784464,463.26188499947807,39.05458850295573,1186.1906699245274,220.8949065048762,-8.925114820172439
1395,-277.0712150749507,-27.70712150749507,0.0,0.0,463.26188499947807,39.05458850295573,1186.1906699245274,220.8949065048762,-8.925114820172439
1396,-285.99622775606906,-28.599622775606903,-8.925012681118346,-1.2345631917317634,472.1868976805964,39.8069981203477,1186.1906699245274,220.8949065048762,-8.925114820172439
1397,-281.53377248503693,-28.1533772485037,4.462455271032127,0.6249904334549639,467.7244424095643,39.43079761699051,1186.1906699245274,220.8949065048762,-8.925114820172439
1398,-277.0712150749507,-27.70712150749507,4.4625574100862195,0.6211227806102171,463.26188499947807,39.05458850295573,1186.1906699245274,220.8949065048762,-8.925114820172439
1399,-254.7586323026277,-25.475863230262775,22.312582772323026,3.0864150435836235,440.94930222715504,37.173560154137014,1186.1906699245274,220.8949065048762,-8.925114820172439
1400,-250.29607489254147,-25.029607489254147,4.4625574100862195,0.5988069910658034,436.4867448170688,36.79735104010224,1186.1906699245274,220.8949065048762,-8.925114820172439
1401,-250.29607489254147,-25.029607489254147,0.0,0.0,436.4867448170688,36.79735104010224,1186.1906699245274,220.8949065048762,-8.925114820172439
1402,-248.06484725702535,-24.80648472570254,2.2312276355161202,0.2976145063127822,434.2555171815527,36.609250788423644,1186.1906699245274,220.8949065048762,-8.925114820172439
1403,-250.29607489254147,-25.029607489254147,-2.2312276355161202,-0.29673139064942955,436.4867448170688,36.79735104010224,1186.1906699245274,220.8949065048762,-8.925114820172439
1404,-250.29607489254147,-25.029607489254147,0.0,0.0,436.4867448170688,36.79735104010224,1186.1906699245274,220.8949065048762,-8.925114820172439
1405,-239.1397324368529,-23.913973243685295,11.15634245568856,1.4880997794015194,425.33040236138027,35.85683256035409,1186.1906699245274,220.8949065048762,-8.925114820172439
1406,-241.371062211423,-24.1371062211423,-2.2313297745700993,-0.29326406827846485,427.56173213595036,36.04494142271027,1186.1906699245274,220.8949065048762,-8.925114820172439
1407,-263.68364498374603,-26.368364498374607,-22.312582772323026,-2.9411721147053482,449.8743149082734,37.92596977152898,1186.1906699245274,220.8949065048762,-8.925114820172439
1408,-281.53377248503693,-28.1533772485037,-17.8501275012909,-2.4242470481179113,467.7244424095643,39.43079761699051,1186.1906699245274,220.8949065048762,-8.925114820172439
1409,-312.7713679384783,-31.277136793847827,-31.237595453441372,-4.347816815480144,498.96203786300566,42.064235583201196,1186.1906699245274,220.8949065048762,-8.925114820172439
1410,-310.5401403029622,-31.054014030296216,2.2312276355161202,0.3246703544383722,496.73081022748954,41.87613533152259,1186.1906699245274,220.8949065048762,-8.925114820172439
1411,-306.07758289287597,-30.607758289287602,4.4625574100862195,0.6472541290579503,492.2682528174033,41.49992621748782,1186.1906699245274,220.8949065048762,-8.925114820172439
1412,-310.5401403029622,-31.054014030296216,-4.4625574100862195,-0.6430916915308837,496.73081022748954,41.87613533152259,1186.1906699245274,220.8949065048762,-8.925114820172439
1413,-312.7713679384783,-31.277136793847827,-2.2312276355161202,-0.32361965734982734,498.96203786300566,42.064235583201196,1186.1906699245274,220.8949065048762,-8.925114820172439
1414,-281.53377248503693,-28.1533772485037,31.237595453441372,4.545444411961719,467.7244424095643,39.43079761699051,1186.1906699245274,220.8949065048762,-8.925114820172439
1415,-268.14620239383225,-26.814620239383224,13.38757009120468,1.8633541255668629,454.3368723183596,38.30217888556376,1186.1906699245274,220.8949065048762,-8.925114820172439
1416,-279.3024427104667,-27.930244271046668,-11.156240316634467,-1.524381010678033,465.4931126349941,39.24268875463432,1186.1906699245274,220.8949065048762,-8.925114820172439
1417,-283.76500012055294,-28.376500012055295,-4.4625574100862195,-0.6191997412714145,469.9556700450803,39.6188978686691,1186.1906699245274,220.8949065048762,-8.925114820172439
1418,-279.3024427104667,-27.930244271046668,4.4625574100862195,0.6230577130184045,465.4931126349941,39.24268875463432,1186.1906699245274,220.8949065048762,-8.925114820172439
1419,-263.68364498374603,-26.368364498374607,15.618797726720686,2.1671778360761174,449.8743149082734,37.92596977152898,1186.1906699245274,220.8949065048762,-8.925114820172439
1420,-281.53377248503693,-28.1533772485037,-17.8501275012909,-2.4242470481179113,467.7244424095643,39.43079761699051,1186.1906699245274,220.8949065048762,-8.925114820172439
1421,-261.4524173482299,-26.14524173482299,20.08135513680702,2.7950311883502943,447.64308727275727,37.73786951985038,1186.1906699245274,220.8949065048762,-8.925114820172439
1422,-268.14620239383225,-26.814620239383224,-6.69378504560234,-0.9063444526577702,454.3368723183596,38.30217888556376,1186.1906699245274,220.8949065048762,-8.925114820172439
1423,-265.91487261926216,-26.59148726192622,2.2313297745700993,0.30488736710372333,452.1055425437895,38.11407002320759,1186.1906699245274,220.8949065048762,-8.925114820172439
1424,-272.6086576648645,-27.260865766486454,-6.69378504560234,-0.9118540610523196,458.79932758939185,38.67837938892096,1186.1906699245274,220.8949065048762,-8.925114820172439
1425,-274.8399874394346,-27.48399874394346,-2.2313297745700993,-0.30675781311980677,461.03065736396195,38.86648825127713,1186.1906699245274,220.8949065048762,-8.925114820172439
1426,-277.0712150749507,-27.70712150749507,-2.2312276355161202,-0.30768762712626296,463.26188499947807,39.05458850295573,1186.1906699245274,220.8949065048762,-8.925114820172439
1427,-277.0712150749507,-27.70712150749507,0.0,0.0,463.26188499947807,39.05458850295573,1186.1906699245274,220.8949065048762,-8.925114820172439
1428,-281.53377248503693,-28.1533772485037,-4.4625574100862195,-0.6172886601200855,467.7244424095643,39.43079761699051,1186.1906699245274,220.8949065048762,-8.925114820172439
1429,-292.6900128016714,-29.26900128016714,-11.156240316634467,-1.5527856271298601,478.88068272619876,40.37130748606108,1186.1906699245274,220.8949065048762,-8.925114820172439
1430,-310.5401403029622,-31.054014030296216,-17.850127501290785,-2.523663998015291,496.73081022748954,41.87613533152259,1186.1906699245274,220.8949065048762,-8.925114820172439
1431,-312.7713679384783,-31.277136793847827,-2.2312276355161202,-0.32361965734982734,498.96203786300566,42.064235583201196,1186.1906699245274,220.8949065048762,-8.925114820172439
1432,-323.92771039416687,-32.39277103941669,-11.15634245568856,-1.623381497104126,510.1183803186942,43.004754062949345,1186.1906699245274,220.8949065048762,-8.925114820172439
1433,-326.1589380296829,-32.61589380296829,-2.2312276355160066,-0.3300279673963402,512.3496079542102,43.19285431462794,1186.1906699245274,220.8949065048762,-8.925114820172439
1434,-339.54650812088755,-33.95465081208876,-13.38757009120468,-1.9867548665050694,525.7371780454149,44.321473046054685,1186.1906699245274,220.8949065048762,-8.925114820172439
1435,-339.54650812088755,-33.95465081208876,0.0,0.0,525.7371780454149,44.321473046054685,1186.1906699245274,220.8949065048762,-8.925114820172439
1436,-352.9340782120921,-35.29340782120921,-13.387570091204566,-2.027026922533859,539.1247481366195,45.450091777481425,1186.1906699245274,220.8949065048762,-8.925114820172439
1437,-388.6343332146738,-38.863433321467376,-35.700255002581684,-5.5172516123146,574.8250031392012,48.459747468404466,1186.1906699245274,220.8949065048762,-8.925114820172439
1438,-370.784205713383,-37.0784205713383,17.850127501290785,2.9197137606941537,556.9748756379104,46.95491962294295,1186.1906699245274,220.8949065048762,-8.925114820172439
1439,-379.70921839450136,-37.970921839450135,-8.925012681118346,-1.4184343053939452,565.8998883190287,47.70732924033492,1186.1906699245274,220.8949065048762,-8.925114820172439
1440,-339.54650812088755,-33.95465081208876,40.16271027361381,6.474819788496733,525.7371780454149,44.321473046054685,1186.1906699245274,220.8949065048762,-8.925114820172439
1441,-348.47162294106,-34.847162294106006,-8.925114820172439,-1.3513615916813215,534.6622928655873,45.073891274124236,1186.1906699245274,220.8949065048762,-8.925114820172439
1442,-341.77783789545765,-34.17778378954577,6.69378504560234,1.0273973139617754,527.968507819985,44.50958190841086,1186.1906699245274,220.8949065048762,-8.925114820172439
1443,-341.77783789545765,-34.17778378954577,0.0,0.0,527.968507819985,44.50958190841086,1186.1906699245274,220.8949065048762,-8.925114820172439
1444,-375.24676312346924,-37.52467631234693,-33.468925228011585,-5.084746025718879,561.4374330479966,47.33112873697773,1186.1906699245274,220.8949065048762,-8.925114820172439
1445,-386.4030034401037,-38.64030034401037,-11.156240316634467,-1.7857034838923536,572.5936733646311,48.27163860604829,1186.1906699245274,220.8949065048762,-8.925114820172439
1446,-379.70921839450136,-37.970921839450135,6.69378504560234,1.090909030378362,565.8998883190287,47.70732924033492,1186.1906699245274,220.8949065048762,-8.925114820172439
1447,-379.70921839450136,-37.970921839450135,0.0,0.0,565.8998883190287,47.70732924033492,1186.1906699245274,220.8949065048762,-8.925114820172439
1448,-384.1717758045876,-38.41717758045876,-4.4625574100862195,-0.7194299097168289,570.3624457291149,48.08353835436969,1186.1906699245274,220.8949065048762,-8.925114820172439
1449,-377.47799075898524,-37.74779907589853,6.69378504560234,1.0869565217391353,563.6686606835126,47.51922898865632,1186.1906699245274,220.8949065048762,-8.925114820172439
1450,-375.24676312346924,-37.52467631234693,2.2312276355160066,0.35841746996807533,561.4374330479966,47.33112873697773,1186.1906699245274,220.8949065048762,-8.925114820172439
1451,-366.3216483032968,-36.632164830329685,8.925114820172439,1.428582405558032,552.5123182278242,46.57871050890818,1186.1906699245274,220.8949065048762,-8.925114820172439
1452,-339.54650812088755,-33.95465081208876,26.775140182409245,4.225351885655804,525.7371780454149,44.321473046054685,1186.1906699245274,220.8949065048762,-8.925114820172439
1453,-321.69648275865075,-32.16964827586507,17.850025362236806,2.7026922533864184,507.8871526831781,42.81665381127075,1186.1906699245274,220.8949065048762,-8.925114820172439
1454,-335.74896879700543,-33.574896879700546,-14.052486038354687,-2.071710625282608,521.9396387215328,44.00132727015478,1186.1906699245274,220.8949065048762,-8.925114820172439
1455,-335.74896879700543,-33.574896879700546,0.0,0.0,521.9396387215328,44.00132727015478,1186.1906699245274,0.0,0.0
1456,-335.74896879700543,-33.574896879700546,0.0,0.0,521.9396387215328,44.00132727015478,1186.1906699245274,0.0,0.0
1457,-335.74896879700543,-33.574896879700546,0.0,0.0,521.9396387215328,44.00132727015478,1186.1906699245274,0.0,0.0
1458,-335.74896879700543,-33.574896879700546,0.0,0.0,521.9396387215328,44.00132727015478,1186.1906699245274,0.0,0.0
1459,-335.74896879700543,-33.574896879700546,0.0,0.0,521.9396387215328,44.00132727015478,1186.1906699245274,0.0,0.0
1460,-335.74896879700543,-33.574896879700546,0.0,0.0,521.9396387215328,44.00132727015478,1186.1906699245274,0.0,0.0
1461,-335.74896879700543,-33.574896879700546,0.0,0.0,521.9396387215328,44.00132727015478,1186.1906699245274,0.0,0.0
1462,-335.74896879700543,-33.574896879700546,0.0,0.0,521.9396387215328,44.00132727015478,1186.1906699245274,0.0,0.0
1463,-335.74896879700543,-33.574896879700546,0.0,0.0,521.9396387215328,44.00132727015478,1186.1906699245274,0.0,0.0
1464,-335.74896879700543,-33.574896879700546,0.0,0.0,521.9396387215328,44.00132727015478,1186.1906699245274,0.0,0.0
1465,-335.74896879700543,-33.574896879700546,0.0,0.0,521.9396387215328,44.00132727015478,1186.1906699245274,0.0,0.0
1466,-335.74896879700543,-33.574896879700546,0.0,0.0,521.9396387215328,44.00132727015478,1186.1906699245274,0.0,0.0
1467,-335.74896879700543,-33.574896879700546,0.0,0.0,521.9396387215328,44.00132727015478,1186.1906699245274,0.0,0.0
1468,-335.74896879700543,-33.574896879700546,0.0,0.0,521.9396387215328,44.00132727015478,1186.1906699245274,0.0,0.0
1469,-335.74896879700543,-33.574896879700546,0.0,0.0,521.9396387215328,44.00132727015478,1186.1906699245274,0.0,0.0
1470,-335.74896879700543,-33.574896879700546,0.0,0.0,521.9396387215328,44.00132727015478,1186.1906699245274,0.0,0.0
1471,-335.74896879700543,-33.574896879700546,0.0,0.0,521.9396387215328,44.00132727015478,1186.1906699245274,0.0,0.0
1472,-335.74896879700543,-33.574896879700546,0.0,0.0,521.9396387215328,44.00132727015478,1186.1906699245274,0.0,0.0
1473,-335.74896879700543,-33.574896879700546,0.0,0.0,521.9396387215328,44.00132727015478,1186.1906699245274,0.0,0.0
1474,-335.74896879700543,-33.574896879700546,0.0,0.0,521.9396387215328,44.00132727015478,1186.1906699245274,0.0,0.0
1475,-335.74896879700543,-33.574896879700546,0.0,0.0,521.9396387215328,44.00132727015478,1186.1906699245274,0.0,0.0
1476,-335.74896879700543,-33.574896879700546,0.0,0.0,521.9396387215328,44.00132727015478,1186.1906699245274,0.0,0.0
1477,-335.74896879700543,-33.574896879700546,0.0,0.0,521.9396387215328,44.00132727015478,1186.1906699245274,0.0,0.0
1478,-335.74896879700543,-33.574896879700546,0.0,0.0,521.9396387215328,44.00132727015478,1186.1906699245274,0.0,0.0
1479,-335.74896879700543,-33.574896879700546,0.0,0.0,521.9396387215328,44.00132727015478,1186.1906699245274,0.0,0.0
1480,-335.74896879700543,-33.574896879700546,0.0,0.0,521.9396387215328,44.00132727015478,1186.1906699245274,0.0,0.0
1481,-335.74896879700543,-33.574896879700546,0.0,0.0,521.9396387215328,44.00132727015478,1186.1906699245274,0.0,0.0
1482,-335.74896879700543,-33.574896879700546,0.0,0.0,521.9396387215328,44.00132727015478,1186.1906699245274,0.0,0.0
1483,-335.74896879700543,-33.574896879700546,0.0,0.0,521.9396387215328,44.00132727015478,1186.1906699245274,0.0,0.0
1484,-335.74896879700543,-33.574896879700546,0.0,0.0,521.9396387215328,44.00132727015478,1186.1906699245274,0.0,0.0
1485,-335.74896879700543,-33.574896879700546,0.0,0.0,521.9396387215328,44.00132727015478,1186.1906699245274,0.0,0.0
1486,-335.74896879700543,-33.574896879700546,0.0,0.0,521.9396387215328,44.00132727015478,1186.1906699245274,0.0,0.0
1487,-335.74896879700543,-33.574896879700546,0.0,0.0,521.9396387215328,44.00132727015478,1186.1906699245274,0.0,0.0
1488,-335.74896879700543,-33.574896879700546,0.0,0.0,521.9396387215328,44.00132727015478,1186.1906699245274,0.0,0.0
1489,-335.74896879700543,-33.574896879700546,0.0,0.0,521.9396387215328,44.00132727015478,1186.1906699245274,0.0,0.0
1490,-335.74896879700543,-33.574896879700546,0.0,0.0,521.9396387215328,44.00132727015478,1186.1906699245274,0.0,0.0
1491,-335.74896879700543,-33.574896879700546,0.0,0.0,521.9396387215328,44.00132727015478,1186.1906699245274,0.0,0.0
1492,-335.74896879700543,-33.574896879700546,0.0,0.0,521.9396387215328,44.00132727015478,1186.1906699245274,0.0,0.0
1493,-335.74896879700543,-33.574896879700546,0.0,0.0,521.9396387215328,44.00132727015478,1186.1906699245274,0.0,0.0
1494,-335.74896879700543,-33.574896879700546,0.0,0.0,521.9396387215328,44.00132727015478,1186.1906699245274,0.0,0.0
1495,-335.74896879700543,-33.574896879700546,0.0,0.0,521.9396387215328,44.00132727015478,1186.1906699245274,0.0,0.0
1496,-335.74896879700543,-33.574896879700546,0.0,0.0,521.9396387215328,44.00132727015478,1186.1906699245274,0.0,0.0
1497,-335.74896879700543,-33.574896879700546,0.0,0.0,521.9396387215328,44.00132727015478,1186.1906699245274,0.0,0.0
1498,-335.74896879700543,-33.574896879700546,0.0,0.0,521.9396387215328,44.00132727015478,1186.1906699245274,0.0,0.0
1499,-335.74896879700543,-33.574896879700546,0.0,0.0,521.9396387215328,44.00132727015478,1186.1906699245274,0.0,0.0
1500,-335.74896879700543,-33.574896879700546,0.0,0.0,521.9396387215328,44.00132727015478,1186.1906699245274,0.0,0.0
1501,-335.74896879700543,-33.574896879700546,0.0,0.0,521.9396387215328,44.00132727015478,1186.1906699245274,0.0,0.0
1502,-335.74896879700543,-33.574896879700546,0.0,0.0,521.9396387215328,44.00132727015478,1186.1906699245274,0.0,0.0
1503,-335.74896879700543,-33.574896879700546,0.0,0.0,521.9396387215328,44.00132727015478,1186.1906699245274,0.0,0.0
1504,-335.74896879700543,-33.574896879700546,0.0,0.0,521.9396387215328,44.00132727015478,1186.1906699245274,0.0,0.0
1505,-335.74896879700543,-33.574896879700546,0.0,0.0,521.9396387215328,44.00132727015478,1186.1906699245274,0.0,0.0
1506,-335.74896879700543,-33.574896879700546,0.0,0.0,521.9396387215328,44.00132727015478,1186.1906699245274,0.0,0.0
1507,-335.74896879700543,-33.574896879700546,0.0,0.0,521.9396387215328,44.00132727015478,1186.1906699245274,0.0,0.0
1508,-335.74896879700543,-33.574896879700546,0.0,0.0,521.9396387215328,44.00132727015478,1186.1906699245274,0.0,0.0
1509,-335.74896879700543,-33.574896879700546,0.0,0.0,521.9396387215328,44.00132727015478,1186.1906699245274,0.0,0.0
1510,-335.74896879700543,-33.574896879700546,0.0,0.0,521.9396387215328,44.00132727015478,1186.1906699245274,0.0,0.0
1511,-336.4125562407646,-33.64125562407646,-0.6635874437591838,-0.09990009990009652,522.603226165292,44.057270000154624,1186.1906699245274,0.0,0.0
1512,-330.19142425216853,-33.01914242521685,6.221131988596085,0.9374999552965058,516.3820941766959,43.53280693141443,1186.1906699245274,6.221131988596085,0.0
1513,-338.48633018825717,-33.848633018825716,-8.29490593608864,-1.238399482542829,524.6770001127845,44.232096358182254,1186.1906699245274,6.221131988596085,-2.0737739474925547
1514,-342.6336882293608,-34.26336882293608,-4.147358041103644,-0.626949710999003,528.8243581538882,44.581733068894835,1186.1906699245274,6.221131988596085,-6.221131988596198
1515,-340.560009208809,-34.056000920880905,2.073679020551822,0.3154525845667777,526.7506791333363,44.40691471353854,1186.1906699245274,6.221131988596085,-6.221131988596198
1516,-353.0022731860013,-35.30022731860013,-12.442263977192283,-1.8867924528301883,539.1929431105286,45.45584085101895,1186.1906699245274,6.221131988596085,-16.58971694523666
1517,-357.14972615404565,-35.71497261540456,-4.147452968044377,-0.641030531663167,543.340396078573,45.805485564402865,1186.1906699245274,6.221131988596085,-20.737169913281036
1518,-365.44453716319356,-36.54445371631936,-8.294811009147907,-1.290317721967027,551.6352070877209,46.504766988499355,1186.1906699245274,6.221131988596085,-29.031980922428943
1519,-373.73934817234147,-37.373934817234144,-8.294811009147907,-1.3071845559512796,559.9300180968688,47.20404841259584,1186.1906699245274,6.221131988596085,-37.32679193157685
1520,-386.18161214953375,-38.618161214953375,-12.442263977192283,-1.9867548665050583,572.3722820740611,48.252974550076246,1186.1906699245274,6.221131988596085,-49.76905590876913
1521,-379.96048016093766,-37.996048016093766,6.221131988596085,1.0135134612669239,566.151150085465,47.72851148133605,1186.1906699245274,6.221131988596085,-49.76905590876913
1522,-365.44453716319356,-36.54445371631936,14.515942997744105,2.3411319009975173,551.6352070877209,46.504766988499355,1186.1906699245274,6.221131988596085,-49.76905590876913
1523,-371.66566915178964,-37.16656691517897,-6.221131988596085,-0.9803921568627416,557.856339076317,47.02923005723955,1186.1906699245274,6.221131988596085,-49.76905590876913
1524,-369.59199013123794,-36.959199013123786,2.073679020551708,0.3300279673963402,555.7826600557653,46.85441170188327,1186.1906699245274,6.221131988596085,-49.76905590876913
1525,-365.44453716319356,-36.54445371631936,4.147452968044377,0.6578997892028315,551.6352070877209,46.504766988499355,1186.1906699245274,6.221131988596085,-49.76905590876913
1526,-353.0022731860013,-35.30022731860013,12.442263977192283,1.9607843137254832,539.1929431105286,45.45584085101895,1186.1906699245274,6.221131988596085,-49.76905590876913
1527,-355.0759522065531,-35.50759522065531,-2.073679020551822,-0.3205079298753022,541.2666221310805,45.63065920637524,1186.1906699245274,6.221131988596085,-49.76905590876913
1528,-346.7811411974051,-34.67811411974051,8.29481100914802,1.286168663973375,532.9718111219324,44.931377782278744,1186.1906699245274,6.221131988596085,-49.76905590876913
1529,-353.0022731860013,-35.30022731860013,-6.221131988596198,-0.9523809523809601,539.1929431105286,45.45584085101895,1186.1906699245274,6.221131988596085,-49.76905590876913
1530,-353.0022731860013,-35.30022731860013,0.0,0.0,539.1929431105286,45.45584085101895,1186.1906699245274,6.221131988596085,-49.76905590876913
1531,-363.37085814264174,-36.33708581426417,-10.368584956640461,-1.602568993201614,549.5615280671691,46.32994863314306,1186.1906699245274,6.221131988596085,-49.76905590876913
1532,-363.37085814264174,-36.33708581426417,0.0,0.0,549.5615280671691,46.32994863314306,1186.1906699245274,6.221131988596085,-49.76905590876913
1533,-365.44453716319356,-36.54445371631936,-2.073679020551822,-0.32572794492282675,551.6352070877209,46.504766988499355,1186.1906699245274,6.221131988596085,-49.76905590876913
1534,-355.0759522065531,-35.50759522065531,10.368584956640461,1.6339919146369342,541.2666221310805,45.63065920637524,1186.1906699245274,6.221131988596085,-49.76905590876913
1535,-365.44453716319356,-36.54445371631936,-10.368584956640461,-1.6077218692830075,551.6352070877209,46.504766988499355,1186.1906699245274,6.221131988596085,-49.76905590876913
1536,-371.66566915178964,-37.16656691517897,-6.221131988596085,-0.9803921568627416,557.856339076317,47.02923005723955,1186.1906699245274,6.221131988596085,-49.76905590876913
1537,-361.2970841951492,-36.12970841951492,10.368584956640461,1.6501700524056195,547.4877541196765,46.15512227511543,1186.1906699245274,6.221131988596085,-49.76905590876913
1538,-361.2970841951492,-36.12970841951492,0.0,0.0,547.4877541196765,46.15512227511543,1186.1906699245274,6.221131988596085,-49.76905590876913
1539,-357.14972615404565,-35.71497261540456,4.14735804110353,0.6493407088767222,543.340396078573,45.805485564402865,1186.1906699245274,6.221131988596085,-49.76905590876913
1540,-357.14972615404565,-35.71497261540456,0.0,0.0,543.340396078573,45.805485564402865,1186.1906699245274,6.221131988596085,-49.76905590876913
1541,-357.14972615404565,-35.71497261540456,0.0,0.0,543.340396078573,45.805485564402865,1186.1906699245274,6.221131988596085,-49.76905590876913
1542,-361.2970841951492,-36.12970841951492,-4.14735804110353,-0.6451514776981138,547.4877541196765,46.15512227511543,1186.1906699245274,6.221131988596085,-49.76905590876913
1543,-357.14972615404565,-35.71497261540456,4.14735804110353,0.6493407088767222,543.340396078573,45.805485564402865,1186.1906699245274,6.221131988596085,-49.76905590876913
1544,-353.0022731860013,-35.30022731860013,4.147452968044377,0.6451662442689132,539.1929431105286,45.45584085101895,1186.1906699245274,6.221131988596085,-49.76905590876913
1545,-348.8548202179569,-34.88548202179569,4.147452968044377,0.6410305316631559,535.0454901424843,45.10619613763503,1186.1906699245274,6.221131988596085,-49.76905590876913
1546,-346.7811411974051,-34.67811411974051,2.073679020551822,0.31846646261681766,532.9718111219324,44.931377782278744,1186.1906699245274,6.221131988596085,-49.76905590876913
1547,-344.70746217685337,-34.47074621768533,2.073679020551708,0.31745547340027436,530.8981321013807,44.75655942692246,1186.1906699245274,6.221131988596085,-49.76905590876913
1548,-336.4125562407646,-33.64125562407646,8.294905936088753,1.2658325033952034,522.603226165292,44.057270000154624,1186.1906699245274,6.221131988596085,-49.76905590876913
1549,-328.1177452316167,-32.811774523161674,8.294811009147907,1.2499951720239988,514.3084151561441,43.35798857605814,1186.1906699245274,8.294811009147907,-49.76905590876913
1550,-307.3806702452765,-30.73806702452765,20.73707498634019,3.0864150435836235,493.5713401698039,41.60978101448124,1186.1906699245274,29.031885995488096,-49.76905590876913
1551,-307.3806702452765,-30.73806702452765,0.0,0.0,493.5713401698039,41.60978101448124,1186.1906699245274,29.031885995488096,-49.76905590876913
1552,-315.6754812544244,-31.567548125442446,-8.294811009147907,-1.197600276631805,501.8661511789518,42.30906243857773,1186.1906699245274,29.031885995488096,-49.76905590876913
1553,-321.8966132430205,-32.18966132430205,-6.221131988596085,-0.9090909090909038,508.08728316754787,42.83352550731793,1186.1906699245274,29.031885995488096,-49.76905590876913
1554,-321.8966132430205,-32.18966132430205,0.0,0.0,508.08728316754787,42.83352550731793,1186.1906699245274,29.031885995488096,-49.76905590876913
1555,-315.6754812544244,-31.567548125442446,6.221131988596085,0.917431192660545,501.8661511789518,42.30906243857773,1186.1906699245274,29.031885995488096,-49.76905590876913
1556,-326.0440662110649,-32.604406621106484,-10.368584956640461,-1.5151561390269852,512.2347361355922,43.18317022070185,1186.1906699245274,29.031885995488096,-49.76905590876913
1557,-334.3388772202129,-33.433887722021296,-8.29481100914802,-1.2307645935417666,520.5295471447403,43.882451644798344,1186.1906699245274,29.031885995488096,-49.76905590876913
1558,-328.1177452316167,-32.811774523161674,6.221131988596198,0.9345794392523477,514.3084151561441,43.35798857605814,1186.1906699245274,29.031885995488096,-49.76905590876913
1559,-309.45434926582834,-30.945434926582838,18.663395965788368,2.777777777777768,495.6450191903557,41.78459936983753,1186.1906699245274,29.031885995488096,-49.76905590876913
1560,-294.93840626808424,-29.49384062680842,14.515942997744105,2.1020975198831726,481.1290761926116,40.56085487700084,1186.1906699245274,41.47414997268038,-49.76905590876913
1561,-301.1595382566803,-30.11595382566803,-6.221131988596085,-0.8823529807754027,487.3502081812077,41.08531794574104,1186.1906699245274,41.47414997268038,-49.76905590876913
1562,-308.07328957503125,-30.80732895750312,-6.913751318350933,-0.9893175476851979,494.2639594995586,41.668171233466765,1186.1906699245274,41.47414997268038,-49.76905590876913
1563,-308.07328957503125,-30.80732895750312,0.0,0.0,494.2639594995586,41.668171233466765,1186.1906699245274,0.0,0.0
1564,-308.07328957503125,-30.80732895750312,0.0,0.0,494.2639594995586,41.668171233466765,1186.1906699245274,0.0,0.0
1565,-308.07328957503125,-30.80732895750312,0.0,0.0,494.2639594995586,41.668171233466765,1186.1906699245274,0.0,0.0
1566,-308.07328957503125,-30.80732895750312,0.0,0.0,494.2639594995586,41.668171233466765,1186.1906699245274,0.0,0.0
1567,-308.07328957503125,-30.80732895750312,0.0,0.0,494.2639594995586,41.668171233466765,1186.1906699245274,0.0,0.0
1568,-308.07328957503125,-30.80732895750312,0.0,0.0,494.2639594995586,41.668171233466765,1186.1906699245274,0.0,0.0
1569,-308.07328957503125,-30.80732895750312,0.0,0.0,494.2639594995586,41.668171233466765,1186.1906699245274,0.0,0.0
1570,-308.07328957503125,-30.80732895750312,0.0,0.0,494.2639594995586,41.668171233466765,1186.1906699245274,0.0,0.0
1571,-308.07328957503125,-30.80732895750312,0.0,0.0,494.2639594995586,41.668171233466765,1186.1906699245274,0.0,0.0
1572,-308.07328957503125,-30.80732895750312,0.0,0.0,494.2639594995586,41.668171233466765,1186.1906699245274,0.0,0.0
1573,-308.07328957503125,-30.80732895750312,0.0,0.0,494.2639594995586,41.668171233466765,1186.1906699245274,0.0,0.0
1574,-308.07328957503125,-30.80732895750312,0.0,0.0,494.2639594995586,41.668171233466765,1186.1906699245274,0.0,0.0
1575,-308.07328957503125,-30.80732895750312,0.0,0.0,494.2639594995586,41.668171233466765,1186.1906699245274,0.0,0.0
1576,-308.07328957503125,-30.80732895750312,0.0,0.0,494.2639594995586,41.668171233466765,1186.1906699245274,0.0,0.0
1577,-308.07328957503125,-30.80732895750312,0.0,0.0,494.2639594995586,41.668171233466765,1186.1906699245274,0.0,0.0
1578,-308.07328957503125,-30.80732895750312,0.0,0.0,494.2639594995586,41.668171233466765,1186.1906699245274,0.0,0.0
1579,-308.07328957503125,-30.80732895750312,0.0,0.0,494.2639594995586,41.668171233466765,1186.1906699245274,0.0,0.0
1580,-308.07328957503125,-30.80732895750312,0.0,0.0,494.2639594995586,41.668171233466765,1186.1906699245274,0.0,0.0
1581,-308.07328957503125,-30.80732895750312,0.0,0.0,494.2639594995586,41.668171233466765,1186.1906699245274,0.0,0.0
1582,-308.07328957503125,-30.80732895750312,0.0,0.0,494.2639594995586,41.668171233466765,1186.1906699245274,0.0,0.0
1583,-308.07328957503125,-30.80732895750312,0.0,0.0,494.2639594995586,41.668171233466765,1186.1906699245274,0.0,0.0
1584,-308.07328957503125,-30.80732895750312,0.0,0.0,494.2639594995586,41.668171233466765,1186.1906699245274,0.0,0.0
1585,-308.07328957503125,-30.80732895750312,0.0,0.0,494.2639594995586,41.668171233466765,1186.1906699245274,0.0,0.0
1586,-308.7645250499812,-30.87645250499812,-0.6912354749499627,-0.09990009990009652,494.9551949745086,41.72644478867808,1186.1906699245274,0.0,0.0
1587,-292.3065061600513,-29.23065061600513,16.458018889929917,2.380956922258659,478.49717608457865,40.3389765420279,1186.1906699245274,16.458018889929917,0.0
1588,-292.3065061600513,-29.23065061600513,0.0,0.0,478.49717608457865,40.3389765420279,1186.1906699245274,16.458018889929917,0.0
1589,-288.1920720675887,-28.81920720675887,4.114434092462602,0.5813864516597045,474.38274199211605,39.99211543472174,1186.1906699245274,20.57245298239252,0.0
1590,-284.0775438017663,-28.40775438017663,4.1145282658224005,0.5780391176273936,470.26821372629365,39.64524638827373,1186.1906699245274,24.68698124821492,0.0
1591,-292.3065061600513,-29.23065061600513,-8.228962358285003,-1.1494209026468138,478.49717608457865,40.3389765420279,1186.1906699245274,24.68698124821492,0.0
1592,-284.0775438017663,-28.40775438017663,8.228962358285003,1.1627862104022668,470.26821372629365,39.64524638827373,1186.1906699245274,24.68698124821492,0.0
1593,-271.7340531776588,-27.173405317765877,12.343490624107517,1.7241379310344973,457.92472310218614,38.60464718807155,1186.1906699245274,37.03047187232244,0.0
1594,-284.0775438017663,-28.40775438017663,-12.343490624107517,-1.6949152542372947,470.26821372629365,39.64524638827373,1186.1906699245274,37.03047187232244,0.0
1595,-279.9630155359439,-27.996301553594392,4.1145282658224005,0.5747170283876502,466.15368546047125,39.29837734182573,1186.1906699245274,37.03047187232244,0.0
1596,-284.0775438017663,-28.40775438017663,-4.1145282658224005,-0.5714329061700885,470.26821372629365,39.64524638827373,1186.1906699245274,37.03047187232244,0.0
1597,-292.3065061600513,-29.23065061600513,-8.228962358285003,-1.1494209026468138,478.49717608457865,40.3389765420279,1186.1906699245274,37.03047187232244,0.0
1598,-292.3065061600513,-29.23065061600513,0.0,0.0,478.49717608457865,40.3389765420279,1186.1906699245274,37.03047187232244,0.0
1599,-292.3065061600513,-29.23065061600513,0.0,0.0,478.49717608457865,40.3389765420279,1186.1906699245274,37.03047187232244,0.0
1600,-300.5355626916962,-30.053556269169622,-8.229056531644915,-1.1627995174851802,486.72623261622357,41.03271463492392,1186.1906699245274,37.03047187232244,0.0
1601,-300.5355626916962,-30.053556269169622,0.0,0.0,486.72623261622357,41.03271463492392,1186.1906699245274,37.03047187232244,0.0
1602,-312.87905331580373,-31.28790533158037,-12.343490624107517,-1.7647059615508165,499.0697232403311,42.0733138351261,1186.1906699245274,37.03047187232244,-4.114528265822514
1603,-316.9934874082662,-31.69934874082663,-4.1144340924624885,-0.5987932855660016,503.1841573327936,42.42017494243225,1186.1906699245274,37.03047187232244,-8.228962358285003
1604,-308.7645250499812,-30.87645250499812,8.228962358285003,1.2048146257140901,494.9551949745086,41.72644478867808,1186.1906699245274,37.03047187232244,-8.228962358285003
1605,-308.7645250499812,-30.87645250499812,0.0,0.0,494.9551949745086,41.72644478867808,1186.1906699245274,37.03047187232244,-8.228962358285003
1606,-304.6499967841588,-30.464999678415882,4.1145282658224005,0.5952426365443575,490.8406667086862,41.37957574223008,1186.1906699245274,37.03047187232244,-8.228962358285003
1607,-300.5355626916962,-30.053556269169622,4.114434092462602,0.5917069207498793,486.72623261622357,41.03271463492392,1186.1906699245274,37.03047187232244,-8.228962358285003
1608,-288.1920720675887,-28.81920720675887,12.343490624107517,1.7647059615508276,474.38274199211605,39.99211543472174,1186.1906699245274,37.03047187232244,-8.228962358285003
1609,-292.3065061600513,-29.23065061600513,-4.114434092462602,-0.5780258874628963,478.49717608457865,40.3389765420279,1186.1906699245274,37.03047187232244,-8.228962358285003
1610,-288.1920720675887,-28.81920720675887,4.114434092462602,0.5813864516597045,474.38274199211605,39.99211543472174,1186.1906699245274,37.03047187232244,-8.228962358285003
1611,-275.8485814434813,-27.584858144348136,12.343490624107403,1.7341041227177056,462.03925136800865,38.95151623451956,1186.1906699245274,37.03047187232244,-8.228962358285003
1612,-279.9630155359439,-27.996301553594392,-4.114434092462602,-0.5681731730449502,466.15368546047125,39.29837734182573,1186.1906699245274,37.03047187232244,-8.228962358285003
1613,-296.4210344258738,-29.642103442587388,-16.458018889929917,-2.2857185457188844,482.61170435040117,40.685845588475914,1186.1906699245274,37.03047187232244,-8.228962358285003
1614,-308.7645250499812,-30.87645250499812,-12.343490624107403,-1.754385964912275,494.9551949745086,41.72644478867808,1186.1906699245274,37.03047187232244,-8.228962358285003
1615,-292.3065061600513,-29.23065061600513,16.458018889929917,2.380956922258659,478.49717608457865,40.3389765420279,1186.1906699245274,37.03047187232244,-8.228962358285003
1616,-292.3065061600513,-29.23065061600513,0.0,0.0,478.49717608457865,40.3389765420279,1186.1906699245274,37.03047187232244,-8.228962358285003
1617,-304.6499967841588,-30.464999678415882,-12.343490624107517,-1.7441859691448736,490.8406667086862,41.37957574223008,1186.1906699245274,37.03047187232244,-8.228962358285003
1618,-321.10801567408873,-32.11080156740888,-16.458018889929917,-2.3668683129093537,507.2986855986161,42.76704398888026,1186.1906699245274,37.03047187232244,-12.343490624107517
1619,-300.5355626916962,-30.053556269169622,20.57245298239252,3.0302984064275673,486.72623261622357,41.03271463492392,1186.1906699245274,37.03047187232244,-12.343490624107517
1620,-275.8485814434813,-27.584858144348136,24.68698124821492,3.529411923101611,462.03925136800865,38.95151623451956,1186.1906699245274,37.03047187232244,-12.343490624107517
1621,-279.9630155359439,-27.996301553594392,-4.114434092462602,-0.5681731730449502,466.15368546047125,39.29837734182573,1186.1906699245274,37.03047187232244,-12.343490624107517
1622,-259.3905625535514,-25.93905625535514,20.57245298239252,2.8571383729274924,445.58123247807873,37.56404798786938,1186.1906699245274,49.37396249642984,-12.343490624107517
1623,-193.5585811671915,-19.355858116719148,65.83198138635987,8.88889312744141,379.74925109171886,32.014182940410485,1186.1906699245274,115.20594388278971,-12.343490624107517
1624,-226.47461894705134,-22.647461894705135,-32.916037779859835,-4.081640279277865,412.6652888715787,34.78911943371085,1186.1906699245274,115.20594388278971,-12.343490624107517
1625,-242.93254366362146,-24.29325436636215,-16.45792471657012,-2.1276515444350386,429.1232135881488,36.17657974121919,1186.1906699245274,115.20594388278971,-12.343490624107517
1626,-247.04707192944386,-24.704707192944387,-4.1145282658224005,-0.5434823847446202,433.2377418539712,36.5234487876672,1186.1906699245274,115.20594388278971,-12.343490624107517
1627,-259.3905625535514,-25.93905625535514,-12.343490624107517,-1.6393442622950838,445.58123247807873,37.56404798786938,1186.1906699245274,115.20594388278971,-12.343490624107517
1628,-259.3905625535514,-25.93905625535514,0.0,0.0,445.58123247807873,37.56404798786938,1186.1906699245274,115.20594388278971,-12.343490624107517
1629,-247.04707192944386,-24.704707192944387,12.343490624107517,1.666666666666683,433.2377418539712,36.5234487876672,1186.1906699245274,115.20594388278971,-12.343490624107517
1630,-238.81810957115886,-23.88181095711589,8.228962358285003,1.0928920057953428,425.0087794956862,35.82971863391303,1186.1906699245274,115.20594388278971,-12.343490624107517
1631,-230.58905303951394,-23.058905303951395,8.229056531644915,1.081089373659272,416.7797229640413,35.13598054101701,1186.1906699245274,115.20594388278971,-12.343490624107517
1632,-226.47461894705134,-22.647461894705135,4.114434092462602,0.5347511766912616,412.6652888715787,34.78911943371085,1186.1906699245274,115.20594388278971,-12.343490624107517
1633,-210.01660005712142,-21.001660005712143,16.458018889929917,2.1276637190012604,396.2072699816488,33.401651187060665,1186.1906699245274,115.20594388278971,-12.343490624107517
1634,-210.01660005712142,-21.001660005712143,0.0,0.0,396.2072699816488,33.401651187060665,1186.1906699245274,115.20594388278971,-12.343490624107517
1635,-214.13112832294382,-21.413112832294377,-4.1145282658224005,-0.5208373069763073,400.3217982474712,33.74852023350867,1186.1906699245274,115.20594388278971,-12.343490624107517
1636,-214.13112832294382,-21.413112832294377,0.0,0.0,400.3217982474712,33.74852023350867,1186.1906699245274,115.20594388278971,-12.343490624107517
1637,-210.01660005712142,-21.001660005712143,4.1145282658224005,0.523564224784967,396.2072699816488,33.401651187060665,1186.1906699245274,115.20594388278971,-12.343490624107517
1638,-189.4441470747289,-18.94441470747289,20.57245298239252,2.6041626930236816,375.63481699925626,31.667321833104324,1186.1906699245274,119.32037797525231,-12.343490624107517
1639,-193.5585811671915,-19.355858116719148,-4.114434092462602,-0.5076064872783004,379.74925109171886,32.014182940410485,1186.1906699245274,119.32037797525231,-12.343490624107517
1640,-197.6731094330139,-19.767310943301386,-4.1145282658224005,-0.5102079543207849,383.86377935754126,32.361051986858484,1186.1906699245274,119.32037797525231,-12.343490624107517
1641,-197.6731094330139,-19.767310943301386,0.0,0.0,383.86377935754126,32.361051986858484,1186.1906699245274,119.32037797525231,-12.343490624107517
1642,-193.5585811671915,-19.355858116719148,4.1145282658224005,0.5128244253305159,379.74925109171886,32.014182940410485,1186.1906699245274,119.32037797525231,-12.343490624107517
1643,-193.5585811671915,-19.355858116719148,0.0,0.0,379.74925109171886,32.014182940410485,1186.1906699245274,119.32037797525231,-12.343490624107517
1644,-156.52810929486907,-15.652810929486904,37.03047187232244,4.591836555954432,342.7187792193964,28.89238533980395,1186.1906699245274,152.23641575511215,-12.343490624107517
1645,-148.29914693658407,-14.829914693658408,8.228962358285003,0.9756059981330001,334.4898168611114,28.198655186049788,1186.1906699245274,160.46537811339715,-12.343490624107517
1646,-144.18461867076155,-14.41846186707616,4.114528265822514,0.4830954731374515,330.3752885952889,27.85178613960177,1186.1906699245274,164.57990637921966,-12.343490624107517
1647,-152.41367520240647,-15.241367520240646,-8.229056531644915,-0.9615457622254575,338.6043451269338,28.545524232497787,1186.1906699245274,164.57990637921966,-12.343490624107517
1648,-156.52810929486907,-15.652810929486904,-4.114434092462602,-0.4854295040030432,342.7187792193964,28.89238533980395,1186.1906699245274,164.57990637921966,-12.343490624107517
1649,-160.64263756069147,-16.064263756069142,-4.1145282658224005,-0.48780858155008655,346.8333074852188,29.239254386251957,1186.1906699245274,164.57990637921966,-12.343490624107517
1650,-152.41367520240647,-15.241367520240646,8.228962358285003,0.9803884169634625,338.6043451269338,28.545524232497787,1186.1906699245274,164.57990637921966,-12.343490624107517
1651,-172.98612818479899,-17.298612818479896,-20.57245298239252,-2.4271808523226523,359.17679810932634,30.279853586454138,1186.1906699245274,164.57990637921966,-12.343490624107517
1652,-210.01660005712142,-21.001660005712143,-37.03047187232244,-4.477611940298509,396.2072699816488,33.401651187060665,1186.1906699245274,164.57990637921966,-12.343490624107517
1653,-181.215090543084,-18.121509054308394,28.801509514037434,3.6458373069763184,367.40576046761134,30.973583740208305,1186.1906699245274,164.57990637921966,-12.343490624107517
1654,-177.1006564506214,-17.710065645062134,4.114434092462602,0.5025048758155126,363.29132637514874,30.626722632902144,1186.1906699245274,164.57990637921966,-12.343490624107517
1655,-177.1006564506214,-17.710065645062134,0.0,0.0,363.29132637514874,30.626722632902144,1186.1906699245274,164.57990637921966,-12.343490624107517
1656,-201.78763769883642,-20.178763769883645,-24.686981248215034,-3.000000114440937,387.9783076233638,32.707921033306505,1186.1906699245274,164.57990637921966,-12.343490624107517
1657,-201.78763769883642,-20.178763769883645,0.0,0.0,387.9783076233638,32.707921033306505,1186.1906699245274,164.57990637921966,-12.343490624107517
1658,-214.13112832294382,-21.413112832294377,-12.343490624107403,-1.546391813391912,400.3217982474712,33.74852023350867,1186.1906699245274,164.57990637921966,-12.343490624107517
1659,-201.78763769883642,-20.178763769883645,12.343490624107403,1.5706806910122495,387.9783076233638,32.707921033306505,1186.1906699245274,164.57990637921966,-12.343490624107517
1660,-218.24556241540643,-21.824556241540638,-16.457924716570005,-2.061847885833734,404.4362323399338,34.09538134081483,1186.1906699245274,164.57990637921966,-12.343490624107517
1661,-230.58905303951394,-23.058905303951395,-12.343490624107517,-1.5789473050188851,416.7797229640413,35.13598054101701,1186.1906699245274,164.57990637921966,-12.343490624107517
1662,-242.93254366362146,-24.29325436636215,-12.343490624107517,-1.60427800941354,429.1232135881488,36.17657974121919,1186.1906699245274,164.57990637921966,-12.343490624107517
1663,-234.70358130533634,-23.47035813053363,8.228962358285116,1.0869523302595718,420.8942512298637,35.48284958746502,1186.1906699245274,164.57990637921966,-12.343490624107517
1664,-226.47461894705134,-22.647461894705135,8.228962358285003,1.0752647153792871,412.6652888715787,34.78911943371085,1186.1906699245274,164.57990637921966,-12.343490624107517
1665,-226.47461894705134,-22.647461894705135,0.0,0.0,412.6652888715787,34.78911943371085,1186.1906699245274,164.57990637921966,-12.343490624107517
1666,-242.93254366362146,-24.29325436636215,-16.45792471657012,-2.1276515444350386,429.1232135881488,36.17657974121919,1186.1906699245274,164.57990637921966,-12.343490624107517
1667,-226.47461894705134,-22.647461894705135,16.45792471657012,2.1739046605191215,412.6652888715787,34.78911943371085,1186.1906699245274,164.57990637921966,-12.343490624107517
1668,-210.01660005712142,-21.001660005712143,16.458018889929917,2.1276637190012604,396.2072699816488,33.401651187060665,1186.1906699245274,164.57990637921966,-12.343490624107517
1669,-222.36009068122894,-22.236009068122897,-12.343490624107517,-1.5625,408.5507606057563,34.442250387262845,1186.1906699245274,164.57990637921966,-12.343490624107517
1670,-210.01660005712142,-21.001660005712143,12.343490624107517,1.5873015873015817,396.2072699816488,33.401651187060665,1186.1906699245274,164.57990637921966,-12.343490624107517
1671,-205.90207179129902,-20.590207179129905,4.1145282658224005,0.5208373069763184,392.0927417158264,33.054782140612666,1186.1906699245274,164.57990637921966,-12.343490624107517
1672,-210.01660005712142,-21.001660005712143,-4.1145282658224005,-0.5181386475977656,396.2072699816488,33.401651187060665,1186.1906699245274,164.57990637921966,-12.343490624107517
1673,-214.13112832294382,-21.413112832294377,-4.1145282658224005,-0.5208373069763073,400.3217982474712,33.74852023350867,1186.1906699245274,164.57990637921966,-12.343490624107517
1674,-214.13112832294382,-21.413112832294377,0.0,0.0,400.3217982474712,33.74852023350867,1186.1906699245274,164.57990637921966,-12.343490624107517
1675,-214.13112832294382,-21.413112832294377,0.0,0.0,400.3217982474712,33.74852023350867,1186.1906699245274,164.57990637921966,-12.343490624107517
1676,-275.8485814434813,-27.584858144348136,-61.71745312053747,-7.853403455061336,462.03925136800865,38.95151623451956,1186.1906699245274,164.57990637921966,-12.343490624107517
1677,-275.8485814434813,-27.584858144348136,0.0,0.0,462.03925136800865,38.95151623451956,1186.1906699245274,164.57990637921966,-12.343490624107517
1678,-242.93254366362146,-24.29325436636215,32.916037779859835,4.545463412261586,429.1232135881488,36.17657974121919,1186.1906699245274,164.57990637921966,-12.343490624107517
1679,-230.58905303951394,-23.058905303951395,12.343490624107517,1.630434715004192,416.7797229640413,35.13598054101701,1186.1906699245274,164.57990637921966,-12.343490624107517
1680,-234.70358130533634,-23.47035813053363,-4.1145282658224005,-0.5347634163611281,420.8942512298637,35.48284958746502,1186.1906699245274,164.57990637921966,-12.343490624107517
1681,-242.93254366362146,-24.29325436636215,-8.228962358285116,-1.0752647153792982,429.1232135881488,36.17657974121919,1186.1906699245274,164.57990637921966,-12.343490624107517
1682,-242.93254366362146,-24.29325436636215,0.0,0.0,429.1232135881488,36.17657974121919,1186.1906699245274,164.57990637921966,-12.343490624107517
1683,-214.13112832294382,-21.413112832294377,28.801415340677636,3.8043393755233135,400.3217982474712,33.74852023350867,1186.1906699245274,164.57990637921966,-12.343490624107517
1684,-230.58905303951394,-23.058905303951395,-16.45792471657012,-2.094232932454576,416.7797229640413,35.13598054101701,1186.1906699245274,164.57990637921966,-12.343490624107517
1685,-255.27603428772886,-25.52760342877288,-24.68698124821492,-3.208556018827058,441.4667042122562,37.217178941421366,1186.1906699245274,164.57990637921966,-12.343490624107517
1686,-267.6195249118364,-26.76195249118364,-12.343490624107517,-1.657458493671804,453.81019483636373,38.25777814162355,1186.1906699245274,164.57990637921966,-12.343490624107517
1687,-271.7340531776588,-27.173405317765877,-4.1145282658224005,-0.5618020149058545,457.92472310218614,38.60464718807155,1186.1906699245274,164.57990637921966,-12.343490624107517
1688,-275.8485814434813,-27.584858144348136,-4.114528265822514,-0.5649760618048338,462.03925136800865,38.95151623451956,1186.1906699245274,164.57990637921966,-12.343490624107517
1689,-267.6195249118364,-26.76195249118364,8.229056531644915,1.1363723553905691,453.81019483636373,38.25777814162355,1186.1906699245274,164.57990637921966,-12.343490624107517
1690,-251.16160019526626,-25.116160019526625,16.45792471657012,2.247182342564358,437.3522701197936,36.8703178341152,1186.1906699245274,164.57990637921966,-12.343490624107517
1691,-238.81810957115886,-23.88181095711589,12.343490624107403,1.648351717450125,425.0087794956862,35.82971863391303,1186.1906699245274,164.57990637921966,-12.343490624107517
1692,-251.16160019526626,-25.116160019526625,-12.343490624107403,-1.6216216884972434,437.3522701197936,36.8703178341152,1186.1906699245274,164.57990637921966,-12.343490624107517
1693,-247.04707192944386,-24.704707192944387,4.1145282658224005,0.5494547644585568,433.2377418539712,36.5234487876672,1186.1906699245274,164.57990637921966,-12.343490624107517
1694,-214.13112832294382,-21.413112832294377,32.915943606500036,4.37158053038551,400.3217982474712,33.74852023350867,1186.1906699245274,164.57990637921966,-12.343490624107517
1695,-210.01660005712142,-21.001660005712143,4.1145282658224005,0.523564224784967,396.2072699816488,33.401651187060665,1186.1906699245274,164.57990637921966,-12.343490624107517
1696,-226.47461894705134,-22.647461894705135,-16.458018889929917,-2.0833373069763184,412.6652888715787,34.78911943371085,1186.1906699245274,164.57990637921966,-12.343490624107517
1697,-242.93254366362146,-24.29325436636215,-16.45792471657012,-2.1276515444350386,429.1232135881488,36.17657974121919,1186.1906699245274,164.57990637921966,-12.343490624107517
1698,-234.70358130533634,-23.47035813053363,8.228962358285116,1.0869523302595718,420.8942512298637,35.48284958746502,1186.1906699245274,164.57990637921966,-12.343490624107517
1699,-205.90207179129902,-20.590207179129905,28.80150951403732,3.7634449620400634,392.0927417158264,33.054782140612666,1186.1906699245274,164.57990637921966,-12.343490624107517
1700,-181.215090543084,-18.121509054308394,24.686981248215034,3.108808167262578,367.40576046761134,30.973583740208305,1186.1906699245274,164.57990637921966,-12.343490624107517
1701,-193.5585811671915,-19.355858116719148,-12.343490624107517,-1.5075376306452393,379.74925109171886,32.014182940410485,1186.1906699245274,164.57990637921966,-12.343490624107517
1702,-168.87159991897659,-16.88715999189766,24.68698124821492,3.061224370636273,355.06226984350394,29.93298454000613,1186.1906699245274,164.57990637921966,-12.343490624107517
1703,-164.75716582651398,-16.4757165826514,4.114434092462602,0.49504193239715555,350.94783575104134,29.586123432699967,1186.1906699245274,164.57990637921966,-12.343490624107517
1704,-152.41367520240647,-15.241367520240646,12.343490624107517,1.4778325678569848,338.6043451269338,28.545524232497787,1186.1906699245274,164.57990637921966,-12.343490624107517
1705,-160.64263756069147,-16.064263756069142,-8.228962358285003,-0.9708701187752244,346.8333074852188,29.239254386251957,1186.1906699245274,164.57990637921966,-12.343490624107517
1706,-152.41367520240647,-15.241367520240646,8.228962358285003,0.9803884169634625,338.6043451269338,28.545524232497787,1186.1906699245274,164.57990637921966,-12.343490624107517
1707,-160.64263756069147,-16.064263756069142,-8.228962358285003,-0.9708701187752244,346.8333074852188,29.239254386251957,1186.1906699245274,164.57990637921966,-12.343490624107517
1708,-144.18461867076155,-14.41846186707616,16.458018889929917,1.9607880536247624,330.3752885952889,27.85178613960177,1186.1906699245274,164.57990637921966,-12.343490624107517
1709,-111.26867506426163,-11.126867506426164,32.91594360649992,3.8461500370997603,297.459344988789,25.076857585443253,1186.1906699245274,197.4958499857196,-12.343490624107517
1710,-103.03971270597663,-10.303971270597668,8.228962358285003,0.9259223937988281,289.230382630504,24.383127431689086,1186.1906699245274,205.7248123440046,-12.343490624107517
1711,-82.4671655502242,-8.246716555022415,20.57254715575243,2.293585061365011,268.65783547475155,22.648790138590886,1186.1906699245274,226.29735949975702,-12.343490624107517
1712,-70.12367492611668,-7.012367492611671,12.343490624107517,1.345291433794804,256.31434485064403,21.60819093838871,1186.1906699245274,238.64085012386454,-12.343490624107517
1713,-94.81065617433171,-9.48106561743317,-24.686981248215034,-2.654867167013153,281.00132609885907,23.689389338793067,1186.1906699245274,238.64085012386454,-12.343490624107517
1714,-86.5816938160466,-8.658169381604663,8.228962358285116,0.9090874096580048,272.77236374057395,22.995659185038893,1186.1906699245274,238.64085012386454,-12.343490624107517
1715,-66.00924083365419,-6.600924083365422,20.572452982392406,2.2522488155880316,252.19991075818155,21.261329831082556,1186.1906699245274,242.75528421632703,-12.343490624107517
1716,-82.4671655502242,-8.246716555022415,-16.457924716570005,-1.7621078747352747,268.65783547475155,22.648790138590886,1186.1906699245274,242.75528421632703,-12.343490624107517
1717,-86.5816938160466,-8.658169381604663,-4.1145282658224005,-0.4484338991846304,272.77236374057395,22.995659185038893,1186.1906699245274,242.75528421632703,-12.343490624107517
1718,-111.26867506426163,-11.126867506426164,-24.686981248215034,-2.7027027027027084,297.459344988789,25.076857585443253,1186.1906699245274,242.75528421632703,-12.343490624107517
1719,-119.49763742254663,-11.94976374225466,-8.228962358285003,-0.9259223937988281,305.688307347074,25.77058773919742,1186.1906699245274,242.75528421632703,-12.343490624107517
1720,-140.07018457829895,-14.00701845782989,-20.572547155752318,-2.3364556451082374,326.2608545028263,27.504925032295606,1186.1906699245274,242.75528421632703,-12.343490624107517
1721,-124.48855352268072,-12.448855352268072,15.581631055618232,1.8119654390605255,310.6792234472081,26.191339328859787,1186.1906699245274,242.75528421632703,-12.343490624107517
1722,-124.48855352268072,-12.448855352268072,0.0,0.0,310.6792234472081,26.191339328859787,1186.1906699245274,0.0,0.0
1723,-124.48855352268072,-12.448855352268072,0.0,0.0,310.6792234472081,26.191339328859787,1186.1906699245274,0.0,0.0
1724,-124.48855352268072,-12.448855352268072,0.0,0.0,310.6792234472081,26.191339328859787,1186.1906699245274,0.0,0.0
1725,-124.48855352268072,-12.448855352268072,0.0,0.0,310.6792234472081,26.191339328859787,1186.1906699245274,0.0,0.0
1726,-124.48855352268072,-12.448855352268072,0.0,0.0,310.6792234472081,26.191339328859787,1186.1906699245274,0.0,0.0
1727,-124.48855352268072,-12.448855352268072,0.0,0.0,310.6792234472081,26.191339328859787,1186.1906699245274,0.0,0.0
1728,-124.48855352268072,-12.448855352268072,0.0,0.0,310.6792234472081,26.191339328859787,1186.1906699245274,0.0,0.0
1729,-124.48855352268072,-12.448855352268072,0.0,0.0,310.6792234472081,26.191339328859787,1186.1906699245274,0.0,0.0
1730,-124.48855352268072,-12.448855352268072,0.0,0.0,310.6792234472081,26.191339328859787,1186.1906699245274,0.0,0.0
1731,-124.48855352268072,-12.448855352268072,0.0,0.0,310.6792234472081,26.191339328859787,1186.1906699245274,0.0,0.0
1732,-125.36319033234827,-12.536319033234822,-0.8746368096675496,-0.09990009990008542,311.5538602568756,26.26507425460517,1186.1906699245274,0.0,0.0
1733,-129.41246571483407,-12.941246571483411,-4.049275382485803,-0.46296649509005583,315.6031356393614,26.60644225598588,1186.1906699245274,0.0,-4.049275382485803
1734,-149.65865726756078,-14.965865726756078,-20.246191552726714,-2.325577929317668,335.84932719208814,28.31326663642169,1186.1906699245274,0.0,-24.295466935212517
1735,-129.41246571483407,-12.941246571483411,20.246191552726714,2.3809487479073743,315.6031356393614,26.60644225598588,1186.1906699245274,0.0,-24.295466935212517
1736,-153.7079326500467,-15.370793265004668,-24.29546693521263,-2.790697773448081,339.89860257457406,28.654634637802406,1186.1906699245274,0.0,-28.344742317698433
1737,-141.56019918244033,-14.156019918244034,12.147733467606372,1.4354067509630974,327.7508691069677,27.630538446894136,1186.1906699245274,0.0,-28.344742317698433
1738,-113.21545686474201,-11.321545686474199,28.34474231769832,3.3018905100512974,299.40612678926936,25.24097806369691,1186.1906699245274,12.147733467606258,-28.344742317698433
1739,-153.7079326500467,-15.370793265004668,-40.49247578530469,-4.566213529403895,339.89860257457406,28.654634637802406,1186.1906699245274,12.147733467606258,-28.344742317698433
1740,-113.21545686474201,-11.321545686474199,40.49247578530469,4.784692820305092,299.40612678926936,25.24097806369691,1186.1906699245274,12.147733467606258,-28.344742317698433
1741,-117.26473224722781,-11.726473224722778,-4.049275382485803,-0.4566244883079995,303.45540217175517,25.582346065077623,1186.1906699245274,12.147733467606258,-28.344742317698433
1742,-101.06772339713575,-10.106772339713576,16.19700885009206,1.8348659492585684,287.2583933216631,24.216881872788647,1186.1906699245274,24.295466935212517,-28.344742317698433
1743,-105.11699877962155,-10.511699877962155,-4.049275382485803,-0.4504538871146435,291.3076687041489,24.55824987416936,1186.1906699245274,24.295466935212517,-28.344742317698433
1744,-105.11699877962155,-10.511699877962155,0.0,0.0,291.3076687041489,24.55824987416936,1186.1906699245274,24.295466935212517,-28.344742317698433
1745,-125.36319033234827,-12.536319033234822,-20.246191552726714,-2.2624400648035947,311.5538602568756,26.26507425460517,1186.1906699245274,24.295466935212517,-28.344742317698433
1746,-125.36319033234827,-12.536319033234822,0.0,0.0,311.5538602568756,26.26507425460517,1186.1906699245274,24.295466935212517,-28.344742317698433
1747,-133.46164841746872,-13.346164841746877,-8.098458085120456,-0.9259223937988281,319.6523183419961,26.947802444132723,1186.1906699245274,24.295466935212517,-28.344742317698433
1748,-157.75711535268124,-15.775711535268123,-24.295466935212517,-2.803738217799878,343.9477852772086,28.99599482594924,1186.1906699245274,24.295466935212517,-32.39392502033297
1749,-157.75711535268124,-15.775711535268123,0.0,0.0,343.9477852772086,28.99599482594924,1186.1906699245274,24.295466935212517,-32.39392502033297
1750,-153.7079326500467,-15.370793265004668,4.049182702634539,0.48076187717871477,339.89860257457406,28.654634637802406,1186.1906699245274,24.295466935212517,-32.39392502033297
1751,-149.65865726756078,-14.965865726756078,4.0492753824859165,0.4784725674158441,335.84932719208814,28.31326663642169,1186.1906699245274,24.295466935212517,-32.39392502033297
1752,-157.75711535268124,-15.775711535268123,-8.098458085120456,-0.9523773193359397,343.9477852772086,28.99599482594924,1186.1906699245274,24.295466935212517,-32.39392502033297
1753,-178.00339958525922,-17.800339958525925,-20.246284232577977,-2.4038534016296187,364.1940695097866,30.70282701961893,1186.1906699245274,24.295466935212517,-52.64020925291095
1754,-182.05258228789376,-18.20525822878938,-4.049182702634539,-0.4926033393071849,368.2432522124211,31.04418720776576,1186.1906699245274,24.295466935212517,-56.68939195554549
1755,-198.24959113798593,-19.82495911379859,-16.197008850092175,-1.9802017219391788,384.4402610625133,32.40965140005474,1186.1906699245274,24.295466935212517,-72.88640080563766
1756,-194.20031575550001,-19.420031575550002,4.0492753824859165,0.505054358280077,380.39098568002737,32.068283398674026,1186.1906699245274,24.295466935212517,-72.88640080563766
1757,-210.3973246055922,-21.039732460559225,-16.197008850092175,-2.0100540080600915,396.58799453011954,33.433747590963,1186.1906699245274,24.295466935212517,-85.03413427324392
1758,-210.3973246055922,-21.039732460559225,0.0,0.0,396.58799453011954,33.433747590963,1186.1906699245274,24.295466935212517,-85.03413427324392
1759,-194.20031575550001,-19.420031575550002,16.197008850092175,2.051285963792071,380.39098568002737,32.068283398674026,1186.1906699245274,24.295466935212517,-85.03413427324392
1760,-194.20031575550001,-19.420031575550002,0.0,0.0,380.39098568002737,32.068283398674026,1186.1906699245274,24.295466935212517,-85.03413427324392
1761,-169.9048488202875,-16.990484882028746,24.295466935212517,3.0150752612904563,356.09551874481485,30.020091016857503,1186.1906699245274,24.295466935212517,-85.03413427324392
1762,-190.15113305286548,-19.015113305286548,-20.246284232577977,-2.439031742783271,376.34180297739283,31.72692321052719,1186.1906699245274,24.295466935212517,-85.03413427324392
1763,-206.34804922310627,-20.63480492231062,-16.196916170240797,-1.9999924468991237,392.5387191476336,33.09237958958228,1186.1906699245274,24.295466935212517,-85.03413427324392
1764,-206.34804922310627,-20.63480492231062,0.0,0.0,392.5387191476336,33.09237958958228,1186.1906699245274,24.295466935212517,-85.03413427324392
1765,-194.20031575550001,-19.420031575550002,12.147733467606258,1.5306121853181365,380.39098568002737,32.068283398674026,1186.1906699245274,24.295466935212517,-85.03413427324392
1766,-206.34804922310627,-20.63480492231062,-12.147733467606258,-1.5075376306452282,392.5387191476336,33.09237958958228,1186.1906699245274,24.295466935212517,-85.03413427324392
1767,-214.446599988078,-21.4446599988078,-8.09855076497172,-1.020415908641592,400.63726991260535,33.77511559234371,1186.1906699245274,24.295466935212517,-89.08340965572972
1768,-214.446599988078,-21.4446599988078,0.0,0.0,400.63726991260535,33.77511559234371,1186.1906699245274,24.295466935212517,-89.08340965572972
1769,-238.74206692329062,-23.874206692329057,-24.29546693521263,-3.092783626783857,424.932736847818,35.82330797416024,1186.1906699245274,24.295466935212517,-113.37887659094235
1770,-258.9882584760172,-25.898825847601724,-20.2461915527266,-2.6595705178269036,445.1789284005446,37.53013235459604,1186.1906699245274,24.295466935212517,-133.62506814366895
1771,-258.9882584760172,-25.898825847601724,0.0,0.0,445.1789284005446,37.53013235459604,1186.1906699245274,24.295466935212517,-133.62506814366895
1772,-250.88980039089688,-25.08898003908969,8.098458085120342,1.0928920057953206,437.08047031542424,36.8474041650685,1186.1906699245274,24.295466935212517,-133.62506814366895
1773,-238.74206692329062,-23.874206692329057,12.147733467606258,1.6216216884972434,424.932736847818,35.82330797416024,1186.1906699245274,24.295466935212517,-133.62506814366895
1774,-230.6435161583189,-23.06435161583189,8.09855076497172,1.0638379467837522,416.83418608284626,35.140571971398806,1186.1906699245274,24.295466935212517,-133.62506814366895
1775,-242.79124962592516,-24.279124962592512,-12.147733467606258,-1.5789473050188851,428.9819195504525,36.16466816230707,1186.1906699245274,24.295466935212517,-133.62506814366895
1776,-271.1359919436236,-27.113599194362358,-28.344742317698433,-3.743319435188197,457.32666186815095,38.55422854550431,1186.1906699245274,24.295466935212517,-145.77280161127533
1777,-307.57919234644237,-30.757919234644238,-36.443200402818775,-4.999999999999993,493.7698622709697,41.62651711822909,1186.1906699245274,24.295466935212517,-182.2160020140941
1778,-331.8746592816549,-33.187465928165494,-24.295466935212517,-3.508771929824561,518.0653292061822,43.67470950004561,1186.1906699245274,24.295466935212517,-206.51146894930662
1779,-348.07166813174706,-34.8071668131747,-16.197008850092175,-2.4242470481179,534.2623380562744,45.04017369233459,1186.1906699245274,24.295466935212517,-222.7084777993988
1780,-335.9239346641408,-33.59239346641408,12.147733467606258,1.8633541255668629,522.1146045886682,44.01607750142633,1186.1906699245274,24.295466935212517,-222.7084777993988
1781,-352.1208508343816,-35.21208508343816,-16.196916170240797,-2.439015199568917,538.311520758909,45.38153388048142,1186.1906699245274,24.295466935212517,-226.75766050203333
1782,-344.02239274926114,-34.40223927492612,8.098458085120456,1.2499951720239988,530.2130626737885,44.698805690953876,1186.1906699245274,24.295466935212517,-226.75766050203333
1783,-340.6331442494086,-34.06331442494086,3.389248499852556,0.5166713714599425,526.823814173936,44.41308025188359,1186.1906699245274,24.295466935212517,-226.75766050203333
1784,-340.6331442494086,-34.06331442494086,0.0,0.0,526.823814173936,44.41308025188359,1186.1906699245274,0.0,0.0
1785,-340.6331442494086,-34.06331442494086,0.0,0.0,526.823814173936,44.41308025188359,1186.1906699245274,0.0,0.0
1786,-340.6331442494086,-34.06331442494086,0.0,0.0,526.823814173936,44.41308025188359,1186.1906699245274,0.0,0.0
1787,-340.6331442494086,-34.06331442494086,0.0,0.0,526.823814173936,44.41308025188359,1186.1906699245274,0.0,0.0
1788,-340.6331442494086,-34.06331442494086,0.0,0.0,526.823814173936,44.41308025188359,1186.1906699245274,0.0,0.0
1789,-340.6331442494086,-34.06331442494086,0.0,0.0,526.823814173936,44.41308025188359,1186.1906699245274,0.0,0.0
1790,-340.6331442494086,-34.06331442494086,0.0,0.0,526.823814173936,44.41308025188359,1186.1906699245274,0.0,0.0
1791,-340.6331442494086,-34.06331442494086,0.0,0.0,526.823814173936,44.41308025188359,1186.1906699245274,0.0,0.0
1792,-340.6331442494086,-34.06331442494086,0.0,0.0,526.823814173936,44.41308025188359,1186.1906699245274,0.0,0.0
1793,-340.6331442494086,-34.06331442494086,0.0,0.0,526.823814173936,44.41308025188359,1186.1906699245274,0.0,0.0
1794,-340.6331442494086,-34.06331442494086,0.0,0.0,526.823814173936,44.41308025188359,1186.1906699245274,0.0,0.0
1795,-340.6331442494086,-34.06331442494086,0.0,0.0,526.823814173936,44.41308025188359,1186.1906699245274,0.0,0.0
1796,-340.6331442494086,-34.06331442494086,0.0,0.0,526.823814173936,44.41308025188359,1186.1906699245274,0.0,0.0
1797,-340.6331442494086,-34.06331442494086,0.0,0.0,526.823814173936,44.41308025188359,1186.1906699245274,0.0,0.0
1798,-340.6331442494086,-34.06331442494086,0.0,0.0,526.823814173936,44.41308025188359,1186.1906699245274,0.0,0.0
1799,-340.6331442494086,-34.06331442494086,0.0,0.0,526.823814173936,44.41308025188359,1186.1906699245274,0.0,0.0
1800,-340.6331442494086,-34.06331442494086,0.0,0.0,526.823814173936,44.41308025188359,1186.1906699245274,0.0,0.0
1801,-340.6331442494086,-34.06331442494086,0.0,0.0,526.823814173936,44.41308025188359,1186.1906699245274,0.0,0.0
1802,-340.6331442494086,-34.06331442494086,0.0,0.0,526.823814173936,44.41308025188359,1186.1906699245274,0.0,0.0
1803,-340.6331442494086,-34.06331442494086,0.0,0.0,526.823814173936,44.41308025188359,1186.1906699245274,0.0,0.0
1804,-340.6331442494086,-34.06331442494086,0.0,0.0,526.823814173936,44.41308025188359,1186.1906699245274,0.0,0.0
1805,-340.6331442494086,-34.06331442494086,0.0,0.0,526.823814173936,44.41308025188359,1186.1906699245274,0.0,0.0
1806,-340.6331442494086,-34.06331442494086,0.0,0.0,526.823814173936,44.41308025188359,1186.1906699245274,0.0,0.0
1807,-340.6331442494086,-34.06331442494086,0.0,0.0,526.823814173936,44.41308025188359,1186.1906699245274,0.0,0.0
1808,-340.6331442494086,-34.06331442494086,0.0,0.0,526.823814173936,44.41308025188359,1186.1906699245274,0.0,0.0
1809,-340.6331442494086,-34.06331442494086,0.0,0.0,526.823814173936,44.41308025188359,1186.1906699245274,0.0,0.0
1810,-340.6331442494086,-34.06331442494086,0.0,0.0,526.823814173936,44.41308025188359,1186.1906699245274,0.0,0.0
1811,-340.6331442494086,-34.06331442494086,0.0,0.0,526.823814173936,44.41308025188359,1186.1906699245274,0.0,0.0
1812,-340.6331442494086,-34.06331442494086,0.0,0.0,526.823814173936,44.41308025188359,1186.1906699245274,0.0,0.0
1813,-340.6331442494086,-34.06331442494086,0.0,0.0,526.823814173936,44.41308025188359,1186.1906699245274,0.0,0.0
1814,-340.6331442494086,-34.06331442494086,0.0,0.0,526.823814173936,44.41308025188359,1186.1906699245274,0.0,0.0
1815,-340.6331442494086,-34.06331442494086,0.0,0.0,526.823814173936,44.41308025188359,1186.1906699245274,0.0,0.0
1816,-340.6331442494086,-34.06331442494086,0.0,0.0,526.823814173936,44.41308025188359,1186.1906699245274,0.0,0.0
1817,-340.6331442494086,-34.06331442494086,0.0,0.0,526.823814173936,44.41308025188359,1186.1906699245274,0.0,0.0
1818,-340.6331442494086,-34.06331442494086,0.0,0.0,526.823814173936,44.41308025188359,1186.1906699245274,0.0,0.0
1819,-340.6331442494086,-34.06331442494086,0.0,0.0,526.823814173936,44.41308025188359,1186.1906699245274,0.0,0.0
1820,-340.6331442494086,-34.06331442494086,0.0,0.0,526.823814173936,44.41308025188359,1186.1906699245274,0.0,0.0
1821,-340.6331442494086,-34.06331442494086,0.0,0.0,526.823814173936,44.41308025188359,1186.1906699245274,0.0,0.0
1822,-340.6331442494086,-34.06331442494086,0.0,0.0,526.823814173936,44.41308025188359,1186.1906699245274,0.0,0.0
1823,-340.6331442494086,-34.06331442494086,0.0,0.0,526.823814173936,44.41308025188359,1186.1906699245274,0.0,0.0
1824,-340.6331442494086,-34.06331442494086,0.0,0.0,526.823814173936,44.41308025188359,1186.1906699245274,0.0,0.0
1825,-340.6331442494086,-34.06331442494086,0.0,0.0,526.823814173936,44.41308025188359,1186.1906699245274,0.0,0.0
1826,-340.6331442494086,-34.06331442494086,0.0,0.0,526.823814173936,44.41308025188359,1186.1906699245274,0.0,0.0
1827,-340.6331442494086,-34.06331442494086,0.0,0.0,526.823814173936,44.41308025188359,1186.1906699245274,0.0,0.0
1828,-340.6331442494086,-34.06331442494086,0.0,0.0,526.823814173936,44.41308025188359,1186.1906699245274,0.0,0.0
1829,-340.6331442494086,-34.06331442494086,0.0,0.0,526.823814173936,44.41308025188359,1186.1906699245274,0.0,0.0
1830,-340.6331442494086,-34.06331442494086,0.0,0.0,526.823814173936,44.41308025188359,1186.1906699245274,0.0,0.0
1831,-340.6331442494086,-34.06331442494086,0.0,0.0,526.823814173936,44.41308025188359,1186.1906699245274,0.0,0.0
1832,-340.6331442494086,-34.06331442494086,0.0,0.0,526.823814173936,44.41308025188359,1186.1906699245274,0.0,0.0
1833,-340.6331442494086,-34.06331442494086,0.0,0.0,526.823814173936,44.41308025188359,1186.1906699245274,0.0,0.0
1834,-340.6331442494086,-34.06331442494086,0.0,0.0,526.823814173936,44.41308025188359,1186.1906699245274,0.0,0.0
1835,-340.6331442494086,-34.06331442494086,0.0,0.0,526.823814173936,44.41308025188359,1186.1906699245274,0.0,0.0
1836,-340.6331442494086,-34.06331442494086,0.0,0.0,526.823814173936,44.41308025188359,1186.1906699245274,0.0,0.0
1837,-340.6331442494086,-34.06331442494086,0.0,0.0,526.823814173936,44.41308025188359,1186.1906699245274,0.0,0.0
1838,-340.6331442494086,-34.06331442494086,0.0,0.0,526.823814173936,44.41308025188359,1186.1906699245274,0.0,0.0
1839,-340.6331442494086,-34.06331442494086,0.0,0.0,526.823814173936,44.41308025188359,1186.1906699245274,0.0,0.0
1840,-340.6331442494086,-34.06331442494086,0.0,0.0,526.823814173936,44.41308025188359,1186.1906699245274,0.0,0.0
1841,-340.6331442494086,-34.06331442494086,0.0,0.0,526.823814173936,44.41308025188359,1186.1906699245274,0.0,0.0
1842,-340.6331442494086,-34.06331442494086,0.0,0.0,526.823814173936,44.41308025188359,1186.1906699245274,0.0,0.0
1843,-340.6331442494086,-34.06331442494086,0.0,0.0,526.823814173936,44.41308025188359,1186.1906699245274,0.0,0.0
1844,-340.6331442494086,-34.06331442494086,0.0,0.0,526.823814173936,44.41308025188359,1186.1906699245274,0.0,0.0
1845,-340.6331442494086,-34.06331442494086,0.0,0.0,526.823814173936,44.41308025188359,1186.1906699245274,0.0,0.0
1846,-340.6331442494086,-34.06331442494086,0.0,0.0,526.823814173936,44.41308025188359,1186.1906699245274,0.0,0.0
1847,-340.6331442494086,-34.06331442494086,0.0,0.0,526.823814173936,44.41308025188359,1186.1906699245274,0.0,0.0
1848,-340.6331442494086,-34.06331442494086,0.0,0.0,526.823814173936,44.41308025188359,1186.1906699245274,0.0,0.0
1849,-340.6331442494086,-34.06331442494086,0.0,0.0,526.823814173936,44.41308025188359,1186.1906699245274,0.0,0.0
1850,-340.6331442494086,-34.06331442494086,0.0,0.0,526.823814173936,44.41308025188359,1186.1906699245274,0.0,0.0
1851,-340.6331442494086,-34.06331442494086,0.0,0.0,526.823814173936,44.41308025188359,1186.1906699245274,0.0,0.0
1852,-340.6331442494086,-34.06331442494086,0.0,0.0,526.823814173936,44.41308025188359,1186.1906699245274,0.0,0.0
1853,-340.6331442494086,-34.06331442494086,0.0,0.0,526.823814173936,44.41308025188359,1186.1906699245274,0.0,0.0
1854,-340.6331442494086,-34.06331442494086,0.0,0.0,526.823814173936,44.41308025188359,1186.1906699245274,0.0,0.0
1855,-340.6331442494086,-34.06331442494086,0.0,0.0,526.823814173936,44.41308025188359,1186.1906699245274,0.0,0.0
1856,-340.6331442494086,-34.06331442494086,0.0,0.0,526.823814173936,44.41308025188359,1186.1906699245274,0.0,0.0
1857,-341.29185239701155,-34.12918523970115,-0.6587081476029653,-0.09990009990009652,527.4825223215389,44.46861164024335,1186.1906699245274,0.0,0.0
1858,-341.29185239701155,-34.12918523970115,0.0,0.0,527.4825223215389,44.46861164024335,1186.1906699245274,0.0,0.0
1859,-359.79494592474305,-35.9794945924743,-18.503093527731494,-2.8089972159997534,545.9856158492704,46.02848679327492,1186.1906699245274,0.0,-18.503093527731494
1860,-363.49549687014394,-36.349549687014395,-3.7005509454008916,-0.5780258874629074,549.6861667946713,46.34045611146526,1186.1906699245274,0.0,-22.203644473132385
1861,-352.3936746335777,-35.23936746335777,11.10182223656625,1.7441859691448736,538.584344558105,45.4045338758543,1186.1906699245274,0.0,-22.203644473132385
1862,-330.1900301604453,-33.019003016044536,22.203644473132385,3.4285712790975698,516.3807000849727,43.532689404632386,1186.1906699245274,11.10182223656625,-22.203644473132385
1863,-341.29185239701155,-34.12918523970115,-11.10182223656625,-1.657458493671804,527.4825223215389,44.46861164024335,1186.1906699245274,11.10182223656625,-22.203644473132385
1864,-311.6870213328956,-31.16870213328956,29.604831064115956,4.494377543658246,497.87769125742295,41.97282139212079,1186.1906699245274,29.604831064115956,-22.203644473132385
1865,-304.28583474191214,-30.428583474191218,7.401186590983457,1.075264715379265,490.4765046664395,41.34887561522015,1186.1906699245274,37.00601765509941,-22.203644473132385
1866,-311.6870213328956,-31.16870213328956,-7.401186590983457,-1.0638257722175082,497.87769125742295,41.97282139212079,1186.1906699245274,37.00601765509941,-22.203644473132385
1867,-333.890665806028,-33.3890665806028,-22.203644473132385,-3.2258064516129004,520.0813357305553,43.844665863342705,1186.1906699245274,37.00601765509941,-22.203644473132385
1868,-326.4894792150445,-32.64894792150446,7.401186590983457,1.111106872558576,512.6801491395719,43.220720086442064,1186.1906699245274,37.00601765509941,-22.203644473132385
1869,-333.890665806028,-33.3890665806028,-7.401186590983457,-1.098896952991557,520.0813357305553,43.844665863342705,1186.1906699245274,37.00601765509941,-22.203644473132385
1870,-326.4894792150445,-32.64894792150446,7.401186590983457,1.111106872558576,512.6801491395719,43.220720086442064,1186.1906699245274,37.00601765509941,-22.203644473132385
1871,-304.28583474191214,-30.428583474191218,22.203644473132385,3.296703434900272,490.4765046664395,41.34887561522015,1186.1906699245274,37.00601765509941,-22.203644473132385
1872,-289.4833768597632,-28.948337685976323,14.802457882148929,2.1276637190012826,475.67404678429057,40.10097692089889,1186.1906699245274,51.80847553724834,-22.203644473132385
1873,-307.9863856873129,-30.798638568731295,-18.503008827549706,-2.6041626930236816,494.1770556118403,41.66084493341048,1186.1906699245274,51.80847553724834,-22.203644473132385
1874,-304.28583474191214,-30.428583474191218,3.700550945400778,0.5347511766912616,490.4765046664395,41.34887561522015,1186.1906699245274,51.80847553724834,-22.203644473132385
1875,-289.4833768597632,-28.948337685976323,14.802457882148929,2.1276637190012826,475.67404678429057,40.10097692089889,1186.1906699245274,51.80847553724834,-22.203644473132385
1876,-289.4833768597632,-28.948337685976323,0.0,0.0,475.67404678429057,40.10097692089889,1186.1906699245274,51.80847553724834,-22.203644473132385
1877,-304.28583474191214,-30.428583474191218,-14.802457882148929,-2.0833373069763295,490.4765046664395,41.34887561522015,1186.1906699245274,51.80847553724834,-22.203644473132385
1878,-304.28583474191214,-30.428583474191218,0.0,0.0,490.4765046664395,41.34887561522015,1186.1906699245274,51.80847553724834,-22.203644473132385
1879,-296.88456345074667,-29.688456345074666,7.401271291165472,1.0638379467837744,483.075233375274,40.72492269779952,1186.1906699245274,51.80847553724834,-22.203644473132385
1880,-259.87854579564726,-25.98785457956473,37.00601765509941,5.263149652454979,446.0692157201746,37.605186672776334,1186.1906699245274,81.4133066013643,-22.203644473132385
1881,-274.6809189776143,-27.468091897761425,-14.802373181967027,-1.9999924468991237,460.87158890214164,38.85307822657761,1186.1906699245274,81.4133066013643,-22.203644473132385
1882,-241.37545226791576,-24.13754522679158,33.30546670969852,4.591836555954409,427.5661221924431,36.04531151974476,1186.1906699245274,99.91640012909579,-22.203644473132385
1883,-256.1779101500646,-25.617791015006453,-14.802457882148815,-1.9512231612331732,442.36858007459193,37.293210214066015,1186.1906699245274,99.91640012909579,-22.203644473132385
1884,-208.06998555821713,-20.80699855582171,48.10792459184745,6.467665487260965,394.2606554827445,33.237544812911885,1186.1906699245274,133.22186683879443,-22.203644473132385
1885,-222.87244344036606,-22.287244344036605,-14.802457882148929,-1.8691623770040966,409.0631133648934,34.48544350723316,1186.1906699245274,133.22186683879443,-22.203644473132385
1886,-222.87244344036606,-22.287244344036605,0.0,0.0,409.0631133648934,34.48544350723316,1186.1906699245274,133.22186683879443,-22.203644473132385
1887,-256.1779101500646,-25.617791015006453,-33.30546670969852,-4.2857142857142705,442.36858007459193,37.293210214066015,1186.1906699245274,133.22186683879443,-22.203644473132385
1888,-241.37545226791576,-24.13754522679158,14.802457882148815,1.9900535469624447,427.5661221924431,36.04531151974476,1186.1906699245274,133.22186683879443,-22.203644473132385
1889,-285.78274121418053,-28.57827412141806,-44.40728894626477,-5.8536583187323465,471.9734111387079,39.789000462188575,1186.1906699245274,133.22186683879443,-22.203644473132385
1890,-259.87854579564726,-25.98785457956473,25.904195418533277,3.6269349556983244,446.0692157201746,37.605186672776334,1186.1906699245274,133.22186683879443,-22.203644473132385
1891,-263.57909674104815,-26.357909674104818,-3.7005509454008916,-0.49999238967867177,449.7697666655755,37.91715599096666,1186.1906699245274,133.22186683879443,-22.203644473132385
1892,-270.9803680322135,-27.098036803221348,-7.401271291165358,-1.0050327548297155,457.17103795674086,38.54110890838729,1186.1906699245274,133.22186683879443,-22.203644473132385
1893,-282.08219026877975,-28.208219026877977,-11.10182223656625,-1.5228426985704036,468.2728601933071,39.477031143998246,1186.1906699245274,133.22186683879443,-22.203644473132385
1894,-282.08219026877975,-28.208219026877977,0.0,0.0,468.2728601933071,39.477031143998246,1186.1906699245274,133.22186683879443,-22.203644473132385
1895,-296.88456345074667,-29.688456345074666,-14.802373181966914,-2.061847885833723,483.075233375274,40.72492269779952,1186.1906699245274,133.22186683879443,-22.203644473132385
1896,-304.28583474191214,-30.428583474191218,-7.401271291165472,-1.0526395676205613,490.4765046664395,41.34887561522015,1186.1906699245274,133.22186683879443,-22.203644473132385
1897,-289.4833768597632,-28.948337685976323,14.802457882148929,2.1276637190012826,475.67404678429057,40.10097692089889,1186.1906699245274,133.22186683879443,-22.203644473132385
1898,-300.58519909632946,-30.058519909632942,-11.10182223656625,-1.562500000000011,486.7758690208568,41.03689915650984,1186.1906699245274,133.22186683879443,-22.203644473132385
1899,-311.6870213328956,-31.16870213328956,-11.101822236566136,-1.5873015873015817,497.87769125742295,41.97282139212079,1186.1906699245274,133.22186683879443,-22.203644473132385
1900,-304.28583474191214,-30.428583474191218,7.401186590983457,1.075264715379265,490.4765046664395,41.34887561522015,1186.1906699245274,133.22186683879443,-22.203644473132385
1901,-304.28583474191214,-30.428583474191218,0.0,0.0,490.4765046664395,41.34887561522015,1186.1906699245274,133.22186683879443,-22.203644473132385
1902,-307.9863856873129,-30.798638568731295,-3.700550945400778,-0.5319067988256321,494.1770556118403,41.66084493341048,1186.1906699245274,133.22186683879443,-22.203644473132385
1903,-304.28583474191214,-30.428583474191218,3.700550945400778,0.5347511766912616,490.4765046664395,41.34887561522015,1186.1906699245274,133.22186683879443,-22.203644473132385
1904,-267.2797323866308,-26.727973238663083,37.006102355281314,5.319153210220073,453.4704023111582,38.229132449676975,1186.1906699245274,133.22186683879443,-22.203644473132385
1905,-270.9803680322135,-27.098036803221348,-3.700635645582679,-0.505054358280066,457.17103795674086,38.54110890838729,1186.1906699245274,133.22186683879443,-22.203644473132385
1906,-267.2797323866308,-26.727973238663083,3.700635645582679,0.5076181056460571,453.4704023111582,38.229132449676975,1186.1906699245274,133.22186683879443,-22.203644473132385
1907,-285.78274121418053,-28.57827412141806,-18.503008827549706,-2.5252486720229617,471.9734111387079,39.789000462188575,1186.1906699245274,133.22186683879443,-22.203644473132385
1908,-256.1779101500646,-25.617791015006453,29.604831064115956,4.145073603296101,442.36858007459193,37.293210214066015,1186.1906699245274,133.22186683879443,-22.203644473132385
1909,-282.08219026877975,-28.208219026877977,-25.904280118715178,-3.482590860395296,468.2728601933071,39.477031143998246,1186.1906699245274,133.22186683879443,-22.203644473132385
1910,-263.57909674104815,-26.357909674104818,18.503093527731608,2.577327554342035,449.7697666655755,37.91715599096666,1186.1906699245274,133.22186683879443,-22.203644473132385
1911,-259.87854579564726,-25.98785457956473,3.7005509454008916,0.5025048758155126,446.0692157201746,37.605186672776334,1186.1906699245274,133.22186683879443,-22.203644473132385
1912,-237.67490132251487,-23.76749013225149,22.203644473132385,3.000000114440926,423.8655712470422,35.73334220155442,1186.1906699245274,133.22186683879443,-22.203644473132385
1913,-237.67490132251487,-23.76749013225149,0.0,0.0,423.8655712470422,35.73334220155442,1186.1906699245274,133.22186683879443,-22.203644473132385
1914,-230.2736300313495,-23.027363003134948,7.401271291165358,0.9708812295443847,416.46429995587687,35.1093892841338,1186.1906699245274,133.22186683879443,-22.203644473132385
1915,-208.06998555821713,-20.80699855582171,22.203644473132385,2.8846152788083224,394.2606554827445,33.237544812911885,1186.1906699245274,133.22186683879443,-22.203644473132385
1916,-215.47125684938248,-21.54712568493825,-7.401271291165358,-0.9345865362083039,401.66192677390984,33.861497730332516,1186.1906699245274,133.22186683879443,-22.203644473132385
1917,-222.87244344036606,-22.287244344036605,-7.401186590983571,-0.9433926615946331,409.0631133648934,34.48544350723316,1186.1906699245274,133.22186683879443,-22.203644473132385
1918,-282.08219026877975,-28.208219026877977,-59.2097468284137,-7.619051252092635,468.2728601933071,39.477031143998246,1186.1906699245274,133.22186683879443,-22.203644473132385
1919,-285.78274121418053,-28.57827412141806,-3.700550945400778,-0.5154560724418,471.9734111387079,39.789000462188575,1186.1906699245274,133.22186683879443,-22.203644473132385
1920,-282.08219026877975,-28.208219026877977,3.700550945400778,0.5181267884357466,468.2728601933071,39.477031143998246,1186.1906699245274,133.22186683879443,-22.203644473132385
1921,-293.1840125053459,-29.31840125053459,-11.101822236566136,-1.546391813391912,479.37468242987325,40.41295337960919,1186.1906699245274,133.22186683879443,-22.203644473132385
1922,-285.78274121418053,-28.57827412141806,7.401271291165358,1.0471284495699562,471.9734111387079,39.789000462188575,1186.1906699245274,133.22186683879443,-22.203644473132385
1923,-282.08219026877975,-28.208219026877977,3.700550945400778,0.5181267884357466,468.2728601933071,39.477031143998246,1186.1906699245274,133.22186683879443,-22.203644473132385
1924,-278.38155462319696,-27.83815546231969,3.7006356455827927,0.5154678704750726,464.5722245477243,39.16505468528793,1186.1906699245274,133.22186683879443,-22.203644473132385
1925,-278.38155462319696,-27.83815546231969,0.0,0.0,464.5722245477243,39.16505468528793,1186.1906699245274,133.22186683879443,-22.203644473132385
1926,-293.1840125053459,-29.31840125053459,-14.802457882148929,-2.051285963792071,479.37468242987325,40.41295337960919,1186.1906699245274,133.22186683879443,-22.203644473132385
1927,-289.4833768597632,-28.948337685976323,3.700635645582679,0.5235642247849892,475.67404678429057,40.10097692089889,1186.1906699245274,133.22186683879443,-22.203644473132385
1928,-296.88456345074667,-29.688456345074666,-7.401186590983457,-1.0416626930236705,483.075233375274,40.72492269779952,1186.1906699245274,133.22186683879443,-22.203644473132385
1929,-311.6870213328956,-31.16870213328956,-14.802457882148929,-2.105267088829166,497.87769125742295,41.97282139212079,1186.1906699245274,133.22186683879443,-22.203644473132385
1930,-337.59130145161066,-33.759130145161066,-25.904280118715064,-3.7634449620400634,523.781971376138,44.15664232205302,1186.1906699245274,133.22186683879443,-22.203644473132385
1931,-322.78884356946185,-32.27888435694618,14.802457882148815,2.2346412289855344,508.9795134939892,42.90874362773175,1186.1906699245274,133.22186683879443,-22.203644473132385
1932,-333.890665806028,-33.3890665806028,-11.101822236566136,-1.6393442622950727,520.0813357305553,43.844665863342705,1186.1906699245274,133.22186683879443,-22.203644473132385
1933,-348.6931236881769,-34.869312368817695,-14.802457882148929,-2.2222264607747455,534.8837936127043,45.09256455766397,1186.1906699245274,133.22186683879443,-22.203644473132385
1934,-356.09431027916037,-35.60943102791604,-7.401186590983457,-1.1363593507402237,542.2849802036877,45.71651033456461,1186.1906699245274,133.22186683879443,-22.203644473132385
1935,-348.6931236881769,-34.869312368817695,7.401186590983457,1.1494209026468027,534.8837936127043,45.09256455766397,1186.1906699245274,133.22186683879443,-22.203644473132385
1936,-337.59130145161066,-33.759130145161066,11.10182223656625,1.7045455284355304,523.781971376138,44.15664232205302,1186.1906699245274,133.22186683879443,-22.203644473132385
1937,-322.78884356946185,-32.27888435694618,14.802457882148815,2.2346412289855344,508.9795134939892,42.90874362773175,1186.1906699245274,133.22186683879443,-22.203644473132385
1938,-326.4894792150445,-32.64894792150446,-3.700635645582679,-0.5464522564997409,512.6801491395719,43.220720086442064,1186.1906699245274,133.22186683879443,-22.203644473132385
1939,-315.3876569784783,-31.538765697847825,11.10182223656625,1.6483517174501472,501.57832690300563,42.284797850831104,1186.1906699245274,133.22186683879443,-22.203644473132385
1940,-322.78884356946185,-32.27888435694618,-7.401186590983571,-1.0810770016676297,508.9795134939892,42.90874362773175,1186.1906699245274,133.22186683879443,-22.203644473132385
1941,-344.99248804259423,-34.499248804259416,-22.203644473132385,-3.2786885245901565,531.1831579671216,44.78058809895366,1186.1906699245274,133.22186683879443,-22.203644473132385
1942,-341.29185239701155,-34.12918523970115,3.700635645582679,0.5649760618048116,527.4825223215389,44.46861164024335,1186.1906699245274,133.22186683879443,-22.203644473132385
1943,-352.3936746335777,-35.23936746335777,-11.101822236566136,-1.6853931861880223,538.584344558105,45.4045338758543,1186.1906699245274,133.22186683879443,-22.203644473132385
1944,-348.6931236881769,-34.869312368817695,3.700550945400778,0.571419827208608,534.8837936127043,45.09256455766397,1186.1906699245274,133.22186683879443,-22.203644473132385
1945,-348.6931236881769,-34.869312368817695,0.0,0.0,534.8837936127043,45.09256455766397,1186.1906699245274,133.22186683879443,-22.203644473132385
1946,-348.6931236881769,-34.869312368817695,0.0,0.0,534.8837936127043,45.09256455766397,1186.1906699245274,133.22186683879443,-22.203644473132385
1947,-348.6931236881769,-34.869312368817695,0.0,0.0,534.8837936127043,45.09256455766397,1186.1906699245274,133.22186683879443,-22.203644473132385
1948,-319.08820792387917,-31.908820792387914,29.604915764297743,4.545463412261586,505.2788778484065,42.59676716902144,1186.1906699245274,133.22186683879443,-22.203644473132385
1949,-326.4894792150445,-32.64894792150446,-7.401271291165358,-1.0869647694892515,512.6801491395719,43.220720086442064,1186.1906699245274,133.22186683879443,-22.203644473132385
1950,-348.6931236881769,-34.869312368817695,-22.203644473132385,-3.2967034349002833,534.8837936127043,45.09256455766397,1186.1906699245274,133.22186683879443,-22.203644473132385
1951,-348.6931236881769,-34.869312368817695,0.0,0.0,534.8837936127043,45.09256455766397,1186.1906699245274,133.22186683879443,-22.203644473132385
1952,-348.6931236881769,-34.869312368817695,0.0,0.0,534.8837936127043,45.09256455766397,1186.1906699245274,133.22186683879443,-22.203644473132385
1953,-356.09431027916037,-35.60943102791604,-7.401186590983457,-1.1363593507402237,542.2849802036877,45.71651033456461,1186.1906699245274,133.22186683879443,-22.203644473132385
1954,-356.09431027916037,-35.60943102791604,0.0,0.0,542.2849802036877,45.71651033456461,1186.1906699245274,133.22186683879443,-22.203644473132385
1955,-348.6931236881769,-34.869312368817695,7.401186590983457,1.1494209026468027,534.8837936127043,45.09256455766397,1186.1906699245274,133.22186683879443,-22.203644473132385
1956,-333.890665806028,-33.3890665806028,14.802457882148929,2.272731706130804,520.0813357305553,43.844665863342705,1186.1906699245274,133.22186683879443,-22.203644473132385
1957,-334.55677514022193,-33.4556775140222,-0.6661093341939477,-0.10000000000000009,520.7474450647493,43.90082119747936,1186.1906699245274,133.22186683879443,-22.203644473132385
1958,-334.55677514022193,-33.4556775140222,0.0,0.0,520.7474450647493,43.90082119747936,1186.1906699245274,0.0,0.0
1959,-334.55677514022193,-33.4556775140222,0.0,0.0,520.7474450647493,43.90082119747936,1186.1906699245274,0.0,0.0
1960,-334.55677514022193,-33.4556775140222,0.0,0.0,520.7474450647493,43.90082119747936,1186.1906699245274,0.0,0.0
1961,-334.55677514022193,-33.4556775140222,0.0,0.0,520.7474450647493,43.90082119747936,1186.1906699245274,0.0,0.0
1962,-334.55677514022193,-33.4556775140222,0.0,0.0,520.7474450647493,43.90082119747936,1186.1906699245274,0.0,0.0
1963,-334.55677514022193,-33.4556775140222,0.0,0.0,520.7474450647493,43.90082119747936,1186.1906699245274,0.0,0.0
1964,-334.55677514022193,-33.4556775140222,0.0,0.0,520.7474450647493,43.90082119747936,1186.1906699245274,0.0,0.0
1965,-334.55677514022193,-33.4556775140222,0.0,0.0,520.7474450647493,43.90082119747936,1186.1906699245274,0.0,0.0
1966,-334.55677514022193,-33.4556775140222,0.0,0.0,520.7474450647493,43.90082119747936,1186.1906699245274,0.0,0.0
1967,-334.55677514022193,-33.4556775140222,0.0,0.0,520.7474450647493,43.90082119747936,1186.1906699245274,0.0,0.0
1968,-334.55677514022193,-33.4556775140222,0.0,0.0,520.7474450647493,43.90082119747936,1186.1906699245274,0.0,0.0
1969,-334.55677514022193,-33.4556775140222,0.0,0.0,520.7474450647493,43.90082119747936,1186.1906699245274,0.0,0.0
1970,-334.55677514022193,-33.4556775140222,0.0,0.0,520.7474450647493,43.90082119747936,1186.1906699245274,0.0,0.0
1971,-334.55677514022193,-33.4556775140222,0.0,0.0,520.7474450647493,43.90082119747936,1186.1906699245274,0.0,0.0
1972,-334.55677514022193,-33.4556775140222,0.0,0.0,520.7474450647493,43.90082119747936,1186.1906699245274,0.0,0.0
1973,-334.55677514022193,-33.4556775140222,0.0,0.0,520.7474450647493,43.90082119747936,1186.1906699245274,0.0,0.0
1974,-334.55677514022193,-33.4556775140222,0.0,0.0,520.7474450647493,43.90082119747936,1186.1906699245274,0.0,0.0
1975,-334.55677514022193,-33.4556775140222,0.0,0.0,520.7474450647493,43.90082119747936,1186.1906699245274,0.0,0.0
1976,-334.55677514022193,-33.4556775140222,0.0,0.0,520.7474450647493,43.90082119747936,1186.1906699245274,0.0,0.0
1977,-334.55677514022193,-33.4556775140222,0.0,0.0,520.7474450647493,43.90082119747936,1186.1906699245274,0.0,0.0
1978,-334.55677514022193,-33.4556775140222,0.0,0.0,520.7474450647493,43.90082119747936,1186.1906699245274,0.0,0.0
1979,-334.55677514022193,-33.4556775140222,0.0,0.0,520.7474450647493,43.90082119747936,1186.1906699245274,0.0,0.0
1980,-334.55677514022193,-33.4556775140222,0.0,0.0,520.7474450647493,43.90082119747936,1186.1906699245274,0.0,0.0
1981,-334.55677514022193,-33.4556775140222,0.0,0.0,520.7474450647493,43.90082119747936,1186.1906699245274,0.0,0.0
1982,-334.55677514022193,-33.4556775140222,0.0,0.0,520.7474450647493,43.90082119747936,1186.1906699245274,0.0,0.0
1983,-334.55677514022193,-33.4556775140222,0.0,0.0,520.7474450647493,43.90082119747936,1186.1906699245274,0.0,0.0
1984,-334.55677514022193,-33.4556775140222,0.0,0.0,520.7474450647493,43.90082119747936,1186.1906699245274,0.0,0.0
1985,-334.55677514022193,-33.4556775140222,0.0,0.0,520.7474450647493,43.90082119747936,1186.1906699245274,0.0,0.0
1986,-334.55677514022193,-33.4556775140222,0.0,0.0,520.7474450647493,43.90082119747936,1186.1906699245274,0.0,0.0
1987,-334.55677514022193,-33.4556775140222,0.0,0.0,520.7474450647493,43.90082119747936,1186.1906699245274,0.0,0.0
1988,-334.55677514022193,-33.4556775140222,0.0,0.0,520.7474450647493,43.90082119747936,1186.1906699245274,0.0,0.0
1989,-334.55677514022193,-33.4556775140222,0.0,0.0,520.7474450647493,43.90082119747936,1186.1906699245274,0.0,0.0
1990,-334.55677514022193,-33.4556775140222,0.0,0.0,520.7474450647493,43.90082119747936,1186.1906699245274,0.0,0.0
1991,-334.55677514022193,-33.4556775140222,0.0,0.0,520.7474450647493,43.90082119747936,1186.1906699245274,0.0,0.0
1992,-334.55677514022193,-33.4556775140222,0.0,0.0,520.7474450647493,43.90082119747936,1186.1906699245274,0.0,0.0
1993,-334.55677514022193,-33.4556775140222,0.0,0.0,520.7474450647493,43.90082119747936,1186.1906699245274,0.0,0.0
1994,-334.55677514022193,-33.4556775140222,0.0,0.0,520.7474450647493,43.90082119747936,1186.1906699245274,0.0,0.0
1995,-334.55677514022193,-33.4556775140222,0.0,0.0,520.7474450647493,43.90082119747936,1186.1906699245274,0.0,0.0
1996,-334.55677514022193,-33.4556775140222,0.0,0.0,520.7474450647493,43.90082119747936,1186.1906699245274,0.0,0.0
1997,-334.55677514022193,-33.4556775140222,0.0,0.0,520.7474450647493,43.90082119747936,1186.1906699245274,0.0,0.0
1998,-334.55677514022193,-33.4556775140222,0.0,0.0,520.7474450647493,43.90082119747936,1186.1906699245274,0.0,0.0
1999,-334.55677514022193,-33.4556775140222,0.0,0.0,520.7474450647493,43.90082119747936,1186.1906699245274,0.0,0.0
2000,-334.55677514022193,-33.4556775140222,0.0,0.0,520.7474450647493,43.90082119747936,1186.1906699245274,0.0,0.0
2001,-334.55677514022193,-33.4556775140222,0.0,0.0,520.7474450647493,43.90082119747936,1186.1906699245274,0.0,0.0
2002,-334.55677514022193,-33.4556775140222,0.0,0.0,520.7474450647493,43.90082119747936,1186.1906699245274,0.0,0.0
2003,-334.55677514022193,-33.4556775140222,0.0,0.0,520.7474450647493,43.90082119747936,1186.1906699245274,0.0,0.0
2004,-334.55677514022193,-33.4556775140222,0.0,0.0,520.7474450647493,43.90082119747936,1186.1906699245274,0.0,0.0
2005,-334.55677514022193,-33.4556775140222,0.0,0.0,520.7474450647493,43.90082119747936,1186.1906699245274,0.0,0.0
2006,-334.55677514022193,-33.4556775140222,0.0,0.0,520.7474450647493,43.90082119747936,1186.1906699245274,0.0,0.0
2007,-334.55677514022193,-33.4556775140222,0.0,0.0,520.7474450647493,43.90082119747936,1186.1906699245274,0.0,0.0
2008,-334.55677514022193,-33.4556775140222,0.0,0.0,520.7474450647493,43.90082119747936,1186.1906699245274,0.0,0.0
2009,-334.55677514022193,-33.4556775140222,0.0,0.0,520.7474450647493,43.90082119747936,1186.1906699245274,0.0,0.0
2010,-334.55677514022193,-33.4556775140222,0.0,0.0,520.7474450647493,43.90082119747936,1186.1906699245274,0.0,0.0
2011,-334.55677514022193,-33.4556775140222,0.0,0.0,520.7474450647493,43.90082119747936,1186.1906699245274,0.0,0.0
2012,-334.55677514022193,-33.4556775140222,0.0,0.0,520.7474450647493,43.90082119747936,1186.1906699245274,0.0,0.0
2013,-334.55677514022193,-33.4556775140222,0.0,0.0,520.7474450647493,43.90082119747936,1186.1906699245274,0.0,0.0
2014,-334.55677514022193,-33.4556775140222,0.0,0.0,520.7474450647493,43.90082119747936,1186.1906699245274,0.0,0.0
2015,-334.55677514022193,-33.4556775140222,0.0,0.0,520.7474450647493,43.90082119747936,1186.1906699245274,0.0,0.0
2016,-334.55677514022193,-33.4556775140222,0.0,0.0,520.7474450647493,43.90082119747936,1186.1906699245274,0.0,0.0
2017,-334.55677514022193,-33.4556775140222,0.0,0.0,520.7474450647493,43.90082119747936,1186.1906699245274,0.0,0.0
2018,-334.55677514022193,-33.4556775140222,0.0,0.0,520.7474450647493,43.90082119747936,1186.1906699245274,0.0,0.0
2019,-334.55677514022193,-33.4556775140222,0.0,0.0,520.7474450647493,43.90082119747936,1186.1906699245274,0.0,0.0
2020,-334.55677514022193,-33.4556775140222,0.0,0.0,520.7474450647493,43.90082119747936,1186.1906699245274,0.0,0.0
2021,-334.55677514022193,-33.4556775140222,0.0,0.0,520.7474450647493,43.90082119747936,1186.1906699245274,0.0,0.0
2022,-334.55677514022193,-33.4556775140222,0.0,0.0,520.7474450647493,43.90082119747936,1186.1906699245274,0.0,0.0
2023,-334.55677514022193,-33.4556775140222,0.0,0.0,520.7474450647493,43.90082119747936,1186.1906699245274,0.0,0.0
2024,-334.55677514022193,-33.4556775140222,0.0,0.0,520.7474450647493,43.90082119747936,1186.1906699245274,0.0,0.0
2025,-334.55677514022193,-33.4556775140222,0.0,0.0,520.7474450647493,43.90082119747936,1186.1906699245274,0.0,0.0
2026,-334.55677514022193,-33.4556775140222,0.0,0.0,520.7474450647493,43.90082119747936,1186.1906699245274,0.0,0.0
2027,-334.55677514022193,-33.4556775140222,0.0,0.0,520.7474450647493,43.90082119747936,1186.1906699245274,0.0,0.0
2028,-334.55677514022193,-33.4556775140222,0.0,0.0,520.7474450647493,43.90082119747936,1186.1906699245274,0.0,0.0
2029,-334.55677514022193,-33.4556775140222,0.0,0.0,520.7474450647493,43.90082119747936,1186.1906699245274,0.0,0.0
2030,-334.55677514022193,-33.4556775140222,0.0,0.0,520.7474450647493,43.90082119747936,1186.1906699245274,0.0,0.0
2031,-334.55677514022193,-33.4556775140222,0.0,0.0,520.7474450647493,43.90082119747936,1186.1906699245274,0.0,0.0
2032,-334.55677514022193,-33.4556775140222,0.0,0.0,520.7474450647493,43.90082119747936,1186.1906699245274,0.0,0.0
2033,-334.55677514022193,-33.4556775140222,0.0,0.0,520.7474450647493,43.90082119747936,1186.1906699245274,0.0,0.0
2034,-334.55677514022193,-33.4556775140222,0.0,0.0,520.7474450647493,43.90082119747936,1186.1906699245274,0.0,0.0
2035,-334.55677514022193,-33.4556775140222,0.0,0.0,520.7474450647493,43.90082119747936,1186.1906699245274,0.0,0.0
2036,-334.55677514022193,-33.4556775140222,0.0,0.0,520.7474450647493,43.90082119747936,1186.1906699245274,0.0,0.0
2037,-334.55677514022193,-33.4556775140222,0.0,0.0,520.7474450647493,43.90082119747936,1186.1906699245274,0.0,0.0
2038,-334.55677514022193,-33.4556775140222,0.0,0.0,520.7474450647493,43.90082119747936,1186.1906699245274,0.0,0.0
2039,-334.55677514022193,-33.4556775140222,0.0,0.0,520.7474450647493,43.90082119747936,1186.1906699245274,0.0,0.0
2040,-334.55677514022193,-33.4556775140222,0.0,0.0,520.7474450647493,43.90082119747936,1186.1906699245274,0.0,0.0
2041,-334.55677514022193,-33.4556775140222,0.0,0.0,520.7474450647493,43.90082119747936,1186.1906699245274,0.0,0.0
2042,-334.55677514022193,-33.4556775140222,0.0,0.0,520.7474450647493,43.90082119747936,1186.1906699245274,0.0,0.0
2043,-334.55677514022193,-33.4556775140222,0.0,0.0,520.7474450647493,43.90082119747936,1186.1906699245274,0.0,0.0
2044,-334.55677514022193,-33.4556775140222,0.0,0.0,520.7474450647493,43.90082119747936,1186.1906699245274,0.0,0.0
2045,-335.2215535866352,-33.52215535866352,-0.6647784464132656,-0.09990009990008542,521.4122235111626,43.9568643331462,1186.1906699245274,0.0,0.0
2046,-317.44675666364674,-31.744675666364675,17.774796922988457,2.6737926024659187,503.6374265881741,42.458387117495924,1186.1906699245274,17.774796922988457,0.0
2047,-324.55665915950465,-32.45566591595046,-7.109902495857909,-1.0416626930236816,510.747329084032,43.057776631857074,1186.1906699245274,17.774796922988457,0.0
2048,-306.7818622365162,-30.678186223651615,17.774796922988457,2.6315748262274896,492.97253216104355,41.55929941620679,1186.1906699245274,28.439691350119006,0.0
2049,-306.7818622365162,-30.678186223651615,0.0,0.0,492.97253216104355,41.55929941620679,1186.1906699245274,28.439691350119006,0.0
2050,-289.00706531352773,-28.90070653135277,17.774796922988457,2.56409865159255,475.1977352380551,40.060822200556515,1186.1906699245274,46.21448827310746,0.0
2051,-321.00174859491926,-32.10017485949193,-31.99468328139153,-4.5000001716613784,507.1924185194466,42.758085304423886,1186.1906699245274,46.21448827310746,0.0
2052,-324.55665915950465,-32.45566591595046,-3.5549105645853842,-0.5235522414423044,510.747329084032,43.057776631857074,1186.1906699245274,46.21448827310746,0.0
2053,-321.00174859491926,-32.10017485949193,3.5549105645853842,0.526307737398346,507.1924185194466,42.758085304423886,1186.1906699245274,46.21448827310746,0.0
2054,-313.8917647323742,-31.389176473237423,7.10998386254505,1.047128449569934,500.08243465690157,42.158688930567955,1186.1906699245274,46.21448827310746,0.0
2055,-313.8917647323742,-31.389176473237423,0.0,0.0,500.08243465690157,42.158688930567955,1186.1906699245274,46.21448827310746,0.0
2056,-317.44675666364674,-31.744675666364675,-3.554991931272525,-0.5181386475977545,503.6374265881741,42.458387117495924,1186.1906699245274,46.21448827310746,0.0
2057,-317.44675666364674,-31.744675666364675,0.0,0.0,503.6374265881741,42.458387117495924,1186.1906699245274,46.21448827310746,0.0
2058,-324.55665915950465,-32.45566591595046,-7.109902495857909,-1.0416626930236816,510.747329084032,43.057776631857074,1186.1906699245274,46.21448827310746,0.0
2059,-317.44675666364674,-31.744675666364675,7.109902495857909,1.0526275212086045,503.6374265881741,42.458387117495924,1186.1906699245274,46.21448827310746,0.0
2060,-321.00174859491926,-32.10017485949193,-3.554991931272525,-0.5208373069763073,507.1924185194466,42.758085304423886,1186.1906699245274,46.21448827310746,0.0
2061,-328.1116510907773,-32.811165109077734,-7.109902495858023,-1.0471164662272936,514.3023210153046,43.35747481878505,1186.1906699245274,46.21448827310746,0.0
2062,-328.1116510907773,-32.811165109077734,0.0,0.0,514.3023210153046,43.35747481878505,1186.1906699245274,46.21448827310746,0.0
2063,-317.44675666364674,-31.744675666364675,10.664894427130548,1.5873015873015817,503.6374265881741,42.458387117495924,1186.1906699245274,46.21448827310746,0.0
2064,-296.11696780938564,-29.61169678093857,21.329788854261096,3.125,482.307637733913,40.660211714917665,1186.1906699245274,46.21448827310746,0.0
2065,-257.0123820321362,-25.701238203213617,39.10458577724944,5.555551702325978,443.20305195666356,37.36355909668914,1186.1906699245274,78.209171554499,0.0
2066,-217.9077148881995,-21.79077148881995,39.104667143936695,5.263165387720914,404.09838481272686,34.06689961896582,1186.1906699245274,117.31383869843569,0.0
2067,-239.2375037424605,-23.923750374246044,-21.329788854260983,-2.727272632693456,425.42817366698785,35.865075021544065,1186.1906699245274,117.31383869843569,0.0
2068,-239.2375037424605,-23.923750374246044,0.0,0.0,425.42817366698785,35.865075021544065,1186.1906699245274,117.31383869843569,0.0
2069,-249.90239816959104,-24.990239816959104,-10.664894427130548,-1.4018691088999446,436.0930680941184,36.76416272283319,1186.1906699245274,117.31383869843569,0.0
2070,-246.34748760500565,-24.634748760500567,3.5549105645853842,0.47392640049916945,432.538157529533,36.46447139540001,1186.1906699245274,117.31383869843569,0.0
2071,-289.00706531352773,-28.90070653135277,-42.65957770852208,-5.660377562194596,475.1977352380551,40.060822200556515,1186.1906699245274,117.31383869843569,0.0
2072,-296.11696780938564,-29.61169678093857,-7.109902495857909,-0.9999962234495618,482.307637733913,40.660211714917665,1186.1906699245274,117.31383869843569,0.0
2073,-271.96095483682825,-27.196095483682825,24.15601297255739,3.431822031194498,458.1516247613556,38.623775787286036,1186.1906699245274,117.31383869843569,0.0
2074,-272.68826657025795,-27.26882665702579,-0.7273117334297012,-0.09990009990009652,458.8789364947853,38.68509069658944,1186.1906699245274,0.0,0.0
2075,-269.1746565104613,-26.917465651046136,3.5136100597966333,0.4830954731374515,455.3653264349887,38.38888114538633,1186.1906699245274,3.5136100597966333,0.0
2076,-279.71540627031266,-27.971540627031267,-10.540749759851337,-1.4423076394041612,465.90607619484,39.2775030193488,1186.1906699245274,3.5136100597966333,-7.027139700054704
2077,-279.71540627031266,-27.971540627031267,0.0,0.0,465.90607619484,39.2775030193488,1186.1906699245274,3.5136100597966333,-7.027139700054704
2078,-272.68826657025795,-27.26882665702579,7.027139700054704,0.9756059981330001,458.8789364947853,38.68509069658944,1186.1906699245274,3.5136100597966333,-7.027139700054704
2079,-269.1746565104613,-26.917465651046136,3.5136100597966333,0.4830954731374515,455.3653264349887,38.38888114538633,1186.1906699245274,3.5136100597966333,-7.027139700054704
2080,-258.63390675061,-25.863390675060995,10.540749759851337,1.4423076394041612,444.82457667513734,37.50025927142386,1186.1906699245274,14.05435981964797,-7.027139700054704
2081,-248.09315699075864,-24.809315699075864,10.540749759851337,1.421800896457448,434.283826915286,36.61163739746138,1186.1906699245274,24.595109579499308,-7.027139700054704
2082,-262.1475168104066,-26.21475168104066,-14.05435981964797,-1.8691623770040966,448.33818673493397,37.79646882262697,1186.1906699245274,24.595109579499308,-7.027139700054704
2083,-265.66112687020325,-26.566112687020325,-3.5136100597966333,-0.4761941092354949,451.8517967947306,38.09267837383008,1186.1906699245274,24.595109579499308,-7.027139700054704
2084,-265.66112687020325,-26.566112687020325,0.0,0.0,451.8517967947306,38.09267837383008,1186.1906699245274,24.595109579499308,-7.027139700054704
2085,-255.1203771103519,-25.512037711035195,10.540749759851337,1.4354067509630752,441.31104703487927,37.20405649986761,1186.1906699245274,24.595109579499308,-7.027139700054704
2086,-219.98451777100126,-21.998451777100126,35.135859339350645,4.716984900599952,406.1751876955286,34.24198132677708,1186.1906699245274,52.70374879925669,-7.027139700054704
2087,-198.9030182512986,-19.890301825129864,21.081499519702675,2.7027027027026973,385.09368817582595,32.46473757885214,1186.1906699245274,73.78524831895936,-7.027139700054704
2088,-188.36226849144725,-18.836226849144722,10.540749759851337,1.3157894736842035,374.5529384159746,31.576115704889663,1186.1906699245274,84.3259980788107,-7.027139700054704
2089,-202.41662831109522,-20.24166283110952,-14.05435981964797,-1.7316050343699319,388.6072982356226,32.76094713005525,1186.1906699245274,84.3259980788107,-7.027139700054704
2090,-156.74001921189324,-15.67400192118933,45.67660909920198,5.7268758001411735,342.9306891364206,28.910250083002246,1186.1906699245274,115.94824735836471,-7.027139700054704
2091,-202.41662831109522,-20.24166283110952,-45.67660909920198,-5.4166698455810565,388.6072982356226,32.76094713005525,1186.1906699245274,115.94824735836471,-7.027139700054704
2092,-212.95737807094656,-21.29573780709466,-10.540749759851337,-1.3215859475017688,399.1480479954739,33.64956900401772,1186.1906699245274,115.94824735836471,-7.027139700054704
2093,-195.38940819150196,-19.5389408191502,17.567969879444604,2.2321497451288197,381.5800781160293,32.168528027649025,1186.1906699245274,115.94824735836471,-7.027139700054704
2094,-205.9301579513533,-20.59301579513533,-10.540749759851337,-1.3100436244766867,392.12082787588065,33.057149901611496,1186.1906699245274,115.94824735836471,-7.027139700054704
2095,-230.5252675308526,-23.052526753085257,-24.595109579499308,-3.0973484040201726,416.71593745537996,35.13060320073955,1186.1906699245274,115.94824735836471,-7.027139700054704
2096,-251.60676705055528,-25.16067670505553,-21.081499519702675,-2.73972602739726,437.79743697508263,36.9078469486645,1186.1906699245274,115.94824735836471,-7.027139700054704
2097,-241.06601729070394,-24.106601729070398,10.540749759851337,1.4084507042253502,427.2566872152313,36.01922507470203,1186.1906699245274,115.94824735836471,-7.027139700054704
2098,-241.06601729070394,-24.106601729070398,0.0,0.0,427.2566872152313,36.01922507470203,1186.1906699245274,115.94824735836471,-7.027139700054704
2099,-244.57962735050057,-24.457962735050053,-3.5136100597966333,-0.46296649509005583,430.77029727502793,36.315434625905134,1186.1906699245274,115.94824735836471,-7.027139700054704
2100,-244.57962735050057,-24.457962735050053,0.0,0.0,430.77029727502793,36.315434625905134,1186.1906699245274,115.94824735836471,-7.027139700054704
2101,-230.5252675308526,-23.052526753085257,14.05435981964797,1.8604687308544365,416.71593745537996,35.13060320073955,1186.1906699245274,115.94824735836471,-7.027139700054704
2102,-248.09315699075864,-24.809315699075864,-17.56788945990604,-2.2831015390892606,434.283826915286,36.61163739746138,1186.1906699245274,115.94824735836471,-7.027139700054704
2103,-244.57962735050057,-24.457962735050053,3.5135296402580707,0.46728257269164075,430.77029727502793,36.315434625905134,1186.1906699245274,115.94824735836471,-7.027139700054704
2104,-248.09315699075864,-24.809315699075864,-3.5135296402580707,-0.4651091984632316,434.283826915286,36.61163739746138,1186.1906699245274,115.94824735836471,-7.027139700054704
2105,-276.2018766300546,-27.620187663005456,-28.10871963929594,-3.738324754008182,462.39254655458194,38.981300247792554,1186.1906699245274,115.94824735836471,-7.027139700054704
2106,-251.60676705055528,-25.16067670505553,24.595109579499308,3.398062081867037,437.79743697508263,36.9078469486645,1186.1906699245274,115.94824735836471,-7.027139700054704
2107,-251.60676705055528,-25.16067670505553,0.0,0.0,437.79743697508263,36.9078469486645,1186.1906699245274,115.94824735836471,-7.027139700054704
2108,-248.09315699075864,-24.809315699075864,3.5136100597966333,0.469487149950476,434.283826915286,36.61163739746138,1186.1906699245274,115.94824735836471,-7.027139700054704
2109,-244.57962735050057,-24.457962735050053,3.5135296402580707,0.46728257269164075,430.77029727502793,36.315434625905134,1186.1906699245274,115.94824735836471,-7.027139700054704
2110,-237.5524072309073,-23.755240723090733,7.027220119593267,0.9302396882608033,423.74307715543466,35.723015523498916,1186.1906699245274,115.94824735836471,-7.027139700054704
2111,-248.09315699075864,-24.809315699075864,-10.540749759851337,-1.3824884306564589,434.283826915286,36.61163739746138,1186.1906699245274,115.94824735836471,-7.027139700054704
2112,-269.1746565104613,-26.917465651046136,-21.081499519702675,-2.8037382177998893,455.3653264349887,38.38888114538633,1186.1906699245274,115.94824735836471,-7.027139700054704
2113,-279.71540627031266,-27.971540627031267,-10.540749759851337,-1.4423076394041612,465.90607619484,39.2775030193488,1186.1906699245274,115.94824735836471,-7.027139700054704
2114,-297.28337614975726,-29.72833761497573,-17.567969879444604,-2.439031742783271,483.4740460742846,40.7585439957175,1186.1906699245274,115.94824735836471,-24.595109579499308
2115,-328.90562542931127,-32.89056254293112,-31.622249279554012,-4.500000171661389,515.0962953538386,43.424409617604915,1186.1906699245274,115.94824735836471,-56.21735885905332
2116,-318.36487566945993,-31.83648756694599,10.540749759851337,1.5706806910122717,504.5555455939873,42.535787743642445,1186.1906699245274,115.94824735836471,-56.21735885905332
2117,-314.8512656096633,-31.485126560966325,3.5136100597966333,0.5154678704750504,501.04193553419066,42.23957819243933,1186.1906699245274,115.94824735836471,-56.21735885905332
2118,-314.8512656096633,-31.485126560966325,0.0,0.0,501.04193553419066,42.23957819243933,1186.1906699245274,115.94824735836471,-56.21735885905332
2119,-304.31051584981196,-30.431051584981194,10.540749759851337,1.538461538461533,490.5011857743393,41.350956318476854,1186.1906699245274,115.94824735836471,-56.21735885905332
2120,-300.79690579001533,-30.07969057900153,3.5136100597966333,0.505054358280077,486.9875757145427,41.05474676727375,1186.1906699245274,115.94824735836471,-56.21735885905332
2121,-318.36487566945993,-31.83648756694599,-17.567969879444604,-2.512570385474955,504.5555455939873,42.535787743642445,1186.1906699245274,115.94824735836471,-56.21735885905332
2122,-311.33765554986667,-31.13376555498667,7.027220119593267,1.0309357409501008,497.528325474394,41.94336864123622,1186.1906699245274,115.94824735836471,-56.21735885905332
2123,-300.79690579001533,-30.07969057900153,10.540749759851337,1.5306121853181365,486.9875757145427,41.05474676727375,1186.1906699245274,115.94824735836471,-56.21735885905332
2124,-311.33765554986667,-31.13376555498667,-10.540749759851337,-1.5075376306452282,497.528325474394,41.94336864123622,1186.1906699245274,115.94824735836471,-56.21735885905332
2125,-314.8512656096633,-31.485126560966325,-3.5136100597966333,-0.510207954320796,501.04193553419066,42.23957819243933,1186.1906699245274,115.94824735836471,-56.21735885905332
2126,-304.31051584981196,-30.431051584981194,10.540749759851337,1.538461538461533,490.5011857743393,41.350956318476854,1186.1906699245274,115.94824735836471,-56.21735885905332
2127,-290.256156030164,-29.025615603016398,14.05435981964797,2.020205873431591,476.44682595469135,40.16612489331127,1186.1906699245274,115.94824735836471,-56.21735885905332
2128,-304.31051584981196,-30.431051584981194,-14.05435981964797,-1.9802017219391677,490.5011857743393,41.350956318476854,1186.1906699245274,115.94824735836471,-56.21735885905332
2129,-339.4463751891626,-33.94463751891627,-35.135859339350645,-5.050508903734608,525.63704511369,44.313031491567386,1186.1906699245274,115.94824735836471,-66.75810861890466
2130,-360.5278747088653,-36.05278747088653,-21.081499519702675,-3.1914894912187908,546.7185446333926,46.09027523949233,1186.1906699245274,115.94824735836471,-87.83960813860733
2131,-353.500654589272,-35.350065458927205,7.027220119593267,1.0989095289171358,539.6913245137994,45.49785613708611,1186.1906699245274,115.94824735836471,-87.83960813860733
2132,-349.98712494901395,-34.9987124949014,3.5135296402580707,0.5434699455149294,536.1777948735413,45.20165336552986,1186.1906699245274,115.94824735836471,-87.83960813860733
2133,-332.41915506956934,-33.24191550695693,17.567969879444604,2.7027110621565154,518.6098249940967,43.72061238916116,1186.1906699245274,115.94824735836471,-87.83960813860733
2134,-342.9599048294207,-34.29599048294206,-10.540749759851337,-1.5789473050188851,529.150574753948,44.60923426312364,1186.1906699245274,115.94824735836471,-87.83960813860733
2135,-349.98712494901395,-34.9987124949014,-7.027220119593267,-1.0695268327222673,536.1777948735413,45.20165336552986,1186.1906699245274,115.94824735836471,-87.83960813860733
2136,-342.9599048294207,-34.29599048294206,7.027220119593267,1.081089373659272,529.150574753948,44.60923426312364,1186.1906699245274,115.94824735836471,-87.83960813860733
2137,-342.9599048294207,-34.29599048294206,0.0,0.0,529.150574753948,44.60923426312364,1186.1906699245274,115.94824735836471,-87.83960813860733
2138,-339.4463751891626,-33.94463751891627,3.5135296402580707,0.5347511766912616,525.63704511369,44.313031491567386,1186.1906699245274,115.94824735836471,-87.83960813860733
2139,-353.500654589272,-35.350065458927205,-14.054279400109408,-2.1276515444350386,539.6913245137994,45.49785613708611,1186.1906699245274,115.94824735836471,-87.83960813860733
2140,-353.500654589272,-35.350065458927205,0.0,0.0,539.6913245137994,45.49785613708611,1186.1906699245274,115.94824735836471,-87.83960813860733
2141,-353.500654589272,-35.350065458927205,0.0,0.0,539.6913245137994,45.49785613708611,1186.1906699245274,115.94824735836471,-87.83960813860733
2142,-353.500654589272,-35.350065458927205,0.0,0.0,539.6913245137994,45.49785613708611,1186.1906699245274,115.94824735836471,-87.83960813860733
2143,-381.60937422856796,-38.1609374228568,-28.10871963929594,-4.347834199497624,567.8000441530953,47.86751898741727,1186.1906699245274,115.94824735836471,-108.92110765831
2144,-403.28818287452236,-40.328818287452236,-21.678808645954405,-3.505681965814156,589.4788527990497,49.69511797260688,1186.1906699245274,115.94824735836471,-130.5999163042644
2145,-403.28818287452236,-40.328818287452236,0.0,0.0,589.4788527990497,49.69511797260688,1186.1906699245274,0.0,0.0
2146,-403.28818287452236,-40.328818287452236,0.0,0.0,589.4788527990497,49.69511797260688,1186.1906699245274,0.0,0.0
2147,-403.28818287452236,-40.328818287452236,0.0,0.0,589.4788527990497,49.69511797260688,1186.1906699245274,0.0,0.0
2148,-403.28818287452236,-40.328818287452236,0.0,0.0,589.4788527990497,49.69511797260688,1186.1906699245274,0.0,0.0
2149,-403.28818287452236,-40.328818287452236,0.0,0.0,589.4788527990497,49.69511797260688,1186.1906699245274,0.0,0.0
2150,-403.28818287452236,-40.328818287452236,0.0,0.0,589.4788527990497,49.69511797260688,1186.1906699245274,0.0,0.0
2151,-403.28818287452236,-40.328818287452236,0.0,0.0,589.4788527990497,49.69511797260688,1186.1906699245274,0.0,0.0
2152,-403.28818287452236,-40.328818287452236,0.0,0.0,589.4788527990497,49.69511797260688,1186.1906699245274,0.0,0.0
2153,-403.28818287452236,-40.328818287452236,0.0,0.0,589.4788527990497,49.69511797260688,1186.1906699245274,0.0,0.0
2154,-403.28818287452236,-40.328818287452236,0.0,0.0,589.4788527990497,49.69511797260688,1186.1906699245274,0.0,0.0
2155,-403.28818287452236,-40.328818287452236,0.0,0.0,589.4788527990497,49.69511797260688,1186.1906699245274,0.0,0.0
2156,-403.28818287452236,-40.328818287452236,0.0,0.0,589.4788527990497,49.69511797260688,1186.1906699245274,0.0,0.0
2157,-403.28818287452236,-40.328818287452236,0.0,0.0,589.4788527990497,49.69511797260688,1186.1906699245274,0.0,0.0
2158,-403.28818287452236,-40.328818287452236,0.0,0.0,589.4788527990497,49.69511797260688,1186.1906699245274,0.0,0.0
2159,-403.28818287452236,-40.328818287452236,0.0,0.0,589.4788527990497,49.69511797260688,1186.1906699245274,0.0,0.0
2160,-403.28818287452236,-40.328818287452236,0.0,0.0,589.4788527990497,49.69511797260688,1186.1906699245274,0.0,0.0
2161,-403.28818287452236,-40.328818287452236,0.0,0.0,589.4788527990497,49.69511797260688,1186.1906699245274,0.0,0.0
2162,-403.28818287452236,-40.328818287452236,0.0,0.0,589.4788527990497,49.69511797260688,1186.1906699245274,0.0,0.0
2163,-403.28818287452236,-40.328818287452236,0.0,0.0,589.4788527990497,49.69511797260688,1186.1906699245274,0.0,0.0
2164,-403.28818287452236,-40.328818287452236,0.0,0.0,589.4788527990497,49.69511797260688,1186.1906699245274,0.0,0.0
2165,-403.28818287452236,-40.328818287452236,0.0,0.0,589.4788527990497,49.69511797260688,1186.1906699245274,0.0,0.0
2166,-403.28818287452236,-40.328818287452236,0.0,0.0,589.4788527990497,49.69511797260688,1186.1906699245274,0.0,0.0
2167,-403.28818287452236,-40.328818287452236,0.0,0.0,589.4788527990497,49.69511797260688,1186.1906699245274,0.0,0.0
2168,-403.28818287452236,-40.328818287452236,0.0,0.0,589.4788527990497,49.69511797260688,1186.1906699245274,0.0,0.0
2169,-403.28818287452236,-40.328818287452236,0.0,0.0,589.4788527990497,49.69511797260688,1186.1906699245274,0.0,0.0
2170,-403.28818287452236,-40.328818287452236,0.0,0.0,589.4788527990497,49.69511797260688,1186.1906699245274,0.0,0.0
2171,-403.28818287452236,-40.328818287452236,0.0,0.0,589.4788527990497,49.69511797260688,1186.1906699245274,0.0,0.0
2172,-403.28818287452236,-40.328818287452236,0.0,0.0,589.4788527990497,49.69511797260688,1186.1906699245274,0.0,0.0
2173,-403.28818287452236,-40.328818287452236,0.0,0.0,589.4788527990497,49.69511797260688,1186.1906699245274,0.0,0.0
2174,-403.28818287452236,-40.328818287452236,0.0,0.0,589.4788527990497,49.69511797260688,1186.1906699245274,0.0,0.0
2175,-403.28818287452236,-40.328818287452236,0.0,0.0,589.4788527990497,49.69511797260688,1186.1906699245274,0.0,0.0
2176,-403.28818287452236,-40.328818287452236,0.0,0.0,589.4788527990497,49.69511797260688,1186.1906699245274,0.0,0.0
2177,-403.28818287452236,-40.328818287452236,0.0,0.0,589.4788527990497,49.69511797260688,1186.1906699245274,0.0,0.0
2178,-403.28818287452236,-40.328818287452236,0.0,0.0,589.4788527990497,49.69511797260688,1186.1906699245274,0.0,0.0
2179,-403.28818287452236,-40.328818287452236,0.0,0.0,589.4788527990497,49.69511797260688,1186.1906699245274,0.0,0.0
2180,-403.28818287452236,-40.328818287452236,0.0,0.0,589.4788527990497,49.69511797260688,1186.1906699245274,0.0,0.0
2181,-403.28818287452236,-40.328818287452236,0.0,0.0,589.4788527990497,49.69511797260688,1186.1906699245274,0.0,0.0
2182,-403.28818287452236,-40.328818287452236,0.0,0.0,589.4788527990497,49.69511797260688,1186.1906699245274,0.0,0.0
2183,-403.28818287452236,-40.328818287452236,0.0,0.0,589.4788527990497,49.69511797260688,1186.1906699245274,0.0,0.0
2184,-403.28818287452236,-40.328818287452236,0.0,0.0,589.4788527990497,49.69511797260688,1186.1906699245274,0.0,0.0
2185,-403.28818287452236,-40.328818287452236,0.0,0.0,589.4788527990497,49.69511797260688,1186.1906699245274,0.0,0.0
2186,-403.28818287452236,-40.328818287452236,0.0,0.0,589.4788527990497,49.69511797260688,1186.1906699245274,0.0,0.0
2187,-403.28818287452236,-40.328818287452236,0.0,0.0,589.4788527990497,49.69511797260688,1186.1906699245274,0.0,0.0
2188,-403.28818287452236,-40.328818287452236,0.0,0.0,589.4788527990497,49.69511797260688,1186.1906699245274,0.0,0.0
2189,-403.28818287452236,-40.328818287452236,0.0,0.0,589.4788527990497,49.69511797260688,1186.1906699245274,0.0,0.0
2190,-403.28818287452236,-40.328818287452236,0.0,0.0,589.4788527990497,49.69511797260688,1186.1906699245274,0.0,0.0
2191,-403.28818287452236,-40.328818287452236,0.0,0.0,589.4788527990497,49.69511797260688,1186.1906699245274,0.0,0.0
2192,-403.28818287452236,-40.328818287452236,0.0,0.0,589.4788527990497,49.69511797260688,1186.1906699245274,0.0,0.0
2193,-403.28818287452236,-40.328818287452236,0.0,0.0,589.4788527990497,49.69511797260688,1186.1906699245274,0.0,0.0
2194,-403.28818287452236,-40.328818287452236,0.0,0.0,589.4788527990497,49.69511797260688,1186.1906699245274,0.0,0.0
2195,-403.28818287452236,-40.328818287452236,0.0,0.0,589.4788527990497,49.69511797260688,1186.1906699245274,0.0,0.0
2196,-403.28818287452236,-40.328818287452236,0.0,0.0,589.4788527990497,49.69511797260688,1186.1906699245274,0.0,0.0
2197,-403.28818287452236,-40.328818287452236,0.0,0.0,589.4788527990497,49.69511797260688,1186.1906699245274,0.0,0.0
2198,-403.28818287452236,-40.328818287452236,0.0,0.0,589.4788527990497,49.69511797260688,1186.1906699245274,0.0,0.0
2199,-403.28818287452236,-40.328818287452236,0.0,0.0,589.4788527990497,49.69511797260688,1186.1906699245274,0.0,0.0
2200,-403.28818287452236,-40.328818287452236,0.0,0.0,589.4788527990497,49.69511797260688,1186.1906699245274,0.0,0.0
2201,-403.28818287452236,-40.328818287452236,0.0,0.0,589.4788527990497,49.69511797260688,1186.1906699245274,0.0,0.0
2202,-403.28818287452236,-40.328818287452236,0.0,0.0,589.4788527990497,49.69511797260688,1186.1906699245274,0.0,0.0
2203,-403.28818287452236,-40.328818287452236,0.0,0.0,589.4788527990497,49.69511797260688,1186.1906699245274,0.0,0.0
2204,-403.28818287452236,-40.328818287452236,0.0,0.0,589.4788527990497,49.69511797260688,1186.1906699245274,0.0,0.0
2205,-403.28818287452236,-40.328818287452236,0.0,0.0,589.4788527990497,49.69511797260688,1186.1906699245274,0.0,0.0
2206,-403.28818287452236,-40.328818287452236,0.0,0.0,589.4788527990497,49.69511797260688,1186.1906699245274,0.0,0.0
2207,-403.28818287452236,-40.328818287452236,0.0,0.0,589.4788527990497,49.69511797260688,1186.1906699245274,0.0,0.0
2208,-403.28818287452236,-40.328818287452236,0.0,0.0,589.4788527990497,49.69511797260688,1186.1906699245274,0.0,0.0
2209,-403.28818287452236,-40.328818287452236,0.0,0.0,589.4788527990497,49.69511797260688,1186.1906699245274,0.0,0.0
2210,-403.28818287452236,-40.328818287452236,0.0,0.0,589.4788527990497,49.69511797260688,1186.1906699245274,0.0,0.0
2211,-403.28818287452236,-40.328818287452236,0.0,0.0,589.4788527990497,49.69511797260688,1186.1906699245274,0.0,0.0
2212,-403.28818287452236,-40.328818287452236,0.0,0.0,589.4788527990497,49.69511797260688,1186.1906699245274,0.0,0.0
2213,-403.28818287452236,-40.328818287452236,0.0,0.0,589.4788527990497,49.69511797260688,1186.1906699245274,0.0,0.0
2214,-403.28818287452236,-40.328818287452236,0.0,0.0,589.4788527990497,49.69511797260688,1186.1906699245274,0.0,0.0
2215,-403.28818287452236,-40.328818287452236,0.0,0.0,589.4788527990497,49.69511797260688,1186.1906699245274,0.0,0.0
2216,-403.28818287452236,-40.328818287452236,0.0,0.0,589.4788527990497,49.69511797260688,1186.1906699245274,0.0,0.0
2217,-403.28818287452236,-40.328818287452236,0.0,0.0,589.4788527990497,49.69511797260688,1186.1906699245274,0.0,0.0
2218,-403.28818287452236,-40.328818287452236,0.0,0.0,589.4788527990497,49.69511797260688,1186.1906699245274,0.0,0.0
2219,-403.28818287452236,-40.328818287452236,0.0,0.0,589.4788527990497,49.69511797260688,1186.1906699245274,0.0,0.0
2220,-403.28818287452236,-40.328818287452236,0.0,0.0,589.4788527990497,49.69511797260688,1186.1906699245274,0.0,0.0
2221,-403.28818287452236,-40.328818287452236,0.0,0.0,589.4788527990497,49.69511797260688,1186.1906699245274,0.0,0.0
2222,-403.28818287452236,-40.328818287452236,0.0,0.0,589.4788527990497,49.69511797260688,1186.1906699245274,0.0,0.0
2223,-403.28818287452236,-40.328818287452236,0.0,0.0,589.4788527990497,49.69511797260688,1186.1906699245274,0.0,0.0
2224,-403.28818287452236,-40.328818287452236,0.0,0.0,589.4788527990497,49.69511797260688,1186.1906699245274,0.0,0.0
2225,-403.28818287452236,-40.328818287452236,0.0,0.0,589.4788527990497,49.69511797260688,1186.1906699245274,0.0,0.0
2226,-403.28818287452236,-40.328818287452236,0.0,0.0,589.4788527990497,49.69511797260688,1186.1906699245274,0.0,0.0
2227,-403.28818287452236,-40.328818287452236,0.0,0.0,589.4788527990497,49.69511797260688,1186.1906699245274,0.0,0.0
2228,-403.28818287452236,-40.328818287452236,0.0,0.0,589.4788527990497,49.69511797260688,1186.1906699245274,0.0,0.0
2229,-403.28818287452236,-40.328818287452236,0.0,0.0,589.4788527990497,49.69511797260688,1186.1906699245274,0.0,0.0
2230,-403.28818287452236,-40.328818287452236,0.0,0.0,589.4788527990497,49.69511797260688,1186.1906699245274,0.0,0.0
2231,-403.28818287452236,-40.328818287452236,0.0,0.0,589.4788527990497,49.69511797260688,1186.1906699245274,0.0,0.0
2232,-403.28818287452236,-40.328818287452236,0.0,0.0,589.4788527990497,49.69511797260688,1186.1906699245274,0.0,0.0
2233,-403.28818287452236,-40.328818287452236,0.0,0.0,589.4788527990497,49.69511797260688,1186.1906699245274,0.0,0.0
2234,-403.28818287452236,-40.328818287452236,0.0,0.0,589.4788527990497,49.69511797260688,1186.1906699245274,0.0,0.0
2235,-403.28818287452236,-40.328818287452236,0.0,0.0,589.4788527990497,49.69511797260688,1186.1906699245274,0.0,0.0
2236,-403.28818287452236,-40.328818287452236,0.0,0.0,589.4788527990497,49.69511797260688,1186.1906699245274,0.0,0.0
2237,-403.28818287452236,-40.328818287452236,0.0,0.0,589.4788527990497,49.69511797260688,1186.1906699245274,0.0,0.0
2238,-403.28818287452236,-40.328818287452236,0.0,0.0,589.4788527990497,49.69511797260688,1186.1906699245274,0.0,0.0
2239,-403.28818287452236,-40.328818287452236,0.0,0.0,589.4788527990497,49.69511797260688,1186.1906699245274,0.0,0.0
2240,-403.88429857594633,-40.38842985759463,-0.5961157014239689,-0.09990009990008542,590.0749685004737,49.74537260000687,1186.1906699245274,0.0,0.0
2241,-403.88429857594633,-40.38842985759463,0.0,0.0,590.0749685004737,49.74537260000687,1186.1906699245274,0.0,0.0
2242,-421.41708735761085,-42.141708735761085,-17.53278878166452,-2.9411721147053593,607.6077572821382,51.22344768744455,1186.1906699245274,0.0,-17.53278878166452
2243,-424.9236772174878,-42.49236772174878,-3.5065898598769536,-0.6060652299360814,611.1143471420152,51.51906541137252,1186.1906699245274,0.0,-21.039378641541475
2244,-445.96305585902917,-44.59630558590292,-21.03937864154136,-3.658536755563524,632.1537257835565,53.292758222738165,1186.1906699245274,0.0,-42.07875728308284
2245,-459.98925478081674,-45.998925478081674,-14.026198921787568,-2.531636034404716,646.1799247053441,54.47521558624786,1186.1906699245274,0.0,-56.104956204870405
2246,-470.5089441015874,-47.05089441015874,-10.51968932077068,-1.9480518515424872,656.6996140261148,55.36206199193069,1186.1906699245274,0.0,-66.62464552564109
2247,-481.0286334223581,-48.102863342235814,-10.51968932077068,-1.9867548665050472,667.2193033468855,56.24890839761352,1186.1906699245274,0.0,-77.14433484641177
2248,-481.0286334223581,-48.102863342235814,0.0,0.0,667.2193033468855,56.24890839761352,1186.1906699245274,0.0,-77.14433484641177
2249,-459.98925478081674,-45.998925478081674,21.03937864154136,4.054053845067718,646.1799247053441,54.47521558624786,1186.1906699245274,0.0,-77.14433484641177
2250,-470.5089441015874,-47.05089441015874,-10.51968932077068,-1.9480518515424872,656.6996140261148,55.36206199193069,1186.1906699245274,0.0,-77.14433484641177
2251,-488.04181314211206,-48.804181314211206,-17.532869040524645,-3.3112682159995632,674.2324830666394,56.84014384546947,1186.1906699245274,0.0,-84.15751456616573
2252,-474.01553396146437,-47.40155339614643,14.026279180647691,2.7397313961777137,660.2062038859917,55.65767971585866,1186.1906699245274,0.0,-84.15751456616573
2253,-470.5089441015874,-47.05089441015874,3.5065898598769536,0.6666717529296928,656.6996140261148,55.36206199193069,1186.1906699245274,0.0,-84.15751456616573
2254,-488.04181314211206,-48.804181314211206,-17.532869040524645,-3.3112682159995632,674.2324830666394,56.84014384546947,1186.1906699245274,0.0,-84.15751456616573
2255,-491.54832274312884,-49.15483227431289,-3.5065096010167736,-0.684921091415247,677.7389926676562,57.135754803296344,1186.1906699245274,0.0,-87.6640241671825
2256,-488.04181314211206,-48.804181314211206,3.5065096010167736,0.6896446128243028,674.2324830666394,56.84014384546947,1186.1906699245274,0.0,-87.6640241671825
2257,-495.0549126030058,-49.50549126030058,-7.013099460893727,-1.3698578596693989,681.2455825275331,57.431372527224326,1186.1906699245274,0.0,-91.17061402705946
2258,-474.01553396146437,-47.40155339614643,21.03937864154142,4.166666666666674,660.2062038859917,55.65767971585866,1186.1906699245274,0.0,-91.17061402705946
2259,-484.53522328223505,-48.45352232822351,-10.51968932077068,-1.9999999999999907,670.7258932067624,56.544526121541494,1186.1906699245274,0.0,-91.17061402705946
2260,-481.5476047889357,-48.154760478893564,2.987618493299351,0.5795970216089463,667.738274713463,56.2926594892159,1186.1906699245274,0.0,-91.17061402705946
2261,-481.5476047889357,-48.154760478893564,0.0,0.0,667.738274713463,56.2926594892159,1186.1906699245274,0.0,0.0
2262,-482.0655392496859,-48.20655392496859,-0.5179344607502117,-0.09990009990008542,668.2562091742133,56.33632316604984,1186.1906699245274,0.0,0.0
2263,-482.0655392496859,-48.20655392496859,0.0,0.0,668.2562091742133,56.33632316604984,1186.1906699245274,0.0,0.0
2264,-482.0655392496859,-48.20655392496859,0.0,0.0,668.2562091742133,56.33632316604984,1186.1906699245274,0.0,0.0
2265,-482.0655392496859,-48.20655392496859,0.0,0.0,668.2562091742133,56.33632316604984,1186.1906699245274,0.0,0.0
2266,-482.0655392496859,-48.20655392496859,0.0,0.0,668.2562091742133,56.33632316604984,1186.1906699245274,0.0,0.0
2267,-482.0655392496859,-48.20655392496859,0.0,0.0,668.2562091742133,56.33632316604984,1186.1906699245274,0.0,0.0
2268,-489.1122397257015,-48.91122397257015,-7.046700476015587,-1.3605390276227758,675.3029096502289,56.930384530270814,1186.1906699245274,0.0,-7.046700476015587
2269,-485.58892980939106,-48.558892980939106,3.5233099163104384,0.6896446128243028,671.7795997339184,56.63335724741968,1186.1906699245274,0.0,-7.046700476015587
2270,-492.6356302854066,-49.26356302854066,-7.0467004760155305,-1.3698578596693989,678.826300209934,57.22741861164066,1186.1906699245274,0.0,-10.57009103572068
2271,-499.6823307614222,-49.96823307614222,-7.046700476015587,-1.3888835906982533,685.8730006859496,57.821479975861635,1186.1906699245274,0.0,-17.616791511736267
2272,-489.1122397257015,-48.91122397257015,10.57009103572068,2.1126759428278907,675.3029096502289,56.930384530270814,1186.1906699245274,0.0,-17.616791511736267
2273,-482.0655392496859,-48.20655392496859,7.046700476015587,1.3793050106019722,668.2562091742133,56.33632316604984,1186.1906699245274,0.0,-17.616791511736267
2274,-485.58892980939106,-48.558892980939106,-3.523390559705149,-0.6802772989078498,671.7795997339184,56.63335724741968,1186.1906699245274,0.0,-17.616791511736267
2275,-482.58347371043624,-48.25834737104362,3.0054560989548236,0.5842518314858935,668.7741436349636,56.37998684288379,1186.1906699245274,0.0,-17.616791511736267
2276,-482.58347371043624,-48.25834737104362,0.0,0.0,668.7741436349636,56.37998684288379,1186.1906699245274,0.0,0.0
2277,-482.58347371043624,-48.25834737104362,0.0,0.0,668.7741436349636,56.37998684288379,1186.1906699245274,0.0,0.0
2278,-482.58347371043624,-48.25834737104362,0.0,0.0,668.7741436349636,56.37998684288379,1186.1906699245274,0.0,0.0
2279,-482.58347371043624,-48.25834737104362,0.0,0.0,668.7741436349636,56.37998684288379,1186.1906699245274,0.0,0.0
2280,-482.58347371043624,-48.25834737104362,0.0,0.0,668.7741436349636,56.37998684288379,1186.1906699245274,0.0,0.0
2281,-482.58347371043624,-48.25834737104362,0.0,0.0,668.7741436349636,56.37998684288379,1186.1906699245274,0.0,0.0
2282,-482.58347371043624,-48.25834737104362,0.0,0.0,668.7741436349636,56.37998684288379,1186.1906699245274,0.0,0.0
2283,-482.58347371043624,-48.25834737104362,0.0,0.0,668.7741436349636,56.37998684288379,1186.1906699245274,0.0,0.0
2284,-482.58347371043624,-48.25834737104362,0.0,0.0,668.7741436349636,56.37998684288379,1186.1906699245274,0.0,0.0
2285,-483.1003733370991,-48.31003733370991,-0.5168996266628483,-0.09990009990008542,669.2910432616264,56.42356327960418,1186.1906699245274,0.0,0.0
2286,-464.5068909786364,-46.45068909786364,18.593482358462666,3.5971166159476597,650.6975609031638,54.8560680336969,1186.1906699245274,18.593482358462666,0.0
2287,-460.7881604612089,-46.0788160461209,3.7187305174275025,0.6944497426350837,646.9788303857363,54.542566114341554,1186.1906699245274,22.312212875890168,0.0
2288,-468.22562149606404,-46.822562149606405,-7.437461034855119,-1.37932079555535,654.4162914205914,55.16956995305227,1186.1906699245274,22.312212875890168,0.0
2289,-471.94426689915406,-47.1944266899154,-3.7186454030900222,-0.6992900661276447,658.1349368236814,55.483064696972875,1186.1906699245274,22.312212875890168,0.0
2290,-449.6320540232639,-44.96320540232639,22.312212875890168,4.225351885655804,635.8227239477912,53.60206753171024,1186.1906699245274,33.468319313835195,0.0
2291,-445.91340862017387,-44.59134086201739,3.7186454030900222,0.6756653308525262,632.1040785447012,53.28857278778963,1186.1906699245274,37.18696471692522,0.0
2292,-445.91340862017387,-44.59134086201739,0.0,0.0,632.1040785447012,53.28857278778963,1186.1906699245274,37.18696471692522,0.0
2293,-449.6320540232639,-44.96320540232639,-3.7186454030900222,-0.6711307331638494,635.8227239477912,53.60206753171024,1186.1906699245274,37.18696471692522,0.0
2294,-449.6320540232639,-44.96320540232639,0.0,0.0,635.8227239477912,53.60206753171024,1186.1906699245274,37.18696471692522,0.0
2295,-450.18242196924064,-45.018242196924064,-0.5503679459767454,-0.10000000000000009,636.373091893768,53.64846546417853,1186.1906699245274,37.18696471692522,0.0
2296,-450.18242196924064,-45.018242196924064,0.0,0.0,636.373091893768,53.64846546417853,1186.1906699245274,0.0,0.0
2297,-450.18242196924064,-45.018242196924064,0.0,0.0,636.373091893768,53.64846546417853,1186.1906699245274,0.0,0.0
2298,-450.18242196924064,-45.018242196924064,0.0,0.0,636.373091893768,53.64846546417853,1186.1906699245274,0.0,0.0
2299,-450.18242196924064,-45.018242196924064,0.0,0.0,636.373091893768,53.64846546417853,1186.1906699245274,0.0,0.0
2300,-450.18242196924064,-45.018242196924064,0.0,0.0,636.373091893768,53.64846546417853,1186.1906699245274,0.0,0.0
2301,-450.18242196924064,-45.018242196924064,0.0,0.0,636.373091893768,53.64846546417853,1186.1906699245274,0.0,0.0
2302,-450.18242196924064,-45.018242196924064,0.0,0.0,636.373091893768,53.64846546417853,1186.1906699245274,0.0,0.0
2303,-450.18242196924064,-45.018242196924064,0.0,0.0,636.373091893768,53.64846546417853,1186.1906699245274,0.0,0.0
2304,-450.18242196924064,-45.018242196924064,0.0,0.0,636.373091893768,53.64846546417853,1186.1906699245274,0.0,0.0
2305,-450.18242196924064,-45.018242196924064,0.0,0.0,636.373091893768,53.64846546417853,1186.1906699245274,0.0,0.0
2306,-450.18242196924064,-45.018242196924064,0.0,0.0,636.373091893768,53.64846546417853,1186.1906699245274,0.0,0.0
2307,-450.18242196924064,-45.018242196924064,0.0,0.0,636.373091893768,53.64846546417853,1186.1906699245274,0.0,0.0
2308,-450.18242196924064,-45.018242196924064,0.0,0.0,636.373091893768,53.64846546417853,1186.1906699245274,0.0,0.0
2309,-450.18242196924064,-45.018242196924064,0.0,0.0,636.373091893768,53.64846546417853,1186.1906699245274,0.0,0.0
2310,-450.18242196924064,-45.018242196924064,0.0,0.0,636.373091893768,53.64846546417853,1186.1906699245274,0.0,0.0
2311,-450.18242196924064,-45.018242196924064,0.0,0.0,636.373091893768,53.64846546417853,1186.1906699245274,0.0,0.0
2312,-450.18242196924064,-45.018242196924064,0.0,0.0,636.373091893768,53.64846546417853,1186.1906699245274,0.0,0.0
2313,-450.18242196924064,-45.018242196924064,0.0,0.0,636.373091893768,53.64846546417853,1186.1906699245274,0.0,0.0
2314,-450.18242196924064,-45.018242196924064,0.0,0.0,636.373091893768,53.64846546417853,1186.1906699245274,0.0,0.0
2315,-450.18242196924064,-45.018242196924064,0.0,0.0,636.373091893768,53.64846546417853,1186.1906699245274,0.0,0.0
2316,-450.18242196924064,-45.018242196924064,0.0,0.0,636.373091893768,53.64846546417853,1186.1906699245274,0.0,0.0
2317,-450.18242196924064,-45.018242196924064,0.0,0.0,636.373091893768,53.64846546417853,1186.1906699245274,0.0,0.0
2318,-450.18242196924064,-45.018242196924064,0.0,0.0,636.373091893768,53.64846546417853,1186.1906699245274,0.0,0.0
2319,-450.18242196924064,-45.018242196924064,0.0,0.0,636.373091893768,53.64846546417853,1186.1906699245274,0.0,0.0
2320,-450.18242196924064,-45.018242196924064,0.0,0.0,636.373091893768,53.64846546417853,1186.1906699245274,0.0,0.0
2321,-450.18242196924064,-45.018242196924064,0.0,0.0,636.373091893768,53.64846546417853,1186.1906699245274,0.0,0.0
2322,-450.18242196924064,-45.018242196924064,0.0,0.0,636.373091893768,53.64846546417853,1186.1906699245274,0.0,0.0
2323,-450.18242196924064,-45.018242196924064,0.0,0.0,636.373091893768,53.64846546417853,1186.1906699245274,0.0,0.0
2324,-450.18242196924064,-45.018242196924064,0.0,0.0,636.373091893768,53.64846546417853,1186.1906699245274,0.0,0.0
2325,-450.73169027896165,-45.073169027896164,-0.5492683097210147,-0.09990009990009652,636.922360203489,53.69477069348504,1186.1906699245274,0.0,0.0
2326,-435.55855634383056,-43.55585563438306,15.17313393513109,2.7624266076514026,621.7492262683579,52.41562271838788,1186.1906699245274,15.17313393513109,0.0
2327,-420.38542240869947,-42.038542240869944,15.17313393513109,2.6881679411857373,606.5760923332268,51.13647474329072,1186.1906699245274,30.34626787026218,0.0
2328,-420.38542240869947,-42.038542240869944,0.0,0.0,606.5760923332268,51.13647474329072,1186.1906699245274,30.34626787026218,0.0
2329,-417.3507678387929,-41.735076783879286,3.0346545699065928,0.523564224784967,603.5414377633202,50.880642806077816,1186.1906699245274,33.380922440168774,0.0
2330,-420.38542240869947,-42.038542240869944,-3.0346545699065928,-0.5208373069763073,606.5760923332268,51.13647474329072,1186.1906699245274,33.380922440168774,0.0
2331,-420.38542240869947,-42.038542240869944,0.0,0.0,606.5760923332268,51.13647474329072,1186.1906699245274,33.380922440168774,0.0
2332,-423.42000752140507,-42.34200075214051,-3.0345851127055994,-0.5235522414423044,609.6106774459324,51.392300825019944,1186.1906699245274,33.380922440168774,0.0
2333,-423.42000752140507,-42.34200075214051,0.0,0.0,609.6106774459324,51.392300825019944,1186.1906699245274,33.380922440168774,0.0
2334,-423.42000752140507,-42.34200075214051,0.0,0.0,609.6106774459324,51.392300825019944,1186.1906699245274,33.380922440168774,0.0
2335,-441.62779602644287,-44.162779602644285,-18.207788505037797,-3.1578946100377814,627.8184659509702,52.927280737330015,1186.1906699245274,33.380922440168774,0.0
2336,-441.62779602644287,-44.162779602644285,0.0,0.0,627.8184659509702,52.927280737330015,1186.1906699245274,33.380922440168774,0.0
2337,-438.59321091373727,-43.85932109137373,3.0345851127055994,0.5434699455149294,624.7838808382646,52.67145465560079,1186.1906699245274,33.380922440168774,0.0
2338,-441.62779602644287,-44.162779602644285,-3.0345851127055994,-0.5405323148379937,627.8184659509702,52.927280737330015,1186.1906699245274,33.380922440168774,0.0
2339,-441.62779602644287,-44.162779602644285,0.0,0.0,627.8184659509702,52.927280737330015,1186.1906699245274,33.380922440168774,0.0
2340,-453.76634484886836,-45.376634484886836,-12.138548822425491,-2.173917099748812,639.9570147733957,53.95060263069795,1186.1906699245274,33.380922440168774,-3.0346545699067065
2341,-453.76634484886836,-45.376634484886836,0.0,0.0,639.9570147733957,53.95060263069795,1186.1906699245274,33.380922440168774,-3.0346545699067065
2342,-447.69710516625605,-44.76971051662561,6.069239682612306,1.1111068725585982,633.8877750907834,53.438944611755815,1186.1906699245274,33.380922440168774,-3.0346545699067065
2343,-450.73169027896165,-45.073169027896164,-3.0345851127055994,-0.5494421885329892,636.922360203489,53.69477069348504,1186.1906699245274,33.380922440168774,-3.0346545699067065
2344,-462.87023910138714,-46.287023910138714,-12.138548822425491,-2.209948873363987,649.0609090259145,54.71809258685298,1186.1906699245274,33.380922440168774,-12.138548822425491
2345,-459.83558453148055,-45.983558453148056,3.0346545699065928,0.5649760618048116,646.0262544560079,54.46226064964008,1186.1906699245274,33.380922440168774,-12.138548822425491
2346,-447.69710516625605,-44.76971051662561,12.138479365224498,2.247182342564358,633.8877750907834,53.438944611755815,1186.1906699245274,33.380922440168774,-12.138548822425491
2347,-465.90489367129385,-46.590489367129386,-18.207788505037797,-3.2967034349002944,652.0955635958212,54.973924524065886,1186.1906699245274,33.380922440168774,-15.173203392332198
2348,-462.87023910138714,-46.287023910138714,3.0346545699067065,0.5681861776952957,649.0609090259145,54.71809258685298,1186.1906699245274,33.380922440168774,-15.173203392332198
2349,-484.11268217633153,-48.41126821763315,-21.24244307494439,-3.954806570279401,670.3033521008589,56.50890443637595,1186.1906699245274,33.380922440168774,-33.38099189736988
2350,-465.90489367129385,-46.590489367129386,18.207788505037684,3.529411923101611,652.0955635958212,54.973924524065886,1186.1906699245274,33.380922440168774,-33.38099189736988
2351,-453.76634484886836,-45.376634484886836,12.138548822425491,2.272731706130804,639.9570147733957,53.95060263069795,1186.1906699245274,33.380922440168774,-33.38099189736988
2352,-450.73169027896165,-45.073169027896164,3.0346545699067065,0.5555597941080848,636.922360203489,53.69477069348504,1186.1906699245274,33.380922440168774,-33.38099189736988
2353,-462.87023910138714,-46.287023910138714,-12.138548822425491,-2.209948873363987,649.0609090259145,54.71809258685298,1186.1906699245274,33.380922440168774,-33.38099189736988
2354,-441.62779602644287,-44.162779602644285,21.242443074944276,3.954806570279379,627.8184659509702,52.927280737330015,1186.1906699245274,33.380922440168774,-33.38099189736988
2355,-456.80099941877495,-45.680099941877494,-15.173203392332084,-2.7173994844934324,642.9916693433023,54.206434567910854,1186.1906699245274,33.380922440168774,-33.38099189736988
2356,-453.76634484886836,-45.376634484886836,3.0346545699065928,0.5586635039201981,639.9570147733957,53.95060263069795,1186.1906699245274,33.380922440168774,-33.38099189736988
2357,-447.69710516625605,-44.76971051662561,6.069239682612306,1.1111068725585982,633.8877750907834,53.438944611755815,1186.1906699245274,33.380922440168774,-33.38099189736988
2358,-441.62779602644287,-44.162779602644285,6.0693091398131855,1.0989095289171358,627.8184659509702,52.927280737330015,1186.1906699245274,33.380922440168774,-33.38099189736988
2359,-414.3161132688863,-41.43161132688863,27.311682757556582,4.891304145012554,600.5067831934136,50.62481086886491,1186.1906699245274,36.41557701007537,-33.38099189736988
2360,-399.1429793337552,-39.91429793337552,15.17313393513109,2.590669519664801,585.3336492582825,49.345662893767745,1186.1906699245274,51.58871094520646,-33.38099189736988
2361,-411.2815281561807,-41.128152815618066,-12.138548822425491,-2.0202058734315798,597.472198080708,50.36898478713569,1186.1906699245274,51.58871094520646,-33.38099189736988
2362,-420.38542240869947,-42.038542240869944,-9.103894252518785,-1.546391813391912,606.5760923332268,51.13647474329072,1186.1906699245274,51.58871094520646,-33.38099189736988
2363,-417.3507678387929,-41.735076783879286,3.0346545699065928,0.523564224784967,603.5414377633202,50.880642806077816,1186.1906699245274,51.58871094520646,-33.38099189736988
2364,-426.4546620913118,-42.64546620913118,-9.103894252518899,-1.562500000000011,612.6453320158391,51.64813276223285,1186.1906699245274,51.58871094520646,-33.38099189736988
2365,-429.48931666121837,-42.94893166612184,-3.0346545699065928,-0.5291045658172067,615.6799865857457,51.90396469944575,1186.1906699245274,51.58871094520646,-33.38099189736988
2366,-438.59321091373727,-43.85932109137373,-9.103894252518899,-1.5957447456094065,624.7838808382646,52.67145465560079,1186.1906699245274,51.58871094520646,-33.38099189736988
2367,-438.59321091373727,-43.85932109137373,0.0,0.0,624.7838808382646,52.67145465560079,1186.1906699245274,51.58871094520646,-33.38099189736988
2368,-456.80099941877495,-45.680099941877494,-18.207788505037684,-3.243243376994498,642.9916693433023,54.206434567910854,1186.1906699245274,51.58871094520646,-33.38099189736988
2369,-462.87023910138714,-46.287023910138714,-6.069239682612192,-1.117314221145116,649.0609090259145,54.71809258685298,1186.1906699245274,51.58871094520646,-33.38099189736988
2370,-441.62779602644287,-44.162779602644285,21.242443074944276,3.954806570279379,627.8184659509702,52.927280737330015,1186.1906699245274,51.58871094520646,-33.38099189736988
2371,-417.3507678387929,-41.735076783879286,24.27702818764999,4.347821760267934,603.5414377633202,50.880642806077816,1186.1906699245274,51.58871094520646,-33.38099189736988
2372,-417.3507678387929,-41.735076783879286,0.0,0.0,603.5414377633202,50.880642806077816,1186.1906699245274,51.58871094520646,-33.38099189736988
2373,-423.42000752140507,-42.34200075214051,-6.069239682612192,-1.0416626930236705,609.6106774459324,51.392300825019944,1186.1906699245274,51.58871094520646,-33.38099189736988
2374,-417.3507678387929,-41.735076783879286,6.069239682612192,1.0526275212086045,603.5414377633202,50.880642806077816,1186.1906699245274,51.58871094520646,-33.38099189736988
2375,-405.2122190163674,-40.521221901636736,12.138548822425491,2.0833373069763184,591.4028889408947,49.85732091270987,1186.1906699245274,51.58871094520646,-33.38099189736988
2376,-417.3507678387929,-41.735076783879286,-12.138548822425491,-2.0408201396389325,603.5414377633202,50.880642806077816,1186.1906699245274,51.58871094520646,-33.38099189736988
2377,-408.246873586274,-40.8246873586274,9.103894252518899,1.5625,594.4375435108013,50.11315284992277,1186.1906699245274,51.58871094520646,-33.38099189736988
2378,-405.2122190163674,-40.521221901636736,3.0346545699065928,0.5128244253305159,591.4028889408947,49.85732091270987,1186.1906699245274,51.58871094520646,-33.38099189736988
2379,-411.2815281561807,-41.128152815618066,-6.069309139813299,-1.020415908641592,597.472198080708,50.36898478713569,1186.1906699245274,51.58871094520646,-33.38099189736988
2380,-423.42000752140507,-42.34200075214051,-12.138479365224384,-2.061847885833723,609.6106774459324,51.392300825019944,1186.1906699245274,51.58871094520646,-33.38099189736988
2381,-465.90489367129385,-46.590489367129386,-42.48488614988878,-7.368428787696102,652.0955635958212,54.973924524065886,1186.1906699245274,51.58871094520646,-33.38099189736988
2382,-468.93947878399945,-46.89394787839994,-3.0345851127055994,-0.5681731730449502,655.1301487085268,55.22975060579511,1186.1906699245274,51.58871094520646,-33.38099189736988
2383,-493.2165764288504,-49.32165764288504,-24.277097644850926,-4.571437091437758,679.4072463533778,57.276394392530996,1186.1906699245274,51.58871094520646,-42.48488614988872
2384,-502.3204706813693,-50.23204706813693,-9.103894252518899,-1.7964072676976084,688.5111406058966,58.043884348686014,1186.1906699245274,51.58871094520646,-51.58878040240762
2385,-493.2165764288504,-49.32165764288504,9.103894252518899,1.8292683777817675,679.4072463533778,57.276394392530996,1186.1906699245274,51.58871094520646,-51.58878040240762
2386,-490.1819218589438,-49.018192185894385,3.0346545699065928,0.5988069910657812,676.3725917834711,57.02056245531808,1186.1906699245274,51.58871094520646,-51.58878040240762
2387,-484.11268217633153,-48.41126821763315,6.069239682612249,1.1904716491699219,670.3033521008589,56.50890443637595,1186.1906699245274,51.58871094520646,-51.58878040240762
2388,-487.14726728903713,-48.71472672890371,-3.0345851127055994,-0.5882263447582581,673.3379372135645,56.764730518105175,1186.1906699245274,51.58871094520646,-51.58878040240762
2389,-496.251161541556,-49.6251161541556,-9.103894252518842,-1.7751478488561845,682.4418314660834,57.53222047426022,1186.1906699245274,51.58871094520646,-51.58878040240762
2390,-505.3550557940749,-50.53550557940749,-9.103894252518899,-1.807228832602048,691.5457257186022,58.29971043041525,1186.1906699245274,51.58871094520646,-54.62336551511322
2391,-508.38971036398146,-50.83897103639814,-3.0346545699065928,-0.613501584409859,694.5803802885089,58.555542367628156,1186.1906699245274,51.58871094520646,-57.658020085019814
2392,-508.38971036398146,-50.83897103639814,0.0,0.0,694.5803802885089,58.555542367628156,1186.1906699245274,51.58871094520646,-57.658020085019814
2393,-517.4936046165003,-51.74936046165004,-9.103894252518899,-1.85185185185186,703.6842745410277,59.32303232378319,1186.1906699245274,51.58871094520646,-66.76191433753871
2394,-511.4243649338881,-51.14243649338881,6.069239682612249,1.257856836858795,697.6150348584155,58.81137430484106,1186.1906699245274,51.58871094520646,-66.76191433753871
2395,-499.2858161114626,-49.928581611146264,12.138548822425491,2.4844769061770577,685.47648603599,57.788052411473124,1186.1906699245274,51.58871094520646,-66.76191433753871
2396,-505.3550557940749,-50.53550557940749,-6.069239682612249,-1.2121165882457374,691.5457257186022,58.29971043041525,1186.1906699245274,51.58871094520646,-66.76191433753871
2397,-490.1819218589438,-49.018192185894385,15.17313393513109,3.067479838389775,676.3725917834711,57.02056245531808,1186.1906699245274,51.58871094520646,-66.76191433753871
2398,-475.00878792381263,-47.500878792381265,15.173133935131148,2.9761859348842234,661.19945784834,55.74141448022092,1186.1906699245274,51.58871094520646,-66.76191433753871
2399,-481.07802760642494,-48.10780276064249,-6.069239682612306,-1.1560650050903232,667.2686975309523,56.25307249916306,1186.1906699245274,51.58871094520646,-66.76191433753871
2400,-465.90489367129385,-46.590489367129386,15.17313393513109,2.923972146552911,652.0955635958212,54.973924524065886,1186.1906699245274,51.58871094520646,-66.76191433753871
2401,-453.76634484886836,-45.376634484886836,12.138548822425491,2.272731706130804,639.9570147733957,53.95060263069795,1186.1906699245274,51.58871094520646,-66.76191433753871
2402,-456.80099941877495,-45.680099941877494,-3.0346545699065928,-0.5555597941080626,642.9916693433023,54.206434567910854,1186.1906699245274,51.58871094520646,-66.76191433753871
2403,-429.48931666121837,-42.94893166612184,27.311682757556582,5.027933175196009,615.6799865857457,51.90396469944575,1186.1906699245274,51.58871094520646,-66.76191433753871
2404,-411.87024662802446,-41.18702466280244,17.619070033193907,3.088298001727563,598.0609165525518,50.41861580234854,1186.1906699245274,51.58871094520646,-66.76191433753871
2405,-411.87024662802446,-41.18702466280244,0.0,0.0,598.0609165525518,50.41861580234854,1186.1906699245274,0.0,0.0
2406,-411.87024662802446,-41.18702466280244,0.0,0.0,598.0609165525518,50.41861580234854,1186.1906699245274,0.0,0.0
2407,-411.87024662802446,-41.18702466280244,0.0,0.0,598.0609165525518,50.41861580234854,1186.1906699245274,0.0,0.0
2408,-411.87024662802446,-41.18702466280244,0.0,0.0,598.0609165525518,50.41861580234854,1186.1906699245274,0.0,0.0
2409,-411.87024662802446,-41.18702466280244,0.0,0.0,598.0609165525518,50.41861580234854,1186.1906699245274,0.0,0.0
2410,-411.87024662802446,-41.18702466280244,0.0,0.0,598.0609165525518,50.41861580234854,1186.1906699245274,0.0,0.0
2411,-411.87024662802446,-41.18702466280244,0.0,0.0,598.0609165525518,50.41861580234854,1186.1906699245274,0.0,0.0
2412,-411.87024662802446,-41.18702466280244,0.0,0.0,598.0609165525518,50.41861580234854,1186.1906699245274,0.0,0.0
2413,-411.87024662802446,-41.18702466280244,0.0,0.0,598.0609165525518,50.41861580234854,1186.1906699245274,0.0,0.0
2414,-411.87024662802446,-41.18702466280244,0.0,0.0,598.0609165525518,50.41861580234854,1186.1906699245274,0.0,0.0
2415,-411.87024662802446,-41.18702466280244,0.0,0.0,598.0609165525518,50.41861580234854,1186.1906699245274,0.0,0.0
2416,-411.87024662802446,-41.18702466280244,0.0,0.0,598.0609165525518,50.41861580234854,1186.1906699245274,0.0,0.0
2417,-411.87024662802446,-41.18702466280244,0.0,0.0,598.0609165525518,50.41861580234854,1186.1906699245274,0.0,0.0
2418,-411.87024662802446,-41.18702466280244,0.0,0.0,598.0609165525518,50.41861580234854,1186.1906699245274,0.0,0.0
2419,-411.87024662802446,-41.18702466280244,0.0,0.0,598.0609165525518,50.41861580234854,1186.1906699245274,0.0,0.0
2420,-412.45778883918524,-41.245778883918526,-0.5875422111607804,-0.09990009990009652,598.6484587637126,50.46814765469385,1186.1906699245274,0.0,0.0
2421,-405.5859763261426,-40.55859763261426,6.8718125130426415,1.169586181640625,591.77664625067,49.88882995415251,1186.1906699245274,6.8718125130426415,0.0
2422,-395.278218235602,-39.5278218235602,10.307758090540574,1.7341041227177056,581.4688881601294,49.01985008844539,1186.1906699245274,17.179570603583215,0.0
2423,-395.278218235602,-39.5278218235602,0.0,0.0,581.4688881601294,49.01985008844539,1186.1906699245274,17.179570603583215,0.0
2424,-398.71408517114673,-39.87140851711467,-3.435866935544709,-0.5681731730449502,584.9047550956741,49.30950562382094,1186.1906699245274,17.179570603583215,0.0
2425,-405.5859763261426,-40.55859763261426,-6.871891154995865,-1.142865812340177,591.77664625067,49.88882995415251,1186.1906699245274,17.179570603583215,0.0
2426,-388.40632708060616,-38.84063270806062,17.17964924553644,2.890182357972515,574.5969970051335,48.440525758113814,1186.1906699245274,24.05146175857908,0.0
2427,-395.278218235602,-39.5278218235602,-6.871891154995865,-1.1236040298117311,581.4688881601294,49.01985008844539,1186.1906699245274,24.05146175857908,0.0
2428,-405.5859763261426,-40.55859763261426,-10.307758090540574,-1.7045455284355082,591.77664625067,49.88882995415251,1186.1906699245274,24.05146175857908,0.0
2429,-405.5859763261426,-40.55859763261426,0.0,0.0,591.77664625067,49.88882995415251,1186.1906699245274,24.05146175857908,0.0
2430,-412.45778883918524,-41.245778883918526,-6.8718125130426415,-1.156065005090301,598.6484587637126,50.46814765469385,1186.1906699245274,24.05146175857908,0.0
2431,-433.6402317152463,-43.36402317152462,-21.18244287606103,-3.6052631578947447,619.8309016397736,52.25390127872199,1186.1906699245274,24.05146175857908,-21.18244287606103
2432,-434.20602568955667,-43.420602568955665,-0.5657939743103952,-0.09990009990009652,620.396695614084,52.30159967904295,1186.1906699245274,0.0,0.0
2433,-410.908600309652,-41.0908600309652,23.297425379904666,4.1176517314978955,597.0992702341794,50.33754567233027,1186.1906699245274,23.297425379904666,0.0
2434,-404.8479734795965,-40.48479734795964,6.060626830055526,1.0288092532400261,591.0386434041238,49.826613746821096,1186.1906699245274,29.358052209960192,0.0
2435,-404.8479734795965,-40.48479734795964,0.0,0.0,591.0386434041238,49.826613746821096,1186.1906699245274,0.0,0.0
2436,-404.8479734795965,-40.48479734795964,0.0,0.0,591.0386434041238,49.826613746821096,1186.1906699245274,0.0,0.0
2437,-404.8479734795965,-40.48479734795964,0.0,0.0,591.0386434041238,49.826613746821096,1186.1906699245274,0.0,0.0
2438,-404.8479734795965,-40.48479734795964,0.0,0.0,591.0386434041238,49.826613746821096,1186.1906699245274,0.0,0.0
2439,-404.8479734795965,-40.48479734795964,0.0,0.0,591.0386434041238,49.826613746821096,1186.1906699245274,0.0,0.0
2440,-404.8479734795965,-40.48479734795964,0.0,0.0,591.0386434041238,49.826613746821096,1186.1906699245274,0.0,0.0
2441,-404.8479734795965,-40.48479734795964,0.0,0.0,591.0386434041238,49.826613746821096,1186.1906699245274,0.0,0.0
2442,-404.8479734795965,-40.48479734795964,0.0,0.0,591.0386434041238,49.826613746821096,1186.1906699245274,0.0,0.0
2443,-404.8479734795965,-40.48479734795964,0.0,0.0,591.0386434041238,49.826613746821096,1186.1906699245274,0.0,0.0
2444,-404.8479734795965,-40.48479734795964,0.0,0.0,591.0386434041238,49.826613746821096,1186.1906699245274,0.0,0.0
2445,-404.8479734795965,-40.48479734795964,0.0,0.0,591.0386434041238,49.826613746821096,1186.1906699245274,0.0,0.0
2446,-404.8479734795965,-40.48479734795964,0.0,0.0,591.0386434041238,49.826613746821096,1186.1906699245274,0.0,0.0
2447,-405.4425309486478,-40.54425309486478,-0.594557469051324,-0.09990009990009652,591.6332008731752,49.876737009811286,1186.1906699245274,0.0,0.0
2448,-389.0667195153476,-38.906671951534754,16.375811433300214,2.7542857142857313,575.2573894398749,48.49619913773865,1186.1906699245274,16.375811433300214,0.0
2449,-389.0667195153476,-38.906671951534754,0.0,0.0,575.2573894398749,48.49619913773865,1186.1906699245274,0.0,0.0
2450,-389.0667195153476,-38.906671951534754,0.0,0.0,575.2573894398749,48.49619913773865,1186.1906699245274,0.0,0.0
2451,-389.0667195153476,-38.906671951534754,0.0,0.0,575.2573894398749,48.49619913773865,1186.1906699245274,0.0,0.0
2452,-389.0667195153476,-38.906671951534754,0.0,0.0,575.2573894398749,48.49619913773865,1186.1906699245274,0.0,0.0
2453,-389.0667195153476,-38.906671951534754,0.0,0.0,575.2573894398749,48.49619913773865,1186.1906699245274,0.0,0.0
2454,-389.0667195153476,-38.906671951534754,0.0,0.0,575.2573894398749,48.49619913773865,1186.1906699245274,0.0,0.0
2455,-389.0667195153476,-38.906671951534754,0.0,0.0,575.2573894398749,48.49619913773865,1186.1906699245274,0.0,0.0
2456,-389.0667195153476,-38.906671951534754,0.0,0.0,575.2573894398749,48.49619913773865,1186.1906699245274,0.0,0.0
2457,-389.0667195153476,-38.906671951534754,0.0,0.0,575.2573894398749,48.49619913773865,1186.1906699245274,0.0,0.0
2458,-389.0667195153476,-38.906671951534754,0.0,0.0,575.2573894398749,48.49619913773865,1186.1906699245274,0.0,0.0
2459,-389.67704247287463,-38.96770424728746,-0.6103229575270461,-0.09990009990008542,575.867712397402,48.54765148625239,1186.1906699245274,0.0,0.0
2460,-398.153750216307,-39.81537502163071,-8.476707743432371,-1.3888888888889062,584.3444201408344,49.26226743783222,1186.1906699245274,0.0,-8.476707743432371
2461,-395.3281594111136,-39.53281594111135,2.8255908051934284,0.46948714995049823,581.5188293356409,49.0240603032766,1186.1906699245274,0.0,-8.476707743432371
2462,-381.2003347294424,-38.120033472944236,14.1278246816712,2.336444949695715,567.3910046539697,47.83303553467256,1186.1906699245274,8.476707743432257,-8.476707743432371
2463,-395.3281594111136,-39.53281594111135,-14.1278246816712,-2.2831015390892495,581.5188293356409,49.0240603032766,1186.1906699245274,8.476707743432257,-8.476707743432371
2464,-386.8514516676813,-38.68514516676813,8.476707743432257,1.4018691088999446,573.0421215922087,48.309444351696776,1186.1906699245274,8.476707743432257,-8.476707743432371
2465,-400.9793410215003,-40.097934102150035,-14.127889353819,-2.304154416127213,587.1700109460277,49.500474572387844,1186.1906699245274,8.476707743432257,-11.302298548625686
2466,-400.9793410215003,-40.097934102150035,0.0,0.0,587.1700109460277,49.500474572387844,1186.1906699245274,8.476707743432257,-11.302298548625686
2467,-400.9793410215003,-40.097934102150035,0.0,0.0,587.1700109460277,49.500474572387844,1186.1906699245274,8.476707743432257,-11.302298548625686
2468,-398.153750216307,-39.81537502163071,2.8255908051933147,0.4717017289540104,584.3444201408344,49.26226743783222,1186.1906699245274,8.476707743432257,-11.302298548625686
2469,-409.4560487649326,-40.945604876493256,-11.302298548625572,-1.8779378541758263,595.6467186894599,50.21509052396767,1186.1906699245274,8.476707743432257,-19.779006292057943
2470,-412.2815748979782,-41.22815748979782,-2.825526133045628,-0.47846161613142035,598.4722448225056,50.45329220643625,1186.1906699245274,8.476707743432257,-22.60453242510357
2471,-420.75828264141046,-42.075828264141045,-8.476707743432257,-1.4423076394041612,606.9489525659378,51.16790815801608,1186.1906699245274,8.476707743432257,-31.081240168535828
2472,-423.5838734466039,-42.358387344660386,-2.8255908051934284,-0.48780858155010876,609.7745433711312,51.406115292571705,1186.1906699245274,8.476707743432257,-33.90683097372926
2473,-409.4560487649326,-40.945604876493256,14.127824681671314,2.450976652257597,595.6467186894599,50.21509052396767,1186.1906699245274,8.476707743432257,-33.90683097372926
2474,-392.50263327806795,-39.25026332780679,16.95341548686463,2.8708135019261727,578.6933032025953,48.78585862080801,1186.1906699245274,8.476707743432257,-33.90683097372926
2475,-398.153750216307,-39.81537502163071,-5.651116938239056,-0.9302290425936444,584.3444201408344,49.26226743783222,1186.1906699245274,8.476707743432257,-33.90683097372926
2476,-395.3281594111136,-39.53281594111135,2.8255908051934284,0.46948714995049823,581.5188293356409,49.0240603032766,1186.1906699245274,8.476707743432257,-33.90683097372926
2477,-392.50263327806795,-39.25026332780679,2.825526133045628,0.46728257269164075,578.6933032025953,48.78585862080801,1186.1906699245274,8.476707743432257,-33.90683097372926
2478,-398.153750216307,-39.81537502163071,-5.651116938239056,-0.9302290425936444,584.3444201408344,49.26226743783222,1186.1906699245274,8.476707743432257,-33.90683097372926
2479,-409.4560487649326,-40.945604876493256,-11.302298548625572,-1.8779378541758263,595.6467186894599,50.21509052396767,1186.1906699245274,8.476707743432257,-33.90683097372926
2480,-409.4560487649326,-40.945604876493256,0.0,0.0,595.6467186894599,50.21509052396767,1186.1906699245274,8.476707743432257,-33.90683097372926
2481,-420.75828264141046,-42.075828264141045,-11.302233876477885,-1.9138683670944956,606.9489525659378,51.16790815801608,1186.1906699245274,8.476707743432257,-33.90683097372926
2482,-434.88617199522946,-43.48861719952295,-14.127889353819,-2.439031742783282,621.0768419197568,52.35893837870715,1186.1906699245274,8.476707743432257,-45.20912952235483
2483,-440.5372889334684,-44.05372889334684,-5.651116938238943,-0.9999962234495618,626.7279588579958,52.83534719573135,1186.1906699245274,8.476707743432257,-50.86024646059377
2484,-451.8395874820941,-45.183958748209406,-11.302298548625686,-2.020205873431591,638.0302574066214,53.78817028186681,1186.1906699245274,8.476707743432257,-62.16254500921946
2485,-446.18840587170746,-44.61884058717075,5.6511816103866295,1.0309357409501008,632.3790757962348,53.31175601275557,1186.1906699245274,8.476707743432257,-62.16254500921946
2486,-417.93275650836483,-41.79327565083648,28.255649363342627,5.102032832630998,604.1234264328922,50.92970647554749,1186.1906699245274,8.476707743432257,-62.16254500921946
2487,-406.63045795973926,-40.66304579597393,11.302298548625572,1.941751348319598,592.8211278842666,49.976883389412045,1186.1906699245274,8.476707743432257,-62.16254500921946
2488,-403.80486715454595,-40.3804867154546,2.8255908051933147,0.4761941092354949,589.9955370790733,49.73867625485643,1186.1906699245274,8.476707743432257,-62.16254500921946
2489,-403.80486715454595,-40.3804867154546,0.0,0.0,589.9955370790733,49.73867625485643,1186.1906699245274,8.476707743432257,-62.16254500921946
2490,-398.153750216307,-39.81537502163071,5.651116938238943,0.9478636484782976,584.3444201408344,49.26226743783222,1186.1906699245274,8.476707743432257,-62.16254500921946
2491,-398.153750216307,-39.81537502163071,0.0,0.0,584.3444201408344,49.26226743783222,1186.1906699245274,8.476707743432257,-62.16254500921946
2492,-389.67704247287463,-38.96770424728746,8.476707743432371,1.4084507042253724,575.867712397402,48.54765148625239,1186.1906699245274,8.476707743432257,-62.16254500921946
2493,-378.37474392424906,-37.83747439242491,11.302298548625572,1.8518553839789398,564.5654138487764,47.594828400116945,1186.1906699245274,11.302298548625572,-62.16254500921946
2494,-372.7236269860101,-37.272362698601015,5.651116938238943,0.9090874096580048,558.9142969105375,47.11841958309274,1186.1906699245274,16.953415486864515,-62.16254500921946
2495,-375.54921779120343,-37.55492177912034,-2.8255908051933147,-0.4504538871146546,561.7398877157308,47.35662671764836,1186.1906699245274,16.953415486864515,-62.16254500921946
2496,-341.6423868174742,-34.16423868174741,33.90683097372926,5.4298644408442565,527.8330567420015,44.49816291132904,1186.1906699245274,48.03465565540046,-62.16254500921946
2497,-367.07251004777106,-36.707251004777106,-25.430123230296886,-3.862661070685691,553.2631799722984,46.64201076606852,1186.1906699245274,48.03465565540046,-62.16254500921946
2498,-372.7236269860101,-37.272362698601015,-5.651116938239056,-0.8928537672878711,558.9142969105375,47.11841958309274,1186.1906699245274,48.03465565540046,-62.16254500921946
2499,-378.37474392424906,-37.83747439242491,-5.651116938238943,-0.900897464236694,564.5654138487764,47.594828400116945,1186.1906699245274,48.03465565540046,-62.16254500921946
2500,-392.50263327806795,-39.25026332780679,-14.127889353818887,-2.2727341297241743,578.6933032025953,48.78585862080801,1186.1906699245274,48.03465565540046,-62.16254500921946
2501,-389.67704247287463,-38.96770424728746,2.8255908051933147,0.46511984413040164,575.867712397402,48.54765148625239,1186.1906699245274,48.03465565540046,-62.16254500921946
2502,-443.3628797386617,-44.33628797386617,-53.685837265787086,-8.796299828423393,629.5535496631891,53.073554330286974,1186.1906699245274,48.03465565540046,-62.16254500921946
2503,-412.2815748979782,-41.22815748979782,31.081304840683515,5.583764307003269,598.4722448225056,50.45329220643625,1186.1906699245274,48.03465565540046,-62.16254500921946
2504,-395.3281594111136,-39.53281594111135,16.95341548686463,2.8846152788083224,581.5188293356409,49.0240603032766,1186.1906699245274,48.03465565540046,-62.16254500921946
2505,-395.3281594111136,-39.53281594111135,0.0,0.0,581.5188293356409,49.0240603032766,1186.1906699245274,48.03465565540046,-62.16254500921946
2506,-403.80486715454595,-40.3804867154546,-8.476707743432371,-1.4018691088999558,589.9955370790733,49.73867625485643,1186.1906699245274,48.03465565540046,-62.16254500921946
2507,-403.80486715454595,-40.3804867154546,0.0,0.0,589.9955370790733,49.73867625485643,1186.1906699245274,48.03465565540046,-62.16254500921946
2508,-417.93275650836483,-41.79327565083648,-14.127889353818887,-2.3696753924157155,604.1234264328922,50.92970647554749,1186.1906699245274,48.03465565540046,-62.16254500921946
2509,-415.1071657031715,-41.51071657031715,2.8255908051933147,0.48544061477218126,601.2978356276989,50.691499340991875,1186.1906699245274,48.03465565540046,-62.16254500921946
2510,-412.2815748979782,-41.22815748979782,2.8255908051933147,0.4830954731374515,598.4722448225056,50.45329220643625,1186.1906699245274,48.03465565540046,-62.16254500921946
2511,-409.4560487649326,-40.945604876493256,2.825526133045628,0.48076187717871477,595.6467186894599,50.21509052396767,1186.1906699245274,48.03465565540046,-62.16254500921946
2512,-406.63045795973926,-40.66304579597393,2.8255908051933147,0.4784725674158219,592.8211278842666,49.976883389412045,1186.1906699245274,48.03465565540046,-62.16254500921946
2513,-406.63045795973926,-40.66304579597393,0.0,0.0,592.8211278842666,49.976883389412045,1186.1906699245274,48.03465565540046,-62.16254500921946
2514,-389.67704247287463,-38.96770424728746,16.95341548686463,2.857142857142869,575.867712397402,48.54765148625239,1186.1906699245274,48.03465565540046,-62.16254500921946
2515,-372.7236269860101,-37.272362698601015,16.953415486864515,2.777777777777768,558.9142969105375,47.11841958309274,1186.1906699245274,48.03465565540046,-62.16254500921946
2516,-378.37474392424906,-37.83747439242491,-5.651116938238943,-0.900897464236694,564.5654138487764,47.594828400116945,1186.1906699245274,48.03465565540046,-62.16254500921946
2517,-378.37474392424906,-37.83747439242491,0.0,0.0,564.5654138487764,47.594828400116945,1186.1906699245274,48.03465565540046,-62.16254500921946
2518,-384.0259255346357,-38.40259255346356,-5.6511816103866295,-0.9090978133774463,570.216595459163,48.071242669228184,1186.1906699245274,48.03465565540046,-62.16254500921946
2519,-398.153750216307,-39.81537502163071,-14.127824681671314,-2.2935745621978643,584.3444201408344,49.26226743783222,1186.1906699245274,48.03465565540046,-62.16254500921946
2520,-395.3281594111136,-39.53281594111135,2.8255908051934284,0.46948714995049823,581.5188293356409,49.0240603032766,1186.1906699245274,48.03465565540046,-62.16254500921946
2521,-400.9793410215003,-40.097934102150035,-5.651181610386743,-0.934586536208315,587.1700109460277,49.500474572387844,1186.1906699245274,48.03465565540046,-62.16254500921946
2522,-412.2815748979782,-41.22815748979782,-11.302233876477885,-1.886785323189255,598.4722448225056,50.45329220643625,1186.1906699245274,48.03465565540046,-62.16254500921946
2523,-398.153750216307,-39.81537502163071,14.1278246816712,2.403842397695599,584.3444201408344,49.26226743783222,1186.1906699245274,48.03465565540046,-62.16254500921946
2524,-369.8980361808167,-36.98980361808167,28.255714035490314,4.694839262626549,556.088706105344,46.880212448537115,1186.1906699245274,48.03465565540046,-62.16254500921946
2525,-347.29350375571323,-34.72935037557132,22.604532425103457,3.5874404021997597,533.4841736802406,44.974571728353254,1186.1906699245274,48.03465565540046,-62.16254500921946
2526,-338.81679601228086,-33.881679601228086,8.476707743432371,1.2987012987013102,525.0074659368082,44.259955776773424,1186.1906699245274,50.86024646059377,-62.16254500921946
2527,-336.6552140018805,-33.66552140018805,2.161582010400366,0.3269263340876627,522.8458839264079,44.077726893575594,1186.1906699245274,53.02182847099414,-62.16254500921946
2528,-336.6552140018805,-33.66552140018805,0.0,0.0,522.8458839264079,44.077726893575594,1186.1906699245274,0.0,0.0
2529,-336.6552140018805,-33.66552140018805,0.0,0.0,522.8458839264079,44.077726893575594,1186.1906699245274,0.0,0.0
2530,-336.6552140018805,-33.66552140018805,0.0,0.0,522.8458839264079,44.077726893575594,1186.1906699245274,0.0,0.0
2531,-336.6552140018805,-33.66552140018805,0.0,0.0,522.8458839264079,44.077726893575594,1186.1906699245274,0.0,0.0
2532,-336.6552140018805,-33.66552140018805,0.0,0.0,522.8458839264079,44.077726893575594,1186.1906699245274,0.0,0.0
2533,-336.6552140018805,-33.66552140018805,0.0,0.0,522.8458839264079,44.077726893575594,1186.1906699245274,0.0,0.0
2534,-336.6552140018805,-33.66552140018805,0.0,0.0,522.8458839264079,44.077726893575594,1186.1906699245274,0.0,0.0
2535,-336.6552140018805,-33.66552140018805,0.0,0.0,522.8458839264079,44.077726893575594,1186.1906699245274,0.0,0.0
2536,-336.6552140018805,-33.66552140018805,0.0,0.0,522.8458839264079,44.077726893575594,1186.1906699245274,0.0,0.0
2537,-337.3178961057746,-33.73178961057746,-0.6626821038940989,-0.09990009990008542,523.508566030302,44.1335933002753,1186.1906699245274,0.0,0.0
2538,-326.4095279105478,-32.64095279105478,10.908368195226785,1.6460936746479415,512.6001978350752,43.213979913338044,1186.1906699245274,10.908368195226785,0.0
2539,-323.6824826752894,-32.36824826752894,2.7270452352584016,0.4048521094425883,509.87315259981676,42.9840805131487,1186.1906699245274,13.635413430485187,0.0
2540,-318.22826736864374,-31.822826736864375,5.454215306645665,0.8064577904503656,504.4189372931711,42.524271188650076,1186.1906699245274,19.08962873713085,0.0
2541,-318.22826736864374,-31.822826736864375,0.0,0.0,504.4189372931711,42.524271188650076,1186.1906699245274,19.08962873713085,0.0
2542,-312.7741144800626,-31.277411448006266,5.45415288858112,0.7999969238282167,498.96478440459,42.06446712621143,1186.1906699245274,24.543781625711972,0.0
2543,-299.1387010495773,-29.91387010495773,13.6354134304853,1.9841239565894897,485.3293709741047,40.91495433908482,1186.1906699245274,38.17919505619727,0.0
2544,-323.6824826752894,-32.36824826752894,-24.543781625712086,-3.501945629251857,509.87315259981676,42.9840805131487,1186.1906699245274,38.17919505619727,0.0
2545,-334.5907884524519,-33.45907884524518,-10.908305777162468,-1.6128971226875954,520.7814583769792,43.903688638026,1186.1906699245274,38.17919505619727,0.0
2546,-320.9553750219666,-32.095537502196656,13.6354134304853,2.049177136994129,507.14604494649393,42.75417585089939,1186.1906699245274,38.17919505619727,0.0
2547,-318.22826736864374,-31.822826736864375,2.7271076533228324,0.4016094897166811,504.4189372931711,42.524271188650076,1186.1906699245274,38.17919505619727,0.0
2548,-318.22826736864374,-31.822826736864375,0.0,0.0,504.4189372931711,42.524271188650076,1186.1906699245274,38.17919505619727,0.0
2549,-340.0450037590974,-34.00450037590974,-21.816736390453684,-3.2000060058591906,526.2356736836248,44.36349796252462,1186.1906699245274,38.17919505619727,-2.7271076533228324
2550,-340.0450037590974,-34.00450037590974,0.0,0.0,526.2356736836248,44.36349796252462,1186.1906699245274,38.17919505619727,-2.7271076533228324
2551,-378.2241988152947,-37.82241988152947,-38.17919505619727,-5.785120996683957,564.414868739822,47.582136923715105,1186.1906699245274,38.17919505619727,-40.906302709520105
2552,-380.95130646861753,-38.095130646861755,-2.7271076533228324,-0.43859983745374587,567.1419763931449,47.812041585964415,1186.1906699245274,38.17919505619727,-43.63341036284294
2553,-400.04087278768395,-40.004087278768395,-19.08956631906642,-3.0836938222370547,586.2315427122113,49.42135843552967,1186.1906699245274,38.17919505619727,-62.72297668190936
2554,-383.67835170387593,-38.3678351703876,16.36252108380802,2.727272632693456,569.8690216284033,48.041940986153755,1186.1906699245274,38.17919505619727,-62.72297668190936
2555,-386.40545935719877,-38.64054593571987,-2.7271076533228324,-0.4424812370070308,572.5961292817261,48.271845648403065,1186.1906699245274,38.17919505619727,-62.72297668190936
2556,-410.94924098291085,-41.09492409829109,-24.543781625712086,-4.0000000000000036,597.1399109074382,50.34097182246694,1186.1906699245274,38.17919505619727,-73.63134487713626
2557,-408.222133329588,-40.8222133329588,2.7271076533228324,0.46296649509005583,594.4128032541154,50.11106716021764,1186.1906699245274,38.17919505619727,-73.63134487713626
2558,-402.7679804410068,-40.27679804410068,5.454152888581234,0.9216554379210873,588.9586503655341,49.65126309777898,1186.1906699245274,38.17919505619727,-73.63134487713626
2559,-410.94924098291085,-41.09492409829109,-8.181260541904066,-1.3698630136986356,597.1399109074382,50.34097182246694,1186.1906699245274,38.17919505619727,-73.63134487713626
2560,-408.222133329588,-40.8222133329588,2.7271076533228324,0.46296649509005583,594.4128032541154,50.11106716021764,1186.1906699245274,38.17919505619727,-73.63134487713626
2561,-405.4950880943296,-40.549508809432965,2.7270452352584016,0.4608224451857046,591.685758018857,49.8811677600283,1186.1906699245274,38.17919505619727,-73.63134487713626
2562,-416.40339387149197,-41.6403393871492,-10.908305777162354,-1.8348554500914105,602.5940637960193,50.80077588490559,1186.1906699245274,38.17919505619727,-79.08549776571738
2563,-410.94924098291085,-41.09492409829109,5.45415288858112,0.9345758407957705,597.1399109074382,50.34097182246694,1186.1906699245274,38.17919505619727,-79.08549776571738
2564,-413.67634863623357,-41.36763486362336,-2.7271076533227188,-0.4629664950900447,599.8670185607609,50.570876484716244,1186.1906699245274,38.17919505619727,-79.08549776571738
2565,-410.94924098291085,-41.09492409829109,2.7271076533227188,0.46511984413037943,597.1399109074382,50.34097182246694,1186.1906699245274,38.17919505619727,-79.08549776571738
2566,-419.1305015248148,-41.91305015248148,-8.181260541903953,-1.3888888888888729,605.3211714493422,51.030680547154894,1186.1906699245274,38.17919505619727,-81.81260541904021
2567,-430.0388697200416,-43.00388697200416,-10.908368195226785,-1.8779378541758263,616.229539644569,51.95029393409216,1186.1906699245274,38.17919505619727,-92.720973614267
2568,-421.85760917813764,-42.18576091781377,8.181260541903953,1.4354067509630752,608.048279102665,51.260585209404205,1186.1906699245274,38.17919505619727,-92.720973614267
2569,-402.7679804410068,-40.27679804410068,19.08962873713085,3.3018905100513196,588.9586503655341,49.65126309777898,1186.1906699245274,38.17919505619727,-92.720973614267
2570,-421.85760917813764,-42.18576091781377,-19.08962873713085,-3.1963505157052707,608.048279102665,51.260585209404205,1186.1906699245274,38.17919505619727,-92.720973614267
2571,-438.22013026194566,-43.82201302619456,-16.36252108380802,-2.830188781097298,624.410800186473,52.640002658780126,1186.1906699245274,38.17919505619727,-100.90223415617106
2572,-435.4930226086228,-43.54930226086228,2.7271076533228324,0.48544061477220346,621.6836925331502,52.410097996530816,1186.1906699245274,38.17919505619727,-100.90223415617106
2573,-443.6742831505269,-44.36742831505269,-8.181260541904066,-1.449275362318847,629.8649530750542,53.099806721218776,1186.1906699245274,38.17919505619727,-106.3563870447523
2574,-430.6088308503215,-43.06088308503215,13.06545230020538,2.3485256756053507,616.7995007748489,51.998343640158076,1186.1906699245274,38.17919505619727,-106.3563870447523
2575,-430.6088308503215,-43.06088308503215,0.0,0.0,616.7995007748489,51.998343640158076,1186.1906699245274,0.0,0.0
2576,-430.6088308503215,-43.06088308503215,0.0,0.0,616.7995007748489,51.998343640158076,1186.1906699245274,0.0,0.0
2577,-431.1776531971243,-43.11776531971243,-0.56882234680279,-0.09990009990008542,617.3683231216517,52.04629734281525,1186.1906699245274,0.0,0.0
2578,-423.1282800753296,-42.31282800753296,8.049373121794702,1.4150943905486546,609.318949999857,51.367707186453046,1186.1906699245274,8.049373121794702,0.0
2579,-412.39576210898895,-41.239576210898896,10.732517966340652,1.8604687308544365,598.5864320335163,50.462918585559436,1186.1906699245274,18.781891088135353,0.0
2580,-393.6138710208537,-39.36138710208537,18.78189108813524,3.1963505157052596,579.8045409453811,48.879539828303635,1186.1906699245274,37.56378217627059,0.0
2581,-390.9307875881509,-39.09307875881509,2.6830834327028015,0.4424711094925149,577.1214575126783,48.65334656100425,1186.1906699245274,40.246865608973394,0.0
2582,-393.6138710208537,-39.36138710208537,-2.6830834327028015,-0.4405219272335392,579.8045409453811,48.879539828303635,1186.1906699245274,40.246865608973394,0.0
2583,-388.24764274360496,-38.82476427436049,5.3662282772487515,0.8849523464995457,574.4383126681323,48.42714811647284,1186.1906699245274,42.930010453519344,0.0
2584,-390.9307875881509,-39.09307875881509,-2.68314484454595,-0.43859983745373476,577.1214575126783,48.65334656100425,1186.1906699245274,42.930010453519344,0.0
2585,-390.9307875881509,-39.09307875881509,0.0,0.0,577.1214575126783,48.65334656100425,1186.1906699245274,42.930010453519344,0.0
2586,-404.34638898719436,-40.434638898719435,-13.415601399043453,-2.2026398848694173,590.5370589117217,49.784328429197245,1186.1906699245274,42.930010453519344,0.0
2587,-412.39576210898895,-41.239576210898896,-8.049373121794588,-1.3513513513513375,598.5864320335163,50.462918585559436,1186.1906699245274,42.930010453519344,0.0
2588,-401.6632441426483,-40.16632441426483,10.732517966340652,1.826487502006624,587.8539140671757,49.558129984665825,1186.1906699245274,42.930010453519344,0.0
2589,-388.24764274360496,-38.82476427436049,13.41560139904334,2.2421489684049556,574.4383126681323,48.42714811647284,1186.1906699245274,42.930010453519344,0.0
2590,-393.6138710208537,-39.36138710208537,-5.3662282772487515,-0.8771896362304799,579.8045409453811,48.879539828303635,1186.1906699245274,42.930010453519344,0.0
2591,-396.29701586539966,-39.629701586539966,-2.68314484454595,-0.4424812370070308,582.487685789927,49.10573827283504,1186.1906699245274,42.930010453519344,0.0
2592,-390.9307875881509,-39.09307875881509,5.3662282772487515,0.8888854980468874,577.1214575126783,48.65334656100425,1186.1906699245274,42.930010453519344,0.0
2593,-388.24764274360496,-38.82476427436049,2.68314484454595,0.44053201013412036,574.4383126681323,48.42714811647284,1186.1906699245274,42.930010453519344,0.0
2594,-348.0007771346317,-34.80007771346316,40.24686560897328,6.57894736842104,534.191447059159,45.034197334661854,1186.1906699245274,83.17687606249262,0.0
2595,-342.6345488573829,-34.263454885738284,5.3662282772487515,0.823042127821183,528.8252187819103,44.581805622831055,1186.1906699245274,88.54310433974138,0.0
2596,-350.6839219791776,-35.06839219791777,-8.049373121794702,-1.224489834049458,536.874591903705,45.26039577919326,1186.1906699245274,88.54310433974138,0.0
2597,-364.09952337822097,-36.40995233782209,-13.41560139904334,-2.066112614974114,550.2901933027483,46.39137764738624,1186.1906699245274,88.54310433974138,0.0
2598,-348.0007771346317,-34.80007771346316,16.09874624358929,2.5316455696202445,534.191447059159,45.034197334661854,1186.1906699245274,88.54310433974138,0.0
2599,-337.2682591682909,-33.72682591682909,10.732517966340765,1.6460936746479637,523.4589290928183,44.12940873376823,1186.1906699245274,93.90939402883339,0.0
2600,-339.951404012837,-33.9951404012837,-2.6831448445460637,-0.4048613759134012,526.1420739373643,44.35560717829965,1186.1906699245274,93.90939402883339,0.0
2601,-326.53580261379363,-32.65358026137937,13.41560139904334,2.03251722382336,512.726472538321,43.22462531010666,1186.1906699245274,104.64185058333067,0.0
2602,-334.5851757355882,-33.45851757355882,-8.049373121794588,-1.1952191598358364,520.7758456601156,43.90321546646885,1186.1906699245274,104.64185058333067,0.0
2603,-337.2682591682909,-33.72682591682909,-2.683083432702688,-0.4032196661186038,523.4589290928183,44.12940873376823,1186.1906699245274,104.64185058333067,0.0
2604,-343.2919143085255,-34.32919143085256,-6.0236551402346095,-0.9089130290749425,529.4825842330529,44.63722381720822,1186.1906699245274,104.64185058333067,0.0
2605,-343.2919143085255,-34.32919143085256,0.0,0.0,529.4825842330529,44.63722381720822,1186.1906699245274,0.0,0.0
2606,-343.2919143085255,-34.32919143085256,0.0,0.0,529.4825842330529,44.63722381720822,1186.1906699245274,0.0,0.0
2607,-343.2919143085255,-34.32919143085256,0.0,0.0,529.4825842330529,44.63722381720822,1186.1906699245274,0.0,0.0
2608,-343.2919143085255,-34.32919143085256,0.0,0.0,529.4825842330529,44.63722381720822,1186.1906699245274,0.0,0.0
2609,-343.2919143085255,-34.32919143085256,0.0,0.0,529.4825842330529,44.63722381720822,1186.1906699245274,0.0,0.0
2610,-343.2919143085255,-34.32919143085256,0.0,0.0,529.4825842330529,44.63722381720822,1186.1906699245274,0.0,0.0
2611,-343.2919143085255,-34.32919143085256,0.0,0.0,529.4825842330529,44.63722381720822,1186.1906699245274,0.0,0.0
2612,-343.2919143085255,-34.32919143085256,0.0,0.0,529.4825842330529,44.63722381720822,1186.1906699245274,0.0,0.0
2613,-343.2919143085255,-34.32919143085256,0.0,0.0,529.4825842330529,44.63722381720822,1186.1906699245274,0.0,0.0
2614,-343.2919143085255,-34.32919143085256,0.0,0.0,529.4825842330529,44.63722381720822,1186.1906699245274,0.0,0.0
2615,-343.2919143085255,-34.32919143085256,0.0,0.0,529.4825842330529,44.63722381720822,1186.1906699245274,0.0,0.0
2616,-343.2919143085255,-34.32919143085256,0.0,0.0,529.4825842330529,44.63722381720822,1186.1906699245274,0.0,0.0
2617,-343.2919143085255,-34.32919143085256,0.0,0.0,529.4825842330529,44.63722381720822,1186.1906699245274,0.0,0.0
2618,-343.2919143085255,-34.32919143085256,0.0,0.0,529.4825842330529,44.63722381720822,1186.1906699245274,0.0,0.0
2619,-343.2919143085255,-34.32919143085256,0.0,0.0,529.4825842330529,44.63722381720822,1186.1906699245274,0.0,0.0
2620,-343.2919143085255,-34.32919143085256,0.0,0.0,529.4825842330529,44.63722381720822,1186.1906699245274,0.0,0.0
2621,-343.2919143085255,-34.32919143085256,0.0,0.0,529.4825842330529,44.63722381720822,1186.1906699245274,0.0,0.0
2622,-343.2919143085255,-34.32919143085256,0.0,0.0,529.4825842330529,44.63722381720822,1186.1906699245274,0.0,0.0
2623,-343.2919143085255,-34.32919143085256,0.0,0.0,529.4825842330529,44.63722381720822,1186.1906699245274,0.0,0.0
2624,-343.2919143085255,-34.32919143085256,0.0,0.0,529.4825842330529,44.63722381720822,1186.1906699245274,0.0,0.0
2625,-343.2919143085255,-34.32919143085256,0.0,0.0,529.4825842330529,44.63722381720822,1186.1906699245274,0.0,0.0
2626,-343.2919143085255,-34.32919143085256,0.0,0.0,529.4825842330529,44.63722381720822,1186.1906699245274,0.0,0.0
2627,-343.2919143085255,-34.32919143085256,0.0,0.0,529.4825842330529,44.63722381720822,1186.1906699245274,0.0,0.0
2628,-343.2919143085255,-34.32919143085256,0.0,0.0,529.4825842330529,44.63722381720822,1186.1906699245274,0.0,0.0
2629,-343.2919143085255,-34.32919143085256,0.0,0.0,529.4825842330529,44.63722381720822,1186.1906699245274,0.0,0.0
2630,-343.94796634218324,-34.39479663421833,-0.6560520336577156,-0.09990009990008542,530.1386362667106,44.692531285922286,1186.1906699245274,0.0,0.0
2631,-346.69291213314773,-34.669291213314764,-2.7449457909644934,-0.4184036707667871,532.8835820576751,44.92393976523019,1186.1906699245274,0.0,-2.7449457909644934
2632,-327.47804028526923,-32.74780402852693,19.2148718478785,2.9411699650493617,513.6687102097966,43.30405922367264,1186.1906699245274,16.469926056914005,-2.7449457909644934
2633,-313.7530600193195,-31.375306001931946,13.724980265949739,2.0408226181597877,499.94372994384685,42.14699564073087,1186.1906699245274,30.194906322863744,-2.7449457909644934
2634,-319.24307725681217,-31.924307725681224,-5.49001723749268,-0.8000060791013897,505.4337471813395,42.609823192547815,1186.1906699245274,30.194906322863744,-2.7449457909644934
2635,-308.26310560960883,-30.826310560960877,10.979971647203342,1.6129063517941633,494.4537755341362,41.68417338551452,1186.1906699245274,35.68486073257441,-2.7449457909644934
2636,-319.24307725681217,-31.924307725681224,-10.979971647203342,-1.5873046148391023,505.4337471813395,42.609823192547815,1186.1906699245274,35.68486073257441,-2.7449457909644934
2637,-319.24307725681217,-31.924307725681224,0.0,0.0,505.4337471813395,42.609823192547815,1186.1906699245274,35.68486073257441,-2.7449457909644934
2638,-324.73303166652283,-32.47330316665228,-5.489954409710663,-0.8064485613437866,510.9237015910502,43.07264544776416,1186.1906699245274,35.68486073257441,-2.7449457909644934
2639,-335.7130033137262,-33.57130033137262,-10.979971647203342,-1.6260193615424967,521.9036732382535,43.99829525479746,1186.1906699245274,35.68486073257441,-2.7449457909644934
2640,-354.9278751616047,-35.49278751616046,-19.2148718478785,-2.89255576937828,541.118545086132,45.618175796355004,1186.1906699245274,35.68486073257441,-10.97990881942144
2641,-354.9278751616047,-35.49278751616046,0.0,0.0,541.118545086132,45.618175796355004,1186.1906699245274,35.68486073257441,-10.97990881942144
2642,-412.572616360804,-41.2572616360804,-57.6447411991993,-8.936169922648663,598.7632862853313,50.4778280142288,1186.1906699245274,35.68486073257441,-68.62465001862074
2643,-363.16283819006173,-36.31628381900618,49.40977817074224,8.411214653399647,549.3535081145891,46.312411827479835,1186.1906699245274,35.68486073257441,-68.62465001862074
2644,-343.94796634218324,-34.39479663421833,19.2148718478785,3.0172347030233526,530.1386362667106,44.692531285922286,1186.1906699245274,35.68486073257441,-68.62465001862074
2645,-352.1829293706403,-35.218292937064035,-8.23496302845706,-1.255230165592669,538.3735992951677,45.386767317047116,1186.1906699245274,35.68486073257441,-68.62465001862074
2646,-330.2229860762336,-33.022298607623355,21.959943294406685,3.389837083649616,516.413656000761,43.535467702980526,1186.1906699245274,35.68486073257441,-68.62465001862074
2647,-343.94796634218324,-34.39479663421833,-13.724980265949625,-2.0491865173969392,530.1386362667106,44.692531285922286,1186.1906699245274,35.68486073257441,-68.62465001862074
2648,-346.69291213314773,-34.669291213314764,-2.7449457909644934,-0.4184036707667871,532.8835820576751,44.92393976523019,1186.1906699245274,35.68486073257441,-68.62465001862074
2649,-357.67288378035107,-35.76728837803511,-10.979971647203342,-1.6806754206593166,543.8635537048784,45.84958957226348,1186.1906699245274,35.68486073257441,-68.62465001862074
2650,-363.16283819006173,-36.31628381900618,-5.489954409710663,-0.8546975942758328,549.3535081145891,46.312411827479835,1186.1906699245274,35.68486073257441,-68.62465001862074
2651,-354.9278751616047,-35.49278751616046,8.23496302845706,1.2931034057517499,541.118545086132,45.618175796355004,1186.1906699245274,35.68486073257441,-68.62465001862074
2652,-352.1829293706403,-35.218292937064035,2.7449457909643797,0.4255254079769788,538.3735992951677,45.386767317047116,1186.1906699245274,35.68486073257441,-68.62465001862074
2653,-357.67288378035107,-35.76728837803511,-5.489954409710776,-0.8474544217208169,543.8635537048784,45.84958957226348,1186.1906699245274,35.68486073257441,-68.62465001862074
2654,-360.41789239909735,-36.04178923990974,-2.745008618746283,-0.4273536877754336,546.6085623236247,46.08100334817195,1186.1906699245274,35.68486073257441,-68.62465001862074
2655,-360.41789239909735,-36.04178923990974,0.0,0.0,546.6085623236247,46.08100334817195,1186.1906699245274,35.68486073257441,-68.62465001862074
2656,-357.67288378035107,-35.76728837803511,2.745008618746283,0.4291878378278824,543.8635537048784,45.84958957226348,1186.1906699245274,35.68486073257441,-68.62465001862074
2657,-363.16283819006173,-36.31628381900618,-5.489954409710663,-0.8546975942758328,549.3535081145891,46.312411827479835,1186.1906699245274,35.68486073257441,-68.62465001862074
2658,-352.1829293706403,-35.218292937064035,10.97990881942144,1.724131297271625,538.3735992951677,45.386767317047116,1186.1906699245274,35.68486073257441,-68.62465001862074
2659,-352.1829293706403,-35.218292937064035,0.0,0.0,538.3735992951677,45.386767317047116,1186.1906699245274,35.68486073257441,-68.62465001862074
2660,-349.437920751894,-34.94379207518941,2.745008618746283,0.4237320600519956,535.6285906764214,45.15535354113865,1186.1906699245274,35.68486073257441,-68.62465001862074
2661,-341.20295772343695,-34.1202957723437,8.23496302845706,1.2658227848101333,527.3936276479643,44.46111751001383,1186.1906699245274,35.68486073257441,-68.62465001862074
2662,-341.20295772343695,-34.1202957723437,0.0,0.0,527.3936276479643,44.46111751001383,1186.1906699245274,35.68486073257441,-68.62465001862074
2663,-354.9278751616047,-35.49278751616046,-13.724917438167722,-2.0833301544189387,541.118545086132,45.618175796355004,1186.1906699245274,35.68486073257441,-68.62465001862074
2664,-357.67288378035107,-35.76728837803511,-2.7450086187463967,-0.4255351476292746,543.8635537048784,45.84958957226348,1186.1906699245274,35.68486073257441,-68.62465001862074
2665,-368.6528554275544,-36.865285542755444,-10.979971647203342,-1.7094049698267222,554.8435253520818,46.77523937929678,1186.1906699245274,35.68486073257441,-68.62465001862074
2666,-354.9278751616047,-35.49278751616046,13.724980265949739,2.173919749846087,541.118545086132,45.618175796355004,1186.1906699245274,35.68486073257441,-68.62465001862074
2667,-357.67288378035107,-35.76728837803511,-2.7450086187463967,-0.4255351476292746,543.8635537048784,45.84958957226348,1186.1906699245274,35.68486073257441,-68.62465001862074
2668,-357.67288378035107,-35.76728837803511,0.0,0.0,543.8635537048784,45.84958957226348,1186.1906699245274,35.68486073257441,-68.62465001862074
2669,-352.1829293706403,-35.218292937064035,5.489954409710776,0.854697594275855,538.3735992951677,45.386767317047116,1186.1906699245274,35.68486073257441,-68.62465001862074
2670,-357.67288378035107,-35.76728837803511,-5.489954409710776,-0.8474544217208169,543.8635537048784,45.84958957226348,1186.1906699245274,35.68486073257441,-68.62465001862074
2671,-363.16283819006173,-36.31628381900618,-5.489954409710663,-0.8546975942758328,549.3535081145891,46.312411827479835,1186.1906699245274,35.68486073257441,-68.62465001862074
2672,-374.1428098372651,-37.41428098372651,-10.979971647203342,-1.7241411628676762,560.3334797617924,47.23806163451313,1186.1906699245274,35.68486073257441,-68.62465001862074
2673,-352.83074644126964,-35.28307464412697,21.312063395995438,3.4052598150152935,539.021416365797,45.44138054973007,1186.1906699245274,35.68486073257441,-68.62465001862074
2674,-352.83074644126964,-35.28307464412697,0.0,0.0,539.021416365797,45.44138054973007,1186.1906699245274,0.0,0.0
2675,-352.83074644126964,-35.28307464412697,0.0,0.0,539.021416365797,45.44138054973007,1186.1906699245274,0.0,0.0
2676,-352.83074644126964,-35.28307464412697,0.0,0.0,539.021416365797,45.44138054973007,1186.1906699245274,0.0,0.0
2677,-352.83074644126964,-35.28307464412697,0.0,0.0,539.021416365797,45.44138054973007,1186.1906699245274,0.0,0.0
2678,-352.83074644126964,-35.28307464412697,0.0,0.0,539.021416365797,45.44138054973007,1186.1906699245274,0.0,0.0
2679,-352.83074644126964,-35.28307464412697,0.0,0.0,539.021416365797,45.44138054973007,1186.1906699245274,0.0,0.0
2680,-352.83074644126964,-35.28307464412697,0.0,0.0,539.021416365797,45.44138054973007,1186.1906699245274,0.0,0.0
2681,-352.83074644126964,-35.28307464412697,0.0,0.0,539.021416365797,45.44138054973007,1186.1906699245274,0.0,0.0
2682,-352.83074644126964,-35.28307464412697,0.0,0.0,539.021416365797,45.44138054973007,1186.1906699245274,0.0,0.0
2683,-352.83074644126964,-35.28307464412697,0.0,0.0,539.021416365797,45.44138054973007,1186.1906699245274,0.0,0.0
2684,-352.83074644126964,-35.28307464412697,0.0,0.0,539.021416365797,45.44138054973007,1186.1906699245274,0.0,0.0
2685,-352.83074644126964,-35.28307464412697,0.0,0.0,539.021416365797,45.44138054973007,1186.1906699245274,0.0,0.0
2686,-352.83074644126964,-35.28307464412697,0.0,0.0,539.021416365797,45.44138054973007,1186.1906699245274,0.0,0.0
2687,-352.83074644126964,-35.28307464412697,0.0,0.0,539.021416365797,45.44138054973007,1186.1906699245274,0.0,0.0
2688,-352.83074644126964,-35.28307464412697,0.0,0.0,539.021416365797,45.44138054973007,1186.1906699245274,0.0,0.0
2689,-352.83074644126964,-35.28307464412697,0.0,0.0,539.021416365797,45.44138054973007,1186.1906699245274,0.0,0.0
2690,-352.83074644126964,-35.28307464412697,0.0,0.0,539.021416365797,45.44138054973007,1186.1906699245274,0.0,0.0
2691,-352.83074644126964,-35.28307464412697,0.0,0.0,539.021416365797,45.44138054973007,1186.1906699245274,0.0,0.0
2692,-352.83074644126964,-35.28307464412697,0.0,0.0,539.021416365797,45.44138054973007,1186.1906699245274,0.0,0.0
2693,-352.83074644126964,-35.28307464412697,0.0,0.0,539.021416365797,45.44138054973007,1186.1906699245274,0.0,0.0
2694,-352.83074644126964,-35.28307464412697,0.0,0.0,539.021416365797,45.44138054973007,1186.1906699245274,0.0,0.0
2695,-352.83074644126964,-35.28307464412697,0.0,0.0,539.021416365797,45.44138054973007,1186.1906699245274,0.0,0.0
2696,-352.83074644126964,-35.28307464412697,0.0,0.0,539.021416365797,45.44138054973007,1186.1906699245274,0.0,0.0
2697,-353.47726917209764,-35.34772691720976,-0.6465227308279964,-0.09990009990011872,539.667939096625,45.49588466506501,1186.1906699245274,0.0,0.0
2698,-350.6662792379626,-35.066627923796254,2.810989934135023,0.4347859402461296,536.85694916249,45.258908434733186,1186.1906699245274,2.810989934135023,0.0
2699,-330.9894783749436,-33.098947837494364,19.676800863019025,3.03030633307122,517.1801482994709,43.600085670238585,1186.1906699245274,22.487790797154048,0.0
2700,-336.6114582432135,-33.661145824321345,-5.621979868269932,-0.840342518771442,522.8021281677409,44.07403813090224,1186.1906699245274,22.487790797154048,0.0
2701,-342.2333737735206,-34.22333737735206,-5.621915530307092,-0.8474544217208058,528.424043698048,44.5479851676518,1186.1906699245274,22.487790797154048,0.0
2702,-325.3675628446365,-32.53675628446365,16.865810928884116,2.564102564102577,511.55823276916385,43.12613863348903,1186.1906699245274,28.10970632746114,0.0
2703,-314.12366744605947,-31.412366744605947,11.243895398577024,1.6666698455810591,500.3143373705868,42.17823913607581,1186.1906699245274,39.353601726038164,0.0
2704,-314.12366744605947,-31.412366744605947,0.0,0.0,500.3143373705868,42.17823913607581,1186.1906699245274,39.353601726038164,0.0
2705,-325.3675628446365,-32.53675628446365,-11.243895398577024,-1.6393473378369938,511.55823276916385,43.12613863348903,1186.1906699245274,39.353601726038164,0.0
2706,-339.4223838393856,-33.94223838393856,-14.054820994749093,-2.0833301544189387,525.613053763913,44.31100893731997,1186.1906699245274,39.353601726038164,0.0
2707,-325.3675628446365,-32.53675628446365,14.054820994749093,2.1276562588417702,511.55823276916385,43.12613863348903,1186.1906699245274,39.353601726038164,0.0
2708,-330.9894783749436,-33.098947837494364,-5.621915530307092,-0.8333301544189431,517.1801482994709,43.600085670238585,1186.1906699245274,39.353601726038164,0.0
2709,-317.6177227228143,-31.76177227228143,13.371755652129309,1.9987362260983188,503.80839264734163,42.47280015104123,1186.1906699245274,39.353601726038164,0.0
2710,-317.6177227228143,-31.76177227228143,0.0,0.0,503.80839264734163,42.47280015104123,1186.1906699245274,0.0,0.0
2711,-317.6177227228143,-31.76177227228143,0.0,0.0,503.80839264734163,42.47280015104123,1186.1906699245274,0.0,0.0
2712,-317.6177227228143,-31.76177227228143,0.0,0.0,503.80839264734163,42.47280015104123,1186.1906699245274,0.0,0.0
2713,-317.6177227228143,-31.76177227228143,0.0,0.0,503.80839264734163,42.47280015104123,1186.1906699245274,0.0,0.0
2714,-317.6177227228143,-31.76177227228143,0.0,0.0,503.80839264734163,42.47280015104123,1186.1906699245274,0.0,0.0
2715,-317.6177227228143,-31.76177227228143,0.0,0.0,503.80839264734163,42.47280015104123,1186.1906699245274,0.0,0.0
2716,-317.6177227228143,-31.76177227228143,0.0,0.0,503.80839264734163,42.47280015104123,1186.1906699245274,0.0,0.0
2717,-317.6177227228143,-31.76177227228143,0.0,0.0,503.80839264734163,42.47280015104123,1186.1906699245274,0.0,0.0
2718,-317.6177227228143,-31.76177227228143,0.0,0.0,503.80839264734163,42.47280015104123,1186.1906699245274,0.0,0.0
2719,-318.29942329951473,-31.82994232995148,-0.6817005767004503,-0.09990009990009652,504.4900932240421,42.530269881160066,1186.1906699245274,0.0,0.0
2720,-326.0167880965813,-32.60167880965813,-7.71736479706658,-1.1320754391054733,512.2074580211087,43.18087058075565,1186.1906699245274,0.0,-7.71736479706658
2721,-328.5892626552104,-32.858926265521035,-2.5724745586290965,-0.3816822901810957,514.7799325797378,43.39773913518399,1186.1906699245274,0.0,-10.289839355695676
2722,-344.02399224934356,-34.402399224934356,-15.43472959413316,-2.298850574712652,530.2146621738709,44.69894053437517,1186.1906699245274,0.0,-25.724568949828836
2723,-315.72700761970646,-31.57270076197064,28.29698462963711,4.313722498276662,501.9176775442338,42.313406290421156,1186.1906699245274,2.572415679808273,-25.724568949828836
2724,-320.8718978581438,-32.08718978581439,-5.14489023843737,-0.7518768526199593,507.0625677826712,42.7471384355884,1186.1906699245274,2.572415679808273,-25.724568949828836
2725,-323.44437241677304,-32.344437241677305,-2.57247455862921,-0.3787907687100689,509.6350423413004,42.96400699001674,1186.1906699245274,2.572415679808273,-25.724568949828836
2726,-323.44437241677304,-32.344437241677305,0.0,0.0,509.6350423413004,42.96400699001674,1186.1906699245274,2.572415679808273,-25.724568949828836
2727,-331.1617372138395,-33.116173721383944,-7.717364797066466,-1.140684443736606,517.3524071383669,43.61460768961232,1186.1906699245274,2.572415679808273,-25.724568949828836
2728,-333.7341528936479,-33.37341528936479,-2.572415679808387,-0.3846095271362815,519.9248228181752,43.831471280351245,1186.1906699245274,2.572415679808273,-25.724568949828836
2729,-331.1617372138395,-33.116173721383944,2.572415679808387,0.3860944833028235,517.3524071383669,43.61460768961232,1186.1906699245274,2.572415679808273,-25.724568949828836
2730,-338.8791020109061,-33.88791020109061,-7.71736479706658,-1.1538461877044215,525.0697719354334,44.26520838920791,1186.1906699245274,2.572415679808273,-25.724568949828836
2731,-341.45151769071435,-34.14515176907143,-2.572415679808273,-0.3890991326446769,527.6421876152417,44.482071979946824,1186.1906699245274,2.572415679808273,-25.724568949828836
2732,-356.8862472848475,-35.688624728484754,-15.43472959413316,-2.343749930150818,543.0769172093749,45.783273379138,1186.1906699245274,2.572415679808273,-38.586823985332785
2733,-359.4587218434766,-35.945872184347664,-2.5724745586290965,-0.4000030395506893,545.649391768004,46.00014193356633,1186.1906699245274,2.572415679808273,-41.15929854396188
2734,-356.8862472848475,-35.688624728484754,2.5724745586290965,0.4016094897166811,543.0769172093749,45.783273379138,1186.1906699245274,2.572415679808273,-41.15929854396188
2735,-377.46592599623887,-37.74659259962389,-20.579678711391352,-3.2000060058592017,563.6565959207662,47.51821188718585,1186.1906699245274,2.572415679808273,-59.16650269672414
2736,-362.0311964021057,-36.203119640210566,15.43472959413316,2.4793389211399175,548.2218663266331,46.21701048799467,1186.1906699245274,2.572415679808273,-59.16650269672414
2737,-346.59646680797266,-34.659646680797266,15.434729594133046,2.419354913137939,532.7871367325,44.915809088803506,1186.1906699245274,2.572415679808273,-59.16650269672414
2738,-338.8791020109061,-33.88791020109061,7.71736479706658,1.1811023976814772,525.0697719354334,44.26520838920791,1186.1906699245274,2.572415679808273,-59.16650269672414
2739,-377.46592599623887,-37.74659259962389,-38.586823985332785,-5.836576048753084,563.6565959207662,47.51821188718585,1186.1906699245274,2.572415679808273,-59.16650269672414
2740,-362.0311964021057,-36.203119640210566,15.43472959413316,2.4793389211399175,548.2218663266331,46.21701048799467,1186.1906699245274,2.572415679808273,-59.16650269672414
2741,-374.89345143760966,-37.489345143760964,-12.86225503550395,-2.016126017912767,561.084121362137,47.301343332757504,1186.1906699245274,2.572415679808273,-59.16650269672414
2742,-362.0311964021057,-36.203119640210566,12.86225503550395,2.057610029055734,548.2218663266331,46.21701048799467,1186.1906699245274,2.572415679808273,-59.16650269672414
2743,-367.1760866405432,-36.717608664054325,-5.144890238437483,-0.8064485613437977,553.3667565650705,46.650742633161926,1186.1906699245274,2.572415679808273,-59.16650269672414
2744,-364.6036120819141,-36.46036120819141,2.5724745586290965,0.4065071664205444,550.7942820064414,46.433874078733595,1186.1906699245274,2.572415679808273,-59.16650269672414
2745,-367.1760866405432,-36.717608664054325,-2.5724745586290965,-0.404861375913379,553.3667565650705,46.650742633161926,1186.1906699245274,2.572415679808273,-59.16650269672414
2746,-372.32097687898056,-37.23209768789806,-5.14489023843737,-0.8130050287013968,558.5116468035079,47.084474778329174,1186.1906699245274,2.572415679808273,-59.16650269672414
2747,-351.74135704641003,-35.17413570464101,20.57961983257053,3.2786852952711554,537.9320269709374,45.34954123397075,1186.1906699245274,2.572415679808273,-59.16650269672414
2748,-333.7341528936479,-33.37341528936479,18.007204152762142,2.7777808053152775,519.9248228181752,43.831471280351245,1186.1906699245274,2.572415679808273,-59.16650269672414
2749,-341.45151769071435,-34.14515176907143,-7.717364797066466,-1.1583011241809271,527.6421876152417,44.482071979946824,1186.1906699245274,2.572415679808273,-59.16650269672414
2750,-346.59646680797266,-34.659646680797266,-5.144949117258307,-0.7812559371812466,532.7871367325,44.915809088803506,1186.1906699245274,2.572415679808273,-59.16650269672414
2751,-349.16888248778093,-34.916888248778086,-2.572415679808273,-0.3936947918297018,535.3595524123083,45.13267267954241,1186.1906699245274,2.572415679808273,-59.16650269672414
2752,-338.8791020109061,-33.88791020109061,10.289780476874853,1.5810215891654433,525.0697719354334,44.26520838920791,1186.1906699245274,2.572415679808273,-59.16650269672414
2753,-323.44437241677304,-32.344437241677305,15.434729594133046,2.3346304195012157,509.6350423413004,42.96400699001674,1186.1906699245274,2.572415679808273,-59.16650269672414
2754,-333.7341528936479,-33.37341528936479,-10.289780476874853,-1.520906789827725,519.9248228181752,43.831471280351245,1186.1906699245274,2.572415679808273,-59.16650269672414
2755,-326.0167880965813,-32.60167880965813,7.71736479706658,1.1583011241809382,512.2074580211087,43.18087058075565,1186.1906699245274,2.572415679808273,-59.16650269672414
2756,-331.1617372138395,-33.116173721383944,-5.144949117258193,-0.7633645803622024,517.3524071383669,43.61460768961232,1186.1906699245274,2.572415679808273,-59.16650269672414
2757,-328.5892626552104,-32.858926265521035,2.5724745586290965,0.38461833028407,514.7799325797378,43.39773913518399,1186.1906699245274,2.572415679808273,-59.16650269672414
2758,-326.0167880965813,-32.60167880965813,2.5724745586290965,0.38314468559177417,512.2074580211087,43.18087058075565,1186.1906699245274,2.572415679808273,-59.16650269672414
2759,-326.0167880965813,-32.60167880965813,0.0,0.0,512.2074580211087,43.18087058075565,1186.1906699245274,2.572415679808273,-59.16650269672414
2760,-331.1617372138395,-33.116173721383944,-5.144949117258193,-0.7633645803622024,517.3524071383669,43.61460768961232,1186.1906699245274,2.572415679808273,-59.16650269672414
2761,-326.0167880965813,-32.60167880965813,5.144949117258193,0.76923666056814,512.2074580211087,43.18087058075565,1186.1906699245274,2.572415679808273,-59.16650269672414
2762,-338.8791020109061,-33.88791020109061,-12.862313914324773,-1.9084027149578242,525.0697719354334,44.26520838920791,1186.1906699245274,2.572415679808273,-59.16650269672414
2763,-356.8862472848475,-35.688624728484754,-18.007145273941433,-2.723729552145915,543.0769172093749,45.783273379138,1186.1906699245274,2.572415679808273,-59.16650269672414
2764,-385.18329079330533,-38.518329079330535,-28.29704350845782,-4.400005969238096,571.3739607178327,48.16881258678143,1186.1906699245274,2.572415679808273,-66.8838674937906
2765,-403.19043606724676,-40.319043606724684,-18.007145273941433,-2.928864001952103,589.3811059917741,49.68687757671152,1186.1906699245274,2.572415679808273,-84.89101276773204
2766,-390.3281810317428,-39.032818103174286,12.86225503550395,2.1551690543875512,576.5188509562702,48.60254473194868,1186.1906699245274,2.572415679808273,-84.89101276773204
2767,-377.46592599623887,-37.74659259962389,12.86225503550395,2.1097014221963972,563.6565959207662,47.51821188718585,1186.1906699245274,2.572415679808273,-84.89101276773204
2768,-387.7557064731137,-38.775570647311376,-10.289780476874853,-1.6528863088083212,573.9463763976411,48.385676177520345,1186.1906699245274,2.572415679808273,-84.89101276773204
2769,-413.48027542294244,-41.34802754229424,-25.724568949828722,-4.201683743206508,599.6709453474698,50.55434683073544,1186.1906699245274,2.572415679808273,-95.18085212342771
2770,-428.9150050170755,-42.89150050170755,-15.434729594133046,-2.631578947368418,615.1056749416028,51.855548229926605,1186.1906699245274,2.572415679808273,-110.61558171756076
2771,-413.48027542294244,-41.34802754229424,15.434729594133046,2.7027027027026973,599.6709453474698,50.55434683073544,1186.1906699245274,2.572415679808273,-110.61558171756076
2772,-428.9150050170755,-42.89150050170755,-15.434729594133046,-2.631578947368418,615.1056749416028,51.855548229926605,1186.1906699245274,2.572415679808273,-110.61558171756076
2773,-418.6251656613799,-41.862516566138,10.289839355695563,1.801805238465981,604.8158355859073,50.988078975902695,1186.1906699245274,2.572415679808273,-110.61558171756076
2774,-392.9006555903719,-39.29006555903719,25.724510071008012,4.424771860012244,579.0913255148993,48.819413286377014,1186.1906699245274,2.572415679808273,-110.61558171756076
2775,-403.19043606724676,-40.319043606724684,-10.289780476874853,-1.6949088434416115,589.3811059917741,49.68687757671152,1186.1906699245274,2.572415679808273,-110.61558171756076
2776,-398.0455458288094,-39.80455458288093,5.14489023843737,0.8620656486358014,584.2362157533368,49.25314543154427,1186.1906699245274,2.572415679808273,-110.61558171756076
2777,-392.9006555903719,-39.29006555903719,5.144890238437483,0.854697594275855,579.0913255148993,48.819413286377014,1186.1906699245274,2.572415679808273,-110.61558171756076
2778,-395.4730712701802,-39.547307127018016,-2.572415679808273,-0.42372236166879906,581.6637411947075,49.03627687711593,1186.1906699245274,2.572415679808273,-110.61558171756076
2779,-382.61081623467624,-38.26108162346762,12.86225503550395,2.1276562588417702,568.8014861592036,47.9519440323531,1186.1906699245274,2.572415679808273,-110.61558171756076
2780,-395.4730712701802,-39.547307127018016,-12.86225503550395,-2.0833301544189387,581.6637411947075,49.03627687711593,1186.1906699245274,2.572415679808273,-110.61558171756076
2781,-410.90780086431334,-41.09078008643133,-15.43472959413316,-2.553191406471056,597.0984707888407,50.33747827630711,1186.1906699245274,2.572415679808273,-110.61558171756076
2782,-426.3425304584464,-42.63425304584464,-15.434729594133046,-2.620087248953362,612.5332003829737,51.63867967549828,1186.1906699245274,2.572415679808273,-110.61558171756076
2783,-398.0455458288094,-39.80455458288093,28.296984629636995,4.932731835994564,584.2362157533368,49.25314543154427,1186.1906699245274,2.572415679808273,-110.61558171756076
2784,-398.0455458288094,-39.80455458288093,0.0,0.0,584.2362157533368,49.25314543154427,1186.1906699245274,2.572415679808273,-110.61558171756076
2785,-398.0455458288094,-39.80455458288093,0.0,0.0,584.2362157533368,49.25314543154427,1186.1906699245274,2.572415679808273,-110.61558171756076
2786,-408.33538518450496,-40.833538518450496,-10.289839355695563,-1.709404969826711,594.5260551090323,50.120614685568185,1186.1906699245274,2.572415679808273,-110.61558171756076
2787,-387.7557064731137,-38.775570647311376,20.57967871139124,3.478267619199915,573.9463763976411,48.385676177520345,1186.1906699245274,2.572415679808273,-110.61558171756076
2788,-372.32097687898056,-37.23209768789806,15.43472959413316,2.5210083225472024,558.5116468035079,47.084474778329174,1186.1906699245274,2.572415679808273,-110.61558171756076
2789,-380.03834167604714,-38.00383416760471,-7.71736479706658,-1.2295081582770373,566.2290116005745,47.73507547792476,1186.1906699245274,2.572415679808273,-110.61558171756076
2790,-385.79810750251204,-38.57981075025121,-5.7597658264649,-0.9290519420243282,571.9887774270394,48.22064377419465,1186.1906699245274,2.572415679808273,-110.61558171756076
2791,-385.79810750251204,-38.57981075025121,0.0,0.0,571.9887774270394,48.22064377419465,1186.1906699245274,0.0,0.0
2792,-385.79810750251204,-38.57981075025121,0.0,0.0,571.9887774270394,48.22064377419465,1186.1906699245274,0.0,0.0
2793,-385.79810750251204,-38.57981075025121,0.0,0.0,571.9887774270394,48.22064377419465,1186.1906699245274,0.0,0.0
2794,-385.79810750251204,-38.57981075025121,0.0,0.0,571.9887774270394,48.22064377419465,1186.1906699245274,0.0,0.0
2795,-385.79810750251204,-38.57981075025121,0.0,0.0,571.9887774270394,48.22064377419465,1186.1906699245274,0.0,0.0
2796,-385.79810750251204,-38.57981075025121,0.0,0.0,571.9887774270394,48.22064377419465,1186.1906699245274,0.0,0.0
2797,-385.79810750251204,-38.57981075025121,0.0,0.0,571.9887774270394,48.22064377419465,1186.1906699245274,0.0,0.0
2798,-385.79810750251204,-38.57981075025121,0.0,0.0,571.9887774270394,48.22064377419465,1186.1906699245274,0.0,0.0
2799,-385.79810750251204,-38.57981075025121,0.0,0.0,571.9887774270394,48.22064377419465,1186.1906699245274,0.0,0.0
2800,-385.79810750251204,-38.57981075025121,0.0,0.0,571.9887774270394,48.22064377419465,1186.1906699245274,0.0,0.0
2801,-385.79810750251204,-38.57981075025121,0.0,0.0,571.9887774270394,48.22064377419465,1186.1906699245274,0.0,0.0
2802,-385.79810750251204,-38.57981075025121,0.0,0.0,571.9887774270394,48.22064377419465,1186.1906699245274,0.0,0.0
2803,-385.79810750251204,-38.57981075025121,0.0,0.0,571.9887774270394,48.22064377419465,1186.1906699245274,0.0,0.0
2804,-385.79810750251204,-38.57981075025121,0.0,0.0,571.9887774270394,48.22064377419465,1186.1906699245274,0.0,0.0
2805,-385.79810750251204,-38.57981075025121,0.0,0.0,571.9887774270394,48.22064377419465,1186.1906699245274,0.0,0.0
2806,-385.79810750251204,-38.57981075025121,0.0,0.0,571.9887774270394,48.22064377419465,1186.1906699245274,0.0,0.0
2807,-385.79810750251204,-38.57981075025121,0.0,0.0,571.9887774270394,48.22064377419465,1186.1906699245274,0.0,0.0
2808,-385.79810750251204,-38.57981075025121,0.0,0.0,571.9887774270394,48.22064377419465,1186.1906699245274,0.0,0.0
2809,-385.79810750251204,-38.57981075025121,0.0,0.0,571.9887774270394,48.22064377419465,1186.1906699245274,0.0,0.0
2810,-385.79810750251204,-38.57981075025121,0.0,0.0,571.9887774270394,48.22064377419465,1186.1906699245274,0.0,0.0
2811,-385.79810750251204,-38.57981075025121,0.0,0.0,571.9887774270394,48.22064377419465,1186.1906699245274,0.0,0.0
2812,-385.79810750251204,-38.57981075025121,0.0,0.0,571.9887774270394,48.22064377419465,1186.1906699245274,0.0,0.0
2813,-385.79810750251204,-38.57981075025121,0.0,0.0,571.9887774270394,48.22064377419465,1186.1906699245274,0.0,0.0
2814,-385.79810750251204,-38.57981075025121,0.0,0.0,571.9887774270394,48.22064377419465,1186.1906699245274,0.0,0.0
2815,-385.79810750251204,-38.57981075025121,0.0,0.0,571.9887774270394,48.22064377419465,1186.1906699245274,0.0,0.0
2816,-385.79810750251204,-38.57981075025121,0.0,0.0,571.9887774270394,48.22064377419465,1186.1906699245274,0.0,0.0
2817,-385.79810750251204,-38.57981075025121,0.0,0.0,571.9887774270394,48.22064377419465,1186.1906699245274,0.0,0.0
2818,-385.79810750251204,-38.57981075025121,0.0,0.0,571.9887774270394,48.22064377419465,1186.1906699245274,0.0,0.0
2819,-385.79810750251204,-38.57981075025121,0.0,0.0,571.9887774270394,48.22064377419465,1186.1906699245274,0.0,0.0
2820,-385.79810750251204,-38.57981075025121,0.0,0.0,571.9887774270394,48.22064377419465,1186.1906699245274,0.0,0.0
2821,-385.79810750251204,-38.57981075025121,0.0,0.0,571.9887774270394,48.22064377419465,1186.1906699245274,0.0,0.0
2822,-385.79810750251204,-38.57981075025121,0.0,0.0,571.9887774270394,48.22064377419465,1186.1906699245274,0.0,0.0
2823,-385.79810750251204,-38.57981075025121,0.0,0.0,571.9887774270394,48.22064377419465,1186.1906699245274,0.0,0.0
2824,-385.79810750251204,-38.57981075025121,0.0,0.0,571.9887774270394,48.22064377419465,1186.1906699245274,0.0,0.0
2825,-385.79810750251204,-38.57981075025121,0.0,0.0,571.9887774270394,48.22064377419465,1186.1906699245274,0.0,0.0
2826,-385.79810750251204,-38.57981075025121,0.0,0.0,571.9887774270394,48.22064377419465,1186.1906699245274,0.0,0.0
2827,-385.79810750251204,-38.57981075025121,0.0,0.0,571.9887774270394,48.22064377419465,1186.1906699245274,0.0,0.0
2828,-385.79810750251204,-38.57981075025121,0.0,0.0,571.9887774270394,48.22064377419465,1186.1906699245274,0.0,0.0
2829,-385.79810750251204,-38.57981075025121,0.0,0.0,571.9887774270394,48.22064377419465,1186.1906699245274,0.0,0.0
2830,-385.79810750251204,-38.57981075025121,0.0,0.0,571.9887774270394,48.22064377419465,1186.1906699245274,0.0,0.0
2831,-385.79810750251204,-38.57981075025121,0.0,0.0,571.9887774270394,48.22064377419465,1186.1906699245274,0.0,0.0
2832,-385.79810750251204,-38.57981075025121,0.0,0.0,571.9887774270394,48.22064377419465,1186.1906699245274,0.0,0.0
2833,-385.79810750251204,-38.57981075025121,0.0,0.0,571.9887774270394,48.22064377419465,1186.1906699245274,0.0,0.0
2834,-385.79810750251204,-38.57981075025121,0.0,0.0,571.9887774270394,48.22064377419465,1186.1906699245274,0.0,0.0
2835,-385.79810750251204,-38.57981075025121,0.0,0.0,571.9887774270394,48.22064377419465,1186.1906699245274,0.0,0.0
2836,-385.79810750251204,-38.57981075025121,0.0,0.0,571.9887774270394,48.22064377419465,1186.1906699245274,0.0,0.0
2837,-385.79810750251204,-38.57981075025121,0.0,0.0,571.9887774270394,48.22064377419465,1186.1906699245274,0.0,0.0
2838,-385.79810750251204,-38.57981075025121,0.0,0.0,571.9887774270394,48.22064377419465,1186.1906699245274,0.0,0.0
2839,-385.79810750251204,-38.57981075025121,0.0,0.0,571.9887774270394,48.22064377419465,1186.1906699245274,0.0,0.0
2840,-385.79810750251204,-38.57981075025121,0.0,0.0,571.9887774270394,48.22064377419465,1186.1906699245274,0.0,0.0
2841,-385.79810750251204,-38.57981075025121,0.0,0.0,571.9887774270394,48.22064377419465,1186.1906699245274,0.0,0.0
2842,-385.79810750251204,-38.57981075025121,0.0,0.0,571.9887774270394,48.22064377419465,1186.1906699245274,0.0,0.0
2843,-385.79810750251204,-38.57981075025121,0.0,0.0,571.9887774270394,48.22064377419465,1186.1906699245274,0.0,0.0
2844,-385.79810750251204,-38.57981075025121,0.0,0.0,571.9887774270394,48.22064377419465,1186.1906699245274,0.0,0.0
2845,-386.4116958067052,-38.64116958067052,-0.613588304193172,-0.09990009990008542,572.6023657312326,48.27237140279185,1186.1906699245274,0.0,0.0
2846,-391.3800599083064,-39.138005990830635,-4.968364101601196,-0.8097227518267802,577.5707298328338,48.6912217805239,1186.1906699245274,0.0,-4.968364101601196
2847,-393.8641851011258,-39.386418510112584,-2.4841251928194197,-0.4081570499391063,580.0548550256532,48.90064217606431,1186.1906699245274,0.0,-7.452489294420616
2848,-401.31667439554656,-40.131667439554654,-7.4524892944207295,-1.2295081582770484,587.5073443200739,49.52891294933678,1186.1906699245274,0.0,-14.904978588841345
2849,-398.832549202727,-39.883254920272705,2.4841251928195334,0.41493141475277273,585.0232191272544,49.31949255379636,1186.1906699245274,0.0,-14.904978588841345
2850,-396.3483671519265,-39.63483671519265,2.484182050800541,0.4132263061657815,582.5390370764538,49.11006736493034,1186.1906699245274,0.0,-14.904978588841345
2851,-388.89587785750575,-38.88958778575058,7.4524892944207295,1.2345679012345734,575.0865477820331,48.48179659165787,1186.1906699245274,0.0,-14.904978588841345
2852,-378.9592065122846,-37.89592065122845,9.936671345221157,1.6260193615424745,565.149876436812,47.644100629519386,1186.1906699245274,7.452489294420616,-14.904978588841345
2853,-381.44338856308514,-38.144338856308515,-2.484182050800541,-0.4000030395506782,567.6340584876125,47.85352581838541,1186.1906699245274,7.452489294420616,-14.904978588841345
2854,-401.31667439554656,-40.131667439554654,-19.87328583246142,-3.2128483416086207,587.5073443200739,49.52891294933678,1186.1906699245274,7.452489294420616,-14.904978588841345
2855,-413.73752779156837,-41.37375277915684,-12.420853396021812,-2.074695062449128,599.9281977160957,50.57603410034128,1186.1906699245274,7.452489294420616,-27.325831984863157
2856,-398.832549202727,-39.883254920272705,14.904978588841345,2.542372963545625,585.0232191272544,49.31949255379636,1186.1906699245274,7.452489294420616,-27.325831984863157
2857,-398.832549202727,-39.883254920272705,0.0,0.0,585.0232191272544,49.31949255379636,1186.1906699245274,7.452489294420616,-27.325831984863157
2858,-401.31667439554656,-40.131667439554654,-2.4841251928195334,-0.41321684823838467,587.5073443200739,49.52891294933678,1186.1906699245274,7.452489294420616,-27.325831984863157
2859,-398.832549202727,-39.883254920272705,2.4841251928195334,0.41493141475277273,585.0232191272544,49.31949255379636,1186.1906699245274,7.452489294420616,-27.325831984863157
2860,-406.28503849714764,-40.62850384971476,-7.452489294420616,-1.2396694605699365,592.475708421675,49.94776332706882,1186.1906699245274,7.452489294420616,-27.325831984863157
2861,-408.7691636899672,-40.87691636899672,-2.4841251928195334,-0.4184036707667871,594.9598336144945,50.15718372260925,1186.1906699245274,7.452489294420616,-27.325831984863157
2862,-398.832549202727,-39.883254920272705,9.93661448724015,1.6806658037757494,585.0232191272544,49.31949255379636,1186.1906699245274,7.452489294420616,-27.325831984863157
2863,-381.44338856308514,-38.144338856308515,17.389160639641887,2.892565227305677,567.6340584876125,47.85352581838541,1186.1906699245274,7.452489294420616,-27.325831984863157
2864,-391.3800599083064,-39.138005990830635,-9.93667134522127,-1.6064287668251187,577.5707298328338,48.6912217805239,1186.1906699245274,7.452489294420616,-27.325831984863157
2865,-378.9592065122846,-37.89592065122845,12.420853396021812,2.0408226181597877,565.149876436812,47.644100629519386,1186.1906699245274,7.452489294420616,-27.325831984863157
2866,-396.3483671519265,-39.63483671519265,-17.389160639641887,-2.8000029663085013,582.5390370764538,49.11006736493034,1186.1906699245274,7.452489294420616,-27.325831984863157
2867,-401.91535772115105,-40.1915357721151,-5.566990569224572,-0.9222190856933654,588.1060276456784,49.579384036387445,1186.1906699245274,7.452489294420616,-27.325831984863157
2868,-402.5128448762747,-40.25128448762747,-0.5974871551236447,-0.09990009990008542,588.703514800802,49.62975428210533,1186.1906699245274,0.0,0.0
2869,-402.5128448762747,-40.25128448762747,0.0,0.0,588.703514800802,49.62975428210533,1186.1906699245274,0.0,0.0
2870,-397.5952738812862,-39.75952738812861,4.917570994988523,0.823042127821183,583.7859438058135,49.215185939960016,1186.1906699245274,4.917570994988523,0.0
2871,-392.6776466089491,-39.26776466089491,4.917627272337086,0.8163327841103296,578.8683165334764,48.80061285343844,1186.1906699245274,9.835198267325609,0.0
2872,-400.05403124010616,-40.00540312401062,-7.376384631157066,-1.2145748612693463,586.2447011646335,49.422467738844546,1186.1906699245274,9.835198267325609,0.0
2873,-404.97165851244324,-40.49716585124432,-4.917627272337086,-0.819678359119902,591.1623284369706,49.83704082536612,1186.1906699245274,9.835198267325609,-2.458813636168543
2874,-404.97165851244324,-40.49716585124432,0.0,0.0,591.1623284369706,49.83704082536612,1186.1906699245274,9.835198267325609,-2.458813636168543
2875,-404.97165851244324,-40.49716585124432,0.0,0.0,591.1623284369706,49.83704082536612,1186.1906699245274,9.835198267325609,-2.458813636168543
2876,-404.97165851244324,-40.49716585124432,0.0,0.0,591.1623284369706,49.83704082536612,1186.1906699245274,9.835198267325609,-2.458813636168543
2877,-404.97165851244324,-40.49716585124432,0.0,0.0,591.1623284369706,49.83704082536612,1186.1906699245274,9.835198267325609,-2.458813636168543
2878,-414.8068005024204,-41.480680050242036,-9.83514198997716,-1.6528863088083434,600.9974704269478,50.66617750965676,1186.1906699245274,9.835198267325609,-12.293955626145703
2879,-414.8068005024204,-41.480680050242036,0.0,0.0,600.9974704269478,50.66617750965676,1186.1906699245274,9.835198267325609,-12.293955626145703
2880,-412.3480431436003,-41.23480431436003,2.458757358820094,0.42016164250218146,598.5387130681277,50.458895710772225,1186.1906699245274,9.835198267325609,-12.293955626145703
2881,-409.88922950743176,-40.98892295074318,2.458813636168543,0.41841324741294095,596.0798994319591,50.25160916751143,1186.1906699245274,9.835198267325609,-12.293955626145703
2882,-409.88922950743176,-40.98892295074318,0.0,0.0,596.0798994319591,50.25160916751143,1186.1906699245274,9.835198267325609,-12.293955626145703
2883,-409.88922950743176,-40.98892295074318,0.0,0.0,596.0798994319591,50.25160916751143,1186.1906699245274,9.835198267325609,-12.293955626145703
2884,-409.88922950743176,-40.98892295074318,0.0,0.0,596.0798994319591,50.25160916751143,1186.1906699245274,9.835198267325609,-12.293955626145703
2885,-414.8068005024204,-41.480680050242036,-4.917570994988637,-0.8333301544189653,600.9974704269478,50.66617750965676,1186.1906699245274,9.835198267325609,-12.293955626145703
2886,-409.88922950743176,-40.98892295074318,4.917570994988637,0.8403329018878969,596.0798994319591,50.25160916751143,1186.1906699245274,9.835198267325609,-12.293955626145703
2887,-402.5128448762747,-40.25128448762747,7.376384631157066,1.2499999999999956,588.703514800802,49.62975428210533,1186.1906699245274,9.835198267325609,-12.293955626145703
2888,-407.4304158712632,-40.74304158712633,-4.917570994988523,-0.8230421278211719,593.6210857957906,50.04432262425065,1186.1906699245274,9.835198267325609,-12.293955626145703
2889,-409.88922950743176,-40.98892295074318,-2.458813636168543,-0.4149409119240888,596.0798994319591,50.25160916751143,1186.1906699245274,9.835198267325609,-12.293955626145703
2890,-404.97165851244324,-40.49716585124432,4.917570994988523,0.833330154418932,591.1623284369706,49.83704082536612,1186.1906699245274,9.835198267325609,-12.293955626145703
2891,-407.4304158712632,-40.74304158712633,-2.4587573588199803,-0.41321684823837357,593.6210857957906,50.04432262425065,1186.1906699245274,9.835198267325609,-12.293955626145703
2892,-404.97165851244324,-40.49716585124432,2.4587573588199803,0.41493141475277273,591.1623284369706,49.83704082536612,1186.1906699245274,9.835198267325609,-12.293955626145703
2893,-380.3836909828034,-38.038369098280334,24.587967529639855,4.132234687875624,566.5743609073307,47.76418962588701,1186.1906699245274,22.12915389347131,-12.293955626145703
2894,-355.79572345316353,-35.57957234531636,24.587967529639855,3.968256995791486,541.9863933776909,45.6913384264079,1186.1906699245274,46.717121423111166,-12.293955626145703
2895,-365.63092172048914,-36.56309217204892,-9.835198267325609,-1.5267204247767174,551.8215916450165,46.52047985507479,1186.1906699245274,46.717121423111166,-12.293955626145703
2896,-343.50176782701783,-34.35017678270178,22.12915389347131,3.488372093023262,529.6924377515452,44.65491519885647,1186.1906699245274,59.01107704925687,-12.293955626145703
2897,-341.0429541908493,-34.10429541908493,2.458813636168543,0.3745346926571358,527.2336241153766,44.447628655595686,1186.1906699245274,61.46989068542541,-12.293955626145703
2898,-331.20781220087224,-33.120781220087224,9.835141989977046,1.4925315773655967,517.3984821253996,43.61849197130505,1186.1906699245274,71.30503267540246,-12.293955626145703
2899,-313.99622930238945,-31.399622930238948,17.21158289848279,2.5735322888748025,500.1868992269168,42.167495657232045,1186.1906699245274,88.51661557388525,-12.293955626145703
2900,-291.86707540891814,-29.18670754089181,22.12915389347131,3.2258064516129004,478.0577453334455,40.30193100101373,1186.1906699245274,110.64576946735656,-12.293955626145703
2901,-311.5374156662209,-31.153741566622095,-19.67034025730277,-2.777775128682458,497.72808559074826,41.96020911397126,1186.1906699245274,110.64576946735656,-12.293955626145703
2902,-313.99622930238945,-31.399622930238948,-2.458813636168543,-0.3571455721951722,500.1868992269168,42.167495657232045,1186.1906699245274,110.64576946735656,-12.293955626145703
2903,-311.5374156662209,-31.153741566622095,2.458813636168543,0.3584256736181013,497.72808559074826,41.96020911397126,1186.1906699245274,110.64576946735656,-12.293955626145703
2904,-296.78464640390666,-29.67846464039067,14.752769262314246,2.14285708446893,482.975316328434,40.71649934315904,1186.1906699245274,110.64576946735656,-12.293955626145703
2905,-294.3258890450867,-29.432588904508673,2.4587573588199803,0.34964500508221086,480.51655896961404,40.50921754427452,1186.1906699245274,110.64576946735656,-12.293955626145703
2906,-284.4906907777611,-28.449069077776112,9.835198267325609,1.393730918372027,470.68136070228843,39.68007611560762,1186.1906699245274,118.02215409851362,-12.293955626145703
2907,-277.114306146604,-27.711430614660404,7.376384631157066,1.0309278350515427,463.30497607113136,39.05822123020152,1186.1906699245274,125.39853872967069,-12.293955626145703
2908,-289.4082617727496,-28.940826177274957,-12.29395562614559,-1.7006776770766785,475.59893169727695,40.094644457752935,1186.1906699245274,125.39853872967069,-12.293955626145703
2909,-289.4082617727496,-28.940826177274957,0.0,0.0,475.59893169727695,40.094644457752935,1186.1906699245274,125.39853872967069,-12.293955626145703
2910,-286.9495044139296,-28.69495044139296,2.4587573588199803,0.34601547225330265,473.140174338457,39.88736265886841,1186.1906699245274,125.39853872967069,-12.293955626145703
2911,-284.4906907777611,-28.449069077776112,2.458813636168543,0.34483022610447556,470.68136070228843,39.68007611560762,1186.1906699245274,125.39853872967069,-12.293955626145703
2912,-286.9495044139296,-28.69495044139296,-2.458813636168543,-0.3436452334689144,473.140174338457,39.88736265886841,1186.1906699245274,125.39853872967069,-12.293955626145703
2913,-279.57311978277255,-27.957311978277254,7.376384631157066,1.0344827858361327,465.7637897072999,39.2655077734623,1186.1906699245274,125.39853872967069,-12.293955626145703
2914,-282.03187714159253,-28.20318771415925,-2.4587573588199803,-0.34129172943666575,468.2225470661199,39.472789572346834,1186.1906699245274,125.39853872967069,-12.293955626145703
2915,-277.114306146604,-27.711430614660404,4.917570994988523,0.6849288761471062,463.30497607113136,39.05822123020152,1186.1906699245274,125.39853872967069,-12.293955626145703
2916,-279.57311978277255,-27.957311978277254,-2.458813636168543,-0.3401386494539249,465.7637897072999,39.2655077734623,1186.1906699245274,125.39853872967069,-12.293955626145703
2917,-274.65549251043535,-27.46554925104353,4.917627272337199,0.6825990822072692,460.8461624349627,38.85093468694072,1186.1906699245274,127.85735236583935,-12.293955626145703
2918,-279.57311978277255,-27.957311978277254,-4.917627272337199,-0.6779712566318596,465.7637897072999,39.2655077734623,1186.1906699245274,127.85735236583935,-12.293955626145703
2919,-272.19673515161537,-27.219673515161535,7.37638463115718,1.023890811643935,458.3874050761427,38.643652888056195,1186.1906699245274,130.31610972465933,-12.293955626145703
2920,-286.9495044139296,-28.69495044139296,-14.752769262314246,-2.0270270792736134,473.140174338457,39.88736265886841,1186.1906699245274,130.31610972465933,-12.293955626145703
2921,-291.86707540891814,-29.18670754089181,-4.917570994988523,-0.6896525597316461,478.0577453334455,40.30193100101373,1186.1906699245274,130.31610972465933,-12.293955626145703
2922,-296.78464640390666,-29.67846464039067,-4.917570994988523,-0.6944417953491211,482.975316328434,40.71649934315904,1186.1906699245274,130.31610972465933,-12.293955626145703
2923,-294.3258890450867,-29.432588904508673,2.4587573588199803,0.34964500508221086,480.51655896961404,40.50921754427452,1186.1906699245274,130.31610972465933,-12.293955626145703
2924,-286.9495044139296,-28.69495044139296,7.376384631157066,1.0452961950347506,473.140174338457,39.88736265886841,1186.1906699245274,130.31610972465933,-12.293955626145703
2925,-299.2434600400753,-29.92434600400753,-12.293955626145703,-1.72413534556779,485.4341299646027,40.923785886419836,1186.1906699245274,130.31610972465933,-12.293955626145703
2926,-313.99622930238945,-31.399622930238948,-14.752769262314132,-2.105263157894721,500.1868992269168,42.167495657232045,1186.1906699245274,130.31610972465933,-12.293955626145703
2927,-323.8314275697152,-32.383142756971516,-9.835198267325723,-1.4336944908224236,510.02209749424253,42.996637085898946,1186.1906699245274,130.31610972465933,-12.293955626145703
2928,-321.37261393354663,-32.13726139335466,2.458813636168543,0.3636391480501766,507.563283858074,42.78935054263816,1186.1906699245274,130.31610972465933,-12.293955626145703
2929,-326.29018492853515,-32.62901849285351,-4.917570994988523,-0.7246349168860355,512.4808548530625,43.20391888478348,1186.1906699245274,130.31610972465933,-12.293955626145703
2930,-328.7489985647037,-32.87489985647037,-2.458813636168543,-0.3649662779378837,514.939668489231,43.41120542804426,1186.1906699245274,130.31610972465933,-12.293955626145703
2931,-306.6198446712324,-30.661984467123236,22.12915389347131,3.296703296703307,492.81051459575974,41.545640771825944,1186.1906699245274,130.31610972465933,-12.293955626145703
2932,-299.2434600400753,-29.92434600400753,7.376384631157066,1.0638297872340274,485.4341299646027,40.923785886419836,1186.1906699245274,130.31610972465933,-12.293955626145703
2933,-301.70227367624386,-30.170227367624392,-2.458813636168543,-0.3508798699629945,487.8929436007712,41.13107242968063,1186.1906699245274,130.31610972465933,-12.293955626145703
2934,-304.16103103506384,-30.416103103506387,-2.4587573588199803,-0.3521073127023211,490.3517009595912,41.33835422856515,1186.1906699245274,130.31610972465933,-12.293955626145703
2935,-304.16103103506384,-30.416103103506387,0.0,0.0,490.3517009595912,41.33835422856515,1186.1906699245274,130.31610972465933,-12.293955626145703
2936,-301.70227367624386,-30.170227367624392,2.4587573588199803,0.35335148913511194,487.8929436007712,41.13107242968063,1186.1906699245274,130.31610972465933,-12.293955626145703
2937,-318.913800297378,-31.891380029737793,-17.211526621134112,-2.4647834257954027,505.10447022190533,42.58206399937736,1186.1906699245274,130.31610972465933,-12.293955626145703
2938,-328.7489985647037,-32.87489985647037,-9.835198267325723,-1.4440460358204343,514.939668489231,43.41120542804426,1186.1906699245274,130.31610972465933,-12.293955626145703
2939,-321.37261393354663,-32.13726139335466,7.376384631157066,1.098901098901095,507.563283858074,42.78935054263816,1186.1906699245274,130.31610972465933,-12.293955626145703
2940,-331.20781220087224,-33.120781220087224,-9.835198267325609,-1.4492781265922128,517.3984821253996,43.61849197130505,1186.1906699245274,130.31610972465933,-12.293955626145703
2941,-328.7489985647037,-32.87489985647037,2.458813636168543,0.36764987406028293,514.939668489231,43.41120542804426,1186.1906699245274,130.31610972465933,-12.293955626145703
2942,-328.7489985647037,-32.87489985647037,0.0,0.0,514.939668489231,43.41120542804426,1186.1906699245274,130.31610972465933,-12.293955626145703
2943,-331.20781220087224,-33.120781220087224,-2.458813636168543,-0.3663031609503764,517.3984821253996,43.61849197130505,1186.1906699245274,130.31610972465933,-12.293955626145703
2944,-323.8314275697152,-32.383142756971516,7.376384631157066,1.1029412074072598,510.02209749424253,42.996637085898946,1186.1906699245274,130.31610972465933,-12.293955626145703
2945,-321.37261393354663,-32.13726139335466,2.458813636168543,0.3636391480501766,507.563283858074,42.78935054263816,1186.1906699245274,130.31610972465933,-12.293955626145703
2946,-318.913800297378,-31.891380029737793,2.4588136361686566,0.3623216048530997,505.10447022190533,42.58206399937736,1186.1906699245274,130.31610972465933,-12.293955626145703
2947,-318.913800297378,-31.891380029737793,0.0,0.0,505.10447022190533,42.58206399937736,1186.1906699245274,130.31610972465933,-12.293955626145703
2948,-304.16103103506384,-30.416103103506387,14.752769262314132,2.1660649222896566,490.3517009595912,41.33835422856515,1186.1906699245274,130.31610972465933,-12.293955626145703
2949,-289.4082617727496,-28.940826177274957,14.752769262314246,2.1201412855993196,475.59893169727695,40.094644457752935,1186.1906699245274,130.31610972465933,-12.293955626145703
2950,-296.78464640390666,-29.67846464039067,-7.376384631157066,-1.0380622563329167,482.975316328434,40.71649934315904,1186.1906699245274,130.31610972465933,-12.293955626145703
2951,-291.86707540891814,-29.18670754089181,4.917570994988523,0.6992980130256177,478.0577453334455,40.30193100101373,1186.1906699245274,130.31610972465933,-12.293955626145703
2952,-299.2434600400753,-29.92434600400753,-7.37638463115718,-1.041666666666674,485.4341299646027,40.923785886419836,1186.1906699245274,130.31610972465933,-12.293955626145703
2953,-301.70227367624386,-30.170227367624392,-2.458813636168543,-0.3508798699629945,487.8929436007712,41.13107242968063,1186.1906699245274,130.31610972465933,-12.293955626145703
2954,-299.2434600400753,-29.92434600400753,2.458813636168543,0.3521153719221015,485.4341299646027,40.923785886419836,1186.1906699245274,130.31610972465933,-12.293955626145703
2955,-301.70227367624386,-30.170227367624392,-2.458813636168543,-0.3508798699629945,487.8929436007712,41.13107242968063,1186.1906699245274,130.31610972465933,-12.293955626145703
2956,-299.2434600400753,-29.92434600400753,2.458813636168543,0.3521153719221015,485.4341299646027,40.923785886419836,1186.1906699245274,130.31610972465933,-12.293955626145703
2957,-299.2434600400753,-29.92434600400753,0.0,0.0,485.4341299646027,40.923785886419836,1186.1906699245274,130.31610972465933,-12.293955626145703
2958,-294.3258890450867,-29.432588904508673,4.917570994988637,0.7017517089843883,480.51655896961404,40.50921754427452,1186.1906699245274,130.31610972465933,-12.293955626145703
2959,-294.3258890450867,-29.432588904508673,0.0,0.0,480.51655896961404,40.50921754427452,1186.1906699245274,130.31610972465933,-12.293955626145703
2960,-289.4082617727496,-28.940826177274957,4.917627272337086,0.6968694466745529,475.59893169727695,40.094644457752935,1186.1906699245274,130.31610972465933,-12.293955626145703
2961,-289.4082617727496,-28.940826177274957,0.0,0.0,475.59893169727695,40.094644457752935,1186.1906699245274,130.31610972465933,-12.293955626145703
2962,-294.3258890450867,-29.432588904508673,-4.917627272337086,-0.6920467840796141,480.51655896961404,40.50921754427452,1186.1906699245274,130.31610972465933,-12.293955626145703
2963,-299.2434600400753,-29.92434600400753,-4.917570994988637,-0.6968614716974963,485.4341299646027,40.923785886419836,1186.1906699245274,130.31610972465933,-12.293955626145703
2964,-309.07865830740093,-30.90786583074009,-9.835198267325609,-1.403511448910355,495.2693282319283,41.75292731508673,1186.1906699245274,130.31610972465933,-12.293955626145703
2965,-318.913800297378,-31.891380029737793,-9.835141989977046,-1.4234821529587105,505.10447022190533,42.58206399937736,1186.1906699245274,130.31610972465933,-12.293955626145703
2966,-341.0429541908493,-34.10429541908493,-22.12915389347131,-3.249097383434496,527.2336241153766,44.447628655595686,1186.1906699245274,130.31610972465933,-12.293955626145703
2967,-333.6665695596922,-33.36665695596922,7.376384631157066,1.1194029532075822,519.8572394842196,43.82577377018958,1186.1906699245274,130.31610972465933,-12.293955626145703
2968,-338.5841968320293,-33.85841968320293,-4.917627272337086,-0.7380129898461707,524.7748667565567,44.24034685671116,1186.1906699245274,130.31610972465933,-12.293955626145703
2969,-338.5841968320293,-33.85841968320293,0.0,0.0,524.7748667565567,44.24034685671116,1186.1906699245274,130.31610972465933,-12.293955626145703
2970,-333.6665695596922,-33.36665695596922,4.917627272337086,0.7435001172912958,519.8572394842196,43.82577377018958,1186.1906699245274,130.31610972465933,-12.293955626145703
2971,-326.29018492853515,-32.62901849285351,7.376384631157066,1.1070110389452825,512.4808548530625,43.20391888478348,1186.1906699245274,130.31610972465933,-12.293955626145703
2972,-333.6665695596922,-33.36665695596922,-7.376384631157066,-1.0948904804622184,519.8572394842196,43.82577377018958,1186.1906699245274,130.31610972465933,-12.293955626145703
2973,-313.99622930238945,-31.399622930238948,19.67034025730277,2.9520266219128066,500.1868992269168,42.167495657232045,1186.1906699245274,130.31610972465933,-12.293955626145703
2974,-316.455042938558,-31.645504293855797,-2.458813636168543,-0.3584256736181124,502.64571286308535,42.37478220049284,1186.1906699245274,130.31610972465933,-12.293955626145703
2975,-318.913800297378,-31.891380029737793,-2.4587573588199803,-0.3597067513145258,505.10447022190533,42.58206399937736,1186.1906699245274,130.31610972465933,-12.293955626145703
2976,-316.455042938558,-31.645504293855797,2.4587573588199803,0.3610053117936607,502.64571286308535,42.37478220049284,1186.1906699245274,130.31610972465933,-12.293955626145703
2977,-318.913800297378,-31.891380029737793,-2.4587573588199803,-0.3597067513145258,505.10447022190533,42.58206399937736,1186.1906699245274,130.31610972465933,-12.293955626145703
2978,-318.913800297378,-31.891380029737793,0.0,0.0,505.10447022190533,42.58206399937736,1186.1906699245274,130.31610972465933,-12.293955626145703
2979,-321.37261393354663,-32.13726139335466,-2.4588136361686566,-0.361013574675606,507.563283858074,42.78935054263816,1186.1906699245274,130.31610972465933,-12.293955626145703
2980,-321.37261393354663,-32.13726139335466,0.0,0.0,507.563283858074,42.78935054263816,1186.1906699245274,130.31610972465933,-12.293955626145703
2981,-323.8314275697152,-32.383142756971516,-2.458813636168543,-0.3623216048530886,510.02209749424253,42.996637085898946,1186.1906699245274,130.31610972465933,-12.293955626145703
2982,-322.05124131961304,-32.205124131961306,1.7801862501021333,0.2632755089021277,508.2419112441404,42.846561192095514,1186.1906699245274,130.31610972465933,-12.293955626145703
2983,-322.05124131961304,-32.205124131961306,0.0,0.0,508.2419112441404,42.846561192095514,1186.1906699245274,0.0,0.0
2984,-322.05124131961304,-32.205124131961306,0.0,0.0,508.2419112441404,42.846561192095514,1186.1906699245274,0.0,0.0
2985,-322.05124131961304,-32.205124131961306,0.0,0.0,508.2419112441404,42.846561192095514,1186.1906699245274,0.0,0.0
2986,-322.05124131961304,-32.205124131961306,0.0,0.0,508.2419112441404,42.846561192095514,1186.1906699245274,0.0,0.0
2987,-322.05124131961304,-32.205124131961306,0.0,0.0,508.2419112441404,42.846561192095514,1186.1906699245274,0.0,0.0
2988,-322.05124131961304,-32.205124131961306,0.0,0.0,508.2419112441404,42.846561192095514,1186.1906699245274,0.0,0.0
2989,-322.05124131961304,-32.205124131961306,0.0,0.0,508.2419112441404,42.846561192095514,1186.1906699245274,0.0,0.0
2990,-322.05124131961304,-32.205124131961306,0.0,0.0,508.2419112441404,42.846561192095514,1186.1906699245274,0.0,0.0
2991,-322.05124131961304,-32.205124131961306,0.0,0.0,508.2419112441404,42.846561192095514,1186.1906699245274,0.0,0.0
2992,-322.05124131961304,-32.205124131961306,0.0,0.0,508.2419112441404,42.846561192095514,1186.1906699245274,0.0,0.0
2993,-322.05124131961304,-32.205124131961306,0.0,0.0,508.2419112441404,42.846561192095514,1186.1906699245274,0.0,0.0
2994,-322.05124131961304,-32.205124131961306,0.0,0.0,508.2419112441404,42.846561192095514,1186.1906699245274,0.0,0.0
2995,-322.05124131961304,-32.205124131961306,0.0,0.0,508.2419112441404,42.846561192095514,1186.1906699245274,0.0,0.0
2996,-322.05124131961304,-32.205124131961306,0.0,0.0,508.2419112441404,42.846561192095514,1186.1906699245274,0.0,0.0
2997,-322.05124131961304,-32.205124131961306,0.0,0.0,508.2419112441404,42.846561192095514,1186.1906699245274,0.0,0.0
2998,-322.05124131961304,-32.205124131961306,0.0,0.0,508.2419112441404,42.846561192095514,1186.1906699245274,0.0,0.0
2999,-322.05124131961304,-32.205124131961306,0.0,0.0,508.2419112441404,42.846561192095514,1186.1906699245274,0.0,0.0
3000,-322.05124131961304,-32.205124131961306,0.0,0.0,508.2419112441404,42.846561192095514,1186.1906699245274,0.0,0.0
3001,-322.05124131961304,-32.205124131961306,0.0,0.0,508.2419112441404,42.846561192095514,1186.1906699245274,0.0,0.0
3002,-322.05124131961304,-32.205124131961306,0.0,0.0,508.2419112441404,42.846561192095514,1186.1906699245274,0.0,0.0
3003,-322.05124131961304,-32.205124131961306,0.0,0.0,508.2419112441404,42.846561192095514,1186.1906699245274,0.0,0.0
3004,-322.05124131961304,-32.205124131961306,0.0,0.0,508.2419112441404,42.846561192095514,1186.1906699245274,0.0,0.0
3005,-322.05124131961304,-32.205124131961306,0.0,0.0,508.2419112441404,42.846561192095514,1186.1906699245274,0.0,0.0
3006,-322.7285128068062,-32.27285128068061,-0.6772714871931385,-0.09990009990009652,508.91918273133354,42.90365753456095,1186.1906699245274,0.0,0.0
3007,-307.565718749059,-30.7565718749059,15.162794057747192,2.2388059064151866,493.75638867358634,41.625381247097664,1186.1906699245274,15.162794057747192,0.0
3008,-299.98432172018545,-29.99843217201854,7.581397028873539,1.0948904804622295,486.1749916447128,40.98624310336602,1186.1906699245274,22.74419108662073,0.0
3009,-293.11052176662065,-29.311052176662066,6.873799953564799,0.9819494286836816,479.301191691148,40.40675785467475,1186.1906699245274,29.61799104018553,0.0
3010,-293.11052176662065,-29.311052176662066,0.0,0.0,479.301191691148,40.40675785467475,1186.1906699245274,0.0,0.0
3011,-293.11052176662065,-29.311052176662066,0.0,0.0,479.301191691148,40.40675785467475,1186.1906699245274,0.0,0.0
3012,-293.11052176662065,-29.311052176662066,0.0,0.0,479.301191691148,40.40675785467475,1186.1906699245274,0.0,0.0
3013,-293.11052176662065,-29.311052176662066,0.0,0.0,479.301191691148,40.40675785467475,1186.1906699245274,0.0,0.0
3014,-293.11052176662065,-29.311052176662066,0.0,0.0,479.301191691148,40.40675785467475,1186.1906699245274,0.0,0.0
3015,-293.11052176662065,-29.311052176662066,0.0,0.0,479.301191691148,40.40675785467475,1186.1906699245274,0.0,0.0
3016,-293.11052176662065,-29.311052176662066,0.0,0.0,479.301191691148,40.40675785467475,1186.1906699245274,0.0,0.0
3017,-293.816705061559,-29.3816705061559,-0.7061832949383415,-0.09990009990008542,480.00737498608635,40.466291563111625,1186.1906699245274,0.0,0.0
3018,-291.4147027394862,-29.14147027394862,2.4020023220728035,0.3401386494539249,477.60537266401354,40.26379441126456,1186.1906699245274,2.4020023220728035,0.0
3019,-296.2187073836318,-29.621870738363178,-4.804004644145607,-0.6779712566318485,482.40937730815915,40.6687887149587,1186.1906699245274,2.4020023220728035,-2.4020023220728035
3020,-291.4147027394862,-29.14147027394862,4.804004644145607,0.682599082207247,477.60537266401354,40.26379441126456,1186.1906699245274,2.4020023220728035,-2.4020023220728035
3021,-293.816705061559,-29.3816705061559,-2.4020023220728035,-0.33898562831592427,480.00737498608635,40.466291563111625,1186.1906699245274,2.4020023220728035,-2.4020023220728035
3022,-281.80680340529625,-28.18068034052963,12.009901656262741,1.7006776770766896,467.9974733298236,39.45381507338955,1186.1906699245274,12.009901656262741,-2.4020023220728035
3023,-255.38494279364738,-25.53849427936474,26.421860611648867,3.678934963033287,441.57561271817474,37.226360307341686,1186.1906699245274,38.43176226791161,-2.4020023220728035
3024,-240.97303881531184,-24.097303881531186,14.411903978335545,1.935483823333639,427.1637087398392,36.01138666577254,1186.1906699245274,52.84366624624715,-2.4020023220728035
3025,-240.97303881531184,-24.097303881531186,0.0,0.0,427.1637087398392,36.01138666577254,1186.1906699245274,52.84366624624715,-2.4020023220728035
3026,-239.33252037881948,-23.933252037881946,1.640518436492357,0.2161344089717021,425.52319030334684,35.87308525453342,1186.1906699245274,54.48418468273951,-2.4020023220728035
3027,-239.33252037881948,-23.933252037881946,0.0,0.0,425.52319030334684,35.87308525453342,1186.1906699245274,0.0,0.0
3028,-239.33252037881948,-23.933252037881946,0.0,0.0,425.52319030334684,35.87308525453342,1186.1906699245274,0.0,0.0
3029,-239.33252037881948,-23.933252037881946,0.0,0.0,425.52319030334684,35.87308525453342,1186.1906699245274,0.0,0.0
3030,-239.33252037881948,-23.933252037881946,0.0,0.0,425.52319030334684,35.87308525453342,1186.1906699245274,0.0,0.0
3031,-239.33252037881948,-23.933252037881946,0.0,0.0,425.52319030334684,35.87308525453342,1186.1906699245274,0.0,0.0
3032,-239.33252037881948,-23.933252037881946,0.0,0.0,425.52319030334684,35.87308525453342,1186.1906699245274,0.0,0.0
3033,-239.33252037881948,-23.933252037881946,0.0,0.0,425.52319030334684,35.87308525453342,1186.1906699245274,0.0,0.0
3034,-239.33252037881948,-23.933252037881946,0.0,0.0,425.52319030334684,35.87308525453342,1186.1906699245274,0.0,0.0
3035,-239.33252037881948,-23.933252037881946,0.0,0.0,425.52319030334684,35.87308525453342,1186.1906699245274,0.0,0.0
3036,-239.33252037881948,-23.933252037881946,0.0,0.0,425.52319030334684,35.87308525453342,1186.1906699245274,0.0,0.0
3037,-239.33252037881948,-23.933252037881946,0.0,0.0,425.52319030334684,35.87308525453342,1186.1906699245274,0.0,0.0
3038,-239.33252037881948,-23.933252037881946,0.0,0.0,425.52319030334684,35.87308525453342,1186.1906699245274,0.0,0.0
3039,-239.33252037881948,-23.933252037881946,0.0,0.0,425.52319030334684,35.87308525453342,1186.1906699245274,0.0,0.0
3040,-239.33252037881948,-23.933252037881946,0.0,0.0,425.52319030334684,35.87308525453342,1186.1906699245274,0.0,0.0
3041,-240.09242795086857,-24.00924279508686,-0.7599075720490873,-0.09990009990009652,426.2830978753959,35.93714810642699,1186.1906699245274,0.0,0.0
3042,-222.9332625374475,-22.29332625374475,17.15916541342108,2.2580595383660196,409.12393246197485,34.490570768694866,1186.1906699245274,17.15916541342108,0.0
3043,-222.9332625374475,-22.29332625374475,0.0,0.0,409.12393246197485,34.490570768694866,1186.1906699245274,17.15916541342108,0.0
3044,-232.73848388621934,-23.273848388621932,-9.805221348771852,-1.2618248698676782,418.9291538107467,35.31718503884384,1186.1906699245274,17.15916541342108,0.0
3045,-252.34903879604428,-25.23490387960443,-19.61055490982494,-2.555915355842875,438.53970872057164,36.97042303902746,1186.1906699245274,17.15916541342108,-12.256610845175715
3046,-257.25164947043027,-25.725164947043023,-4.902610674385983,-0.6557352198800381,443.4423193949576,37.383730174101956,1186.1906699245274,17.15916541342108,-17.159221519561697
3047,-252.34903879604428,-25.23490387960443,4.902610674385983,0.6600634886486878,438.53970872057164,36.97042303902746,1186.1906699245274,17.15916541342108,-17.159221519561697
3048,-247.4463720155178,-24.74463720155178,4.902666780526488,0.6557427242027014,433.63704194004515,36.557111174010146,1186.1906699245274,17.15916541342108,-17.159221519561697
3049,-247.4463720155178,-24.74463720155178,0.0,0.0,433.63704194004515,36.557111174010146,1186.1906699245274,17.15916541342108,-17.159221519561697
3050,-259.7029828606935,-25.970298286069347,-12.256610845175715,-1.628669424928808,445.89365278522087,37.590386106610616,1186.1906699245274,17.15916541342108,-19.61055490982494
3051,-247.4463720155178,-24.74463720155178,12.256610845175715,1.6556342334781204,433.63704194004515,36.557111174010146,1186.1906699245274,17.15916541342108,-19.61055490982494
3052,-254.80031608016702,-25.480031608016706,-7.353944064649227,-0.977198672783608,440.9909860046944,37.177074241593296,1186.1906699245274,17.15916541342108,-19.61055490982494
3053,-249.89770540578104,-24.989770540578103,4.902610674385983,0.6578922106619478,436.0883753303084,36.7637671065188,1186.1906699245274,17.15916541342108,-19.61055490982494
3054,-252.34903879604428,-25.23490387960443,-2.451333390263244,-0.3267998788870963,438.53970872057164,36.97042303902746,1186.1906699245274,17.15916541342108,-19.61055490982494
3055,-330.7910901169223,-33.07910901169223,-78.44205132087802,-10.491801039693893,516.9817600414497,43.58336084993344,1186.1906699245274,17.15916541342108,-90.69866216605374
3056,-333.24242350718555,-33.324242350718556,-2.451333390263244,-0.3663031609503764,519.4330934317129,43.790016782442095,1186.1906699245274,17.15916541342108,-93.14999555631698
3057,-330.7910901169223,-33.07910901169223,2.451333390263244,0.36764987406028293,516.9817600414497,43.58336084993344,1186.1906699245274,17.15916541342108,-93.14999555631698
3058,-313.6318685973606,-31.363186859736057,17.159221519561697,2.5641053587525775,499.82253852188796,42.13677878225848,1186.1906699245274,17.15916541342108,-93.14999555631698
3059,-318.5345353778872,-31.853453537788724,-4.9026667805266015,-0.7142911443903555,504.72520530241457,42.55009064727581,1186.1906699245274,17.15916541342108,-93.14999555631698
3060,-316.08320198762385,-31.608320198762385,2.4513333902633576,0.35971498447433525,502.2738719121512,42.34343471476714,1186.1906699245274,17.15916541342108,-93.14999555631698
3061,-323.4371460522731,-32.343714605227305,-7.353944064649227,-1.0752688172043001,509.62781597680043,42.963397782350285,1186.1906699245274,17.15916541342108,-93.14999555631698
3062,-320.98581266200983,-32.09858126620099,2.451333390263244,0.3623216048530775,507.1764825865372,42.75674184984163,1186.1906699245274,17.15916541342108,-93.14999555631698
3063,-325.88847944253644,-32.588847944253644,-4.9026667805266015,-0.7220271493511898,512.0791493670638,43.17005371485896,1186.1906699245274,17.15916541342108,-93.14999555631698
3064,-325.88847944253644,-32.588847944253644,0.0,0.0,512.0791493670638,43.17005371485896,1186.1906699245274,17.15916541342108,-93.14999555631698
3065,-318.5345353778872,-31.853453537788724,7.353944064649227,1.090909121174466,504.72520530241457,42.55009064727581,1186.1906699245274,17.15916541342108,-93.14999555631698
3066,-313.6318685973606,-31.363186859736057,4.9026667805266015,0.7194299689486483,499.82253852188796,42.13677878225848,1186.1906699245274,17.15916541342108,-93.14999555631698
3067,-316.08320198762385,-31.608320198762385,-2.451333390263244,-0.3571455721951722,502.2738719121512,42.34343471476714,1186.1906699245274,17.15916541342108,-93.14999555631698
3068,-320.98581266200983,-32.09858126620099,-4.902610674385983,-0.7168431435861988,507.1764825865372,42.75674184984163,1186.1906699245274,17.15916541342108,-93.14999555631698
3069,-313.6318685973606,-31.363186859736057,7.353944064649227,1.0830324611448283,499.82253852188796,42.13677878225848,1186.1906699245274,17.15916541342108,-93.14999555631698
3070,-323.4371460522731,-32.343714605227305,-9.80527745491247,-1.428574114429637,509.62781597680043,42.963397782350285,1186.1906699245274,17.15916541342108,-93.14999555631698
3071,-328.33975672665906,-32.83397567266591,-4.902610674385983,-0.7246349168860466,514.5304266511864,43.37670491742478,1186.1906699245274,17.15916541342108,-93.14999555631698
3072,-345.49897824622076,-34.54989782462208,-17.159221519561697,-2.5547472388623316,531.6896481707481,44.82328698509974,1186.1906699245274,17.15916541342108,-105.40655029535219
3073,-328.33975672665906,-32.83397567266591,17.159221519561697,2.621725703893074,514.5304266511864,43.37670491742478,1186.1906699245274,17.15916541342108,-105.40655029535219
3074,-320.98581266200983,-32.09858126620099,7.353944064649227,1.0948904804622295,507.1764825865372,42.75674184984163,1186.1906699245274,17.15916541342108,-105.40655029535219
3075,-316.08320198762385,-31.608320198762385,4.902610674385983,0.7220188864692556,502.2738719121512,42.34343471476714,1186.1906699245274,17.15916541342108,-105.40655029535219
3076,-313.6318685973606,-31.363186859736057,2.451333390263244,0.3584256736181013,499.82253852188796,42.13677878225848,1186.1906699245274,17.15916541342108,-105.40655029535219
3077,-311.180591313238,-31.118059131323793,2.451277284122625,0.35713739784410947,497.37126123776534,41.93012757969265,1186.1906699245274,17.15916541342108,-105.40655029535219
3078,-303.82664724858876,-30.382664724858877,7.353944064649227,1.0676156873496767,490.0173171731161,41.3101645121095,1186.1906699245274,17.15916541342108,-105.40655029535219
3079,-296.47270318393953,-29.647270318393947,7.353944064649227,1.0563380565465463,482.6633731084669,40.69020144452636,1186.1906699245274,17.15916541342108,-105.40655029535219
3080,-296.47270318393953,-29.647270318393947,0.0,0.0,482.6633731084669,40.69020144452636,1186.1906699245274,17.15916541342108,-105.40655029535219
3081,-298.92398046806227,-29.892398046806225,-2.451277284122739,-0.3484267483602199,485.1146503925896,40.89685264709219,1186.1906699245274,17.15916541342108,-105.40655029535219
3082,-291.57003640341304,-29.157003640341305,7.353944064649227,1.0489510209690245,477.7607063279404,40.27688957950904,1186.1906699245274,17.15916541342108,-105.40655029535219
3083,-294.0213697936763,-29.402136979367633,-2.451333390263244,-0.34602339203980703,480.21203971820364,40.4835455120177,1186.1906699245274,17.15916541342108,-105.40655029535219
3084,-291.57003640341304,-29.157003640341305,2.451333390263244,0.34722487131753077,477.7607063279404,40.27688957950904,1186.1906699245274,17.15916541342108,-105.40655029535219
3085,-289.1187591192903,-28.91187591192903,2.451277284122739,0.34601547225332485,475.30942904381766,40.07023837694321,1186.1906699245274,17.15916541342108,-105.40655029535219
3086,-296.47270318393953,-29.647270318393947,-7.353944064649227,-1.0344827858361327,482.6633731084669,40.69020144452636,1186.1906699245274,17.15916541342108,-105.40655029535219
3087,-298.92398046806227,-29.892398046806225,-2.451277284122739,-0.3484267483602199,485.1146503925896,40.89685264709219,1186.1906699245274,17.15916541342108,-105.40655029535219
3088,-294.0213697936763,-29.402136979367633,4.902610674385983,0.6992980130256177,480.21203971820364,40.4835455120177,1186.1906699245274,17.15916541342108,-105.40655029535219
3089,-281.7648150546412,-28.176481505464125,12.256554739035096,1.736108462015773,467.95548497916855,39.45027530936006,1186.1906699245274,17.15916541342108,-105.40655029535219
3090,-274.41087098999196,-27.441087098999194,7.353944064649227,1.0238908116439127,460.6015409145193,38.830312241776916,1186.1906699245274,17.15916541342108,-105.40655029535219
3091,-279.31348166437783,-27.931348166437786,-4.902610674385869,-0.6756731155929785,465.5041515889052,39.2436193768514,1186.1906699245274,17.15916541342108,-105.40655029535219
3092,-274.41087098999196,-27.441087098999194,4.902610674385869,0.6802695138113712,460.6015409145193,38.830312241776916,1186.1906699245274,17.15916541342108,-105.40655029535219
3093,-254.80031608016702,-25.480031608016706,19.61055490982494,2.7027079273612475,440.9909860046944,37.177074241593296,1186.1906699245274,17.15916541342108,-105.40655029535219
3094,-252.34903879604428,-25.23490387960443,2.451277284122739,0.32894234082718743,438.53970872057164,36.97042303902746,1186.1906699245274,17.15916541342108,-105.40655029535219
3095,-242.5437613411318,-24.254376134113176,9.80527745491247,1.3114779440827284,428.73443126565917,36.14380403893565,1186.1906699245274,17.15916541342108,-105.40655029535219
3096,-242.5437613411318,-24.254376134113176,0.0,0.0,428.73443126565917,36.14380403893565,1186.1906699245274,17.15916541342108,-105.40655029535219
3097,-249.89770540578104,-24.989770540578103,-7.353944064649227,-0.9708737864077666,436.0883753303084,36.7637671065188,1186.1906699245274,17.15916541342108,-105.40655029535219
3098,-252.34903879604428,-25.23490387960443,-2.451333390263244,-0.3267998788870963,438.53970872057164,36.97042303902746,1186.1906699245274,17.15916541342108,-105.40655029535219
3099,-249.89770540578104,-24.989770540578103,2.451333390263244,0.3278713621013507,436.0883753303084,36.7637671065188,1186.1906699245274,17.15916541342108,-105.40655029535219
3100,-265.3409879415444,-26.53409879415445,-15.443282535763387,-2.0588235294117685,451.5316578660718,38.06568954844342,1186.1906699245274,17.15916541342108,-105.40655029535219
3101,-265.3409879415444,-26.53409879415445,0.0,0.0,451.5316578660718,38.06568954844342,1186.1906699245274,0.0,0.0
3102,-265.3409879415444,-26.53409879415445,0.0,0.0,451.5316578660718,38.06568954844342,1186.1906699245274,0.0,0.0
3103,-265.3409879415444,-26.53409879415445,0.0,0.0,451.5316578660718,38.06568954844342,1186.1906699245274,0.0,0.0
3104,-265.3409879415444,-26.53409879415445,0.0,0.0,451.5316578660718,38.06568954844342,1186.1906699245274,0.0,0.0
3105,-265.3409879415444,-26.53409879415445,0.0,0.0,451.5316578660718,38.06568954844342,1186.1906699245274,0.0,0.0
3106,-265.3409879415444,-26.53409879415445,0.0,0.0,451.5316578660718,38.06568954844342,1186.1906699245274,0.0,0.0
3107,-265.3409879415444,-26.53409879415445,0.0,0.0,451.5316578660718,38.06568954844342,1186.1906699245274,0.0,0.0
3108,-265.3409879415444,-26.53409879415445,0.0,0.0,451.5316578660718,38.06568954844342,1186.1906699245274,0.0,0.0
3109,-265.3409879415444,-26.53409879415445,0.0,0.0,451.5316578660718,38.06568954844342,1186.1906699245274,0.0,0.0
3110,-265.3409879415444,-26.53409879415445,0.0,0.0,451.5316578660718,38.06568954844342,1186.1906699245274,0.0,0.0
3111,-265.3409879415444,-26.53409879415445,0.0,0.0,451.5316578660718,38.06568954844342,1186.1906699245274,0.0,0.0
3112,-265.3409879415444,-26.53409879415445,0.0,0.0,451.5316578660718,38.06568954844342,1186.1906699245274,0.0,0.0
3113,-265.3409879415444,-26.53409879415445,0.0,0.0,451.5316578660718,38.06568954844342,1186.1906699245274,0.0,0.0
3114,-265.3409879415444,-26.53409879415445,0.0,0.0,451.5316578660718,38.06568954844342,1186.1906699245274,0.0,0.0
3115,-265.3409879415444,-26.53409879415445,0.0,0.0,451.5316578660718,38.06568954844342,1186.1906699245274,0.0,0.0
3116,-265.3409879415444,-26.53409879415445,0.0,0.0,451.5316578660718,38.06568954844342,1186.1906699245274,0.0,0.0
3117,-265.3409879415444,-26.53409879415445,0.0,0.0,451.5316578660718,38.06568954844342,1186.1906699245274,0.0,0.0
3118,-265.3409879415444,-26.53409879415445,0.0,0.0,451.5316578660718,38.06568954844342,1186.1906699245274,0.0,0.0
3119,-265.3409879415444,-26.53409879415445,0.0,0.0,451.5316578660718,38.06568954844342,1186.1906699245274,0.0,0.0
3120,-265.3409879415444,-26.53409879415445,0.0,0.0,451.5316578660718,38.06568954844342,1186.1906699245274,0.0,0.0
3121,-265.3409879415444,-26.53409879415445,0.0,0.0,451.5316578660718,38.06568954844342,1186.1906699245274,0.0,0.0
3122,-265.3409879415444,-26.53409879415445,0.0,0.0,451.5316578660718,38.06568954844342,1186.1906699245274,0.0,0.0
3123,-265.3409879415444,-26.53409879415445,0.0,0.0,451.5316578660718,38.06568954844342,1186.1906699245274,0.0,0.0
3124,-265.3409879415444,-26.53409879415445,0.0,0.0,451.5316578660718,38.06568954844342,1186.1906699245274,0.0,0.0
3125,-265.3409879415444,-26.53409879415445,0.0,0.0,451.5316578660718,38.06568954844342,1186.1906699245274,0.0,0.0
3126,-265.3409879415444,-26.53409879415445,0.0,0.0,451.5316578660718,38.06568954844342,1186.1906699245274,0.0,0.0
3127,-265.3409879415444,-26.53409879415445,0.0,0.0,451.5316578660718,38.06568954844342,1186.1906699245274,0.0,0.0
3128,-265.3409879415444,-26.53409879415445,0.0,0.0,451.5316578660718,38.06568954844342,1186.1906699245274,0.0,0.0
3129,-265.3409879415444,-26.53409879415445,0.0,0.0,451.5316578660718,38.06568954844342,1186.1906699245274,0.0,0.0
3130,-265.3409879415444,-26.53409879415445,0.0,0.0,451.5316578660718,38.06568954844342,1186.1906699245274,0.0,0.0
3131,-265.3409879415444,-26.53409879415445,0.0,0.0,451.5316578660718,38.06568954844342,1186.1906699245274,0.0,0.0
3132,-265.3409879415444,-26.53409879415445,0.0,0.0,451.5316578660718,38.06568954844342,1186.1906699245274,0.0,0.0
3133,-266.0749130285159,-26.60749130285158,-0.7339250869714533,-0.09990009990009652,452.26558295304324,38.12756198645696,1186.1906699245274,0.0,0.0
3134,-266.0749130285159,-26.60749130285158,0.0,0.0,452.26558295304324,38.12756198645696,1186.1906699245274,0.0,0.0
3135,-263.69973281370835,-26.36997328137084,2.3751802148075285,0.32362706452897516,449.8904027382357,37.92732603156122,1186.1906699245274,2.3751802148075285,0.0
3136,-263.69973281370835,-26.36997328137084,0.0,0.0,449.8904027382357,37.92732603156122,1186.1906699245274,2.3751802148075285,0.0
3137,-261.3246069620469,-26.132460696204696,2.375125851661437,0.3225757150323805,447.51527688657427,37.72709465966782,1186.1906699245274,4.750306066468966,0.0
3138,-261.3246069620469,-26.132460696204696,0.0,0.0,447.51527688657427,37.72709465966782,1186.1906699245274,4.750306066468966,0.0
3139,-244.69845418468628,-24.469845418468626,16.62615277736063,2.2508063669187894,430.88912410921364,36.32545214140231,1186.1906699245274,21.376458843829596,0.0
3140,-256.57424653243186,-25.65742465324319,-11.875792347745573,-1.5723246448444916,442.7649164569592,37.32662274987634,1186.1906699245274,21.376458843829596,0.0
3141,-244.69845418468628,-24.469845418468626,11.875792347745573,1.5974416130128954,430.88912410921364,36.32545214140231,1186.1906699245274,21.376458843829596,0.0
3142,-237.57296790340968,-23.757296790340966,7.125486281276608,0.9433962264151052,423.76363782793703,35.72474885971742,1186.1906699245274,28.501945125106204,0.0
3143,-232.8226618369407,-23.282266183694066,4.750306066468966,0.6230505827431232,419.01333176146807,35.32428153292828,1186.1906699245274,33.25225119157517,0.0
3144,-237.57296790340968,-23.757296790340966,-4.750306066468966,-0.619192699023563,423.76363782793703,35.72474885971742,1186.1906699245274,33.25225119157517,0.0
3145,-235.19778768860215,-23.51977876886021,2.3751802148075285,0.31152885650920226,421.3884576131295,35.524512904821684,1186.1906699245274,33.25225119157517,0.0
3146,-228.07230140732565,-22.80723014073257,7.125486281276494,0.9316769965585836,414.262971331853,34.923809623136805,1186.1906699245274,38.002611621190226,0.0
3147,-223.32199534085657,-22.33219953408566,4.750306066469079,0.6153822534324727,409.51266526538393,34.52334229634765,1186.1906699245274,42.752917687659306,0.0
3148,-228.07230140732565,-22.80723014073257,-4.750306066469079,-0.6116184619588627,414.262971331853,34.923809623136805,1186.1906699245274,42.752917687659306,0.0
3149,-230.44748162213318,-23.044748162213313,-2.3751802148075285,-0.3076946479751652,416.63815154666054,35.12404557803254,1186.1906699245274,42.752917687659306,0.0
3150,-244.69845418468628,-24.469845418468626,-14.250972562553102,-1.851851851851849,430.88912410921364,36.32545214140231,1186.1906699245274,42.752917687659306,0.0
3151,-242.32327396987876,-24.232327396987873,2.3751802148075285,0.3144678079856966,428.5139438944061,36.12521618650657,1186.1906699245274,42.752917687659306,0.0
3152,-239.9481481182172,-23.99481481182172,2.3751258516615508,0.31347483300776524,426.13881804274456,35.92498481461316,1186.1906699245274,42.752917687659306,0.0
3153,-256.57424653243186,-25.65742465324319,-16.626098414214653,-2.1874952837823813,442.7649164569592,37.32662274987634,1186.1906699245274,42.752917687659306,0.0
3154,-249.44876025115525,-24.944876025115526,7.125486281276608,0.9584664303114554,435.6394301756826,36.72591946819146,1186.1906699245274,42.752917687659306,0.0
3155,-263.69973281370835,-26.36997328137084,-14.250972562553102,-1.8987341313728145,449.8904027382357,37.92732603156122,1186.1906699245274,42.752917687659306,0.0
3156,-263.69973281370835,-26.36997328137084,0.0,0.0,449.8904027382357,37.92732603156122,1186.1906699245274,42.752917687659306,0.0
3157,-266.0749130285159,-26.60749130285158,-2.3751802148075285,-0.32258309831721954,452.26558295304324,38.12756198645696,1186.1906699245274,42.752917687659306,0.0
3158,-263.69973281370835,-26.36997328137084,2.3751802148075285,0.32362706452897516,449.8904027382357,37.92732603156122,1186.1906699245274,42.752917687659306,0.0
3159,-251.82394046596278,-25.18239404659628,11.875792347745573,1.6129007250164307,438.01461039049013,36.926155423087195,1186.1906699245274,42.752917687659306,0.0
3160,-263.69973281370835,-26.36997328137084,-11.875792347745573,-1.5872991652715829,449.8904027382357,37.92732603156122,1186.1906699245274,42.752917687659306,0.0
3161,-285.07619165753795,-28.507619165753795,-21.376458843829596,-2.9032257350004587,471.2668615820653,39.729435876615874,1186.1906699245274,42.752917687659306,-19.001278629022067
3162,-289.8265520871531,-28.982655208715315,-4.750360429615171,-0.6644568797658068,476.0172220116805,40.12990778640735,1186.1906699245274,42.752917687659306,-23.751639058637238
3163,-285.07619165753795,-28.507619165753795,4.750360429615171,0.6689014414121175,471.2668615820653,39.729435876615874,1186.1906699245274,42.752917687659306,-23.751639058637238
3164,-270.82521909498496,-27.082521909498492,14.250972562552988,1.9933554312023372,457.0158890195123,38.52802931324611,1186.1906699245274,42.752917687659306,-23.751639058637238
3165,-285.07619165753795,-28.507619165753795,-14.250972562552988,-1.9543973455671937,471.2668615820653,39.729435876615874,1186.1906699245274,42.752917687659306,-23.751639058637238
3166,-277.95070537626145,-27.79507053762614,7.125486281276494,0.9966777156011686,464.1413753007888,39.128732594930995,1186.1906699245274,42.752917687659306,-23.751639058637238
3167,-268.4500932433234,-26.845009324332338,9.500612132938045,1.3157844213238734,454.64076316785076,38.3277979413527,1186.1906699245274,42.752917687659306,-23.751639058637238
3168,-258.9494267472394,-25.894942674723943,9.500666496084023,1.2987038079473212,445.14009667176674,37.52685870477208,1186.1906699245274,42.752917687659306,-23.751639058637238
3169,-263.69973281370835,-26.36997328137084,-4.750306066468966,-0.6410231957068802,449.8904027382357,37.92732603156122,1186.1906699245274,42.752917687659306,-23.751639058637238
3170,-275.5755795246,-27.557557952459998,-11.875846710891665,-1.6129081083012808,461.7662494491274,38.928501223037586,1186.1906699245274,42.752917687659306,-23.751639058637238
3171,-268.4500932433234,-26.845009324332338,7.125486281276608,0.9836065819813999,454.64076316785076,38.3277979413527,1186.1906699245274,42.752917687659306,-23.751639058637238
3172,-273.2003993097925,-27.320039930979245,-4.750306066469079,-0.6493481883593666,459.39106923431984,38.72826526814185,1186.1906699245274,42.752917687659306,-23.751639058637238
3173,-277.95070537626145,-27.79507053762614,-4.750306066468966,-0.6535922779756342,464.1413753007888,39.128732594930995,1186.1906699245274,42.752917687659306,-23.751639058637238
3174,-292.20167793881456,-29.22016779388146,-14.250972562553102,-1.973684160993372,478.3923478633419,40.33013915830076,1186.1906699245274,42.752917687659306,-26.126764910298675
3175,-296.9520383684296,-29.695203836842964,-4.750360429615057,-0.6711460428136529,483.14270829295697,40.73061106809224,1186.1906699245274,42.752917687659306,-30.877125339913732
3176,-308.8278307161752,-30.882783071617514,-11.875792347745573,-1.6891866552297907,495.01850064070254,41.731781676566264,1186.1906699245274,42.752917687659306,-42.752917687659306
3177,-301.7023444348986,-30.170234443489864,7.125486281276608,1.030927835051565,487.89301435942593,41.13107839488138,1186.1906699245274,42.752917687659306,-42.752917687659306
3178,-299.32716422009105,-29.932716422009108,2.3751802148075285,0.3401386494539249,485.5178341446184,40.93084243998564,1186.1906699245274,42.752917687659306,-42.752917687659306
3179,-306.45265050136766,-30.64526505013676,-7.125486281276608,-1.016949126241684,492.643320425895,41.531545721670525,1186.1906699245274,42.752917687659306,-42.752917687659306
3180,-306.45265050136766,-30.64526505013676,0.0,0.0,492.643320425895,41.531545721670525,1186.1906699245274,42.752917687659306,-42.752917687659306
3181,-344.4552621225579,-34.445526212255785,-38.002611621190226,-5.479454524433325,530.6459320470852,44.73529808499068,1186.1906699245274,42.752917687659306,-78.380349094042
3182,-334.95459562647386,-33.49545956264739,9.500666496084023,1.4492781265922128,521.1452655510012,43.934358848410064,1186.1906699245274,42.752917687659306,-78.380349094042
3183,-346.8304423373654,-34.68304423373654,-11.875846710891551,-1.7857196866247982,533.0211122618928,44.93553403988642,1186.1906699245274,42.752917687659306,-80.75552930884953
3184,-339.7049560560889,-33.970495605608896,7.125486281276494,1.0909091211744437,525.8956259806163,44.33483075820154,1186.1906699245274,42.752917687659306,-80.75552930884953
3185,-337.99244606544016,-33.79924460654402,1.7125099906487549,0.259355269489836,524.1831159899675,44.1904602085025,1186.1906699245274,42.752917687659306,-80.75552930884953
3186,-337.99244606544016,-33.79924460654402,0.0,0.0,524.1831159899675,44.1904602085025,1186.1906699245274,0.0,0.0
3187,-337.99244606544016,-33.79924460654402,0.0,0.0,524.1831159899675,44.1904602085025,1186.1906699245274,0.0,0.0
3188,-337.99244606544016,-33.79924460654402,0.0,0.0,524.1831159899675,44.1904602085025,1186.1906699245274,0.0,0.0
3189,-337.99244606544016,-33.79924460654402,0.0,0.0,524.1831159899675,44.1904602085025,1186.1906699245274,0.0,0.0
3190,-337.99244606544016,-33.79924460654402,0.0,0.0,524.1831159899675,44.1904602085025,1186.1906699245274,0.0,0.0
3191,-337.99244606544016,-33.79924460654402,0.0,0.0,524.1831159899675,44.1904602085025,1186.1906699245274,0.0,0.0
3192,-337.99244606544016,-33.79924460654402,0.0,0.0,524.1831159899675,44.1904602085025,1186.1906699245274,0.0,0.0
3193,-337.99244606544016,-33.79924460654402,0.0,0.0,524.1831159899675,44.1904602085025,1186.1906699245274,0.0,0.0
3194,-337.99244606544016,-33.79924460654402,0.0,0.0,524.1831159899675,44.1904602085025,1186.1906699245274,0.0,0.0
3195,-337.99244606544016,-33.79924460654402,0.0,0.0,524.1831159899675,44.1904602085025,1186.1906699245274,0.0,0.0
3196,-337.99244606544016,-33.79924460654402,0.0,0.0,524.1831159899675,44.1904602085025,1186.1906699245274,0.0,0.0
3197,-337.99244606544016,-33.79924460654402,0.0,0.0,524.1831159899675,44.1904602085025,1186.1906699245274,0.0,0.0
3198,-337.99244606544016,-33.79924460654402,0.0,0.0,524.1831159899675,44.1904602085025,1186.1906699245274,0.0,0.0
3199,-337.99244606544016,-33.79924460654402,0.0,0.0,524.1831159899675,44.1904602085025,1186.1906699245274,0.0,0.0
3200,-337.99244606544016,-33.79924460654402,0.0,0.0,524.1831159899675,44.1904602085025,1186.1906699245274,0.0,0.0
3201,-337.99244606544016,-33.79924460654402,0.0,0.0,524.1831159899675,44.1904602085025,1186.1906699245274,0.0,0.0
3202,-337.99244606544016,-33.79924460654402,0.0,0.0,524.1831159899675,44.1904602085025,1186.1906699245274,0.0,0.0
3203,-337.99244606544016,-33.79924460654402,0.0,0.0,524.1831159899675,44.1904602085025,1186.1906699245274,0.0,0.0
3204,-337.99244606544016,-33.79924460654402,0.0,0.0,524.1831159899675,44.1904602085025,1186.1906699245274,0.0,0.0
3205,-337.99244606544016,-33.79924460654402,0.0,0.0,524.1831159899675,44.1904602085025,1186.1906699245274,0.0,0.0
3206,-337.99244606544016,-33.79924460654402,0.0,0.0,524.1831159899675,44.1904602085025,1186.1906699245274,0.0,0.0
3207,-337.99244606544016,-33.79924460654402,0.0,0.0,524.1831159899675,44.1904602085025,1186.1906699245274,0.0,0.0
3208,-337.99244606544016,-33.79924460654402,0.0,0.0,524.1831159899675,44.1904602085025,1186.1906699245274,0.0,0.0
3209,-337.99244606544016,-33.79924460654402,0.0,0.0,524.1831159899675,44.1904602085025,1186.1906699245274,0.0,0.0
3210,-337.99244606544016,-33.79924460654402,0.0,0.0,524.1831159899675,44.1904602085025,1186.1906699245274,0.0,0.0
3211,-337.99244606544016,-33.79924460654402,0.0,0.0,524.1831159899675,44.1904602085025,1186.1906699245274,0.0,0.0
3212,-337.99244606544016,-33.79924460654402,0.0,0.0,524.1831159899675,44.1904602085025,1186.1906699245274,0.0,0.0
3213,-337.99244606544016,-33.79924460654402,0.0,0.0,524.1831159899675,44.1904602085025,1186.1906699245274,0.0,0.0
3214,-337.99244606544016,-33.79924460654402,0.0,0.0,524.1831159899675,44.1904602085025,1186.1906699245274,0.0,0.0
3215,-337.99244606544016,-33.79924460654402,0.0,0.0,524.1831159899675,44.1904602085025,1186.1906699245274,0.0,0.0
3216,-337.99244606544016,-33.79924460654402,0.0,0.0,524.1831159899675,44.1904602085025,1186.1906699245274,0.0,0.0
3217,-337.99244606544016,-33.79924460654402,0.0,0.0,524.1831159899675,44.1904602085025,1186.1906699245274,0.0,0.0
3218,-337.99244606544016,-33.79924460654402,0.0,0.0,524.1831159899675,44.1904602085025,1186.1906699245274,0.0,0.0
3219,-337.99244606544016,-33.79924460654402,0.0,0.0,524.1831159899675,44.1904602085025,1186.1906699245274,0.0,0.0
3220,-337.99244606544016,-33.79924460654402,0.0,0.0,524.1831159899675,44.1904602085025,1186.1906699245274,0.0,0.0
3221,-337.99244606544016,-33.79924460654402,0.0,0.0,524.1831159899675,44.1904602085025,1186.1906699245274,0.0,0.0
3222,-337.99244606544016,-33.79924460654402,0.0,0.0,524.1831159899675,44.1904602085025,1186.1906699245274,0.0,0.0
3223,-337.99244606544016,-33.79924460654402,0.0,0.0,524.1831159899675,44.1904602085025,1186.1906699245274,0.0,0.0
3224,-337.99244606544016,-33.79924460654402,0.0,0.0,524.1831159899675,44.1904602085025,1186.1906699245274,0.0,0.0
3225,-337.99244606544016,-33.79924460654402,0.0,0.0,524.1831159899675,44.1904602085025,1186.1906699245274,0.0,0.0
3226,-337.99244606544016,-33.79924460654402,0.0,0.0,524.1831159899675,44.1904602085025,1186.1906699245274,0.0,0.0
3227,-337.99244606544016,-33.79924460654402,0.0,0.0,524.1831159899675,44.1904602085025,1186.1906699245274,0.0,0.0
3228,-337.99244606544016,-33.79924460654402,0.0,0.0,524.1831159899675,44.1904602085025,1186.1906699245274,0.0,0.0
3229,-337.99244606544016,-33.79924460654402,0.0,0.0,524.1831159899675,44.1904602085025,1186.1906699245274,0.0,0.0
3230,-337.99244606544016,-33.79924460654402,0.0,0.0,524.1831159899675,44.1904602085025,1186.1906699245274,0.0,0.0
3231,-337.99244606544016,-33.79924460654402,0.0,0.0,524.1831159899675,44.1904602085025,1186.1906699245274,0.0,0.0
3232,-337.99244606544016,-33.79924460654402,0.0,0.0,524.1831159899675,44.1904602085025,1186.1906699245274,0.0,0.0
3233,-337.99244606544016,-33.79924460654402,0.0,0.0,524.1831159899675,44.1904602085025,1186.1906699245274,0.0,0.0
3234,-337.99244606544016,-33.79924460654402,0.0,0.0,524.1831159899675,44.1904602085025,1186.1906699245274,0.0,0.0
3235,-337.99244606544016,-33.79924460654402,0.0,0.0,524.1831159899675,44.1904602085025,1186.1906699245274,0.0,0.0
3236,-337.99244606544016,-33.79924460654402,0.0,0.0,524.1831159899675,44.1904602085025,1186.1906699245274,0.0,0.0
3237,-337.99244606544016,-33.79924460654402,0.0,0.0,524.1831159899675,44.1904602085025,1186.1906699245274,0.0,0.0
3238,-337.99244606544016,-33.79924460654402,0.0,0.0,524.1831159899675,44.1904602085025,1186.1906699245274,0.0,0.0
3239,-337.99244606544016,-33.79924460654402,0.0,0.0,524.1831159899675,44.1904602085025,1186.1906699245274,0.0,0.0
3240,-337.99244606544016,-33.79924460654402,0.0,0.0,524.1831159899675,44.1904602085025,1186.1906699245274,0.0,0.0
3241,-337.99244606544016,-33.79924460654402,0.0,0.0,524.1831159899675,44.1904602085025,1186.1906699245274,0.0,0.0
3242,-337.99244606544016,-33.79924460654402,0.0,0.0,524.1831159899675,44.1904602085025,1186.1906699245274,0.0,0.0
3243,-337.99244606544016,-33.79924460654402,0.0,0.0,524.1831159899675,44.1904602085025,1186.1906699245274,0.0,0.0
3244,-337.99244606544016,-33.79924460654402,0.0,0.0,524.1831159899675,44.1904602085025,1186.1906699245274,0.0,0.0
3245,-337.99244606544016,-33.79924460654402,0.0,0.0,524.1831159899675,44.1904602085025,1186.1906699245274,0.0,0.0
3246,-337.99244606544016,-33.79924460654402,0.0,0.0,524.1831159899675,44.1904602085025,1186.1906699245274,0.0,0.0
3247,-337.99244606544016,-33.79924460654402,0.0,0.0,524.1831159899675,44.1904602085025,1186.1906699245274,0.0,0.0
3248,-337.99244606544016,-33.79924460654402,0.0,0.0,524.1831159899675,44.1904602085025,1186.1906699245274,0.0,0.0
3249,-337.99244606544016,-33.79924460654402,0.0,0.0,524.1831159899675,44.1904602085025,1186.1906699245274,0.0,0.0
3250,-337.99244606544016,-33.79924460654402,0.0,0.0,524.1831159899675,44.1904602085025,1186.1906699245274,0.0,0.0
3251,-337.99244606544016,-33.79924460654402,0.0,0.0,524.1831159899675,44.1904602085025,1186.1906699245274,0.0,0.0
3252,-337.99244606544016,-33.79924460654402,0.0,0.0,524.1831159899675,44.1904602085025,1186.1906699245274,0.0,0.0
3253,-338.6537922731669,-33.865379227316694,-0.6613462077267513,-0.09990009990008542,524.8444621976943,44.24621399450799,1186.1906699245274,0.0,0.0
3254,-338.6537922731669,-33.865379227316694,0.0,0.0,524.8444621976943,44.24621399450799,1186.1906699245274,0.0,0.0
3255,-346.3888503918174,-34.638885039181744,-7.7350581186505,-1.1695928740919626,532.5795203163448,44.89830630266471,1186.1906699245274,0.0,-7.7350581186505
3256,-356.0576398449257,-35.60576398449257,-9.668789453108275,-1.4792877170018315,542.248309769453,45.71341888938936,1186.1906699245274,0.0,-17.403847571758774
3257,-363.7926979635762,-36.37926979635762,-7.7350581186505,-1.2012034923106651,549.9833678881035,46.36551119754608,1186.1906699245274,0.0,-25.138905690409274
3258,-346.3888503918174,-34.638885039181744,17.403847571758774,2.7355623734671264,532.5795203163448,44.89830630266471,1186.1906699245274,0.0,-25.138905690409274
3259,-356.0576398449257,-35.60576398449257,-9.668789453108275,-1.4792877170018315,542.248309769453,45.71341888938936,1186.1906699245274,0.0,-25.138905690409274
3260,-354.12386425019474,-35.41238642501947,1.933775594730946,0.30030259140978455,540.3145341747221,45.55039487952642,1186.1906699245274,0.0,-25.138905690409274
3261,-346.3888503918174,-34.638885039181744,7.735013858377329,1.197600194563253,532.5795203163448,44.89830630266471,1186.1906699245274,0.0,-25.138905690409274
3262,-338.6537922731669,-33.865379227316694,7.7350581186505,1.1834342365927286,524.8444621976943,44.24621399450799,1186.1906699245274,0.0,-25.138905690409274
3263,-327.0512272253278,-32.70512272253278,11.602565047839107,1.754385964912264,513.2418971498552,43.268077397920415,1186.1906699245274,11.602565047839107,-25.138905690409274
3264,-330.9187341545164,-33.091873415451644,-3.8675069291886075,-0.5747104513234014,517.1094040790438,43.594121686351265,1186.1906699245274,11.602565047839107,-25.138905690409274
3265,-342.52129920235564,-34.25212992023556,-11.60256504783922,-1.7341040080053105,528.711969126883,44.572258282938854,1186.1906699245274,11.602565047839107,-25.138905690409274
3266,-357.99141543965663,-35.79914154396566,-15.470116237301,-2.3529456115510494,544.182085364184,45.87644289925229,1186.1906699245274,11.602565047839107,-25.138905690409274
3267,-344.4550747970866,-34.44550747970866,13.536340642570053,2.108436081402232,530.6457447216139,44.735282292801784,1186.1906699245274,11.602565047839107,-25.138905690409274
3268,-330.9187341545164,-33.091873415451644,13.536340642570167,2.0648990057211103,517.1094040790438,43.594121686351265,1186.1906699245274,11.602565047839107,-25.138905690409274
3269,-315.4486621774886,-31.544866217748858,15.470071977027828,2.312136472313142,501.63933210201594,42.28994080133283,1186.1906699245274,23.205130095678328,-25.138905690409274
3270,-334.7862853439783,-33.47862853439783,-19.33762316648972,-2.8248609122583423,520.9769552685057,43.92016970607713,1186.1906699245274,23.205130095678328,-25.138905690409274
3271,-340.58756786789786,-34.05875678678979,-5.801282523919554,-0.8720930425974993,526.7782377924252,44.40923800437092,1186.1906699245274,23.205130095678328,-25.138905690409274
3272,-340.58756786789786,-34.05875678678979,0.0,0.0,526.7782377924252,44.40923800437092,1186.1906699245274,23.205130095678328,-25.138905690409274
3273,-328.98500282005864,-32.89850028200586,11.60256504783922,1.7595308311558755,515.175672744586,43.43110140778334,1186.1906699245274,23.205130095678328,-25.138905690409274
3274,-346.3888503918174,-34.638885039181744,-17.403847571758774,-2.5936599993892084,532.5795203163448,44.89830630266471,1186.1906699245274,23.205130095678328,-25.138905690409274
3275,-327.0512272253278,-32.70512272253278,19.337623166489607,2.9585822056557465,513.2418971498552,43.268077397920415,1186.1906699245274,23.205130095678328,-25.138905690409274
3276,-307.7136040588381,-30.771360405883808,19.33762316648972,2.873565410745571,493.90427398336544,41.63784849317611,1186.1906699245274,30.940188214328828,-25.138905690409274
3277,-288.37602515262154,-28.83760251526215,19.33757890621655,2.7932917676256164,474.5666950771489,40.00762331972681,1186.1906699245274,50.27776712054538,-25.138905690409274
3278,-288.37602515262154,-28.83760251526215,0.0,0.0,474.5666950771489,40.00762331972681,1186.1906699245274,50.27776712054538,-25.138905690409274
3279,-288.37602515262154,-28.83760251526215,0.0,0.0,474.5666950771489,40.00762331972681,1186.1906699245274,50.27776712054538,-25.138905690409274
3280,-282.574742628702,-28.257474262870197,5.801282523919554,0.8152174082054708,468.76541255322934,39.51855502143303,1186.1906699245274,56.07904964446493,-25.138905690409274
3281,-280.64096703397104,-28.0640967033971,1.933775594730946,0.2695438409593187,466.8316369584984,39.35553101157009,1186.1906699245274,58.01282523919588,-25.138905690409274
3282,-259.36961253302366,-25.93696125330237,21.271354500947382,2.956987196399319,445.560282457551,37.56228182825787,1186.1906699245274,79.28417974014326,-25.138905690409274
3283,-261.30334386748143,-26.130334386748146,-1.9337313344577751,-0.2610926269270841,447.4940137920088,37.7253021068258,1186.1906699245274,79.28417974014326,-25.138905690409274
3284,-274.8396845100515,-27.483968451005147,-13.536340642570053,-1.8324626936096045,461.03035443457884,38.866462713276306,1186.1906699245274,79.28417974014326,-25.138905690409274
3285,-272.90590891532054,-27.29059089153205,1.933775594730946,0.26666870117186825,459.0965788398479,38.703438703413376,1186.1906699245274,79.28417974014326,-25.138905690409274
3286,-249.70073455936904,-24.9700734559369,23.2051743559515,3.1914953842265392,435.8914044838964,36.747161778943216,1186.1906699245274,88.95305771379788,-25.138905690409274
3287,-265.1708950569432,-26.517089505694326,-15.47016049757417,-2.061865339624047,451.36156498147056,38.051350126551654,1186.1906699245274,88.95305771379788,-25.138905690409274
3288,-265.1708950569432,-26.517089505694326,0.0,0.0,451.36156498147056,38.051350126551654,1186.1906699245274,88.95305771379788,-25.138905690409274
3289,-265.1708950569432,-26.517089505694326,0.0,0.0,451.36156498147056,38.051350126551654,1186.1906699245274,88.95305771379788,-25.138905690409274
3290,-265.1708950569432,-26.517089505694326,0.0,0.0,451.36156498147056,38.051350126551654,1186.1906699245274,88.95305771379788,-25.138905690409274
3291,-261.30334386748143,-26.130334386748146,3.8675511894617784,0.5263198155115889,447.4940137920088,37.7253021068258,1186.1906699245274,88.95305771379788,-25.138905690409274
3292,-280.64096703397104,-28.0640967033971,-19.337623166489607,-2.617802992060725,466.8316369584984,39.35553101157009,1186.1906699245274,88.95305771379788,-25.138905690409274
3293,-296.11103901099887,-29.611103901099888,-15.470071977027828,-2.1505355834960938,482.3017089355262,40.65971189658853,1186.1906699245274,88.95305771379788,-25.138905690409274
3294,-282.574742628702,-28.257474262870197,13.536296382296882,1.923072690794525,468.76541255322934,39.51855502143303,1186.1906699245274,88.95305771379788,-25.138905690409274
3295,-280.64096703397104,-28.0640967033971,1.933775594730946,0.2695438409593187,466.8316369584984,39.35553101157009,1186.1906699245274,88.95305771379788,-25.138905690409274
3296,-276.77346010478243,-27.677346010478242,3.8675069291886075,0.5376323576896436,462.9641300293098,39.02948672313924,1186.1906699245274,88.95305771379788,-25.138905690409274
3297,-259.36961253302366,-25.93696125330237,17.403847571758774,2.4064171613890517,445.560282457551,37.56228182825787,1186.1906699245274,88.95305771379788,-25.138905690409274
3298,-249.70073455936904,-24.9700734559369,9.668877973654617,1.305493014771253,435.8914044838964,36.747161778943216,1186.1906699245274,88.95305771379788,-25.138905690409274
3299,-230.36324417369883,-23.03632441736988,19.337490385670208,2.5773036542044103,416.5539140982262,35.11694406808392,1186.1906699245274,108.29054809946808,-25.138905690409274
3300,-245.8332718904535,-24.583327189045345,-15.470027716754657,-2.010042737647799,432.02394181498084,36.421121221807354,1186.1906699245274,108.29054809946808,-25.138905690409274
3301,-230.36324417369883,-23.03632441736988,15.470027716754657,2.051274226262012,416.5539140982262,35.11694406808392,1186.1906699245274,108.29054809946808,-25.138905690409274
3302,-230.36324417369883,-23.03632441736988,0.0,0.0,416.5539140982262,35.11694406808392,1186.1906699245274,108.29054809946808,-25.138905690409274
3303,-226.4956044636907,-22.649560446369065,3.8676397100081203,0.5025279368129576,412.68627438821807,34.79088858576806,1186.1906699245274,112.1581878094762,-25.138905690409274
3304,-224.56196164977928,-22.456196164977925,1.9336428139114332,0.24998472213861866,410.75263157430663,34.62787576979013,1186.1906699245274,114.09183062338764,-25.138905690409274
3305,-232.29688698761026,-23.22968869876103,-7.734925337830987,-0.9974910895894862,418.4875569121376,35.279956884061846,1186.1906699245274,114.09183062338764,-25.138905690409274
3306,-214.8930394158515,-21.48930394158515,17.403847571758774,2.2670023446261345,401.08370934037885,33.81275198918048,1186.1906699245274,123.76075285731542,-25.138905690409274
3307,-218.76067912585972,-21.876067912585974,-3.867639710008234,-0.49262583369921176,404.9513490503871,34.13880747149635,1186.1906699245274,123.76075285731542,-25.138905690409274
3308,-207.1581140780205,-20.715811407802054,11.60256504783922,1.4851486270374803,393.34878400254786,33.16067087490876,1186.1906699245274,131.4956781951464,-25.138905690409274
3309,-199.42301169909683,-19.942301169909683,7.735102378923671,0.9756172720275291,385.6136816236242,32.50857483545704,1186.1906699245274,139.23078057407008,-25.138905690409274
3310,-195.55554903018128,-19.555554903018123,3.8674626689155502,0.48308441604394403,381.74621895470864,32.18253427832118,1186.1906699245274,143.09824324298563,-25.138905690409274
3311,-209.09175689193194,-20.909175689193194,-13.536207861750654,-1.6826777592202635,395.2824268164593,33.32368369088669,1186.1906699245274,143.09824324298563,-25.138905690409274
3312,-238.09816951152982,-23.809816951152985,-29.00641261959788,-3.667481388942173,424.2888394360572,35.769025182355634,1186.1906699245274,143.09824324298563,-25.138905690409274
3313,-236.16452669761838,-23.616452669761834,1.9336428139114332,0.2537915957849579,422.35519662214574,35.606012366377705,1186.1906699245274,143.09824324298563,-25.138905690409274
3314,-272.90590891532054,-27.29059089153205,-36.74138221770215,-4.810117296445227,459.0965788398479,38.703438703413376,1186.1906699245274,143.09824324298563,-25.138905690409274
3315,-284.50847396315976,-28.450847396315982,-11.60256504783922,-1.5957446484719084,470.6991438876871,39.68157530000095,1186.1906699245274,143.09824324298563,-25.138905690409274
3316,-274.8396845100515,-27.483968451005147,9.668789453108275,1.351349261488033,461.03035443457884,38.866462713276306,1186.1906699245274,143.09824324298563,-25.138905690409274
3317,-241.96580922153805,-24.19658092215381,32.87387528851343,4.533325195312488,428.1564791460654,36.0950806646715,1186.1906699245274,143.09824324298563,-25.138905690409274
3318,-234.23070684261438,-23.42307068426144,7.735102378923671,1.0204160278021401,420.42137676714174,35.44298462521978,1186.1906699245274,143.09824324298563,-25.138905690409274
3319,-234.23070684261438,-23.42307068426144,0.0,0.0,420.42137676714174,35.44298462521978,1186.1906699245274,143.09824324298563,-25.138905690409274
3320,-234.23070684261438,-23.42307068426144,0.0,0.0,420.42137676714174,35.44298462521978,1186.1906699245274,143.09824324298563,-25.138905690409274
3321,-236.16452669761838,-23.616452669761834,-1.9338198550040033,-0.2525329589843639,422.35519662214574,35.606012366377705,1186.1906699245274,143.09824324298563,-25.138905690409274
3322,-234.23070684261438,-23.42307068426144,1.9338198550040033,0.25317230249117806,420.42137676714174,35.44298462521978,1186.1906699245274,143.09824324298563,-25.138905690409274
3323,-234.23070684261438,-23.42307068426144,0.0,0.0,420.42137676714174,35.44298462521978,1186.1906699245274,143.09824324298563,-25.138905690409274
3324,-212.95939660194006,-21.29593966019401,21.271310240674325,2.7777700713186526,399.1500665264674,33.64973917320255,1186.1906699245274,143.09824324298563,-25.138905690409274
3325,-203.29047436801238,-20.32904743680124,9.668922233927674,1.2285163169704294,389.48114429253974,32.8346153925929,1186.1906699245274,143.09824324298563,-25.138905690409274
3326,-197.48919184409272,-19.748919184409274,5.801282523919667,0.7281552858700691,383.67986176862007,32.34554709429911,1186.1906699245274,143.09824324298563,-25.138905690409274
3327,-189.75426650626173,-18.97542665062617,7.734925337830987,0.9638406435428681,375.9449364307891,31.69346598002739,1186.1906699245274,148.89952576690519,-25.138905690409274
3328,-164.61531655557928,-16.461531655557927,25.138949950682445,3.1026328077390364,350.80598648010664,29.5741650456943,1186.1906699245274,174.03847571758763,-25.138905690409274
3329,-156.8802141766556,-15.688021417665565,7.735102378923671,0.9259329901801117,343.07088410118297,28.92206900624258,1186.1906699245274,181.7735780965113,-25.138905690409274
3330,-141.41018645990096,-14.1410186459901,15.470027716754657,1.834855257446888,327.6008563844283,27.617891852519143,1186.1906699245274,197.24360581326596,-25.138905690409274
3331,-145.2776491288165,-14.527764912881647,-3.8674626689155502,-0.4504435771220505,331.46831905334386,27.94393240965501,1186.1906699245274,197.24360581326596,-25.138905690409274
3332,-156.8802141766556,-15.688021417665565,-11.602565047839107,-1.3574659696231284,343.07088410118297,28.92206900624258,1186.1906699245274,197.24360581326596,-25.138905690409274
3333,-164.61531655557928,-16.461531655557927,-7.735102378923671,-0.9174381278895027,350.80598648010664,29.5741650456943,1186.1906699245274,197.24360581326596,-25.138905690409274
3334,-189.75426650626173,-18.97542665062617,-25.138949950682445,-3.00926632351346,375.9449364307891,31.69346598002739,1186.1906699245274,197.24360581326596,-25.138905690409274
3335,-189.75426650626173,-18.97542665062617,0.0,0.0,375.9449364307891,31.69346598002739,1186.1906699245274,197.24360581326596,-25.138905690409274
3336,-189.75426650626173,-18.97542665062617,0.0,0.0,375.9449364307891,31.69346598002739,1186.1906699245274,197.24360581326596,-25.138905690409274
3337,-183.95298398234218,-18.395298398234218,5.801282523919554,0.7159905056092875,370.14365390686953,31.204397681733603,1186.1906699245274,197.24360581326596,-25.138905690409274
3338,-153.01275150774018,-15.301275150774018,30.940232474602,3.7914767001528293,339.20342143226753,28.59602844910673,1186.1906699245274,197.24360581326596,-25.138905690409274
3339,-151.07893165273606,-15.107893165273612,1.933819855004117,0.22831746976670342,337.2696015772634,28.433000707948796,1186.1906699245274,197.24360581326596,-25.138905690409274
3340,-147.2114689838205,-14.721146898382054,3.8674626689155502,0.45557388232158047,333.40213890834787,28.10696015081293,1186.1906699245274,197.24360581326596,-25.138905690409274
3341,-149.14528883882463,-14.914528883882461,-1.933819855004117,-0.2267642897002542,335.335958763352,28.269987891970867,1186.1906699245274,197.24360581326596,-25.138905690409274
3342,-151.07893165273606,-15.107893165273612,-1.9336428139114332,-0.22725887140855328,337.2696015772634,28.433000707948796,1186.1906699245274,197.24360581326596,-25.138905690409274
3343,-147.2114689838205,-14.721146898382054,3.8674626689155502,0.45557388232158047,333.40213890834787,28.10696015081293,1186.1906699245274,197.24360581326596,-25.138905690409274
3344,-151.07893165273606,-15.107893165273612,-3.8674626689155502,-0.453507819143284,337.2696015772634,28.433000707948796,1186.1906699245274,197.24360581326596,-25.138905690409274
3345,-154.94657136274418,-15.494657136274414,-3.8676397100081203,-0.45559473715711674,341.13724128727154,28.759056190264655,1186.1906699245274,197.24360581326596,-25.138905690409274
3346,-145.2776491288165,-14.527764912881647,9.668922233927674,1.1441788064832759,331.46831905334386,27.94393240965501,1186.1906699245274,197.24360581326596,-25.138905690409274
3347,-125.9401587431463,-12.594015874314636,19.337490385670208,2.262429473847294,312.13082866767365,26.31371469879571,1186.1906699245274,212.71363353002062,-25.138905690409274
3348,-118.20505636422263,-11.820505636422263,7.735102378923671,0.8849625636387692,304.39572628875,25.661618659343986,1186.1906699245274,220.4487359089443,-25.138905690409274
3349,-124.00633888814218,-12.400633888814216,-5.801282523919554,-0.6578947368421018,310.19700881266954,26.150686957637774,1186.1906699245274,220.4487359089443,-25.138905690409274
3350,-114.33759369530708,-11.433759369530705,9.668745192835104,1.1037460226096751,300.52826361983443,25.335578102208128,1186.1906699245274,224.31619857785984,-25.138905690409274
3351,-91.13246359962875,-9.11324635996288,23.205130095678328,2.6200875108269184,277.3231335241561,23.37930490903297,1186.1906699245274,247.52132867353816,-25.138905690409274
3352,-79.52989855178953,-7.952989855178949,11.60256504783922,1.276595827571514,265.7205684763169,22.40116831244539,1186.1906699245274,259.1238937213774,-25.138905690409274
3353,-83.39736122070508,-8.339736122070507,-3.8674626689155502,-0.4201616829086263,269.58803114523243,22.72720886958125,1186.1906699245274,259.1238937213774,-25.138905690409274
3354,-83.39736122070508,-8.339736122070507,0.0,0.0,269.58803114523243,22.72720886958125,1186.1906699245274,259.1238937213774,-25.138905690409274
3355,-96.9337461235483,-9.693374612354832,-13.536384902843224,-1.4767996872527611,283.12441604807566,23.86837320732676,1186.1906699245274,259.1238937213774,-25.138905690409274
3356,-98.86738893745974,-9.886738893745973,-1.9336428139114332,-0.21411970667835067,285.0580588619871,24.031386023304684,1186.1906699245274,259.1238937213774,-25.138905690409274
3357,-108.53631117138752,-10.85363111713875,-9.668922233927788,-1.0729744007962339,294.7269810959149,24.84650980391434,1186.1906699245274,259.1238937213774,-25.138905690409274
3358,-96.9337461235483,-9.693374612354832,11.60256504783922,1.3015185243366423,283.12441604807566,23.86837320732676,1186.1906699245274,259.1238937213774,-25.138905690409274
3359,-108.53631117138752,-10.85363111713875,-11.60256504783922,-1.2847966578348746,294.7269810959149,24.84650980391434,1186.1906699245274,259.1238937213774,-25.138905690409274
3360,-137.5427237909854,-13.754272379098541,-29.00641261959788,-3.2537963108416057,323.73339371551276,27.291851295383285,1186.1906699245274,259.1238937213774,-25.138905690409274
3361,-137.5427237909854,-13.754272379098541,0.0,0.0,323.73339371551276,27.291851295383285,1186.1906699245274,259.1238937213774,-25.138905690409274
3362,-125.9401587431463,-12.594015874314636,11.602565047839107,1.3452915718722869,312.13082866767365,26.31371469879571,1186.1906699245274,259.1238937213774,-25.138905690409274
3363,-108.53631117138752,-10.85363111713875,17.403847571758774,1.9911505769139248,294.7269810959149,24.84650980391434,1186.1906699245274,259.1238937213774,-25.138905690409274
3364,-81.46354136570096,-8.1463541365701,27.072769805686562,3.0368897965165953,267.6542112902283,22.564181128423318,1186.1906699245274,259.1238937213774,-25.138905690409274
3365,-83.39736122070508,-8.339736122070507,-1.933819855004117,-0.21053272701655468,269.58803114523243,22.72720886958125,1186.1906699245274,259.1238937213774,-25.138905690409274
3366,-100.80120879246385,-10.08012087924639,-17.403847571758774,-1.898734177215189,286.9918787169912,24.19441376446262,1186.1906699245274,259.1238937213774,-25.138905690409274
3367,-108.53631117138752,-10.85363111713875,-7.735102378923671,-0.8602216166834653,294.7269810959149,24.84650980391434,1186.1906699245274,259.1238937213774,-25.138905690409274
3368,-133.67508408097729,-13.367508408097727,-25.13877290958976,-2.819943562998317,319.86575400550464,26.965795813067427,1186.1906699245274,259.1238937213774,-25.138905690409274
3369,-125.9401587431463,-12.594015874314636,7.734925337830987,0.8928434581181977,312.13082866767365,26.31371469879571,1186.1906699245274,259.1238937213774,-25.138905690409274
3370,-125.9401587431463,-12.594015874314636,0.0,0.0,312.13082866767365,26.31371469879571,1186.1906699245274,259.1238937213774,-25.138905690409274
3371,-112.40377384030296,-11.240377384030298,13.536384902843338,1.5486794226100997,298.5944437648303,25.172550361050195,1186.1906699245274,259.1238937213774,-25.138905690409274
3372,-110.46995398529896,-11.04699539852989,1.9338198550040033,0.21787157245709565,296.6606239098263,25.009522619892273,1186.1906699245274,259.1238937213774,-25.138905690409274
3373,-120.13887621922663,-12.01388762192266,-9.668922233927674,-1.086969718138997,306.329546143754,25.824646400501916,1186.1906699245274,259.1238937213774,-25.138905690409274
3374,-100.80120879246385,-10.08012087924639,19.337667426762778,2.19780905237279,286.9918787169912,24.19441376446262,1186.1906699245274,259.1238937213774,-25.138905690409274
3375,-87.26482388962052,-8.726482388962054,13.536384902843338,1.5053829070060587,273.45549381414787,23.053249426717105,1186.1906699245274,259.1238937213774,-25.138905690409274
3376,-85.3311810757092,-8.533118107570925,1.9336428139113195,0.21185146190503268,271.52185100023655,22.890236610739183,1186.1906699245274,259.1238937213774,-25.138905690409274
3377,-85.3311810757092,-8.533118107570925,0.0,0.0,271.52185100023655,22.890236610739183,1186.1906699245274,259.1238937213774,-25.138905690409274
3378,-79.52989855178953,-7.952989855178949,5.801282523919667,0.6342495123800473,265.7205684763169,22.40116831244539,1186.1906699245274,259.1238937213774,-25.138905690409274
3379,-91.13246359962875,-9.11324635996288,-11.60256504783922,-1.2605042824948343,277.3231335241561,23.37930490903297,1186.1906699245274,259.1238937213774,-25.138905690409274
3380,-114.33759369530708,-11.433759369530705,-23.205130095678328,-2.553191655143028,300.52826361983443,25.335578102208128,1186.1906699245274,259.1238937213774,-25.138905690409274
3381,-125.9401587431463,-12.594015874314636,-11.60256504783922,-1.3100437554134592,312.13082866767365,26.31371469879571,1186.1906699245274,259.1238937213774,-25.138905690409274
3382,-127.87380155705773,-12.787380155705774,-1.9336428139114332,-0.22122544963637525,314.0644714815851,26.47672751477364,1186.1906699245274,259.1238937213774,-25.138905690409274
3383,-125.9401587431463,-12.594015874314636,1.9336428139114332,0.22171594172537556,312.13082866767365,26.31371469879571,1186.1906699245274,259.1238937213774,-25.138905690409274
3384,-127.87380155705773,-12.787380155705774,-1.9336428139114332,-0.22122544963637525,314.0644714815851,26.47672751477364,1186.1906699245274,259.1238937213774,-25.138905690409274
3385,-172.35041893450295,-17.235041893450298,-44.47661737744522,-5.0997914587191495,358.5410888590303,30.22626108514602,1186.1906699245274,259.1238937213774,-25.138905690409274
3386,-164.61531655557928,-16.461531655557927,7.735102378923671,0.9345866361661903,350.80598648010664,29.5741650456943,1186.1906699245274,259.1238937213774,-25.138905690409274
3387,-166.5491364105834,-16.654913641058343,-1.933819855004117,-0.23148854573568078,352.73980633511076,29.737192786852233,1186.1906699245274,259.1238937213774,-25.138905690409274
3388,-170.41659907949884,-17.041659907949878,-3.8674626689154366,-0.46403007518157624,356.6072690040262,30.063233343988088,1186.1906699245274,259.1238937213774,-25.138905690409274
3389,-168.48277922449483,-16.848277922449483,1.9338198550040033,0.2331073467547906,354.6734491490222,29.900205602830166,1186.1906699245274,259.1238937213774,-25.138905690409274
3390,-143.34400631490507,-14.334400631490507,25.13877290958976,3.0232414051682976,329.53467623943243,27.780919593677076,1186.1906699245274,259.1238937213774,-25.138905690409274
3391,-156.8802141766556,-15.688021417665565,-13.53620786175054,-1.5801217713450555,343.07088410118297,28.92206900624258,1186.1906699245274,259.1238937213774,-25.138905690409274
3392,-156.8802141766556,-15.688021417665565,0.0,0.0,343.07088410118297,28.92206900624258,1186.1906699245274,259.1238937213774,-25.138905690409274
3393,-145.2776491288165,-14.527764912881647,11.602565047839107,1.3761466926681898,331.46831905334386,27.94393240965501,1186.1906699245274,259.1238937213774,-25.138905690409274
3394,-153.01275150774018,-15.301275150774018,-7.735102378923671,-0.9049842175110512,339.20342143226753,28.59602844910673,1186.1906699245274,259.1238937213774,-25.138905690409274
3395,-164.61531655557928,-16.461531655557927,-11.602565047839107,-1.3698630136986245,350.80598648010664,29.5741650456943,1186.1906699245274,259.1238937213774,-25.138905690409274
3396,-149.14528883882463,-14.914528883882461,15.470027716754657,1.8518447875976562,335.335958763352,28.269987891970867,1186.1906699245274,259.1238937213774,-25.138905690409274
3397,-153.01275150774018,-15.301275150774018,-3.8674626689155502,-0.4545385502581989,339.20342143226753,28.59602844910673,1186.1906699245274,259.1238937213774,-25.138905690409274
3398,-156.8802141766556,-15.688021417665565,-3.8674626689154366,-0.4566140370826144,343.07088410118297,28.92206900624258,1186.1906699245274,259.1238937213774,-25.138905690409274
3399,-160.74785388666373,-16.074785388666367,-3.8676397100081203,-0.4587295631107935,346.9385238111911,29.248124488558442,1186.1906699245274,259.1238937213774,-25.138905690409274
3400,-164.61531655557928,-16.461531655557927,-3.8674626689155502,-0.4608224937911909,350.80598648010664,29.5741650456943,1186.1906699245274,259.1238937213774,-25.138905690409274
3401,-168.48277922449483,-16.848277922449483,-3.8674626689155502,-0.4629558987087723,354.6734491490222,29.900205602830166,1186.1906699245274,259.1238937213774,-25.138905690409274
3402,-183.95298398234218,-18.395298398234218,-15.470204757847341,-1.860479178461183,370.14365390686953,31.204397681733603,1186.1906699245274,259.1238937213774,-25.138905690409274
3403,-180.08534427233394,-18.008534427233393,3.867639710008234,0.47394814687056197,366.2760141968613,30.878342199417734,1186.1906699245274,259.1238937213774,-25.138905690409274
3404,-172.35041893450295,-17.235041893450298,7.734925337830987,0.9433817634307617,358.5410888590303,30.22626108514602,1186.1906699245274,259.1238937213774,-25.138905690409274
3405,-156.8802141766556,-15.688021417665565,15.470204757847341,1.8691732723324028,343.07088410118297,28.92206900624258,1186.1906699245274,259.1238937213774,-25.138905690409274
3406,-129.80762141206174,-12.98076214120617,27.072592764593878,3.2110019501151,315.9982913365891,26.63975525593156,1186.1906699245274,259.1238937213774,-25.138905690409274
3407,-122.07251903313806,-12.207251903313809,7.735102378923671,0.888895670572909,308.2631889576654,25.98765921647984,1186.1906699245274,259.1238937213774,-25.138905690409274
3408,-110.46995398529896,-11.04699539852989,11.602565047839107,1.3215858142475723,296.6606239098263,25.009522619892273,1186.1906699245274,259.1238937213774,-25.138905690409274
3409,-64.05969379394219,-6.405969379394216,46.41026019135677,5.217390958212764,250.25036371846954,21.096976233541948,1186.1906699245274,274.5940984792247,-25.138905690409274
3410,-71.79479617286586,-7.179479617286589,-7.735102378923671,-0.8264525341662887,257.9854660973932,21.749072272993665,1186.1906699245274,274.5940984792247,-25.138905690409274
3411,-83.39736122070508,-8.339736122070507,-11.60256504783922,-1.2500000000000067,269.58803114523243,22.72720886958125,1186.1906699245274,274.5940984792247,-25.138905690409274
3412,-102.73502864746786,-10.273502864746787,-19.337667426762778,-2.109711079657828,288.9256985719952,24.357441505620546,1186.1906699245274,274.5940984792247,-25.138905690409274
3413,-75.66225884178141,-7.566225884178146,27.07276980568645,3.0172547318856324,261.85292876630876,22.07511283012953,1186.1906699245274,274.5940984792247,-25.138905690409274
3414,-129.80762141206174,-12.98076214120617,-54.14536257028033,-5.857746596220858,315.9982913365891,26.63975525593156,1186.1906699245274,274.5940984792247,-25.138905690409274
3415,-98.86738893745974,-9.886738893745973,30.940232474602,3.5555623372395706,285.0580588619871,24.031386023304684,1186.1906699245274,274.5940984792247,-25.138905690409274
3416,-83.39736122070508,-8.339736122070507,15.470027716754657,1.7167315361624302,269.58803114523243,22.72720886958125,1186.1906699245274,274.5940984792247,-25.138905690409274
3417,-79.52989855178953,-7.952989855178949,3.8674626689155502,0.42193448996241667,265.7205684763169,22.40116831244539,1186.1906699245274,274.5940984792247,-25.138905690409274
3418,-33.11963836043287,-3.3119638360432857,46.410260191356656,5.042017129979315,219.31030828496023,18.488621926095075,1186.1906699245274,305.53415391273404,-25.138905690409274
3419,-52.45712874610308,-5.245712874610309,-19.337490385670208,-1.999987915038326,238.64779867063044,20.118839636954373,1186.1906699245274,305.53415391273404,-25.138905690409274
3420,-52.45712874610308,-5.245712874610309,0.0,0.0,238.64779867063044,20.118839636954373,1186.1906699245274,305.53415391273404,-25.138905690409274
3421,-71.79479617286586,-7.179479617286589,-19.337667426762778,-2.0408224275037745,257.9854660973932,21.749072272993665,1186.1906699245274,305.53415391273404,-25.138905690409274
3422,-75.66225884178141,-7.566225884178146,-3.8674626689155502,-0.4166603088378906,261.85292876630876,22.07511283012953,1186.1906699245274,305.53415391273404,-25.138905690409274
3423,-75.66225884178141,-7.566225884178146,0.0,0.0,261.85292876630876,22.07511283012953,1186.1906699245274,305.53415391273404,-25.138905690409274
3424,-98.86738893745974,-9.886738893745973,-23.205130095678328,-2.5104600907674413,285.0580588619871,24.031386023304684,1186.1906699245274,305.53415391273404,-25.138905690409274
3425,-102.73502864746786,-10.273502864746787,-3.8676397100081203,-0.4291976189217839,288.9256985719952,24.357441505620546,1186.1906699245274,305.53415391273404,-25.138905690409274
3426,-176.2178816034185,-17.621788160341858,-73.48285295595065,-8.18964913398803,362.40855152794586,30.552301642281886,1186.1906699245274,305.53415391273404,-25.138905690409274
3427,-187.8204466512576,-18.782044665125763,-11.602565047839107,-1.4084507042253391,374.01111657578497,31.530438238869458,1186.1906699245274,305.53415391273404,-25.138905690409274
3428,-196.35999348115115,-19.635999348115117,-8.539546829893538,-1.0514358302525229,382.5506634056785,32.25035174404286,1186.1906699245274,305.53415391273404,-25.138905690409274
3429,-196.35999348115115,-19.635999348115117,0.0,0.0,382.5506634056785,32.25035174404286,1186.1906699245274,0.0,0.0
3430,-196.35999348115115,-19.635999348115117,0.0,0.0,382.5506634056785,32.25035174404286,1186.1906699245274,0.0,0.0
3431,-196.35999348115115,-19.635999348115117,0.0,0.0,382.5506634056785,32.25035174404286,1186.1906699245274,0.0,0.0
3432,-196.35999348115115,-19.635999348115117,0.0,0.0,382.5506634056785,32.25035174404286,1186.1906699245274,0.0,0.0
3433,-196.35999348115115,-19.635999348115117,0.0,0.0,382.5506634056785,32.25035174404286,1186.1906699245274,0.0,0.0
3434,-196.35999348115115,-19.635999348115117,0.0,0.0,382.5506634056785,32.25035174404286,1186.1906699245274,0.0,0.0
3435,-196.35999348115115,-19.635999348115117,0.0,0.0,382.5506634056785,32.25035174404286,1186.1906699245274,0.0,0.0
3436,-196.35999348115115,-19.635999348115117,0.0,0.0,382.5506634056785,32.25035174404286,1186.1906699245274,0.0,0.0
3437,-196.35999348115115,-19.635999348115117,0.0,0.0,382.5506634056785,32.25035174404286,1186.1906699245274,0.0,0.0
3438,-196.35999348115115,-19.635999348115117,0.0,0.0,382.5506634056785,32.25035174404286,1186.1906699245274,0.0,0.0
3439,-196.35999348115115,-19.635999348115117,0.0,0.0,382.5506634056785,32.25035174404286,1186.1906699245274,0.0,0.0
3440,-196.35999348115115,-19.635999348115117,0.0,0.0,382.5506634056785,32.25035174404286,1186.1906699245274,0.0,0.0
3441,-196.35999348115115,-19.635999348115117,0.0,0.0,382.5506634056785,32.25035174404286,1186.1906699245274,0.0,0.0
3442,-196.35999348115115,-19.635999348115117,0.0,0.0,382.5506634056785,32.25035174404286,1186.1906699245274,0.0,0.0
3443,-196.35999348115115,-19.635999348115117,0.0,0.0,382.5506634056785,32.25035174404286,1186.1906699245274,0.0,0.0
3444,-196.35999348115115,-19.635999348115117,0.0,0.0,382.5506634056785,32.25035174404286,1186.1906699245274,0.0,0.0
3445,-196.35999348115115,-19.635999348115117,0.0,0.0,382.5506634056785,32.25035174404286,1186.1906699245274,0.0,0.0
3446,-196.35999348115115,-19.635999348115117,0.0,0.0,382.5506634056785,32.25035174404286,1186.1906699245274,0.0,0.0
3447,-196.35999348115115,-19.635999348115117,0.0,0.0,382.5506634056785,32.25035174404286,1186.1906699245274,0.0,0.0
3448,-196.35999348115115,-19.635999348115117,0.0,0.0,382.5506634056785,32.25035174404286,1186.1906699245274,0.0,0.0
3449,-196.35999348115115,-19.635999348115117,0.0,0.0,382.5506634056785,32.25035174404286,1186.1906699245274,0.0,0.0
3450,-196.35999348115115,-19.635999348115117,0.0,0.0,382.5506634056785,32.25035174404286,1186.1906699245274,0.0,0.0
3451,-196.35999348115115,-19.635999348115117,0.0,0.0,382.5506634056785,32.25035174404286,1186.1906699245274,0.0,0.0
3452,-196.35999348115115,-19.635999348115117,0.0,0.0,382.5506634056785,32.25035174404286,1186.1906699245274,0.0,0.0
3453,-196.35999348115115,-19.635999348115117,0.0,0.0,382.5506634056785,32.25035174404286,1186.1906699245274,0.0,0.0
3454,-196.35999348115115,-19.635999348115117,0.0,0.0,382.5506634056785,32.25035174404286,1186.1906699245274,0.0,0.0
3455,-196.35999348115115,-19.635999348115117,0.0,0.0,382.5506634056785,32.25035174404286,1186.1906699245274,0.0,0.0
3456,-196.35999348115115,-19.635999348115117,0.0,0.0,382.5506634056785,32.25035174404286,1186.1906699245274,0.0,0.0
3457,-196.35999348115115,-19.635999348115117,0.0,0.0,382.5506634056785,32.25035174404286,1186.1906699245274,0.0,0.0
3458,-196.35999348115115,-19.635999348115117,0.0,0.0,382.5506634056785,32.25035174404286,1186.1906699245274,0.0,0.0
3459,-196.35999348115115,-19.635999348115117,0.0,0.0,382.5506634056785,32.25035174404286,1186.1906699245274,0.0,0.0
3460,-196.35999348115115,-19.635999348115117,0.0,0.0,382.5506634056785,32.25035174404286,1186.1906699245274,0.0,0.0
3461,-196.35999348115115,-19.635999348115117,0.0,0.0,382.5506634056785,32.25035174404286,1186.1906699245274,0.0,0.0
3462,-196.35999348115115,-19.635999348115117,0.0,0.0,382.5506634056785,32.25035174404286,1186.1906699245274,0.0,0.0
3463,-197.1628306505006,-19.716283065050067,-0.8028371693494591,-0.09990009990009652,383.35350057502797,32.31803371033253,1186.1906699245274,0.0,0.0
3464,-156.65281347589212,-15.665281347589211,40.51001717460849,5.04585720756201,342.8434834004195,28.902898336085652,1186.1906699245274,40.51001717460849,0.0
3465,-164.01817918995812,-16.40181791899581,-7.365365714066002,-0.8733491771547475,350.2088491144855,29.523824288448324,1186.1906699245274,40.51001717460849,0.0
3466,-134.55637916886383,-13.455637916886387,29.46180002109429,3.524215394127439,320.7470490933912,27.040092054829522,1186.1906699245274,62.60645148163678,0.0
3467,-152.96996203644403,-15.296996203644408,-18.413582867580203,-2.1276467264149,339.1606319609714,28.592421147820264,1186.1906699245274,62.60645148163678,0.0
3468,-156.65281347589212,-15.665281347589211,-3.6828514394480862,-0.4347958483624126,342.8434834004195,28.902898336085652,1186.1906699245274,62.60645148163678,0.0
3469,-160.33549633292512,-16.03354963329251,-3.682682857033001,-0.4366745885773682,346.5261662574525,29.21336131226699,1186.1906699245274,62.60645148163678,0.0
3470,-160.33549633292512,-16.03354963329251,0.0,0.0,346.5261662574525,29.21336131226699,1186.1906699245274,62.60645148163678,0.0
3471,-167.7010306294062,-16.77010306294062,-7.365534296481087,-0.8771996749074806,353.89170055393356,29.834301476713716,1186.1906699245274,62.60645148163678,0.0
3472,-164.01817918995812,-16.40181791899581,3.6828514394480862,0.44249140933494413,350.2088491144855,29.523824288448324,1186.1906699245274,62.60645148163678,0.0
3473,-182.4319306399534,-18.243193063995346,-18.41375144999529,-2.2026497456790306,368.62260056448076,31.076167593523117,1186.1906699245274,62.60645148163678,0.0
3474,-233.99033355049107,-23.399033355049102,-51.558402910537666,-6.306313179634715,420.18100347501843,35.42272032048211,1186.1906699245274,62.60645148163678,-36.82750289999046
3475,-215.5765821004959,-21.557658210049592,18.413751449995175,2.4038536661480814,401.76725202502325,33.87037701540732,1186.1906699245274,62.60645148163678,-36.82750289999046
3476,-197.1628306505006,-19.716283065050067,18.41375144999529,2.3474250041263245,383.35350057502797,32.31803371033253,1186.1906699245274,62.60645148163678,-36.82750289999046
3477,-182.4319306399534,-18.243193063995346,14.730900010547202,1.8348552574469101,368.62260056448076,31.076167593523117,1186.1906699245274,62.60645148163678,-36.82750289999046
3478,-178.7492477829204,-17.874924778292044,3.682682857033001,0.4504435771220505,364.93991770744776,30.765704617341783,1186.1906699245274,62.60645148163678,-36.82750289999046
3479,-171.38371348643932,-17.138371348643933,7.365534296481087,0.8968678904216265,357.5743834109667,30.144764452895057,1186.1906699245274,62.60645148163678,-36.82750289999046
3480,-186.1146134969864,-18.611461349698644,-14.730900010547089,-1.7777709960937416,372.30528342151376,31.386630569704455,1186.1906699245274,62.60645148163678,-36.82750289999046
3481,-197.1628306505006,-19.716283065050067,-11.048217153514202,-1.3574659696231395,383.35350057502797,32.31803371033253,1186.1906699245274,62.60645148163678,-36.82750289999046
3482,-186.1146134969864,-18.611461349698644,11.048217153514202,1.376146692668212,372.30528342151376,31.386630569704455,1186.1906699245274,62.60645148163678,-36.82750289999046
3483,-156.65281347589212,-15.665281347589211,29.46180002109429,3.6198954434704333,342.8434834004195,28.902898336085652,1186.1906699245274,62.60645148163678,-36.82750289999046
3484,-167.7010306294062,-16.77010306294062,-11.048217153514088,-1.310043755413448,353.89170055393356,29.834301476713716,1186.1906699245274,62.60645148163678,-36.82750289999046
3485,-183.24949870931346,-18.324949870931352,-15.548468079907252,-1.8681349673742131,369.4401686338408,31.145091425929593,1186.1906699245274,62.60645148163678,-36.82750289999046
3486,-183.24949870931346,-18.324949870931352,0.0,0.0,369.4401686338408,31.145091425929593,1186.1906699245274,0.0,0.0
3487,-183.24949870931346,-18.324949870931352,0.0,0.0,369.4401686338408,31.145091425929593,1186.1906699245274,0.0,0.0
3488,-183.24949870931346,-18.324949870931352,0.0,0.0,369.4401686338408,31.145091425929593,1186.1906699245274,0.0,0.0
3489,-183.24949870931346,-18.324949870931352,0.0,0.0,369.4401686338408,31.145091425929593,1186.1906699245274,0.0,0.0
3490,-183.24949870931346,-18.324949870931352,0.0,0.0,369.4401686338408,31.145091425929593,1186.1906699245274,0.0,0.0
3491,-183.24949870931346,-18.324949870931352,0.0,0.0,369.4401686338408,31.145091425929593,1186.1906699245274,0.0,0.0
3492,-183.24949870931346,-18.324949870931352,0.0,0.0,369.4401686338408,31.145091425929593,1186.1906699245274,0.0,0.0
3493,-183.24949870931346,-18.324949870931352,0.0,0.0,369.4401686338408,31.145091425929593,1186.1906699245274,0.0,0.0
3494,-183.24949870931346,-18.324949870931352,0.0,0.0,369.4401686338408,31.145091425929593,1186.1906699245274,0.0,0.0
3495,-183.24949870931346,-18.324949870931352,0.0,0.0,369.4401686338408,31.145091425929593,1186.1906699245274,0.0,0.0
3496,-183.24949870931346,-18.324949870931352,0.0,0.0,369.4401686338408,31.145091425929593,1186.1906699245274,0.0,0.0
3497,-183.24949870931346,-18.324949870931352,0.0,0.0,369.4401686338408,31.145091425929593,1186.1906699245274,0.0,0.0
3498,-183.24949870931346,-18.324949870931352,0.0,0.0,369.4401686338408,31.145091425929593,1186.1906699245274,0.0,0.0
3499,-183.24949870931346,-18.324949870931352,0.0,0.0,369.4401686338408,31.145091425929593,1186.1906699245274,0.0,0.0
3500,-183.24949870931346,-18.324949870931352,0.0,0.0,369.4401686338408,31.145091425929593,1186.1906699245274,0.0,0.0
3501,-183.24949870931346,-18.324949870931352,0.0,0.0,369.4401686338408,31.145091425929593,1186.1906699245274,0.0,0.0
3502,-183.24949870931346,-18.324949870931352,0.0,0.0,369.4401686338408,31.145091425929593,1186.1906699245274,0.0,0.0
3503,-183.24949870931346,-18.324949870931352,0.0,0.0,369.4401686338408,31.145091425929593,1186.1906699245274,0.0,0.0
3504,-183.24949870931346,-18.324949870931352,0.0,0.0,369.4401686338408,31.145091425929593,1186.1906699245274,0.0,0.0
3505,-184.06543327603742,-18.406543327603742,-0.8159345667239677,-0.09990009990009652,370.2561032005648,31.213877548381213,1186.1906699245274,0.0,0.0
3506,-198.90055165371166,-19.890055165371166,-14.835118377674235,-1.8181750084738213,385.091221578239,32.464529636094746,1186.1906699245274,0.0,-14.835118377674235
3507,-169.23014512325892,-16.923014512325896,29.670406530452738,3.7037107679578796,355.4208150477863,29.96321114803578,1186.1906699245274,14.835288152778503,-14.835118377674235
3508,-169.23014512325892,-16.923014512325896,0.0,0.0,355.4208150477863,29.96321114803578,1186.1906699245274,14.835288152778503,-14.835118377674235
3509,-161.81267082197382,-16.18126708219738,7.417474301285097,0.8928434581181977,348.0033407465012,29.337892260494957,1186.1906699245274,22.2527624540636,-14.835118377674235
3510,-146.97738266919532,-14.697738266919536,14.835288152778503,1.7699251272775607,333.1680525937227,28.087225860149516,1186.1906699245274,37.0880506068421,-14.835118377674235
3511,-158.10376389622706,-15.810376389622704,-11.126381227031743,-1.30434773955318,344.2944338207544,29.025218504092642,1186.1906699245274,37.0880506068421,-14.835118377674235
3512,-150.68628959494197,-15.068628959494202,7.417474301285097,0.8810437656322723,336.8769595194693,28.39989961655182,1186.1906699245274,37.0880506068421,-14.835118377674235
3513,-102.47185776106824,-10.247185776106827,48.21443183387373,5.676869599912515,288.6625276855956,24.33525528437701,1186.1906699245274,81.59357551496919,-14.835118377674235
3514,-106.18076468681488,-10.618076468681492,-3.7089069257466463,-0.4132357250096419,292.37143461134224,24.647929040779314,1186.1906699245274,81.59357551496919,-14.835118377674235
3515,-102.47185776106824,-10.247185776106827,3.7089069257466463,0.4149504485039479,288.6625276855956,24.33525528437701,1186.1906699245274,81.59357551496919,-14.835118377674235
3516,-91.34547653403638,-9.134547653403635,11.126381227031857,1.2396693433229355,277.53614645856373,23.397262640433876,1186.1906699245274,92.71995674200105,-14.835118377674235
3517,-98.76312061042563,-9.876312061042558,-7.4176440763892515,-0.8163327078475779,284.953790534953,24.02259584060659,1186.1906699245274,92.71995674200105,-14.835118377674235
3518,-76.51035815636203,-7.651035815636198,22.2527624540636,2.4691358024691468,262.7010280808894,22.146610552720333,1186.1906699245274,107.5550751196754,-14.835118377674235
3519,-57.966332852941036,-5.7966332852941065,18.544025303420995,2.0080382565417887,244.1570027774684,20.58328470860449,1186.1906699245274,126.09910042309639,-14.835118377674235
3520,-35.71357039887744,-3.571357039887746,22.2527624540636,2.3622045825024474,221.9042403234048,18.70729942071823,1186.1906699245274,148.35186287716,-14.835118377674235
3521,-6.043333643528854,-0.6043333643528825,29.670236755348583,3.0769111588163423,192.2340035680562,16.205995245291156,1186.1906699245274,178.02209963250857,-14.835118377674235
3522,-2.334426717782094,-0.23344267177820566,3.70890692574676,0.3731457367595725,188.52509664230945,15.893321488888844,1186.1906699245274,181.73100655825533,-14.835118377674235
3523,-50.54885855165594,-5.054885855165592,-48.214431833873846,-4.832724825339341,236.7395284761833,19.957965821063667,1186.1906699245274,181.73100655825533,-14.835118377674235
3524,-28.296096097592454,-2.8296096097592427,22.252762454063486,2.343750139698386,214.4867660221198,18.081980533177415,1186.1906699245274,181.73100655825533,-14.835118377674235
3525,-2.334426717782094,-0.23344267177820566,25.96166937981036,2.671767528724245,188.52509664230945,15.893321488888844,1186.1906699245274,181.73100655825533,-14.835118377674235
3526,-13.46080794481395,-1.3460807944813968,-11.126381227031857,-1.1152415724266396,199.6514778693413,16.831314132831977,1186.1906699245274,181.73100655825533,-14.835118377674235
3527,-13.46080794481395,-1.3460807944813968,0.0,0.0,199.6514778693413,16.831314132831977,1186.1906699245274,181.73100655825533,-14.835118377674235
3528,-32.004833248234945,-3.2004833248235,-18.544025303420995,-1.8797048766800217,218.1955031727623,18.394639976947822,1186.1906699245274,181.73100655825533,-14.835118377674235
3529,8.79195450924965,0.8791954509249633,40.796787757484594,4.214565233252521,177.3987154152777,14.95532884494572,1186.1906699245274,192.85738778528707,-14.835118377674235
3530,12.50069165989214,1.2500691659892205,3.7087371506424915,0.36764142835048474,173.68997826463522,14.642669401175311,1186.1906699245274,196.56612493592957,-14.835118377674235
3531,-13.46080794481395,-1.3460807944813968,-25.96149960470609,-2.5640969748025433,199.6514778693413,16.831314132831977,1186.1906699245274,196.56612493592957,-14.835118377674235
3532,12.50069165989214,1.2500691659892205,25.96149960470609,2.6315730600243503,173.68997826463522,14.642669401175311,1186.1906699245274,196.56612493592957,-14.835118377674235
3533,31.04471696331325,3.1044716963313235,18.544025303421108,1.83150742080187,155.1459529612141,13.079343557059458,1186.1906699245274,215.11015023935067,-14.835118377674235
3534,60.714953718661945,6.071495371866198,29.670236755348697,2.877686706230853,125.47571620586541,10.578039381632376,1186.1906699245274,244.78038699469937,-14.835118377674235
3535,90.38536024911468,9.038536024911469,29.670406530452738,2.797208281681529,95.80530967541267,8.076720893573407,1186.1906699245274,274.4507935251521,-14.835118377674235
3536,68.13259779505097,6.8132597795050875,-22.252762454063713,-2.0408163265306256,118.05807212947639,9.952706181459677,1186.1906699245274,274.4507935251521,-14.835118377674235
3537,64.42386064440848,6.442386064440853,-3.7087371506424915,-0.3472169240315681,121.76680928011888,10.265365625230084,1186.1906699245274,274.4507935251521,-14.835118377674235
3538,57.00621656801923,5.700621656801919,-7.4176440763892515,-0.6968693910993862,129.18445335650813,10.890698825402803,1186.1906699245274,274.4507935251521,-14.835118377674235
3539,38.46219126459823,3.8462191264598156,-18.544025303420995,-1.7543913188733495,147.72847865992912,12.454024669518645,1186.1906699245274,274.4507935251521,-14.835118377674235
3540,64.42386064440848,6.442386064440853,25.961669379810246,2.5000110353748273,121.76680928011888,10.265365625230084,1186.1906699245274,274.4507935251521,-14.835118377674235
3541,79.25897902208294,7.925897902208301,14.835118377674462,1.3937228322459028,106.93169090244442,9.014713537516531,1186.1906699245274,274.4507935251521,-14.835118377674235
3542,71.84133494569369,7.184133494569367,-7.4176440763892515,-0.6872904669378177,114.34933497883367,9.64004673768925,1186.1906699245274,274.4507935251521,-14.835118377674235
3543,57.00621656801923,5.700621656801919,-14.835118377674462,-1.3840778382022467,129.18445335650813,10.890698825402803,1186.1906699245274,274.4507935251521,-14.835118377674235
3544,49.588572491629975,4.958857249163007,-7.4176440763892515,-0.701759739925989,136.60209743289738,11.516032025575521,1186.1906699245274,274.4507935251521,-14.835118377674235
3545,64.42386064440848,6.442386064440853,14.835288152778503,1.4134384216437201,121.76680928011888,10.265365625230084,1186.1906699245274,274.4507935251521,-14.835118377674235
3546,86.67662309847219,8.667662309847213,22.252762454063713,2.090592223345289,99.51404682605516,8.389380337343814,1186.1906699245274,274.4507935251521,-14.835118377674235
3547,101.51174147614643,10.15117414761464,14.835118377674235,1.3651824344370622,84.67892844838093,7.138728249630283,1186.1906699245274,285.57717475218385,-14.835118377674235
3548,90.38536024911468,9.038536024911469,-11.126381227031743,-1.0101010101010055,95.80530967541267,8.076720893573407,1186.1906699245274,285.57717475218385,-14.835118377674235
3549,31.04471696331325,3.1044716963313235,-59.340643285801434,-5.442171680683994,155.1459529612141,13.079343557059458,1186.1906699245274,285.57717475218385,-14.835118377674235
3550,75.55024187144022,7.555024187144022,44.50552490812697,4.316546525664466,110.64042805308713,9.32737298128696,1186.1906699245274,285.57717475218385,-14.835118377674235
3551,60.714953718661945,6.071495371866198,-14.835288152778276,-1.3793207955553166,125.47571620586541,10.578039381632376,1186.1906699245274,285.57717475218385,-14.835118377674235
3552,45.87983534098748,4.58798353409875,-14.835118377674462,-1.398596137978958,140.31083458353987,11.828691469345927,1186.1906699245274,285.57717475218385,-14.835118377674235
3553,19.918335736281392,1.9918335736281323,-25.96149960470609,-2.482264092627995,166.27233418824596,14.017336201002594,1186.1906699245274,285.57717475218385,-14.835118377674235
3554,8.79195450924965,0.8791954509249633,-11.126381227031743,-1.090909030378362,177.3987154152777,14.95532884494572,1186.1906699245274,285.57717475218385,-14.835118377674235
3555,49.588572491629975,4.958857249163007,40.796617982380326,4.044106200492736,136.60209743289738,11.516032025575521,1186.1906699245274,285.57717475218385,-14.835118377674235
3556,53.297479417376735,5.329747941737684,3.70890692574676,0.3533676931087415,132.89319050715062,11.20335826917321,1186.1906699245274,285.57717475218385,-14.835118377674235
3557,79.25897902208294,7.925897902208301,25.961499604706205,2.4647832271531334,106.93169090244442,9.014713537516531,1186.1906699245274,285.57717475218385,-14.835118377674235
3558,123.76450393020991,12.376450393020999,44.50552490812697,4.123711340206171,62.426165994317444,5.262742961744031,1186.1906699245274,307.82993720624734,-14.835118377674235
3559,127.47324108085263,12.747324108085255,3.708737150642719,0.3300279673963624,58.717428843674725,4.950083517973606,1186.1906699245274,311.53867435689006,-14.835118377674235
3560,127.47324108085263,12.747324108085255,0.0,0.0,58.717428843674725,4.950083517973606,1186.1906699245274,311.53867435689006,-14.835118377674235
3561,120.05576677956742,12.005576677956743,-7.4174743012852105,-0.6578847311865643,66.13490314495994,5.575402405514438,1186.1906699245274,311.53867435689006,-14.835118377674235
3562,153.43491046066288,15.343491046066294,33.37914368109546,2.9801322997575985,32.75575946386448,2.761424473685044,1186.1906699245274,337.5003437367003,-14.835118377674235
3563,168.2700288383371,16.82700288383372,14.835118377674235,1.2861686639733527,17.920641086190244,1.510772385971512,1186.1906699245274,352.33546211437454,-14.835118377674235
3564,120.05576677956742,12.005576677956743,-48.21426205876969,-4.126979282924115,66.13490314495994,5.575402405514438,1186.1906699245274,352.33546211437454,-14.835118377674235
3565,131.18214800659916,13.11821480065991,11.126381227031743,0.993377433252518,55.00852191792819,4.6374097615713135,1186.1906699245274,352.33546211437454,-14.835118377674235
3566,134.89088515724188,13.489088515724191,3.708737150642719,0.3278638331747352,51.29978476728547,4.324750317800888,1186.1906699245274,352.33546211437454,-14.835118377674235
3567,134.89088515724188,13.489088515724191,0.0,0.0,51.29978476728547,4.324750317800888,1186.1906699245274,352.33546211437454,-14.835118377674235
3568,134.89088515724188,13.489088515724191,0.0,0.0,51.29978476728547,4.324750317800888,1186.1906699245274,352.33546211437454,-14.835118377674235
3569,123.76450393020991,12.376450393020999,-11.12638122703197,-0.9803921568627638,62.426165994317444,5.262742961744031,1186.1906699245274,352.33546211437454,-14.835118377674235
3570,116.34685985382066,11.634685985382065,-7.4176440763892515,-0.6600710425046397,69.8438100707067,5.88807616191675,1186.1906699245274,352.33546211437454,-14.835118377674235
3571,131.18214800659916,13.11821480065991,14.835288152778503,1.3289138605828255,55.00852191792819,4.6374097615713135,1186.1906699245274,352.33546211437454,-14.835118377674235
3572,75.55024187144022,7.555024187144022,-55.63190613515894,-4.9180325408418994,110.64042805308713,9.32737298128696,1186.1906699245274,352.33546211437454,-14.835118377674235
3573,86.67662309847219,8.667662309847213,11.12638122703197,1.034482704189843,99.51404682605516,8.389380337343814,1186.1906699245274,352.33546211437454,-14.835118377674235
3574,60.714953718661945,6.071495371866198,-25.961669379810246,-2.389088789430749,125.47571620586541,10.578039381632376,1186.1906699245274,352.33546211437454,-14.835118377674235
3575,16.209428810534746,1.6209428810534776,-44.5055249081272,-4.195804419660476,169.9812411139926,14.330009957404895,1186.1906699245274,352.33546211437454,-14.835118377674235
3576,60.714953718661945,6.071495371866198,44.5055249081272,4.3795622876891205,125.47571620586541,10.578039381632376,1186.1906699245274,352.33546211437454,-14.835118377674235
3577,94.09409739975717,9.409409739975727,33.37914368109523,3.146853314745335,92.09657252477018,7.764061449803,1186.1906699245274,352.33546211437454,-14.835118377674235
3578,53.297479417376735,5.329747941737684,-40.79661798238044,-3.7288034072515686,132.89319050715062,11.20335826917321,1186.1906699245274,352.33546211437454,-14.835118377674235
3579,68.13259779505097,6.8132597795050875,14.835118377674235,1.4084452557391547,118.05807212947639,9.952706181459677,1186.1906699245274,352.33546211437454,-14.835118377674235
3580,90.38536024911468,9.038536024911469,22.252762454063713,2.083333333333348,95.80530967541267,8.076720893573407,1186.1906699245274,352.33546211437454,-14.835118377674235
3581,90.38536024911468,9.038536024911469,0.0,0.0,95.80530967541267,8.076720893573407,1186.1906699245274,352.33546211437454,-14.835118377674235
3582,49.588572491629975,4.958857249163007,-40.79678775748471,-3.7415017887037716,136.60209743289738,11.516032025575521,1186.1906699245274,352.33546211437454,-14.835118377674235
3583,31.04471696331325,3.1044716963313235,-18.543855528316726,-1.7667737639611714,155.1459529612141,13.079343557059458,1186.1906699245274,352.33546211437454,-14.835118377674235
3584,8.79195450924965,0.8791954509249633,-22.2527624540636,-2.1582732628322443,177.3987154152777,14.95532884494572,1186.1906699245274,352.33546211437454,-14.835118377674235
3585,19.918335736281392,1.9918335736281323,11.126381227031743,1.1029411145972556,166.27233418824596,14.017336201002594,1186.1906699245274,352.33546211437454,-14.835118377674235
3586,45.87983534098748,4.58798353409875,25.96149960470609,2.5454488555659127,140.31083458353987,11.828691469345927,1186.1906699245274,352.33546211437454,-14.835118377674235
3587,31.04471696331325,3.1044716963313235,-14.835118377674235,-1.4184343053939452,155.1459529612141,13.079343557059458,1186.1906699245274,352.33546211437454,-14.835118377674235
3588,31.04471696331325,3.1044716963313235,0.0,0.0,155.1459529612141,13.079343557059458,1186.1906699245274,352.33546211437454,-14.835118377674235
3589,64.42386064440848,6.442386064440853,33.37914368109523,3.2374098942483442,121.76680928011888,10.265365625230084,1186.1906699245274,352.33546211437454,-14.835118377674235
3590,79.25897902208294,7.925897902208301,14.835118377674462,1.3937228322459028,106.93169090244442,9.014713537516531,1186.1906699245274,352.33546211437454,-14.835118377674235
3591,86.67662309847219,8.667662309847213,7.4176440763892515,0.6872904669378288,99.51404682605516,8.389380337343814,1186.1906699245274,352.33546211437454,-14.835118377674235
3592,79.25897902208294,7.925897902208301,-7.4176440763892515,-0.6825990288848893,106.93169090244442,9.014713537516531,1186.1906699245274,352.33546211437454,-14.835118377674235
3593,60.714953718661945,6.071495371866198,-18.544025303420995,-1.7182183019893604,125.47571620586541,10.578039381632376,1186.1906699245274,352.33546211437454,-14.835118377674235
3594,68.13259779505097,6.8132597795050875,7.417644076389024,0.6993060718512689,118.05807212947639,9.952706181459677,1186.1906699245274,352.33546211437454,-14.835118377674235
3595,86.67662309847219,8.667662309847213,18.544025303421222,1.73611640930178,99.51404682605516,8.389380337343814,1186.1906699245274,352.33546211437454,-14.835118377674235
3596,101.51174147614643,10.15117414761464,14.835118377674235,1.3651824344370622,84.67892844838093,7.138728249630283,1186.1906699245274,352.33546211437454,-14.835118377674235
3597,79.25897902208294,7.925897902208301,-22.252762454063486,-2.020202020202011,106.93169090244442,9.014713537516531,1186.1906699245274,352.33546211437454,-14.835118377674235
3598,53.297479417376735,5.329747941737684,-25.961499604706205,-2.4054930382168216,132.89319050715062,11.20335826917321,1186.1906699245274,352.33546211437454,-14.835118377674235
3599,-6.043333643528854,-0.6043333643528825,-59.34081306090559,-5.6338132598332535,192.2340035680562,16.205995245291156,1186.1906699245274,352.33546211437454,-14.835118377674235
3600,12.50069165989214,1.2500691659892205,18.544025303420995,1.86567744159285,173.68997826463522,14.642669401175311,1186.1906699245274,352.33546211437454,-14.835118377674235
3601,27.33581003756649,2.7335810037566466,14.835118377674348,1.4651958759014372,158.85485988696087,13.392017313461771,1186.1906699245274,352.33546211437454,-14.835118377674235
3602,31.04471696331325,3.1044716963313235,3.70890692574676,0.36102186738833364,155.1459529612141,13.079343557059458,1186.1906699245274,352.33546211437454,-14.835118377674235
3603,64.42386064440848,6.442386064440853,33.37914368109523,3.2374098942483442,121.76680928011888,10.265365625230084,1186.1906699245274,352.33546211437454,-14.835118377674235
3604,94.09409739975717,9.409409739975727,29.670236755348697,2.7874456644917833,92.09657252477018,7.764061449803,1186.1906699245274,352.33546211437454,-14.835118377674235
3605,116.34685985382066,11.634685985382065,22.252762454063486,2.033898410287538,69.8438100707067,5.88807616191675,1186.1906699245274,352.33546211437454,-14.835118377674235
3606,134.89088515724188,13.489088515724191,18.544025303421222,1.6611347216804573,51.29978476728547,4.324750317800888,1186.1906699245274,352.33546211437454,-14.835118377674235
3607,138.59962230788437,13.859962230788447,3.7087371506424915,0.32679239908852686,47.59104761664298,4.012090874030481,1186.1906699245274,352.33546211437454,-14.835118377674235
3608,108.92938555253568,10.892938555253572,-29.670236755348697,-2.605853381121681,77.26128437199168,6.513395049457564,1186.1906699245274,352.33546211437454,-14.835118377674235
3609,131.18214800659916,13.11821480065991,22.252762454063486,2.0066888608038624,55.00852191792819,4.6374097615713135,1186.1906699245274,352.33546211437454,-14.835118377674235
3610,131.18214800659916,13.11821480065991,0.0,0.0,55.00852191792819,4.6374097615713135,1186.1906699245274,352.33546211437454,-14.835118377674235
3611,116.34685985382066,11.634685985382065,-14.835288152778503,-1.3114853499873291,69.8438100707067,5.88807616191675,1186.1906699245274,352.33546211437454,-14.835118377674235
3612,120.05576677956742,12.005576677956743,3.70890692574676,0.332236069193792,66.13490314495994,5.575402405514438,1186.1906699245274,352.33546211437454,-14.835118377674235
3613,127.47324108085263,12.747324108085255,7.4174743012852105,0.6622415170105533,58.717428843674725,4.950083517973606,1186.1906699245274,352.33546211437454,-14.835118377674235
3614,134.89088515724188,13.489088515724191,7.4176440763892515,0.6578997892028315,51.29978476728547,4.324750317800888,1186.1906699245274,352.33546211437454,-14.835118377674235
3615,146.01726638427363,14.601726638427358,11.126381227031743,0.9803921568627416,40.17340354025373,3.3867576738577627,1186.1906699245274,352.33546211437454,-14.835118377674235
3616,179.39641006536885,17.93964100653689,33.37914368109523,2.9126213592232997,6.794259859158501,0.5727797420283868,1186.1906699245274,363.4618433414063,-14.835118377674235
3617,153.43491046066288,15.343491046066294,-25.961499604705978,-2.201253063273867,32.75575946386448,2.761424473685044,1186.1906699245274,363.4618433414063,-14.835118377674235
3618,157.14364761130537,15.714364761130529,3.7087371506424915,0.32153848622122894,29.047022313221987,2.448765029914637,1186.1906699245274,363.4618433414063,-14.835118377674235
3619,164.56129168769462,16.45612916876946,7.4176440763892515,0.6410305316631559,21.629378236832736,1.823431829741919,1186.1906699245274,363.4618433414063,-14.835118377674235
3620,197.94043536878985,19.79404353687899,33.37914368109523,2.8662418989318983,0.0,0.0,1197.9404353687898,382.0058686448273,-14.835118377674235
3621,246.15469742755954,24.61546974275595,48.21426205876969,4.024762887641131,0.0,0.0,1246.1546974275595,430.22013070359696,-14.835118377674235
3622,260.989815805234,26.098981580523393,14.835118377674462,1.190471649169944,0.0,0.0,1260.989815805234,445.0552490812714,-14.835118377674235
3623,264.69872273098053,26.469872273098048,3.7089069257465326,0.2941266360171335,0.0,0.0,1264.6987227309805,448.76415600701796,-14.835118377674235
3624,257.2810786545913,25.728107865459137,-7.4176440763892515,-0.5865147124029413,7.4176440763892515,0.5865147124029388,1264.6987227309805,448.76415600701796,-14.835118377674235
3625,283.2425782592975,28.324257825929756,25.961499604706205,2.064892254044537,0.0,0.0,1283.2425782592975,467.3080115353349,-14.835118377674235
3626,253.5723415039488,25.35723415039488,-29.670236755348697,-2.312130010180613,29.670236755348697,2.312130010180616,1283.2425782592975,467.3080115353349,-14.835118377674235
3627,260.989815805234,26.098981580523393,7.4174743012852105,0.5917069207498793,22.252762454063486,1.7341041227177076,1283.2425782592975,467.3080115353349,-14.835118377674235
3628,257.2810786545913,25.728107865459137,-3.708737150642719,-0.29411317237914014,25.961499604706205,2.0231170664491707,1283.2425782592975,467.3080115353349,-14.835118377674235
3629,242.44596027691705,24.244596027691713,-14.835118377674235,-1.179936501832124,40.79661798238044,3.17918207153947,1283.2425782592975,467.3080115353349,-14.835118377674235
3630,264.69872273098053,26.469872273098048,22.252762454063486,1.7910446945397673,18.543855528316953,1.4450779488217622,1283.2425782592975,467.3080115353349,-14.835118377674235
3631,294.36895948632923,29.436895948632923,29.670236755348697,2.346032001303766,0.0,0.0,1294.3689594863292,478.43439276236666,-14.835118377674235
3632,301.7866035627185,30.17866035627186,7.4176440763892515,0.5730702997801318,0.0,0.0,1301.7866035627185,485.8520368387559,-14.835118377674235
3633,286.95148518504425,28.695148518504432,-14.835118377674235,-1.1395967923677808,14.835118377674235,1.1395967923677819,1301.7866035627185,485.8520368387559,-14.835118377674235
3634,257.2810786545913,25.728107865459137,-29.670406530452965,-2.3054798002884125,44.5055249081272,3.418803418803424,1301.7866035627185,485.8520368387559,-14.835118377674235
3635,253.5723415039488,25.35723415039488,-3.7087371506424915,-0.2949807496197443,48.21426205876969,3.7036993564703544,1301.7866035627185,485.8520368387559,-14.835118377674235
3636,231.3195790498853,23.13195790498852,-22.252762454063486,-1.7751478488561845,70.46702451283318,5.413101065872058,1301.7866035627185,485.8520368387559,-14.835118377674235
3637,249.86343457820203,24.986343457820205,18.543855528316726,1.5060148351271785,51.92316898451645,3.9886083358373456,1301.7866035627185,485.8520368387559,-14.835118377674235
3638,246.15469742755954,24.61546974275595,-3.7087371506424915,-0.29673139064941845,55.63190613515894,4.273504273504276,1301.7866035627185,485.8520368387559,-14.835118377674235
3639,279.533841108655,27.9533841108655,33.37914368109546,2.6785714285714413,22.252762454063486,1.7094017094017033,1301.7866035627185,485.8520368387559,-14.835118377674235
3640,296.7797885456639,29.6779788545664,17.24594743700891,1.3478305053710837,5.006815017054578,0.3846110417292642,1301.7866035627185,485.8520368387559,-14.835118377674235
3641,296.7797885456639,29.6779788545664,0.0,0.0,5.006815017054578,0.3846110417292642,1301.7866035627185,0.0,0.0
3642,296.7797885456639,29.6779788545664,0.0,0.0,5.006815017054578,0.3846110417292642,1301.7866035627185,0.0,0.0
3643,295.4843042414227,29.548430424142282,-1.2954843042411994,-0.09990009990008542,6.302299321295777,0.48412691481443254,1301.7866035627185,0.0,0.0
3644,287.79608705818146,28.77960870581815,-7.68821718324125,-0.5934627812988591,13.990516504537027,1.0747165830596122,1301.7866035627185,0.0,-7.68821718324125
3645,283.9518024945494,28.39518024945493,-3.8442845636320726,-0.2985165588143657,17.8348010681691,1.370024934913216,1301.7866035627185,0.0,-11.532501746873322
3646,291.6401956498021,29.164019564980205,7.688393155252697,0.5988069910658034,10.146407912916402,0.7794217489370223,1301.7866035627185,0.0,-11.532501746873322
3647,330.08180948204244,33.008180948204235,38.441613832240364,2.9761859348842234,0.0,0.0,1330.0818094820424,34.59750524061974,-11.532501746873322
3648,337.77020263729514,33.777020263729504,7.688393155252697,0.5780391176274158,0.0,0.0,1337.7702026372951,42.28589839587244,-11.532501746873322
3649,372.3677078779149,37.236770787791485,34.59750524061974,2.586206896551735,0.0,0.0,1372.3677078779149,76.88340363649218,-11.532501746873322
3650,360.83520613104156,36.083520613104156,-11.532501746873322,-0.8403361344537896,11.532501746873322,0.8403361344537879,1372.3677078779149,76.88340363649218,-11.532501746873322
3651,345.45859579254784,34.54585957925478,-15.37661033849372,-1.1299391924324609,26.909112085367042,1.9607800395548844,1372.3677078779149,76.88340363649218,-11.532501746873322
3652,326.2377008904218,32.62377008904218,-19.22089490212602,-1.428575725944492,46.13000698749306,3.361344537815135,1372.3677078779149,76.88340363649218,-11.532501746873322
3653,337.77020263729514,33.777020263729504,11.532501746873322,0.8695652173913215,34.59750524061974,2.521008403361347,1372.3677078779149,76.88340363649218,-11.532501746873322
3654,368.52359928629426,36.85235992862943,30.753396648999114,2.2988549594221475,3.844108591620625,0.2801077706473253,1372.3677078779149,76.88340363649218,-11.532501746873322
3655,383.900209624788,38.390020962478786,15.37661033849372,1.1235911712821567,0.0,0.0,1383.900209624788,88.41590538336527,-11.532501746873322
3656,391.5886027800407,39.158860278004056,7.688393155252697,0.5555597941080848,0.0,0.0,1391.5886027800407,96.10429853861797,-11.532501746873322
3657,430.03021661228104,43.00302166122811,38.441613832240364,2.7624266076514026,0.0,0.0,1430.030216612281,134.54591237085833,-11.532501746873322
3658,383.900209624788,38.390020962478786,-46.13000698749306,-3.2258064516129115,46.13000698749306,3.2258064516129124,1430.030216612281,134.54591237085833,-11.532501746873322
3659,391.5886027800407,39.158860278004056,7.688393155252697,0.5555597941080848,38.441613832240364,2.688167941185742,1430.030216612281,134.54591237085833,-11.532501746873322
3660,356.99109753942093,35.6991097539421,-34.59750524061974,-2.486187740507695,73.0391190728601,5.107522779895422,1430.030216612281,134.54591237085833,-11.532501746873322
3661,368.52359928629426,36.85235992862943,11.532501746873322,0.8498583202045218,61.50661732598678,4.30107116699219,1430.030216612281,134.54591237085833,-11.532501746873322
3662,360.83520613104156,36.083520613104156,-7.688393155252697,-0.5618020149058656,69.19501048123948,4.83870967741936,1430.030216612281,134.54591237085833,-11.532501746873322
3663,376.2118164695353,37.62118164695354,15.37661033849372,1.129939192432472,53.81840014274576,3.7634449620400816,1430.030216612281,134.54591237085833,-11.532501746873322
3664,391.5886027800407,39.158860278004056,15.376786310505395,1.1173270078404185,38.441613832240364,2.688167941185742,1430.030216612281,134.54591237085833,-11.532501746873322
3665,406.9652131185344,40.69652131185344,15.37661033849372,1.1049681139795986,23.065003493746644,1.612903225806464,1430.030216612281,134.54591237085833,-11.532501746873322
3666,410.809321710155,41.08093217101549,3.844108591620625,0.27321987464778985,19.22089490212602,1.344090123330402,1430.030216612281,134.54591237085833,-11.532501746873322
3667,414.6536062737871,41.465360627378715,3.8442845636320726,0.272487890778339,15.376610338493947,1.075264715379294,1430.030216612281,134.54591237085833,-11.532501746873322
3668,391.5886027800407,39.158860278004056,-23.065003493746417,-1.630434715004181,38.441613832240364,2.688167941185742,1430.030216612281,134.54591237085833,-11.532501746873322
3669,360.83520613104156,36.083520613104156,-30.753396648999114,-2.209948873363987,69.19501048123948,4.83870967741936,1430.030216612281,134.54591237085833,-11.532501746873322
3670,341.61431122891554,34.161431122891564,-19.22089490212602,-1.4124336889234756,88.4159053833655,6.182799800749762,1430.030216612281,134.54591237085833,-11.532501746873322
3671,364.6793147226622,36.467931472266216,23.065003493746644,1.7191977829022376,65.35090188961885,4.569896574943297,1430.030216612281,134.54591237085833,-11.532501746873322
3672,337.77020263729514,33.777020263729504,-26.909112085367042,-1.9718267724191052,92.2600139749859,6.451612903225808,1430.030216612281,134.54591237085833,-11.532501746873322
3673,287.79608705818146,28.77960870581815,-49.974115579113686,-3.73562779919856,142.23412955409958,9.946232457314782,1430.030216612281,134.54591237085833,-11.532501746873322
3674,303.1726973966754,30.31726973966753,15.376610338493947,1.194025241497676,126.85751921560563,8.87096774193549,1430.030216612281,134.54591237085833,-11.532501746873322
3675,307.016805988296,30.701680598829604,3.844108591620625,0.2949807496197554,123.01341062398501,8.602154639459426,1430.030216612281,134.54591237085833,-11.532501746873322
3676,280.107693902929,28.0107693902929,-26.909112085367042,-2.0588191339299455,149.92252270935205,10.483870967741936,1430.030216612281,134.54591237085833,-15.37661033849372
3677,283.9518024945494,28.39518024945493,3.8441085916203974,0.3002957180813448,146.07841411773165,10.215057865265889,1430.030216612281,134.54591237085833,-15.37661033849372
3678,287.79608705818146,28.77960870581815,3.8442845636320726,0.29941034828278035,142.23412955409958,9.946232457314782,1430.030216612281,134.54591237085833,-15.37661033849372
3679,307.016805988296,30.701680598829604,19.220718930114572,1.4925281357254239,123.01341062398501,8.602154639459426,1430.030216612281,134.54591237085833,-15.37661033849372
3680,303.1726973966754,30.31726973966753,-3.844108591620625,-0.29411317237914014,126.85751921560563,8.87096774193549,1430.030216612281,134.54591237085833,-15.37661033849372
3681,280.107693902929,28.0107693902929,-23.065003493746417,-1.7699115044247704,149.92252270935205,10.483870967741936,1430.030216612281,134.54591237085833,-15.37661033849372
3682,237.82179550705655,23.78217955070565,-42.28589839587244,-3.303307885522244,192.2084211052245,13.440864316878788,1430.030216612281,134.54591237085833,-57.662508734366156
3683,237.82179550705655,23.78217955070565,0.0,0.0,192.2084211052245,13.440864316878788,1430.030216612281,134.54591237085833,-57.662508734366156
3684,245.51018866230925,24.551018866230923,7.688393155252697,0.6211227806102171,184.5200279499718,12.903225806451616,1430.030216612281,134.54591237085833,-57.662508734366156
3685,245.51018866230925,24.551018866230923,0.0,0.0,184.5200279499718,12.903225806451616,1430.030216612281,134.54591237085833,-57.662508734366156
3686,257.04269040918234,25.704269040918227,11.532501746873095,0.9259259259259078,172.9875262030987,12.0967741935484,1430.030216612281,134.54591237085833,-57.662508734366156
3687,241.66608007068862,24.166608007068866,-15.37661033849372,-1.2232369239177143,188.36413654159242,13.172038908927677,1430.030216612281,134.54591237085833,-57.662508734366156
3688,253.19858181756194,25.319858181756196,11.532501746873322,0.9287925257825069,176.8316347947191,12.365587296024447,1430.030216612281,134.54591237085833,-57.662508734366156
3689,253.19858181756194,25.319858181756196,0.0,0.0,176.8316347947191,12.365587296024447,1430.030216612281,134.54591237085833,-57.662508734366156
3690,257.04269040918234,25.704269040918227,3.8441085916203974,0.30674377129003005,172.9875262030987,12.0967741935484,1430.030216612281,134.54591237085833,-57.662508734366156
3691,257.04269040918234,25.704269040918227,0.0,0.0,172.9875262030987,12.0967741935484,1430.030216612281,134.54591237085833,-57.662508734366156
3692,214.75679201331013,21.475679201331022,-42.28589839587221,-3.3639190393850216,215.2734245989709,15.053767542685234,1430.030216612281,134.54591237085833,-80.72751222811257
3693,241.66608007068862,24.166608007068866,26.90928805737849,2.2151996378451777,188.36413654159242,13.172038908927677,1430.030216612281,134.54591237085833,-80.72751222811257
3694,241.66608007068862,24.166608007068866,0.0,0.0,188.36413654159242,13.172038908927677,1430.030216612281,134.54591237085833,-80.72751222811257
3695,299.3285888050548,29.932858880505474,57.662508734366156,4.643962628912557,130.70162780722626,9.13978084441155,1430.030216612281,134.54591237085833,-80.72751222811257
3696,249.35429725392987,24.93542972539298,-49.97429155112491,-3.8461627013905986,180.67591935835117,12.634412703975553,1430.030216612281,134.54591237085833,-80.72751222811257
3697,276.26358531130836,27.626358531130847,26.90928805737849,2.153855644993974,153.76663130097268,10.752684070217997,1430.030216612281,134.54591237085833,-80.72751222811257
3698,268.57519215605566,26.857519215605574,-7.688393155252697,-0.6024142068879357,161.45502445622537,11.290322580645167,1430.030216612281,134.54591237085833,-80.72751222811257
3699,264.73108356443504,26.473108356443497,-3.844108591620625,-0.3030256791548336,165.299133047846,11.55913568312123,1430.030216612281,134.54591237085833,-80.72751222811257
3700,260.88679900080297,26.0886799000803,-3.8442845636320726,-0.3039606295432873,169.14341761147807,11.827961091072337,1430.030216612281,134.54591237085833,-80.72751222811257
3701,249.35429725392987,24.93542972539298,-11.532501746873095,-0.9146341888908727,180.67591935835117,12.634412703975553,1430.030216612281,134.54591237085833,-80.72751222811257
3702,182.81956776498623,18.28195677649862,-66.53472948894364,-5.325529326243672,247.2106488472948,17.287092676470355,1430.030216612281,134.54591237085833,-112.66473647643647
3703,182.81956776498623,18.28195677649862,0.0,0.0,247.2106488472948,17.287092676470355,1430.030216612281,0.0,0.0
3704,182.81956776498623,18.28195677649862,0.0,0.0,247.2106488472948,17.287092676470355,1430.030216612281,0.0,0.0
3705,182.81956776498623,18.28195677649862,0.0,0.0,247.2106488472948,17.287092676470355,1430.030216612281,0.0,0.0
3706,182.81956776498623,18.28195677649862,0.0,0.0,247.2106488472948,17.287092676470355,1430.030216612281,0.0,0.0
3707,182.81956776498623,18.28195677649862,0.0,0.0,247.2106488472948,17.287092676470355,1430.030216612281,0.0,0.0
3708,182.81956776498623,18.28195677649862,0.0,0.0,247.2106488472948,17.287092676470355,1430.030216612281,0.0,0.0
3709,182.81956776498623,18.28195677649862,0.0,0.0,247.2106488472948,17.287092676470355,1430.030216612281,0.0,0.0
3710,182.81956776498623,18.28195677649862,0.0,0.0,247.2106488472948,17.287092676470355,1430.030216612281,0.0,0.0
3711,182.81956776498623,18.28195677649862,0.0,0.0,247.2106488472948,17.287092676470355,1430.030216612281,0.0,0.0
3712,182.81956776498623,18.28195677649862,0.0,0.0,247.2106488472948,17.287092676470355,1430.030216612281,0.0,0.0
3713,182.81956776498623,18.28195677649862,0.0,0.0,247.2106488472948,17.287092676470355,1430.030216612281,0.0,0.0
3714,182.81956776498623,18.28195677649862,0.0,0.0,247.2106488472948,17.287092676470355,1430.030216612281,0.0,0.0
3715,182.81956776498623,18.28195677649862,0.0,0.0,247.2106488472948,17.287092676470355,1430.030216612281,0.0,0.0
3716,182.81956776498623,18.28195677649862,0.0,0.0,247.2106488472948,17.287092676470355,1430.030216612281,0.0,0.0
3717,182.81956776498623,18.28195677649862,0.0,0.0,247.2106488472948,17.287092676470355,1430.030216612281,0.0,0.0
3718,182.81956776498623,18.28195677649862,0.0,0.0,247.2106488472948,17.287092676470355,1430.030216612281,0.0,0.0
3719,182.81956776498623,18.28195677649862,0.0,0.0,247.2106488472948,17.287092676470355,1430.030216612281,0.0,0.0
3720,182.81956776498623,18.28195677649862,0.0,0.0,247.2106488472948,17.287092676470355,1430.030216612281,0.0,0.0
3721,182.81956776498623,18.28195677649862,0.0,0.0,247.2106488472948,17.287092676470355,1430.030216612281,0.0,0.0
3722,182.81956776498623,18.28195677649862,0.0,0.0,247.2106488472948,17.287092676470355,1430.030216612281,0.0,0.0
3723,182.81956776498623,18.28195677649862,0.0,0.0,247.2106488472948,17.287092676470355,1430.030216612281,0.0,0.0
3724,182.81956776498623,18.28195677649862,0.0,0.0,247.2106488472948,17.287092676470355,1430.030216612281,0.0,0.0
3725,182.81956776498623,18.28195677649862,0.0,0.0,247.2106488472948,17.287092676470355,1430.030216612281,0.0,0.0
3726,182.81956776498623,18.28195677649862,0.0,0.0,247.2106488472948,17.287092676470355,1430.030216612281,0.0,0.0
3727,182.81956776498623,18.28195677649862,0.0,0.0,247.2106488472948,17.287092676470355,1430.030216612281,0.0,0.0
3728,182.81956776498623,18.28195677649862,0.0,0.0,247.2106488472948,17.287092676470355,1430.030216612281,0.0,0.0
3729,182.81956776498623,18.28195677649862,0.0,0.0,247.2106488472948,17.287092676470355,1430.030216612281,0.0,0.0
3730,182.81956776498623,18.28195677649862,0.0,0.0,247.2106488472948,17.287092676470355,1430.030216612281,0.0,0.0
3731,182.81956776498623,18.28195677649862,0.0,0.0,247.2106488472948,17.287092676470355,1430.030216612281,0.0,0.0
3732,182.81956776498623,18.28195677649862,0.0,0.0,247.2106488472948,17.287092676470355,1430.030216612281,0.0,0.0
3733,182.81956776498623,18.28195677649862,0.0,0.0,247.2106488472948,17.287092676470355,1430.030216612281,0.0,0.0
3734,182.81956776498623,18.28195677649862,0.0,0.0,247.2106488472948,17.287092676470355,1430.030216612281,0.0,0.0
3735,182.81956776498623,18.28195677649862,0.0,0.0,247.2106488472948,17.287092676470355,1430.030216612281,0.0,0.0
3736,182.81956776498623,18.28195677649862,0.0,0.0,247.2106488472948,17.287092676470355,1430.030216612281,0.0,0.0
3737,182.81956776498623,18.28195677649862,0.0,0.0,247.2106488472948,17.287092676470355,1430.030216612281,0.0,0.0
3738,182.81956776498623,18.28195677649862,0.0,0.0,247.2106488472948,17.287092676470355,1430.030216612281,0.0,0.0
3739,182.81956776498623,18.28195677649862,0.0,0.0,247.2106488472948,17.287092676470355,1430.030216612281,0.0,0.0
3740,182.81956776498623,18.28195677649862,0.0,0.0,247.2106488472948,17.287092676470355,1430.030216612281,0.0,0.0
3741,182.81956776498623,18.28195677649862,0.0,0.0,247.2106488472948,17.287092676470355,1430.030216612281,0.0,0.0
3742,182.81956776498623,18.28195677649862,0.0,0.0,247.2106488472948,17.287092676470355,1430.030216612281,0.0,0.0
3743,182.81956776498623,18.28195677649862,0.0,0.0,247.2106488472948,17.287092676470355,1430.030216612281,0.0,0.0
3744,182.81956776498623,18.28195677649862,0.0,0.0,247.2106488472948,17.287092676470355,1430.030216612281,0.0,0.0
3745,182.81956776498623,18.28195677649862,0.0,0.0,247.2106488472948,17.287092676470355,1430.030216612281,0.0,0.0
3746,182.81956776498623,18.28195677649862,0.0,0.0,247.2106488472948,17.287092676470355,1430.030216612281,0.0,0.0
3747,182.81956776498623,18.28195677649862,0.0,0.0,247.2106488472948,17.287092676470355,1430.030216612281,0.0,0.0
3748,182.81956776498623,18.28195677649862,0.0,0.0,247.2106488472948,17.287092676470355,1430.030216612281,0.0,0.0
3749,182.81956776498623,18.28195677649862,0.0,0.0,247.2106488472948,17.287092676470355,1430.030216612281,0.0,0.0
3750,182.81956776498623,18.28195677649862,0.0,0.0,247.2106488472948,17.287092676470355,1430.030216612281,0.0,0.0
3751,182.81956776498623,18.28195677649862,0.0,0.0,247.2106488472948,17.287092676470355,1430.030216612281,0.0,0.0
3752,182.81956776498623,18.28195677649862,0.0,0.0,247.2106488472948,17.287092676470355,1430.030216612281,0.0,0.0
3753,182.81956776498623,18.28195677649862,0.0,0.0,247.2106488472948,17.287092676470355,1430.030216612281,0.0,0.0
3754,182.81956776498623,18.28195677649862,0.0,0.0,247.2106488472948,17.287092676470355,1430.030216612281,0.0,0.0
3755,182.81956776498623,18.28195677649862,0.0,0.0,247.2106488472948,17.287092676470355,1430.030216612281,0.0,0.0
3756,182.81956776498623,18.28195677649862,0.0,0.0,247.2106488472948,17.287092676470355,1430.030216612281,0.0,0.0
3757,182.81956776498623,18.28195677649862,0.0,0.0,247.2106488472948,17.287092676470355,1430.030216612281,0.0,0.0
3758,182.81956776498623,18.28195677649862,0.0,0.0,247.2106488472948,17.287092676470355,1430.030216612281,0.0,0.0
3759,182.81956776498623,18.28195677649862,0.0,0.0,247.2106488472948,17.287092676470355,1430.030216612281,0.0,0.0
3760,182.81956776498623,18.28195677649862,0.0,0.0,247.2106488472948,17.287092676470355,1430.030216612281,0.0,0.0
3761,182.81956776498623,18.28195677649862,0.0,0.0,247.2106488472948,17.287092676470355,1430.030216612281,0.0,0.0
3762,182.81956776498623,18.28195677649862,0.0,0.0,247.2106488472948,17.287092676470355,1430.030216612281,0.0,0.0
3763,182.81956776498623,18.28195677649862,0.0,0.0,247.2106488472948,17.287092676470355,1430.030216612281,0.0,0.0
3764,182.81956776498623,18.28195677649862,0.0,0.0,247.2106488472948,17.287092676470355,1430.030216612281,0.0,0.0
3765,182.81956776498623,18.28195677649862,0.0,0.0,247.2106488472948,17.287092676470355,1430.030216612281,0.0,0.0
3766,182.81956776498623,18.28195677649862,0.0,0.0,247.2106488472948,17.287092676470355,1430.030216612281,0.0,0.0
3767,182.81956776498623,18.28195677649862,0.0,0.0,247.2106488472948,17.287092676470355,1430.030216612281,0.0,0.0
3768,182.81956776498623,18.28195677649862,0.0,0.0,247.2106488472948,17.287092676470355,1430.030216612281,0.0,0.0
3769,182.81956776498623,18.28195677649862,0.0,0.0,247.2106488472948,17.287092676470355,1430.030216612281,0.0,0.0
3770,182.81956776498623,18.28195677649862,0.0,0.0,247.2106488472948,17.287092676470355,1430.030216612281,0.0,0.0
3771,182.81956776498623,18.28195677649862,0.0,0.0,247.2106488472948,17.287092676470355,1430.030216612281,0.0,0.0
3772,182.81956776498623,18.28195677649862,0.0,0.0,247.2106488472948,17.287092676470355,1430.030216612281,0.0,0.0
3773,182.81956776498623,18.28195677649862,0.0,0.0,247.2106488472948,17.287092676470355,1430.030216612281,0.0,0.0
3774,182.81956776498623,18.28195677649862,0.0,0.0,247.2106488472948,17.287092676470355,1430.030216612281,0.0,0.0
3775,182.81956776498623,18.28195677649862,0.0,0.0,247.2106488472948,17.287092676470355,1430.030216612281,0.0,0.0
3776,182.81956776498623,18.28195677649862,0.0,0.0,247.2106488472948,17.287092676470355,1430.030216612281,0.0,0.0
3777,182.81956776498623,18.28195677649862,0.0,0.0,247.2106488472948,17.287092676470355,1430.030216612281,0.0,0.0
3778,182.81956776498623,18.28195677649862,0.0,0.0,247.2106488472948,17.287092676470355,1430.030216612281,0.0,0.0
3779,182.81956776498623,18.28195677649862,0.0,0.0,247.2106488472948,17.287092676470355,1430.030216612281,0.0,0.0
3780,182.81956776498623,18.28195677649862,0.0,0.0,247.2106488472948,17.287092676470355,1430.030216612281,0.0,0.0
3781,182.81956776498623,18.28195677649862,0.0,0.0,247.2106488472948,17.287092676470355,1430.030216612281,0.0,0.0
3782,182.81956776498623,18.28195677649862,0.0,0.0,247.2106488472948,17.287092676470355,1430.030216612281,0.0,0.0
3783,182.81956776498623,18.28195677649862,0.0,0.0,247.2106488472948,17.287092676470355,1430.030216612281,0.0,0.0
3784,181.63792983515123,18.163792983515116,-1.1816379298350057,-0.09990009990008542,248.3922867771298,17.369722953516828,1430.030216612281,0.0,0.0
3785,204.73183189181532,20.47318318918152,23.093902056664092,1.9543974912760165,225.29838472046572,15.754798891885939,1430.030216612281,23.093902056664092,0.0
3786,193.18488086348316,19.318488086348307,-11.54695102833216,-0.9584665003994908,236.84533574879788,16.56226092270139,1430.030216612281,23.093902056664092,0.0
3787,170.09097880681907,17.0090978806819,-23.093902056664092,-1.9354839662359402,259.93923780546197,18.177184984332285,1430.030216612281,23.093902056664092,-11.54695102833216
3788,181.63792983515123,18.163792983515116,11.54695102833216,0.9868421547961193,248.3922867771298,17.369722953516828,1430.030216612281,23.093902056664092,-11.54695102833216
3789,162.39312891625787,16.23931289162579,-19.24480091889336,-1.6286546354836617,267.6370876960232,18.715484790947368,1430.030216612281,23.093902056664092,-19.24480091889336
3790,177.7890048898705,17.77890048898705,15.395875973612647,1.3244981917577947,252.24121172241053,17.63887285682438,1430.030216612281,23.093902056664092,-19.24480091889336
3791,200.8829069465346,20.088290694653455,23.093902056664092,1.9607843137254832,229.14730966574643,16.023948795193487,1430.030216612281,23.093902056664092,-19.24480091889336
3792,189.33595591820267,18.933595591820264,-11.546951028331932,-0.961538461538447,240.69426069407837,16.831410826008927,1430.030216612281,23.093902056664092,-19.24480091889336
3793,177.7890048898705,17.77890048898705,-11.54695102833216,-0.9708737864077777,252.24121172241053,17.63887285682438,1430.030216612281,23.093902056664092,-19.24480091889336
3794,181.63792983515123,18.163792983515116,3.8489249452807144,0.32679239908854907,248.3922867771298,17.369722953516828,1430.030216612281,23.093902056664092,-19.24480091889336
3795,200.8829069465346,20.088290694653455,19.244977111383378,1.6286695463531897,229.14730966574643,16.023948795193487,1430.030216612281,23.093902056664092,-19.24480091889336
3796,208.58093302958605,20.8580933029586,7.698026083051445,0.6410305316631559,221.449283582695,15.485636667685585,1430.030216612281,26.943003194434823,-19.24480091889336
3797,200.8829069465346,20.088290694653455,-7.698026083051445,-0.6369475036938188,229.14730966574643,16.023948795193487,1430.030216612281,26.943003194434823,-19.24480091889336
3798,193.18488086348316,19.318488086348307,-7.698026083051445,-0.641030531663167,236.84533574879788,16.56226092270139,1430.030216612281,26.943003194434823,-19.24480091889336
3799,185.48703097292196,18.548703097292197,-7.697849890561201,-0.6451514776981138,244.54318563935908,17.100560729316477,1430.030216612281,26.943003194434823,-19.24480091889336
3800,189.33595591820267,18.933595591820264,3.8489249452807144,0.3246703544383722,240.69426069407837,16.831410826008927,1430.030216612281,26.943003194434823,-19.24480091889336
3801,185.48703097292196,18.548703097292197,-3.8489249452807144,-0.32361965734981624,244.54318563935908,17.100560729316477,1430.030216612281,26.943003194434823,-19.24480091889336
3802,220.12788405791798,22.012788405791795,34.640853084996024,2.922077777313725,209.90233255436306,14.678174636870148,1430.030216612281,38.489954222766755,-19.24480091889336
3803,220.12788405791798,22.012788405791795,0.0,0.0,209.90233255436306,14.678174636870148,1430.030216612281,38.489954222766755,-19.24480091889336
3804,216.27878292014748,21.627878292014756,-3.8491011377705036,-0.3154670250604452,213.75143369213356,14.947336861070484,1430.030216612281,38.489954222766755,-19.24480091889336
3805,208.58093302958605,20.8580933029586,-7.697849890561429,-0.6329017655047564,221.449283582695,15.485636667685585,1430.030216612281,38.489954222766755,-19.24480091889336
3806,185.48703097292196,18.548703097292197,-23.093902056664092,-1.910827932621273,244.54318563935908,17.100560729316477,1430.030216612281,38.489954222766755,-19.24480091889336
3807,212.42985797486676,21.242985797486668,26.942827001944806,2.2727222059808705,217.60035863741427,15.216486764378034,1430.030216612281,38.489954222766755,-19.24480091889336
3808,227.8257339484794,22.78257339484795,15.395875973612647,1.2698364257812456,202.20448266380163,14.139874830255044,1430.030216612281,46.187804113328184,-19.24480091889336
3809,247.0707110598628,24.707071105986287,19.244977111383378,1.5674029774155995,182.95950555241825,12.794100671931705,1430.030216612281,65.43278122471156,-19.24480091889336
3810,274.0135380618076,27.40135380618076,26.942827001944806,2.1604891176576935,156.01667855047344,10.910026706993262,1430.030216612281,92.37560822665637,-19.24480091889336
3811,247.0707110598628,24.707071105986287,-26.942827001944806,-2.1147991129618404,182.95950555241825,12.794100671931705,1430.030216612281,92.37560822665637,-19.24480091889336
3812,227.8257339484794,22.78257339484795,-19.244977111383378,-1.5432145860460045,202.20448266380163,14.139874830255044,1430.030216612281,92.37560822665637,-19.24480091889336
3813,200.8829069465346,20.088290694653455,-26.942827001944806,-2.1943526884146025,229.14730966574643,16.023948795193487,1430.030216612281,92.37560822665637,-19.24480091889336
3814,177.7890048898705,17.77890048898705,-23.093902056664092,-1.9230769230769162,252.24121172241053,17.63887285682438,1430.030216612281,92.37560822665637,-19.24480091889336
3815,189.33595591820267,18.933595591820264,11.54695102833216,0.9803921568627638,240.69426069407837,16.831410826008927,1430.030216612281,92.37560822665637,-19.24480091889336
3816,177.7890048898705,17.77890048898705,-11.54695102833216,-0.9708737864077777,252.24121172241053,17.63887285682438,1430.030216612281,92.37560822665637,-19.24480091889336
3817,177.7890048898705,17.77890048898705,0.0,0.0,252.24121172241053,17.63887285682438,1430.030216612281,92.37560822665637,-19.24480091889336
3818,189.33595591820267,18.933595591820264,11.54695102833216,0.9803921568627638,240.69426069407837,16.831410826008927,1430.030216612281,92.37560822665637,-19.24480091889336
3819,181.63792983515123,18.163792983515116,-7.698026083051445,-0.6472541290579503,248.3922867771298,17.369722953516828,1430.030216612281,92.37560822665637,-19.24480091889336
3820,135.45012572182281,13.54501257218228,-46.18780411332841,-3.908794982552055,294.5800908904582,20.599571076778627,1430.030216612281,92.37560822665637,-46.18780411332841
3821,150.8461778879257,15.084617788792576,15.39605216610289,1.3559426184673207,279.18403872435533,19.522946821762822,1430.030216612281,92.37560822665637,-46.18780411332841
3822,170.09097880681907,17.0090978806819,19.24480091889336,1.6722305107892188,259.93923780546197,18.177184984332285,1430.030216612281,92.37560822665637,-46.18780411332841
3823,185.48703097292196,18.548703097292197,15.39605216610289,1.315799578405663,244.54318563935908,17.100560729316477,1430.030216612281,92.37560822665637,-46.18780411332841
3824,212.42985797486676,21.242985797486668,26.942827001944806,2.2727222059808705,217.60035863741427,15.216486764378034,1430.030216612281,92.37560822665637,-46.18780411332841
3825,216.27878292014748,21.627878292014756,3.8489249452807144,0.31745547340029656,213.75143369213356,14.947336861070484,1430.030216612281,92.37560822665637,-46.18780411332841
3826,223.9768090031987,22.397680900319862,7.698026083051218,0.6329162516975906,206.05340760908234,14.409024733562594,1430.030216612281,92.37560822665637,-46.18780411332841
3827,200.8829069465346,20.088290694653455,-23.093902056664092,-1.8867924528301883,229.14730966574643,16.023948795193487,1430.030216612281,92.37560822665637,-46.18780411332841
3828,177.7890048898705,17.77890048898705,-23.093902056664092,-1.9230769230769162,252.24121172241053,17.63887285682438,1430.030216612281,92.37560822665637,-46.18780411332841
3829,170.09097880681907,17.0090978806819,-7.698026083051445,-0.6535997577742036,259.93923780546197,18.177184984332285,1430.030216612281,92.37560822665637,-46.18780411332841
3830,162.39312891625787,16.23931289162579,-7.697849890561201,-0.6578847311865421,267.6370876960232,18.715484790947368,1430.030216612281,92.37560822665637,-46.18780411332841
3831,173.9400799445898,17.39400799445898,11.546951028331932,0.993377433252518,256.09013666769124,17.90802276013193,1430.030216612281,92.37560822665637,-46.18780411332841
3832,162.39312891625787,16.23931289162579,-11.546951028331932,-0.9836065081683665,267.6370876960232,18.715484790947368,1430.030216612281,92.37560822665637,-46.18780411332841
3833,173.9400799445898,17.39400799445898,11.546951028331932,0.993377433252518,256.09013666769124,17.90802276013193,1430.030216612281,92.37560822665637,-46.18780411332841
3834,208.58093302958605,20.8580933029586,34.64085308499625,2.950819524505155,221.449283582695,15.485636667685585,1430.030216612281,92.37560822665637,-46.18780411332841
3835,223.9768090031987,22.397680900319862,15.395875973612647,1.273880428927443,206.05340760908234,14.409024733562594,1430.030216612281,92.37560822665637,-46.18780411332841
3836,239.37268497681157,23.937268497681163,15.395875973612874,1.257856836858795,190.65753163546947,13.332412799439592,1430.030216612281,92.37560822665637,-46.18780411332841
3837,247.0707110598628,24.707071105986287,7.698026083051218,0.6211227806101949,182.95950555241825,12.794100671931705,1430.030216612281,92.37560822665637,-46.18780411332841
3838,243.2217861145823,24.322178611458224,-3.848924945280487,-0.3086372658058334,186.80843049769874,13.063250575239238,1430.030216612281,92.37560822665637,-46.18780411332841
3839,250.9196360051435,25.091963600514354,7.697849890561201,0.6191855690221626,179.11058060713754,12.524950768624151,1430.030216612281,92.37560822665637,-46.18780411332841
3840,254.76873714291423,25.476873714291415,3.849101137770731,0.3077017121629888,175.2614794693668,12.255788544423801,1430.030216612281,92.37560822665637,-46.18780411332841
3841,274.0135380618076,27.40135380618076,19.24480091889336,1.5337328982800047,156.01667855047344,10.910026706993262,1430.030216612281,92.37560822665637,-46.18780411332841
3842,277.8626391995783,27.786263919957843,3.849101137770731,0.3021240373651368,152.1675774127027,10.640864482792908,1430.030216612281,96.2247093644271,-46.18780411332841
3843,281.71156414485904,28.17115641448591,3.8489249452807144,0.30120020941308834,148.318652467422,10.371714579485358,1430.030216612281,100.07363430970781,-46.18780411332841
3844,254.76873714291423,25.476873714291415,-26.942827001944806,-2.1020975198831615,175.2614794693668,12.255788544423801,1430.030216612281,100.07363430970781,-46.18780411332841
3845,247.0707110598628,24.707071105986287,-7.698026083051445,-0.6135015844098701,182.95950555241825,12.794100671931705,1430.030216612281,100.07363430970781,-46.18780411332841
3846,239.37268497681157,23.937268497681163,-7.698026083051218,-0.6172886601200633,190.65753163546947,13.332412799439592,1430.030216612281,100.07363430970781,-46.18780411332841
3847,193.18488086348316,19.318488086348307,-46.18780411332841,-3.7267082511337257,236.84533574879788,16.56226092270139,1430.030216612281,100.07363430970781,-46.18780411332841
3848,197.0339820012539,19.70339820012539,3.849101137770731,0.3225905054198508,232.99623461102715,16.293098698501037,1430.030216612281,100.07363430970781,-46.18780411332841
3849,216.27878292014748,21.627878292014756,19.24480091889359,1.607707150194626,213.75143369213356,14.947336861070484,1430.030216612281,100.07363430970781,-46.18780411332841
3850,250.9196360051435,25.091963600514354,34.640853084996024,2.848101403349923,179.11058060713754,12.524950768624151,1430.030216612281,100.07363430970781,-46.18780411332841
3851,227.8257339484794,22.78257339484795,-23.093902056664092,-1.8461539328309962,202.20448266380163,14.139874830255044,1430.030216612281,100.07363430970781,-46.18780411332841
3852,181.63792983515123,18.163792983515116,-46.187804113328184,-3.761755665830202,248.3922867771298,17.369722953516828,1430.030216612281,100.07363430970781,-46.18780411332841
3853,200.8829069465346,20.088290694653455,19.244977111383378,1.6286695463531897,229.14730966574643,16.023948795193487,1430.030216612281,100.07363430970781,-46.18780411332841
3854,212.42985797486676,21.242985797486668,11.54695102833216,0.9615384615384803,217.60035863741427,15.216486764378034,1430.030216612281,100.07363430970781,-46.18780411332841
3855,204.73183189181532,20.47318318918152,-7.698026083051445,-0.6349254789806635,225.29838472046572,15.754798891885939,1430.030216612281,100.07363430970781,-46.18780411332841
3856,216.27878292014748,21.627878292014756,11.54695102833216,0.9584665003995019,213.75143369213356,14.947336861070484,1430.030216612281,100.07363430970781,-46.18780411332841
3857,231.67483508625014,23.167483508625008,15.396052166102663,1.2658325033951812,198.3553815260309,13.870712606054694,1430.030216612281,100.07363430970781,-46.18780411332841
3858,250.9196360051435,25.091963600514354,19.24480091889336,1.5624903887514918,179.11058060713754,12.524950768624151,1430.030216612281,100.07363430970781,-46.18780411332841
3859,231.67483508625014,23.167483508625008,-19.24480091889336,-1.5384522206680185,198.3553815260309,13.870712606054694,1430.030216612281,100.07363430970781,-46.18780411332841
3860,243.2217861145823,24.322178611458224,11.54695102833216,0.937499955296528,186.80843049769874,13.063250575239238,1430.030216612281,100.07363430970781,-46.18780411332841
3861,316.3524172298553,31.63524172298553,73.13063111527299,5.882347939206145,113.67779938242575,7.949328487039012,1430.030216612281,134.71448739470407,-46.18780411332841
3862,316.3524172298553,31.63524172298553,0.0,0.0,113.67779938242575,7.949328487039012,1430.030216612281,134.71448739470407,-46.18780411332841
3863,324.05044331290674,32.405044331290675,7.698026083051445,0.5847997832716612,105.9797732993743,7.411016359531109,1430.030216612281,142.4125134777555,-46.18780411332841
3864,370.2382474262349,37.02382474262349,46.187804113328184,3.488371938289725,59.79196918604612,4.1811682362693245,1430.030216612281,188.6003175910837,-46.18780411332841
3865,366.3891462884642,36.63891462884641,-3.849101137770731,-0.28090743671771445,63.64107032381685,4.450330460469678,1430.030216612281,188.6003175910837,-46.18780411332841
3866,381.7851984545671,38.178519845456705,15.39605216610289,1.1267692083125391,48.24501815771396,3.373706205453871,1430.030216612281,200.14726861941585,-46.18780411332841
3867,347.14434536957083,34.714434536957086,-34.64085308499625,-2.5069636817458774,82.88587124271021,5.796092297900217,1430.030216612281,200.14726861941585,-46.18780411332841
3868,366.3891462884642,36.63891462884641,19.24480091889336,1.4285626469830115,63.64107032381685,4.450330460469678,1430.030216612281,200.14726861941585,-46.18780411332841
3869,366.3891462884642,36.63891462884641,0.0,0.0,63.64107032381685,4.450330460469678,1430.030216612281,200.14726861941585,-46.18780411332841
3870,327.8993682581872,32.78993682581872,-38.489778030276966,-2.816897231277571,102.13084835409381,7.141866456223574,1430.030216612281,200.14726861941585,-46.18780411332841
3871,327.8993682581872,32.78993682581872,0.0,0.0,102.13084835409381,7.141866456223574,1430.030216612281,200.14726861941585,-46.18780411332841
3872,277.8626391995783,27.786263919957843,-50.0367290586089,-3.768111519191575,152.1675774127027,10.640864482792908,1430.030216612281,200.14726861941585,-46.18780411332841
3873,277.8626391995783,27.786263919957843,0.0,0.0,152.1675774127027,10.640864482792908,1430.030216612281,200.14726861941585,-46.18780411332841
3874,281.71156414485904,28.17115641448591,3.8489249452807144,0.30120020941308834,148.318652467422,10.371714579485358,1430.030216612281,200.14726861941585,-46.18780411332841
3875,312.5034922845746,31.250349228457463,30.791928139715537,2.4024069846213303,117.52672432770646,8.218478390346563,1430.030216612281,200.14726861941585,-46.18780411332841
3876,320.201342175136,32.02013421751359,7.697849890561429,0.5865012882489529,109.82887443714503,7.680178583731462,1430.030216612281,200.14726861941585,-46.18780411332841
3877,293.2585151731912,29.325851517319123,-26.942827001944806,-2.040811968692169,136.77170143908984,9.564252548669904,1430.030216612281,200.14726861941585,-46.18780411332841
3878,324.05044331290674,32.405044331290675,30.791928139715537,2.380956922258659,105.9797732993743,7.411016359531109,1430.030216612281,200.14726861941585,-46.18780411332841
3879,285.56048909013975,28.556048909013974,-38.48995422276698,-2.9069854866300426,144.46972752214128,10.102564676177806,1430.030216612281,200.14726861941585,-46.18780411332841
3880,281.71156414485904,28.17115641448591,-3.8489249452807144,-0.2993966427830119,148.318652467422,10.371714579485358,1430.030216612281,200.14726861941585,-46.18780411332841
3881,304.80546620152313,30.480546620152317,23.093902056664092,1.8018018018018056,125.2247504107579,8.756790517854467,1430.030216612281,200.14726861941585,-46.18780411332841
3882,304.80546620152313,30.480546620152317,0.0,0.0,125.2247504107579,8.756790517854467,1430.030216612281,200.14726861941585,-46.18780411332841
3883,277.8626391995783,27.786263919957843,-26.942827001944806,-2.064892254044526,152.1675774127027,10.640864482792908,1430.030216612281,200.14726861941585,-46.18780411332841
3884,289.4095902279105,28.940959022791056,11.54695102833216,0.903614416301024,140.62062638437055,9.833402451977454,1430.030216612281,200.14726861941585,-46.18780411332841
3885,262.46658703347566,26.24665870334757,-26.943003194434823,-2.089561253354144,167.56362957880538,11.717488737808699,1430.030216612281,200.14726861941585,-46.18780411332841
3886,254.76873714291423,25.476873714291415,-7.697849890561429,-0.6097468217871604,175.2614794693668,12.255788544423801,1430.030216612281,200.14726861941585,-46.18780411332841
3887,243.2217861145823,24.322178611458224,-11.546951028331932,-0.9202453556999002,186.80843049769874,13.063250575239238,1430.030216612281,200.14726861941585,-46.18780411332841
3888,184.30154394194915,18.430154394194908,-58.92024217263315,-4.739318666283632,245.7286726703319,17.183460168587153,1430.030216612281,200.14726861941585,-46.18780411332841
3889,184.30154394194915,18.430154394194908,0.0,0.0,245.7286726703319,17.183460168587153,1430.030216612281,0.0,0.0
3890,183.1184255164328,18.311842551643288,-1.1831184255163407,-0.09990009990009652,246.91179109584823,17.266193974612534,1430.030216612281,0.0,0.0
3891,156.48863555442108,15.648863555442105,-26.629789962011728,-2.2508135608138913,273.54158105785996,19.12837770000942,1430.030216612281,0.0,-26.629789962011728
3892,118.44630236557896,11.844630236557885,-38.04233318884212,-3.28946882998159,311.5839142467021,21.788624507868054,1430.030216612281,0.0,-64.67212315085385
3893,118.44630236557896,11.844630236557885,0.0,0.0,311.5839142467021,21.788624507868054,1430.030216612281,0.0,-64.67212315085385
3894,126.05483866104623,12.605483866104628,7.608536295467275,0.6802772989078498,303.9753779512348,21.256570275231503,1430.030216612281,0.0,-64.67212315085385
3895,126.05483866104623,12.605483866104628,0.0,0.0,303.9753779512348,21.256570275231503,1430.030216612281,0.0,-64.67212315085385
3896,141.27173710773377,14.127173710773366,15.216898446687537,1.3513461266932092,288.75847950454727,20.192473987620453,1430.030216612281,0.0,-64.67212315085385
3897,129.85901973665636,12.985901973665626,-11.412717371077406,-1.0000000000000009,300.1711968756247,20.99054924774425,1430.030216612281,0.0,-64.67212315085385
3898,122.25048344118909,12.225048344118905,-7.608536295467275,-0.6734058110400953,307.77973317109195,21.522603480380802,1430.030216612281,0.0,-64.67212315085385
3899,122.25048344118909,12.225048344118905,0.0,0.0,307.77973317109195,21.522603480380802,1430.030216612281,0.0,-64.67212315085385
3900,118.44630236557896,11.844630236557885,-3.8041810756101313,-0.33897789591011973,311.5839142467021,21.788624507868054,1430.030216612281,0.0,-64.67212315085385
3901,114.64212128996883,11.464212128996888,-3.8041810756101313,-0.34013086435746853,315.3880953223122,22.054645535355302,1430.030216612281,0.0,-68.47630422646398
3902,129.85901973665636,12.985901973665626,15.216898446687537,1.3651824344370844,300.1711968756247,20.99054924774425,1430.030216612281,0.0,-68.47630422646398
3903,133.6632008122665,13.366320081226647,3.8041810756101313,0.33669519906092127,296.36701580001454,20.724528220257003,1430.030216612281,0.0,-68.47630422646398
3904,126.05483866104623,12.605483866104628,-7.608362151220263,-0.6711307331638605,303.9753779512348,21.256570275231503,1430.030216612281,0.0,-68.47630422646398
3905,114.64212128996883,11.464212128996888,-11.412717371077406,-1.013513461266935,315.3880953223122,22.054645535355302,1430.030216612281,0.0,-68.47630422646398
3906,122.25048344118909,12.225048344118905,7.608362151220263,0.682583405552184,307.77973317109195,21.522603480380802,1430.030216612281,0.0,-68.47630422646398
3907,103.22940391889165,10.32294039188917,-19.02107952229744,-1.6949049969640084,326.8008126933894,22.852720795479087,1430.030216612281,0.0,-79.88902159754116
3908,91.81668654781424,9.181668654781427,-11.412717371077406,-1.0344827041898208,338.2135300644668,23.65079605560289,1430.030216612281,0.0,-91.30173896861857
3909,57.57853443458225,5.757853443458227,-34.23815211323199,-3.135888335017911,372.4516821776988,26.045021835974275,1430.030216612281,0.0,-125.53989108185056
3910,34.75309969242744,3.475309969242746,-22.825434742154812,-2.1582732628322554,395.2771169198536,27.641172356221873,1430.030216612281,0.0,-148.36532582400537
3911,61.382715510192384,6.138271551019248,26.629615817764943,2.573523657545018,368.64750110208865,25.779000808487023,1430.030216612281,0.0,-148.36532582400537
3912,65.18689658580251,6.518689658580246,3.8041810756101313,0.35841746996807533,364.8433200264785,25.51297978099977,1430.030216612281,0.0,-148.36532582400537
3913,42.3614618436477,4.236146184364764,-22.825434742154812,-2.1428572596336126,387.66875476863333,27.109130301247376,1430.030216612281,0.0,-148.36532582400537
3914,56.52095590014778,5.652095590014783,14.15949405650008,1.3584053684655428,373.50926071213325,26.11897681413829,1430.030216612281,0.0,-148.36532582400537
3915,56.52095590014778,5.652095590014783,0.0,0.0,373.50926071213325,26.11897681413829,1430.030216612281,0.0,0.0
3916,56.52095590014778,5.652095590014783,0.0,0.0,373.50926071213325,26.11897681413829,1430.030216612281,0.0,0.0
3917,56.52095590014778,5.652095590014783,0.0,0.0,373.50926071213325,26.11897681413829,1430.030216612281,0.0,0.0
3918,56.52095590014778,5.652095590014783,0.0,0.0,373.50926071213325,26.11897681413829,1430.030216612281,0.0,0.0
3919,56.52095590014778,5.652095590014783,0.0,0.0,373.50926071213325,26.11897681413829,1430.030216612281,0.0,0.0
3920,56.52095590014778,5.652095590014783,0.0,0.0,373.50926071213325,26.11897681413829,1430.030216612281,0.0,0.0
3921,56.52095590014778,5.652095590014783,0.0,0.0,373.50926071213325,26.11897681413829,1430.030216612281,0.0,0.0
3922,56.52095590014778,5.652095590014783,0.0,0.0,373.50926071213325,26.11897681413829,1430.030216612281,0.0,0.0
3923,56.52095590014778,5.652095590014783,0.0,0.0,373.50926071213325,26.11897681413829,1430.030216612281,0.0,0.0
3924,56.52095590014778,5.652095590014783,0.0,0.0,373.50926071213325,26.11897681413829,1430.030216612281,0.0,0.0
3925,56.52095590014778,5.652095590014783,0.0,0.0,373.50926071213325,26.11897681413829,1430.030216612281,0.0,0.0
3926,56.52095590014778,5.652095590014783,0.0,0.0,373.50926071213325,26.11897681413829,1430.030216612281,0.0,0.0
3927,56.52095590014778,5.652095590014783,0.0,0.0,373.50926071213325,26.11897681413829,1430.030216612281,0.0,0.0
3928,56.52095590014778,5.652095590014783,0.0,0.0,373.50926071213325,26.11897681413829,1430.030216612281,0.0,0.0
3929,56.52095590014778,5.652095590014783,0.0,0.0,373.50926071213325,26.11897681413829,1430.030216612281,0.0,0.0
3930,56.52095590014778,5.652095590014783,0.0,0.0,373.50926071213325,26.11897681413829,1430.030216612281,0.0,0.0
3931,56.52095590014778,5.652095590014783,0.0,0.0,373.50926071213325,26.11897681413829,1430.030216612281,0.0,0.0
3932,56.52095590014778,5.652095590014783,0.0,0.0,373.50926071213325,26.11897681413829,1430.030216612281,0.0,0.0
3933,56.52095590014778,5.652095590014783,0.0,0.0,373.50926071213325,26.11897681413829,1430.030216612281,0.0,0.0
3934,56.52095590014778,5.652095590014783,0.0,0.0,373.50926071213325,26.11897681413829,1430.030216612281,0.0,0.0
3935,56.52095590014778,5.652095590014783,0.0,0.0,373.50926071213325,26.11897681413829,1430.030216612281,0.0,0.0
3936,56.52095590014778,5.652095590014783,0.0,0.0,373.50926071213325,26.11897681413829,1430.030216612281,0.0,0.0
3937,56.52095590014778,5.652095590014783,0.0,0.0,373.50926071213325,26.11897681413829,1430.030216612281,0.0,0.0
3938,56.52095590014778,5.652095590014783,0.0,0.0,373.50926071213325,26.11897681413829,1430.030216612281,0.0,0.0
3939,56.52095590014778,5.652095590014783,0.0,0.0,373.50926071213325,26.11897681413829,1430.030216612281,0.0,0.0
3940,56.52095590014778,5.652095590014783,0.0,0.0,373.50926071213325,26.11897681413829,1430.030216612281,0.0,0.0
3941,56.52095590014778,5.652095590014783,0.0,0.0,373.50926071213325,26.11897681413829,1430.030216612281,0.0,0.0
3942,56.52095590014778,5.652095590014783,0.0,0.0,373.50926071213325,26.11897681413829,1430.030216612281,0.0,0.0
3943,56.52095590014778,5.652095590014783,0.0,0.0,373.50926071213325,26.11897681413829,1430.030216612281,0.0,0.0
3944,56.52095590014778,5.652095590014783,0.0,0.0,373.50926071213325,26.11897681413829,1430.030216612281,0.0,0.0
3945,56.52095590014778,5.652095590014783,0.0,0.0,373.50926071213325,26.11897681413829,1430.030216612281,0.0,0.0
3946,56.52095590014778,5.652095590014783,0.0,0.0,373.50926071213325,26.11897681413829,1430.030216612281,0.0,0.0
3947,56.52095590014778,5.652095590014783,0.0,0.0,373.50926071213325,26.11897681413829,1430.030216612281,0.0,0.0
3948,56.52095590014778,5.652095590014783,0.0,0.0,373.50926071213325,26.11897681413829,1430.030216612281,0.0,0.0
3949,56.52095590014778,5.652095590014783,0.0,0.0,373.50926071213325,26.11897681413829,1430.030216612281,0.0,0.0
3950,56.52095590014778,5.652095590014783,0.0,0.0,373.50926071213325,26.11897681413829,1430.030216612281,0.0,0.0
3951,56.52095590014778,5.652095590014783,0.0,0.0,373.50926071213325,26.11897681413829,1430.030216612281,0.0,0.0
3952,56.52095590014778,5.652095590014783,0.0,0.0,373.50926071213325,26.11897681413829,1430.030216612281,0.0,0.0
3953,56.52095590014778,5.652095590014783,0.0,0.0,373.50926071213325,26.11897681413829,1430.030216612281,0.0,0.0
3954,56.52095590014778,5.652095590014783,0.0,0.0,373.50926071213325,26.11897681413829,1430.030216612281,0.0,0.0
3955,56.52095590014778,5.652095590014783,0.0,0.0,373.50926071213325,26.11897681413829,1430.030216612281,0.0,0.0
3956,56.52095590014778,5.652095590014783,0.0,0.0,373.50926071213325,26.11897681413829,1430.030216612281,0.0,0.0
3957,56.52095590014778,5.652095590014783,0.0,0.0,373.50926071213325,26.11897681413829,1430.030216612281,0.0,0.0
3958,56.52095590014778,5.652095590014783,0.0,0.0,373.50926071213325,26.11897681413829,1430.030216612281,0.0,0.0
3959,56.52095590014778,5.652095590014783,0.0,0.0,373.50926071213325,26.11897681413829,1430.030216612281,0.0,0.0
3960,56.52095590014778,5.652095590014783,0.0,0.0,373.50926071213325,26.11897681413829,1430.030216612281,0.0,0.0
3961,56.52095590014778,5.652095590014783,0.0,0.0,373.50926071213325,26.11897681413829,1430.030216612281,0.0,0.0
3962,56.52095590014778,5.652095590014783,0.0,0.0,373.50926071213325,26.11897681413829,1430.030216612281,0.0,0.0
3963,56.52095590014778,5.652095590014783,0.0,0.0,373.50926071213325,26.11897681413829,1430.030216612281,0.0,0.0
3964,56.52095590014778,5.652095590014783,0.0,0.0,373.50926071213325,26.11897681413829,1430.030216612281,0.0,0.0
3965,56.52095590014778,5.652095590014783,0.0,0.0,373.50926071213325,26.11897681413829,1430.030216612281,0.0,0.0
3966,56.52095590014778,5.652095590014783,0.0,0.0,373.50926071213325,26.11897681413829,1430.030216612281,0.0,0.0
3967,56.52095590014778,5.652095590014783,0.0,0.0,373.50926071213325,26.11897681413829,1430.030216612281,0.0,0.0
3968,56.52095590014778,5.652095590014783,0.0,0.0,373.50926071213325,26.11897681413829,1430.030216612281,0.0,0.0
3969,56.52095590014778,5.652095590014783,0.0,0.0,373.50926071213325,26.11897681413829,1430.030216612281,0.0,0.0
3970,56.52095590014778,5.652095590014783,0.0,0.0,373.50926071213325,26.11897681413829,1430.030216612281,0.0,0.0
3971,56.52095590014778,5.652095590014783,0.0,0.0,373.50926071213325,26.11897681413829,1430.030216612281,0.0,0.0
3972,56.52095590014778,5.652095590014783,0.0,0.0,373.50926071213325,26.11897681413829,1430.030216612281,0.0,0.0
3973,56.52095590014778,5.652095590014783,0.0,0.0,373.50926071213325,26.11897681413829,1430.030216612281,0.0,0.0
3974,56.52095590014778,5.652095590014783,0.0,0.0,373.50926071213325,26.11897681413829,1430.030216612281,0.0,0.0
3975,56.52095590014778,5.652095590014783,0.0,0.0,373.50926071213325,26.11897681413829,1430.030216612281,0.0,0.0
3976,56.52095590014778,5.652095590014783,0.0,0.0,373.50926071213325,26.11897681413829,1430.030216612281,0.0,0.0
3977,56.52095590014778,5.652095590014783,0.0,0.0,373.50926071213325,26.11897681413829,1430.030216612281,0.0,0.0
3978,56.52095590014778,5.652095590014783,0.0,0.0,373.50926071213325,26.11897681413829,1430.030216612281,0.0,0.0
3979,56.52095590014778,5.652095590014783,0.0,0.0,373.50926071213325,26.11897681413829,1430.030216612281,0.0,0.0
3980,56.52095590014778,5.652095590014783,0.0,0.0,373.50926071213325,26.11897681413829,1430.030216612281,0.0,0.0
3981,56.52095590014778,5.652095590014783,0.0,0.0,373.50926071213325,26.11897681413829,1430.030216612281,0.0,0.0
3982,56.52095590014778,5.652095590014783,0.0,0.0,373.50926071213325,26.11897681413829,1430.030216612281,0.0,0.0
3983,56.52095590014778,5.652095590014783,0.0,0.0,373.50926071213325,26.11897681413829,1430.030216612281,0.0,0.0
3984,56.52095590014778,5.652095590014783,0.0,0.0,373.50926071213325,26.11897681413829,1430.030216612281,0.0,0.0
3985,56.52095590014778,5.652095590014783,0.0,0.0,373.50926071213325,26.11897681413829,1430.030216612281,0.0,0.0
3986,56.52095590014778,5.652095590014783,0.0,0.0,373.50926071213325,26.11897681413829,1430.030216612281,0.0,0.0
3987,55.465490409738095,5.546549040973803,-1.0554654904096878,-0.09990009990009652,374.56472620254294,26.19278403010818,1430.030216612281,0.0,0.0
3988,44.39417348608731,4.439417348608732,-11.071316923650784,-1.048951104915119,385.6360431261937,26.966985637531447,1430.030216612281,0.0,-11.071316923650784
3989,40.70379082316708,4.070379082316711,-3.6903826629202285,-0.35335151771309636,389.32642578911396,27.225048902212855,1430.030216612281,0.0,-14.761699586571012
3990,44.39417348608731,4.439417348608732,3.6903826629202285,0.3546045181598956,385.6360431261937,26.966985637531447,1430.030216612281,0.0,-14.761699586571012
3991,62.84642467046842,6.284642467046853,18.45225118438111,1.7667899393568387,367.1837919418126,25.676645687366328,1430.030216612281,7.380934260730328,-14.761699586571012
3992,81.29867585484953,8.129867585484952,18.45225118438111,1.7361164093017578,348.7315407574315,24.386305737201205,1430.030216612281,25.83318544511144,-14.761699586571012
3993,77.60812425703944,7.760812425703945,-3.6905515978100993,-0.34130732610880843,352.4220923552416,24.64438081526165,1430.030216612281,25.83318544511144,-14.761699586571012
3994,44.39417348608731,4.439417348608732,-33.213950770952124,-3.082191941885326,385.6360431261937,26.966985637531447,1430.030216612281,25.83318544511144,-14.761699586571012
3995,44.39417348608731,4.439417348608732,0.0,0.0,385.6360431261937,26.966985637531447,1430.030216612281,25.83318544511144,-14.761699586571012
3996,55.465490409738095,5.546549040973803,11.071316923650784,1.0600707285349786,374.56472620254294,26.19278403010818,1430.030216612281,25.83318544511144,-14.761699586571012
3997,25.942091236595843,2.5942091236595743,-29.523399173142252,-2.7971922759578938,404.0881253756852,28.25731377431755,1430.030216612281,25.83318544511144,-29.523399173142252
3998,44.39417348608731,4.439417348608732,18.45208224949147,1.7985500748147087,385.6360431261937,26.966985637531447,1430.030216612281,25.83318544511144,-29.523399173142252
3999,33.322856562436755,3.332285656243683,-11.071316923650556,-1.0600707285349564,396.7073600498443,27.741187244954705,1430.030216612281,25.83318544511144,-29.523399173142252
4000,32.28953370587442,3.2289533705874396,-1.0333228565623358,-0.09999999999998899,397.7406829064066,27.813446057709747,1430.030216612281,25.83318544511144,-29.523399173142252
4001,32.28953370587442,3.2289533705874396,0.0,0.0,397.7406829064066,27.813446057709747,1430.030216612281,0.0,0.0
4002,32.28953370587442,3.2289533705874396,0.0,0.0,397.7406829064066,27.813446057709747,1430.030216612281,0.0,0.0
4003,32.28953370587442,3.2289533705874396,0.0,0.0,397.7406829064066,27.813446057709747,1430.030216612281,0.0,0.0
4004,32.28953370587442,3.2289533705874396,0.0,0.0,397.7406829064066,27.813446057709747,1430.030216612281,0.0,0.0
4005,32.28953370587442,3.2289533705874396,0.0,0.0,397.7406829064066,27.813446057709747,1430.030216612281,0.0,0.0
4006,32.28953370587442,3.2289533705874396,0.0,0.0,397.7406829064066,27.813446057709747,1430.030216612281,0.0,0.0
4007,32.28953370587442,3.2289533705874396,0.0,0.0,397.7406829064066,27.813446057709747,1430.030216612281,0.0,0.0
4008,32.28953370587442,3.2289533705874396,0.0,0.0,397.7406829064066,27.813446057709747,1430.030216612281,0.0,0.0
4009,32.28953370587442,3.2289533705874396,0.0,0.0,397.7406829064066,27.813446057709747,1430.030216612281,0.0,0.0
4010,32.28953370587442,3.2289533705874396,0.0,0.0,397.7406829064066,27.813446057709747,1430.030216612281,0.0,0.0
4011,32.28953370587442,3.2289533705874396,0.0,0.0,397.7406829064066,27.813446057709747,1430.030216612281,0.0,0.0
4012,31.2582754304442,3.125827543044424,-1.0312582754302184,-0.09990009990007431,398.77194118183684,27.88556049721252,1430.030216612281,0.0,0.0
4013,61.14987665941544,6.11498766594154,29.89160122897124,2.8985562531844478,368.8803399528656,25.795282901555556,1430.030216612281,29.89160122897124,0.0
4014,72.3592057401811,7.235920574018118,11.209329080765656,1.0563379714139565,357.67101087209994,25.011430298264393,1430.030216612281,41.100930309736896,0.0
4015,57.41331960530147,5.741331960530149,-14.945886134879629,-1.3937387821987723,372.61689700697957,26.056575076413637,1430.030216612281,41.100930309736896,0.0
4016,68.62264868606735,6.862264868606727,11.209329080765883,1.0600707285349786,361.4075679262137,25.272722473122457,1430.030216612281,41.100930309736896,0.0
4017,64.8862626727414,6.4886262672741335,-3.736386013325955,-0.3496450330638279,365.14395393953964,25.534002687339008,1430.030216612281,41.100930309736896,0.0
4018,68.62264868606735,6.862264868606727,3.736386013325955,0.35087183902138275,361.4075679262137,25.272722473122457,1430.030216612281,41.100930309736896,0.0
4019,53.67693359197574,5.367693359197578,-14.94571509409161,-1.3985961379789469,376.3532830203053,26.31785529063017,1430.030216612281,41.100930309736896,0.0
4020,76.09559175350705,7.609559175350711,22.41865816153131,2.127659574468077,353.934624858774,24.75015008404784,1430.030216612281,44.83731632306285,0.0
4021,94.77786390171264,9.477786390171271,18.682272148205584,1.7361164093017578,335.2523527105684,23.443725091682044,1430.030216612281,63.519588471268435,0.0
4022,79.831977766833,7.983197776683304,-14.945886134879629,-1.3651980577697787,350.19823884544803,24.48886986983129,1430.030216612281,63.519588471268435,0.0
4023,68.62264868606735,6.862264868606727,-11.209329080765656,-1.0380623385452314,361.4075679262137,25.272722473122457,1430.030216612281,63.519588471268435,0.0
4024,61.14987665941544,6.11498766594154,-7.47277202665191,-0.6992900661276558,368.8803399528656,25.795282901555556,1430.030216612281,63.519588471268435,0.0
4025,76.09559175350705,7.609559175350711,14.94571509409161,1.408445255739177,353.934624858774,24.75015008404784,1430.030216612281,63.519588471268435,0.0
4026,94.77786390171264,9.477786390171271,18.682272148205584,1.7361164093017578,335.2523527105684,23.443725091682044,1430.030216612281,63.519588471268435,0.0
4027,98.51424991503836,9.851424991503844,3.7363860133257276,0.3412917027760809,331.5159666972427,23.18244487746551,1430.030216612281,67.25597448459416,0.0
4028,105.98719298247829,10.598719298247827,7.472943067439928,0.6802772989078498,324.04302362980275,22.659872488390878,1430.030216612281,74.72891755203409,0.0
4029,113.45996500912997,11.345996500912992,7.472772026651683,0.6756653308525262,316.57025160315106,22.137312059957797,1430.030216612281,82.20168957868577,0.0
4030,113.45996500912997,11.345996500912992,0.0,0.0,316.57025160315106,22.137312059957797,1430.030216612281,82.20168957868577,0.0
4031,101.14838529243593,10.114838529243597,-12.311579716694041,-1.1057047494826722,328.8818313198451,22.998243498585712,1430.030216612281,82.20168957868577,0.0
4032,101.14838529243593,10.114838529243597,0.0,0.0,328.8818313198451,22.998243498585712,1430.030216612281,0.0,0.0
4033,101.14838529243593,10.114838529243597,0.0,0.0,328.8818313198451,22.998243498585712,1430.030216612281,0.0,0.0
4034,100.04833695548064,10.004833695548054,-1.1000483369552967,-0.09990009990008542,329.9818796568004,23.075168330255444,1430.030216612281,0.0,0.0
4035,121.22426629354754,12.122426629354743,21.175929338066908,1.9249998956113012,308.8059503187335,21.59436540091369,1430.030216612281,21.175929338066908,0.0
4036,120.10416213141616,12.010416213141607,-1.1201041621313834,-0.09990009990009652,309.9260544808649,21.67269270820548,1430.030216612281,0.0,0.0
4037,96.8988451903067,9.689884519030677,-23.20531694110946,-2.071710625282619,333.13137142197434,23.29540785586736,1430.030216612281,0.0,-23.20531694110946
4038,96.8988451903067,9.689884519030677,0.0,0.0,333.13137142197434,23.29540785586736,1430.030216612281,0.0,0.0
4039,96.8988451903067,9.689884519030677,0.0,0.0,333.13137142197434,23.29540785586736,1430.030216612281,0.0,0.0
4040,96.8988451903067,9.689884519030677,0.0,0.0,333.13137142197434,23.29540785586736,1430.030216612281,0.0,0.0
4041,96.8988451903067,9.689884519030677,0.0,0.0,333.13137142197434,23.29540785586736,1430.030216612281,0.0,0.0
4042,96.8988451903067,9.689884519030677,0.0,0.0,333.13137142197434,23.29540785586736,1430.030216612281,0.0,0.0
4043,96.8988451903067,9.689884519030677,0.0,0.0,333.13137142197434,23.29540785586736,1430.030216612281,0.0,0.0
4044,96.8988451903067,9.689884519030677,0.0,0.0,333.13137142197434,23.29540785586736,1430.030216612281,0.0,0.0
4045,96.8988451903067,9.689884519030677,0.0,0.0,333.13137142197434,23.29540785586736,1430.030216612281,0.0,0.0
4046,96.8988451903067,9.689884519030677,0.0,0.0,333.13137142197434,23.29540785586736,1430.030216612281,0.0,0.0
4047,96.8988451903067,9.689884519030677,0.0,0.0,333.13137142197434,23.29540785586736,1430.030216612281,0.0,0.0
4048,96.8988451903067,9.689884519030677,0.0,0.0,333.13137142197434,23.29540785586736,1430.030216612281,0.0,0.0
4049,95.80304214815874,9.580304214815882,-1.0958030421479634,-0.09990009990008542,334.2271744641223,23.372035820047298,1430.030216612281,0.0,0.0
4050,103.28281187139828,10.32828118713982,7.479769723239542,0.6825834055522062,326.74740474088276,22.848986052542454,1430.030216612281,7.479769723239542,0.0
4051,103.28281187139828,10.32828118713982,0.0,0.0,326.74740474088276,22.848986052542454,1430.030216612281,7.479769723239542,0.0
4052,102.17952905952689,10.217952905952687,-1.103282811871395,-0.10000000000000009,327.85068755275415,22.92613706648991,1430.030216612281,7.479769723239542,0.0
4053,101.07845060891805,10.107845060891796,-1.1010784506088385,-0.09990009990009652,328.951766003363,23.003133932557347,1430.030216612281,0.0,0.0
4054,101.07845060891805,10.107845060891796,0.0,0.0,328.951766003363,23.003133932557347,1430.030216612281,0.0,0.0
4055,101.07845060891805,10.107845060891796,0.0,0.0,328.951766003363,23.003133932557347,1430.030216612281,0.0,0.0
4056,93.58806386625929,9.35880638662594,-7.490386742658757,-0.6802772989078498,336.44215274602175,23.526926133284647,1430.030216612281,0.0,-7.490386742658757
4057,89.84295621494948,8.984295621494942,-3.7451076513098087,-0.3424605457076235,340.18726039733156,23.78881623936799,1430.030216612281,0.0,-11.235494393968565
4058,97.33334295760824,9.73333429576082,7.490386742658757,0.6872904669378288,332.6968736546728,23.265024038640696,1430.030216612281,0.0,-11.235494393968565
4059,101.07845060891805,10.107845060891796,3.7451076513098087,0.3412917027760809,328.951766003363,23.003133932557347,1430.030216612281,0.0,-11.235494393968565
4060,93.58806386625929,9.35880638662594,-7.490386742658757,-0.6802772989078498,336.44215274602175,23.526926133284647,1430.030216612281,0.0,-11.235494393968565
4061,123.54943939685518,12.354943939685526,29.961375530595888,2.7397313961777137,306.48077721542586,21.43176931893607,1430.030216612281,22.47098878793713,-11.235494393968565
4062,86.09784856363967,8.609784856363966,-37.451590833215505,-3.3333282470703107,343.93236804864137,24.050706345451335,1430.030216612281,22.47098878793713,-14.980602045278374
4063,67.37196742701235,6.737196742701235,-18.725881136627322,-1.7241431019674902,362.6582491852687,25.360180852989274,1430.030216612281,22.47098878793713,-33.706483181905696
4064,74.86235416967111,7.486235416967113,7.490386742658757,0.701759739925989,355.16786244260993,24.836388652261977,1430.030216612281,22.47098878793713,-33.706483181905696
4065,71.11707507832216,7.11170750783221,-3.745279091348948,-0.348442670526139,358.9131415339589,25.098290746905928,1430.030216612281,22.47098878793713,-33.706483181905696
4066,74.86235416967111,7.486235416967113,3.745279091348948,0.34966103878748545,355.16786244260993,24.836388652261977,1430.030216612281,22.47098878793713,-33.706483181905696
4067,74.86235416967111,7.486235416967113,0.0,0.0,355.16786244260993,24.836388652261977,1430.030216612281,22.47098878793713,-33.706483181905696
4068,82.35256947229072,8.235256947229065,7.490215302619617,0.6968534411464944,347.6776471399903,24.312608440095286,1430.030216612281,22.47098878793713,-33.706483181905696
4069,82.35256947229072,8.235256947229065,0.0,0.0,347.6776471399903,24.312608440095286,1430.030216612281,22.47098878793713,-33.706483181905696
4070,77.52885435915982,7.75288543591599,-4.823715113130902,-0.44566948415734053,352.5013622531212,24.64992404763246,1430.030216612281,22.47098878793713,-33.706483181905696
4071,77.52885435915982,7.75288543591599,0.0,0.0,352.5013622531212,24.64992404763246,1430.030216612281,0.0,0.0
4072,76.45240195720271,7.645240195720282,-1.0764524019571127,-0.09990009990009652,353.5778146550783,24.72519884878367,1430.030216612281,0.0,0.0
4073,87.39937610265747,8.739937610265747,10.94697414545476,1.016949205143769,342.63084050962357,23.959692356802826,1430.030216612281,10.94697414545476,0.0
4074,76.45240195720271,7.645240195720282,-10.94697414545476,-1.00671146094361,353.5778146550783,24.72519884878367,1430.030216612281,10.94697414545476,0.0
4075,65.50542781174772,6.550542781174773,-10.946974145454988,-1.0169492051437912,364.5247888005333,25.49070534076453,1430.030216612281,10.94697414545476,-10.946974145454988
4076,65.50542781174772,6.550542781174773,0.0,0.0,364.5247888005333,25.49070534076453,1430.030216612281,10.94697414545476,-10.946974145454988
4077,72.80346625457423,7.280346625457423,7.29803844282651,0.6849367682541629,357.2267503577068,24.980363785876587,1430.030216612281,10.94697414545476,-10.946974145454988
4078,80.10150469740051,8.01015046974005,7.298038442826282,0.6802772989078276,349.9287119148805,24.470022230988665,1430.030216612281,10.94697414545476,-10.946974145454988
4079,80.10150469740051,8.01015046974005,0.0,0.0,349.9287119148805,24.470022230988665,1430.030216612281,10.94697414545476,-10.946974145454988
4080,58.20755640649077,5.820755640649078,-21.893948290909748,-2.02702692253387,371.82266020579027,26.001035214950374,1430.030216612281,10.94697414545476,-18.244845550711943
4081,72.80346625457423,7.280346625457423,14.595909848083465,1.3793050106019722,357.2267503577068,24.980363785876587,1430.030216612281,10.94697414545476,-18.244845550711943
4082,76.45240195720271,7.645240195720282,3.648935702628478,0.34013086435746853,353.5778146550783,24.72519884878367,1430.030216612281,10.94697414545476,-18.244845550711943
4083,72.80346625457423,7.280346625457423,-3.648935702628478,-0.33897789591011973,357.2267503577068,24.980363785876587,1430.030216612281,10.94697414545476,-18.244845550711943
4084,91.04847884285527,9.104847884285538,18.245012588281043,1.700685462173146,338.98173776942576,23.70451573900782,1430.030216612281,14.596076885652565,-18.244845550711943
4085,87.39937610265747,8.739937610265747,-3.6491027401978045,-0.33445835001465474,342.63084050962357,23.959692356802826,1430.030216612281,14.596076885652565,-18.244845550711943
4086,91.04847884285527,9.104847884285538,3.6491027401978045,0.33558072777974957,338.98173776942576,23.70451573900782,1430.030216612281,14.596076885652565,-18.244845550711943
4087,91.04847884285527,9.104847884285538,0.0,0.0,338.98173776942576,23.70451573900782,1430.030216612281,14.596076885652565,-18.244845550711943
4088,101.99545298831026,10.199545298831026,10.946974145454988,1.0033444304019534,328.0347636239708,22.939009247026956,1430.030216612281,25.543051031107552,-18.244845550711943
4089,101.99545298831026,10.199545298831026,0.0,0.0,328.0347636239708,22.939009247026956,1430.030216612281,25.543051031107552,-18.244845550711943
4090,109.29332439356722,10.92933243935672,7.297871405256956,0.6622415170105311,320.7368922187138,22.428679372841117,1430.030216612281,32.84092243636451,-18.244845550711943
4091,112.94242713376502,11.294242713376512,3.6491027401978045,0.32895742360954383,317.087789478516,22.173502755046112,1430.030216612281,36.49002517656231,-18.244845550711943
4092,127.53833698184826,12.753833698184835,14.595909848083238,1.3114703413430906,302.4918796304328,21.152831325972347,1430.030216612281,51.08593502464555,-18.244845550711943
4093,101.99545298831026,10.199545298831026,-25.542883993538,-2.2653672301653383,328.0347636239708,22.939009247026956,1430.030216612281,51.08593502464555,-18.244845550711943
4094,120.24029853902198,12.024029853902206,18.244845550711716,1.6556189502630492,309.78991807325906,21.66317288086027,1430.030216612281,51.08593502464555,-18.244845550711943
4095,123.88940127921978,12.388940127921977,3.6491027401978045,0.32574285579234363,306.14081533306125,21.407996263065264,1430.030216612281,51.08593502464555,-18.244845550711943
4096,120.24029853902198,12.024029853902206,-3.6491027401978045,-0.3246852168945047,309.78991807325906,21.66317288086027,1430.030216612281,51.08593502464555,-18.244845550711943
4097,120.24029853902198,12.024029853902206,0.0,0.0,309.78991807325906,21.66317288086027,1430.030216612281,51.08593502464555,-18.244845550711943
4098,120.24029853902198,12.024029853902206,0.0,0.0,309.78991807325906,21.66317288086027,1430.030216612281,51.08593502464555,-18.244845550711943
4099,134.83637542467477,13.483637542467486,14.596076885652792,1.3029416014303852,295.19384118760627,20.642489771084406,1430.030216612281,58.38397346747206,-18.244845550711943
4100,142.13424682993173,14.213424682993182,7.297871405256956,0.6430769724424801,287.8959697823493,20.132159896898564,1430.030216612281,65.68184487272902,-18.244845550711943
4101,160.37925941821277,16.037925941821275,18.245012588281043,1.5974490423451781,269.65095719406827,18.856311850029794,1430.030216612281,83.92685746101006,-18.244845550711943
4102,160.37925941821277,16.037925941821275,0.0,0.0,269.65095719406827,18.856311850029794,1430.030216612281,83.92685746101006,-18.244845550711943
4103,156.7303237155843,15.673032371558438,-3.648935702628478,-0.3144606104436898,273.29989289669675,19.111476787122715,1430.030216612281,83.92685746101006,-18.244845550711943
4104,160.37925941821277,16.037925941821275,3.648935702628478,0.3154525845667777,269.65095719406827,18.856311850029794,1430.030216612281,83.92685746101006,-18.244845550711943
4105,156.7303237155843,15.673032371558438,-3.648935702628478,-0.3144606104436898,273.29989289669675,19.111476787122715,1430.030216612281,83.92685746101006,-18.244845550711943
4106,164.02819512084147,16.402819512084154,7.297871405257183,0.6309051691335776,266.00202149143956,18.60114691293686,1430.030216612281,87.57579316363876,-18.244845550711943
4107,164.02819512084147,16.402819512084154,0.0,0.0,266.00202149143956,18.60114691293686,1430.030216612281,87.57579316363876,-18.244845550711943
4108,167.67729786103928,16.767729786103924,3.6491027401978045,0.3134892054585503,262.35291875124176,18.345970295141854,1430.030216612281,91.22489590383657,-18.244845550711943
4109,167.67729786103928,16.767729786103924,0.0,0.0,262.35291875124176,18.345970295141854,1430.030216612281,91.22489590383657,-18.244845550711943
4110,167.67729786103928,16.767729786103924,0.0,0.0,262.35291875124176,18.345970295141854,1430.030216612281,91.22489590383657,-18.244845550711943
4111,171.32623356366776,17.132623356366782,3.648935702628478,0.31249521672749303,258.7039830486133,18.090805358048932,1430.030216612281,94.87383160646505,-18.244845550711943
4112,171.32623356366776,17.132623356366782,0.0,0.0,258.7039830486133,18.090805358048932,1430.030216612281,94.87383160646505,-18.244845550711943
4113,164.02819512084147,16.402819512084154,-7.298038442826282,-0.6230577130183934,266.00202149143956,18.60114691293686,1430.030216612281,94.87383160646505,-18.244845550711943
4114,160.37925941821277,16.037925941821275,-3.6489357026287053,-0.31347485549951815,269.65095719406827,18.856311850029794,1430.030216612281,94.87383160646505,-18.244845550711943
4115,182.27320770912252,18.227320770912247,21.893948290909748,1.8867924528301883,247.75700890315852,17.32529886606809,1430.030216612281,105.8208057519198,-18.244845550711943
4116,189.5712461519488,18.957124615194875,7.298038442826282,0.6172886601200744,240.45897046033224,16.814957311180162,1430.030216612281,113.11884419474609,-18.244845550711943
4117,211.46519444285855,21.14651944428585,21.893948290909748,1.8404907113998226,218.5650221694225,15.283944327218455,1430.030216612281,135.01279248565584,-18.244845550711943
4118,211.46519444285855,21.14651944428585,0.0,0.0,218.5650221694225,15.283944327218455,1430.030216612281,135.01279248565584,-18.244845550711943
4119,200.5182202974038,20.051822029740386,-10.94697414545476,-0.9036144163010129,229.51199631487725,16.049450819199297,1430.030216612281,135.01279248565584,-18.244845550711943
4120,174.97516926629623,17.49751692662962,-25.543051031107552,-2.1276687516479154,255.0550473459848,17.83564042095601,1430.030216612281,135.01279248565584,-18.244845550711943
4121,171.32623356366776,17.132623356366782,-3.648935702628478,-0.31055428217321435,258.7039830486133,18.090805358048932,1430.030216612281,135.01279248565584,-18.244845550711943
4122,156.7303237155843,15.673032371558438,-14.595909848083465,-1.2461011654862797,273.29989289669675,19.111476787122715,1430.030216612281,135.01279248565584,-18.244845550711943
4123,160.37925941821277,16.037925941821275,3.648935702628478,0.3154525845667777,269.65095719406827,18.856311850029794,1430.030216612281,135.01279248565584,-18.244845550711943
4124,134.83637542467477,13.483637542467486,-25.542883993538,-2.201253063273867,295.19384118760627,20.642489771084406,1430.030216612281,135.01279248565584,-18.244845550711943
4125,131.18727268447674,13.118727268447671,-3.649102740198032,-0.3215532053096659,298.8429439278043,20.897666388879426,1430.030216612281,135.01279248565584,-18.244845550711943
4126,138.48531112730325,13.848531112730322,7.29803844282651,0.6451662442689132,291.5449054849778,20.387324833991485,1430.030216612281,135.01279248565584,-18.244845550711943
4127,164.02819512084147,16.402819512084154,25.542883993538226,2.2435848529522184,266.00202149143956,18.60114691293686,1430.030216612281,135.01279248565584,-18.244845550711943
4128,167.67729786103928,16.767729786103924,3.6491027401978045,0.3134892054585503,262.35291875124176,18.345970295141854,1430.030216612281,135.01279248565584,-18.244845550711943
4129,171.32623356366776,17.132623356366782,3.648935702628478,0.31249521672749303,258.7039830486133,18.090805358048932,1430.030216612281,135.01279248565584,-18.244845550711943
4130,171.32623356366776,17.132623356366782,0.0,0.0,258.7039830486133,18.090805358048932,1430.030216612281,135.01279248565584,-18.244845550711943
4131,153.0812209753865,15.308122097538646,-18.24501258828127,-1.557637152270741,276.94899563689455,19.36665340491772,1430.030216612281,135.01279248565584,-18.244845550711943
4132,167.67729786103928,16.767729786103924,14.596076885652792,1.2658325033952034,262.35291875124176,18.345970295141854,1430.030216612281,135.01279248565584,-18.244845550711943
4133,149.432285272758,14.94322852727581,-18.24501258828127,-1.562504693865563,280.59793133952303,19.621818342010638,1430.030216612281,135.01279248565584,-18.244845550711943
4134,134.83637542467477,13.483637542467486,-14.595909848083238,-1.2698364257812456,295.19384118760627,20.642489771084406,1430.030216612281,135.01279248565584,-18.244845550711943
4135,112.94242713376502,11.294242713376512,-21.893948290909748,-1.9292603555042587,317.087789478516,22.173502755046112,1430.030216612281,135.01279248565584,-18.244845550711943
4136,116.5913628363935,11.659136283639349,3.648935702628478,0.327863833174713,313.43885377588754,21.91833781795319,1430.030216612281,135.01279248565584,-18.244845550711943
4137,116.5913628363935,11.659136283639349,0.0,0.0,313.43885377588754,21.91833781795319,1430.030216612281,135.01279248565584,-18.244845550711943
4138,112.94242713376502,11.294242713376512,-3.648935702628478,-0.32679239908853797,317.087789478516,22.173502755046112,1430.030216612281,135.01279248565584,-18.244845550711943
4139,112.94242713376502,11.294242713376512,0.0,0.0,317.087789478516,22.173502755046112,1430.030216612281,135.01279248565584,-18.244845550711943
4140,120.24029853902198,12.024029853902206,7.297871405256956,0.655727666349426,309.78991807325906,21.66317288086027,1430.030216612281,135.01279248565584,-18.244845550711943
4141,149.432285272758,14.94322852727581,29.19198673373603,2.605868291991209,280.59793133952303,19.621818342010638,1430.030216612281,135.01279248565584,-18.244845550711943
4142,156.7303237155843,15.673032371558438,7.298038442826282,0.6349254789806524,273.29989289669675,19.111476787122715,1430.030216612281,135.01279248565584,-18.244845550711943
4143,153.0812209753865,15.308122097538646,-3.6491027401978045,-0.3154670250604674,276.94899563689455,19.36665340491772,1430.030216612281,135.01279248565584,-18.244845550711943
4144,160.37925941821277,16.037925941821275,7.298038442826282,0.6329162516975906,269.65095719406827,18.856311850029794,1430.030216612281,135.01279248565584,-18.244845550711943
4145,160.37925941821277,16.037925941821275,0.0,0.0,269.65095719406827,18.856311850029794,1430.030216612281,135.01279248565584,-18.244845550711943
4146,156.7303237155843,15.673032371558438,-3.648935702628478,-0.3144606104436898,273.29989289669675,19.111476787122715,1430.030216612281,135.01279248565584,-18.244845550711943
4147,50.909517963664484,5.09095179636645,-105.8208057519198,-9.148269357373472,379.12069864861655,26.511376769838296,1430.030216612281,135.01279248565584,-25.542883993538226
4148,-18.42126261169301,-1.8421262611692968,-69.3307805753575,-6.597216924031568,448.45147922397405,31.35958065881632,1430.030216612281,135.01279248565584,-94.87366456889572
4149,-25.719301054519406,-2.571930105451936,-7.298038442826396,-0.7435000540297332,455.74951766680044,31.869922213704253,1430.030216612281,135.01279248565584,-102.17170301172212
4150,-14.772326909064532,-1.4772326909064493,10.946974145454874,1.1235955056179803,444.80254352134557,31.1044157217234,1430.030216612281,135.01279248565584,-102.17170301172212
4151,-14.772326909064532,-1.4772326909064493,0.0,0.0,444.80254352134557,31.1044157217234,1430.030216612281,135.01279248565584,-102.17170301172212
4152,-11.123391206436054,-1.1123391206436017,3.648935702628478,0.37036471896700895,441.1536078187171,30.849250784630485,1430.030216612281,135.01279248565584,-102.17170301172212
4153,-0.17641706098117993,-0.017641706098114884,10.946974145454874,1.1070111324415155,430.2066336732622,30.083744292649627,1430.030216612281,135.01279248565584,-102.17170301172212
4154,-11.123391206436054,-1.1123391206436017,-10.946974145454874,-1.0948905719222801,441.1536078187171,30.849250784630485,1430.030216612281,135.01279248565584,-102.17170301172212
4155,-0.17641706098117993,-0.017641706098114884,10.946974145454874,1.1070111324415155,430.2066336732622,30.083744292649627,1430.030216612281,135.01279248565584,-102.17170301172212
4156,3.4726856792166245,0.3472685679216658,3.6491027401978045,0.36497466177694005,426.5575309330644,29.82856767485462,1430.030216612281,135.01279248565584,-102.17170301172212
4157,10.77055708447358,1.0770557084473609,7.297871405256956,0.7272615896183776,419.25965952780746,29.318237800668783,1430.030216612281,135.01279248565584,-102.17170301172212
4158,10.77055708447358,1.0770557084473609,0.0,0.0,419.25965952780746,29.318237800668783,1430.030216612281,135.01279248565584,-102.17170301172212
4159,18.068595527299976,1.806859552729989,7.298038442826396,0.7220272090114443,411.96162108498106,28.80789624578085,1430.030216612281,135.01279248565584,-102.17170301172212
4160,29.015569672754737,2.901556967275476,10.94697414545476,1.0752688172043001,401.0146469395263,28.042389753800006,1430.030216612281,135.01279248565584,-102.17170301172212
4161,39.962543818209724,3.996254381820963,10.946974145454988,1.0638297872340496,390.0676727940713,27.27688326181914,1430.030216612281,135.01279248565584,-102.17170301172212
4162,29.015569672754737,2.901556967275476,-10.946974145454988,-1.0526315789473828,401.0146469395263,28.042389753800006,1430.030216612281,135.01279248565584,-102.17170301172212
4163,21.717531229928454,2.1717531229928477,-7.298038442826282,-0.7092252690741319,408.3126853823526,28.552731308687928,1430.030216612281,135.01279248565584,-102.17170301172212
4164,18.068595527299976,1.806859552729989,-3.648935702628478,-0.3571374270377792,411.96162108498106,28.80789624578085,1430.030216612281,135.01279248565584,-102.17170301172212
4165,25.36663397012626,2.5366633970126173,7.298038442826282,0.7168513472362248,404.6635826421548,28.297554690892923,1430.030216612281,135.01279248565584,-102.17170301172212
4166,25.36663397012626,2.5366633970126173,0.0,0.0,404.6635826421548,28.297554690892923,1430.030216612281,135.01279248565584,-102.17170301172212
4167,25.36663397012626,2.5366633970126173,0.0,0.0,404.6635826421548,28.297554690892923,1430.030216612281,135.01279248565584,-102.17170301172212
4168,21.717531229928454,2.1717531229928477,-3.6491027401978045,-0.35588272714403013,408.3126853823526,28.552731308687928,1430.030216612281,135.01279248565584,-102.17170301172212
4169,27.98655410308197,2.798655410308193,6.269022873153517,0.6135769115762413,402.04366250919907,28.114347364046203,1430.030216612281,135.01279248565584,-102.17170301172212
4170,27.98655410308197,2.798655410308193,0.0,0.0,402.04366250919907,28.114347364046203,1430.030216612281,0.0,0.0
4171,27.98655410308197,2.798655410308193,0.0,0.0,402.04366250919907,28.114347364046203,1430.030216612281,0.0,0.0
4172,27.98655410308197,2.798655410308193,0.0,0.0,402.04366250919907,28.114347364046203,1430.030216612281,0.0,0.0
4173,27.98655410308197,2.798655410308193,0.0,0.0,402.04366250919907,28.114347364046203,1430.030216612281,0.0,0.0
4174,27.98655410308197,2.798655410308193,0.0,0.0,402.04366250919907,28.114347364046203,1430.030216612281,0.0,0.0
4175,27.98655410308197,2.798655410308193,0.0,0.0,402.04366250919907,28.114347364046203,1430.030216612281,0.0,0.0
4176,27.98655410308197,2.798655410308193,0.0,0.0,402.04366250919907,28.114347364046203,1430.030216612281,0.0,0.0
4177,27.98655410308197,2.798655410308193,0.0,0.0,402.04366250919907,28.114347364046203,1430.030216612281,0.0,0.0
4178,27.98655410308197,2.798655410308193,0.0,0.0,402.04366250919907,28.114347364046203,1430.030216612281,0.0,0.0
4179,27.98655410308197,2.798655410308193,0.0,0.0,402.04366250919907,28.114347364046203,1430.030216612281,0.0,0.0
4180,27.98655410308197,2.798655410308193,0.0,0.0,402.04366250919907,28.114347364046203,1430.030216612281,0.0,0.0
4181,27.98655410308197,2.798655410308193,0.0,0.0,402.04366250919907,28.114347364046203,1430.030216612281,0.0,0.0
4182,27.98655410308197,2.798655410308193,0.0,0.0,402.04366250919907,28.114347364046203,1430.030216612281,0.0,0.0
4183,27.98655410308197,2.798655410308193,0.0,0.0,402.04366250919907,28.114347364046203,1430.030216612281,0.0,0.0
4184,27.98655410308197,2.798655410308193,0.0,0.0,402.04366250919907,28.114347364046203,1430.030216612281,0.0,0.0
4185,27.98655410308197,2.798655410308193,0.0,0.0,402.04366250919907,28.114347364046203,1430.030216612281,0.0,0.0
4186,27.98655410308197,2.798655410308193,0.0,0.0,402.04366250919907,28.114347364046203,1430.030216612281,0.0,0.0
4187,27.98655410308197,2.798655410308193,0.0,0.0,402.04366250919907,28.114347364046203,1430.030216612281,0.0,0.0
4188,27.98655410308197,2.798655410308193,0.0,0.0,402.04366250919907,28.114347364046203,1430.030216612281,0.0,0.0
4189,27.98655410308197,2.798655410308193,0.0,0.0,402.04366250919907,28.114347364046203,1430.030216612281,0.0,0.0
4190,27.98655410308197,2.798655410308193,0.0,0.0,402.04366250919907,28.114347364046203,1430.030216612281,0.0,0.0
4191,27.98655410308197,2.798655410308193,0.0,0.0,402.04366250919907,28.114347364046203,1430.030216612281,0.0,0.0
4192,27.98655410308197,2.798655410308193,0.0,0.0,402.04366250919907,28.114347364046203,1430.030216612281,0.0,0.0
4193,27.98655410308197,2.798655410308193,0.0,0.0,402.04366250919907,28.114347364046203,1430.030216612281,0.0,0.0
4194,27.98655410308197,2.798655410308193,0.0,0.0,402.04366250919907,28.114347364046203,1430.030216612281,0.0,0.0
4195,27.98655410308197,2.798655410308193,0.0,0.0,402.04366250919907,28.114347364046203,1430.030216612281,0.0,0.0
4196,27.98655410308197,2.798655410308193,0.0,0.0,402.04366250919907,28.114347364046203,1430.030216612281,0.0,0.0
4197,27.98655410308197,2.798655410308193,0.0,0.0,402.04366250919907,28.114347364046203,1430.030216612281,0.0,0.0
4198,27.98655410308197,2.798655410308193,0.0,0.0,402.04366250919907,28.114347364046203,1430.030216612281,0.0,0.0
4199,27.98655410308197,2.798655410308193,0.0,0.0,402.04366250919907,28.114347364046203,1430.030216612281,0.0,0.0
4200,27.98655410308197,2.798655410308193,0.0,0.0,402.04366250919907,28.114347364046203,1430.030216612281,0.0,0.0
4201,27.98655410308197,2.798655410308193,0.0,0.0,402.04366250919907,28.114347364046203,1430.030216612281,0.0,0.0
4202,27.98655410308197,2.798655410308193,0.0,0.0,402.04366250919907,28.114347364046203,1430.030216612281,0.0,0.0
4203,27.98655410308197,2.798655410308193,0.0,0.0,402.04366250919907,28.114347364046203,1430.030216612281,0.0,0.0
4204,27.98655410308197,2.798655410308193,0.0,0.0,402.04366250919907,28.114347364046203,1430.030216612281,0.0,0.0
4205,27.98655410308197,2.798655410308193,0.0,0.0,402.04366250919907,28.114347364046203,1430.030216612281,0.0,0.0
4206,27.98655410308197,2.798655410308193,0.0,0.0,402.04366250919907,28.114347364046203,1430.030216612281,0.0,0.0
4207,27.98655410308197,2.798655410308193,0.0,0.0,402.04366250919907,28.114347364046203,1430.030216612281,0.0,0.0
4208,27.98655410308197,2.798655410308193,0.0,0.0,402.04366250919907,28.114347364046203,1430.030216612281,0.0,0.0
4209,27.98655410308197,2.798655410308193,0.0,0.0,402.04366250919907,28.114347364046203,1430.030216612281,0.0,0.0
4210,27.98655410308197,2.798655410308193,0.0,0.0,402.04366250919907,28.114347364046203,1430.030216612281,0.0,0.0
4211,27.98655410308197,2.798655410308193,0.0,0.0,402.04366250919907,28.114347364046203,1430.030216612281,0.0,0.0
4212,27.98655410308197,2.798655410308193,0.0,0.0,402.04366250919907,28.114347364046203,1430.030216612281,0.0,0.0
4213,27.98655410308197,2.798655410308193,0.0,0.0,402.04366250919907,28.114347364046203,1430.030216612281,0.0,0.0
4214,27.98655410308197,2.798655410308193,0.0,0.0,402.04366250919907,28.114347364046203,1430.030216612281,0.0,0.0
4215,27.98655410308197,2.798655410308193,0.0,0.0,402.04366250919907,28.114347364046203,1430.030216612281,0.0,0.0
4216,27.98655410308197,2.798655410308193,0.0,0.0,402.04366250919907,28.114347364046203,1430.030216612281,0.0,0.0
4217,27.98655410308197,2.798655410308193,0.0,0.0,402.04366250919907,28.114347364046203,1430.030216612281,0.0,0.0
4218,27.98655410308197,2.798655410308193,0.0,0.0,402.04366250919907,28.114347364046203,1430.030216612281,0.0,0.0
4219,27.98655410308197,2.798655410308193,0.0,0.0,402.04366250919907,28.114347364046203,1430.030216612281,0.0,0.0
4220,27.98655410308197,2.798655410308193,0.0,0.0,402.04366250919907,28.114347364046203,1430.030216612281,0.0,0.0
4221,27.98655410308197,2.798655410308193,0.0,0.0,402.04366250919907,28.114347364046203,1430.030216612281,0.0,0.0
4222,27.98655410308197,2.798655410308193,0.0,0.0,402.04366250919907,28.114347364046203,1430.030216612281,0.0,0.0
4223,27.98655410308197,2.798655410308193,0.0,0.0,402.04366250919907,28.114347364046203,1430.030216612281,0.0,0.0
4224,27.98655410308197,2.798655410308193,0.0,0.0,402.04366250919907,28.114347364046203,1430.030216612281,0.0,0.0
4225,27.98655410308197,2.798655410308193,0.0,0.0,402.04366250919907,28.114347364046203,1430.030216612281,0.0,0.0
4226,27.98655410308197,2.798655410308193,0.0,0.0,402.04366250919907,28.114347364046203,1430.030216612281,0.0,0.0
4227,26.959594508573446,2.6959594508573437,-1.0269595945085257,-0.09990009990009652,403.0706221037076,28.18616120284336,1430.030216612281,0.0,0.0
4228,38.71867451985213,3.8718674519852225,11.759080011278684,1.1450382346255505,391.3115420924289,27.363865290863558,1430.030216612281,11.759080011278684,0.0
4229,15.200514497294648,1.5200514497294648,-23.51816002255748,-2.264151073766796,414.8297021149864,29.008457114823166,1430.030216612281,11.759080011278684,-11.759080011278797
4230,-0.47819904130324176,-0.04781990413031956,-15.67871353859789,-1.5443957439640998,430.5084156535843,30.10484748171629,1430.030216612281,11.759080011278684,-27.437793549876687
4231,3.441434486015851,0.34414344860158597,3.9196335273190925,0.39215087890625,426.5887821262652,29.830753026802974,1430.030216612281,11.759080011278684,-27.437793549876687
4232,3.441434486015851,0.34414344860158597,0.0,0.0,426.5887821262652,29.830753026802974,1430.030216612281,11.759080011278684,-27.437793549876687
4233,7.3612474426563494,0.7361247442656316,3.9198129566404987,0.39063694421273,422.6689691696247,29.5566460246498,1430.030216612281,11.759080011278684,-27.437793549876687
4234,-20.076725536541744,-2.0076725536541717,-27.437972979198094,-2.7237471213880537,450.1069421488228,31.475344850762593,1430.030216612281,11.759080011278684,-47.03632004511519
4235,-78.87212559293562,-7.887212559293566,-58.79540005639387,-6.000000366210956,508.90234220521666,35.586824410661634,1430.030216612281,11.759080011278684,-105.83172010150906
4236,-52.38271846112377,-5.238271846112374,26.489407131811845,2.875757847287308,482.4129350734048,33.73445745896429,1430.030216612281,11.759080011278684,-105.83172010150906
4237,-52.38271846112377,-5.238271846112374,0.0,0.0,482.4129350734048,33.73445745896429,1430.030216612281,0.0,0.0
4238,-52.38271846112377,-5.238271846112374,0.0,0.0,482.4129350734048,33.73445745896429,1430.030216612281,0.0,0.0
4239,-52.38271846112377,-5.238271846112374,0.0,0.0,482.4129350734048,33.73445745896429,1430.030216612281,0.0,0.0
4240,-52.38271846112377,-5.238271846112374,0.0,0.0,482.4129350734048,33.73445745896429,1430.030216612281,0.0,0.0
4241,-52.38271846112377,-5.238271846112374,0.0,0.0,482.4129350734048,33.73445745896429,1430.030216612281,0.0,0.0
4242,-52.38271846112377,-5.238271846112374,0.0,0.0,482.4129350734048,33.73445745896429,1430.030216612281,0.0,0.0
4243,-52.38271846112377,-5.238271846112374,0.0,0.0,482.4129350734048,33.73445745896429,1430.030216612281,0.0,0.0
4244,-52.38271846112377,-5.238271846112374,0.0,0.0,482.4129350734048,33.73445745896429,1430.030216612281,0.0,0.0
4245,-52.38271846112377,-5.238271846112374,0.0,0.0,482.4129350734048,33.73445745896429,1430.030216612281,0.0,0.0
4246,-52.38271846112377,-5.238271846112374,0.0,0.0,482.4129350734048,33.73445745896429,1430.030216612281,0.0,0.0
4247,-52.38271846112377,-5.238271846112374,0.0,0.0,482.4129350734048,33.73445745896429,1430.030216612281,0.0,0.0
4248,-52.38271846112377,-5.238271846112374,0.0,0.0,482.4129350734048,33.73445745896429,1430.030216612281,0.0,0.0
4249,-52.38271846112377,-5.238271846112374,0.0,0.0,482.4129350734048,33.73445745896429,1430.030216612281,0.0,0.0
4250,-52.38271846112377,-5.238271846112374,0.0,0.0,482.4129350734048,33.73445745896429,1430.030216612281,0.0,0.0
4251,-52.38271846112377,-5.238271846112374,0.0,0.0,482.4129350734048,33.73445745896429,1430.030216612281,0.0,0.0
4252,-52.38271846112377,-5.238271846112374,0.0,0.0,482.4129350734048,33.73445745896429,1430.030216612281,0.0,0.0
4253,-52.38271846112377,-5.238271846112374,0.0,0.0,482.4129350734048,33.73445745896429,1430.030216612281,0.0,0.0
4254,-52.38271846112377,-5.238271846112374,0.0,0.0,482.4129350734048,33.73445745896429,1430.030216612281,0.0,0.0
4255,-52.38271846112377,-5.238271846112374,0.0,0.0,482.4129350734048,33.73445745896429,1430.030216612281,0.0,0.0
4256,-52.38271846112377,-5.238271846112374,0.0,0.0,482.4129350734048,33.73445745896429,1430.030216612281,0.0,0.0
4257,-52.38271846112377,-5.238271846112374,0.0,0.0,482.4129350734048,33.73445745896429,1430.030216612281,0.0,0.0
4258,-52.38271846112377,-5.238271846112374,0.0,0.0,482.4129350734048,33.73445745896429,1430.030216612281,0.0,0.0
4259,-52.38271846112377,-5.238271846112374,0.0,0.0,482.4129350734048,33.73445745896429,1430.030216612281,0.0,0.0
4260,-52.38271846112377,-5.238271846112374,0.0,0.0,482.4129350734048,33.73445745896429,1430.030216612281,0.0,0.0
4261,-52.38271846112377,-5.238271846112374,0.0,0.0,482.4129350734048,33.73445745896429,1430.030216612281,0.0,0.0
4262,-52.38271846112377,-5.238271846112374,0.0,0.0,482.4129350734048,33.73445745896429,1430.030216612281,0.0,0.0
4263,-52.38271846112377,-5.238271846112374,0.0,0.0,482.4129350734048,33.73445745896429,1430.030216612281,0.0,0.0
4264,-52.38271846112377,-5.238271846112374,0.0,0.0,482.4129350734048,33.73445745896429,1430.030216612281,0.0,0.0
4265,-52.38271846112377,-5.238271846112374,0.0,0.0,482.4129350734048,33.73445745896429,1430.030216612281,0.0,0.0
4266,-52.38271846112377,-5.238271846112374,0.0,0.0,482.4129350734048,33.73445745896429,1430.030216612281,0.0,0.0
4267,-52.38271846112377,-5.238271846112374,0.0,0.0,482.4129350734048,33.73445745896429,1430.030216612281,0.0,0.0
4268,-52.38271846112377,-5.238271846112374,0.0,0.0,482.4129350734048,33.73445745896429,1430.030216612281,0.0,0.0
4269,-52.38271846112377,-5.238271846112374,0.0,0.0,482.4129350734048,33.73445745896429,1430.030216612281,0.0,0.0
4270,-52.38271846112377,-5.238271846112374,0.0,0.0,482.4129350734048,33.73445745896429,1430.030216612281,0.0,0.0
4271,-52.38271846112377,-5.238271846112374,0.0,0.0,482.4129350734048,33.73445745896429,1430.030216612281,0.0,0.0
4272,-52.38271846112377,-5.238271846112374,0.0,0.0,482.4129350734048,33.73445745896429,1430.030216612281,0.0,0.0
4273,-52.38271846112377,-5.238271846112374,0.0,0.0,482.4129350734048,33.73445745896429,1430.030216612281,0.0,0.0
4274,-52.38271846112377,-5.238271846112374,0.0,0.0,482.4129350734048,33.73445745896429,1430.030216612281,0.0,0.0
4275,-52.38271846112377,-5.238271846112374,0.0,0.0,482.4129350734048,33.73445745896429,1430.030216612281,0.0,0.0
4276,-52.38271846112377,-5.238271846112374,0.0,0.0,482.4129350734048,33.73445745896429,1430.030216612281,0.0,0.0
4277,-52.38271846112377,-5.238271846112374,0.0,0.0,482.4129350734048,33.73445745896429,1430.030216612281,0.0,0.0
4278,-52.38271846112377,-5.238271846112374,0.0,0.0,482.4129350734048,33.73445745896429,1430.030216612281,0.0,0.0
4279,-52.38271846112377,-5.238271846112374,0.0,0.0,482.4129350734048,33.73445745896429,1430.030216612281,0.0,0.0
4280,-52.38271846112377,-5.238271846112374,0.0,0.0,482.4129350734048,33.73445745896429,1430.030216612281,0.0,0.0
4281,-52.38271846112377,-5.238271846112374,0.0,0.0,482.4129350734048,33.73445745896429,1430.030216612281,0.0,0.0
4282,-52.38271846112377,-5.238271846112374,0.0,0.0,482.4129350734048,33.73445745896429,1430.030216612281,0.0,0.0
4283,-52.38271846112377,-5.238271846112374,0.0,0.0,482.4129350734048,33.73445745896429,1430.030216612281,0.0,0.0
4284,-52.38271846112377,-5.238271846112374,0.0,0.0,482.4129350734048,33.73445745896429,1430.030216612281,0.0,0.0
4285,-52.38271846112377,-5.238271846112374,0.0,0.0,482.4129350734048,33.73445745896429,1430.030216612281,0.0,0.0
4286,-52.38271846112377,-5.238271846112374,0.0,0.0,482.4129350734048,33.73445745896429,1430.030216612281,0.0,0.0
4287,-52.38271846112377,-5.238271846112374,0.0,0.0,482.4129350734048,33.73445745896429,1430.030216612281,0.0,0.0
4288,-52.38271846112377,-5.238271846112374,0.0,0.0,482.4129350734048,33.73445745896429,1430.030216612281,0.0,0.0
4289,-52.38271846112377,-5.238271846112374,0.0,0.0,482.4129350734048,33.73445745896429,1430.030216612281,0.0,0.0
4290,-52.38271846112377,-5.238271846112374,0.0,0.0,482.4129350734048,33.73445745896429,1430.030216612281,0.0,0.0
4291,-52.38271846112377,-5.238271846112374,0.0,0.0,482.4129350734048,33.73445745896429,1430.030216612281,0.0,0.0
4292,-52.38271846112377,-5.238271846112374,0.0,0.0,482.4129350734048,33.73445745896429,1430.030216612281,0.0,0.0
4293,-52.38271846112377,-5.238271846112374,0.0,0.0,482.4129350734048,33.73445745896429,1430.030216612281,0.0,0.0
4294,-52.38271846112377,-5.238271846112374,0.0,0.0,482.4129350734048,33.73445745896429,1430.030216612281,0.0,0.0
4295,-52.38271846112377,-5.238271846112374,0.0,0.0,482.4129350734048,33.73445745896429,1430.030216612281,0.0,0.0
4296,-52.38271846112377,-5.238271846112374,0.0,0.0,482.4129350734048,33.73445745896429,1430.030216612281,0.0,0.0
4297,-52.38271846112377,-5.238271846112374,0.0,0.0,482.4129350734048,33.73445745896429,1430.030216612281,0.0,0.0
4298,-52.38271846112377,-5.238271846112374,0.0,0.0,482.4129350734048,33.73445745896429,1430.030216612281,0.0,0.0
4299,-52.38271846112377,-5.238271846112374,0.0,0.0,482.4129350734048,33.73445745896429,1430.030216612281,0.0,0.0
4300,-52.38271846112377,-5.238271846112374,0.0,0.0,482.4129350734048,33.73445745896429,1430.030216612281,0.0,0.0
4301,-52.38271846112377,-5.238271846112374,0.0,0.0,482.4129350734048,33.73445745896429,1430.030216612281,0.0,0.0
4302,-52.38271846112377,-5.238271846112374,0.0,0.0,482.4129350734048,33.73445745896429,1430.030216612281,0.0,0.0
4303,-52.38271846112377,-5.238271846112374,0.0,0.0,482.4129350734048,33.73445745896429,1430.030216612281,0.0,0.0
4304,-52.38271846112377,-5.238271846112374,0.0,0.0,482.4129350734048,33.73445745896429,1430.030216612281,0.0,0.0
4305,-52.38271846112377,-5.238271846112374,0.0,0.0,482.4129350734048,33.73445745896429,1430.030216612281,0.0,0.0
4306,-52.38271846112377,-5.238271846112374,0.0,0.0,482.4129350734048,33.73445745896429,1430.030216612281,0.0,0.0
4307,-52.38271846112377,-5.238271846112374,0.0,0.0,482.4129350734048,33.73445745896429,1430.030216612281,0.0,0.0
4308,-52.38271846112377,-5.238271846112374,0.0,0.0,482.4129350734048,33.73445745896429,1430.030216612281,0.0,0.0
4309,-52.38271846112377,-5.238271846112374,0.0,0.0,482.4129350734048,33.73445745896429,1430.030216612281,0.0,0.0
4310,-52.38271846112377,-5.238271846112374,0.0,0.0,482.4129350734048,33.73445745896429,1430.030216612281,0.0,0.0
4311,-52.38271846112377,-5.238271846112374,0.0,0.0,482.4129350734048,33.73445745896429,1430.030216612281,0.0,0.0
4312,-53.32938907205164,-5.332938907205165,-0.9466706109278675,-0.09990009990009652,483.3596056843327,33.80065680216212,1430.030216612281,0.0,0.0
4313,-49.688404032344806,-4.968840403234475,3.640985039706834,0.38460949327854266,479.71862064462584,33.546047843735195,1430.030216612281,3.640985039706834,0.0
4314,-64.25251086478329,-6.425251086478334,-14.564106832438483,-1.5325612035291036,494.2827274770643,34.5644953326939,1430.030216612281,3.640985039706834,-10.92312179273165
4315,-82.45776941053987,-8.245776941053984,-18.20525854575658,-1.9455311135893272,512.4879860228209,35.83756343533054,1430.030216612281,3.640985039706834,-29.128380338488228
4316,-93.38089120327152,-9.338089120327153,-10.92312179273165,-1.1904761904761862,523.4111078155526,36.601401965862316,1430.030216612281,3.640985039706834,-40.05150213121988
4317,-82.45776941053987,-8.245776941053984,10.92312179273165,1.2048192771084265,512.4879860228209,35.83756343533054,1430.030216612281,3.640985039706834,-40.05150213121988
4318,-75.17563265751494,-7.517563265751493,7.282136753024929,0.7936568487258322,505.205849269796,35.32833386322567,1430.030216612281,3.640985039706834,-40.05150213121988
4319,-60.611525825076455,-6.0611525825076455,14.564106832438483,1.5747970476047257,490.6417424373575,34.30988637426697,1430.030216612281,3.640985039706834,-40.05150213121988
4320,-64.25251086478329,-6.425251086478334,-3.640985039706834,-0.38759098496549127,494.2827274770643,34.5644953326939,1430.030216612281,3.640985039706834,-40.05150213121988
4321,-60.611525825076455,-6.0611525825076455,3.640985039706834,0.38909909799187403,490.6417424373575,34.30988637426697,1430.030216612281,3.640985039706834,-40.05150213121988
4322,-38.76528223961316,-3.8765282239613175,21.8462435854633,2.3255813953488413,468.7954988518942,32.78220931320342,1430.030216612281,14.564106832438483,-40.05150213121988
4323,-27.842160446881508,-2.784216044688148,10.92312179273165,1.1363636363636243,457.87237705916255,32.01837078267164,1430.030216612281,25.487228625170133,-40.05150213121988
4324,-31.483145486588228,-3.148314548658826,-3.6409850397067203,-0.3745261203037198,461.51336209886927,32.27297974109856,1430.030216612281,25.487228625170133,-40.05150213121988
4325,-27.842160446881508,-2.784216044688148,3.6409850397067203,0.37593409167215874,457.87237705916255,32.01837078267164,1430.030216612281,25.487228625170133,-40.05150213121988
4326,-20.56002369385658,-2.0560023693856566,7.282136753024929,0.7490693853142494,450.5902403061376,31.509141210566778,1430.030216612281,32.76936537819506,-40.05150213121988
4327,-20.56002369385658,-2.0560023693856566,0.0,0.0,450.5902403061376,31.509141210566778,1430.030216612281,32.76936537819506,-40.05150213121988
4328,-20.56002369385658,-2.0560023693856566,0.0,0.0,450.5902403061376,31.509141210566778,1430.030216612281,32.76936537819506,-40.05150213121988
4329,-9.63690190112493,-0.9636901901124983,10.92312179273165,1.1152415724266396,439.66711851340597,30.745302680035003,1430.030216612281,43.69248717092671,-40.05150213121988
4330,-5.995916861418095,-0.5995916861418094,3.640985039706834,0.36764142835048474,436.02613347369913,30.490693721608075,1430.030216612281,47.333472210633545,-40.05150213121988
4331,-9.63690190112493,-0.9636901901124983,-3.640985039706834,-0.3662947770003533,439.66711851340597,30.745302680035003,1430.030216612281,47.333472210633545,-40.05150213121988
4332,-27.842160446881508,-2.784216044688148,-18.20525854575658,-1.8382408008440376,457.87237705916255,32.01837078267164,1430.030216612281,47.333472210633545,-40.05150213121988
4333,-24.201175407174674,-2.42011754071747,3.640985039706834,0.3745261203037309,454.2313920194557,31.763761824244714,1430.030216612281,47.333472210633545,-40.05150213121988
4334,-24.201175407174674,-2.42011754071747,0.0,0.0,454.2313920194557,31.763761824244714,1430.030216612281,47.333472210633545,-40.05150213121988
4335,-5.995916861418095,-0.5995916861418094,18.20525854575658,1.86567744159285,436.02613347369913,30.490693721608075,1430.030216612281,47.333472210633545,-40.05150213121988
4336,15.850326724045203,1.5850326724045294,21.8462435854633,2.19780219780219,414.17988988823583,28.963016660544522,1430.030216612281,69.17971579609684,-40.05150213121988
4337,8.568189971020274,0.8568189971020379,-7.282136753024929,-0.7168513472362248,421.46202664126076,29.47224623264938,1430.030216612281,69.17971579609684,-40.05150213121988
4338,4.927204931313554,0.49272049313136,-3.6409850397067203,-0.3610053416230885,425.1030116809675,29.726855191076297,1430.030216612281,69.17971579609684,-40.05150213121988
4339,-5.995916861418095,-0.5995916861418094,-10.92312179273165,-1.0869565217391242,436.02613347369913,30.490693721608075,1430.030216612281,69.17971579609684,-40.05150213121988
4340,-9.63690190112493,-0.9636901901124983,-3.640985039706834,-0.3662947770003533,439.66711851340597,30.745302680035003,1430.030216612281,69.17971579609684,-40.05150213121988
4341,-14.264775560828525,-1.4264775560828502,-4.627873659703596,-0.4672905996383925,444.29499217310956,31.06892337041922,1430.030216612281,69.17971579609684,-40.05150213121988
4342,-14.264775560828525,-1.4264775560828502,0.0,0.0,444.29499217310956,31.06892337041922,1430.030216612281,0.0,0.0
4343,-14.264775560828525,-1.4264775560828502,0.0,0.0,444.29499217310956,31.06892337041922,1430.030216612281,0.0,0.0
4344,-14.264775560828525,-1.4264775560828502,0.0,0.0,444.29499217310956,31.06892337041922,1430.030216612281,0.0,0.0
4345,-14.264775560828525,-1.4264775560828502,0.0,0.0,444.29499217310956,31.06892337041922,1430.030216612281,0.0,0.0
4346,-15.249526034793575,-1.524952603479357,-0.9847504739650503,-0.09990009990008542,445.2797426470746,31.137785584834372,1430.030216612281,0.0,0.0
4347,-7.900585414770717,-0.7900585414770678,7.348940620022859,0.7462743927841409,437.93080202705175,30.623884512349882,1430.030216612281,7.348940620022859,0.0
4348,28.84378128010553,2.884378128010545,36.74436669487625,3.7036980523003526,401.1864353321755,28.054402674272144,1430.030216612281,44.09330731489911,0.0
4349,17.820454451380783,1.7820454451380696,-11.023326828724748,-1.0714286298167952,412.20976216090025,28.825248401912702,1430.030216612281,44.09330731489911,0.0
4350,16.802633996929444,1.6802633996929384,-1.0178204544513392,-0.10000000000000009,413.2275826153516,28.896423153510785,1430.030216612281,44.09330731489911,0.0
4351,16.802633996929444,1.6802633996929384,0.0,0.0,413.2275826153516,28.896423153510785,1430.030216612281,0.0,0.0
4352,16.802633996929444,1.6802633996929384,0.0,0.0,413.2275826153516,28.896423153510785,1430.030216612281,0.0,0.0
4353,16.802633996929444,1.6802633996929384,0.0,0.0,413.2275826153516,28.896423153510785,1430.030216612281,0.0,0.0
4354,16.802633996929444,1.6802633996929384,0.0,0.0,413.2275826153516,28.896423153510785,1430.030216612281,0.0,0.0
4355,15.78684714977976,1.5786847149779737,-1.015786847149684,-0.09990009990008542,414.2433694625013,28.967455697812966,1430.030216612281,0.0,0.0
4356,5.168866733641039,0.5168866733641142,-10.617980416138721,-1.0452961116726334,424.86134987864,29.70995612142587,1430.030216612281,0.0,-10.617980416138721
4357,12.247412332717886,1.2247412332717866,7.078545599076847,0.7042145686504409,417.78280427956315,29.21496339212216,1430.030216612281,0.0,-10.617980416138721
4358,-1.9098408829592017,-0.19098408829592017,-14.157253215677088,-1.3985961379789358,431.94005749524024,30.204960180386912,1430.030216612281,0.0,-17.69668803273896
4359,-1.9098408829592017,-0.19098408829592017,0.0,0.0,431.94005749524024,30.204960180386912,1430.030216612281,0.0,-17.69668803273896
4360,8.70813953317952,0.8708139533179615,10.617980416138721,1.0638297872340496,421.3220770791015,29.462459756774013,1430.030216612281,0.0,-17.69668803273896
4361,8.70813953317952,0.8708139533179615,0.0,0.0,421.3220770791015,29.462459756774013,1430.030216612281,0.0,-17.69668803273896
4362,5.168866733641039,0.5168866733641142,-3.5392727995384803,-0.35087183902138275,424.86134987864,29.70995612142587,1430.030216612281,0.0,-17.69668803273896
4363,12.247412332717886,1.2247412332717866,7.078545599076847,0.7042145686504409,417.78280427956315,29.21496339212216,1430.030216612281,0.0,-17.69668803273896
4364,40.562080781595796,4.056208078159584,28.31466844887791,2.7972082816815513,389.46813583068524,27.23495848593529,1430.030216612281,24.775233631816036,-17.69668803273896
4365,44.10135358113416,4.4101353581134095,3.5392727995383666,0.3401308643574463,385.9288630311469,26.98746212128344,1430.030216612281,28.314506431354403,-17.69668803273896
4366,33.48337316499533,3.348337316499528,-10.617980416138835,-1.01694920514378,396.5468434472857,27.729962544896352,1430.030216612281,28.314506431354403,-17.69668803273896
4367,44.10135358113416,4.4101353581134095,10.617980416138835,1.0273973139617976,385.9288630311469,26.98746212128344,1430.030216612281,28.314506431354403,-17.69668803273896
4368,51.1800611977344,5.118006119773444,7.078707616600241,0.6779713092336381,378.85015541454663,26.492458062322395,1430.030216612281,35.39321404795464,-17.69668803273896
4369,47.64078839819604,4.764078839819597,-3.5392727995383666,-0.33669519906091017,382.389428214085,26.739954426974244,1430.030216612281,35.39321404795464,-17.69668803273896
4370,47.64078839819604,4.764078839819597,0.0,0.0,382.389428214085,26.739954426974244,1430.030216612281,35.39321404795464,-17.69668803273896
4371,47.64078839819604,4.764078839819597,0.0,0.0,382.389428214085,26.739954426974244,1430.030216612281,35.39321404795464,-17.69668803273896
4372,37.0228079820572,3.702280798205715,-10.617980416138835,-1.013513461266946,393.00740863022384,27.482454850587157,1430.030216612281,35.39321404795464,-17.69668803273896
4373,51.1800611977344,5.118006119773444,14.157253215677201,1.3651824344370844,378.85015541454663,26.492458062322395,1430.030216612281,35.39321404795464,-17.69668803273896
4374,68.87674923047348,6.887674923047338,17.696688032739075,1.683506821141112,361.15346738180756,25.254953579748435,1430.030216612281,53.08990208069372,-17.69668803273896
4375,58.258768814334644,5.825876881433456,-10.617980416138835,-0.9933774332525402,371.7714477979464,25.997454003361348,1430.030216612281,53.08990208069372,-17.69668803273896
4376,40.562080781595796,4.056208078159584,-17.696688032738848,-1.6722458206102186,389.46813583068524,27.23495848593529,1430.030216612281,53.08990208069372,-17.69668803273896
4377,1.6294319165791649,0.16294319165792714,-38.93264886501663,-3.7415017887037716,428.4007846957019,29.957463815735064,1430.030216612281,53.08990208069372,-17.69668803273896
4378,-33.763782131375365,-3.376378213137532,-35.39321404795453,-3.533563703317999,463.7939987436564,32.43246145122563,1430.030216612281,53.08990208069372,-49.550629281155125
4379,-5.449113682497682,-0.5449113682497675,28.314668448877683,2.930408519702943,435.4793302947787,30.452456545038775,1430.030216612281,53.08990208069372,-49.550629281155125
4380,8.70813953317952,0.8708139533179615,14.157253215677201,1.4234820370123913,421.3220770791015,29.462459756774013,1430.030216612281,53.08990208069372,-49.550629281155125
4381,1.6294319165791649,0.16294319165792714,-7.078707616600354,-0.701759739925989,428.4007846957019,29.957463815735064,1430.030216612281,53.08990208069372,-49.550629281155125
4382,-1.9098408829592017,-0.19098408829592017,-3.5392727995383666,-0.35335151771310747,431.94005749524024,30.204960180386912,1430.030216612281,53.08990208069372,-49.550629281155125
4383,-1.9098408829592017,-0.19098408829592017,0.0,0.0,431.94005749524024,30.204960180386912,1430.030216612281,53.08990208069372,-49.550629281155125
4384,1.6294319165791649,0.16294319165792714,3.5392727995383666,0.3546045181598956,428.4007846957019,29.957463815735064,1430.030216612281,53.08990208069372,-49.550629281155125
4385,1.6294319165791649,0.16294319165792714,0.0,0.0,428.4007846957019,29.957463815735064,1430.030216612281,53.08990208069372,-49.550629281155125
4386,5.168866733641039,0.5168866733641142,3.539434817061874,0.3533676931087415,424.86134987864,29.70995612142587,1430.030216612281,53.08990208069372,-49.550629281155125
4387,1.6294319165791649,0.16294319165792714,-3.539434817061874,-0.3521234027635045,428.4007846957019,29.957463815735064,1430.030216612281,53.08990208069372,-49.550629281155125
4388,12.247412332717886,1.2247412332717866,10.617980416138721,1.0600707285349564,417.78280427956315,29.21496339212216,1430.030216612281,53.08990208069372,-49.550629281155125
4389,-8.988548499559556,-0.8988548499559545,-21.235960832277442,-2.097902209830238,439.0187651118406,30.69996423934797,1430.030216612281,53.08990208069372,-49.550629281155125
4390,-26.685074514775124,-2.6685074514775087,-17.696526015215568,-1.7857034838923536,456.71529112705616,31.937457392264584,1430.030216612281,53.08990208069372,-49.550629281155125
4391,-33.763782131375365,-3.376378213137532,-7.078707616600241,-0.727278235569162,463.7939987436564,32.43246145122563,1430.030216612281,53.08990208069372,-49.550629281155125
4392,-30.224509331836998,-3.0224509331836957,3.5392727995383666,0.3662947770003422,460.25472594411804,32.18496508657378,1430.030216612281,53.08990208069372,-49.550629281155125
4393,-37.303054930913845,-3.7303054930913793,-7.078545599076847,-0.729915910145329,467.3332715431949,32.679957815877486,1430.030216612281,53.08990208069372,-53.089902080693605
4394,-16.067094098636403,-1.606709409863638,21.235960832277442,2.2058822291945113,446.09731071091744,31.194956968651677,1430.030216612281,53.08990208069372,-53.089902080693605
4395,-16.067094098636403,-1.606709409863638,0.0,0.0,446.09731071091744,31.194956968651677,1430.030216612281,53.08990208069372,-53.089902080693605
4396,-1.9098408829592017,-0.19098408829592017,14.157253215677201,1.4388433531154154,431.94005749524024,30.204960180386912,1430.030216612281,53.08990208069372,-53.089902080693605
4397,15.78684714977976,1.5786847149779737,17.69668803273896,1.7730550563081815,414.2433694625013,28.967455697812966,1430.030216612281,53.08990208069372,-53.089902080693605
4398,-1.9098408829592017,-0.19098408829592017,-17.69668803273896,-1.7421655027720195,431.94005749524024,30.204960180386912,1430.030216612281,53.08990208069372,-53.089902080693605
4399,-12.527821299097923,-1.2527821299097908,-10.617980416138721,-1.0638297872340385,442.55803791137896,30.947460603999822,1430.030216612281,53.08990208069372,-53.089902080693605
4400,-30.224509331836998,-3.0224509331836957,-17.696688032739075,-1.792120164440525,460.25472594411804,32.18496508657378,1430.030216612281,53.08990208069372,-53.089902080693605
4401,-37.303054930913845,-3.7303054930913793,-7.078545599076847,-0.729915910145329,467.3332715431949,32.679957815877486,1430.030216612281,53.08990208069372,-53.089902080693605
4402,-30.224509331836998,-3.0224509331836957,7.078545599076847,0.7352828567009695,460.25472594411804,32.18496508657378,1430.030216612281,53.08990208069372,-53.089902080693605
4403,-19.606528915698277,-1.9606528915698251,10.617980416138721,1.094890571922269,449.6367455279793,31.442464662960873,1430.030216612281,53.08990208069372,-53.089902080693605
4404,-23.145801715236644,-2.3145801715236614,-3.5392727995383666,-0.3610053416230885,453.1760183275177,31.689961027612725,1430.030216612281,53.08990208069372,-53.089902080693605
4405,-30.224509331836998,-3.0224509331836957,-7.078707616600354,-0.7246432097061883,460.25472594411804,32.18496508657378,1430.030216612281,53.08990208069372,-53.089902080693605
4406,-19.606528915698277,-1.9606528915698251,10.617980416138721,1.094890571922269,449.6367455279793,31.442464662960873,1430.030216612281,53.08990208069372,-53.089902080693605
4407,-1.9098408829592017,-0.19098408829592017,17.696688032739075,1.8050597596459772,431.94005749524024,30.204960180386912,1430.030216612281,53.08990208069372,-53.089902080693605
4408,-5.449113682497682,-0.5449113682497675,-3.5392727995384803,-0.3546045181599067,435.4793302947787,30.452456545038775,1430.030216612281,53.08990208069372,-53.089902080693605
4409,-12.527821299097923,-1.2527821299097908,-7.078707616600241,-0.7117491637668172,442.55803791137896,30.947460603999822,1430.030216612281,53.08990208069372,-53.089902080693605
4410,-19.606528915698277,-1.9606528915698251,-7.078707616600354,-0.7168513472362248,449.6367455279793,31.442464662960873,1430.030216612281,53.08990208069372,-53.089902080693605
4411,-19.606528915698277,-1.9606528915698251,0.0,0.0,449.6367455279793,31.442464662960873,1430.030216612281,53.08990208069372,-53.089902080693605
4412,-65.61772337979164,-6.561772337979166,-46.011194464093364,-4.69313554416122,495.6479399920727,34.65996272206435,1430.030216612281,53.08990208069372,-81.4045705295714
4413,-97.4716646282078,-9.747166462820777,-31.853941248416163,-3.409090909090906,527.5018812404888,36.887463992903065,1430.030216612281,53.08990208069372,-113.25851177798756
4414,-93.93239182866932,-9.39323918286693,3.5392727995384803,0.39215087890625,523.9626084409504,36.639967628251206,1430.030216612281,53.08990208069372,-113.25851177798756
4415,-108.08964504434653,-10.808964504434648,-14.157253215677201,-1.5624941326674358,538.1198616566276,37.62996441651597,1430.030216612281,53.08990208069372,-123.87649219412629
4416,-104.55037224480816,-10.455037224480812,3.5392727995383666,0.39681934175035405,534.5805888570892,37.382468051864116,1430.030216612281,53.08990208069372,-123.87649219412629
4417,-79.77497659546873,-7.977497659546873,24.77539564933943,2.766810648126472,509.80519320774977,35.649959510329104,1430.030216612281,53.08990208069372,-123.87649219412629
4418,-83.3144114125306,-8.331441141253059,-3.539434817061874,-0.38462709957257646,513.3446280248116,35.8974672046383,1430.030216612281,53.08990208069372,-123.87649219412629
4419,-79.77497659546873,-7.977497659546873,3.539434817061874,0.38611219169659705,509.80519320774977,35.649959510329104,1430.030216612281,53.08990208069372,-123.87649219412629
4420,-86.85368421206908,-8.685368421206906,-7.078707616600354,-0.769236592851108,516.8839008243501,36.144963569290155,1430.030216612281,53.08990208069372,-123.87649219412629
4421,-97.4716646282078,-9.747166462820777,-10.617980416138721,-1.1627906976744207,527.5018812404888,36.887463992903065,1430.030216612281,53.08990208069372,-123.87649219412629
4422,-83.3144114125306,-8.331441141253059,14.157253215677201,1.56862146714154,513.3446280248116,35.8974672046383,1430.030216612281,53.08990208069372,-123.87649219412629
4423,-104.55037224480816,-10.455037224480812,-21.235960832277556,-2.3166024530832052,534.5805888570892,37.382468051864116,1430.030216612281,53.08990208069372,-123.87649219412629
4424,-115.16835266094688,-11.516835266094683,-10.617980416138721,-1.1857708225036623,545.1985692732279,38.124968475477026,1430.030216612281,53.08990208069372,-130.95519981072664
4425,-147.02229390936304,-14.702229390936306,-31.853941248416163,-3.6000002197265735,577.0525105216441,40.352469746315734,1430.030216612281,53.08990208069372,-162.8091410591428
4426,-154.1008395084399,-15.410083950843989,-7.078545599076847,-0.8298629083190456,584.1310561207209,40.847462475619444,1430.030216612281,53.08990208069372,-169.88768665821965
4427,-143.48285909230117,-14.348285909230118,10.617980416138721,1.2552300453837262,573.5130757045822,40.104962052006535,1430.030216612281,53.08990208069372,-169.88768665821965
4428,-140.80364270646987,-14.080364270646983,2.679216385831296,0.3128035923474881,570.8338593187509,39.91760822166732,1430.030216612281,53.08990208069372,-169.88768665821965
4429,-141.661980725744,-14.1661980725744,-0.8583380192741288,-0.09990009990008542,571.692197338025,39.977630591076235,1430.030216612281,0.0,0.0
4430,-142.52031874501824,-14.252031874501824,-0.8583380192742425,-0.10000000000000009,572.5505353572993,40.03765296048516,1430.030216612281,0.0,-0.8583380192742425
4431,-142.52031874501824,-14.252031874501824,0.0,0.0,572.5505353572993,40.03765296048516,1430.030216612281,0.0,0.0
4432,-142.52031874501824,-14.252031874501824,0.0,0.0,572.5505353572993,40.03765296048516,1430.030216612281,0.0,0.0
4433,-142.52031874501824,-14.252031874501824,0.0,0.0,572.5505353572993,40.03765296048516,1430.030216612281,0.0,0.0
4434,-142.52031874501824,-14.252031874501824,0.0,0.0,572.5505353572993,40.03765296048516,1430.030216612281,0.0,0.0
4435,-142.52031874501824,-14.252031874501824,0.0,0.0,572.5505353572993,40.03765296048516,1430.030216612281,0.0,0.0
4436,-142.52031874501824,-14.252031874501824,0.0,0.0,572.5505353572993,40.03765296048516,1430.030216612281,0.0,0.0
4437,-142.52031874501824,-14.252031874501824,0.0,0.0,572.5505353572993,40.03765296048516,1430.030216612281,0.0,0.0
4438,-142.52031874501824,-14.252031874501824,0.0,0.0,572.5505353572993,40.03765296048516,1430.030216612281,0.0,0.0
4439,-142.52031874501824,-14.252031874501824,0.0,0.0,572.5505353572993,40.03765296048516,1430.030216612281,0.0,0.0
4440,-142.52031874501824,-14.252031874501824,0.0,0.0,572.5505353572993,40.03765296048516,1430.030216612281,0.0,0.0
4441,-142.52031874501824,-14.252031874501824,0.0,0.0,572.5505353572993,40.03765296048516,1430.030216612281,0.0,0.0
4442,-142.52031874501824,-14.252031874501824,0.0,0.0,572.5505353572993,40.03765296048516,1430.030216612281,0.0,0.0
4443,-142.52031874501824,-14.252031874501824,0.0,0.0,572.5505353572993,40.03765296048516,1430.030216612281,0.0,0.0
4444,-142.52031874501824,-14.252031874501824,0.0,0.0,572.5505353572993,40.03765296048516,1430.030216612281,0.0,0.0
4445,-142.52031874501824,-14.252031874501824,0.0,0.0,572.5505353572993,40.03765296048516,1430.030216612281,0.0,0.0
4446,-142.52031874501824,-14.252031874501824,0.0,0.0,572.5505353572993,40.03765296048516,1430.030216612281,0.0,0.0
4447,-142.52031874501824,-14.252031874501824,0.0,0.0,572.5505353572993,40.03765296048516,1430.030216612281,0.0,0.0
4448,-142.52031874501824,-14.252031874501824,0.0,0.0,572.5505353572993,40.03765296048516,1430.030216612281,0.0,0.0
4449,-142.52031874501824,-14.252031874501824,0.0,0.0,572.5505353572993,40.03765296048516,1430.030216612281,0.0,0.0
4450,-142.52031874501824,-14.252031874501824,0.0,0.0,572.5505353572993,40.03765296048516,1430.030216612281,0.0,0.0
4451,-142.52031874501824,-14.252031874501824,0.0,0.0,572.5505353572993,40.03765296048516,1430.030216612281,0.0,0.0
4452,-142.52031874501824,-14.252031874501824,0.0,0.0,572.5505353572993,40.03765296048516,1430.030216612281,0.0,0.0
4453,-142.52031874501824,-14.252031874501824,0.0,0.0,572.5505353572993,40.03765296048516,1430.030216612281,0.0,0.0
4454,-142.52031874501824,-14.252031874501824,0.0,0.0,572.5505353572993,40.03765296048516,1430.030216612281,0.0,0.0
4455,-142.52031874501824,-14.252031874501824,0.0,0.0,572.5505353572993,40.03765296048516,1430.030216612281,0.0,0.0
4456,-142.52031874501824,-14.252031874501824,0.0,0.0,572.5505353572993,40.03765296048516,1430.030216612281,0.0,0.0
4457,-142.52031874501824,-14.252031874501824,0.0,0.0,572.5505353572993,40.03765296048516,1430.030216612281,0.0,0.0
4458,-142.52031874501824,-14.252031874501824,0.0,0.0,572.5505353572993,40.03765296048516,1430.030216612281,0.0,0.0
4459,-142.52031874501824,-14.252031874501824,0.0,0.0,572.5505353572993,40.03765296048516,1430.030216612281,0.0,0.0
4460,-142.52031874501824,-14.252031874501824,0.0,0.0,572.5505353572993,40.03765296048516,1430.030216612281,0.0,0.0
4461,-142.52031874501824,-14.252031874501824,0.0,0.0,572.5505353572993,40.03765296048516,1430.030216612281,0.0,0.0
4462,-142.52031874501824,-14.252031874501824,0.0,0.0,572.5505353572993,40.03765296048516,1430.030216612281,0.0,0.0
4463,-142.52031874501824,-14.252031874501824,0.0,0.0,572.5505353572993,40.03765296048516,1430.030216612281,0.0,0.0
4464,-142.52031874501824,-14.252031874501824,0.0,0.0,572.5505353572993,40.03765296048516,1430.030216612281,0.0,0.0
4465,-142.52031874501824,-14.252031874501824,0.0,0.0,572.5505353572993,40.03765296048516,1430.030216612281,0.0,0.0
4466,-142.52031874501824,-14.252031874501824,0.0,0.0,572.5505353572993,40.03765296048516,1430.030216612281,0.0,0.0
4467,-142.52031874501824,-14.252031874501824,0.0,0.0,572.5505353572993,40.03765296048516,1430.030216612281,0.0,0.0
4468,-142.52031874501824,-14.252031874501824,0.0,0.0,572.5505353572993,40.03765296048516,1430.030216612281,0.0,0.0
4469,-142.52031874501824,-14.252031874501824,0.0,0.0,572.5505353572993,40.03765296048516,1430.030216612281,0.0,0.0
4470,-142.52031874501824,-14.252031874501824,0.0,0.0,572.5505353572993,40.03765296048516,1430.030216612281,0.0,0.0
4471,-142.52031874501824,-14.252031874501824,0.0,0.0,572.5505353572993,40.03765296048516,1430.030216612281,0.0,0.0
4472,-142.52031874501824,-14.252031874501824,0.0,0.0,572.5505353572993,40.03765296048516,1430.030216612281,0.0,0.0
4473,-142.52031874501824,-14.252031874501824,0.0,0.0,572.5505353572993,40.03765296048516,1430.030216612281,0.0,0.0
4474,-142.52031874501824,-14.252031874501824,0.0,0.0,572.5505353572993,40.03765296048516,1430.030216612281,0.0,0.0
4475,-142.52031874501824,-14.252031874501824,0.0,0.0,572.5505353572993,40.03765296048516,1430.030216612281,0.0,0.0
4476,-142.52031874501824,-14.252031874501824,0.0,0.0,572.5505353572993,40.03765296048516,1430.030216612281,0.0,0.0
4477,-142.52031874501824,-14.252031874501824,0.0,0.0,572.5505353572993,40.03765296048516,1430.030216612281,0.0,0.0
4478,-142.52031874501824,-14.252031874501824,0.0,0.0,572.5505353572993,40.03765296048516,1430.030216612281,0.0,0.0
4479,-142.52031874501824,-14.252031874501824,0.0,0.0,572.5505353572993,40.03765296048516,1430.030216612281,0.0,0.0
4480,-142.52031874501824,-14.252031874501824,0.0,0.0,572.5505353572993,40.03765296048516,1430.030216612281,0.0,0.0
4481,-142.52031874501824,-14.252031874501824,0.0,0.0,572.5505353572993,40.03765296048516,1430.030216612281,0.0,0.0
4482,-142.52031874501824,-14.252031874501824,0.0,0.0,572.5505353572993,40.03765296048516,1430.030216612281,0.0,0.0
4483,-142.52031874501824,-14.252031874501824,0.0,0.0,572.5505353572993,40.03765296048516,1430.030216612281,0.0,0.0
4484,-142.52031874501824,-14.252031874501824,0.0,0.0,572.5505353572993,40.03765296048516,1430.030216612281,0.0,0.0
4485,-142.52031874501824,-14.252031874501824,0.0,0.0,572.5505353572993,40.03765296048516,1430.030216612281,0.0,0.0
4486,-142.52031874501824,-14.252031874501824,0.0,0.0,572.5505353572993,40.03765296048516,1430.030216612281,0.0,0.0
4487,-142.52031874501824,-14.252031874501824,0.0,0.0,572.5505353572993,40.03765296048516,1430.030216612281,0.0,0.0
4488,-142.52031874501824,-14.252031874501824,0.0,0.0,572.5505353572993,40.03765296048516,1430.030216612281,0.0,0.0
4489,-142.52031874501824,-14.252031874501824,0.0,0.0,572.5505353572993,40.03765296048516,1430.030216612281,0.0,0.0
4490,-142.52031874501824,-14.252031874501824,0.0,0.0,572.5505353572993,40.03765296048516,1430.030216612281,0.0,0.0
4491,-142.52031874501824,-14.252031874501824,0.0,0.0,572.5505353572993,40.03765296048516,1430.030216612281,0.0,0.0
4492,-142.52031874501824,-14.252031874501824,0.0,0.0,572.5505353572993,40.03765296048516,1430.030216612281,0.0,0.0
4493,-142.52031874501824,-14.252031874501824,0.0,0.0,572.5505353572993,40.03765296048516,1430.030216612281,0.0,0.0
4494,-142.52031874501824,-14.252031874501824,0.0,0.0,572.5505353572993,40.03765296048516,1430.030216612281,0.0,0.0
4495,-142.52031874501824,-14.252031874501824,0.0,0.0,572.5505353572993,40.03765296048516,1430.030216612281,0.0,0.0
4496,-142.52031874501824,-14.252031874501824,0.0,0.0,572.5505353572993,40.03765296048516,1430.030216612281,0.0,0.0
4497,-142.52031874501824,-14.252031874501824,0.0,0.0,572.5505353572993,40.03765296048516,1430.030216612281,0.0,0.0
4498,-142.52031874501824,-14.252031874501824,0.0,0.0,572.5505353572993,40.03765296048516,1430.030216612281,0.0,0.0
4499,-142.52031874501824,-14.252031874501824,0.0,0.0,572.5505353572993,40.03765296048516,1430.030216612281,0.0,0.0
4500,-142.52031874501824,-14.252031874501824,0.0,0.0,572.5505353572993,40.03765296048516,1430.030216612281,0.0,0.0
4501,-142.52031874501824,-14.252031874501824,0.0,0.0,572.5505353572993,40.03765296048516,1430.030216612281,0.0,0.0
4502,-142.52031874501824,-14.252031874501824,0.0,0.0,572.5505353572993,40.03765296048516,1430.030216612281,0.0,0.0
4503,-142.52031874501824,-14.252031874501824,0.0,0.0,572.5505353572993,40.03765296048516,1430.030216612281,0.0,0.0
4504,-142.52031874501824,-14.252031874501824,0.0,0.0,572.5505353572993,40.03765296048516,1430.030216612281,0.0,0.0
4505,-142.52031874501824,-14.252031874501824,0.0,0.0,572.5505353572993,40.03765296048516,1430.030216612281,0.0,0.0
4506,-142.52031874501824,-14.252031874501824,0.0,0.0,572.5505353572993,40.03765296048516,1430.030216612281,0.0,0.0
4507,-142.52031874501824,-14.252031874501824,0.0,0.0,572.5505353572993,40.03765296048516,1430.030216612281,0.0,0.0
4508,-142.52031874501824,-14.252031874501824,0.0,0.0,572.5505353572993,40.03765296048516,1430.030216612281,0.0,0.0
4509,-142.52031874501824,-14.252031874501824,0.0,0.0,572.5505353572993,40.03765296048516,1430.030216612281,0.0,0.0
4510,-142.52031874501824,-14.252031874501824,0.0,0.0,572.5505353572993,40.03765296048516,1430.030216612281,0.0,0.0
4511,-142.52031874501824,-14.252031874501824,0.0,0.0,572.5505353572993,40.03765296048516,1430.030216612281,0.0,0.0
4512,-142.52031874501824,-14.252031874501824,0.0,0.0,572.5505353572993,40.03765296048516,1430.030216612281,0.0,0.0
4513,-142.52031874501824,-14.252031874501824,0.0,0.0,572.5505353572993,40.03765296048516,1430.030216612281,0.0,0.0
4514,-142.52031874501824,-14.252031874501824,0.0,0.0,572.5505353572993,40.03765296048516,1430.030216612281,0.0,0.0
4515,-142.52031874501824,-14.252031874501824,0.0,0.0,572.5505353572993,40.03765296048516,1430.030216612281,0.0,0.0
4516,-142.52031874501824,-14.252031874501824,0.0,0.0,572.5505353572993,40.03765296048516,1430.030216612281,0.0,0.0
4517,-142.52031874501824,-14.252031874501824,0.0,0.0,572.5505353572993,40.03765296048516,1430.030216612281,0.0,0.0
4518,-142.52031874501824,-14.252031874501824,0.0,0.0,572.5505353572993,40.03765296048516,1430.030216612281,0.0,0.0
4519,-142.52031874501824,-14.252031874501824,0.0,0.0,572.5505353572993,40.03765296048516,1430.030216612281,0.0,0.0
4520,-142.52031874501824,-14.252031874501824,0.0,0.0,572.5505353572993,40.03765296048516,1430.030216612281,0.0,0.0
4521,-142.52031874501824,-14.252031874501824,0.0,0.0,572.5505353572993,40.03765296048516,1430.030216612281,0.0,0.0
4522,-142.52031874501824,-14.252031874501824,0.0,0.0,572.5505353572993,40.03765296048516,1430.030216612281,0.0,0.0
4523,-143.376941803215,-14.337694180321503,-0.8566230581967602,-0.09990009990009652,573.407158415496,40.09755540508008,1430.030216612281,0.0,0.0
4524,-165.82121556589243,-16.582121556589247,-22.444273762677426,-2.6200875108269073,595.8514321781735,41.66705187459158,1430.030216612281,0.0,-22.444273762677426
4525,-147.11759701825474,-14.711759701825478,18.70361854763769,2.2421594622939134,577.1478136305358,40.35913415856273,1430.030216612281,0.0,-22.444273762677426
4526,-120.93266804053746,-12.093266804053748,26.184928977717277,3.070168746145141,550.9628846528185,38.52805893556857,1430.030216612281,22.44427376267754,-22.444273762677426
4527,-120.93266804053746,-12.093266804053748,0.0,0.0,550.9628846528185,38.52805893556857,1430.030216612281,22.44427376267754,-22.444273762677426
4528,-120.93266804053746,-12.093266804053748,0.0,0.0,550.9628846528185,38.52805893556857,1430.030216612281,22.44427376267754,-22.444273762677426
4529,-154.59907868455366,-15.45990786845537,-33.666410644016196,-3.8297874827145417,584.6292952968347,40.882303639835825,1430.030216612281,22.44427376267754,-22.444273762677426
4530,-135.89546013691597,-13.5895460136916,18.70361854763769,2.212396281581386,565.925676749197,39.57438592380698,1430.030216612281,22.44427376267754,-22.444273762677426
4531,-109.7105311591987,-10.97105311591987,26.184928977717277,3.030296424766643,539.7407477714797,37.74331070081281,1430.030216612281,33.66641064401631,-22.444273762677426
4532,-113.45118637423843,-11.345118637423845,-3.7406552150397374,-0.4201616829086263,543.4814029865195,38.00488945429547,1430.030216612281,33.66641064401631,-22.444273762677426
4533,-132.15480492187623,-13.215480492187625,-18.703618547637802,-2.109711079657839,562.1850215341573,39.31280717032432,1430.030216612281,33.66641064401631,-22.444273762677426
4534,-135.89546013691597,-13.5895460136916,-3.7406552150397374,-0.4310279340433487,565.925676749197,39.57438592380698,1430.030216612281,33.66641064401631,-22.444273762677426
4535,-117.19184158927817,-11.71918415892782,18.703618547637802,2.1645087700385535,547.2220582015592,38.266468207778125,1430.030216612281,33.66641064401631,-22.444273762677426
4536,-87.26625739652115,-8.726625739652116,29.925584192757015,3.3898173581257574,517.2964740088022,36.17381423130131,1430.030216612281,56.11068440669385,-22.444273762677426
4537,-105.9697047079394,-10.596970470793943,-18.703447311418245,-2.0491679488115144,535.9999213202204,37.48171997302237,1430.030216612281,56.11068440669385,-22.444273762677426
4538,-105.9697047079394,-10.596970470793943,0.0,0.0,535.9999213202204,37.48171997302237,1430.030216612281,56.11068440669385,-22.444273762677426
4539,-98.48839427785992,-9.848839427785993,7.481310430079475,0.836807261395478,528.518610890141,36.95856246605706,1430.030216612281,56.11068440669385,-22.444273762677426
4540,-61.081157182584434,-6.1081157182584445,37.40723709527549,4.149390518972984,491.1113737948655,34.34272703399936,1430.030216612281,82.29578462063057,-22.444273762677426
4541,-49.859020301245664,-4.985902030124567,11.22213688133877,1.1952190508462301,479.8892369135267,33.55797879924361,1430.030216612281,93.51792150196934,-22.444273762677426
4542,-34.89622820486716,-3.4896228204867152,14.962792096378507,1.5747970476047257,464.9264448171482,32.511651811005194,1430.030216612281,108.48071359834785,-22.444273762677426
4543,-23.674091323528387,-2.367409132352838,11.22213688133877,1.1627906976744207,453.7043079358094,31.726903576249445,1430.030216612281,119.70285047968662,-22.444273762677426
4544,-31.15557298982742,-3.1155572989827407,-7.481481666299032,-0.7662893711835483,461.18578960210846,32.250073057522535,1430.030216612281,119.70285047968662,-22.444273762677426
4545,-5.9655023031148176,-0.5965502303114767,25.190070686712602,2.6000119301349933,435.99571891539586,30.48856687436038,1430.030216612281,137.4114395001002,-22.444273762677426
4546,-6.958543759355393,-0.695854375935534,-0.9930414562405758,-0.09990009990009652,436.98876037163643,30.55800886549488,1430.030216612281,0.0,0.0
4547,4.326018243379167,0.43260182433790817,11.28456200273456,1.1363636363636243,425.70419836890187,29.768895329875505,1430.030216612281,11.28456200273456,0.0
4548,26.895142248848288,2.689514224884837,22.56912400546912,2.2471910112359383,403.13507436343275,28.19066825863675,1430.030216612281,33.85368600820368,0.0
4549,15.610580246113841,1.5610580246113948,-11.284562002734447,-1.098901098901084,414.4196363661672,28.97978179425612,1430.030216612281,33.85368600820368,0.0
4550,0.5645549720513827,0.05645549720514342,-15.046025274062458,-1.4814758300781383,429.46566164022965,30.031929161442967,1430.030216612281,33.85368600820368,0.0
4551,-37.050766496231404,-3.70507664962314,-37.61532146828279,-3.7594097533600435,467.08098310851244,32.66231564078554,1430.030216612281,33.85368600820368,-30.09222273687601
4552,-55.85825504162153,-5.585825504162156,-18.80748854539013,-1.9531131954856562,485.88847165390257,33.977496839539846,1430.030216612281,33.85368600820368,-48.89971128226614
4553,-85.95047777849754,-8.595047777849752,-30.09222273687601,-3.1872568814550806,515.9806943907786,36.08180361483051,1430.030216612281,33.85368600820368,-78.99193401914215
4554,-74.66591577576298,-7.466591577576298,11.28456200273456,1.2345679012345734,504.696132388044,35.292690079211134,1430.030216612281,33.85368600820368,-78.99193401914215
4555,-59.61989050170064,-5.961989050170069,15.046025274062345,1.6260100574028158,489.6501071139817,34.24054271202429,1430.030216612281,33.85368600820368,-78.99193401914215
4556,-67.1428170443562,-6.714281704435621,-7.5229265426555685,-0.7999878417961348,497.17303365663724,34.766610375159225,1430.030216612281,33.85368600820368,-78.99193401914215
4557,-89.71194104982533,-8.971194104982526,-22.56912400546912,-2.419354689853126,519.7421576621064,36.34483744639797,1430.030216612281,33.85368600820368,-82.75339729046993
4558,-55.85825504162153,-5.585825504162156,33.853686008203795,3.7190080299687622,485.88847165390257,33.977496839539846,1430.030216612281,33.85368600820368,-82.75339729046993
4559,-63.38135377302842,-6.338135377302844,-7.52309873140689,-0.7968187797626203,493.41157038530946,34.50357654359176,1430.030216612281,33.85368600820368,-82.75339729046993
4560,-52.09679177029375,-5.209679177029369,11.284562002734674,1.2048192771084487,482.1270083825748,33.71446300797238,1430.030216612281,33.85368600820368,-82.75339729046993
4561,-59.61989050170064,-5.961989050170069,-7.52309873140689,-0.7936568487258211,489.6501071139817,34.24054271202429,1430.030216612281,33.85368600820368,-82.75339729046993
4562,-67.1428170443562,-6.714281704435621,-7.5229265426555685,-0.7999878417961348,497.17303365663724,34.766610375159225,1430.030216612281,33.85368600820368,-82.75339729046993
4563,-85.95047777849754,-8.595047777849752,-18.807660734141336,-2.0161350609480877,515.9806943907786,36.08180361483051,1430.030216612281,33.85368600820368,-82.75339729046993
4564,-89.71194104982533,-8.971194104982526,-3.7614632713277842,-0.41151635440779266,519.7421576621064,36.34483744639797,1430.030216612281,33.85368600820368,-82.75339729046993
4565,-85.95047777849754,-8.595047777849752,3.7614632713277842,0.4132168091566246,515.9806943907786,36.08180361483051,1430.030216612281,33.85368600820368,-82.75339729046993
4566,-78.42737904709077,-7.8427379047090735,7.523098731406776,0.8230515468267807,508.4575956593718,35.555723910778596,1430.030216612281,33.85368600820368,-82.75339729046993
4567,-74.66591577576298,-7.466591577576298,3.7614632713277842,0.40815701180862973,504.696132388044,35.292690079211134,1430.030216612281,33.85368600820368,-82.75339729046993
4568,-82.18901450716976,-8.218901450716976,-7.523098731406776,-0.8130143328410777,512.2192311194508,35.81876978326304,1430.030216612281,33.85368600820368,-82.75339729046993
4569,-74.66591577576298,-7.466591577576298,7.523098731406776,0.8196784360090303,504.696132388044,35.292690079211134,1430.030216612281,33.85368600820368,-82.75339729046993
4570,-74.66591577576298,-7.466591577576298,0.0,0.0,504.696132388044,35.292690079211134,1430.030216612281,33.85368600820368,-82.75339729046993
4571,-55.85825504162153,-5.585825504162156,18.80766073414145,2.032526527963041,485.88847165390257,33.977496839539846,1430.030216612281,33.85368600820368,-82.75339729046993
4572,-33.28913103615241,-3.3289131036152386,22.56912400546912,2.3904381016924603,463.31934764843345,32.399269768301096,1430.030216612281,33.85368600820368,-82.75339729046993
4573,-40.81222976755919,-4.081222976755916,-7.523098731406776,-0.7782160077987155,470.8424463798402,32.925349472353005,1430.030216612281,33.85368600820368,-82.75339729046993
4574,-45.52911934584813,-4.552911934584813,-4.716889578288942,-0.4917587280273472,475.55933595812917,33.25519492061655,1430.030216612281,33.85368600820368,-82.75339729046993
4575,-45.52911934584813,-4.552911934584813,0.0,0.0,475.55933595812917,33.25519492061655,1430.030216612281,0.0,0.0
4576,-45.52911934584813,-4.552911934584813,0.0,0.0,475.55933595812917,33.25519492061655,1430.030216612281,0.0,0.0
4577,-45.52911934584813,-4.552911934584813,0.0,0.0,475.55933595812917,33.25519492061655,1430.030216612281,0.0,0.0
4578,-45.52911934584813,-4.552911934584813,0.0,0.0,475.55933595812917,33.25519492061655,1430.030216612281,0.0,0.0
4579,-45.52911934584813,-4.552911934584813,0.0,0.0,475.55933595812917,33.25519492061655,1430.030216612281,0.0,0.0
4580,-45.52911934584813,-4.552911934584813,0.0,0.0,475.55933595812917,33.25519492061655,1430.030216612281,0.0,0.0
4581,-45.52911934584813,-4.552911934584813,0.0,0.0,475.55933595812917,33.25519492061655,1430.030216612281,0.0,0.0
4582,-45.52911934584813,-4.552911934584813,0.0,0.0,475.55933595812917,33.25519492061655,1430.030216612281,0.0,0.0
4583,-45.52911934584813,-4.552911934584813,0.0,0.0,475.55933595812917,33.25519492061655,1430.030216612281,0.0,0.0
4584,-45.52911934584813,-4.552911934584813,0.0,0.0,475.55933595812917,33.25519492061655,1430.030216612281,0.0,0.0
4585,-45.52911934584813,-4.552911934584813,0.0,0.0,475.55933595812917,33.25519492061655,1430.030216612281,0.0,0.0
4586,-45.52911934584813,-4.552911934584813,0.0,0.0,475.55933595812917,33.25519492061655,1430.030216612281,0.0,0.0
4587,-45.52911934584813,-4.552911934584813,0.0,0.0,475.55933595812917,33.25519492061655,1430.030216612281,0.0,0.0
4588,-45.52911934584813,-4.552911934584813,0.0,0.0,475.55933595812917,33.25519492061655,1430.030216612281,0.0,0.0
4589,-45.52911934584813,-4.552911934584813,0.0,0.0,475.55933595812917,33.25519492061655,1430.030216612281,0.0,0.0
4590,-45.52911934584813,-4.552911934584813,0.0,0.0,475.55933595812917,33.25519492061655,1430.030216612281,0.0,0.0
4591,-45.52911934584813,-4.552911934584813,0.0,0.0,475.55933595812917,33.25519492061655,1430.030216612281,0.0,0.0
4592,-45.52911934584813,-4.552911934584813,0.0,0.0,475.55933595812917,33.25519492061655,1430.030216612281,0.0,0.0
4593,-45.52911934584813,-4.552911934584813,0.0,0.0,475.55933595812917,33.25519492061655,1430.030216612281,0.0,0.0
4594,-45.52911934584813,-4.552911934584813,0.0,0.0,475.55933595812917,33.25519492061655,1430.030216612281,0.0,0.0
4595,-45.52911934584813,-4.552911934584813,0.0,0.0,475.55933595812917,33.25519492061655,1430.030216612281,0.0,0.0
4596,-46.482636709139,-4.648263670913899,-0.9535173632908709,-0.09990009990009652,476.51285332142004,33.321873047568985,1430.030216612281,0.0,0.0
4597,-22.841711837183198,-2.28417118371832,23.640924871955804,2.479338686645849,452.87192844946424,31.668696450506527,1430.030216612281,23.640924871955804,0.0
4598,-22.841711837183198,-2.28417118371832,0.0,0.0,452.87192844946424,31.668696450506527,1430.030216612281,23.640924871955804,0.0
4599,-34.6621742731611,-3.4662174273161095,-11.820462435977902,-1.209677344926574,464.69239088544214,32.49528474903776,1430.030216612281,23.640924871955804,0.0
4600,-22.841711837183198,-2.28417118371832,11.820462435977902,1.2244897196562077,452.87192844946424,31.668696450506527,1430.030216612281,23.640924871955804,0.0
4601,-38.60244866244898,-3.8602448662448996,-15.76073682526578,-1.6129154320430494,468.63266527473,32.77082259037249,1430.030216612281,23.640924871955804,0.0
4602,-42.54254268579393,-4.254254268579394,-3.9400940233449546,-0.4098298376008169,472.57275929807497,33.04634781897073,1430.030216612281,23.640924871955804,0.0
4603,-30.722080249816145,-3.0722080249816153,11.820462435977788,1.2345679012345512,460.7522968620972,32.21975952043951,1430.030216612281,23.640924871955804,0.0
4604,-7.081155377860455,-0.7081155377860471,23.64092487195569,2.4390243902439046,437.1113719901415,30.566582923377062,1430.030216612281,39.401481331278546,0.0
4605,-14.961523790493288,-1.4961523790493314,-7.8803684126328335,-0.79365684872581,444.9917404027743,31.117645993310038,1430.030216612281,39.401481331278546,0.0
4606,-18.901617813838243,-1.8901617813838256,-3.9400940233449546,-0.3999939208980674,448.9318344261193,31.393171221908283,1430.030216612281,39.401481331278546,0.0
4607,-26.78198622647119,-2.678198622647121,-7.880368412632947,-0.8032189794333622,456.8122028387522,31.944234291841266,1430.030216612281,39.401481331278546,0.0
4608,-46.482636709139,-4.648263670913899,-19.70065048266781,-2.024279267733753,476.51285332142004,33.321873047568985,1430.030216612281,39.401481331278546,0.0
4609,-42.54254268579393,-4.254254268579394,3.9400940233450683,0.4132168091566468,472.57275929807497,33.04634781897073,1430.030216612281,39.401481331278546,0.0
4610,-34.6621742731611,-3.4662174273161095,7.8803684126328335,0.8230515468267807,464.69239088544214,32.49528474903776,1430.030216612281,39.401481331278546,0.0
4611,-50.42291109842688,-5.042291109842689,-15.76073682526578,-1.632665415695167,480.4531277107079,33.59741088890372,1430.030216612281,39.401481331278546,-3.940274389287879
4612,-30.722080249816145,-3.0722080249816153,19.700830848610735,2.074695259486492,460.7522968620972,32.21975952043951,1430.030216612281,39.401481331278546,-3.940274389287879
4613,-54.363005121771835,-5.4363005121771835,-23.64092487195569,-2.4390243902439046,484.3932217340529,33.872936117501965,1430.030216612281,39.401481331278546,-7.8803684126328335
4614,-78.00392999372752,-7.800392999372752,-23.64092487195569,-2.500000000000002,508.03414660600856,35.52611271456441,1430.030216612281,39.401481331278546,-31.521293284588523
4615,-66.18346755774974,-6.618346755774973,11.820462435977788,1.2820512820512775,496.2136841700308,34.69952441603319,1430.030216612281,39.401481331278546,-31.521293284588523
4616,-42.54254268579393,-4.254254268579394,23.640924871955804,2.5316455696202667,472.57275929807497,33.04634781897073,1430.030216612281,39.401481331278546,-31.521293284588523
4617,-54.363005121771835,-5.4363005121771835,-11.820462435977902,-1.2345679012345734,484.3932217340529,33.872936117501965,1430.030216612281,39.401481331278546,-31.521293284588523
4618,-46.482636709139,-4.648263670913899,7.8803684126328335,0.8333396911621049,476.51285332142004,33.321873047568985,1430.030216612281,39.401481331278546,-31.521293284588523
4619,-47.43615407242987,-4.743615407242984,-0.9535173632908709,-0.10000000000000009,477.4663706847109,33.38855117452141,1430.030216612281,39.401481331278546,-31.521293284588523
4620,-47.43615407242987,-4.743615407242984,0.0,0.0,477.4663706847109,33.38855117452141,1430.030216612281,0.0,0.0
4621,-47.43615407242987,-4.743615407242984,0.0,0.0,477.4663706847109,33.38855117452141,1430.030216612281,0.0,0.0
4622,-47.43615407242987,-4.743615407242984,0.0,0.0,477.4663706847109,33.38855117452141,1430.030216612281,0.0,0.0
4623,-47.43615407242987,-4.743615407242984,0.0,0.0,477.4663706847109,33.38855117452141,1430.030216612281,0.0,0.0
4624,-47.43615407242987,-4.743615407242984,0.0,0.0,477.4663706847109,33.38855117452141,1430.030216612281,0.0,0.0
4625,-47.43615407242987,-4.743615407242984,0.0,0.0,477.4663706847109,33.38855117452141,1430.030216612281,0.0,0.0
4626,-47.43615407242987,-4.743615407242984,0.0,0.0,477.4663706847109,33.38855117452141,1430.030216612281,0.0,0.0
4627,-47.43615407242987,-4.743615407242984,0.0,0.0,477.4663706847109,33.38855117452141,1430.030216612281,0.0,0.0
4628,-47.43615407242987,-4.743615407242984,0.0,0.0,477.4663706847109,33.38855117452141,1430.030216612281,0.0,0.0
4629,-47.43615407242987,-4.743615407242984,0.0,0.0,477.4663706847109,33.38855117452141,1430.030216612281,0.0,0.0
4630,-47.43615407242987,-4.743615407242984,0.0,0.0,477.4663706847109,33.38855117452141,1430.030216612281,0.0,0.0
4631,-47.43615407242987,-4.743615407242984,0.0,0.0,477.4663706847109,33.38855117452141,1430.030216612281,0.0,0.0
4632,-47.43615407242987,-4.743615407242984,0.0,0.0,477.4663706847109,33.38855117452141,1430.030216612281,0.0,0.0
4633,-47.43615407242987,-4.743615407242984,0.0,0.0,477.4663706847109,33.38855117452141,1430.030216612281,0.0,0.0
4634,-47.43615407242987,-4.743615407242984,0.0,0.0,477.4663706847109,33.38855117452141,1430.030216612281,0.0,0.0
4635,-47.43615407242987,-4.743615407242984,0.0,0.0,477.4663706847109,33.38855117452141,1430.030216612281,0.0,0.0
4636,-47.43615407242987,-4.743615407242984,0.0,0.0,477.4663706847109,33.38855117452141,1430.030216612281,0.0,0.0
4637,-47.43615407242987,-4.743615407242984,0.0,0.0,477.4663706847109,33.38855117452141,1430.030216612281,0.0,0.0
4638,-47.43615407242987,-4.743615407242984,0.0,0.0,477.4663706847109,33.38855117452141,1430.030216612281,0.0,0.0
4639,-47.43615407242987,-4.743615407242984,0.0,0.0,477.4663706847109,33.38855117452141,1430.030216612281,0.0,0.0
4640,-47.43615407242987,-4.743615407242984,0.0,0.0,477.4663706847109,33.38855117452141,1430.030216612281,0.0,0.0
4641,-47.43615407242987,-4.743615407242984,0.0,0.0,477.4663706847109,33.38855117452141,1430.030216612281,0.0,0.0
4642,-48.38776630612358,-4.8387766306123625,-0.9516122336937087,-0.09990009990008542,478.4179829184046,33.45509607844296,1430.030216612281,0.0,0.0
4643,-36.96841880481543,-3.6968418804815384,11.419347501308152,1.2000000732421912,466.99863541709647,32.65655718264534,1430.030216612281,11.419347501308152,0.0
4644,-29.35546238880511,-2.9355462388805154,7.61295641601032,0.7905199128113827,459.38567900108615,32.12419385720139,1430.030216612281,19.032303917318472,0.0
4645,-14.129723802199123,-1.4129723802199123,15.225738586605985,1.56862146714154,444.15994041448016,31.059479391050075,1430.030216612281,34.25804250392446,0.0
4646,1.0961890298216304,0.10961890298215593,15.225912832020754,1.5444134182381886,428.9340275824594,29.994752740162184,1430.030216612281,49.48395533594521,0.0
4647,12.515536531129783,1.25155365311298,11.419347501308152,1.1406843444659254,417.51468008115125,29.196213844364554,1430.030216612281,60.903302837253364,0.0
4648,12.515536531129783,1.25155365311298,0.0,0.0,417.51468008115125,29.196213844364554,1430.030216612281,60.903302837253364,0.0
4649,-7.510250618802502,-0.7510250618802505,-20.025787149932285,-1.977825171803338,437.54046723108354,30.59658894954052,1430.030216612281,60.903302837253364,0.0
4650,-7.510250618802502,-0.7510250618802505,0.0,0.0,437.54046723108354,30.59658894954052,1430.030216612281,0.0,0.0
4651,-7.510250618802502,-0.7510250618802505,0.0,0.0,437.54046723108354,30.59658894954052,1430.030216612281,0.0,0.0
4652,-7.510250618802502,-0.7510250618802505,0.0,0.0,437.54046723108354,30.59658894954052,1430.030216612281,0.0,0.0
4653,-7.510250618802502,-0.7510250618802505,0.0,0.0,437.54046723108354,30.59658894954052,1430.030216612281,0.0,0.0
4654,-7.510250618802502,-0.7510250618802505,0.0,0.0,437.54046723108354,30.59658894954052,1430.030216612281,0.0,0.0
4655,-7.510250618802502,-0.7510250618802505,0.0,0.0,437.54046723108354,30.59658894954052,1430.030216612281,0.0,0.0
4656,-8.501748869932499,-0.8501748869932491,-0.9914982511299968,-0.09990009990009652,438.53196548221354,30.665923026514,1430.030216612281,0.0,0.0
4657,-4.788328937095798,-0.4788328937095798,3.7134199328367004,0.3745261203037309,434.81854554937684,30.406248797976808,1430.030216612281,3.7134199328367004,0.0
4658,-15.92875872507409,-1.5928758725074044,-11.140429787978292,-1.1194030488087092,445.9589753373551,31.185283370712607,1430.030216612281,3.7134199328367004,-7.427009855141591
4659,-19.64217865791079,-1.9642178657910736,-3.7134199328367004,-0.3773527542605293,449.6723952701918,31.4449575992498,1430.030216612281,3.7134199328367004,-11.140429787978292
4660,-27.06918851305238,-2.70691885130524,-7.427009855141591,-0.7575815374201045,457.0994051253334,31.964317943448407,1430.030216612281,3.7134199328367004,-18.567439643119883
4661,-27.06918851305238,-2.70691885130524,0.0,0.0,457.0994051253334,31.964317943448407,1430.030216612281,3.7134199328367004,-18.567439643119883
4662,6.352100850882493,0.6352100850882447,33.421289363934875,3.435114703876674,423.67811576139854,29.627214225241012,1430.030216612281,14.853849720814992,-18.567439643119883
4663,6.352100850882493,0.6352100850882447,0.0,0.0,423.67811576139854,29.627214225241012,1430.030216612281,14.853849720814992,-18.567439643119883
4664,-15.92875872507409,-1.5928758725074044,-22.280859575956583,-2.21402226488302,445.9589753373551,31.185283370712607,1430.030216612281,14.853849720814992,-18.567439643119883
4665,-12.215168802769199,-1.2215168802769183,3.713589922304891,0.377370028362356,442.24538541505024,30.925597255051194,1430.030216612281,14.853849720814992,-18.567439643119883
4666,-4.788328937095798,-0.4788328937095798,7.426839865673401,0.7518681833443175,434.81854554937684,30.406248797976808,1430.030216612281,14.853849720814992,-18.567439643119883
4667,-23.35559859074749,-2.335559859074754,-18.567269653651692,-1.865660360857857,453.3858152030285,31.704631827786994,1430.030216612281,14.853849720814992,-18.567439643119883
4668,-34.49602837872578,-3.4496028378725785,-11.140429787978292,-1.1406843444659254,464.5262449910068,32.48366640052279,1430.030216612281,14.853849720814992,-25.994279508793284
4669,-15.92875872507409,-1.5928758725074044,18.567269653651692,1.9230650726867138,445.9589753373551,31.185283370712607,1430.030216612281,14.853849720814992,-25.994279508793284
4670,-27.06918851305238,-2.70691885130524,-11.140429787978292,-1.1320755368834035,457.0994051253334,31.964317943448407,1430.030216612281,14.853849720814992,-25.994279508793284
4671,-23.35559859074749,-2.335559859074754,3.713589922304891,0.38169105947312154,453.3858152030285,31.704631827786994,1430.030216612281,14.853849720814992,-25.994279508793284
4672,-8.501748869932499,-0.8501748869932491,14.853849720814992,1.5209066574672914,438.53196548221354,30.665923026514,1430.030216612281,14.853849720814992,-25.994279508793284
4673,-8.501748869932499,-0.8501748869932491,0.0,0.0,438.53196548221354,30.665923026514,1430.030216612281,14.853849720814992,-25.994279508793284
4674,-60.490477876987256,-6.049047787698725,-51.98872900705476,-5.2434514077861705,490.5206944892683,34.301421661655795,1430.030216612281,14.853849720814992,-51.98872900705476
4675,-67.91731774266066,-6.791731774266063,-7.426839865673401,-0.790501819384537,497.9475343549417,34.82077011873019,1430.030216612281,14.853849720814992,-59.41556887272816
4676,-4.788328937095798,-0.4788328937095798,63.12898880556486,6.772895796398415,434.81854554937684,30.406248797976808,1430.030216612281,14.853849720814992,-59.41556887272816
4677,-27.06918851305238,-2.70691885130524,-22.280859575956583,-2.2388060976174295,457.0994051253334,31.964317943448407,1430.030216612281,14.853849720814992,-59.41556887272816
4678,-19.64217865791079,-1.9642178657910736,7.427009855141591,0.763364647049336,449.6723952701918,31.4449575992498,1430.030216612281,14.853849720814992,-59.41556887272816
4679,-23.35559859074749,-2.335559859074754,-3.7134199328367004,-0.378782098943542,453.3858152030285,31.704631827786994,1430.030216612281,14.853849720814992,-59.41556887272816
4680,-27.06918851305238,-2.70691885130524,-3.713589922304891,-0.3802397184631712,457.0994051253334,31.964317943448407,1430.030216612281,14.853849720814992,-59.41556887272816
4681,-23.35559859074749,-2.335559859074754,3.713589922304891,0.38169105947312154,453.3858152030285,31.704631827786994,1430.030216612281,14.853849720814992,-59.41556887272816
4682,-41.92303823386737,-4.192303823386734,-18.567439643119883,-1.9011463759304736,471.9532548461484,33.003026744721396,1430.030216612281,14.853849720814992,-59.41556887272816
4683,-64.20389780982396,-6.4203897809823935,-22.280859575956583,-2.3255813953488413,494.234114422105,34.56109589019299,1430.030216612281,14.853849720814992,-59.41556887272816
4684,-86.48475738578054,-8.648475738578053,-22.280859575956583,-2.3809523809523836,516.5149739980616,36.11916503566459,1430.030216612281,14.853849720814992,-77.98300851584804
4685,-108.76561696173712,-10.876561696173715,-22.280859575956583,-2.4390243902439046,538.7958335740182,37.677234181136185,1430.030216612281,14.853849720814992,-100.26386809180462
4686,-97.62518717375883,-9.76251871737588,11.140429787978292,1.2499999999999956,527.6554037860399,36.89819960840038,1430.030216612281,14.853849720814992,-100.26386809180462
4687,-101.33860710659553,-10.133860710659548,-3.7134199328367004,-0.41151635440779266,531.3688237188766,37.157873836937576,1430.030216612281,14.853849720814992,-100.26386809180462
4688,-93.91176724092213,-9.39117672409221,7.426839865673401,0.8264336183132714,523.9419838532032,36.63852537986319,1430.030216612281,14.853849720814992,-100.26386809180462
4689,-105.05219702890042,-10.505219702890045,-11.140429787978292,-1.2295082736098695,535.0824136411815,37.41755995259899,1430.030216612281,14.853849720814992,-100.26386809180462
4690,-86.48475738578054,-8.648475738578053,18.567439643119883,2.074695259486492,516.5149739980616,36.11916503566459,1430.030216612281,14.853849720814992,-100.26386809180462
4691,-79.05774753063895,-7.905774753063898,7.427009855141591,0.8130143328410888,509.08796414292,35.599804691465984,1430.030216612281,14.853849720814992,-100.26386809180462
4692,-82.77133745294384,-8.277133745294385,-3.713589922304891,-0.40323808711648645,512.8015540652249,35.85949080712739,1430.030216612281,14.853849720814992,-100.26386809180462
4693,-71.63090766496555,-7.163090766496549,11.140429787978292,1.2145749738175837,501.6611242772466,35.08045623439159,1430.030216612281,14.853849720814992,-100.26386809180462
4694,-82.77133745294384,-8.277133745294385,-11.140429787978292,-1.2000000732421912,512.8015540652249,35.85949080712739,1430.030216612281,14.853849720814992,-100.26386809180462
4695,-67.91731774266066,-6.791731774266063,14.854019710283183,1.6194456537189872,497.9475343549417,34.82077011873019,1430.030216612281,14.853849720814992,-100.26386809180462
4696,-45.636458166704074,-4.5636458166704035,22.280859575956583,2.3904381016924603,475.6666747789851,33.26270097325859,1430.030216612281,14.853849720814992,-100.26386809180462
4697,-60.490477876987256,-6.049047787698725,-14.854019710283183,-1.5564320155974531,490.5206944892683,34.301421661655795,1430.030216612281,14.853849720814992,-100.26386809180462
4698,-60.490477876987256,-6.049047787698725,0.0,0.0,490.5206944892683,34.301421661655795,1430.030216612281,14.853849720814992,-100.26386809180462
4699,-60.490477876987256,-6.049047787698725,0.0,0.0,490.5206944892683,34.301421661655795,1430.030216612281,14.853849720814992,-100.26386809180462
4700,-64.20389780982396,-6.4203897809823935,-3.7134199328367004,-0.3952509096922685,494.234114422105,34.56109589019299,1430.030216612281,14.853849720814992,-100.26386809180462
4701,-71.63090766496555,-7.163090766496549,-7.427009855141591,-0.7936568487258211,501.6611242772466,35.08045623439159,1430.030216612281,14.853849720814992,-100.26386809180462
4702,-67.91731774266066,-6.791731774266063,3.713589922304891,0.40001223144605635,497.9475343549417,34.82077011873019,1430.030216612281,14.853849720814992,-100.26386809180462
4703,-64.20389780982396,-6.4203897809823935,3.7134199328367004,0.39840027108362097,494.234114422105,34.56109589019299,1430.030216612281,14.853849720814992,-100.26386809180462
4704,-41.92303823386737,-4.192303823386734,22.280859575956583,2.3809523809523725,471.9532548461484,33.003026744721396,1430.030216612281,14.853849720814992,-100.26386809180462
4705,-41.92303823386737,-4.192303823386734,0.0,0.0,471.9532548461484,33.003026744721396,1430.030216612281,14.853849720814992,-100.26386809180462
4706,-49.350048089008965,-4.9350048089009,-7.427009855141591,-0.7751997127089405,479.38026470129,33.52238708892,1430.030216612281,14.853849720814992,-100.26386809180462
4707,-41.92303823386737,-4.192303823386734,7.427009855141591,0.7812560070309615,471.9532548461484,33.003026744721396,1430.030216612281,14.853849720814992,-100.26386809180462
4708,-38.20961830103067,-3.8209618301030646,3.7134199328367004,0.38759098496548017,468.2398349133117,32.7433525161842,1430.030216612281,14.853849720814992,-100.26386809180462
4709,-45.636458166704074,-4.5636458166704035,-7.426839865673401,-0.7721890348450056,475.6666747789851,33.26270097325859,1430.030216612281,14.853849720814992,-100.26386809180462
4710,-53.063468021845665,-5.306346802184569,-7.427009855141591,-0.7782160077987266,483.0936846341267,33.7820613174572,1430.030216612281,14.853849720814992,-100.26386809180462
4711,-56.776887954682365,-5.677688795468239,-3.7134199328367004,-0.39215087890625,486.8071045669634,34.04173554599439,1430.030216612281,14.853849720814992,-100.26386809180462
4712,-67.91731774266066,-6.791731774266063,-11.140429787978292,-1.1811022912512237,497.9475343549417,34.82077011873019,1430.030216612281,14.853849720814992,-100.26386809180462
4713,-64.20389780982396,-6.4203897809823935,3.7134199328367004,0.39840027108362097,494.234114422105,34.56109589019299,1430.030216612281,14.853849720814992,-100.26386809180462
4714,-64.20389780982396,-6.4203897809823935,0.0,0.0,494.234114422105,34.56109589019299,1430.030216612281,14.853849720814992,-100.26386809180462
4715,-79.05774753063895,-7.905774753063898,-14.853849720814992,-1.5872955322265625,509.08796414292,35.599804691465984,1430.030216612281,14.853849720814992,-100.26386809180462
4716,-79.05774753063895,-7.905774753063898,0.0,0.0,509.08796414292,35.599804691465984,1430.030216612281,14.853849720814992,-100.26386809180462
4717,-15.92875872507409,-1.5928758725074044,63.12898880556486,6.854825982442914,445.9589753373551,31.185283370712607,1430.030216612281,14.853849720814992,-100.26386809180462
4718,-49.350048089008965,-4.9350048089009,-33.421289363934875,-3.3962266106502104,479.38026470129,33.52238708892,1430.030216612281,14.853849720814992,-100.26386809180462
4719,-38.20961830103067,-3.8209618301030646,11.140429787978292,1.171875069849193,468.2398349133117,32.7433525161842,1430.030216612281,14.853849720814992,-100.26386809180462
4720,-53.063468021845665,-5.306346802184569,-14.853849720814992,-1.5443957439640998,483.0936846341267,33.7820613174572,1430.030216612281,14.853849720814992,-100.26386809180462
4721,-34.49602837872578,-3.4496028378725785,18.567439643119883,1.9607902975643299,464.5262449910068,32.48366640052279,1430.030216612281,14.853849720814992,-100.26386809180462
4722,-53.063468021845665,-5.306346802184569,-18.567439643119883,-1.9230826789807476,483.0936846341267,33.7820613174572,1430.030216612281,14.853849720814992,-100.26386809180462
4723,-60.490477876987256,-6.049047787698725,-7.427009855141591,-0.7843197093290399,490.5206944892683,34.301421661655795,1430.030216612281,14.853849720814992,-100.26386809180462
4724,-87.3982726283948,-8.739827262839484,-26.90779475140755,-2.864025762144906,517.4284892406758,36.18304587062893,1430.030216612281,14.853849720814992,-100.26386809180462
4725,-87.3982726283948,-8.739827262839484,0.0,0.0,517.4284892406758,36.18304587062893,1430.030216612281,0.0,0.0
4726,-87.3982726283948,-8.739827262839484,0.0,0.0,517.4284892406758,36.18304587062893,1430.030216612281,0.0,0.0
4727,-87.3982726283948,-8.739827262839484,0.0,0.0,517.4284892406758,36.18304587062893,1430.030216612281,0.0,0.0
4728,-87.3982726283948,-8.739827262839484,0.0,0.0,517.4284892406758,36.18304587062893,1430.030216612281,0.0,0.0
4729,-87.3982726283948,-8.739827262839484,0.0,0.0,517.4284892406758,36.18304587062893,1430.030216612281,0.0,0.0
4730,-87.3982726283948,-8.739827262839484,0.0,0.0,517.4284892406758,36.18304587062893,1430.030216612281,0.0,0.0
4731,-87.3982726283948,-8.739827262839484,0.0,0.0,517.4284892406758,36.18304587062893,1430.030216612281,0.0,0.0
4732,-87.3982726283948,-8.739827262839484,0.0,0.0,517.4284892406758,36.18304587062893,1430.030216612281,0.0,0.0
4733,-87.3982726283948,-8.739827262839484,0.0,0.0,517.4284892406758,36.18304587062893,1430.030216612281,0.0,0.0
4734,-87.3982726283948,-8.739827262839484,0.0,0.0,517.4284892406758,36.18304587062893,1430.030216612281,0.0,0.0
4735,-87.3982726283948,-8.739827262839484,0.0,0.0,517.4284892406758,36.18304587062893,1430.030216612281,0.0,0.0
4736,-87.3982726283948,-8.739827262839484,0.0,0.0,517.4284892406758,36.18304587062893,1430.030216612281,0.0,0.0
4737,-87.3982726283948,-8.739827262839484,0.0,0.0,517.4284892406758,36.18304587062893,1430.030216612281,0.0,0.0
4738,-87.3982726283948,-8.739827262839484,0.0,0.0,517.4284892406758,36.18304587062893,1430.030216612281,0.0,0.0
4739,-87.3982726283948,-8.739827262839484,0.0,0.0,517.4284892406758,36.18304587062893,1430.030216612281,0.0,0.0
4740,-87.3982726283948,-8.739827262839484,0.0,0.0,517.4284892406758,36.18304587062893,1430.030216612281,0.0,0.0
4741,-87.3982726283948,-8.739827262839484,0.0,0.0,517.4284892406758,36.18304587062893,1430.030216612281,0.0,0.0
4742,-87.3982726283948,-8.739827262839484,0.0,0.0,517.4284892406758,36.18304587062893,1430.030216612281,0.0,0.0
4743,-87.3982726283948,-8.739827262839484,0.0,0.0,517.4284892406758,36.18304587062893,1430.030216612281,0.0,0.0
4744,-87.3982726283948,-8.739827262839484,0.0,0.0,517.4284892406758,36.18304587062893,1430.030216612281,0.0,0.0
4745,-87.3982726283948,-8.739827262839484,0.0,0.0,517.4284892406758,36.18304587062893,1430.030216612281,0.0,0.0
4746,-87.3982726283948,-8.739827262839484,0.0,0.0,517.4284892406758,36.18304587062893,1430.030216612281,0.0,0.0
4747,-87.3982726283948,-8.739827262839484,0.0,0.0,517.4284892406758,36.18304587062893,1430.030216612281,0.0,0.0
4748,-87.3982726283948,-8.739827262839484,0.0,0.0,517.4284892406758,36.18304587062893,1430.030216612281,0.0,0.0
4749,-87.3982726283948,-8.739827262839484,0.0,0.0,517.4284892406758,36.18304587062893,1430.030216612281,0.0,0.0
4750,-87.3982726283948,-8.739827262839484,0.0,0.0,517.4284892406758,36.18304587062893,1430.030216612281,0.0,0.0
4751,-87.3982726283948,-8.739827262839484,0.0,0.0,517.4284892406758,36.18304587062893,1430.030216612281,0.0,0.0
4752,-87.3982726283948,-8.739827262839484,0.0,0.0,517.4284892406758,36.18304587062893,1430.030216612281,0.0,0.0
4753,-87.3982726283948,-8.739827262839484,0.0,0.0,517.4284892406758,36.18304587062893,1430.030216612281,0.0,0.0
4754,-87.3982726283948,-8.739827262839484,0.0,0.0,517.4284892406758,36.18304587062893,1430.030216612281,0.0,0.0
4755,-87.3982726283948,-8.739827262839484,0.0,0.0,517.4284892406758,36.18304587062893,1430.030216612281,0.0,0.0
4756,-87.3982726283948,-8.739827262839484,0.0,0.0,517.4284892406758,36.18304587062893,1430.030216612281,0.0,0.0
4757,-87.3982726283948,-8.739827262839484,0.0,0.0,517.4284892406758,36.18304587062893,1430.030216612281,0.0,0.0
4758,-87.3982726283948,-8.739827262839484,0.0,0.0,517.4284892406758,36.18304587062893,1430.030216612281,0.0,0.0
4759,-87.3982726283948,-8.739827262839484,0.0,0.0,517.4284892406758,36.18304587062893,1430.030216612281,0.0,0.0
4760,-87.3982726283948,-8.739827262839484,0.0,0.0,517.4284892406758,36.18304587062893,1430.030216612281,0.0,0.0
4761,-87.3982726283948,-8.739827262839484,0.0,0.0,517.4284892406758,36.18304587062893,1430.030216612281,0.0,0.0
4762,-87.3982726283948,-8.739827262839484,0.0,0.0,517.4284892406758,36.18304587062893,1430.030216612281,0.0,0.0
4763,-88.30996266572902,-8.8309962665729,-0.9116900373342105,-0.09990009990009652,518.34017927801,36.24679907155737,1430.030216612281,0.0,0.0
4764,-99.33847050331428,-9.933847050331423,-11.028507837585266,-1.209677344926574,529.3686871155953,37.01800709985425,1430.030216612281,0.0,-11.028507837585266
4765,-99.33847050331428,-9.933847050331423,0.0,0.0,529.3686871155953,37.01800709985425,1430.030216612281,0.0,-11.028507837585266
4766,-91.98624413270727,-9.198624413270728,7.3522263706070135,0.8163140236172373,522.0164607449883,36.50387625945674,1430.030216612281,0.0,-11.028507837585266
4767,-47.87221278236632,-4.787221278236631,44.11403135034095,4.858299895270335,477.90242939464736,33.41904414626921,1430.030216612281,40.4377498833627,-11.028507837585266
4768,-14.786689269610633,-1.4786689269610687,33.085523512755685,3.4749036796247967,444.81690588189167,31.105420061378553,1430.030216612281,73.52327339611838,-11.028507837585266
4769,-18.46280245491414,-1.8462802454914162,-3.6761131853035067,-0.37312865602456835,448.4930190671952,31.362485481577306,1430.030216612281,73.52327339611838,-11.028507837585266
4770,-45.15173538407271,-4.515173538407269,-26.688932929158568,-2.7190954144081347,475.18195199635375,33.22880499141146,1430.030216612281,73.52327339611838,-11.028507837585266
4771,-45.15173538407271,-4.515173538407269,0.0,0.0,475.18195199635375,33.22880499141146,1430.030216612281,0.0,0.0
4772,-45.15173538407271,-4.515173538407269,0.0,0.0,475.18195199635375,33.22880499141146,1430.030216612281,0.0,0.0
4773,-45.15173538407271,-4.515173538407269,0.0,0.0,475.18195199635375,33.22880499141146,1430.030216612281,0.0,0.0
4774,-45.15173538407271,-4.515173538407269,0.0,0.0,475.18195199635375,33.22880499141146,1430.030216612281,0.0,0.0
4775,-45.15173538407271,-4.515173538407269,0.0,0.0,475.18195199635375,33.22880499141146,1430.030216612281,0.0,0.0
4776,-45.15173538407271,-4.515173538407269,0.0,0.0,475.18195199635375,33.22880499141146,1430.030216612281,0.0,0.0
4777,-45.15173538407271,-4.515173538407269,0.0,0.0,475.18195199635375,33.22880499141146,1430.030216612281,0.0,0.0
4778,-45.15173538407271,-4.515173538407269,0.0,0.0,475.18195199635375,33.22880499141146,1430.030216612281,0.0,0.0
4779,-45.15173538407271,-4.515173538407269,0.0,0.0,475.18195199635375,33.22880499141146,1430.030216612281,0.0,0.0
4780,-45.15173538407271,-4.515173538407269,0.0,0.0,475.18195199635375,33.22880499141146,1430.030216612281,0.0,0.0
4781,-45.15173538407271,-4.515173538407269,0.0,0.0,475.18195199635375,33.22880499141146,1430.030216612281,0.0,0.0
4782,-45.15173538407271,-4.515173538407269,0.0,0.0,475.18195199635375,33.22880499141146,1430.030216612281,0.0,0.0
4783,-45.15173538407271,-4.515173538407269,0.0,0.0,475.18195199635375,33.22880499141146,1430.030216612281,0.0,0.0
4784,-45.15173538407271,-4.515173538407269,0.0,0.0,475.18195199635375,33.22880499141146,1430.030216612281,0.0,0.0
4785,-45.15173538407271,-4.515173538407269,0.0,0.0,475.18195199635375,33.22880499141146,1430.030216612281,0.0,0.0
4786,-45.15173538407271,-4.515173538407269,0.0,0.0,475.18195199635375,33.22880499141146,1430.030216612281,0.0,0.0
4787,-45.15173538407271,-4.515173538407269,0.0,0.0,475.18195199635375,33.22880499141146,1430.030216612281,0.0,0.0
4788,-45.15173538407271,-4.515173538407269,0.0,0.0,475.18195199635375,33.22880499141146,1430.030216612281,0.0,0.0
4789,-45.15173538407271,-4.515173538407269,0.0,0.0,475.18195199635375,33.22880499141146,1430.030216612281,0.0,0.0
4790,-46.10562975431833,-4.610562975431831,-0.9538943702456208,-0.09990009990009652,476.13584636659937,33.29550948192953,1430.030216612281,0.0,0.0
4791,-35.42770709137346,-3.542770709137344,10.677922662944866,1.1194030488087092,465.4579237036545,32.54881738137792,1430.030216612281,10.677922662944866,0.0
4792,-49.66488299791013,-4.966488299791017,-14.237175906536663,-1.4760092127055646,479.69509961019116,33.54440305090764,1430.030216612281,10.677922662944866,-3.5592532435917974
4793,-24.74978442842871,-2.474978442842868,24.915098569481415,2.6217171315396692,454.78000104070975,31.80212528082633,1430.030216612281,21.355845325889618,-3.5592532435917974
4794,-24.74978442842871,-2.474978442842868,0.0,0.0,454.78000104070975,31.80212528082633,1430.030216612281,21.355845325889618,-3.5592532435917974
4795,-3.3939391025389796,-0.3393939102538934,21.35584532588973,2.1897811438445602,433.42415571482,30.308741079723124,1430.030216612281,42.71169065177935,-3.5592532435917974
4796,-4.3905451634364,-0.4390545163436399,-0.9966060608974203,-0.10000000000000009,434.42076177571744,30.378432338643403,1430.030216612281,42.71169065177935,-3.5592532435917974
4797,-4.3905451634364,-0.4390545163436399,0.0,0.0,434.42076177571744,30.378432338643403,1430.030216612281,0.0,0.0
4798,-4.3905451634364,-0.4390545163436399,0.0,0.0,434.42076177571744,30.378432338643403,1430.030216612281,0.0,0.0
4799,-4.3905451634364,-0.4390545163436399,0.0,0.0,434.42076177571744,30.378432338643403,1430.030216612281,0.0,0.0
4800,-5.385160003432816,-0.538516000343281,-0.9946148399964159,-0.09990009990008542,435.41537661571385,30.447984354289098,1430.030216612281,0.0,0.0
4801,-28.90655822743281,-2.890655822743282,-23.521398223999995,-2.3648750529482565,458.93677483971385,32.09280262111719,1430.030216612281,0.0,-23.521398223999995
4802,-5.385160003432816,-0.538516000343281,23.521398223999995,2.4221560163217193,435.41537661571385,30.447984354289098,1430.030216612281,0.0,-23.521398223999995
4803,-5.385160003432816,-0.538516000343281,0.0,0.0,435.41537661571385,30.447984354289098,1430.030216612281,0.0,-23.521398223999995
4804,8.055529112376576,0.8055529112376503,13.440689115809391,1.3513461266932092,421.97468749990446,29.50809588482374,1430.030216612281,13.440689115809391,-23.521398223999995
4805,-5.385160003432816,-0.538516000343281,-13.440689115809391,-1.333328247070309,435.41537661571385,30.447984354289098,1430.030216612281,13.440689115809391,-23.521398223999995
4806,8.055529112376576,0.8055529112376503,13.440689115809391,1.3513461266932092,421.97468749990446,29.50809588482374,1430.030216612281,13.440689115809391,-23.521398223999995
4807,-2.0250261787472255,-0.20250261787472246,-10.080555291123801,-1.0000000000000009,432.05524279102826,30.2130149259755,1430.030216612281,13.440689115809391,-23.521398223999995
4808,-25.546270585680418,-2.5546270585680375,-23.521244406933192,-2.3568972192629434,455.57648719796146,31.85782243659263,1430.030216612281,13.440689115809391,-23.521398223999995
4809,-5.385160003432816,-0.538516000343281,20.161110582247602,2.0689654083796416,435.41537661571385,30.447984354289098,1430.030216612281,13.440689115809391,-23.521398223999995
4810,8.055529112376576,0.8055529112376503,13.440689115809391,1.3513461266932092,421.97468749990446,29.50809588482374,1430.030216612281,13.440689115809391,-23.521398223999995
4811,24.856505869938474,2.4856505869938372,16.800976757561898,1.6666717529296937,405.17371074234256,28.333227230833813,1430.030216612281,30.24166587337129,-23.521398223999995
4812,38.297194985747865,3.8297194985747796,13.440689115809391,1.3114703413430906,391.7330216265332,27.393338761368447,1430.030216612281,43.68235498918068,-23.521398223999995
4813,41.657328810433455,4.165732881043338,3.3601338246855903,0.32361965734981624,388.3728878018476,27.15836933305485,1430.030216612281,47.04248881386627,-23.521398223999995
4814,31.576773519309654,3.1576773519309764,-10.080555291123801,-0.9677419831179757,398.4534430929714,27.86328837420661,1430.030216612281,47.04248881386627,-23.521398223999995
4815,45.01761645218585,4.501761645218583,13.440842932876194,1.302941601430363,385.0126001600952,26.923389148530298,1430.030216612281,50.402776455618664,-23.521398223999995
4816,55.09817174330965,5.5098171743309665,10.080555291123801,0.9646301777521238,374.9320448689714,26.218470107378533,1430.030216612281,60.483331746742465,-23.521398223999995
4817,58.45830556799547,5.845830556799547,3.3601338246858177,0.31846646261683986,371.57191104428557,25.983500679064917,1430.030216612281,63.84346557142828,-23.521398223999995
4818,61.81843939268106,6.181843939268106,3.3601338246855903,0.31745547340029656,368.2117772196,25.748531250751324,1430.030216612281,67.20359939611387,-23.521398223999995
4819,61.81843939268106,6.181843939268106,0.0,0.0,368.2117772196,25.748531250751324,1430.030216612281,67.20359939611387,-23.521398223999995
4820,75.25928232555725,7.525928232555734,13.440842932876194,1.2658325033952034,354.7709342867238,24.808632025075003,1430.030216612281,80.64444232899007,-23.521398223999995
4821,48.377750276871666,4.837775027687163,-26.881532048685585,-2.5000046491620687,381.6524663354094,26.688419720216682,1430.030216612281,80.64444232899007,-23.521398223999995
4822,51.737884101557256,5.173788410155722,3.3601338246855903,0.3205079298753022,378.2923325107238,26.453450291903085,1430.030216612281,80.64444232899007,-23.521398223999995
4823,55.09817174330965,5.5098171743309665,3.360287641752393,0.3194985834919173,374.9320448689714,26.218470107378533,1430.030216612281,80.64444232899007,-23.521398223999995
4824,45.01761645218585,4.501761645218583,-10.080555291123801,-0.9554139663106365,385.0126001600952,26.923389148530298,1430.030216612281,80.64444232899007,-23.521398223999995
4825,28.216639694624064,2.8216639694623957,-16.800976757561784,-1.6077218692830075,401.813576917657,28.098257802520216,1430.030216612281,80.64444232899007,-23.521398223999995
4826,24.856505869938474,2.4856505869938372,-3.3601338246855903,-0.32679239908853797,405.17371074234256,28.333227230833813,1430.030216612281,80.64444232899007,-23.521398223999995
4827,21.496218228185967,2.1496218228185926,-3.3602876417525067,-0.32787884181895155,408.53399838409507,28.568207415358373,1430.030216612281,80.64444232899007,-23.521398223999995
4828,14.775950578814673,1.4775950578814756,-6.720267649371294,-0.6578847311865532,415.25426603346637,29.038146271985575,1430.030216612281,80.64444232899007,-23.521398223999995
4829,14.775950578814673,1.4775950578814756,0.0,0.0,415.25426603346637,29.038146271985575,1430.030216612281,80.64444232899007,-23.521398223999995
4830,8.055529112376576,0.8055529112376503,-6.720421466438097,-0.6622566747472525,421.97468749990446,29.50809588482374,1430.030216612281,80.64444232899007,-23.521398223999995
4831,8.055529112376576,0.8055529112376503,0.0,0.0,421.97468749990446,29.50809588482374,1430.030216612281,80.64444232899007,-23.521398223999995
4832,24.856505869938474,2.4856505869938372,16.800976757561898,1.6666717529296937,405.17371074234256,28.333227230833813,1430.030216612281,80.64444232899007,-23.521398223999995
4833,41.657328810433455,4.165732881043338,16.80082294049498,1.6393341745178036,388.3728878018476,27.15836933305485,1430.030216612281,80.64444232899007,-23.521398223999995
4834,24.856505869938474,2.4856505869938372,-16.80082294049498,-1.6128934608160894,405.17371074234256,28.333227230833813,1430.030216612281,80.64444232899007,-23.521398223999995
4835,1.3351076459384785,0.13351076459384714,-23.521398223999995,-2.2950918581557067,428.69510896634256,29.978045497661892,1430.030216612281,80.64444232899007,-23.521398223999995
4836,-25.546270585680418,-2.5546270585680375,-26.881378231618896,-2.684553655051103,455.57648719796146,31.85782243659263,1430.030216612281,80.64444232899007,-23.521398223999995
4837,-5.385160003432816,-0.538516000343281,20.161110582247602,2.0689654083796416,435.41537661571385,30.447984354289098,1430.030216612281,80.64444232899007,-23.521398223999995
4838,4.6953952876908716,0.4695395287690918,10.080555291123687,1.0135134612669239,425.33482132459017,29.74306531313734,1430.030216612281,80.64444232899007,-23.521398223999995
4839,-8.745447645185322,-0.8745447645185367,-13.440842932876194,-1.337802780416597,438.77566425746636,30.68296453881366,1430.030216612281,80.64444232899007,-23.521398223999995
4840,-5.385160003432816,-0.538516000343281,3.3602876417525067,0.3389934133235295,435.41537661571385,30.447984354289098,1430.030216612281,80.64444232899007,-23.521398223999995
4841,-28.90655822743281,-2.890655822743282,-23.521398223999995,-2.3648750529482565,458.93677483971385,32.09280262111719,1430.030216612281,80.64444232899007,-23.521398223999995
4842,-35.62682587680422,-3.5626825876804213,-6.720267649371408,-0.6920309993139973,465.65704248908526,32.562741477744396,1430.030216612281,80.64444232899007,-30.241665873371403
4843,-52.427802634366,-5.242780263436597,-16.800976757561784,-1.7421655027720084,482.45801924664704,33.737610131734314,1430.030216612281,80.64444232899007,-47.04264263093319
4844,-69.2287793919279,-6.922877939192795,-16.800976757561898,-1.7730550563081815,499.25899600420894,34.91247878572423,1430.030216612281,80.64444232899007,-63.843619388495085
4845,-62.508357925489804,-6.2508357925489815,6.720421466438097,0.7220272090114221,492.53857453777084,34.442529172886076,1430.030216612281,80.64444232899007,-63.843619388495085
4846,-65.86849175017551,-6.586849175017551,-3.360133824685704,-0.35841746996808643,495.89870836245655,34.67749860119968,1430.030216612281,80.64444232899007,-63.843619388495085
4847,-65.86849175017551,-6.586849175017551,0.0,0.0,495.89870836245655,34.67749860119968,1430.030216612281,80.64444232899007,-63.843619388495085
4848,-52.427802634366,-5.242780263436597,13.440689115809505,1.4388433531154377,482.45801924664704,33.737610131734314,1430.030216612281,80.64444232899007,-63.843619388495085
4849,-52.427802634366,-5.242780263436597,0.0,0.0,482.45801924664704,33.737610131734314,1430.030216612281,80.64444232899007,-63.843619388495085
4850,-55.78793645905171,-5.578793645905167,-3.360133824685704,-0.3546045181599178,485.81815307133274,33.97257956004792,1430.030216612281,80.64444232899007,-63.843619388495085
4851,-45.707381167927906,-4.5707381167927945,10.080555291123801,1.0676156003896153,475.73759778020894,33.26766051889615,1430.030216612281,80.64444232899007,-63.843619388495085
4852,-62.508357925489804,-6.2508357925489815,-16.800976757561898,-1.7605686585026814,492.53857453777084,34.442529172886076,1430.030216612281,80.64444232899007,-63.843619388495085
4853,-86.029602332423,-8.602960233242296,-23.521244406933192,-2.5089551043766867,516.059818944704,36.08733668350321,1430.030216612281,80.64444232899007,-80.64444232899018
4854,-86.029602332423,-8.602960233242296,0.0,0.0,516.059818944704,36.08733668350321,1430.030216612281,80.64444232899007,-80.64444232899018
4855,-92.7500237988611,-9.27500237988611,-6.720421466438097,-0.7352996862467709,522.7802404111421,36.55728629634136,1430.030216612281,80.64444232899007,-87.36486379542828
4856,-92.7500237988611,-9.27500237988611,0.0,0.0,522.7802404111421,36.55728629634136,1430.030216612281,80.64444232899007,-87.36486379542828
4857,-75.9490470412992,-7.594904704129924,16.800976757561898,1.8518575032552054,505.97926365358023,35.38241764235144,1430.030216612281,80.64444232899007,-87.36486379542828
4858,-59.148224100804214,-5.914822410080422,16.80082294049498,1.8181706199967396,489.17844071308525,34.20755974457248,1430.030216612281,80.64444232899007,-87.36486379542828
4859,-69.2287793919279,-6.922877939192795,-10.080555291123687,-1.0714286298167952,499.25899600420894,34.91247878572423,1430.030216612281,80.64444232899007,-87.36486379542828
4860,-59.148224100804214,-5.914822410080422,10.080555291123687,1.0830325506345329,489.17844071308525,34.20755974457248,1430.030216612281,80.64444232899007,-87.36486379542828
4861,-65.86849175017551,-6.586849175017551,-6.720267649371294,-0.7142748540755584,495.89870836245655,34.67749860119968,1430.030216612281,80.64444232899007,-87.36486379542828
4862,-79.3093346830517,-7.930933468305168,-13.440842932876194,-1.4388598194336466,509.33955129533274,35.617397826876,1430.030216612281,80.64444232899007,-87.36486379542828
4863,-69.2287793919279,-6.922877939192795,10.080555291123801,1.0948905719222912,499.25899600420894,34.91247878572423,1430.030216612281,80.64444232899007,-87.36486379542828
4864,-59.148224100804214,-5.914822410080422,10.080555291123687,1.0830325506345329,489.17844071308525,34.20755974457248,1430.030216612281,80.64444232899007,-87.36486379542828
4865,-69.2287793919279,-6.922877939192795,-10.080555291123687,-1.0714286298167952,499.25899600420894,34.91247878572423,1430.030216612281,80.64444232899007,-87.36486379542828
4866,-79.3093346830517,-7.930933468305168,-10.080555291123801,-1.0830325506345329,509.33955129533274,35.617397826876,1430.030216612281,80.64444232899007,-87.36486379542828
4867,-86.029602332423,-8.602960233242296,-6.720267649371294,-0.729915910145329,516.059818944704,36.08733668350321,1430.030216612281,80.64444232899007,-87.36486379542828
4868,-109.55100055642299,-10.955100055642298,-23.521398223999995,-2.5735404870908085,539.581217168704,37.732154950331285,1430.030216612281,80.64444232899007,-104.16584055299018
4869,-109.55100055642299,-10.955100055642298,0.0,0.0,539.581217168704,37.732154950331285,1430.030216612281,80.64444232899007,-104.16584055299018
4870,-72.5889132166136,-7.258891321661364,36.962087339809386,4.150949393273073,502.61912982889464,35.147448214037844,1430.030216612281,80.64444232899007,-104.16584055299018
4871,-109.55100055642299,-10.955100055642298,-36.962087339809386,-3.985512774923572,539.581217168704,37.732154950331285,1430.030216612281,80.64444232899007,-104.16584055299018
4872,-106.19071291467048,-10.619071291467053,3.3602876417525067,0.377370028362356,536.2209295269515,37.497174765806726,1430.030216612281,80.64444232899007,-104.16584055299018
4873,-129.71211113867048,-12.971211113867042,-23.521398223999995,-2.6315902691839477,559.7423277509515,39.14199303263481,1430.030216612281,80.64444232899007,-124.32695113523766
4874,-129.71211113867048,-12.971211113867042,0.0,0.0,559.7423277509515,39.14199303263481,1430.030216612281,80.64444232899007,-124.32695113523766
4875,-126.35182349691809,-12.63518234969181,3.360287641752393,0.38611219169657485,556.3820401091991,38.907012848110256,1430.030216612281,80.64444232899007,-124.32695113523766
4876,-133.07224496335618,-13.307224496335623,-6.720421466438097,-0.769236592851108,563.1024615756372,39.37696246094842,1430.030216612281,80.64444232899007,-127.68708495992337
4877,-126.35182349691809,-12.63518234969181,6.720421466438097,0.7751997127089405,556.3820401091991,38.907012848110256,1430.030216612281,80.64444232899007,-127.68708495992337
4878,-120.5119242916993,-12.051192429169932,5.839899205218785,0.6684497675705003,550.5421409039803,38.498636917491574,1430.030216612281,80.64444232899007,-127.68708495992337
4879,-120.5119242916993,-12.051192429169932,0.0,0.0,550.5421409039803,38.498636917491574,1430.030216612281,0.0,0.0
4880,-120.5119242916993,-12.051192429169932,0.0,0.0,550.5421409039803,38.498636917491574,1430.030216612281,0.0,0.0
4881,-120.5119242916993,-12.051192429169932,0.0,0.0,550.5421409039803,38.498636917491574,1430.030216612281,0.0,0.0
4882,-120.5119242916993,-12.051192429169932,0.0,0.0,550.5421409039803,38.498636917491574,1430.030216612281,0.0,0.0
4883,-120.5119242916993,-12.051192429169932,0.0,0.0,550.5421409039803,38.498636917491574,1430.030216612281,0.0,0.0
4884,-120.5119242916993,-12.051192429169932,0.0,0.0,550.5421409039803,38.498636917491574,1430.030216612281,0.0,0.0
4885,-120.5119242916993,-12.051192429169932,0.0,0.0,550.5421409039803,38.498636917491574,1430.030216612281,0.0,0.0
4886,-120.5119242916993,-12.051192429169932,0.0,0.0,550.5421409039803,38.498636917491574,1430.030216612281,0.0,0.0
4887,-120.5119242916993,-12.051192429169932,0.0,0.0,550.5421409039803,38.498636917491574,1430.030216612281,0.0,0.0
4888,-120.5119242916993,-12.051192429169932,0.0,0.0,550.5421409039803,38.498636917491574,1430.030216612281,0.0,0.0
4889,-120.5119242916993,-12.051192429169932,0.0,0.0,550.5421409039803,38.498636917491574,1430.030216612281,0.0,0.0
4890,-120.5119242916993,-12.051192429169932,0.0,0.0,550.5421409039803,38.498636917491574,1430.030216612281,0.0,0.0
4891,-120.5119242916993,-12.051192429169932,0.0,0.0,550.5421409039803,38.498636917491574,1430.030216612281,0.0,0.0
4892,-120.5119242916993,-12.051192429169932,0.0,0.0,550.5421409039803,38.498636917491574,1430.030216612281,0.0,0.0
4893,-120.5119242916993,-12.051192429169932,0.0,0.0,550.5421409039803,38.498636917491574,1430.030216612281,0.0,0.0
4894,-120.5119242916993,-12.051192429169932,0.0,0.0,550.5421409039803,38.498636917491574,1430.030216612281,0.0,0.0
4895,-120.5119242916993,-12.051192429169932,0.0,0.0,550.5421409039803,38.498636917491574,1430.030216612281,0.0,0.0
4896,-120.5119242916993,-12.051192429169932,0.0,0.0,550.5421409039803,38.498636917491574,1430.030216612281,0.0,0.0
4897,-120.5119242916993,-12.051192429169932,0.0,0.0,550.5421409039803,38.498636917491574,1430.030216612281,0.0,0.0
4898,-120.5119242916993,-12.051192429169932,0.0,0.0,550.5421409039803,38.498636917491574,1430.030216612281,0.0,0.0
4899,-120.5119242916993,-12.051192429169932,0.0,0.0,550.5421409039803,38.498636917491574,1430.030216612281,0.0,0.0
4900,-120.5119242916993,-12.051192429169932,0.0,0.0,550.5421409039803,38.498636917491574,1430.030216612281,0.0,0.0
4901,-120.5119242916993,-12.051192429169932,0.0,0.0,550.5421409039803,38.498636917491574,1430.030216612281,0.0,0.0
4902,-120.5119242916993,-12.051192429169932,0.0,0.0,550.5421409039803,38.498636917491574,1430.030216612281,0.0,0.0
4903,-120.5119242916993,-12.051192429169932,0.0,0.0,550.5421409039803,38.498636917491574,1430.030216612281,0.0,0.0
4904,-120.5119242916993,-12.051192429169932,0.0,0.0,550.5421409039803,38.498636917491574,1430.030216612281,0.0,0.0
4905,-120.5119242916993,-12.051192429169932,0.0,0.0,550.5421409039803,38.498636917491574,1430.030216612281,0.0,0.0
4906,-120.5119242916993,-12.051192429169932,0.0,0.0,550.5421409039803,38.498636917491574,1430.030216612281,0.0,0.0
4907,-120.5119242916993,-12.051192429169932,0.0,0.0,550.5421409039803,38.498636917491574,1430.030216612281,0.0,0.0
4908,-120.5119242916993,-12.051192429169932,0.0,0.0,550.5421409039803,38.498636917491574,1430.030216612281,0.0,0.0
4909,-120.5119242916993,-12.051192429169932,0.0,0.0,550.5421409039803,38.498636917491574,1430.030216612281,0.0,0.0
4910,-120.5119242916993,-12.051192429169932,0.0,0.0,550.5421409039803,38.498636917491574,1430.030216612281,0.0,0.0
4911,-120.5119242916993,-12.051192429169932,0.0,0.0,550.5421409039803,38.498636917491574,1430.030216612281,0.0,0.0
4912,-120.5119242916993,-12.051192429169932,0.0,0.0,550.5421409039803,38.498636917491574,1430.030216612281,0.0,0.0
4913,-120.5119242916993,-12.051192429169932,0.0,0.0,550.5421409039803,38.498636917491574,1430.030216612281,0.0,0.0
4914,-120.5119242916993,-12.051192429169932,0.0,0.0,550.5421409039803,38.498636917491574,1430.030216612281,0.0,0.0
4915,-120.5119242916993,-12.051192429169932,0.0,0.0,550.5421409039803,38.498636917491574,1430.030216612281,0.0,0.0
4916,-120.5119242916993,-12.051192429169932,0.0,0.0,550.5421409039803,38.498636917491574,1430.030216612281,0.0,0.0
4917,-120.5119242916993,-12.051192429169932,0.0,0.0,550.5421409039803,38.498636917491574,1430.030216612281,0.0,0.0
4918,-120.5119242916993,-12.051192429169932,0.0,0.0,550.5421409039803,38.498636917491574,1430.030216612281,0.0,0.0
4919,-120.5119242916993,-12.051192429169932,0.0,0.0,550.5421409039803,38.498636917491574,1430.030216612281,0.0,0.0
4920,-120.5119242916993,-12.051192429169932,0.0,0.0,550.5421409039803,38.498636917491574,1430.030216612281,0.0,0.0
4921,-120.5119242916993,-12.051192429169932,0.0,0.0,550.5421409039803,38.498636917491574,1430.030216612281,0.0,0.0
4922,-120.5119242916993,-12.051192429169932,0.0,0.0,550.5421409039803,38.498636917491574,1430.030216612281,0.0,0.0
4923,-120.5119242916993,-12.051192429169932,0.0,0.0,550.5421409039803,38.498636917491574,1430.030216612281,0.0,0.0
4924,-120.5119242916993,-12.051192429169932,0.0,0.0,550.5421409039803,38.498636917491574,1430.030216612281,0.0,0.0
4925,-120.5119242916993,-12.051192429169932,0.0,0.0,550.5421409039803,38.498636917491574,1430.030216612281,0.0,0.0
4926,-120.5119242916993,-12.051192429169932,0.0,0.0,550.5421409039803,38.498636917491574,1430.030216612281,0.0,0.0
4927,-120.5119242916993,-12.051192429169932,0.0,0.0,550.5421409039803,38.498636917491574,1430.030216612281,0.0,0.0
4928,-120.5119242916993,-12.051192429169932,0.0,0.0,550.5421409039803,38.498636917491574,1430.030216612281,0.0,0.0
4929,-120.5119242916993,-12.051192429169932,0.0,0.0,550.5421409039803,38.498636917491574,1430.030216612281,0.0,0.0
4930,-120.5119242916993,-12.051192429169932,0.0,0.0,550.5421409039803,38.498636917491574,1430.030216612281,0.0,0.0
4931,-120.5119242916993,-12.051192429169932,0.0,0.0,550.5421409039803,38.498636917491574,1430.030216612281,0.0,0.0
4932,-120.5119242916993,-12.051192429169932,0.0,0.0,550.5421409039803,38.498636917491574,1430.030216612281,0.0,0.0
4933,-120.5119242916993,-12.051192429169932,0.0,0.0,550.5421409039803,38.498636917491574,1430.030216612281,0.0,0.0
4934,-120.5119242916993,-12.051192429169932,0.0,0.0,550.5421409039803,38.498636917491574,1430.030216612281,0.0,0.0
4935,-120.5119242916993,-12.051192429169932,0.0,0.0,550.5421409039803,38.498636917491574,1430.030216612281,0.0,0.0
4936,-120.5119242916993,-12.051192429169932,0.0,0.0,550.5421409039803,38.498636917491574,1430.030216612281,0.0,0.0
4937,-120.5119242916993,-12.051192429169932,0.0,0.0,550.5421409039803,38.498636917491574,1430.030216612281,0.0,0.0
4938,-120.5119242916993,-12.051192429169932,0.0,0.0,550.5421409039803,38.498636917491574,1430.030216612281,0.0,0.0
4939,-120.5119242916993,-12.051192429169932,0.0,0.0,550.5421409039803,38.498636917491574,1430.030216612281,0.0,0.0
4940,-120.5119242916993,-12.051192429169932,0.0,0.0,550.5421409039803,38.498636917491574,1430.030216612281,0.0,0.0
4941,-120.5119242916993,-12.051192429169932,0.0,0.0,550.5421409039803,38.498636917491574,1430.030216612281,0.0,0.0
4942,-120.5119242916993,-12.051192429169932,0.0,0.0,550.5421409039803,38.498636917491574,1430.030216612281,0.0,0.0
4943,-120.5119242916993,-12.051192429169932,0.0,0.0,550.5421409039803,38.498636917491574,1430.030216612281,0.0,0.0
4944,-120.5119242916993,-12.051192429169932,0.0,0.0,550.5421409039803,38.498636917491574,1430.030216612281,0.0,0.0
4945,-120.5119242916993,-12.051192429169932,0.0,0.0,550.5421409039803,38.498636917491574,1430.030216612281,0.0,0.0
4946,-120.5119242916993,-12.051192429169932,0.0,0.0,550.5421409039803,38.498636917491574,1430.030216612281,0.0,0.0
4947,-120.5119242916993,-12.051192429169932,0.0,0.0,550.5421409039803,38.498636917491574,1430.030216612281,0.0,0.0
4948,-120.5119242916993,-12.051192429169932,0.0,0.0,550.5421409039803,38.498636917491574,1430.030216612281,0.0,0.0
4949,-120.5119242916993,-12.051192429169932,0.0,0.0,550.5421409039803,38.498636917491574,1430.030216612281,0.0,0.0
4950,-120.5119242916993,-12.051192429169932,0.0,0.0,550.5421409039803,38.498636917491574,1430.030216612281,0.0,0.0
4951,-120.5119242916993,-12.051192429169932,0.0,0.0,550.5421409039803,38.498636917491574,1430.030216612281,0.0,0.0
4952,-120.5119242916993,-12.051192429169932,0.0,0.0,550.5421409039803,38.498636917491574,1430.030216612281,0.0,0.0
4953,-120.5119242916993,-12.051192429169932,0.0,0.0,550.5421409039803,38.498636917491574,1430.030216612281,0.0,0.0
4954,-120.5119242916993,-12.051192429169932,0.0,0.0,550.5421409039803,38.498636917491574,1430.030216612281,0.0,0.0
4955,-120.5119242916993,-12.051192429169932,0.0,0.0,550.5421409039803,38.498636917491574,1430.030216612281,0.0,0.0
4956,-120.5119242916993,-12.051192429169932,0.0,0.0,550.5421409039803,38.498636917491574,1430.030216612281,0.0,0.0
4957,-120.5119242916993,-12.051192429169932,0.0,0.0,550.5421409039803,38.498636917491574,1430.030216612281,0.0,0.0
4958,-120.5119242916993,-12.051192429169932,0.0,0.0,550.5421409039803,38.498636917491574,1430.030216612281,0.0,0.0
4959,-120.5119242916993,-12.051192429169932,0.0,0.0,550.5421409039803,38.498636917491574,1430.030216612281,0.0,0.0
4960,-120.5119242916993,-12.051192429169932,0.0,0.0,550.5421409039803,38.498636917491574,1430.030216612281,0.0,0.0
4961,-120.5119242916993,-12.051192429169932,0.0,0.0,550.5421409039803,38.498636917491574,1430.030216612281,0.0,0.0
4962,-120.5119242916993,-12.051192429169932,0.0,0.0,550.5421409039803,38.498636917491574,1430.030216612281,0.0,0.0
4963,-120.5119242916993,-12.051192429169932,0.0,0.0,550.5421409039803,38.498636917491574,1430.030216612281,0.0,0.0
4964,-120.5119242916993,-12.051192429169932,0.0,0.0,550.5421409039803,38.498636917491574,1430.030216612281,0.0,0.0
4965,-121.39053375794128,-12.139053375794129,-0.8786094662419828,-0.09990009990009652,551.4207503702223,38.560076840650915,1430.030216612281,0.0,0.0
4966,-128.6817878272641,-12.868178782726414,-7.291254069322804,-0.8298629083190456,558.7120044395451,39.06994397385008,1430.030216612281,0.0,-7.291254069322804
4967,-150.55588380744905,-15.0555883807449,-21.87409598018496,-2.5104600907674524,580.5861004197301,40.59956871366882,1430.030216612281,0.0,-29.165350049507765
4968,-154.20167772821867,-15.42016777282187,-3.64579392076962,-0.4291976189217839,584.2318943404997,40.85451395037902,1430.030216612281,0.0,-32.811143970277385
4969,-161.49293179754147,-16.149293179754142,-7.291254069322804,-0.8620558680867085,591.5231484098225,41.36438108357818,1430.030216612281,0.0,-40.10239803960019
4970,-150.55588380744905,-15.0555883807449,10.937047990092424,1.304347739553191,580.5861004197301,40.59956871366882,1430.030216612281,0.0,-40.10239803960019
4971,-150.55588380744905,-15.0555883807449,0.0,0.0,580.5861004197301,40.59956871366882,1430.030216612281,0.0,-40.10239803960019
4972,-150.55588380744905,-15.0555883807449,0.0,0.0,580.5861004197301,40.59956871366882,1430.030216612281,0.0,-40.10239803960019
4973,-150.55588380744905,-15.0555883807449,0.0,0.0,580.5861004197301,40.59956871366882,1430.030216612281,0.0,-40.10239803960019
4974,-143.26462973812625,-14.326462973812626,7.291254069322804,0.858355944827105,573.2948463504073,40.08970158046966,1430.030216612281,0.0,-40.10239803960019
4975,-146.91025677278765,-14.691025677278768,-3.645627034661402,-0.4255254494216931,576.9404733850687,40.34463514706923,1430.030216612281,0.0,-40.10239803960019
4976,-157.84730476288007,-15.784730476288011,-10.937047990092424,-1.2820512820512775,587.8775213751611,41.109447516978605,1430.030216612281,0.0,-40.10239803960019
4977,-165.9735869925928,-16.597358699259278,-8.126282229712729,-0.9649416638659147,596.0038036048738,41.6777069939681,1430.030216612281,0.0,-44.583053234651516
4978,-165.9735869925928,-16.597358699259278,0.0,0.0,596.0038036048738,41.6777069939681,1430.030216612281,0.0,0.0
4979,-165.9735869925928,-16.597358699259278,0.0,0.0,596.0038036048738,41.6777069939681,1430.030216612281,0.0,0.0
4980,-165.9735869925928,-16.597358699259278,0.0,0.0,596.0038036048738,41.6777069939681,1430.030216612281,0.0,0.0
4981,-165.9735869925928,-16.597358699259278,0.0,0.0,596.0038036048738,41.6777069939681,1430.030216612281,0.0,0.0
4982,-165.9735869925928,-16.597358699259278,0.0,0.0,596.0038036048738,41.6777069939681,1430.030216612281,0.0,0.0
4983,-165.9735869925928,-16.597358699259278,0.0,0.0,596.0038036048738,41.6777069939681,1430.030216612281,0.0,0.0
4984,-165.9735869925928,-16.597358699259278,0.0,0.0,596.0038036048738,41.6777069939681,1430.030216612281,0.0,0.0
4985,-165.9735869925928,-16.597358699259278,0.0,0.0,596.0038036048738,41.6777069939681,1430.030216612281,0.0,0.0
4986,-165.9735869925928,-16.597358699259278,0.0,0.0,596.0038036048738,41.6777069939681,1430.030216612281,0.0,0.0
4987,-165.9735869925928,-16.597358699259278,0.0,0.0,596.0038036048738,41.6777069939681,1430.030216612281,0.0,0.0
4988,-166.80678021238032,-16.680678021238027,-0.8331932197875176,-0.09990009990008542,596.8369968246614,41.73597102294515,1430.030216612281,0.0,0.0
4989,-177.62747137845327,-17.762747137845324,-10.820691166072947,-1.2987012987012991,607.6576879907343,42.49264672394586,1430.030216612281,0.0,-10.820691166072947
4990,-182.05307908353268,-18.205307908353262,-4.425607705079415,-0.538151208977955,612.0832956958137,42.80212324085216,1430.030216612281,0.0,-15.246298871152362
4991,-182.05307908353268,-18.205307908353262,0.0,0.0,612.0832956958137,42.80212324085216,1430.030216612281,0.0,0.0
4992,-182.05307908353268,-18.205307908353262,0.0,0.0,612.0832956958137,42.80212324085216,1430.030216612281,0.0,0.0
4993,-182.05307908353268,-18.205307908353262,0.0,0.0,612.0832956958137,42.80212324085216,1430.030216612281,0.0,0.0
4994,-182.05307908353268,-18.205307908353262,0.0,0.0,612.0832956958137,42.80212324085216,1430.030216612281,0.0,0.0
4995,-182.05307908353268,-18.205307908353262,0.0,0.0,612.0832956958137,42.80212324085216,1430.030216612281,0.0,0.0
4996,-182.05307908353268,-18.205307908353262,0.0,0.0,612.0832956958137,42.80212324085216,1430.030216612281,0.0,0.0
4997,-182.05307908353268,-18.205307908353262,0.0,0.0,612.0832956958137,42.80212324085216,1430.030216612281,0.0,0.0
4998,-182.05307908353268,-18.205307908353262,0.0,0.0,612.0832956958137,42.80212324085216,1430.030216612281,0.0,0.0
4999,-182.05307908353268,-18.205307908353262,0.0,0.0,612.0832956958137,42.80212324085216,1430.030216612281,0.0,0.0
5000,-182.05307908353268,-18.205307908353262,0.0,0.0,612.0832956958137,42.80212324085216,1430.030216612281,0.0,0.0
5001,-182.05307908353268,-18.205307908353262,0.0,0.0,612.0832956958137,42.80212324085216,1430.030216612281,0.0,0.0
5002,-182.05307908353268,-18.205307908353262,0.0,0.0,612.0832956958137,42.80212324085216,1430.030216612281,0.0,0.0
5003,-182.05307908353268,-18.205307908353262,0.0,0.0,612.0832956958137,42.80212324085216,1430.030216612281,0.0,0.0
5004,-182.05307908353268,-18.205307908353262,0.0,0.0,612.0832956958137,42.80212324085216,1430.030216612281,0.0,0.0
5005,-182.05307908353268,-18.205307908353262,0.0,0.0,612.0832956958137,42.80212324085216,1430.030216612281,0.0,0.0
5006,-182.05307908353268,-18.205307908353262,0.0,0.0,612.0832956958137,42.80212324085216,1430.030216612281,0.0,0.0
5007,-182.05307908353268,-18.205307908353262,0.0,0.0,612.0832956958137,42.80212324085216,1430.030216612281,0.0,0.0
5008,-182.05307908353268,-18.205307908353262,0.0,0.0,612.0832956958137,42.80212324085216,1430.030216612281,0.0,0.0
5009,-182.05307908353268,-18.205307908353262,0.0,0.0,612.0832956958137,42.80212324085216,1430.030216612281,0.0,0.0
5010,-182.05307908353268,-18.205307908353262,0.0,0.0,612.0832956958137,42.80212324085216,1430.030216612281,0.0,0.0
5011,-182.05307908353268,-18.205307908353262,0.0,0.0,612.0832956958137,42.80212324085216,1430.030216612281,0.0,0.0
5012,-182.05307908353268,-18.205307908353262,0.0,0.0,612.0832956958137,42.80212324085216,1430.030216612281,0.0,0.0
5013,-182.05307908353268,-18.205307908353262,0.0,0.0,612.0832956958137,42.80212324085216,1430.030216612281,0.0,0.0
5014,-182.05307908353268,-18.205307908353262,0.0,0.0,612.0832956958137,42.80212324085216,1430.030216612281,0.0,0.0
5015,-182.05307908353268,-18.205307908353262,0.0,0.0,612.0832956958137,42.80212324085216,1430.030216612281,0.0,0.0
5016,-182.05307908353268,-18.205307908353262,0.0,0.0,612.0832956958137,42.80212324085216,1430.030216612281,0.0,0.0
5017,-182.05307908353268,-18.205307908353262,0.0,0.0,612.0832956958137,42.80212324085216,1430.030216612281,0.0,0.0
5018,-182.05307908353268,-18.205307908353262,0.0,0.0,612.0832956958137,42.80212324085216,1430.030216612281,0.0,0.0
5019,-182.05307908353268,-18.205307908353262,0.0,0.0,612.0832956958137,42.80212324085216,1430.030216612281,0.0,0.0
5020,-182.05307908353268,-18.205307908353262,0.0,0.0,612.0832956958137,42.80212324085216,1430.030216612281,0.0,0.0
5021,-182.05307908353268,-18.205307908353262,0.0,0.0,612.0832956958137,42.80212324085216,1430.030216612281,0.0,0.0
5022,-182.05307908353268,-18.205307908353262,0.0,0.0,612.0832956958137,42.80212324085216,1430.030216612281,0.0,0.0
5023,-182.05307908353268,-18.205307908353262,0.0,0.0,612.0832956958137,42.80212324085216,1430.030216612281,0.0,0.0
5024,-182.05307908353268,-18.205307908353262,0.0,0.0,612.0832956958137,42.80212324085216,1430.030216612281,0.0,0.0
5025,-182.05307908353268,-18.205307908353262,0.0,0.0,612.0832956958137,42.80212324085216,1430.030216612281,0.0,0.0
5026,-182.05307908353268,-18.205307908353262,0.0,0.0,612.0832956958137,42.80212324085216,1430.030216612281,0.0,0.0
5027,-182.05307908353268,-18.205307908353262,0.0,0.0,612.0832956958137,42.80212324085216,1430.030216612281,0.0,0.0
5028,-182.05307908353268,-18.205307908353262,0.0,0.0,612.0832956958137,42.80212324085216,1430.030216612281,0.0,0.0
5029,-182.05307908353268,-18.205307908353262,0.0,0.0,612.0832956958137,42.80212324085216,1430.030216612281,0.0,0.0
5030,-182.05307908353268,-18.205307908353262,0.0,0.0,612.0832956958137,42.80212324085216,1430.030216612281,0.0,0.0
5031,-182.05307908353268,-18.205307908353262,0.0,0.0,612.0832956958137,42.80212324085216,1430.030216612281,0.0,0.0
5032,-182.05307908353268,-18.205307908353262,0.0,0.0,612.0832956958137,42.80212324085216,1430.030216612281,0.0,0.0
5033,-182.05307908353268,-18.205307908353262,0.0,0.0,612.0832956958137,42.80212324085216,1430.030216612281,0.0,0.0
5034,-182.05307908353268,-18.205307908353262,0.0,0.0,612.0832956958137,42.80212324085216,1430.030216612281,0.0,0.0
5035,-182.05307908353268,-18.205307908353262,0.0,0.0,612.0832956958137,42.80212324085216,1430.030216612281,0.0,0.0
5036,-182.05307908353268,-18.205307908353262,0.0,0.0,612.0832956958137,42.80212324085216,1430.030216612281,0.0,0.0
5037,-182.05307908353268,-18.205307908353262,0.0,0.0,612.0832956958137,42.80212324085216,1430.030216612281,0.0,0.0
5038,-182.05307908353268,-18.205307908353262,0.0,0.0,612.0832956958137,42.80212324085216,1430.030216612281,0.0,0.0
5039,-182.05307908353268,-18.205307908353262,0.0,0.0,612.0832956958137,42.80212324085216,1430.030216612281,0.0,0.0
5040,-182.87020887465792,-18.287020887465786,-0.8171297911252395,-0.09990009990008542,612.900425486939,42.85926397687528,1430.030216612281,0.0,0.0
5041,-186.03733028052704,-18.603733028052705,-3.167121405869125,-0.38759098496548017,616.0675468928081,43.08073631844384,1430.030216612281,0.0,-3.167121405869125
5042,-182.87020887465792,-18.287020887465786,3.167121405869125,0.38909909799187403,612.900425486939,42.85926397687528,1430.030216612281,0.0,-3.167121405869125
5043,-173.36869967552605,-17.336869967552605,9.501509199131874,1.1627906976744207,603.3989162878071,42.1948368138157,1430.030216612281,9.501509199131874,-3.167121405869125
5044,-129.0282750857357,-12.902827508573566,44.34042458979036,5.36399052060883,559.0584916980167,39.0941733400863,1430.030216612281,53.84193378892223,-3.167121405869125
5045,-125.86115367986656,-12.586115367986661,3.167121405869125,0.3636307948091888,555.8913702921476,38.87270099851774,1430.030216612281,57.00905519479136,-3.167121405869125
5046,-132.19554147312942,-13.21955414731294,-6.334387793262863,-0.7246432097061883,562.2257580854105,39.315655820008786,1430.030216612281,57.00905519479136,-3.167121405869125
5047,-144.86417207813042,-14.48641720781304,-12.668630605000999,-1.4598485269949446,574.8943886904115,40.20155532463693,1430.030216612281,57.00905519479136,-3.167121405869125
5048,-151.19855987139317,-15.119855987139319,-6.334387793262749,-0.7407463921440871,581.2287764836742,40.64451014612796,1430.030216612281,57.00905519479136,-3.167121405869125
5049,-176.53582108139506,-17.65358210813951,-25.337261210001884,-2.9850634096665662,606.5660376936761,42.41630915538425,1430.030216612281,57.00905519479136,-3.167121405869125
5050,-173.36869967552605,-17.336869967552605,3.167121405869011,0.38460949327852045,603.3989162878071,42.1948368138157,1430.030216612281,57.00905519479136,-3.167121405869125
5051,-182.87020887465792,-18.287020887465786,-9.501509199131874,-1.1494252873563204,612.900425486939,42.85926397687528,1430.030216612281,57.00905519479136,-3.167121405869125
5052,-176.53582108139506,-17.65358210813951,6.334387793262863,0.7751997127089405,606.5660376936761,42.41630915538425,1430.030216612281,57.00905519479136,-3.167121405869125
5053,-170.20157826965692,-17.020157826965686,6.334242811738136,0.7692189865570631,600.231794881938,41.97336447224714,1430.030216612281,57.00905519479136,-3.167121405869125
5054,-179.7030874687888,-17.97030874687888,-9.501509199131874,-1.1450382346255616,609.7333040810698,42.637791635306726,1430.030216612281,57.00905519479136,-3.167121405869125
5055,-173.36869967552605,-17.336869967552605,6.334387793262749,0.7722067091190832,603.3989162878071,42.1948368138157,1430.030216612281,57.00905519479136,-3.167121405869125
5056,-170.20157826965692,-17.020157826965686,3.167121405869125,0.3831359161727832,600.231794881938,41.97336447224714,1430.030216612281,57.00905519479136,-3.167121405869125
5057,-157.5328026831313,-15.75328026831313,12.668775586525612,1.526729294098672,587.5630192954123,41.08745482926506,1430.030216612281,57.00905519479136,-3.167121405869125
5058,-148.03129348399943,-14.803129348399946,9.501509199131874,1.1278194841760847,578.0615100962805,40.42302766620548,1430.030216612281,57.00905519479136,-3.167121405869125
5059,-144.86417207813042,-14.48641720781304,3.167121405869011,0.3717415183968953,574.8943886904115,40.20155532463693,1430.030216612281,57.00905519479136,-3.167121405869125
5060,-151.19855987139317,-15.119855987139319,-6.334387793262749,-0.7407463921440871,581.2287764836742,40.64451014612796,1430.030216612281,57.00905519479136,-3.167121405869125
5061,-151.19855987139317,-15.119855987139319,0.0,0.0,581.2287764836742,40.64451014612796,1430.030216612281,57.00905519479136,-3.167121405869125
5062,-144.86417207813042,-14.48641720781304,6.334387793262749,0.7462743927841409,574.8943886904115,40.20155532463693,1430.030216612281,57.00905519479136,-3.167121405869125
5063,-138.52978428486756,-13.85297842848675,6.334387793262863,0.7407463921440982,568.5600008971486,39.758600503145885,1430.030216612281,57.00905519479136,-3.167121405869125
5064,-154.3656812772623,-15.436568127726225,-15.835896992394737,-1.8382408008440376,584.3958978895433,40.86598248769652,1430.030216612281,57.00905519479136,-3.167121405869125
5065,-154.3656812772623,-15.436568127726225,0.0,0.0,584.3958978895433,40.86598248769652,1430.030216612281,57.00905519479136,-3.167121405869125
5066,-141.6970506722613,-14.169705067226134,12.668630605000999,1.4981216259217112,571.7272672845423,39.98008298306837,1430.030216612281,57.00905519479136,-3.167121405869125
5067,-135.36266287899844,-13.536266287899846,6.334387793262863,0.7380130521774664,565.3928794912795,39.53712816157733,1430.030216612281,57.00905519479136,-3.167121405869125
5068,-148.03129348399943,-14.803129348399946,-12.668630605000999,-1.4651958759014483,578.0615100962805,40.42302766620548,1430.030216612281,57.00905519479136,-3.167121405869125
5069,-148.03129348399943,-14.803129348399946,0.0,0.0,578.0615100962805,40.42302766620548,1430.030216612281,57.00905519479136,-3.167121405869125
5070,-157.5328026831313,-15.75328026831313,-9.501509199131874,-1.1152415724266285,587.5630192954123,41.08745482926506,1430.030216612281,57.00905519479136,-3.167121405869125
5071,-170.20157826965692,-17.020157826965686,-12.668775586525612,-1.503770785007863,600.231794881938,41.97336447224714,1430.030216612281,57.00905519479136,-3.167121405869125
5072,-176.53582108139506,-17.65358210813951,-6.334242811738136,-0.7633471751524401,606.5660376936761,42.41630915538425,1430.030216612281,57.00905519479136,-3.167121405869125
5073,-179.7030874687888,-17.97030874687888,-3.167266387393738,-0.38462709957257646,609.7333040810698,42.637791635306726,1430.030216612281,57.00905519479136,-3.167121405869125
5074,-173.36869967552605,-17.336869967552605,6.334387793262749,0.7722067091190832,603.3989162878071,42.1948368138157,1430.030216612281,57.00905519479136,-3.167121405869125
5075,-179.7030874687888,-17.97030874687888,-6.334387793262749,-0.7662893711835372,609.7333040810698,42.637791635306726,1430.030216612281,57.00905519479136,-3.167121405869125
5076,-179.7030874687888,-17.97030874687888,0.0,0.0,609.7333040810698,42.637791635306726,1430.030216612281,57.00905519479136,-3.167121405869125
5077,-160.70006907052505,-16.070006907052502,19.003018398263748,2.3166024530832052,590.7302856828061,41.30893730918755,1430.030216612281,57.00905519479136,-3.167121405869125
5078,-160.70006907052505,-16.070006907052502,0.0,0.0,590.7302856828061,41.30893730918755,1430.030216612281,57.00905519479136,-3.167121405869125
5079,-148.03129348399943,-14.803129348399946,12.668775586525612,1.5094455652457484,578.0615100962805,40.42302766620548,1430.030216612281,57.00905519479136,-3.167121405869125
5080,-167.03431188226318,-16.703431188226315,-19.003018398263748,-2.230483144853257,597.0645284945442,41.751881992324655,1430.030216612281,57.00905519479136,-3.167121405869125
5081,-148.03129348399943,-14.803129348399946,19.003018398263748,2.2813686889318507,578.0615100962805,40.42302766620548,1430.030216612281,57.00905519479136,-3.167121405869125
5082,-148.03129348399943,-14.803129348399946,0.0,0.0,578.0615100962805,40.42302766620548,1430.030216612281,57.00905519479136,-3.167121405869125
5083,-148.03129348399943,-14.803129348399946,0.0,0.0,578.0615100962805,40.42302766620548,1430.030216612281,57.00905519479136,-3.167121405869125
5084,-154.3656812772623,-15.436568127726225,-6.334387793262863,-0.7435000540297332,584.3958978895433,40.86598248769652,1430.030216612281,57.00905519479136,-3.167121405869125
5085,-151.19855987139317,-15.119855987139319,3.167121405869125,0.3745261203037309,581.2287764836742,40.64451014612796,1430.030216612281,57.00905519479136,-3.167121405869125
5086,-151.19855987139317,-15.119855987139319,0.0,0.0,581.2287764836742,40.64451014612796,1430.030216612281,57.00905519479136,-3.167121405869125
5087,-151.19855987139317,-15.119855987139319,0.0,0.0,581.2287764836742,40.64451014612796,1430.030216612281,57.00905519479136,-3.167121405869125
5088,-144.86417207813042,-14.48641720781304,6.334387793262749,0.7462743927841409,574.8943886904115,40.20155532463693,1430.030216612281,57.00905519479136,-3.167121405869125
5089,-138.52978428486756,-13.85297842848675,6.334387793262863,0.7407463921440982,568.5600008971486,39.758600503145885,1430.030216612281,57.00905519479136,-3.167121405869125
5090,-141.6970506722613,-14.169705067226134,-3.167266387393738,-0.36765825789629725,571.7272672845423,39.98008298306837,1430.030216612281,57.00905519479136,-3.167121405869125
5091,-141.6970506722613,-14.169705067226134,0.0,0.0,571.7272672845423,39.98008298306837,1430.030216612281,57.00905519479136,-3.167121405869125
5092,-129.0282750857357,-12.902827508573566,12.668775586525612,1.4760261043549106,559.0584916980167,39.0941733400863,1430.030216612281,57.00905519479136,-3.167121405869125
5093,-135.36266287899844,-13.536266287899846,-6.334387793262749,-0.727278235569162,565.3928794912795,39.53712816157733,1430.030216612281,57.00905519479136,-3.167121405869125
5094,-141.6970506722613,-14.169705067226134,-6.334387793262863,-0.7326063219007639,571.7272672845423,39.98008298306837,1430.030216612281,57.00905519479136,-3.167121405869125
5095,-148.03129348399943,-14.803129348399946,-6.334242811738136,-0.7379961605280982,578.0615100962805,40.42302766620548,1430.030216612281,57.00905519479136,-3.167121405869125
5096,-151.19855987139317,-15.119855987139319,-3.167266387393738,-0.3717585356328157,581.2287764836742,40.64451014612796,1430.030216612281,57.00905519479136,-3.167121405869125
5097,-119.52676588660381,-11.952676588660383,31.67179398478936,3.7313548831857,549.5569824988848,38.42974617702671,1430.030216612281,63.34344298805411,-3.167121405869125
5098,-110.02525668747194,-11.002525668747198,9.501509199131874,1.0791366314161221,540.055473299753,37.76531901396712,1430.030216612281,72.84495218718598,-3.167121405869125
5099,-113.19252307486568,-11.319252307486572,-3.167266387393738,-0.35588272714403013,543.2227396871467,37.98680149388961,1430.030216612281,72.84495218718598,-3.167121405869125
5100,-97.35662608247094,-9.735662608247097,15.835896992394737,1.7857198325958112,527.386842694752,36.87941950933897,1430.030216612281,85.51358279218698,-3.167121405869125
5101,-56.18346788007432,-5.618346788007433,41.17315820239662,4.561398154810847,486.21368449235536,34.00023851553206,1430.030216612281,126.6867409945836,-3.167121405869125
5102,-62.517710691812454,-6.2517710691812445,-6.334242811738136,-0.6711307331638605,492.5479273040935,34.44318319866917,1430.030216612281,126.6867409945836,-3.167121405869125
5103,-53.01620149268058,-5.301620149268061,9.501509199131874,1.0135134612669239,483.0464181049616,33.77875603560958,1430.030216612281,129.85400738197734,-3.167121405869125
5104,-68.85209848507532,-6.885209848507534,-15.835896992394737,-1.6722458206102409,498.88231509735635,34.8861380201602,1430.030216612281,129.85400738197734,-3.167121405869125
5105,-68.85209848507532,-6.885209848507534,0.0,0.0,498.88231509735635,34.8861380201602,1430.030216612281,129.85400738197734,-3.167121405869125
5106,-75.18648627833807,-7.518648627833802,-6.334387793262749,-0.6802772989078387,505.2167028906191,35.32909284165124,1430.030216612281,129.85400738197734,-3.167121405869125
5107,-97.35662608247094,-9.735662608247097,-22.170139804132873,-2.3972551736311853,527.386842694752,36.87941950933897,1430.030216612281,129.85400738197734,-3.167121405869125
5108,-75.18648627833807,-7.518648627833802,22.170139804132873,2.456134996916126,505.2167028906191,35.32909284165124,1430.030216612281,129.85400738197734,-3.167121405869125
5109,-94.18950467660181,-9.418950467660181,-19.003018398263748,-2.0547946279235507,524.2197212888829,36.657947167770416,1430.030216612281,129.85400738197734,-3.167121405869125
5110,-91.02223828920819,-9.102223828920819,3.1672663873936244,0.34966103878746324,521.0524549014892,36.436464687847945,1430.030216612281,129.85400738197734,-3.167121405869125
5111,-97.35662608247094,-9.735662608247097,-6.334387793262749,-0.6968693910993751,527.386842694752,36.87941950933897,1430.030216612281,129.85400738197734,-3.167121405869125
5112,-62.517710691812454,-6.2517710691812445,34.838915390658485,3.859654476768104,492.5479273040935,34.44318319866917,1430.030216612281,129.85400738197734,-3.167121405869125
5113,-65.68497707920619,-6.568497707920617,-3.167266387393738,-0.33784813041438655,495.71519369148723,34.664665678591646,1430.030216612281,129.85400738197734,-3.167121405869125
5114,-72.01921989094433,-7.201921989094428,-6.334242811738136,-0.6779557918202395,502.04943650322537,35.10761036172876,1430.030216612281,129.85400738197734,-3.167121405869125
5115,-75.18648627833807,-7.518648627833802,-3.167266387393738,-0.3413073261087973,505.2167028906191,35.32909284165124,1430.030216612281,129.85400738197734,-3.167121405869125
5116,-72.01921989094433,-7.201921989094428,3.167266387393738,0.3424762225465283,502.04943650322537,35.10761036172876,1430.030216612281,129.85400738197734,-3.167121405869125
5117,-53.01620149268058,-5.301620149268061,19.003018398263748,2.0477814633219626,483.0464181049616,33.77875603560958,1430.030216612281,129.85400738197734,-3.167121405869125
5118,-56.18346788007432,-5.618346788007433,-3.167266387393738,-0.33445835001466584,486.21368449235536,34.00023851553206,1430.030216612281,129.85400738197734,-3.167121405869125
5119,-75.18648627833807,-7.518648627833802,-19.003018398263748,-2.0134229218872313,505.2167028906191,35.32909284165124,1430.030216612281,129.85400738197734,-3.167121405869125
5120,-65.68497707920619,-6.568497707920617,9.501509199131874,1.0273973139617754,495.71519369148723,34.664665678591646,1430.030216612281,129.85400738197734,-3.167121405869125
5121,-59.35058928594344,-5.935058928594339,6.334387793262749,0.6779713092336381,489.3808058982245,34.22171085710062,1430.030216612281,129.85400738197734,-3.167121405869125
5122,-37.18044948181057,-3.718044948181054,22.170139804132873,2.3568972192629545,467.2106660940916,32.67138418941288,1430.030216612281,145.68975939284735,-3.167121405869125
5123,-46.681958680942444,-4.66819586809425,-9.501509199131874,-0.9868421547961082,476.7121752932235,33.33581135247247,1430.030216612281,145.68975939284735,-3.167121405869125
5124,-49.84908008681157,-4.984908008681154,-3.167121405869125,-0.3322208610976207,479.8792966990926,33.55728369404103,1430.030216612281,145.68975939284735,-3.167121405869125
5125,-40.347570887679694,-4.034757088767971,9.501509199131874,1.0000000000000009,470.37778749996073,32.89285653098144,1430.030216612281,145.68975939284735,-3.167121405869125
5126,-40.347570887679694,-4.034757088767971,0.0,0.0,470.37778749996073,32.89285653098144,1430.030216612281,145.68975939284735,-3.167121405869125
5127,-37.18044948181057,-3.718044948181054,3.167121405869125,0.3300279673963624,467.2106660940916,32.67138418941288,1430.030216612281,145.68975939284735,-3.167121405869125
5128,-40.347570887679694,-4.034757088767971,-3.167121405869125,-0.3289423655932766,470.37778749996073,32.89285653098144,1430.030216612281,145.68975939284735,-3.167121405869125
5129,-37.18044948181057,-3.718044948181054,3.167121405869125,0.3300279673963624,467.2106660940916,32.67138418941288,1430.030216612281,145.68975939284735,-3.167121405869125
5130,-37.18044948181057,-3.718044948181054,0.0,0.0,467.2106660940916,32.67138418941288,1430.030216612281,145.68975939284735,-3.167121405869125
5131,-24.511673895284957,-2.451167389528497,12.668775586525612,1.315799578405663,454.541890507566,31.785474546430812,1430.030216612281,158.35853497937296,-3.167121405869125
5132,-21.344552489415832,-2.1344552489415802,3.167121405869125,0.3246703544383722,451.37476910169687,31.564002204862255,1430.030216612281,161.5256563852421,-3.167121405869125
5133,-24.511673895284957,-2.451167389528497,-3.167121405869125,-0.32361965734982734,454.541890507566,31.785474546430812,1430.030216612281,161.5256563852421,-3.167121405869125
5134,-21.344552489415832,-2.1344552489415802,3.167121405869125,0.3246703544383722,451.37476910169687,31.564002204862255,1430.030216612281,161.5256563852421,-3.167121405869125
5135,-18.17743108354682,-1.8177431083546858,3.167121405869011,0.32361965734981624,448.20764769582786,31.342529863293706,1430.030216612281,164.6927777911111,-3.167121405869125
5136,-21.344552489415832,-2.1344552489415802,-3.167121405869011,-0.32257573884905133,451.37476910169687,31.564002204862255,1430.030216612281,164.6927777911111,-3.167121405869125
5137,-21.344552489415832,-2.1344552489415802,0.0,0.0,451.37476910169687,31.564002204862255,1430.030216612281,164.6927777911111,-3.167121405869125
5138,-24.511673895284957,-2.451167389528497,-3.167121405869125,-0.32361965734982734,454.541890507566,31.785474546430812,1430.030216612281,164.6927777911111,-3.167121405869125
5139,-24.511673895284957,-2.451167389528497,0.0,0.0,454.541890507566,31.785474546430812,1430.030216612281,164.6927777911111,-3.167121405869125
5140,-37.18044948181057,-3.718044948181054,-12.668775586525612,-1.2987111426657538,467.2106660940916,32.67138418941288,1430.030216612281,164.6927777911111,-3.167121405869125
5141,-37.18044948181057,-3.718044948181054,0.0,0.0,467.2106660940916,32.67138418941288,1430.030216612281,164.6927777911111,-3.167121405869125
5142,-30.846061688547707,-3.0846061688547755,6.334387793262863,0.6578997892028315,460.87627830082874,32.22842936792185,1430.030216612281,164.6927777911111,-3.167121405869125
5143,-30.846061688547707,-3.0846061688547755,0.0,0.0,460.87627830082874,32.22842936792185,1430.030216612281,164.6927777911111,-3.167121405869125
5144,-24.511673895284957,-2.451167389528497,6.334387793262749,0.6535997577741925,454.541890507566,31.785474546430812,1430.030216612281,164.6927777911111,-3.167121405869125
5145,-27.678940282678695,-2.76789402826787,-3.167266387393738,-0.3246852168945158,457.70915689495973,32.00695702635329,1430.030216612281,164.6927777911111,-3.167121405869125
5146,-11.843043290283958,-1.184304329028396,15.835896992394737,1.628669546353212,441.873259902565,30.899575041802667,1430.030216612281,171.02716558437396,-3.167121405869125
5147,-11.843043290283958,-1.184304329028396,0.0,0.0,441.873259902565,30.899575041802667,1430.030216612281,171.02716558437396,-3.167121405869125
5148,-11.843043290283958,-1.184304329028396,0.0,0.0,441.873259902565,30.899575041802667,1430.030216612281,171.02716558437396,-3.167121405869125
5149,-18.17743108354682,-1.8177431083546858,-6.334387793262863,-0.641030531663167,448.20764769582786,31.342529863293706,1430.030216612281,171.02716558437396,-3.167121405869125
5150,-21.344552489415832,-2.1344552489415802,-3.167121405869011,-0.32257573884905133,451.37476910169687,31.564002204862255,1430.030216612281,171.02716558437396,-3.167121405869125
5151,-15.010164696153083,-1.5010164696153128,6.334387793262749,0.6472541290579503,445.0403813084341,31.121047383371227,1430.030216612281,171.02716558437396,-3.167121405869125
5152,-27.678940282678695,-2.76789402826787,-12.668775586525612,-1.2861833830617786,457.70915689495973,32.00695702635329,1430.030216612281,171.02716558437396,-3.167121405869125
5153,-30.846061688547707,-3.0846061688547755,-3.167121405869011,-0.32572794492281565,460.87627830082874,32.22842936792185,1430.030216612281,171.02716558437396,-3.167121405869125
5154,-30.846061688547707,-3.0846061688547755,0.0,0.0,460.87627830082874,32.22842936792185,1430.030216612281,171.02716558437396,-3.167121405869125
5155,-27.678940282678695,-2.76789402826787,3.167121405869011,0.32679239908852686,457.70915689495973,32.00695702635329,1430.030216612281,171.02716558437396,-3.167121405869125
5156,-24.511673895284957,-2.451167389528497,3.167266387393738,0.32574285579236584,454.541890507566,31.785474546430812,1430.030216612281,171.02716558437396,-3.167121405869125
5157,-18.17743108354682,-1.8177431083546858,6.334242811738136,0.6493407088767222,448.20764769582786,31.342529863293706,1430.030216612281,171.02716558437396,-3.167121405869125
5158,-24.511673895284957,-2.451167389528497,-6.334242811738136,-0.6451514776981249,454.541890507566,31.785474546430812,1430.030216612281,171.02716558437396,-3.167121405869125
5159,-18.17743108354682,-1.8177431083546858,6.334242811738136,0.6493407088767222,448.20764769582786,31.342529863293706,1430.030216612281,171.02716558437396,-3.167121405869125
5160,22.995872100374527,2.299587210037446,41.17330318392135,4.193558437891731,407.0343445119065,28.463338731132858,1430.030216612281,205.86608097503245,-3.167121405869125
5161,7.15997510797979,0.7159975107979832,-15.835896992394737,-1.5479922670539326,422.87024150430125,29.57072071568349,1430.030216612281,205.86608097503245,-3.167121405869125
5162,26.162993506243538,2.6162993506243515,19.003018398263748,1.8867924528301883,403.8672231060375,28.24186638956431,1430.030216612281,209.03320238090146,-3.167121405869125
5163,89.50643649429776,8.950643649429768,63.34344298805422,6.172844215675655,340.5237801179833,23.81234858971573,1430.030216612281,272.3766453689557,-3.167121405869125
5164,80.00492729516577,8.000492729516573,-9.501509199131988,-0.8720929845724479,350.02528931711527,24.476775752775325,1430.030216612281,272.3766453689557,-3.167121405869125
5165,95.84067930603578,9.58406793060358,15.83575201087001,1.4662666447763373,334.18953730624526,23.369403906578633,1430.030216612281,278.7108881806937,-3.167121405869125
5166,95.84067930603578,9.58406793060358,0.0,0.0,334.18953730624526,23.369403906578633,1430.030216612281,278.7108881806937,-3.167121405869125
5167,102.17506709929853,10.217506709929847,6.334387793262749,0.5780391176273936,327.8551495129825,22.9264490850876,1430.030216612281,285.04527597395645,-3.167121405869125
5168,111.67657629843052,11.167657629843042,9.501509199131988,0.8620689655172598,318.3536403138505,22.262021922028,1430.030216612281,294.54678517308844,-3.167121405869125
5169,102.17506709929853,10.217506709929847,-9.501509199131988,-0.8547008547008628,327.8551495129825,22.9264490850876,1430.030216612281,294.54678517308844,-3.167121405869125
5170,105.34218850516777,10.534218850516774,3.1671214058692385,0.2873519371295874,324.68802810711327,22.704976743519033,1430.030216612281,294.54678517308844,-3.167121405869125
5171,102.17506709929853,10.217506709929847,-3.1671214058692385,-0.2865285916709981,327.8551495129825,22.9264490850876,1430.030216612281,294.54678517308844,-3.167121405869125
5172,89.50643649429776,8.950643649429768,-12.668630605000772,-1.1494209026468027,340.5237801179833,23.81234858971573,1430.030216612281,294.54678517308844,-3.167121405869125
5173,99.00794569342952,9.900794569342942,9.50150919913176,0.8720929845724257,331.0222709188515,23.147921426656147,1430.030216612281,294.54678517308844,-3.167121405869125
5174,111.67657629843052,11.167657629843042,12.668630605000999,1.1527333041261745,318.3536403138505,22.262021922028,1430.030216612281,294.54678517308844,-3.167121405869125
5175,102.17506709929853,10.217506709929847,-9.501509199131988,-0.8547008547008628,327.8551495129825,22.9264490850876,1430.030216612281,294.54678517308844,-3.167121405869125
5176,86.33917010690402,8.633917010690407,-15.83589699239451,-1.4367859939048877,343.691046505377,24.03383106963821,1430.030216612281,294.54678517308844,-3.167121405869125
5177,83.17204870103478,8.317204870103478,-3.1671214058692385,-0.29154075384739686,346.85816791124626,24.25530341120678,1430.030216612281,294.54678517308844,-3.167121405869125
5178,70.50341809603378,7.050341809603378,-12.668630605000999,-1.169586181640625,359.52679851624725,25.14120291583492,1430.030216612281,294.54678517308844,-3.167121405869125
5179,73.67053950190302,7.367053950190305,3.1671214058692385,0.29585346037495075,356.359677110378,24.919730574266357,1430.030216612281,294.54678517308844,-3.167121405869125
5180,76.83766090777203,7.683766090777211,3.167121405869011,0.2949807496197332,353.192555704509,24.69825823269781,1430.030216612281,294.54678517308844,-3.167121405869125
5181,64.16903030277103,6.41690303027711,-12.668630605000999,-1.1764661531545428,365.86118630951,25.584157737325953,1430.030216612281,294.54678517308844,-3.167121405869125
5182,67.33615170864027,6.733615170864038,3.1671214058692385,0.2976145063128044,362.69406490364076,25.36268539575739,1430.030216612281,294.54678517308844,-3.167121405869125
5183,89.50643649429776,8.950643649429768,22.170284785657486,2.077160485023044,340.5237801179833,23.81234858971573,1430.030216612281,294.54678517308844,-3.167121405869125
5184,80.00492729516577,8.000492729516573,-9.501509199131988,-0.8720929845724479,350.02528931711527,24.476775752775325,1430.030216612281,294.54678517308844,-3.167121405869125
5185,86.33917010690402,8.633917010690407,6.33424281173825,0.5865012882489529,343.691046505377,24.03383106963821,1430.030216612281,294.54678517308844,-3.167121405869125
5186,86.33917010690402,8.633917010690407,0.0,0.0,343.691046505377,24.03383106963821,1430.030216612281,294.54678517308844,-3.167121405869125
5187,64.16903030277103,6.41690303027711,-22.170139804132987,-2.04081196869218,365.86118630951,25.584157737325953,1430.030216612281,294.54678517308844,-3.167121405869125
5188,54.667521103639274,5.466752110363937,-9.50150919913176,-0.8928571428571286,375.36269550864176,26.248584900385534,1430.030216612281,294.54678517308844,-3.167121405869125
5189,64.16903030277103,6.41690303027711,9.50150919913176,0.9009009009008917,365.86118630951,25.584157737325953,1430.030216612281,294.54678517308844,-3.167121405869125
5190,67.33615170864027,6.733615170864038,3.1671214058692385,0.2976145063128044,362.69406490364076,25.36268539575739,1430.030216612281,294.54678517308844,-3.167121405869125
5191,57.834642509508285,5.7834642509508205,-9.501509199131988,-0.8902077554406418,372.19557410277275,26.027112558816984,1430.030216612281,294.54678517308844,-3.167121405869125
5192,45.166011904507286,4.51660119045072,-12.668630605000999,-1.1976002766318161,384.86420470777375,26.91301206344513,1430.030216612281,294.54678517308844,-3.167121405869125
5193,35.664502705375526,3.5664502705375467,-9.50150919913176,-0.9090909090908927,394.3657139069055,27.577439226504712,1430.030216612281,294.54678517308844,-3.167121405869125
5194,19.82860571298079,1.982860571298084,-15.835896992394737,-1.5290566540639428,410.20161089930025,28.684821211055343,1430.030216612281,294.54678517308844,-3.167121405869125
5195,13.494362901242539,1.3494362901242507,-6.33424281173825,-0.6211085643464398,416.5358537110385,29.127765894192457,1430.030216612281,294.54678517308844,-3.167121405869125
5196,16.661484307111664,1.6661484307111563,3.167121405869125,0.31249521672749303,413.3687323051694,28.9062935526239,1430.030216612281,294.54678517308844,-3.167121405869125
5197,29.33011491211255,2.933011491211257,12.668630605000885,1.2461011654862686,400.7001017001685,28.02039404799576,1430.030216612281,294.54678517308844,-3.167121405869125
5198,38.83162411124454,3.8831624111244523,9.501509199131988,0.9230769664155147,391.1985925010365,27.355966884936166,1430.030216612281,294.54678517308844,-3.167121405869125
5199,41.998890498638275,4.199889049863836,3.167266387393738,0.30488736710374553,388.03132611364276,27.13448440501368,1430.030216612281,294.54678517308844,-3.167121405869125
5200,29.33011491211255,2.933011491211257,-12.668775586525726,-1.2158146905956069,400.7001017001685,28.02039404799576,1430.030216612281,294.54678517308844,-3.167121405869125
5201,26.162993506243538,2.6162993506243515,-3.167121405869011,-0.30768762712625186,403.8672231060375,28.24186638956431,1430.030216612281,294.54678517308844,-3.167121405869125
5202,29.33011491211255,2.933011491211257,3.167121405869011,0.3086372658058334,400.7001017001685,28.02039404799576,1430.030216612281,294.54678517308844,-3.167121405869125
5203,16.661484307111664,1.6661484307111563,-12.668630605000885,-1.2307645935417444,413.3687323051694,28.9062935526239,1430.030216612281,294.54678517308844,-3.167121405869125
5204,7.15997510797979,0.7159975107979832,-9.501509199131874,-0.9345794392523366,422.87024150430125,29.57072071568349,1430.030216612281,294.54678517308844,-3.167121405869125
5205,-5.508655497021209,-0.5508655497021175,-12.668630605000999,-1.257856836858784,435.53887210930225,30.456620220311635,1430.030216612281,294.54678517308844,-3.167121405869125
5206,-5.508655497021209,-0.5508655497021175,0.0,0.0,435.53887210930225,30.456620220311635,1430.030216612281,294.54678517308844,-3.167121405869125
5207,-5.508655497021209,-0.5508655497021175,0.0,0.0,435.53887210930225,30.456620220311635,1430.030216612281,294.54678517308844,-3.167121405869125
5208,-11.843043290283958,-1.184304329028396,-6.334387793262749,-0.6369475036938077,441.873259902565,30.899575041802667,1430.030216612281,294.54678517308844,-3.167121405869125
5209,-24.511673895284957,-2.451167389528497,-12.668630605000999,-1.2820463914137603,454.541890507566,31.785474546430812,1430.030216612281,294.54678517308844,-3.167121405869125
5210,-27.678940282678695,-2.76789402826787,-3.167266387393738,-0.3246852168945158,457.70915689495973,32.00695702635329,1430.030216612281,294.54678517308844,-3.167121405869125
5211,-34.01318309441683,-3.401318309441681,-6.334242811738136,-0.6514558898456535,464.04339970669787,32.449901709490405,1430.030216612281,294.54678517308844,-3.167121405869125
5212,-11.843043290283958,-1.184304329028396,22.170139804132873,2.295076849511468,441.873259902565,30.899575041802667,1430.030216612281,294.54678517308844,-3.167121405869125
5213,0.8255873147169268,0.08255873147169357,12.668630605000885,1.2820463914137603,429.2046292975641,30.013675537174528,1430.030216612281,294.54678517308844,-3.167121405869125
5214,-5.508655497021209,-0.5508655497021175,-6.334242811738136,-0.6329017655047564,435.53887210930225,30.456620220311635,1430.030216612281,294.54678517308844,-3.167121405869125
5215,-18.17743108354682,-1.8177431083546858,-12.668775586525612,-1.2738950073876376,448.20764769582786,31.342529863293706,1430.030216612281,294.54678517308844,-3.167121405869125
5216,-27.678940282678695,-2.76789402826787,-9.501509199131874,-0.9677419831179646,457.70915689495973,32.00695702635329,1430.030216612281,294.54678517308844,-3.167121405869125
5217,-30.846061688547707,-3.0846061688547755,-3.167121405869011,-0.32572794492281565,460.87627830082874,32.22842936792185,1430.030216612281,294.54678517308844,-3.167121405869125
5218,-34.01318309441683,-3.401318309441681,-3.167121405869125,-0.32679239908854907,464.04339970669787,32.449901709490405,1430.030216612281,294.54678517308844,-3.167121405869125
5219,-34.01318309441683,-3.401318309441681,0.0,0.0,464.04339970669787,32.449901709490405,1430.030216612281,294.54678517308844,-3.167121405869125
5220,-27.678940282678695,-2.76789402826787,6.334242811738136,0.655727666349426,457.70915689495973,32.00695702635329,1430.030216612281,294.54678517308844,-3.167121405869125
5221,-21.344552489415832,-2.1344552489415802,6.334387793262863,0.6514708007151926,451.37476910169687,31.564002204862255,1430.030216612281,294.54678517308844,-3.167121405869125
5222,-18.17743108354682,-1.8177431083546858,3.167121405869011,0.32361965734981624,448.20764769582786,31.342529863293706,1430.030216612281,294.54678517308844,-3.167121405869125
5223,-8.675921884414947,-0.8675921884414906,9.501509199131874,0.9677419831179757,438.706138496696,30.678102700234117,1430.030216612281,294.54678517308844,-3.167121405869125
5224,-18.17743108354682,-1.8177431083546858,-9.501509199131874,-0.9584665003994797,448.20764769582786,31.342529863293706,1430.030216612281,294.54678517308844,-3.167121405869125
5225,-2.3415340911520843,-0.23415340911521199,15.835896992394737,1.6129082273868889,432.3717507034331,30.235147878743078,1430.030216612281,294.54678517308844,-3.167121405869125
5226,16.661484307111664,1.6661484307111563,19.003018398263748,1.904761904761898,413.3687323051694,28.9062935526239,1430.030216612281,294.54678517308844,-3.167121405869125
5227,7.15997510797979,0.7159975107979832,-9.501509199131874,-0.9345794392523366,422.87024150430125,29.57072071568349,1430.030216612281,294.54678517308844,-3.167121405869125
5228,0.8255873147169268,0.08255873147169357,-6.334387793262863,-0.6289356159714043,429.2046292975641,30.013675537174528,1430.030216612281,294.54678517308844,-3.167121405869125
5229,13.494362901242539,1.3494362901242507,12.668775586525612,1.2658325033952034,416.5358537110385,29.127765894192457,1430.030216612281,294.54678517308844,-3.167121405869125
5230,3.992853702110665,0.3992853702110555,-9.501509199131874,-0.9374999552965169,426.0373629101704,29.79219305725205,1430.030216612281,294.54678517308844,-3.167121405869125
5231,7.15997510797979,0.7159975107979832,3.167121405869125,0.3154525845667777,422.87024150430125,29.57072071568349,1430.030216612281,294.54678517308844,-3.167121405869125
5232,7.15997510797979,0.7159975107979832,0.0,0.0,422.87024150430125,29.57072071568349,1430.030216612281,294.54678517308844,-3.167121405869125
5233,3.992853702110665,0.3992853702110555,-3.167121405869125,-0.3144606104437009,426.0373629101704,29.79219305725205,1430.030216612281,294.54678517308844,-3.167121405869125
5234,-2.3415340911520843,-0.23415340911521199,-6.334387793262749,-0.6309196096272451,432.3717507034331,30.235147878743078,1430.030216612281,294.54678517308844,-3.167121405869125
5235,-8.675921884414947,-0.8675921884414906,-6.334387793262863,-0.6349254789806635,438.706138496696,30.678102700234117,1430.030216612281,294.54678517308844,-3.167121405869125
5236,-15.010164696153083,-1.5010164696153128,-6.334242811738136,-0.6389679169075513,445.0403813084341,31.121047383371227,1430.030216612281,294.54678517308844,-3.167121405869125
5237,-24.511673895284957,-2.451167389528497,-9.501509199131874,-0.9646301777521238,454.541890507566,31.785474546430812,1430.030216612281,294.54678517308844,-3.167121405869125
5238,-27.678940282678695,-2.76789402826787,-3.167266387393738,-0.3246852168945158,457.70915689495973,32.00695702635329,1430.030216612281,294.54678517308844,-3.167121405869125
5239,-18.17743108354682,-1.8177431083546858,9.501509199131874,0.9771987456380193,448.20764769582786,31.342529863293706,1430.030216612281,294.54678517308844,-3.167121405869125
5240,-19.159253652463235,-1.9159253652463182,-0.9818225689164137,-0.10000000000000009,449.1894702647443,31.41118733343041,1430.030216612281,294.54678517308844,-3.167121405869125
5241,-19.159253652463235,-1.9159253652463182,0.0,0.0,449.1894702647443,31.41118733343041,1430.030216612281,0.0,0.0
5242,-19.159253652463235,-1.9159253652463182,0.0,0.0,449.1894702647443,31.41118733343041,1430.030216612281,0.0,0.0
5243,-19.159253652463235,-1.9159253652463182,0.0,0.0,449.1894702647443,31.41118733343041,1430.030216612281,0.0,0.0
5244,-19.159253652463235,-1.9159253652463182,0.0,0.0,449.1894702647443,31.41118733343041,1430.030216612281,0.0,0.0
5245,-19.159253652463235,-1.9159253652463182,0.0,0.0,449.1894702647443,31.41118733343041,1430.030216612281,0.0,0.0
5246,-19.159253652463235,-1.9159253652463182,0.0,0.0,449.1894702647443,31.41118733343041,1430.030216612281,0.0,0.0
5247,-19.159253652463235,-1.9159253652463182,0.0,0.0,449.1894702647443,31.41118733343041,1430.030216612281,0.0,0.0
5248,-19.159253652463235,-1.9159253652463182,0.0,0.0,449.1894702647443,31.41118733343041,1430.030216612281,0.0,0.0
5249,-19.159253652463235,-1.9159253652463182,0.0,0.0,449.1894702647443,31.41118733343041,1430.030216612281,0.0,0.0
5250,-19.159253652463235,-1.9159253652463182,0.0,0.0,449.1894702647443,31.41118733343041,1430.030216612281,0.0,0.0
5251,-19.159253652463235,-1.9159253652463182,0.0,0.0,449.1894702647443,31.41118733343041,1430.030216612281,0.0,0.0
5252,-19.159253652463235,-1.9159253652463182,0.0,0.0,449.1894702647443,31.41118733343041,1430.030216612281,0.0,0.0
5253,-19.159253652463235,-1.9159253652463182,0.0,0.0,449.1894702647443,31.41118733343041,1430.030216612281,0.0,0.0
5254,-19.159253652463235,-1.9159253652463182,0.0,0.0,449.1894702647443,31.41118733343041,1430.030216612281,0.0,0.0
5255,-19.159253652463235,-1.9159253652463182,0.0,0.0,449.1894702647443,31.41118733343041,1430.030216612281,0.0,0.0
5256,-19.159253652463235,-1.9159253652463182,0.0,0.0,449.1894702647443,31.41118733343041,1430.030216612281,0.0,0.0
5257,-19.159253652463235,-1.9159253652463182,0.0,0.0,449.1894702647443,31.41118733343041,1430.030216612281,0.0,0.0
5258,-19.159253652463235,-1.9159253652463182,0.0,0.0,449.1894702647443,31.41118733343041,1430.030216612281,0.0,0.0
5259,-19.159253652463235,-1.9159253652463182,0.0,0.0,449.1894702647443,31.41118733343041,1430.030216612281,0.0,0.0
5260,-19.159253652463235,-1.9159253652463182,0.0,0.0,449.1894702647443,31.41118733343041,1430.030216612281,0.0,0.0
5261,-19.159253652463235,-1.9159253652463182,0.0,0.0,449.1894702647443,31.41118733343041,1430.030216612281,0.0,0.0
5262,-19.159253652463235,-1.9159253652463182,0.0,0.0,449.1894702647443,31.41118733343041,1430.030216612281,0.0,0.0
5263,-19.159253652463235,-1.9159253652463182,0.0,0.0,449.1894702647443,31.41118733343041,1430.030216612281,0.0,0.0
5264,-19.159253652463235,-1.9159253652463182,0.0,0.0,449.1894702647443,31.41118733343041,1430.030216612281,0.0,0.0
5265,-19.159253652463235,-1.9159253652463182,0.0,0.0,449.1894702647443,31.41118733343041,1430.030216612281,0.0,0.0
5266,-19.159253652463235,-1.9159253652463182,0.0,0.0,449.1894702647443,31.41118733343041,1430.030216612281,0.0,0.0
5267,-19.159253652463235,-1.9159253652463182,0.0,0.0,449.1894702647443,31.41118733343041,1430.030216612281,0.0,0.0
5268,-19.159253652463235,-1.9159253652463182,0.0,0.0,449.1894702647443,31.41118733343041,1430.030216612281,0.0,0.0
5269,-19.159253652463235,-1.9159253652463182,0.0,0.0,449.1894702647443,31.41118733343041,1430.030216612281,0.0,0.0
5270,-19.159253652463235,-1.9159253652463182,0.0,0.0,449.1894702647443,31.41118733343041,1430.030216612281,0.0,0.0
5271,-19.159253652463235,-1.9159253652463182,0.0,0.0,449.1894702647443,31.41118733343041,1430.030216612281,0.0,0.0
5272,-19.159253652463235,-1.9159253652463182,0.0,0.0,449.1894702647443,31.41118733343041,1430.030216612281,0.0,0.0
5273,-19.159253652463235,-1.9159253652463182,0.0,0.0,449.1894702647443,31.41118733343041,1430.030216612281,0.0,0.0
5274,-19.159253652463235,-1.9159253652463182,0.0,0.0,449.1894702647443,31.41118733343041,1430.030216612281,0.0,0.0
5275,-19.159253652463235,-1.9159253652463182,0.0,0.0,449.1894702647443,31.41118733343041,1430.030216612281,0.0,0.0
5276,-19.159253652463235,-1.9159253652463182,0.0,0.0,449.1894702647443,31.41118733343041,1430.030216612281,0.0,0.0
5277,-19.159253652463235,-1.9159253652463182,0.0,0.0,449.1894702647443,31.41118733343041,1430.030216612281,0.0,0.0
5278,-19.159253652463235,-1.9159253652463182,0.0,0.0,449.1894702647443,31.41118733343041,1430.030216612281,0.0,0.0
5279,-19.159253652463235,-1.9159253652463182,0.0,0.0,449.1894702647443,31.41118733343041,1430.030216612281,0.0,0.0
5280,-19.159253652463235,-1.9159253652463182,0.0,0.0,449.1894702647443,31.41118733343041,1430.030216612281,0.0,0.0
5281,-19.159253652463235,-1.9159253652463182,0.0,0.0,449.1894702647443,31.41118733343041,1430.030216612281,0.0,0.0
5282,-19.159253652463235,-1.9159253652463182,0.0,0.0,449.1894702647443,31.41118733343041,1430.030216612281,0.0,0.0
5283,-19.159253652463235,-1.9159253652463182,0.0,0.0,449.1894702647443,31.41118733343041,1430.030216612281,0.0,0.0
5284,-19.159253652463235,-1.9159253652463182,0.0,0.0,449.1894702647443,31.41118733343041,1430.030216612281,0.0,0.0
5285,-19.159253652463235,-1.9159253652463182,0.0,0.0,449.1894702647443,31.41118733343041,1430.030216612281,0.0,0.0
5286,-19.159253652463235,-1.9159253652463182,0.0,0.0,449.1894702647443,31.41118733343041,1430.030216612281,0.0,0.0
5287,-19.159253652463235,-1.9159253652463182,0.0,0.0,449.1894702647443,31.41118733343041,1430.030216612281,0.0,0.0
5288,-20.139114537925366,-2.0139114537925384,-0.9798608854621307,-0.09990009990010762,450.1693311502064,31.479707625804608,1430.030216612281,0.0,0.0
5289,-26.024209800432004,-2.6024209800431963,-5.885095262506638,-0.6006051828195358,456.05442641271304,31.891244053087124,1430.030216612281,0.0,-5.885095262506638
5290,-28.966690082628702,-2.8966690082628754,-2.9424802821966978,-0.30211020764631114,458.99690669490974,32.097007557103666,1430.030216612281,0.0,-8.827575544703336
5291,-15.2397652561433,-1.5239765256143345,13.726924826485401,1.4136409828879648,445.26998186842434,31.13710302732357,1430.030216612281,4.899349281782065,-8.827575544703336
5292,-15.2397652561433,-1.5239765256143345,0.0,0.0,445.26998186842434,31.13710302732357,1430.030216612281,0.0,0.0
5293,-15.2397652561433,-1.5239765256143345,0.0,0.0,445.26998186842434,31.13710302732357,1430.030216612281,0.0,0.0
5294,-16.223541714428734,-1.6223541714428746,-0.9837764582854334,-0.09990009990008542,446.2537583267098,31.205897130193367,1430.030216612281,0.0,0.0
5295,10.285405977381401,1.0285405977381368,26.508947691810135,2.6946109015464126,419.74481063489964,29.352163734642506,1430.030216612281,26.508947691810135,0.0
5296,4.39461860018821,0.4394618600188194,-5.890787377193192,-0.5830815076947715,425.6355980120928,29.76409820349229,1430.030216612281,26.508947691810135,0.0
5297,16.17632818605489,1.6176328186054967,11.781709585866679,1.1730160006518942,413.85388842622615,28.940219837217107,1430.030216612281,32.39986990048362,0.0
5298,7.340012288784806,0.7340012288784781,-8.836315897270083,-0.8695652173913104,422.69020432349623,29.5581309690674,1430.030216612281,32.39986990048362,0.0
5299,10.285405977381401,1.0285405977381368,2.945393688596596,0.2923931991844819,419.74481063489964,29.352163734642506,1430.030216612281,32.39986990048362,0.0
5300,-10.332619505755247,-1.0332619505755258,-20.61802548313665,-2.040811968692169,440.3628361180363,30.79395323276797,1430.030216612281,32.39986990048362,0.0
5301,-25.059857611698817,-2.505985761169882,-14.72723810594357,-1.4880997794015083,455.09007422397985,31.823808262043652,1430.030216612281,32.39986990048362,-8.836315897270083
5302,-10.332619505755247,-1.0332619505755258,14.72723810594357,1.5105786976692182,440.3628361180363,30.79395323276797,1430.030216612281,32.39986990048362,-8.836315897270083
5303,-10.332619505755247,-1.0332619505755258,0.0,0.0,440.3628361180363,30.79395323276797,1430.030216612281,32.39986990048362,-8.836315897270083
5304,-14.264735181157448,-1.426473518115745,-3.9321156754022013,-0.3973168918064651,444.2949517934385,31.068920546725664,1430.030216612281,32.39986990048362,-8.836315897270083
5305,-14.264735181157448,-1.426473518115745,0.0,0.0,444.2949517934385,31.068920546725664,1430.030216612281,0.0,0.0
5306,-14.264735181157448,-1.426473518115745,0.0,0.0,444.2949517934385,31.068920546725664,1430.030216612281,0.0,0.0
5307,-14.264735181157448,-1.426473518115745,0.0,0.0,444.2949517934385,31.068920546725664,1430.030216612281,0.0,0.0
5308,-14.264735181157448,-1.426473518115745,0.0,0.0,444.2949517934385,31.068920546725664,1430.030216612281,0.0,0.0
5309,-14.264735181157448,-1.426473518115745,0.0,0.0,444.2949517934385,31.068920546725664,1430.030216612281,0.0,0.0
5310,-14.264735181157448,-1.426473518115745,0.0,0.0,444.2949517934385,31.068920546725664,1430.030216612281,0.0,0.0
5311,-15.249485695461772,-1.5249485695461806,-0.9847505143043236,-0.09990009990007431,445.2797023077428,31.137782763961685,1430.030216612281,0.0,0.0
5312,-18.039232222195892,-1.8039232222195944,-2.7897465267341204,-0.2832947519407325,448.06944883447693,31.332865811461406,1430.030216612281,0.0,-2.7897465267341204
5313,-15.249485695461772,-1.5249485695461806,2.7897465267341204,0.284099591172815,445.2797023077428,31.137782763961685,1430.030216612281,0.0,-2.7897465267341204
5314,-23.618469874535663,-2.361846987453564,-8.368984179073891,-0.8498583202045218,453.6486864868167,31.72301404661947,1430.030216612281,0.0,-8.368984179073891
5315,-18.039232222195892,-1.8039232222195944,5.579237652339771,0.571419827208608,448.06944883447693,31.332865811461406,1430.030216612281,0.0,-8.368984179073891
5316,-12.459866869292,-1.2459866869292013,5.579365352903892,0.5681861776952735,442.49008348157304,30.942708646382666,1430.030216612281,2.7896188261697716,-8.368984179073891
5317,-31.98745405360944,-3.1987454053609476,-19.52758718431744,-1.9773968195511138,462.0176706658905,32.30824532927724,1430.030216612281,2.7896188261697716,-16.73796835814767
5318,-29.197835227439555,-2.9197835227439572,2.7896188261698853,0.2881800280225333,459.2280518397206,32.11317121169821,1430.030216612281,2.7896188261697716,-16.73796835814767
5319,-26.40821640126967,-2.640821640126967,2.7896188261698853,0.2873519371295874,456.4384330135507,31.91809709411918,1430.030216612281,2.7896188261697716,-16.73796835814767
5320,-37.56681940651333,-3.7566819406513297,-11.158603005243663,-1.1461274831220947,467.59703601879437,32.69840249435598,1430.030216612281,2.7896188261697716,-22.31733371105156
5321,-31.98745405360944,-3.1987454053609476,5.579365352903892,0.5797145677649329,462.0176706658905,32.30824532927724,1430.030216612281,2.7896188261697716,-22.31733371105156
5322,-59.88415311756489,-5.98841531175649,-27.896699063955452,-2.8818530483695204,489.91436972984593,34.25902222475028,1430.030216612281,2.7896188261697716,-44.63466742210312
5323,-54.304787764661,-5.430478776466097,5.579365352903892,0.5934763647912122,484.33500437694204,33.868865059671535,1430.030216612281,2.7896188261697716,-44.63466742210312
5324,-40.35643823268322,-4.03564382326832,13.948349531977783,1.4749307548050261,470.38665484496426,32.893476611935014,1430.030216612281,2.7896188261697716,-44.63466742210312
5325,-29.197835227439555,-2.9197835227439572,11.158603005243663,1.162786210402289,459.2280518397206,32.11317121169821,1430.030216612281,2.7896188261697716,-44.63466742210312
5326,-40.35643823268322,-4.03564382326832,-11.158603005243663,-1.149420902646825,470.38665484496426,32.893476611935014,1430.030216612281,2.7896188261697716,-44.63466742210312
5327,-31.98745405360944,-3.1987454053609476,8.368984179073777,0.8720929845724257,462.0176706658905,32.30824532927724,1430.030216612281,2.7896188261697716,-44.63466742210312
5328,-40.35643823268322,-4.03564382326832,-8.368984179073777,-0.8645532761036412,470.38665484496426,32.893476611935014,1430.030216612281,2.7896188261697716,-44.63466742210312
5329,-54.304787764661,-5.430478776466097,-13.948349531977783,-1.4534927433150213,484.33500437694204,33.868865059671535,1430.030216612281,2.7896188261697716,-44.63466742210312
5330,-73.83237494897844,-7.383237494897843,-19.52758718431744,-2.064892254044526,503.8625915612595,35.234401742566114,1430.030216612281,2.7896188261697716,-58.58288925351667
5331,-57.09440659083077,-5.709440659083076,16.73796835814767,1.807228832602048,487.1246232031118,34.06393917725056,1430.030216612281,2.7896188261697716,-58.58288925351667
5332,-68.25313729663867,-6.825313729663862,-11.158730705807898,-1.1834409281063274,498.2833539089197,34.844253507408055,1430.030216612281,2.7896188261697716,-58.58288925351667
5333,-101.72907401293389,-10.172907401293385,-33.47593671629522,-3.5928145353952057,531.7592906252149,37.185178638039154,1430.030216612281,2.7896188261697716,-86.47958831747212
5334,-79.41174030188233,-7.941174030188236,22.31733371105156,2.4844769061770577,509.44195691416337,35.624558907644854,1430.030216612281,2.7896188261697716,-86.47958831747212
5335,-82.20135912805222,-8.220135912805226,-2.7896188261698853,-0.3030256791548336,512.2315757403333,35.81963302522389,1430.030216612281,2.7896188261697716,-86.47958831747212
5336,-101.72907401293389,-10.172907401293385,-19.527714884881675,-2.1276687516479154,531.7592906252149,37.185178638039154,1430.030216612281,2.7896188261697716,-86.47958831747212
5337,-107.30831166527355,-10.730831166527356,-5.579237652339657,-0.6211085643464287,537.3385282775546,37.5753268731972,1430.030216612281,2.7896188261697716,-92.05882596981178
5338,-104.51869283910378,-10.451869283910376,2.7896188261697716,0.3124952167274708,534.5489094513848,37.38025275561818,1430.030216612281,2.7896188261697716,-92.05882596981178
5339,-82.20135912805222,-8.220135912805226,22.31733371105156,2.4922165915230776,512.2315757403333,35.81963302522389,1430.030216612281,2.7896188261697716,-92.05882596981178
5340,-98.93932748619977,-9.893932748619982,-16.737968358147555,-1.823708122104628,528.9695440984808,36.990095590539426,1430.030216612281,2.7896188261697716,-92.05882596981178
5341,-104.51869283910378,-10.451869283910376,-5.579365352904006,-0.6191997412714256,534.5489094513848,37.38025275561818,1430.030216612281,2.7896188261697716,-92.05882596981178
5342,-115.67729584434733,-11.567729584434726,-11.158603005243549,-1.2461011654862575,545.7075124566284,38.16055815585497,1430.030216612281,2.7896188261697716,-100.42781014888556
5343,-132.415264202495,-13.241526420249494,-16.73796835814767,-1.8927443883880568,562.445480814776,39.33102072117053,1430.030216612281,2.7896188261697716,-117.16577850703322
5344,-137.9946295553989,-13.799462955539887,-5.579365352903892,-0.6430916915308837,568.0248461676799,39.72117788624927,1430.030216612281,2.7896188261697716,-122.74514385993712
5345,-137.9946295553989,-13.799462955539887,0.0,0.0,568.0248461676799,39.72117788624927,1430.030216612281,2.7896188261697716,-122.74514385993712
5346,-137.9946295553989,-13.799462955539887,0.0,0.0,568.0248461676799,39.72117788624927,1430.030216612281,2.7896188261697716,-122.74514385993712
5347,-129.6256453763251,-12.962564537632515,8.368984179073777,0.9708737864077666,559.6558619886061,39.1359466035915,1430.030216612281,2.7896188261697716,-122.74514385993712
5348,-146.36361373447266,-14.63636137344727,-16.737968358147555,-1.9230769230769162,576.3938303467537,40.306409168907045,1430.030216612281,2.7896188261697716,-131.1141280390109
5349,-160.31196326645045,-16.03119632664505,-13.948349531977783,-1.6339919146369564,590.3421798787315,41.281797616643566,1430.030216612281,2.7896188261697716,-145.06247757098868
5350,-188.20853462984167,-18.820853462984168,-27.896571363391217,-3.3222542352646878,618.2387512421227,43.23256558219592,1430.030216612281,2.7896188261697716,-172.9590489343799
5351,-168.68094744552423,-16.86809474455242,19.52758718431744,2.4054930382168216,598.7111640578053,41.86702889930134,1430.030216612281,2.7896188261697716,-172.9590489343799
5352,-168.68094744552423,-16.86809474455242,0.0,0.0,598.7111640578053,41.86702889930134,1430.030216612281,2.7896188261697716,-172.9590489343799
5353,-168.68094744552423,-16.86809474455242,0.0,0.0,598.7111640578053,41.86702889930134,1430.030216612281,2.7896188261697716,-172.9590489343799
5354,-160.31196326645045,-16.03119632664505,8.368984179073777,1.0067114609436212,590.3421798787315,41.281797616643566,1430.030216612281,2.7896188261697716,-172.9590489343799
5355,-160.31196326645045,-16.03119632664505,0.0,0.0,590.3421798787315,41.281797616643566,1430.030216612281,2.7896188261697716,-172.9590489343799
5356,-149.15323256064255,-14.91532325606425,11.158730705807898,1.3289138605828255,579.1834491729236,40.50148328648607,1430.030216612281,2.7896188261697716,-172.9590489343799
5357,-151.94297908737667,-15.194297908737664,-2.7897465267341204,-0.32787884181895155,581.9731956996577,40.69656633398579,1430.030216612281,2.7896188261697716,-172.9590489343799
5358,-149.15323256064255,-14.91532325606425,2.7897465267341204,0.32895742360956604,579.1834491729236,40.50148328648607,1430.030216612281,2.7896188261697716,-172.9590489343799
5359,-158.3646945229766,-15.836469452297663,-9.211461962334056,-1.082622901660213,588.3949111352576,41.1456278545747,1430.030216612281,2.7896188261697716,-172.9590489343799
5360,-158.3646945229766,-15.836469452297663,0.0,0.0,588.3949111352576,41.1456278545747,1430.030216612281,0.0,0.0
5361,-158.3646945229766,-15.836469452297663,0.0,0.0,588.3949111352576,41.1456278545747,1430.030216612281,0.0,0.0
5362,-159.20548903394263,-15.92054890339426,-0.8407945109660204,-0.09990009990009652,589.2357056462237,41.20442343114355,1430.030216612281,0.0,0.0
5363,-159.20548903394263,-15.92054890339426,0.0,0.0,589.2357056462237,41.20442343114355,1430.030216612281,0.0,0.0
5364,-168.6759454662904,-16.86759454662904,-9.47045643234776,-1.126369916647807,598.7061620785714,41.86667911793479,1430.030216612281,0.0,-9.47045643234776
5365,-168.6759454662904,-16.86759454662904,0.0,0.0,598.7061620785714,41.86667911793479,1430.030216612281,0.0,0.0
5366,-168.6759454662904,-16.86759454662904,0.0,0.0,598.7061620785714,41.86667911793479,1430.030216612281,0.0,0.0
5367,-168.6759454662904,-16.86759454662904,0.0,0.0,598.7061620785714,41.86667911793479,1430.030216612281,0.0,0.0
5368,-168.6759454662904,-16.86759454662904,0.0,0.0,598.7061620785714,41.86667911793479,1430.030216612281,0.0,0.0
5369,-168.6759454662904,-16.86759454662904,0.0,0.0,598.7061620785714,41.86667911793479,1430.030216612281,0.0,0.0
5370,-168.6759454662904,-16.86759454662904,0.0,0.0,598.7061620785714,41.86667911793479,1430.030216612281,0.0,0.0
5371,-168.6759454662904,-16.86759454662904,0.0,0.0,598.7061620785714,41.86667911793479,1430.030216612281,0.0,0.0
5372,-168.6759454662904,-16.86759454662904,0.0,0.0,598.7061620785714,41.86667911793479,1430.030216612281,0.0,0.0
5373,-168.6759454662904,-16.86759454662904,0.0,0.0,598.7061620785714,41.86667911793479,1430.030216612281,0.0,0.0
5374,-168.6759454662904,-16.86759454662904,0.0,0.0,598.7061620785714,41.86667911793479,1430.030216612281,0.0,0.0
5375,-168.6759454662904,-16.86759454662904,0.0,0.0,598.7061620785714,41.86667911793479,1430.030216612281,0.0,0.0
5376,-168.6759454662904,-16.86759454662904,0.0,0.0,598.7061620785714,41.86667911793479,1430.030216612281,0.0,0.0
5377,-168.6759454662904,-16.86759454662904,0.0,0.0,598.7061620785714,41.86667911793479,1430.030216612281,0.0,0.0
5378,-168.6759454662904,-16.86759454662904,0.0,0.0,598.7061620785714,41.86667911793479,1430.030216612281,0.0,0.0
5379,-168.6759454662904,-16.86759454662904,0.0,0.0,598.7061620785714,41.86667911793479,1430.030216612281,0.0,0.0
5380,-168.6759454662904,-16.86759454662904,0.0,0.0,598.7061620785714,41.86667911793479,1430.030216612281,0.0,0.0
5381,-168.6759454662904,-16.86759454662904,0.0,0.0,598.7061620785714,41.86667911793479,1430.030216612281,0.0,0.0
5382,-168.6759454662904,-16.86759454662904,0.0,0.0,598.7061620785714,41.86667911793479,1430.030216612281,0.0,0.0
5383,-168.6759454662904,-16.86759454662904,0.0,0.0,598.7061620785714,41.86667911793479,1430.030216612281,0.0,0.0
5384,-168.6759454662904,-16.86759454662904,0.0,0.0,598.7061620785714,41.86667911793479,1430.030216612281,0.0,0.0
5385,-168.6759454662904,-16.86759454662904,0.0,0.0,598.7061620785714,41.86667911793479,1430.030216612281,0.0,0.0
5386,-168.6759454662904,-16.86759454662904,0.0,0.0,598.7061620785714,41.86667911793479,1430.030216612281,0.0,0.0
5387,-168.6759454662904,-16.86759454662904,0.0,0.0,598.7061620785714,41.86667911793479,1430.030216612281,0.0,0.0
5388,-168.6759454662904,-16.86759454662904,0.0,0.0,598.7061620785714,41.86667911793479,1430.030216612281,0.0,0.0
5389,-168.6759454662904,-16.86759454662904,0.0,0.0,598.7061620785714,41.86667911793479,1430.030216612281,0.0,0.0
5390,-168.6759454662904,-16.86759454662904,0.0,0.0,598.7061620785714,41.86667911793479,1430.030216612281,0.0,0.0
5391,-168.6759454662904,-16.86759454662904,0.0,0.0,598.7061620785714,41.86667911793479,1430.030216612281,0.0,0.0
5392,-168.6759454662904,-16.86759454662904,0.0,0.0,598.7061620785714,41.86667911793479,1430.030216612281,0.0,0.0
5393,-168.6759454662904,-16.86759454662904,0.0,0.0,598.7061620785714,41.86667911793479,1430.030216612281,0.0,0.0
5394,-168.6759454662904,-16.86759454662904,0.0,0.0,598.7061620785714,41.86667911793479,1430.030216612281,0.0,0.0
5395,-168.6759454662904,-16.86759454662904,0.0,0.0,598.7061620785714,41.86667911793479,1430.030216612281,0.0,0.0
5396,-168.6759454662904,-16.86759454662904,0.0,0.0,598.7061620785714,41.86667911793479,1430.030216612281,0.0,0.0
5397,-168.6759454662904,-16.86759454662904,0.0,0.0,598.7061620785714,41.86667911793479,1430.030216612281,0.0,0.0
5398,-168.6759454662904,-16.86759454662904,0.0,0.0,598.7061620785714,41.86667911793479,1430.030216612281,0.0,0.0
5399,-168.6759454662904,-16.86759454662904,0.0,0.0,598.7061620785714,41.86667911793479,1430.030216612281,0.0,0.0
5400,-168.6759454662904,-16.86759454662904,0.0,0.0,598.7061620785714,41.86667911793479,1430.030216612281,0.0,0.0
5401,-168.6759454662904,-16.86759454662904,0.0,0.0,598.7061620785714,41.86667911793479,1430.030216612281,0.0,0.0
5402,-168.6759454662904,-16.86759454662904,0.0,0.0,598.7061620785714,41.86667911793479,1430.030216612281,0.0,0.0
5403,-168.6759454662904,-16.86759454662904,0.0,0.0,598.7061620785714,41.86667911793479,1430.030216612281,0.0,0.0
5404,-168.6759454662904,-16.86759454662904,0.0,0.0,598.7061620785714,41.86667911793479,1430.030216612281,0.0,0.0
5405,-168.6759454662904,-16.86759454662904,0.0,0.0,598.7061620785714,41.86667911793479,1430.030216612281,0.0,0.0
5406,-168.6759454662904,-16.86759454662904,0.0,0.0,598.7061620785714,41.86667911793479,1430.030216612281,0.0,0.0
5407,-168.6759454662904,-16.86759454662904,0.0,0.0,598.7061620785714,41.86667911793479,1430.030216612281,0.0,0.0
5408,-168.6759454662904,-16.86759454662904,0.0,0.0,598.7061620785714,41.86667911793479,1430.030216612281,0.0,0.0
5409,-168.6759454662904,-16.86759454662904,0.0,0.0,598.7061620785714,41.86667911793479,1430.030216612281,0.0,0.0
5410,-168.6759454662904,-16.86759454662904,0.0,0.0,598.7061620785714,41.86667911793479,1430.030216612281,0.0,0.0
5411,-168.6759454662904,-16.86759454662904,0.0,0.0,598.7061620785714,41.86667911793479,1430.030216612281,0.0,0.0
5412,-168.6759454662904,-16.86759454662904,0.0,0.0,598.7061620785714,41.86667911793479,1430.030216612281,0.0,0.0
5413,-168.6759454662904,-16.86759454662904,0.0,0.0,598.7061620785714,41.86667911793479,1430.030216612281,0.0,0.0
5414,-168.6759454662904,-16.86759454662904,0.0,0.0,598.7061620785714,41.86667911793479,1430.030216612281,0.0,0.0
5415,-168.6759454662904,-16.86759454662904,0.0,0.0,598.7061620785714,41.86667911793479,1430.030216612281,0.0,0.0
5416,-168.6759454662904,-16.86759454662904,0.0,0.0,598.7061620785714,41.86667911793479,1430.030216612281,0.0,0.0
5417,-168.6759454662904,-16.86759454662904,0.0,0.0,598.7061620785714,41.86667911793479,1430.030216612281,0.0,0.0
5418,-168.6759454662904,-16.86759454662904,0.0,0.0,598.7061620785714,41.86667911793479,1430.030216612281,0.0,0.0
5419,-168.6759454662904,-16.86759454662904,0.0,0.0,598.7061620785714,41.86667911793479,1430.030216612281,0.0,0.0
5420,-168.6759454662904,-16.86759454662904,0.0,0.0,598.7061620785714,41.86667911793479,1430.030216612281,0.0,0.0
5421,-168.6759454662904,-16.86759454662904,0.0,0.0,598.7061620785714,41.86667911793479,1430.030216612281,0.0,0.0
5422,-168.6759454662904,-16.86759454662904,0.0,0.0,598.7061620785714,41.86667911793479,1430.030216612281,0.0,0.0
5423,-168.6759454662904,-16.86759454662904,0.0,0.0,598.7061620785714,41.86667911793479,1430.030216612281,0.0,0.0
5424,-168.6759454662904,-16.86759454662904,0.0,0.0,598.7061620785714,41.86667911793479,1430.030216612281,0.0,0.0
5425,-168.6759454662904,-16.86759454662904,0.0,0.0,598.7061620785714,41.86667911793479,1430.030216612281,0.0,0.0
5426,-168.6759454662904,-16.86759454662904,0.0,0.0,598.7061620785714,41.86667911793479,1430.030216612281,0.0,0.0
5427,-168.6759454662904,-16.86759454662904,0.0,0.0,598.7061620785714,41.86667911793479,1430.030216612281,0.0,0.0
5428,-168.6759454662904,-16.86759454662904,0.0,0.0,598.7061620785714,41.86667911793479,1430.030216612281,0.0,0.0
5429,-168.6759454662904,-16.86759454662904,0.0,0.0,598.7061620785714,41.86667911793479,1430.030216612281,0.0,0.0
5430,-168.6759454662904,-16.86759454662904,0.0,0.0,598.7061620785714,41.86667911793479,1430.030216612281,0.0,0.0
5431,-168.6759454662904,-16.86759454662904,0.0,0.0,598.7061620785714,41.86667911793479,1430.030216612281,0.0,0.0
5432,-168.6759454662904,-16.86759454662904,0.0,0.0,598.7061620785714,41.86667911793479,1430.030216612281,0.0,0.0
5433,-168.6759454662904,-16.86759454662904,0.0,0.0,598.7061620785714,41.86667911793479,1430.030216612281,0.0,0.0
5434,-168.6759454662904,-16.86759454662904,0.0,0.0,598.7061620785714,41.86667911793479,1430.030216612281,0.0,0.0
5435,-168.6759454662904,-16.86759454662904,0.0,0.0,598.7061620785714,41.86667911793479,1430.030216612281,0.0,0.0
5436,-168.6759454662904,-16.86759454662904,0.0,0.0,598.7061620785714,41.86667911793479,1430.030216612281,0.0,0.0
5437,-168.6759454662904,-16.86759454662904,0.0,0.0,598.7061620785714,41.86667911793479,1430.030216612281,0.0,0.0
5438,-168.6759454662904,-16.86759454662904,0.0,0.0,598.7061620785714,41.86667911793479,1430.030216612281,0.0,0.0
5439,-168.6759454662904,-16.86759454662904,0.0,0.0,598.7061620785714,41.86667911793479,1430.030216612281,0.0,0.0
5440,-168.6759454662904,-16.86759454662904,0.0,0.0,598.7061620785714,41.86667911793479,1430.030216612281,0.0,0.0
5441,-169.506439027263,-16.950643902726302,-0.8304935609726272,-0.09990009990008542,599.536655639544,41.9247543635712,1430.030216612281,0.0,0.0
5442,-172.33120395463266,-17.233120395463263,-2.8247649273696425,-0.34013086435745743,602.3614205669137,42.12228619853211,1430.030216612281,0.0,-2.8247649273696425
5443,-169.506439027263,-16.950643902726302,2.8247649273696425,0.3412917027761031,599.536655639544,41.9247543635712,1430.030216612281,0.0,-2.8247649273696425
5444,-175.15609819145186,-17.515609819145183,-5.649659164188847,-0.6802772989078387,605.1863148037329,42.3198270759208,1430.030216612281,0.0,-5.649659164188847
5445,-177.9808631188215,-17.798086311882155,-2.8247649273696425,-0.3424605457076235,608.0110797311025,42.5173589108817,1430.030216612281,0.0,-8.47442409155849
5446,-183.63052228301046,-18.363052228301047,-5.649659164188961,-0.6872904669378288,613.6607388952915,42.91243162323129,1430.030216612281,0.0,-14.12408325574745
5447,-183.63052228301046,-18.363052228301047,0.0,0.0,613.6607388952915,42.91243162323129,1430.030216612281,0.0,-14.12408325574745
5448,-189.28005213774964,-18.928005213774966,-5.649529854739171,-0.692030999313975,619.3102687500307,43.307495293153096,1430.030216612281,0.0,-19.77361311048662
5449,-189.28005213774964,-18.928005213774966,0.0,0.0,619.3102687500307,43.307495293153096,1430.030216612281,0.0,-19.77361311048662
5450,-197.75447622930824,-19.77544762293082,-8.474424091558603,-1.0452961116726445,627.7846928415893,43.900099840463604,1430.030216612281,0.0,-28.248037202045225
5451,-183.63052228301046,-18.363052228301047,14.123953946297775,1.7605525400643973,613.6607388952915,42.91243162323129,1430.030216612281,0.0,-28.248037202045225
5452,-180.80562804619115,-18.080562804619117,2.8248942368193184,0.3460313392312564,610.8358446584722,42.7148907458426,1430.030216612281,0.0,-28.248037202045225
5453,-183.63052228301046,-18.363052228301047,-2.8248942368193184,-0.3448380913655291,613.6607388952915,42.91243162323129,1430.030216612281,0.0,-28.248037202045225
5454,-192.10494637456895,-19.210494637456897,-8.47442409155849,-1.0380623385452314,622.13516298685,43.505036170541786,1430.030216612281,0.0,-28.248037202045225
5455,-211.8785594850557,-21.187855948505575,-19.773613110486735,-2.447547242894066,641.9087760973367,44.88777710012369,1430.030216612281,0.0,-42.372120457792676
5456,-226.00264274080314,-22.600264274080317,-14.12408325574745,-1.792120164440525,656.0328593530842,45.87545435978379,1430.030216612281,0.0,-56.496203713540126
5457,-231.65217259554242,-23.16521725955424,-5.649529854739285,-0.729915910145329,661.6823892078235,46.27051802970559,1430.030216612281,0.0,-62.14573356827941
5458,-245.77625585128987,-24.57762558512899,-14.12408325574745,-1.8382408008440376,675.8064724635709,47.25819528936569,1430.030216612281,0.0,-76.26981682402686
5459,-226.77664009806233,-22.677664009806232,18.999615753227545,2.5190954144081346,656.8068567103434,45.929578905424,1430.030216612281,0.0,-76.26981682402686
5460,-226.77664009806233,-22.677664009806232,0.0,0.0,656.8068567103434,45.929578905424,1430.030216612281,0.0,0.0
5461,-226.77664009806233,-22.677664009806232,0.0,0.0,656.8068567103434,45.929578905424,1430.030216612281,0.0,0.0
5462,-226.77664009806233,-22.677664009806232,0.0,0.0,656.8068567103434,45.929578905424,1430.030216612281,0.0,0.0
5463,-226.77664009806233,-22.677664009806232,0.0,0.0,656.8068567103434,45.929578905424,1430.030216612281,0.0,0.0
5464,-226.77664009806233,-22.677664009806232,0.0,0.0,656.8068567103434,45.929578905424,1430.030216612281,0.0,0.0
5465,-226.77664009806233,-22.677664009806232,0.0,0.0,656.8068567103434,45.929578905424,1430.030216612281,0.0,0.0
5466,-226.77664009806233,-22.677664009806232,0.0,0.0,656.8068567103434,45.929578905424,1430.030216612281,0.0,0.0
5467,-226.77664009806233,-22.677664009806232,0.0,0.0,656.8068567103434,45.929578905424,1430.030216612281,0.0,0.0
5468,-226.77664009806233,-22.677664009806232,0.0,0.0,656.8068567103434,45.929578905424,1430.030216612281,0.0,0.0
5469,-226.77664009806233,-22.677664009806232,0.0,0.0,656.8068567103434,45.929578905424,1430.030216612281,0.0,0.0
5470,-226.77664009806233,-22.677664009806232,0.0,0.0,656.8068567103434,45.929578905424,1430.030216612281,0.0,0.0
5471,-226.77664009806233,-22.677664009806232,0.0,0.0,656.8068567103434,45.929578905424,1430.030216612281,0.0,0.0
5472,-226.77664009806233,-22.677664009806232,0.0,0.0,656.8068567103434,45.929578905424,1430.030216612281,0.0,0.0
5473,-226.77664009806233,-22.677664009806232,0.0,0.0,656.8068567103434,45.929578905424,1430.030216612281,0.0,0.0
5474,-226.77664009806233,-22.677664009806232,0.0,0.0,656.8068567103434,45.929578905424,1430.030216612281,0.0,0.0
5475,-226.77664009806233,-22.677664009806232,0.0,0.0,656.8068567103434,45.929578905424,1430.030216612281,0.0,0.0
5476,-226.77664009806233,-22.677664009806232,0.0,0.0,656.8068567103434,45.929578905424,1430.030216612281,0.0,0.0
5477,-226.77664009806233,-22.677664009806232,0.0,0.0,656.8068567103434,45.929578905424,1430.030216612281,0.0,0.0
5478,-226.77664009806233,-22.677664009806232,0.0,0.0,656.8068567103434,45.929578905424,1430.030216612281,0.0,0.0
5479,-226.77664009806233,-22.677664009806232,0.0,0.0,656.8068567103434,45.929578905424,1430.030216612281,0.0,0.0
5480,-226.77664009806233,-22.677664009806232,0.0,0.0,656.8068567103434,45.929578905424,1430.030216612281,0.0,0.0
5481,-226.77664009806233,-22.677664009806232,0.0,0.0,656.8068567103434,45.929578905424,1430.030216612281,0.0,0.0
5482,-226.77664009806233,-22.677664009806232,0.0,0.0,656.8068567103434,45.929578905424,1430.030216612281,0.0,0.0
5483,-226.77664009806233,-22.677664009806232,0.0,0.0,656.8068567103434,45.929578905424,1430.030216612281,0.0,0.0
5484,-226.77664009806233,-22.677664009806232,0.0,0.0,656.8068567103434,45.929578905424,1430.030216612281,0.0,0.0
5485,-226.77664009806233,-22.677664009806232,0.0,0.0,656.8068567103434,45.929578905424,1430.030216612281,0.0,0.0
5486,-226.77664009806233,-22.677664009806232,0.0,0.0,656.8068567103434,45.929578905424,1430.030216612281,0.0,0.0
5487,-226.77664009806233,-22.677664009806232,0.0,0.0,656.8068567103434,45.929578905424,1430.030216612281,0.0,0.0
5488,-226.77664009806233,-22.677664009806232,0.0,0.0,656.8068567103434,45.929578905424,1430.030216612281,0.0,0.0
5489,-226.77664009806233,-22.677664009806232,0.0,0.0,656.8068567103434,45.929578905424,1430.030216612281,0.0,0.0
5490,-226.77664009806233,-22.677664009806232,0.0,0.0,656.8068567103434,45.929578905424,1430.030216612281,0.0,0.0
5491,-226.77664009806233,-22.677664009806232,0.0,0.0,656.8068567103434,45.929578905424,1430.030216612281,0.0,0.0
5492,-226.77664009806233,-22.677664009806232,0.0,0.0,656.8068567103434,45.929578905424,1430.030216612281,0.0,0.0
5493,-226.77664009806233,-22.677664009806232,0.0,0.0,656.8068567103434,45.929578905424,1430.030216612281,0.0,0.0
5494,-226.77664009806233,-22.677664009806232,0.0,0.0,656.8068567103434,45.929578905424,1430.030216612281,0.0,0.0
5495,-226.77664009806233,-22.677664009806232,0.0,0.0,656.8068567103434,45.929578905424,1430.030216612281,0.0,0.0
5496,-226.77664009806233,-22.677664009806232,0.0,0.0,656.8068567103434,45.929578905424,1430.030216612281,0.0,0.0
5497,-226.77664009806233,-22.677664009806232,0.0,0.0,656.8068567103434,45.929578905424,1430.030216612281,0.0,0.0
5498,-226.77664009806233,-22.677664009806232,0.0,0.0,656.8068567103434,45.929578905424,1430.030216612281,0.0,0.0
5499,-226.77664009806233,-22.677664009806232,0.0,0.0,656.8068567103434,45.929578905424,1430.030216612281,0.0,0.0
5500,-226.77664009806233,-22.677664009806232,0.0,0.0,656.8068567103434,45.929578905424,1430.030216612281,0.0,0.0
5501,-226.77664009806233,-22.677664009806232,0.0,0.0,656.8068567103434,45.929578905424,1430.030216612281,0.0,0.0
5502,-226.77664009806233,-22.677664009806232,0.0,0.0,656.8068567103434,45.929578905424,1430.030216612281,0.0,0.0
5503,-226.77664009806233,-22.677664009806232,0.0,0.0,656.8068567103434,45.929578905424,1430.030216612281,0.0,0.0
5504,-226.77664009806233,-22.677664009806232,0.0,0.0,656.8068567103434,45.929578905424,1430.030216612281,0.0,0.0
5505,-226.77664009806233,-22.677664009806232,0.0,0.0,656.8068567103434,45.929578905424,1430.030216612281,0.0,0.0
5506,-226.77664009806233,-22.677664009806232,0.0,0.0,656.8068567103434,45.929578905424,1430.030216612281,0.0,0.0
5507,-226.77664009806233,-22.677664009806232,0.0,0.0,656.8068567103434,45.929578905424,1430.030216612281,0.0,0.0
5508,-226.77664009806233,-22.677664009806232,0.0,0.0,656.8068567103434,45.929578905424,1430.030216612281,0.0,0.0
5509,-226.77664009806233,-22.677664009806232,0.0,0.0,656.8068567103434,45.929578905424,1430.030216612281,0.0,0.0
5510,-226.77664009806233,-22.677664009806232,0.0,0.0,656.8068567103434,45.929578905424,1430.030216612281,0.0,0.0
5511,-226.77664009806233,-22.677664009806232,0.0,0.0,656.8068567103434,45.929578905424,1430.030216612281,0.0,0.0
5512,-226.77664009806233,-22.677664009806232,0.0,0.0,656.8068567103434,45.929578905424,1430.030216612281,0.0,0.0
5513,-226.77664009806233,-22.677664009806232,0.0,0.0,656.8068567103434,45.929578905424,1430.030216612281,0.0,0.0
5514,-226.77664009806233,-22.677664009806232,0.0,0.0,656.8068567103434,45.929578905424,1430.030216612281,0.0,0.0
5515,-226.77664009806233,-22.677664009806232,0.0,0.0,656.8068567103434,45.929578905424,1430.030216612281,0.0,0.0
5516,-226.77664009806233,-22.677664009806232,0.0,0.0,656.8068567103434,45.929578905424,1430.030216612281,0.0,0.0
5517,-226.77664009806233,-22.677664009806232,0.0,0.0,656.8068567103434,45.929578905424,1430.030216612281,0.0,0.0
5518,-226.77664009806233,-22.677664009806232,0.0,0.0,656.8068567103434,45.929578905424,1430.030216612281,0.0,0.0
5519,-226.77664009806233,-22.677664009806232,0.0,0.0,656.8068567103434,45.929578905424,1430.030216612281,0.0,0.0
5520,-226.77664009806233,-22.677664009806232,0.0,0.0,656.8068567103434,45.929578905424,1430.030216612281,0.0,0.0
5521,-226.77664009806233,-22.677664009806232,0.0,0.0,656.8068567103434,45.929578905424,1430.030216612281,0.0,0.0
5522,-226.77664009806233,-22.677664009806232,0.0,0.0,656.8068567103434,45.929578905424,1430.030216612281,0.0,0.0
5523,-226.77664009806233,-22.677664009806232,0.0,0.0,656.8068567103434,45.929578905424,1430.030216612281,0.0,0.0
5524,-226.77664009806233,-22.677664009806232,0.0,0.0,656.8068567103434,45.929578905424,1430.030216612281,0.0,0.0
5525,-226.77664009806233,-22.677664009806232,0.0,0.0,656.8068567103434,45.929578905424,1430.030216612281,0.0,0.0
5526,-226.77664009806233,-22.677664009806232,0.0,0.0,656.8068567103434,45.929578905424,1430.030216612281,0.0,0.0
5527,-226.77664009806233,-22.677664009806232,0.0,0.0,656.8068567103434,45.929578905424,1430.030216612281,0.0,0.0
5528,-226.77664009806233,-22.677664009806232,0.0,0.0,656.8068567103434,45.929578905424,1430.030216612281,0.0,0.0
5529,-226.77664009806233,-22.677664009806232,0.0,0.0,656.8068567103434,45.929578905424,1430.030216612281,0.0,0.0
5530,-226.77664009806233,-22.677664009806232,0.0,0.0,656.8068567103434,45.929578905424,1430.030216612281,0.0,0.0
5531,-226.77664009806233,-22.677664009806232,0.0,0.0,656.8068567103434,45.929578905424,1430.030216612281,0.0,0.0
5532,-226.77664009806233,-22.677664009806232,0.0,0.0,656.8068567103434,45.929578905424,1430.030216612281,0.0,0.0
5533,-226.77664009806233,-22.677664009806232,0.0,0.0,656.8068567103434,45.929578905424,1430.030216612281,0.0,0.0
5534,-226.77664009806233,-22.677664009806232,0.0,0.0,656.8068567103434,45.929578905424,1430.030216612281,0.0,0.0
5535,-226.77664009806233,-22.677664009806232,0.0,0.0,656.8068567103434,45.929578905424,1430.030216612281,0.0,0.0
5536,-226.77664009806233,-22.677664009806232,0.0,0.0,656.8068567103434,45.929578905424,1430.030216612281,0.0,0.0
5537,-226.77664009806233,-22.677664009806232,0.0,0.0,656.8068567103434,45.929578905424,1430.030216612281,0.0,0.0
5538,-226.77664009806233,-22.677664009806232,0.0,0.0,656.8068567103434,45.929578905424,1430.030216612281,0.0,0.0
5539,-226.77664009806233,-22.677664009806232,0.0,0.0,656.8068567103434,45.929578905424,1430.030216612281,0.0,0.0
5540,-226.77664009806233,-22.677664009806232,0.0,0.0,656.8068567103434,45.929578905424,1430.030216612281,0.0,0.0
5541,-226.77664009806233,-22.677664009806232,0.0,0.0,656.8068567103434,45.929578905424,1430.030216612281,0.0,0.0
5542,-226.77664009806233,-22.677664009806232,0.0,0.0,656.8068567103434,45.929578905424,1430.030216612281,0.0,0.0
5543,-226.77664009806233,-22.677664009806232,0.0,0.0,656.8068567103434,45.929578905424,1430.030216612281,0.0,0.0
5544,-226.77664009806233,-22.677664009806232,0.0,0.0,656.8068567103434,45.929578905424,1430.030216612281,0.0,0.0
5545,-226.77664009806233,-22.677664009806232,0.0,0.0,656.8068567103434,45.929578905424,1430.030216612281,0.0,0.0
5546,-226.77664009806233,-22.677664009806232,0.0,0.0,656.8068567103434,45.929578905424,1430.030216612281,0.0,0.0
5547,-226.77664009806233,-22.677664009806232,0.0,0.0,656.8068567103434,45.929578905424,1430.030216612281,0.0,0.0
5548,-226.77664009806233,-22.677664009806232,0.0,0.0,656.8068567103434,45.929578905424,1430.030216612281,0.0,0.0
5549,-226.77664009806233,-22.677664009806232,0.0,0.0,656.8068567103434,45.929578905424,1430.030216612281,0.0,0.0
5550,-226.77664009806233,-22.677664009806232,0.0,0.0,656.8068567103434,45.929578905424,1430.030216612281,0.0,0.0
5551,-226.77664009806233,-22.677664009806232,0.0,0.0,656.8068567103434,45.929578905424,1430.030216612281,0.0,0.0
5552,-226.77664009806233,-22.677664009806232,0.0,0.0,656.8068567103434,45.929578905424,1430.030216612281,0.0,0.0
5553,-226.77664009806233,-22.677664009806232,0.0,0.0,656.8068567103434,45.929578905424,1430.030216612281,0.0,0.0
5554,-226.77664009806233,-22.677664009806232,0.0,0.0,656.8068567103434,45.929578905424,1430.030216612281,0.0,0.0
5555,-226.77664009806233,-22.677664009806232,0.0,0.0,656.8068567103434,45.929578905424,1430.030216612281,0.0,0.0
5556,-227.54909100705515,-22.75490910070551,-0.7724509089928233,-0.09990009990008542,657.5793076193362,45.98359531011388,1430.030216612281,0.0,0.0
5557,-233.27099324650476,-23.32709932465048,-5.721902239449605,-0.7407463921441093,663.3012098587858,46.38371987902017,1430.030216612281,0.0,-5.721902239449605
5558,-236.13187888475454,-23.61318788847545,-2.8608856382497834,-0.37312865602455725,666.1620954970356,46.58377758444595,1430.030216612281,0.0,-8.582787877699388
5559,-224.68820536880537,-22.46882053688054,11.443673515949172,1.498121625921689,654.7184219810864,45.7835376046881,1430.030216612281,2.8608856382497834,-8.582787877699388
5560,-221.82718876760566,-22.182718876760564,2.861016601199708,0.36901497191341726,651.8574053798867,45.58347074120759,1430.030216612281,5.721902239449491,-8.582787877699388
5561,-221.82718876760566,-22.182718876760564,0.0,0.0,651.8574053798867,45.58347074120759,1430.030216612281,5.721902239449491,-8.582787877699388
5562,-221.82718876760566,-22.182718876760564,0.0,0.0,651.8574053798867,45.58347074120759,1430.030216612281,5.721902239449491,-8.582787877699388
5563,-224.68820536880537,-22.46882053688054,-2.861016601199708,-0.36765825789630835,654.7184219810864,45.7835376046881,1430.030216612281,5.721902239449491,-8.582787877699388
5564,-224.68820536880537,-22.46882053688054,0.0,0.0,654.7184219810864,45.7835376046881,1430.030216612281,5.721902239449491,-8.582787877699388
5565,-233.27099324650476,-23.32709932465048,-8.582787877699388,-1.1070111324415155,663.3012098587858,46.38371987902017,1430.030216612281,5.721902239449491,-8.582787877699388
5566,-221.82718876760566,-22.182718876760564,11.443804478899096,1.4925487855682817,651.8574053798867,45.58347074120759,1430.030216612281,5.721902239449491,-8.582787877699388
5567,-224.68820536880537,-22.46882053688054,-2.861016601199708,-0.36765825789630835,654.7184219810864,45.7835376046881,1430.030216612281,5.721902239449491,-8.582787877699388
5568,-230.40997664530505,-23.040997664530504,-5.72177127649968,-0.7379961605280982,660.4401932575861,46.18365301553966,1430.030216612281,5.721902239449491,-8.582787877699388
5569,-230.40997664530505,-23.040997664530504,0.0,0.0,660.4401932575861,46.18365301553966,1430.030216612281,5.721902239449491,-8.582787877699388
5570,-224.68820536880537,-22.46882053688054,5.72177127649968,0.7434830367938128,654.7184219810864,45.7835376046881,1430.030216612281,5.721902239449491,-8.582787877699388
5571,-224.68820536880537,-22.46882053688054,0.0,0.0,654.7184219810864,45.7835376046881,1430.030216612281,5.721902239449491,-8.582787877699388
5572,-230.40997664530505,-23.040997664530504,-5.72177127649968,-0.7379961605280982,660.4401932575861,46.18365301553966,1430.030216612281,5.721902239449491,-8.582787877699388
5573,-227.54909100705515,-22.75490910070551,2.860885638249897,0.3717415183969175,657.5793076193362,45.98359531011388,1430.030216612281,5.721902239449491,-8.582787877699388
5574,-221.82718876760566,-22.182718876760564,5.721902239449491,0.7407463921440982,651.8574053798867,45.58347074120759,1430.030216612281,5.721902239449491,-8.582787877699388
5575,-218.96630312935577,-21.89663031293557,2.860885638249897,0.36764142835048474,648.9965197416368,45.383413035781814,1430.030216612281,8.582787877699388,-8.582787877699388
5576,-216.10541749110598,-21.610541749110602,2.8608856382497834,0.3662947770003422,646.135634103387,45.18335533035604,1430.030216612281,11.443673515949172,-8.582787877699388
5577,-213.24440088990627,-21.324440088990627,2.861016601199708,0.36497466177696225,643.2746175021873,44.98328846687553,1430.030216612281,14.30469011714888,-8.582787877699388
5578,-210.38351525165638,-21.038351525165634,2.860885638249897,0.3636307948091888,640.4137318639374,44.783230761449744,1430.030216612281,17.165575755398777,-8.582787877699388
5579,-221.82718876760566,-22.182718876760564,-11.443673515949286,-1.4492698337720822,651.8574053798867,45.58347074120759,1430.030216612281,17.165575755398777,-8.582787877699388
5580,-218.96630312935577,-21.89663031293557,2.860885638249897,0.36764142835048474,648.9965197416368,45.383413035781814,1430.030216612281,17.165575755398777,-8.582787877699388
5581,-198.9398417357072,-19.893984173570722,20.02646139364856,2.564096974802532,628.9700583479882,43.982990781691896,1430.030216612281,28.60924927134795,-8.582787877699388
5582,-196.0788251345075,-19.607882513450747,2.861016601199708,0.35715377574123686,626.1090417467885,43.782923918211395,1430.030216612281,31.470265872547657,-8.582787877699388
5583,-190.35705385800782,-19.03570538580078,5.72177127649968,0.7117328732455741,620.3872704702889,43.382808507359826,1430.030216612281,37.19203714904734,-8.582787877699388
5584,-184.6351516185582,-18.463515161855824,5.721902239449605,0.7067192108218601,614.6653682308392,42.98268393845353,1430.030216612281,42.91393938849694,-8.582787877699388
5585,-178.91324937910872,-17.89132493791087,5.721902239449491,0.701759739925989,608.9434659913898,42.582559369547255,1430.030216612281,48.635841627946434,-8.582787877699388
5586,-170.33046150140933,-17.03304615014093,8.582787877699388,1.0452961116726334,600.3606781136904,41.982377095215185,1430.030216612281,57.21862950564582,-8.582787877699388
5587,-167.46957586315955,-16.746957586315958,2.8608856382497834,0.3448223064121292,597.4997924754406,41.78231938978941,1430.030216612281,60.079515143895605,-8.582787877699388
5588,-176.05236374085894,-17.605236374085898,-8.582787877699388,-1.0309278350515427,606.08258035314,42.38250166412148,1430.030216612281,60.079515143895605,-8.582787877699388
5589,-164.60869022490965,-16.460869022490964,11.443673515949286,1.3888835906982422,594.6389068371907,41.58226168436362,1430.030216612281,62.9404007821455,-8.582787877699388
5590,-170.33046150140933,-17.03304615014093,-5.72177127649968,-0.684921091415247,600.3606781136904,41.982377095215185,1430.030216612281,62.9404007821455,-8.582787877699388
5591,-153.16488574601055,-15.31648857460105,17.165575755398777,2.0689654083796416,583.1951023582916,40.78201254655105,1430.030216612281,74.3842052610446,-8.582787877699388
5592,-156.02590234721026,-15.602590234721026,-2.861016601199708,-0.33784813041439765,586.0561189594913,40.98207941003156,1430.030216612281,74.3842052610446,-8.582787877699388
5593,-156.02590234721026,-15.602590234721026,0.0,0.0,586.0561189594913,40.98207941003156,1430.030216612281,74.3842052610446,-8.582787877699388
5594,-161.74767362370994,-16.17476736237099,-5.72177127649968,-0.6779557918202395,591.777890235991,41.382194820883115,1430.030216612281,74.3842052610446,-8.582787877699388
5595,-164.60869022490965,-16.460869022490964,-2.861016601199708,-0.3413073261087973,594.6389068371907,41.58226168436362,1430.030216612281,74.3842052610446,-8.582787877699388
5596,-170.33046150140933,-17.03304615014093,-5.72177127649968,-0.684921091415247,600.3606781136904,41.982377095215185,1430.030216612281,74.3842052610446,-8.582787877699388
5597,-167.46957586315955,-16.746957586315958,2.8608856382497834,0.3448223064121292,597.4997924754406,41.78231938978941,1430.030216612281,74.3842052610446,-8.582787877699388
5598,-167.46957586315955,-16.746957586315958,0.0,0.0,597.4997924754406,41.78231938978941,1430.030216612281,74.3842052610446,-8.582787877699388
5599,-176.05236374085894,-17.605236374085898,-8.582787877699388,-1.0309278350515427,606.08258035314,42.38250166412148,1430.030216612281,74.3842052610446,-8.582787877699388
5600,-187.4960372568081,-18.749603725680807,-11.443673515949172,-1.388883590698231,617.5262538690891,43.18274164387932,1430.030216612281,74.3842052610446,-8.582787877699388
5601,-193.2179394962576,-19.321793949625764,-5.721902239449491,-0.7042306870887249,623.2481561085386,43.5828662127856,1430.030216612281,74.3842052610446,-8.582787877699388
5602,-204.66161301220689,-20.466161301220687,-11.443673515949286,-1.4184343053939563,634.6918296244879,44.38310619254346,1430.030216612281,74.3842052610446,-8.582787877699388
5603,-187.4960372568081,-18.749603725680807,17.165575755398777,2.1582732628322443,617.5262538690891,43.18274164387932,1430.030216612281,74.3842052610446,-8.582787877699388
5604,-164.60869022490965,-16.460869022490964,22.887347031898457,2.8168905114783316,594.6389068371907,41.58226168436362,1430.030216612281,74.3842052610446,-8.582787877699388
5605,-164.60869022490965,-16.460869022490964,0.0,0.0,594.6389068371907,41.58226168436362,1430.030216612281,74.3842052610446,-8.582787877699388
5606,-164.60869022490965,-16.460869022490964,0.0,0.0,594.6389068371907,41.58226168436362,1430.030216612281,74.3842052610446,-8.582787877699388
5607,-161.74767362370994,-16.17476736237099,2.861016601199708,0.3424762225465283,591.777890235991,41.382194820883115,1430.030216612281,74.3842052610446,-8.582787877699388
5608,-147.44311446951087,-14.744311446951086,14.304559154199069,1.7064741372131653,577.4733310817919,40.38189713569949,1430.030216612281,80.10597653754428,-8.582787877699388
5609,-158.88678798546016,-15.88867879854602,-11.443673515949286,-1.342276827525546,588.9170045977412,41.18213711545734,1430.030216612281,80.10597653754428,-8.582787877699388
5610,-161.74767362370994,-16.17476736237099,-2.8608856382497834,-0.34013086435745743,591.777890235991,41.382194820883115,1430.030216612281,80.10597653754428,-8.582787877699388
5611,-158.88678798546016,-15.88867879854602,2.8608856382497834,0.3412917027760809,588.9170045977412,41.18213711545734,1430.030216612281,80.10597653754428,-8.582787877699388
5612,-158.88678798546016,-15.88867879854602,0.0,0.0,588.9170045977412,41.18213711545734,1430.030216612281,80.10597653754428,-8.582787877699388
5613,-161.74767362370994,-16.17476736237099,-2.8608856382497834,-0.34013086435745743,591.777890235991,41.382194820883115,1430.030216612281,80.10597653754428,-8.582787877699388
5614,-161.74767362370994,-16.17476736237099,0.0,0.0,591.777890235991,41.382194820883115,1430.030216612281,80.10597653754428,-8.582787877699388
5615,-158.88678798546016,-15.88867879854602,2.8608856382497834,0.3412917027760809,588.9170045977412,41.18213711545734,1430.030216612281,80.10597653754428,-8.582787877699388
5616,-161.74767362370994,-16.17476736237099,-2.8608856382497834,-0.34013086435745743,591.777890235991,41.382194820883115,1430.030216612281,80.10597653754428,-8.582787877699388
5617,-161.74767362370994,-16.17476736237099,0.0,0.0,591.777890235991,41.382194820883115,1430.030216612281,80.10597653754428,-8.582787877699388
5618,-156.02590234721026,-15.602590234721026,5.72177127649968,0.682583405552184,586.0561189594913,40.98207941003156,1430.030216612281,80.10597653754428,-8.582787877699388
5619,-158.88678798546016,-15.88867879854602,-2.860885638249897,-0.33897789591013083,588.9170045977412,41.18213711545734,1430.030216612281,80.10597653754428,-8.582787877699388
5620,-161.74767362370994,-16.17476736237099,-2.8608856382497834,-0.34013086435745743,591.777890235991,41.382194820883115,1430.030216612281,80.10597653754428,-8.582787877699388
5621,-167.46957586315955,-16.746957586315958,-5.721902239449605,-0.6825990288849004,597.4997924754406,41.78231938978941,1430.030216612281,80.10597653754428,-8.582787877699388
5622,-178.91324937910872,-17.89132493791087,-11.443673515949172,-1.3745652031652567,608.9434659913898,42.582559369547255,1430.030216612281,80.10597653754428,-8.582787877699388
5623,-210.38351525165638,-21.038351525165634,-31.470265872547657,-3.8327577261172974,640.4137318639374,44.783230761449744,1430.030216612281,80.10597653754428,-8.582787877699388
5624,-187.4960372568081,-18.749603725680807,22.88747799484827,2.8985562531844478,617.5262538690891,43.18274164387932,1430.030216612281,80.10597653754428,-8.582787877699388
5625,-170.33046150140933,-17.03304615014093,17.165575755398777,2.1126759428278907,600.3606781136904,41.982377095215185,1430.030216612281,80.10597653754428,-8.582787877699388
5626,-167.46957586315955,-16.746957586315958,2.8608856382497834,0.3448223064121292,597.4997924754406,41.78231938978941,1430.030216612281,80.10597653754428,-8.582787877699388
5627,-184.6351516185582,-18.463515161855824,-17.165575755398663,-2.0618556701030744,614.6653682308392,42.98268393845353,1430.030216612281,80.10597653754428,-8.582787877699388
5628,-190.35705385800782,-19.03570538580078,-5.721902239449605,-0.701759739926,620.3872704702889,43.382808507359826,1430.030216612281,80.10597653754428,-8.582787877699388
5629,-190.35705385800782,-19.03570538580078,0.0,0.0,620.3872704702889,43.382808507359826,1430.030216612281,80.10597653754428,-8.582787877699388
5630,-187.4960372568081,-18.749603725680807,2.861016601199708,0.3533676931087637,617.5262538690891,43.18274164387932,1430.030216612281,80.10597653754428,-8.582787877699388
5631,-196.0788251345075,-19.607882513450747,-8.582787877699388,-1.0563379714139454,626.1090417467885,43.782923918211395,1430.030216612281,80.10597653754428,-8.582787877699388
5632,-207.5226296134066,-20.752262961340662,-11.443804478899096,-1.4234983275336455,637.5528462256876,44.583173056023966,1430.030216612281,80.10597653754428,-8.582787877699388
5633,-210.38351525165638,-21.038351525165634,-2.8608856382497834,-0.3610053416230885,640.4137318639374,44.783230761449744,1430.030216612281,80.10597653754428,-8.582787877699388
5634,-227.54909100705515,-22.75490910070551,-17.165575755398777,-2.1739130434782594,657.5793076193362,45.98359531011388,1430.030216612281,80.10597653754428,-8.582787877699388
5635,-218.96630312935577,-21.89663031293557,8.582787877699388,1.1111111111111072,648.9965197416368,45.383413035781814,1430.030216612281,80.10597653754428,-8.582787877699388
5636,-213.24440088990627,-21.324440088990627,5.721902239449491,0.7326063219007528,643.2746175021873,44.98328846687553,1430.030216612281,80.10597653754428,-8.582787877699388
5637,-221.82718876760566,-22.182718876760564,-8.582787877699388,-1.090909030378362,651.8574053798867,45.58347074120759,1430.030216612281,80.10597653754428,-8.582787877699388
5638,-213.24440088990627,-21.324440088990627,8.582787877699388,1.1029411145972556,643.2746175021873,44.98328846687553,1430.030216612281,80.10597653754428,-8.582787877699388
5639,-210.38351525165638,-21.038351525165634,2.860885638249897,0.3636307948091888,640.4137318639374,44.783230761449744,1430.030216612281,80.10597653754428,-8.582787877699388
5640,-204.66161301220689,-20.466161301220687,5.721902239449491,0.7246432097061772,634.6918296244879,44.38310619254346,1430.030216612281,80.10597653754428,-8.582787877699388
5641,-190.35705385800782,-19.03570538580078,14.304559154199069,1.7985500748147087,620.3872704702889,43.382808507359826,1430.030216612281,80.10597653754428,-8.582787877699388
5642,-187.4960372568081,-18.749603725680807,2.861016601199708,0.3533676931087637,617.5262538690891,43.18274164387932,1430.030216612281,80.10597653754428,-8.582787877699388
5643,-184.6351516185582,-18.463515161855824,2.860885638249897,0.3521072843252204,614.6653682308392,42.98268393845353,1430.030216612281,80.10597653754428,-8.582787877699388
5644,-181.77426598030843,-18.177426598030845,2.8608856382497834,0.35087183902136054,611.8044825925895,42.78262623302776,1430.030216612281,80.10597653754428,-8.582787877699388
5645,-176.05236374085894,-17.605236374085898,5.721902239449491,0.6993060718512911,606.08258035314,42.38250166412148,1430.030216612281,80.10597653754428,-8.582787877699388
5646,-164.60869022490965,-16.460869022490964,11.443673515949286,1.3888835906982422,594.6389068371907,41.58226168436362,1430.030216612281,80.10597653754428,-8.582787877699388
5647,-164.60869022490965,-16.460869022490964,0.0,0.0,594.6389068371907,41.58226168436362,1430.030216612281,80.10597653754428,-8.582787877699388
5648,-167.46957586315955,-16.746957586315958,-2.860885638249897,-0.3424605457076346,597.4997924754406,41.78231938978941,1430.030216612281,80.10597653754428,-8.582787877699388
5649,-150.30400010776077,-15.030400010776079,17.165575755398777,2.0618556701030855,580.3342167200418,40.581954841125274,1430.030216612281,80.10597653754428,-8.582787877699388
5650,-144.58209786831117,-14.458209786831123,5.721902239449605,0.6734058110400953,574.6123144805922,40.18183027221898,1430.030216612281,82.96699313874399,-8.582787877699388
5651,-135.99930999061178,-13.599930999061183,8.582787877699388,1.0033444304019312,566.0295266028928,39.58164799788692,1430.030216612281,91.54978101644338,-8.582787877699388
5652,-113.11196295871332,-11.311196295871328,22.887347031898457,2.6489963835155894,543.1421795709944,37.981168038371216,1430.030216612281,114.43712804834183,-8.582787877699388
5653,-115.97284859696322,-11.597284859696321,-2.860885638249897,-0.32257573884906243,546.0030652092443,38.181225743797,1430.030216612281,114.43712804834183,-8.582787877699388
5654,-115.97284859696322,-11.597284859696321,0.0,0.0,546.0030652092443,38.181225743797,1430.030216612281,114.43712804834183,-8.582787877699388
5655,-118.833734235213,-11.883373423521304,-2.8608856382497834,-0.32361965734980513,548.863950847494,38.38128344922278,1430.030216612281,114.43712804834183,-8.582787877699388
5656,-87.36359932561516,-8.73635993256151,31.470134909597846,3.5714184861904696,517.3938159378962,36.18062121537501,1430.030216612281,140.18549168144,-8.582787877699388
5657,-75.91979484671606,-7.591979484671607,11.443804478899096,1.2539281219161147,505.9500114589971,35.380372077562434,1430.030216612281,151.6292961603391,-8.582787877699388
5658,-75.91979484671606,-7.591979484671607,0.0,0.0,505.9500114589971,35.380372077562434,1430.030216612281,151.6292961603391,-8.582787877699388
5659,-67.33700696901667,-6.733700696901668,8.582787877699388,0.9287925257825069,497.3672235812977,34.780189803230364,1430.030216612281,160.21208403803848,-8.582787877699388
5660,-67.33700696901667,-6.733700696901668,0.0,0.0,497.3672235812977,34.780189803230364,1430.030216612281,160.21208403803848,-8.582787877699388
5661,-73.05890920846628,-7.305890920846625,-5.721902239449605,-0.6135015844098701,503.0891258207473,35.180314372136664,1430.030216612281,160.21208403803848,-8.582787877699388
5662,-67.33700696901667,-6.733700696901668,5.721902239449605,0.6172886601200966,497.3672235812977,34.780189803230364,1430.030216612281,160.21208403803848,-8.582787877699388
5663,-50.17143121361789,-5.017143121361789,17.165575755398777,1.8404907113998226,480.20164782589893,33.57982525456623,1430.030216612281,177.37765979343726,-8.582787877699388
5664,-64.47612133076689,-6.447612133076685,-14.304690117148994,-1.5060286231889597,494.5063379430479,34.58013209780459,1430.030216612281,177.37765979343726,-8.582787877699388
5665,-58.75421909131728,-5.875421909131728,5.721902239449605,0.6116254614033867,488.7844357035983,34.1800075288983,1430.030216612281,177.37765979343726,-8.582787877699388
5666,-53.0324478148176,-5.303244781481764,5.72177127649968,0.6078934315090212,483.06266442709864,33.77989211804674,1430.030216612281,177.37765979343726,-8.582787877699388
5667,-41.588643335918505,-4.15886433359185,11.443804478899096,1.208468490022896,471.61885994819954,32.97964298023416,1430.030216612281,185.96044767113665,-8.582787877699388
5668,-44.44965993711821,-4.444965993711825,-2.861016601199708,-0.2985165588143657,474.47987654939925,33.17970984371467,1430.030216612281,185.96044767113665,-8.582787877699388
5669,-55.8933334530675,-5.589333345306747,-11.443673515949286,-1.1976002766318161,485.92355006534854,33.97994982347252,1430.030216612281,185.96044767113665,-8.582787877699388
5670,-47.31054557536811,-4.731054557536806,8.582787877699388,0.9090909090909038,477.34076218764915,33.37976754914045,1430.030216612281,185.96044767113665,-8.582787877699388
5671,-47.31054557536811,-4.731054557536806,0.0,0.0,477.34076218764915,33.37976754914045,1430.030216612281,185.96044767113665,-8.582787877699388
5672,-44.44965993711821,-4.444965993711825,2.860885638249897,0.300295718081367,474.47987654939925,33.17970984371467,1430.030216612281,185.96044767113665,-8.582787877699388
5673,-47.31054557536811,-4.731054557536806,-2.860885638249897,-0.2993966427830119,477.34076218764915,33.37976754914045,1430.030216612281,185.96044767113665,-8.582787877699388
5674,-58.75421909131728,-5.875421909131728,-11.443673515949172,-1.2011966189822587,488.7844357035983,34.1800075288983,1430.030216612281,185.96044767113665,-8.582787877699388
5675,-64.47612133076689,-6.447612133076685,-5.721902239449605,-0.607907345297809,494.5063379430479,34.58013209780459,1430.030216612281,185.96044767113665,-8.582787877699388
5676,-61.61523569251699,-6.161523569251703,2.860885638249897,0.30580573125718047,491.645452304798,34.38007439237881,1430.030216612281,185.96044767113665,-8.582787877699388
5677,-53.0324478148176,-5.303244781481764,8.582787877699388,0.9146341888908838,483.06266442709864,33.77989211804674,1430.030216612281,185.96044767113665,-8.582787877699388
5678,-58.75421909131728,-5.875421909131728,-5.72177127649968,-0.6042204152926223,488.7844357035983,34.1800075288983,1430.030216612281,185.96044767113665,-8.582787877699388
5679,-61.61523569251699,-6.161523569251703,-2.861016601199708,-0.3039606295432873,491.645452304798,34.38007439237881,1430.030216612281,185.96044767113665,-8.582787877699388
5680,-67.33700696901667,-6.733700696901668,-5.72177127649968,-0.6097468217871493,497.3672235812977,34.780189803230364,1430.030216612281,185.96044767113665,-8.582787877699388
5681,-70.19802357021638,-7.019802357021643,-2.861016601199708,-0.30675781311981787,500.2282401824974,34.98025666671087,1430.030216612281,185.96044767113665,-8.582787877699388
5682,-64.47612133076689,-6.447612133076685,5.721902239449491,0.6153893392892407,494.5063379430479,34.58013209780459,1430.030216612281,185.96044767113665,-8.582787877699388
5683,-61.61523569251699,-6.161523569251703,2.860885638249897,0.30580573125718047,491.645452304798,34.38007439237881,1430.030216612281,185.96044767113665,-8.582787877699388
5684,-73.05890920846628,-7.305890920846625,-11.443673515949286,-1.219507599784464,503.0891258207473,35.180314372136664,1430.030216612281,185.96044767113665,-8.582787877699388
5685,-73.05890920846628,-7.305890920846625,0.0,0.0,503.0891258207473,35.180314372136664,1430.030216612281,185.96044767113665,-8.582787877699388
5686,-67.33700696901667,-6.733700696901668,5.721902239449605,0.6172886601200966,497.3672235812977,34.780189803230364,1430.030216612281,185.96044767113665,-8.582787877699388
5687,-44.44965993711821,-4.444965993711825,22.887347031898457,2.453978253979905,474.47987654939925,33.17970984371467,1430.030216612281,185.96044767113665,-8.582787877699388
5688,-47.31054557536811,-4.731054557536806,-2.860885638249897,-0.2993966427830119,477.34076218764915,33.37976754914045,1430.030216612281,185.96044767113665,-8.582787877699388
5689,-47.31054557536811,-4.731054557536806,0.0,0.0,477.34076218764915,33.37976754914045,1430.030216612281,185.96044767113665,-8.582787877699388
5690,-55.8933334530675,-5.589333345306747,-8.582787877699388,-0.9009009009009028,485.92355006534854,33.97994982347252,1430.030216612281,185.96044767113665,-8.582787877699388
5691,-50.17143121361789,-5.017143121361789,5.721902239449605,0.6060652299360925,480.20164782589893,33.57982525456623,1430.030216612281,185.96044767113665,-8.582787877699388
5692,-55.8933334530675,-5.589333345306747,-5.721902239449605,-0.6024142068879468,485.92355006534854,33.97994982347252,1430.030216612281,185.96044767113665,-8.582787877699388
5693,-44.44965993711821,-4.444965993711825,11.443673515949286,1.2121165882457374,474.47987654939925,33.17970984371467,1430.030216612281,185.96044767113665,-8.582787877699388
5694,-44.44965993711821,-4.444965993711825,0.0,0.0,474.47987654939925,33.17970984371467,1430.030216612281,185.96044767113665,-8.582787877699388
5695,-61.61523569251699,-6.161523569251703,-17.165575755398777,-1.7964072676976084,491.645452304798,34.38007439237881,1430.030216612281,185.96044767113665,-8.582787877699388
5696,-50.17143121361789,-5.017143121361789,11.443804478899096,1.2195215559946293,480.20164782589893,33.57982525456623,1430.030216612281,185.96044767113665,-8.582787877699388
5697,-53.0324478148176,-5.303244781481764,-2.861016601199708,-0.30121399747485844,483.06266442709864,33.77989211804674,1430.030216612281,185.96044767113665,-8.582787877699388
5698,-50.17143121361789,-5.017143121361789,2.861016601199708,0.3021240373651368,480.20164782589893,33.57982525456623,1430.030216612281,185.96044767113665,-8.582787877699388
5699,-53.0324478148176,-5.303244781481764,-2.861016601199708,-0.30121399747485844,483.06266442709864,33.77989211804674,1430.030216612281,185.96044767113665,-8.582787877699388
5700,-50.17143121361789,-5.017143121361789,2.861016601199708,0.3021240373651368,480.20164782589893,33.57982525456623,1430.030216612281,185.96044767113665,-8.582787877699388
5701,-58.75421909131728,-5.875421909131728,-8.582787877699388,-0.903614416301024,488.7844357035983,34.1800075288983,1430.030216612281,185.96044767113665,-8.582787877699388
5702,-53.0324478148176,-5.303244781481764,5.72177127649968,0.6078934315090212,483.06266442709864,33.77989211804674,1430.030216612281,185.96044767113665,-8.582787877699388
5703,-53.0324478148176,-5.303244781481764,0.0,0.0,483.06266442709864,33.77989211804674,1430.030216612281,185.96044767113665,-8.582787877699388
5704,-47.31054557536811,-4.731054557536806,5.721902239449491,0.6042342450114369,477.34076218764915,33.37976754914045,1430.030216612281,185.96044767113665,-8.582787877699388
5705,-55.8933334530675,-5.589333345306747,-8.582787877699388,-0.9009009009009028,485.92355006534854,33.97994982347252,1430.030216612281,185.96044767113665,-8.582787877699388
5706,-61.61523569251699,-6.161523569251703,-5.721902239449491,-0.6060652299360814,491.645452304798,34.38007439237881,1430.030216612281,185.96044767113665,-8.582787877699388
5707,-64.47612133076689,-6.447612133076685,-2.860885638249897,-0.3048734108935802,494.5063379430479,34.58013209780459,1430.030216612281,185.96044767113665,-8.582787877699388
5708,-70.19802357021638,-7.019802357021643,-5.721902239449491,-0.6116254614033756,500.2282401824974,34.98025666671087,1430.030216612281,185.96044767113665,-8.582787877699388
5709,-104.52917508101393,-10.45291750810139,-34.331151510797554,-3.6923078656619923,534.559391693295,37.380985764039146,1430.030216612281,185.96044767113665,-8.582787877699388
5710,-104.52917508101393,-10.45291750810139,0.0,0.0,534.559391693295,37.380985764039146,1430.030216612281,185.96044767113665,-8.582787877699388
5711,-101.66815847981422,-10.166815847981425,2.861016601199708,0.3194985834919395,531.6983750920953,37.18091890055864,1430.030216612281,185.96044767113665,-8.582787877699388
5712,-101.66815847981422,-10.166815847981425,0.0,0.0,531.6983750920953,37.18091890055864,1430.030216612281,185.96044767113665,-8.582787877699388
5713,-107.39006071926383,-10.739006071926383,-5.721902239449605,-0.6369475036938299,537.4202773315449,37.58104346946493,1430.030216612281,185.96044767113665,-8.582787877699388
5714,-115.97284859696322,-11.597284859696321,-8.582787877699388,-0.9615384615384581,546.0030652092443,38.181225743797,1430.030216612281,185.96044767113665,-8.582787877699388
5715,-130.2775387141121,-13.027753871411207,-14.30469011714888,-1.6181279154657169,560.3077553263931,39.18153258703535,1430.030216612281,185.96044767113665,-8.582787877699388
5716,-110.25094635751361,-11.025094635751366,20.026592356598485,2.3026417332017823,540.2811629697947,37.78110117489071,1430.030216612281,185.96044767113665,-8.582787877699388
5717,-124.5556364746626,-12.455563647466262,-14.304690117148994,-1.6077218692830186,554.5858530869436,38.78140801812907,1430.030216612281,185.96044767113665,-8.582787877699388
5718,-115.97284859696322,-11.597284859696321,8.582787877699388,0.9803921568627416,546.0030652092443,38.181225743797,1430.030216612281,185.96044767113665,-8.582787877699388
5719,-118.833734235213,-11.883373423521304,-2.8608856382497834,-0.32361965734980513,548.863950847494,38.38128344922278,1430.030216612281,185.96044767113665,-8.582787877699388
5720,-118.833734235213,-11.883373423521304,0.0,0.0,548.863950847494,38.38128344922278,1430.030216612281,185.96044767113665,-8.582787877699388
5721,-127.41652211291239,-12.741652211291242,-8.582787877699388,-0.9740259257712491,557.4467387251934,38.98146572355484,1430.030216612281,185.96044767113665,-8.582787877699388
5722,-124.5556364746626,-12.455563647466262,2.8608856382497834,0.327863833174713,554.5858530869436,38.78140801812907,1430.030216612281,185.96044767113665,-8.582787877699388
5723,-124.5556364746626,-12.455563647466262,0.0,0.0,554.5858530869436,38.78140801812907,1430.030216612281,185.96044767113665,-8.582787877699388
5724,-95.94638720331454,-9.59463872033145,28.609249271348062,3.267968869676774,525.9766038155956,36.78080348970708,1430.030216612281,185.96044767113665,-8.582787877699388
5725,-84.50258272441545,-8.450258272441546,11.443804478899096,1.2658325033952034,514.5327993366965,35.980554351894504,1430.030216612281,185.96044767113665,-8.582787877699388
5726,-81.64169708616566,-8.164169708616564,2.8608856382497834,0.3124952167274708,511.6719136984467,35.78049664646873,1430.030216612281,185.96044767113665,-8.582787877699388
5727,-67.33700696901667,-6.733700696901668,14.304690117148994,1.5576371522707522,497.3672235812977,34.780189803230364,1430.030216612281,185.96044767113665,-8.582787877699388
5728,-47.31054557536811,-4.731054557536806,20.02646139364856,2.1472344826898526,477.34076218764915,33.37976754914045,1430.030216612281,185.96044767113665,-8.582787877699388
5729,-41.588643335918505,-4.15886433359185,5.721902239449605,0.6006051828195469,471.61885994819954,32.97964298023416,1430.030216612281,185.96044767113665,-8.582787877699388
5730,-44.44965993711821,-4.444965993711825,-2.861016601199708,-0.2985165588143657,474.47987654939925,33.17970984371467,1430.030216612281,185.96044767113665,-8.582787877699388
5731,-50.17143121361789,-5.017143121361789,-5.72177127649968,-0.5987932855660016,480.20164782589893,33.57982525456623,1430.030216612281,185.96044767113665,-8.582787877699388
5732,-33.005855458219116,-3.30058554582191,17.165575755398777,1.807228832602048,463.03607207050015,32.3794607059021,1430.030216612281,194.54323554883604,-8.582787877699388
5733,-35.866872059418824,-3.5866872059418853,-2.861016601199708,-0.2958670036782296,465.89708867169986,32.579527569382606,1430.030216612281,194.54323554883604,-8.582787877699388
5734,-33.005855458219116,-3.30058554582191,2.861016601199708,0.2967449741417827,463.03607207050015,32.3794607059021,1430.030216612281,194.54323554883604,-8.582787877699388
5735,-35.866872059418824,-3.5866872059418853,-2.861016601199708,-0.2958670036782296,465.89708867169986,32.579527569382606,1430.030216612281,194.54323554883604,-8.582787877699388
5736,-24.423067580519728,-2.442306758051971,11.443804478899096,1.1869527295824245,454.45328419280077,31.77927843157003,1430.030216612281,203.12602342653543,-8.582787877699388
5737,-30.144969819969333,-3.014496981996928,-5.721902239449605,-0.5865147124029413,460.17518643225037,32.17940300047632,1430.030216612281,203.12602342653543,-8.582787877699388
5738,-27.284084181719436,-2.728408418171946,2.860885638249897,0.2949807496197554,457.3143007940005,31.97934529505054,1430.030216612281,203.12602342653543,-8.582787877699388
5739,-21.562181942269945,-2.156218194227,5.721902239449491,0.5882398083962626,451.592398554551,31.579220726144253,1430.030216612281,205.9869090647852,-8.582787877699388
5740,-22.540619760327672,-2.254061976032762,-0.9784378180577278,-0.10000000000000009,452.5708363726087,31.647641505418107,1430.030216612281,205.9869090647852,-8.582787877699388
5741,-22.540619760327672,-2.254061976032762,0.0,0.0,452.5708363726087,31.647641505418107,1430.030216612281,0.0,0.0
5742,-22.540619760327672,-2.254061976032762,0.0,0.0,452.5708363726087,31.647641505418107,1430.030216612281,0.0,0.0
5743,-22.540619760327672,-2.254061976032762,0.0,0.0,452.5708363726087,31.647641505418107,1430.030216612281,0.0,0.0
5744,-22.540619760327672,-2.254061976032762,0.0,0.0,452.5708363726087,31.647641505418107,1430.030216612281,0.0,0.0
5745,-22.540619760327672,-2.254061976032762,0.0,0.0,452.5708363726087,31.647641505418107,1430.030216612281,0.0,0.0
5746,-22.540619760327672,-2.254061976032762,0.0,0.0,452.5708363726087,31.647641505418107,1430.030216612281,0.0,0.0
5747,-22.540619760327672,-2.254061976032762,0.0,0.0,452.5708363726087,31.647641505418107,1430.030216612281,0.0,0.0
5748,-22.540619760327672,-2.254061976032762,0.0,0.0,452.5708363726087,31.647641505418107,1430.030216612281,0.0,0.0
5749,-22.540619760327672,-2.254061976032762,0.0,0.0,452.5708363726087,31.647641505418107,1430.030216612281,0.0,0.0
5750,-22.540619760327672,-2.254061976032762,0.0,0.0,452.5708363726087,31.647641505418107,1430.030216612281,0.0,0.0
5751,-22.540619760327672,-2.254061976032762,0.0,0.0,452.5708363726087,31.647641505418107,1430.030216612281,0.0,0.0
5752,-22.540619760327672,-2.254061976032762,0.0,0.0,452.5708363726087,31.647641505418107,1430.030216612281,0.0,0.0
5753,-23.517102657669966,-2.351710265766993,-0.9764828973422937,-0.09990009990009652,453.547319269951,31.715925579838267,1430.030216612281,0.0,0.0
5754,-26.29906276421059,-2.629906276421057,-2.781960106540623,-0.2848959376669291,456.3292793764916,31.910464133934767,1430.030216612281,0.0,-2.781960106540623
5755,-23.517102657669966,-2.351710265766993,2.781960106540623,0.285709913604304,453.547319269951,31.715925579838267,1430.030216612281,0.0,-2.781960106540623
5756,-12.389134881536734,-1.23891348815367,11.127967776133232,1.1395967923677919,442.41935149381777,30.93776245804807,1430.030216612281,11.127967776133232,-2.781960106540623
5757,-17.953055094618094,-1.7953055094618087,-5.56392021308136,-0.5633717094043922,447.98327170689913,31.326839566241084,1430.030216612281,11.127967776133232,-2.781960106540623
5758,-15.171094988077357,-1.5171094988077338,2.781960106540737,0.28328178413190575,445.2013116003584,31.132301012144577,1430.030216612281,11.127967776133232,-2.781960106540623
5759,-20.73514255112923,-2.073514255112918,-5.564047563051872,-0.5649760618048227,450.76535916341027,31.521387025741753,1430.030216612281,11.127967776133232,-2.781960106540623
5760,-20.73514255112923,-2.073514255112918,0.0,0.0,450.76535916341027,31.521387025741753,1430.030216612281,11.127967776133232,-2.781960106540623
5761,-23.517102657669966,-2.351710265766993,-2.781960106540737,-0.28408658652248064,453.547319269951,31.715925579838267,1430.030216612281,11.127967776133232,-2.781960106540623
5762,-29.081150220721838,-2.9081150220721885,-5.564047563051872,-0.5698049170339226,459.1113668330029,32.10501159343544,1430.030216612281,11.127967776133232,-5.564047563051872
5763,-26.29906276421059,-2.629906276421057,2.782087456511249,0.2865417081091559,456.3292793764916,31.910464133934767,1430.030216612281,11.127967776133232,-5.564047563051872
5764,-37.427157890314334,-3.7427157890314366,-11.128095126103744,-1.142865812340177,467.45737450259537,32.68863616112913,1430.030216612281,11.127967776133232,-13.910055232644368
5765,-42.991078103395694,-4.299107810339564,-5.56392021308136,-0.5780258874628963,473.02129471567673,33.077713269322146,1430.030216612281,11.127967776133232,-19.473975445725728
5766,-37.427157890314334,-3.7427157890314366,5.56392021308136,0.5813864516597045,467.45737450259537,32.68863616112913,1430.030216612281,11.127967776133232,-19.473975445725728
5767,-15.171094988077357,-1.5171094988077338,22.256062902236977,2.3121432403451214,445.2013116003584,31.132301012144577,1430.030216612281,11.127967776133232,-19.473975445725728
5768,-9.607047425025485,-0.9607047425025494,5.564047563051872,0.5649760618048116,439.6372640373065,30.74321499854739,1430.030216612281,13.910055232644481,-19.473975445725728
5769,-1.2610397554328756,-0.12610397554329023,8.346007669592609,0.8426965930940167,431.2912563677139,30.1595904308537,1430.030216612281,22.25606290223709,-19.473975445725728
5770,-4.043127211944125,-0.40431272119441086,-2.782087456511249,-0.2785600209117667,434.07334382422516,30.354137890354377,1430.030216612281,22.25606290223709,-19.473975445725728
5771,29.340903466426198,2.934090346642626,33.38403067837032,3.3519554501306725,400.68931314585484,28.01963961957961,1430.030216612281,52.858006124096164,-19.473975445725728
5772,32.12299092293733,3.2122990922937245,2.7820874565111353,0.2702785294106391,397.9072256893437,27.825092160078942,1430.030216612281,55.6400935806073,-19.473975445725728
5773,32.12299092293733,3.2122990922937245,0.0,0.0,397.9072256893437,27.825092160078942,1430.030216612281,55.6400935806073,-19.473975445725728
5774,18.212935690292852,1.821293569029292,-13.910055232644481,-1.3477129523300269,411.8172809219882,28.797802741369814,1430.030216612281,55.6400935806073,-19.473975445725728
5775,9.866928020700357,0.9866928020700438,-8.346007669592495,-0.8196721311475308,420.1632885915807,29.3814273090635,1430.030216612281,55.6400935806073,-19.473975445725728
5776,9.866928020700357,0.9866928020700438,0.0,0.0,420.1632885915807,29.3814273090635,1430.030216612281,55.6400935806073,-19.473975445725728
5777,9.866928020700357,0.9866928020700438,0.0,0.0,420.1632885915807,29.3814273090635,1430.030216612281,55.6400935806073,-19.473975445725728
5778,7.08496791415962,0.7084967914159579,-2.781960106540737,-0.27547789014076285,422.9452486981214,29.575965863160015,1430.030216612281,55.6400935806073,-19.473975445725728
5779,23.776983253344838,2.3776983253344763,16.692015339185218,1.657458493671804,406.2532333589362,28.408716727772624,1430.030216612281,55.6400935806073,-19.473975445725728
5780,23.776983253344838,2.3776983253344763,0.0,0.0,406.2532333589362,28.408716727772624,1430.030216612281,55.6400935806073,-19.473975445725728
5781,1.5209203511077476,0.15209203511077352,-22.25606290223709,-2.1739170997488233,428.5092962611733,29.965051876757194,1430.030216612281,55.6400935806073,-19.473975445725728
5782,9.866928020700357,0.9866928020700438,8.346007669592609,0.8333333333333304,420.1632885915807,29.3814273090635,1430.030216612281,55.6400935806073,-19.473975445725728
5783,12.64888812724098,1.2648888127241076,2.781960106540623,0.27547789014075175,417.38132848504006,29.186888754967,1430.030216612281,55.6400935806073,-19.473975445725728
5784,-6.825087318484748,-0.6825087318484746,-19.473975445725728,-1.9230728117166307,436.8553039307658,30.54867644445088,1430.030216612281,55.6400935806073,-19.473975445725728
5785,-40.20911799685507,-4.0209117996855115,-33.38403067837032,-3.3613445378151363,470.2393346091361,32.88317471522564,1430.030216612281,55.6400935806073,-19.473975445725728
5786,-23.517102657669966,-2.351710265766993,16.692015339185104,1.7391304347825987,453.547319269951,31.715925579838267,1430.030216612281,55.6400935806073,-19.473975445725728
5787,-29.081150220721838,-2.9081150220721885,-5.564047563051872,-0.5698049170339226,459.1113668330029,32.10501159343544,1430.030216612281,55.6400935806073,-19.473975445725728
5788,-15.171094988077357,-1.5171094988077338,13.910055232644481,1.4326691912312395,445.2013116003584,31.132301012144577,1430.030216612281,55.6400935806073,-19.473975445725728
5789,9.866928020700357,0.9866928020700438,25.038023008777714,2.5423728813559254,420.1632885915807,29.3814273090635,1430.030216612281,55.6400935806073,-19.473975445725728
5790,4.3028804576484845,0.43028804576485946,-5.564047563051872,-0.550968390850981,425.72733615463255,29.770513322660687,1430.030216612281,55.6400935806073,-19.473975445725728
5791,4.3028804576484845,0.43028804576485946,0.0,0.0,425.72733615463255,29.770513322660687,1430.030216612281,55.6400935806073,-19.473975445725728
5792,20.99489579683359,2.0994895796833557,16.692015339185104,1.6620499317475668,409.03532081544745,28.603264187273304,1430.030216612281,55.6400935806073,-19.473975445725728
5793,20.99489579683359,2.0994895796833557,0.0,0.0,409.03532081544745,28.603264187273304,1430.030216612281,55.6400935806073,-19.473975445725728
5794,23.776983253344838,2.3776983253344763,2.782087456511249,0.272487890778339,406.2532333589362,28.408716727772624,1430.030216612281,55.6400935806073,-19.473975445725728
5795,34.90495102947807,3.4904951029478104,11.127967776133232,1.0869523302595496,395.12526558280297,27.630553605982428,1430.030216612281,58.422053687148036,-19.473975445725728
5796,-23.517102657669966,-2.351710265766993,-58.422053687148036,-5.645161290322587,453.547319269951,31.715925579838267,1430.030216612281,58.422053687148036,-19.473975445725728
5797,4.3028804576484845,0.43028804576485946,27.81998311531845,2.8489985017695174,425.72733615463255,29.770513322660687,1430.030216612281,58.422053687148036,-19.473975445725728
5798,-12.389134881536734,-1.23891348815367,-16.692015339185218,-1.6620499317475668,442.41935149381777,30.93776245804807,1430.030216612281,58.422053687148036,-19.473975445725728
5799,-23.517102657669966,-2.351710265766993,-11.127967776133232,-1.1267563135606506,453.547319269951,31.715925579838267,1430.030216612281,58.422053687148036,-19.473975445725728
5800,-20.73514255112923,-2.073514255112918,2.781960106540737,0.2848959376669402,450.76535916341027,31.521387025741753,1430.030216612281,58.422053687148036,-19.473975445725728
5801,-4.043127211944125,-0.40431272119441086,16.692015339185104,1.7045455284355082,434.07334382422516,30.354137890354377,1430.030216612281,58.422053687148036,-19.473975445725728
5802,-23.517102657669966,-2.351710265766993,-19.47397544572584,-1.9553030836777952,453.547319269951,31.715925579838267,1430.030216612281,58.422053687148036,-19.473975445725728
5803,-40.20911799685507,-4.0209117996855115,-16.692015339185104,-1.7094017094017033,470.2393346091361,32.88317471522564,1430.030216612281,58.422053687148036,-19.473975445725728
5804,-37.427157890314334,-3.7427157890314366,2.781960106540737,0.2898506496263664,467.45737450259537,32.68863616112913,1430.030216612281,58.422053687148036,-19.473975445725728
5805,-31.86311032726246,-3.186311032726241,5.564047563051872,0.5780391176274158,461.8933269395435,32.29955014753195,1430.030216612281,58.422053687148036,-19.473975445725728
5806,-20.73514255112923,-2.073514255112918,11.127967776133232,1.149420902646825,450.76535916341027,31.521387025741753,1430.030216612281,58.422053687148036,-19.473975445725728
5807,-37.427157890314334,-3.7427157890314366,-16.692015339185104,-1.7045455284355082,467.45737450259537,32.68863616112913,1430.030216612281,58.422053687148036,-19.473975445725728
5808,-15.171094988077357,-1.5171094988077338,22.256062902236977,2.3121432403451214,445.2013116003584,31.132301012144577,1430.030216612281,58.422053687148036,-19.473975445725728
5809,-26.29906276421059,-2.629906276421057,-11.127967776133232,-1.129939192432472,456.3292793764916,31.910464133934767,1430.030216612281,58.422053687148036,-19.473975445725728
5810,-17.953055094618094,-1.7953055094618087,8.346007669592495,0.8571428197743813,447.98327170689913,31.326839566241084,1430.030216612281,58.422053687148036,-19.473975445725728
5811,-23.517102657669966,-2.351710265766993,-5.564047563051872,-0.566576536072616,453.547319269951,31.715925579838267,1430.030216612281,58.422053687148036,-19.473975445725728
5812,-20.73514255112923,-2.073514255112918,2.781960106540737,0.2848959376669402,450.76535916341027,31.521387025741753,1430.030216612281,58.422053687148036,-19.473975445725728
5813,-17.953055094618094,-1.7953055094618087,2.7820874565111353,0.2840995911727928,447.98327170689913,31.326839566241084,1430.030216612281,58.422053687148036,-19.473975445725728
5814,-4.043127211944125,-0.40431272119441086,13.90992788267397,1.4164218884682889,434.07334382422516,30.354137890354377,1430.030216612281,58.422053687148036,-19.473975445725728
5815,-1.2610397554328756,-0.12610397554329023,2.782087456511249,0.27933814530776147,431.2912563677139,30.1595904308537,1430.030216612281,58.422053687148036,-19.473975445725728
5816,-15.171094988077357,-1.5171094988077338,-13.910055232644481,-1.3927618513288276,445.2013116003584,31.132301012144577,1430.030216612281,58.422053687148036,-19.473975445725728
5817,-26.29906276421059,-2.629906276421057,-11.127967776133232,-1.129939192432472,456.3292793764916,31.910464133934767,1430.030216612281,58.422053687148036,-19.473975445725728
5818,-29.081150220721838,-2.9081150220721885,-2.782087456511249,-0.2857229925657956,459.1113668330029,32.10501159343544,1430.030216612281,58.422053687148036,-19.473975445725728
5819,-9.607047425025485,-0.9607047425025494,19.474102795696353,2.0057394910113713,439.6372640373065,30.74321499854739,1430.030216612281,58.422053687148036,-19.473975445725728
5820,-4.043127211944125,-0.40431272119441086,5.56392021308136,0.5617891563763022,434.07334382422516,30.354137890354377,1430.030216612281,58.422053687148036,-19.473975445725728
5821,-6.825087318484748,-0.6825087318484746,-2.781960106540623,-0.2793253586124589,436.8553039307658,30.54867644445088,1430.030216612281,58.422053687148036,-19.473975445725728
5822,18.212935690292852,1.821293569029292,25.0380230087776,2.5210084033613356,411.8172809219882,28.797802741369814,1430.030216612281,58.422053687148036,-19.473975445725728
5823,23.776983253344838,2.3776983253344763,5.564047563051986,0.5464522564997631,406.2532333589362,28.408716727772624,1430.030216612281,58.422053687148036,-19.473975445725728
5824,15.430975583752229,1.5430975583752282,-8.346007669592609,-0.815217357502096,414.5992410285288,28.992341295466318,1430.030216612281,58.422053687148036,-19.473975445725728
5825,1.5209203511077476,0.15209203511077352,-13.910055232644481,-1.3698671369216209,428.5092962611733,29.965051876757194,1430.030216612281,58.422053687148036,-19.473975445725728
5826,1.5209203511077476,0.15209203511077352,0.0,0.0,428.5092962611733,29.965051876757194,1430.030216612281,58.422053687148036,-19.473975445725728
5827,9.866928020700357,0.9866928020700438,8.346007669592609,0.8333333333333304,420.1632885915807,29.3814273090635,1430.030216612281,58.422053687148036,-19.473975445725728
5828,18.212935690292852,1.821293569029292,8.346007669592495,0.8264462809917328,411.8172809219882,28.797802741369814,1430.030216612281,58.422053687148036,-19.473975445725728
5829,4.3028804576484845,0.43028804576485946,-13.910055232644368,-1.3661243876472717,425.72733615463255,29.770513322660687,1430.030216612281,58.422053687148036,-19.473975445725728
5830,-4.043127211944125,-0.40431272119441086,-8.346007669592609,-0.8310249658737834,434.07334382422516,30.354137890354377,1430.030216612281,58.422053687148036,-19.473975445725728
5831,-4.043127211944125,-0.40431272119441086,0.0,0.0,434.07334382422516,30.354137890354377,1430.030216612281,58.422053687148036,-19.473975445725728
5832,20.99489579683359,2.0994895796833557,25.038023008777714,2.5139665875980155,409.03532081544745,28.603264187273304,1430.030216612281,58.422053687148036,-19.473975445725728
5833,32.12299092293733,3.2122990922937245,11.128095126103744,1.089926616863135,397.9072256893437,27.825092160078942,1430.030216612281,58.422053687148036,-19.473975445725728
5834,37.68691113601881,3.768691113601874,5.563920213081474,0.5390753100176671,392.34330547626223,27.43601505188592,1430.030216612281,61.20401379368877,-19.473975445725728
5835,40.46899859252994,4.046899859252995,2.7820874565111353,0.2681047073693321,389.5612180197511,27.24146759238525,1430.030216612281,63.98610125019991,-19.473975445725728
5836,43.25095869907068,4.3250958699070585,2.781960106540737,0.2673755883456419,386.77925791321036,27.046929038288738,1430.030216612281,66.76806135674065,-19.473975445725728
5837,34.90495102947807,3.4904951029478104,-8.346007669592609,-0.8000000000000007,395.12526558280297,27.630553605982428,1430.030216612281,66.76806135674065,-19.473975445725728
5838,43.25095869907068,4.3250958699070585,8.346007669592609,0.8064516129032251,386.77925791321036,27.046929038288738,1430.030216612281,66.76806135674065,-19.473975445725728
5839,32.12299092293733,3.2122990922937245,-11.127967776133346,-1.066662597656265,397.9072256893437,27.825092160078942,1430.030216612281,66.76806135674065,-19.473975445725728
5840,40.46899859252994,4.046899859252995,8.346007669592609,0.8086253036694302,389.5612180197511,27.24146759238525,1430.030216612281,66.76806135674065,-19.473975445725728
5841,40.46899859252994,4.046899859252995,0.0,0.0,389.5612180197511,27.24146759238525,1430.030216612281,66.76806135674065,-19.473975445725728
5842,37.68691113601881,3.768691113601874,-2.7820874565111353,-0.2673878280154973,392.34330547626223,27.43601505188592,1430.030216612281,66.76806135674065,-19.473975445725728
5843,40.46899859252994,4.046899859252995,2.7820874565111353,0.2681047073693321,389.5612180197511,27.24146759238525,1430.030216612281,66.76806135674065,-19.473975445725728
5844,43.25095869907068,4.3250958699070585,2.781960106540737,0.2673755883456419,386.77925791321036,27.046929038288738,1430.030216612281,66.76806135674065,-19.473975445725728
5845,34.90495102947807,3.4904951029478104,-8.346007669592609,-0.8000000000000007,395.12526558280297,27.630553605982428,1430.030216612281,66.76806135674065,-19.473975445725728
5846,26.55894335988546,2.65589433598854,-8.346007669592609,-0.8064516129032251,403.4712732523956,28.214178173676125,1430.030216612281,66.76806135674065,-19.473975445725728
5847,9.866928020700357,0.9866928020700438,-16.692015339185104,-1.6260162601625994,420.1632885915807,29.3814273090635,1430.030216612281,66.76806135674065,-19.473975445725728
5848,1.5209203511077476,0.15209203511077352,-8.346007669592609,-0.8264462809917439,428.5092962611733,29.965051876757194,1430.030216612281,66.76806135674065,-19.473975445725728
5849,14.415544608168489,1.4415544608168407,12.894624257060741,1.287504234313963,415.61467200411255,29.063348954170852,1430.030216612281,66.76806135674065,-19.473975445725728
5850,14.415544608168489,1.4415544608168407,0.0,0.0,415.61467200411255,29.063348954170852,1430.030216612281,0.0,0.0
5851,14.415544608168489,1.4415544608168407,0.0,0.0,415.61467200411255,29.063348954170852,1430.030216612281,0.0,0.0
5852,14.415544608168489,1.4415544608168407,0.0,0.0,415.61467200411255,29.063348954170852,1430.030216612281,0.0,0.0
5853,14.415544608168489,1.4415544608168407,0.0,0.0,415.61467200411255,29.063348954170852,1430.030216612281,0.0,0.0
5854,14.415544608168489,1.4415544608168407,0.0,0.0,415.61467200411255,29.063348954170852,1430.030216612281,0.0,0.0
5855,14.415544608168489,1.4415544608168407,0.0,0.0,415.61467200411255,29.063348954170852,1430.030216612281,0.0,0.0
5856,14.415544608168489,1.4415544608168407,0.0,0.0,415.61467200411255,29.063348954170852,1430.030216612281,0.0,0.0
5857,14.415544608168489,1.4415544608168407,0.0,0.0,415.61467200411255,29.063348954170852,1430.030216612281,0.0,0.0
5858,14.415544608168489,1.4415544608168407,0.0,0.0,415.61467200411255,29.063348954170852,1430.030216612281,0.0,0.0
5859,14.415544608168489,1.4415544608168407,0.0,0.0,415.61467200411255,29.063348954170852,1430.030216612281,0.0,0.0
5860,14.415544608168489,1.4415544608168407,0.0,0.0,415.61467200411255,29.063348954170852,1430.030216612281,0.0,0.0
5861,13.402142465702923,1.3402142465702926,-1.0134021424655657,-0.09990009990008542,416.6280741465781,29.134214739431414,1430.030216612281,0.0,0.0
5862,10.769969168715988,1.0769969168715976,-2.6321732969869345,-0.25973630671261017,419.26024744356505,29.318278912790102,1430.030216612281,0.0,-2.6321732969869345
5863,18.66660955284658,1.8666609552846491,7.896640384130592,0.78125,411.36360705943446,28.766077966796278,1430.030216612281,5.264467087143657,-2.6321732969869345
5864,10.769969168715988,1.0769969168715976,-7.896640384130592,-0.7751937984496138,419.26024744356505,29.318278912790102,1430.030216612281,5.264467087143657,-2.6321732969869345
5865,0.24115548759846206,0.024115548759851002,-10.528813681117526,-1.0416626930236816,429.7890611246826,30.054544032142626,1430.030216612281,5.264467087143657,-13.16098697810446
5866,-7.65548489653213,-0.7655484896532117,-7.896640384130592,-0.7894736525094426,437.68570150881317,30.60674497813645,1430.030216612281,5.264467087143657,-21.057627362235053
5867,-5.023311599545195,-0.5023311599545166,2.6321732969869345,0.2652479312300615,435.05352821182623,30.42268080477776,1430.030216612281,5.264467087143657,-21.057627362235053
5868,5.505502081572331,0.5505502081572411,10.528813681117526,1.058197021484375,424.5247145307087,29.68641568542524,1430.030216612281,5.264467087143657,-21.057627362235053
5869,-7.65548489653213,-0.7655484896532117,-13.16098697810446,-1.3088925869484513,437.68570150881317,30.60674497813645,1430.030216612281,5.264467087143657,-21.057627362235053
5870,-10.287778686688853,-1.0287778686688842,-2.632293790156723,-0.2652600735020161,440.3179952989699,30.790817577412895,1430.030216612281,5.264467087143657,-23.689921152391776
5871,-7.65548489653213,-0.7655484896532117,2.632293790156723,0.2659655739790434,437.68570150881317,30.60674497813645,1430.030216612281,5.264467087143657,-23.689921152391776
5872,9.75919919954731,0.9759199199547375,17.41468409607944,1.754903043351197,420.2710174127337,29.388960633877314,1430.030216612281,5.264467087143657,-23.689921152391776
5873,8.750448750796636,0.8750448750796558,-1.0087504487506749,-0.09990009990008542,421.2797678614844,29.45950113274456,1430.030216612281,0.0,0.0
5874,3.496500079411476,0.349650007941138,-5.25394867138516,-0.5208373069763184,426.53371653286956,29.826902367372433,1430.030216612281,0.0,-5.25394867138516
5875,0.8695858699310293,0.08695858699310222,-2.6269142094804465,-0.26177612072115775,429.16063074235,30.010598780144992,1430.030216612281,0.0,-7.880862880865607
5876,14.004397422181796,1.4004397422181736,13.134811552250767,1.3123399629367594,416.02581919009924,29.092099898116686,1430.030216612281,5.25394867138516,-7.880862880865607
5877,24.512174512527736,2.451217451252763,10.50777709034594,1.036265436033501,405.5180420997533,28.3573058379437,1430.030216612281,15.7617257617311,-7.880862880865607
5878,24.512174512527736,2.451217451252763,0.0,0.0,405.5180420997533,28.3573058379437,1430.030216612281,15.7617257617311,-7.880862880865607
5879,21.885260303047403,2.1885260303047493,-2.626914209480333,-0.25640634390022843,408.14495630923363,28.541002250716254,1430.030216612281,15.7617257617311,-7.880862880865607
5880,27.139088722008182,2.713908872200821,5.253828418960779,0.5141309521778048,402.89112789027286,28.173609425171136,1430.030216612281,18.388639971211546,-7.880862880865607
5881,24.512174512527736,2.451217451252763,-2.6269142094804465,-0.255750583180403,405.5180420997533,28.3573058379437,1430.030216612281,18.388639971211546,-7.880862880865607
5882,11.377362960277082,1.1377362960277138,-13.134811552250653,-1.2820551945612824,418.65285365200396,29.275804719971998,1430.030216612281,18.388639971211546,-7.880862880865607
5883,16.631311631662243,1.6631311631662316,5.25394867138516,0.5194845033911877,413.3989049806188,28.908403485344124,1430.030216612281,18.388639971211546,-7.880862880865607
5884,11.377362960277082,1.1377362960277138,-5.25394867138516,-0.5167998084726233,418.65285365200396,29.275804719971998,1430.030216612281,18.388639971211546,-7.880862880865607
5885,8.750448750796636,0.8750448750796558,-2.6269142094804465,-0.25973630671261017,421.2797678614844,29.45950113274456,1430.030216612281,18.388639971211546,-7.880862880865607
5886,29.766123183912896,2.9766123183912807,21.01567443311626,2.083337306976296,400.26409342836814,27.98990460331583,1430.030216612281,21.01567443311626,-7.880862880865607
5887,29.766123183912896,2.9766123183912807,0.0,0.0,400.26409342836814,27.98990460331583,1430.030216612281,21.01567443311626,-7.880862880865607
5888,24.512174512527736,2.451217451252763,-5.25394867138516,-0.510207954320796,405.5180420997533,28.3573058379437,1430.030216612281,21.01567443311626,-7.880862880865607
5889,8.750448750796636,0.8750448750796558,-15.7617257617311,-1.538461538461533,421.2797678614844,29.45950113274456,1430.030216612281,21.01567443311626,-7.880862880865607
5890,8.750448750796636,0.8750448750796558,0.0,0.0,421.2797678614844,29.45950113274456,1430.030216612281,21.01567443311626,-7.880862880865607
5891,6.1235345413161895,0.61235345413162,-2.6269142094804465,-0.26041269302368164,423.90668207096485,29.64319754551712,1430.030216612281,21.01567443311626,-7.880862880865607
5892,11.377362960277082,1.1377362960277138,5.253828418960893,0.5221852226482415,418.65285365200396,29.275804719971998,1430.030216612281,21.01567443311626,-7.880862880865607
5893,11.377362960277082,1.1377362960277138,0.0,0.0,418.65285365200396,29.275804719971998,1430.030216612281,21.01567443311626,-7.880862880865607
5894,8.750448750796636,0.8750448750796558,-2.6269142094804465,-0.25973630671261017,421.2797678614844,29.45950113274456,1430.030216612281,21.01567443311626,-7.880862880865607
5895,-4.384362801454131,-0.4384362801454156,-13.134811552250767,-1.3020873069763184,434.41457941373517,30.378000014772866,1430.030216612281,21.01567443311626,-13.134811552250767
5896,0.8695858699310293,0.08695858699310222,5.25394867138516,0.5277085327997311,429.16063074235,30.010598780144992,1430.030216612281,21.01567443311626,-13.134811552250767
5897,-9.638191220415024,-0.9638191220414982,-10.507777090346053,-1.0498647614726853,439.66840783269606,30.745392840317987,1430.030216612281,21.01567443311626,-18.38863997121166
5898,-7.0112770109345774,-0.7011277010934625,2.6269142094804465,0.2652479312300615,437.0414936232156,30.561696427545428,1430.030216612281,21.01567443311626,-18.38863997121166
5899,-1.7573283395494173,-0.17573283395494466,5.25394867138516,0.5291045658172067,431.78754495183045,30.194295192917554,1430.030216612281,21.01567443311626,-18.38863997121166
5900,-7.0112770109345774,-0.7011277010934625,-5.25394867138516,-0.5263197838102696,437.0414936232156,30.561696427545428,1430.030216612281,21.01567443311626,-18.38863997121166
5901,-7.0112770109345774,-0.7011277010934625,0.0,0.0,437.0414936232156,30.561696427545428,1430.030216612281,21.01567443311626,-18.38863997121166
5902,-9.638191220415024,-0.9638191220414982,-2.6269142094804465,-0.26454622783358417,439.66840783269606,30.745392840317987,1430.030216612281,21.01567443311626,-18.38863997121166
5903,-9.638191220415024,-0.9638191220414982,0.0,0.0,439.66840783269606,30.745392840317987,1430.030216612281,21.01567443311626,-18.38863997121166
5904,-4.384362801454131,-0.4384362801454156,5.253828418960893,0.530495862460123,434.41457941373517,30.378000014772866,1430.030216612281,21.01567443311626,-18.38863997121166
5905,-4.384362801454131,-0.4384362801454156,0.0,0.0,434.41457941373517,30.378000014772866,1430.030216612281,21.01567443311626,-18.38863997121166
5906,-1.7573283395494173,-0.17573283395494466,2.6270344619047137,0.26386030549867545,431.78754495183045,30.194295192917554,1430.030216612281,21.01567443311626,-18.38863997121166
5907,0.8695858699310293,0.08695858699310222,2.6269142094804465,0.263153868699173,429.16063074235,30.010598780144992,1430.030216612281,21.01567443311626,-18.38863997121166
5908,-9.638191220415024,-0.9638191220414982,-10.507777090346053,-1.0498647614726853,439.66840783269606,30.745392840317987,1430.030216612281,21.01567443311626,-18.38863997121166
5909,-12.265225682319738,-1.2265225682319691,-2.6270344619047137,-0.2652600735020272,442.2954422946008,30.929097662173298,1430.030216612281,21.01567443311626,-21.015674433116374
5910,-25.399916982146237,-2.5399916982146276,-13.1346912998265,-1.3297791716303409,455.4301335944273,31.847588135118855,1430.030216612281,21.01567443311626,-34.15036573294287
5911,-35.90781432491656,-3.590781432491652,-10.50789734277032,-1.0781752973211933,465.9380309371976,32.5823906043746,1430.030216612281,21.01567443311626,-44.658263075713194
5912,-56.92336850560855,-5.692336850560853,-21.015554180691993,-2.1798282874760933,486.9535851178896,34.051978724720584,1430.030216612281,21.01567443311626,-65.67381725640519
5913,-72.68509426733976,-7.268509426733971,-15.761725761731213,-1.671309121163922,502.7153108796208,35.15417401952145,1430.030216612281,21.01567443311626,-81.4355430181364
5914,-85.81990581959053,-8.581990581959055,-13.134811552250767,-1.4164348562771267,515.8501224318716,36.07267290154976,1430.030216612281,21.01567443311626,-94.57035457038717
5915,-83.19299161011008,-8.319299161011006,2.6269142094804465,0.2873519371295874,513.2232082223911,35.888976488777196,1430.030216612281,21.01567443311626,-94.57035457038717
5916,-67.43126584837898,-6.743126584837899,15.7617257617311,1.7191977829022154,497.46148246066,34.78678119397634,1430.030216612281,21.01567443311626,-94.57035457038717
5917,-59.55040296751338,-5.955040296751335,7.880862880865607,0.8450704588584657,489.5806195797944,34.2356835465759,1430.030216612281,21.01567443311626,-94.57035457038717
5918,-67.43126584837898,-6.743126584837899,-7.880862880865607,-0.8379888625326681,497.46148246066,34.78678119397634,1430.030216612281,21.01567443311626,-94.57035457038717
5919,-91.07385449097569,-9.10738544909757,-23.642588642596706,-2.5352113765753637,521.1040711032567,36.44007413617763,1430.030216612281,21.01567443311626,-99.82430324177233
5920,-104.20854579080219,-10.420854579080219,-13.1346912998265,-1.4450779488217602,534.2387624030832,37.358564609123185,1430.030216612281,21.01567443311626,-112.95899454159883
5921,-106.8355802527069,-10.68355802527069,-2.6270344619047137,-0.29326406827846485,536.8657968649879,37.5422694309785,1430.030216612281,21.01567443311626,-115.58602900350354
5922,-93.70076870045614,-9.370076870045619,13.134811552250767,1.4705927891716764,523.7309853127372,36.62377054895019,1430.030216612281,21.01567443311626,-115.58602900350354
5923,-88.44682002907098,-8.844682002907101,5.25394867138516,0.5797145677649329,518.477036641352,36.25636931432232,1430.030216612281,21.01567443311626,-115.58602900350354
5924,-75.31212872924448,-7.531212872924453,13.1346912998265,1.4409133321486856,505.3423453415255,35.337878841376764,1430.030216612281,21.01567443311626,-115.58602900350354
5925,-72.68509426733976,-7.268509426733971,2.6270344619047137,0.2840995911727928,502.7153108796208,35.15417401952145,1430.030216612281,21.01567443311626,-115.58602900350354
5926,-67.43126584837898,-6.743126584837899,5.253828418960779,0.5665635682637671,497.46148246066,34.78678119397634,1430.030216612281,21.01567443311626,-115.58602900350354
5927,-67.43126584837898,-6.743126584837899,0.0,0.0,497.46148246066,34.78678119397634,1430.030216612281,21.01567443311626,-115.58602900350354
5928,-59.55040296751338,-5.955040296751335,7.880862880865607,0.8450704588584657,489.5806195797944,34.2356835465759,1430.030216612281,21.01567443311626,-115.58602900350354
5929,-59.55040296751338,-5.955040296751335,0.0,0.0,489.5806195797944,34.2356835465759,1430.030216612281,21.01567443311626,-115.58602900350354
5930,-43.788677205782164,-4.378867720578217,15.761725761731213,1.6759777250653363,473.8188938180632,33.133488251775034,1430.030216612281,21.01567443311626,-115.58602900350354
5931,-39.49619380586262,-3.9496193805862667,4.292483399919547,0.44890530969410314,469.52641041814366,32.833320930130014,1430.030216612281,21.01567443311626,-115.58602900350354
5932,-39.49619380586262,-3.9496193805862667,0.0,0.0,469.52641041814366,32.833320930130014,1430.030216612281,0.0,0.0
5933,-39.49619380586262,-3.9496193805862667,0.0,0.0,469.52641041814366,32.833320930130014,1430.030216612281,0.0,0.0
5934,-39.49619380586262,-3.9496193805862667,0.0,0.0,469.52641041814366,32.833320930130014,1430.030216612281,0.0,0.0
5935,-39.49619380586262,-3.9496193805862667,0.0,0.0,469.52641041814366,32.833320930130014,1430.030216612281,0.0,0.0
5936,-39.49619380586262,-3.9496193805862667,0.0,0.0,469.52641041814366,32.833320930130014,1430.030216612281,0.0,0.0
5937,-39.49619380586262,-3.9496193805862667,0.0,0.0,469.52641041814366,32.833320930130014,1430.030216612281,0.0,0.0
5938,-39.49619380586262,-3.9496193805862667,0.0,0.0,469.52641041814366,32.833320930130014,1430.030216612281,0.0,0.0
5939,-39.49619380586262,-3.9496193805862667,0.0,0.0,469.52641041814366,32.833320930130014,1430.030216612281,0.0,0.0
5940,-39.49619380586262,-3.9496193805862667,0.0,0.0,469.52641041814366,32.833320930130014,1430.030216612281,0.0,0.0
5941,-39.49619380586262,-3.9496193805862667,0.0,0.0,469.52641041814366,32.833320930130014,1430.030216612281,0.0,0.0
5942,-39.49619380586262,-3.9496193805862667,0.0,0.0,469.52641041814366,32.833320930130014,1430.030216612281,0.0,0.0
5943,-39.49619380586262,-3.9496193805862667,0.0,0.0,469.52641041814366,32.833320930130014,1430.030216612281,0.0,0.0
5944,-39.49619380586262,-3.9496193805862667,0.0,0.0,469.52641041814366,32.833320930130014,1430.030216612281,0.0,0.0
5945,-39.49619380586262,-3.9496193805862667,0.0,0.0,469.52641041814366,32.833320930130014,1430.030216612281,0.0,0.0
5946,-39.49619380586262,-3.9496193805862667,0.0,0.0,469.52641041814366,32.833320930130014,1430.030216612281,0.0,0.0
5947,-39.49619380586262,-3.9496193805862667,0.0,0.0,469.52641041814366,32.833320930130014,1430.030216612281,0.0,0.0
5948,-39.49619380586262,-3.9496193805862667,0.0,0.0,469.52641041814366,32.833320930130014,1430.030216612281,0.0,0.0
5949,-39.49619380586262,-3.9496193805862667,0.0,0.0,469.52641041814366,32.833320930130014,1430.030216612281,0.0,0.0
5950,-39.49619380586262,-3.9496193805862667,0.0,0.0,469.52641041814366,32.833320930130014,1430.030216612281,0.0,0.0
5951,-39.49619380586262,-3.9496193805862667,0.0,0.0,469.52641041814366,32.833320930130014,1430.030216612281,0.0,0.0
5952,-39.49619380586262,-3.9496193805862667,0.0,0.0,469.52641041814366,32.833320930130014,1430.030216612281,0.0,0.0
5953,-39.49619380586262,-3.9496193805862667,0.0,0.0,469.52641041814366,32.833320930130014,1430.030216612281,0.0,0.0
5954,-39.49619380586262,-3.9496193805862667,0.0,0.0,469.52641041814366,32.833320930130014,1430.030216612281,0.0,0.0
5955,-39.49619380586262,-3.9496193805862667,0.0,0.0,469.52641041814366,32.833320930130014,1430.030216612281,0.0,0.0
5956,-39.49619380586262,-3.9496193805862667,0.0,0.0,469.52641041814366,32.833320930130014,1430.030216612281,0.0,0.0
5957,-39.49619380586262,-3.9496193805862667,0.0,0.0,469.52641041814366,32.833320930130014,1430.030216612281,0.0,0.0
5958,-39.49619380586262,-3.9496193805862667,0.0,0.0,469.52641041814366,32.833320930130014,1430.030216612281,0.0,0.0
5959,-39.49619380586262,-3.9496193805862667,0.0,0.0,469.52641041814366,32.833320930130014,1430.030216612281,0.0,0.0
5960,-39.49619380586262,-3.9496193805862667,0.0,0.0,469.52641041814366,32.833320930130014,1430.030216612281,0.0,0.0
5961,-39.49619380586262,-3.9496193805862667,0.0,0.0,469.52641041814366,32.833320930130014,1430.030216612281,0.0,0.0
5962,-39.49619380586262,-3.9496193805862667,0.0,0.0,469.52641041814366,32.833320930130014,1430.030216612281,0.0,0.0
5963,-39.49619380586262,-3.9496193805862667,0.0,0.0,469.52641041814366,32.833320930130014,1430.030216612281,0.0,0.0
5964,-39.49619380586262,-3.9496193805862667,0.0,0.0,469.52641041814366,32.833320930130014,1430.030216612281,0.0,0.0
5965,-39.49619380586262,-3.9496193805862667,0.0,0.0,469.52641041814366,32.833320930130014,1430.030216612281,0.0,0.0
5966,-39.49619380586262,-3.9496193805862667,0.0,0.0,469.52641041814366,32.833320930130014,1430.030216612281,0.0,0.0
5967,-39.49619380586262,-3.9496193805862667,0.0,0.0,469.52641041814366,32.833320930130014,1430.030216612281,0.0,0.0
5968,-39.49619380586262,-3.9496193805862667,0.0,0.0,469.52641041814366,32.833320930130014,1430.030216612281,0.0,0.0
5969,-39.49619380586262,-3.9496193805862667,0.0,0.0,469.52641041814366,32.833320930130014,1430.030216612281,0.0,0.0
5970,-39.49619380586262,-3.9496193805862667,0.0,0.0,469.52641041814366,32.833320930130014,1430.030216612281,0.0,0.0
5971,-39.49619380586262,-3.9496193805862667,0.0,0.0,469.52641041814366,32.833320930130014,1430.030216612281,0.0,0.0
5972,-39.49619380586262,-3.9496193805862667,0.0,0.0,469.52641041814366,32.833320930130014,1430.030216612281,0.0,0.0
5973,-39.49619380586262,-3.9496193805862667,0.0,0.0,469.52641041814366,32.833320930130014,1430.030216612281,0.0,0.0
5974,-39.49619380586262,-3.9496193805862667,0.0,0.0,469.52641041814366,32.833320930130014,1430.030216612281,0.0,0.0
5975,-39.49619380586262,-3.9496193805862667,0.0,0.0,469.52641041814366,32.833320930130014,1430.030216612281,0.0,0.0
5976,-39.49619380586262,-3.9496193805862667,0.0,0.0,469.52641041814366,32.833320930130014,1430.030216612281,0.0,0.0
5977,-39.49619380586262,-3.9496193805862667,0.0,0.0,469.52641041814366,32.833320930130014,1430.030216612281,0.0,0.0
5978,-39.49619380586262,-3.9496193805862667,0.0,0.0,469.52641041814366,32.833320930130014,1430.030216612281,0.0,0.0
5979,-39.49619380586262,-3.9496193805862667,0.0,0.0,469.52641041814366,32.833320930130014,1430.030216612281,0.0,0.0
5980,-39.49619380586262,-3.9496193805862667,0.0,0.0,469.52641041814366,32.833320930130014,1430.030216612281,0.0,0.0
5981,-39.49619380586262,-3.9496193805862667,0.0,0.0,469.52641041814366,32.833320930130014,1430.030216612281,0.0,0.0
5982,-39.49619380586262,-3.9496193805862667,0.0,0.0,469.52641041814366,32.833320930130014,1430.030216612281,0.0,0.0
5983,-39.49619380586262,-3.9496193805862667,0.0,0.0,469.52641041814366,32.833320930130014,1430.030216612281,0.0,0.0
5984,-39.49619380586262,-3.9496193805862667,0.0,0.0,469.52641041814366,32.833320930130014,1430.030216612281,0.0,0.0
5985,-39.49619380586262,-3.9496193805862667,0.0,0.0,469.52641041814366,32.833320930130014,1430.030216612281,0.0,0.0
5986,-39.49619380586262,-3.9496193805862667,0.0,0.0,469.52641041814366,32.833320930130014,1430.030216612281,0.0,0.0
5987,-39.49619380586262,-3.9496193805862667,0.0,0.0,469.52641041814366,32.833320930130014,1430.030216612281,0.0,0.0
5988,-40.455738067794755,-4.045573806779479,-0.9595442619321375,-0.09990009990009652,470.4859546800758,32.90042050962039,1430.030216612281,0.0,0.0
5989,-40.455738067794755,-4.045573806779479,0.0,0.0,470.4859546800758,32.90042050962039,1430.030216612281,0.0,0.0
5990,-44.16054216791906,-4.41605421679191,-3.7048041001243064,-0.38610038610038533,474.1907587802001,33.159492245104474,1430.030216612281,0.0,-3.7048041001243064
5991,-47.86534626804348,-4.78653462680435,-3.70480410012442,-0.387596899224818,477.8955628803245,33.41856398058857,1430.030216612281,0.0,-7.4096082002487265
5992,-47.86534626804348,-4.78653462680435,0.0,0.0,477.8955628803245,33.41856398058857,1430.030216612281,0.0,-7.4096082002487265
5993,-47.86534626804348,-4.78653462680435,0.0,0.0,477.8955628803245,33.41856398058857,1430.030216612281,0.0,-7.4096082002487265
5994,-44.16054216791906,-4.41605421679191,3.70480410012442,0.3891050583657574,474.1907587802001,33.159492245104474,1430.030216612281,0.0,-7.4096082002487265
5995,-40.455738067794755,-4.045573806779479,3.7048041001243064,0.3875968992248069,470.4859546800758,32.90042050962039,1430.030216612281,0.0,-7.4096082002487265
5996,-36.75093396767045,-3.6750933967670485,3.7048041001243064,0.38610038610038533,466.7811505799515,32.641348774136304,1430.030216612281,3.7048041001243064,-7.4096082002487265
5997,-29.341325767421722,-2.9341325767421766,7.4096082002487265,0.7692307692307665,459.37154237970276,32.12320530316812,1430.030216612281,11.114412300373033,-7.4096082002487265
5998,-25.636521667297416,-2.5636521667297463,3.7048041001243064,0.3816793893129722,455.66673827957845,31.86413356768403,1430.030216612281,14.81921640049734,-7.4096082002487265
5999,-25.636521667297416,-2.5636521667297463,0.0,0.0,455.66673827957845,31.86413356768403,1430.030216612281,14.81921640049734,-7.4096082002487265
6000,0.2971070335730701,0.02971070335731074,25.933628700870486,2.6615969581749166,429.73310957870797,30.05063141929538,1430.030216612281,40.752845101367825,-7.4096082002487265
6001,15.11632343407041,1.5116323434070322,14.81921640049734,1.4814814814814836,414.9138931782106,29.01434447735902,1430.030216612281,55.572061501865164,-7.4096082002487265
6002,37.345148034816475,3.7345148034816367,22.228824600746066,2.1897810218978186,392.68506857746456,27.459914064454477,1430.030216612281,77.80088610261123,-7.4096082002487265
6003,33.640343934692055,3.364034393469195,-3.70480410012442,-0.357142857142867,396.389872677589,27.718985799938572,1430.030216612281,77.80088610261123,-7.4096082002487265
6004,33.640343934692055,3.364034393469195,0.0,0.0,396.389872677589,27.718985799938572,1430.030216612281,77.80088610261123,-7.4096082002487265
6005,29.935539834567862,2.993553983456776,-3.7048041001241927,-0.35842293906808154,400.0946767777132,27.97805753542265,1430.030216612281,77.80088610261123,-7.4096082002487265
6006,52.16436443531393,5.216436443531403,22.228824600746066,2.158273381294973,377.8658521769671,26.423627122518106,1430.030216612281,92.62010250310868,-7.4096082002487265
6007,63.27877673568696,6.327877673568705,11.114412300373033,1.0563380281690238,366.7514398765941,25.64641191606583,1430.030216612281,103.73451480348172,-7.4096082002487265
6008,74.39318903606,7.439318903606007,11.114412300373033,1.0452961672473782,355.63702757622104,24.869196709613558,1430.030216612281,114.84892710385475,-7.4096082002487265
6009,70.68838493593557,7.0688384935935655,-3.70480410012442,-0.34482758620690834,359.34183167634546,25.128268445097657,1430.030216612281,114.84892710385475,-7.4096082002487265
6010,70.68838493593557,7.0688384935935655,0.0,0.0,359.34183167634546,25.128268445097657,1430.030216612281,114.84892710385475,-7.4096082002487265
6011,74.39318903606,7.439318903606007,3.70480410012442,0.34602076124568004,355.63702757622104,24.869196709613558,1430.030216612281,114.84892710385475,-7.4096082002487265
6012,59.57397263556254,5.957397263556263,-14.819216400497453,-1.379310344827589,370.4562439767185,25.905483651549925,1430.030216612281,114.84892710385475,-7.4096082002487265
6013,66.98358083581115,6.698358083581124,7.409608200248613,0.6993006993006867,363.0466357764699,25.387340180581752,1430.030216612281,114.84892710385475,-7.4096082002487265
6014,81.8027972363086,8.180279723630868,14.819216400497453,1.3888888888889062,348.22741937597243,24.35105323864538,1430.030216612281,122.25853530410336,-7.4096082002487265
6015,78.09799313618419,7.809799313618426,-3.70480410012442,-0.34246575342467,351.93222347609685,24.610124974129477,1430.030216612281,122.25853530410336,-7.4096082002487265
6016,52.16436443531393,5.216436443531403,-25.93362870087026,-2.405498281786933,377.8658521769671,26.423627122518106,1430.030216612281,122.25853530410336,-7.4096082002487265
6017,74.39318903606,7.439318903606007,22.228824600746066,2.1126760563380254,355.63702757622104,24.869196709613558,1430.030216612281,122.25853530410336,-7.4096082002487265
6018,78.09799313618419,7.809799313618426,3.7048041001241927,0.34482758620688614,351.93222347609685,24.610124974129477,1430.030216612281,122.25853530410336,-7.4096082002487265
6019,66.98358083581115,6.698358083581124,-11.114412300373033,-1.0309278350515427,363.0466357764699,25.387340180581752,1430.030216612281,122.25853530410336,-7.4096082002487265
6020,59.57397263556254,5.957397263556263,-7.409608200248613,-0.694444444444442,370.4562439767185,25.905483651549925,1430.030216612281,122.25853530410336,-7.4096082002487265
6021,63.27877673568696,6.327877673568705,3.70480410012442,0.34965034965035446,366.7514398765941,25.64641191606583,1430.030216612281,122.25853530410336,-7.4096082002487265
6022,63.27877673568696,6.327877673568705,0.0,0.0,366.7514398765941,25.64641191606583,1430.030216612281,122.25853530410336,-7.4096082002487265
6023,59.57397263556254,5.957397263556263,-3.70480410012442,-0.34843205574913716,370.4562439767185,25.905483651549925,1430.030216612281,122.25853530410336,-7.4096082002487265
6024,70.68838493593557,7.0688384935935655,11.114412300373033,1.0489510489510412,359.34183167634546,25.128268445097657,1430.030216612281,122.25853530410336,-7.4096082002487265
6025,81.8027972363086,8.180279723630868,11.114412300373033,1.038062283737018,348.22741937597243,24.35105323864538,1430.030216612281,122.25853530410336,-7.4096082002487265
6026,118.85083823755213,11.885083823755217,37.04804100124352,3.424657534246589,311.1793783747289,21.760335883804466,1430.030216612281,159.30657630534688,-7.4096082002487265
6027,78.09799313618419,7.809799313618426,-40.75284510136794,-3.6423841059602835,351.93222347609685,24.610124974129477,1430.030216612281,159.30657630534688,-7.4096082002487265
6028,81.8027972363086,8.180279723630868,3.70480410012442,0.3436426116838476,348.22741937597243,24.35105323864538,1430.030216612281,159.30657630534688,-7.4096082002487265
6029,74.39318903606,7.439318903606007,-7.409608200248613,-0.6849315068493067,355.63702757622104,24.869196709613558,1430.030216612281,159.30657630534688,-7.4096082002487265
6030,78.09799313618419,7.809799313618426,3.7048041001241927,0.34482758620688614,351.93222347609685,24.610124974129477,1430.030216612281,159.30657630534688,-7.4096082002487265
6031,74.39318903606,7.439318903606007,-3.7048041001241927,-0.3436426116838365,355.63702757622104,24.869196709613558,1430.030216612281,159.30657630534688,-7.4096082002487265
6032,55.86916853543812,5.586916853543822,-18.524020500621873,-1.7241379310344973,374.1610480768429,26.164555387034028,1430.030216612281,159.30657630534688,-7.4096082002487265
6033,44.75475623506509,4.47547562350652,-11.114412300373033,-1.0526315789473717,385.27546037721595,26.941770593486297,1430.030216612281,159.30657630534688,-7.4096082002487265
6034,63.27877673568696,6.327877673568705,18.524020500621873,1.7730496453900901,366.7514398765941,25.64641191606583,1430.030216612281,159.30657630534688,-7.4096082002487265
6035,89.21240543655722,8.921240543655728,25.93362870087026,2.4390243902438824,340.8178111757238,23.832909767677204,1430.030216612281,159.30657630534688,-7.4096082002487265
6036,89.21240543655722,8.921240543655728,0.0,0.0,340.8178111757238,23.832909767677204,1430.030216612281,159.30657630534688,-7.4096082002487265
6037,81.8027972363086,8.180279723630868,-7.409608200248613,-0.6802721088435271,348.22741937597243,24.35105323864538,1430.030216612281,159.30657630534688,-7.4096082002487265
6038,96.62201363680606,9.662201363680612,14.819216400497453,1.3698630136986356,333.408202975475,23.31476629670901,1430.030216612281,159.30657630534688,-7.4096082002487265
6039,122.55564233767632,12.255564233767636,25.93362870087026,2.3648648648648463,307.4745742746047,21.501264148320384,1430.030216612281,163.01138040547107,-7.4096082002487265
6040,92.91720953668164,9.29172095366817,-29.63843280099468,-2.640264026402639,337.1130070755994,23.57383803219311,1430.030216612281,163.01138040547107,-7.4096082002487265
6041,89.21240543655722,8.921240543655728,-3.70480410012442,-0.3389830508474634,340.8178111757238,23.832909767677204,1430.030216612281,163.01138040547107,-7.4096082002487265
6042,89.21240543655722,8.921240543655728,0.0,0.0,340.8178111757238,23.832909767677204,1430.030216612281,163.01138040547107,-7.4096082002487265
6043,92.91720953668164,9.29172095366817,3.70480410012442,0.3401360544217802,337.1130070755994,23.57383803219311,1430.030216612281,163.01138040547107,-7.4096082002487265
6044,92.91720953668164,9.29172095366817,0.0,0.0,337.1130070755994,23.57383803219311,1430.030216612281,163.01138040547107,-7.4096082002487265
6045,115.1460341374277,11.514603413742774,22.228824600746066,2.033898305084736,314.88418247485333,22.01940761928856,1430.030216612281,163.01138040547107,-7.4096082002487265
6046,126.26044643780074,12.626044643780077,11.114412300373033,0.9966777408637828,303.7697701744803,21.24219241283629,1430.030216612281,166.7161845055955,-7.4096082002487265
6047,122.55564233767632,12.255564233767636,-3.70480410012442,-0.328947368421062,307.4745742746047,21.501264148320384,1430.030216612281,166.7161845055955,-7.4096082002487265
6048,107.73642593717909,10.773642593717913,-14.819216400497226,-1.3201320132013028,322.29379067510195,22.537551090256738,1430.030216612281,166.7161845055955,-7.4096082002487265
6049,100.32681773693025,10.032681773693032,-7.40960820024884,-0.6688963210702448,329.7033988753508,23.055694561224932,1430.030216612281,166.7161845055955,-7.4096082002487265
6050,92.91720953668164,9.29172095366817,-7.409608200248613,-0.6734006734006703,337.1130070755994,23.57383803219311,1430.030216612281,166.7161845055955,-7.4096082002487265
6051,96.62201363680606,9.662201363680612,3.70480410012442,0.3389830508474745,333.408202975475,23.31476629670901,1430.030216612281,166.7161845055955,-7.4096082002487265
6052,111.44123003730328,11.144123003730332,14.819216400497226,1.3513513513513375,318.58898657497775,22.278479354772657,1430.030216612281,166.7161845055955,-7.4096082002487265
6053,122.55564233767632,12.255564233767636,11.114412300373033,1.0000000000000009,307.4745742746047,21.501264148320384,1430.030216612281,166.7161845055955,-7.4096082002487265
6054,104.03162183705467,10.403162183705472,-18.524020500621646,-1.650165016501648,325.99859477522637,22.796622825740833,1430.030216612281,166.7161845055955,-7.4096082002487265
6055,137.37485873817377,13.737485873817379,33.3432369011191,3.0201342281879207,292.65535787410727,20.464977206384013,1430.030216612281,177.83059680596853,-7.4096082002487265
6056,137.37485873817377,13.737485873817379,0.0,0.0,292.65535787410727,20.464977206384013,1430.030216612281,177.83059680596853,-7.4096082002487265
6057,115.1460341374277,11.514603413742774,-22.228824600746066,-1.9543973941368087,314.88418247485333,22.01940761928856,1430.030216612281,177.83059680596853,-7.4096082002487265
6058,118.85083823755213,11.885083823755217,3.70480410012442,0.33222591362127574,311.1793783747289,21.760335883804466,1430.030216612281,177.83059680596853,-7.4096082002487265
6059,118.85083823755213,11.885083823755217,0.0,0.0,311.1793783747289,21.760335883804466,1430.030216612281,177.83059680596853,-7.4096082002487265
6060,126.26044643780074,12.626044643780077,7.409608200248613,0.6622516556291425,303.7697701744803,21.24219241283629,1430.030216612281,177.83059680596853,-7.4096082002487265
6061,129.96525053792516,12.996525053792517,3.70480410012442,0.328947368421062,300.0649660743559,20.98312067735219,1430.030216612281,177.83059680596853,-7.4096082002487265
6062,148.4892710385468,14.848927103854681,18.524020500621646,1.6393442622950838,281.54094557373423,19.68776199993174,1430.030216612281,188.94500910634156,-7.4096082002487265
6063,167.01329153916845,16.701329153916845,18.524020500621646,1.6129032258064502,263.0169250731126,18.392403322511292,1430.030216612281,207.4690296069632,-7.4096082002487265
6064,167.01329153916845,16.701329153916845,0.0,0.0,263.0169250731126,18.392403322511292,1430.030216612281,207.4690296069632,-7.4096082002487265
6065,196.65172434016336,19.66517243401633,29.638432800994906,2.539682539682553,233.37849227211768,16.31982943863855,1430.030216612281,237.1074624079581,-7.4096082002487265
6066,181.8325079396659,18.183250793966586,-14.819216400497453,-1.2383900928792602,248.19770867261514,17.35611638057492,1430.030216612281,237.1074624079581,-7.4096082002487265
6067,174.4228997394173,17.442289973941726,-7.409608200248613,-0.626959247648895,255.60731687286375,17.874259851543098,1430.030216612281,237.1074624079581,-7.4096082002487265
6068,189.24211613991451,18.92421161399145,14.819216400497226,1.2618296529968376,240.78810047236652,16.837972909606744,1430.030216612281,237.1074624079581,-7.4096082002487265
6069,181.8325079396659,18.183250793966586,-7.409608200248613,-0.6230529595015466,248.19770867261514,17.35611638057492,1430.030216612281,237.1074624079581,-7.4096082002487265
6070,174.4228997394173,17.442289973941726,-7.409608200248613,-0.626959247648895,255.60731687286375,17.874259851543098,1430.030216612281,237.1074624079581,-7.4096082002487265
6071,170.71809563929287,17.071809563929286,-3.70480410012442,-0.3154574132492205,259.31212097298817,18.133331587027193,1430.030216612281,237.1074624079581,-7.4096082002487265
6072,159.60368333891984,15.960368333891983,-11.114412300373033,-0.9493670886076,270.4265332733612,18.91054679347947,1430.030216612281,237.1074624079581,-7.4096082002487265
6073,152.19407513867122,15.219407513867122,-7.409608200248613,-0.6389776357827448,277.8361414736098,19.428690264447646,1430.030216612281,237.1074624079581,-7.4096082002487265
6074,181.8325079396659,18.183250793966586,29.63843280099468,2.5723472668810254,248.19770867261514,17.35611638057492,1430.030216612281,237.1074624079581,-7.4096082002487265
6075,178.12770383954148,17.812770383954145,-3.70480410012442,-0.31347962382445305,251.90251277273956,17.615188116059016,1430.030216612281,237.1074624079581,-7.4096082002487265
6076,204.06133254041197,20.406133254041194,25.933628700870486,2.2012578616352307,225.96888407186907,15.801685967670373,1430.030216612281,244.51707060820672,-7.4096082002487265
6077,181.8325079396659,18.183250793966586,-22.228824600746066,-1.8461538461538418,248.19770867261514,17.35611638057492,1430.030216612281,244.51707060820672,-7.4096082002487265
6078,200.35652844028755,20.03565284402875,18.524020500621646,1.5673981191222541,229.6736881719935,16.060757703154472,1430.030216612281,244.51707060820672,-7.4096082002487265
6079,204.06133254041197,20.406133254041194,3.70480410012442,0.30864197530864335,225.96888407186907,15.801685967670373,1430.030216612281,244.51707060820672,-7.4096082002487265
6080,222.5853530410336,22.258535304103354,18.524020500621646,1.538461538461533,207.44486357124742,14.506327290249924,1430.030216612281,263.04109110882837,-7.4096082002487265
6081,207.7661366405364,20.776613664053635,-14.819216400497226,-1.2121212121211977,222.26407997174465,15.542614232186278,1430.030216612281,263.04109110882837,-7.4096082002487265
6082,196.65172434016336,19.66517243401633,-11.114412300373033,-0.9202453987730008,233.37849227211768,16.31982943863855,1430.030216612281,263.04109110882837,-7.4096082002487265
6083,218.88054894090942,21.888054894090935,22.228824600746066,1.8575851393188847,211.14966767137162,14.765399025734006,1430.030216612281,263.04109110882837,-7.4096082002487265
6084,244.81417764177968,24.48141776417796,25.93362870087026,2.127659574468077,185.21603897050136,12.951896877345376,1430.030216612281,285.26991570957443,-7.4096082002487265
6085,226.29015714115803,22.629015714115795,-18.524020500621646,-1.4880952380952328,203.740059471123,14.247255554765829,1430.030216612281,285.26991570957443,-7.4096082002487265
6086,207.7661366405364,20.776613664053635,-18.524020500621646,-1.5105740181268867,222.26407997174465,15.542614232186278,1430.030216612281,285.26991570957443,-7.4096082002487265
6087,196.65172434016336,19.66517243401633,-11.114412300373033,-0.9202453987730008,233.37849227211768,16.31982943863855,1430.030216612281,285.26991570957443,-7.4096082002487265
6088,204.06133254041197,20.406133254041194,7.409608200248613,0.6191950464396134,225.96888407186907,15.801685967670373,1430.030216612281,285.26991570957443,-7.4096082002487265
6089,200.35652844028755,20.03565284402875,-3.70480410012442,-0.3076923076923088,229.6736881719935,16.060757703154472,1430.030216612281,285.26991570957443,-7.4096082002487265
6090,185.53731203979032,18.55373120397903,-14.819216400497226,-1.2345679012345512,244.49290457249072,17.097044645090826,1430.030216612281,285.26991570957443,-7.4096082002487265
6091,181.8325079396659,18.183250793966586,-3.70480410012442,-0.31250000000000444,248.19770867261514,17.35611638057492,1430.030216612281,285.26991570957443,-7.4096082002487265
6092,163.30848743904426,16.330848743904426,-18.524020500621646,-1.5673981191222541,266.7217291732368,18.65147505799537,1430.030216612281,285.26991570957443,-7.4096082002487265
6093,148.4892710385468,14.848927103854681,-14.819216400497453,-1.2738853503184822,281.54094557373423,19.68776199993174,1430.030216612281,285.26991570957443,-7.4096082002487265
6094,137.37485873817377,13.737485873817379,-11.114412300373033,-0.9677419354838679,292.65535787410727,20.464977206384013,1430.030216612281,285.26991570957443,-7.4096082002487265
6095,118.85083823755213,11.885083823755217,-18.524020500621646,-1.6286644951139961,311.1793783747289,21.760335883804466,1430.030216612281,285.26991570957443,-7.4096082002487265
6096,100.32681773693025,10.032681773693032,-18.524020500621873,-1.6556291390728561,329.7033988753508,23.055694561224932,1430.030216612281,285.26991570957443,-7.4096082002487265
6097,118.85083823755213,11.885083823755217,18.524020500621873,1.683501683501687,311.1793783747289,21.760335883804466,1430.030216612281,285.26991570957443,-7.4096082002487265
6098,133.67005463804935,13.367005463804936,14.819216400497226,1.3245033112582627,296.3601619742317,20.724048941868112,1430.030216612281,285.26991570957443,-7.4096082002487265
6099,129.96525053792516,12.996525053792517,-3.7048041001241927,-0.32679738562090277,300.0649660743559,20.98312067735219,1430.030216612281,285.26991570957443,-7.4096082002487265
6100,107.73642593717909,10.773642593717913,-22.228824600746066,-1.967213114754096,322.29379067510195,22.537551090256738,1430.030216612281,285.26991570957443,-7.4096082002487265
6101,115.1460341374277,11.514603413742774,7.409608200248613,0.6688963210702337,314.88418247485333,22.01940761928856,1430.030216612281,285.26991570957443,-7.4096082002487265
6102,59.57397263556254,5.957397263556263,-55.572061501865164,-4.983388704318936,370.4562439767185,25.905483651549925,1430.030216612281,285.26991570957443,-7.4096082002487265
6103,70.68838493593557,7.0688384935935655,11.114412300373033,1.0489510489510412,359.34183167634546,25.128268445097657,1430.030216612281,285.26991570957443,-7.4096082002487265
6104,85.50760133643303,8.550760133643308,14.819216400497453,1.384083044982698,344.522615275848,24.091981503161286,1430.030216612281,285.26991570957443,-7.4096082002487265
6105,107.73642593717909,10.773642593717913,22.228824600746066,2.0477815699658786,322.29379067510195,22.537551090256738,1430.030216612281,285.26991570957443,-7.4096082002487265
6106,78.09799313618419,7.809799313618426,-29.638432800994906,-2.6755852842809458,351.93222347609685,24.610124974129477,1430.030216612281,285.26991570957443,-7.4096082002487265
6107,81.8027972363086,8.180279723630868,3.70480410012442,0.3436426116838476,348.22741937597243,24.35105323864538,1430.030216612281,285.26991570957443,-7.4096082002487265
6108,104.03162183705467,10.403162183705472,22.228824600746066,2.0547945205479534,325.99859477522637,22.796622825740833,1430.030216612281,285.26991570957443,-7.4096082002487265
6109,100.32681773693025,10.032681773693032,-3.70480410012442,-0.3355704697986628,329.7033988753508,23.055694561224932,1430.030216612281,285.26991570957443,-7.4096082002487265
6110,100.32681773693025,10.032681773693032,0.0,0.0,329.7033988753508,23.055694561224932,1430.030216612281,285.26991570957443,-7.4096082002487265
6111,92.91720953668164,9.29172095366817,-7.409608200248613,-0.6734006734006703,337.1130070755994,23.57383803219311,1430.030216612281,285.26991570957443,-7.4096082002487265
6112,104.03162183705467,10.403162183705472,11.114412300373033,1.016949152542379,325.99859477522637,22.796622825740833,1430.030216612281,285.26991570957443,-7.4096082002487265
6113,104.03162183705467,10.403162183705472,0.0,0.0,325.99859477522637,22.796622825740833,1430.030216612281,285.26991570957443,-7.4096082002487265
6114,129.96525053792516,12.996525053792517,25.933628700870486,2.3489932885906173,300.0649660743559,20.98312067735219,1430.030216612281,285.26991570957443,-7.4096082002487265
6115,141.0796628382982,14.107966283829821,11.114412300373033,0.9836065573770592,288.95055377398285,20.205905470899918,1430.030216612281,285.26991570957443,-7.4096082002487265
6116,133.67005463804935,13.367005463804936,-7.40960820024884,-0.6493506493506662,296.3601619742317,20.724048941868112,1430.030216612281,285.26991570957443,-7.4096082002487265
6117,163.30848743904426,16.330848743904426,29.638432800994906,2.614379084967333,266.7217291732368,18.65147505799537,1430.030216612281,285.26991570957443,-7.4096082002487265
6118,189.24211613991451,18.92421161399145,25.93362870087026,2.2292993630573132,240.78810047236652,16.837972909606744,1430.030216612281,285.26991570957443,-7.4096082002487265
6119,170.71809563929287,17.071809563929286,-18.524020500621646,-1.5576323987538832,259.31212097298817,18.133331587027193,1430.030216612281,285.26991570957443,-7.4096082002487265
6120,163.30848743904426,16.330848743904426,-7.409608200248613,-0.6329113924050556,266.7217291732368,18.65147505799537,1430.030216612281,285.26991570957443,-7.4096082002487265
6121,181.8325079396659,18.183250793966586,18.524020500621646,1.5923566878980777,248.19770867261514,17.35611638057492,1430.030216612281,285.26991570957443,-7.4096082002487265
6122,167.01329153916845,16.701329153916845,-14.819216400497453,-1.2539184952978122,263.0169250731126,18.392403322511292,1430.030216612281,285.26991570957443,-7.4096082002487265
6123,178.12770383954148,17.812770383954145,11.114412300373033,0.952380952380949,251.90251277273956,17.615188116059016,1430.030216612281,285.26991570957443,-7.4096082002487265
6124,167.01329153916845,16.701329153916845,-11.114412300373033,-0.9433962264150941,263.0169250731126,18.392403322511292,1430.030216612281,285.26991570957443,-7.4096082002487265
6125,148.4892710385468,14.848927103854681,-18.524020500621646,-1.5873015873015817,281.54094557373423,19.68776199993174,1430.030216612281,285.26991570957443,-7.4096082002487265
6126,155.89887923879542,15.589887923879541,7.409608200248613,0.6451612903225712,274.1313373734856,19.169618528963564,1430.030216612281,285.26991570957443,-7.4096082002487265
6127,144.78446693842238,14.47844669384224,-11.114412300373033,-0.9615384615384581,285.24574967385865,19.946833735415836,1430.030216612281,285.26991570957443,-7.4096082002487265
6128,159.60368333891984,15.960368333891983,14.819216400497453,1.2944983818770295,270.4265332733612,18.91054679347947,1430.030216612281,285.26991570957443,-7.4096082002487265
6129,155.89887923879542,15.589887923879541,-3.70480410012442,-0.31948881789137795,274.1313373734856,19.169618528963564,1430.030216612281,285.26991570957443,-7.4096082002487265
6130,148.4892710385468,14.848927103854681,-7.409608200248613,-0.6410256410256387,281.54094557373423,19.68776199993174,1430.030216612281,285.26991570957443,-7.4096082002487265
6131,155.89887923879542,15.589887923879541,7.409608200248613,0.6451612903225712,274.1313373734856,19.169618528963564,1430.030216612281,285.26991570957443,-7.4096082002487265
6132,163.30848743904426,16.330848743904426,7.40960820024884,0.641025641025661,266.7217291732368,18.65147505799537,1430.030216612281,285.26991570957443,-7.4096082002487265
6133,137.37485873817377,13.737485873817379,-25.933628700870486,-2.2292993630573354,292.65535787410727,20.464977206384013,1430.030216612281,285.26991570957443,-7.4096082002487265
6134,152.19407513867122,15.219407513867122,14.819216400497453,1.3029315960912058,277.8361414736098,19.428690264447646,1430.030216612281,285.26991570957443,-7.4096082002487265
6135,178.12770383954148,17.812770383954145,25.93362870087026,2.250803858520878,251.90251277273956,17.615188116059016,1430.030216612281,285.26991570957443,-7.4096082002487265
6136,181.8325079396659,18.183250793966586,3.70480410012442,0.3144654088050425,248.19770867261514,17.35611638057492,1430.030216612281,285.26991570957443,-7.4096082002487265
6137,200.35652844028755,20.03565284402875,18.524020500621646,1.5673981191222541,229.6736881719935,16.060757703154472,1430.030216612281,285.26991570957443,-7.4096082002487265
6138,207.7661366405364,20.776613664053635,7.40960820024884,0.6172839506172867,222.26407997174465,15.542614232186278,1430.030216612281,285.26991570957443,-7.4096082002487265
6139,192.94692024003893,19.29469202400389,-14.819216400497453,-1.2269938650306789,237.0832963722421,16.57890117412265,1430.030216612281,285.26991570957443,-7.4096082002487265
6140,189.24211613991451,18.92421161399145,-3.70480410012442,-0.31055900621118626,240.78810047236652,16.837972909606744,1430.030216612281,285.26991570957443,-7.4096082002487265
6141,200.35652844028755,20.03565284402875,11.114412300373033,0.9345794392523255,229.6736881719935,16.060757703154472,1430.030216612281,285.26991570957443,-7.4096082002487265
6142,195.45507261582316,19.54550726158231,-4.901455824464392,-0.40833333333332167,234.57514399645788,16.403509609199915,1430.030216612281,285.26991570957443,-7.4096082002487265
6143,195.45507261582316,19.54550726158231,0.0,0.0,234.57514399645788,16.403509609199915,1430.030216612281,0.0,0.0
6144,195.45507261582316,19.54550726158231,0.0,0.0,234.57514399645788,16.403509609199915,1430.030216612281,0.0,0.0
6145,195.45507261582316,19.54550726158231,0.0,0.0,234.57514399645788,16.403509609199915,1430.030216612281,0.0,0.0
6146,195.45507261582316,19.54550726158231,0.0,0.0,234.57514399645788,16.403509609199915,1430.030216612281,0.0,0.0
6147,195.45507261582316,19.54550726158231,0.0,0.0,234.57514399645788,16.403509609199915,1430.030216612281,0.0,0.0
6148,195.45507261582316,19.54550726158231,0.0,0.0,234.57514399645788,16.403509609199915,1430.030216612281,0.0,0.0
6149,195.45507261582316,19.54550726158231,0.0,0.0,234.57514399645788,16.403509609199915,1430.030216612281,0.0,0.0
6150,195.45507261582316,19.54550726158231,0.0,0.0,234.57514399645788,16.403509609199915,1430.030216612281,0.0,0.0
6151,195.45507261582316,19.54550726158231,0.0,0.0,234.57514399645788,16.403509609199915,1430.030216612281,0.0,0.0
6152,195.45507261582316,19.54550726158231,0.0,0.0,234.57514399645788,16.403509609199915,1430.030216612281,0.0,0.0
6153,195.45507261582316,19.54550726158231,0.0,0.0,234.57514399645788,16.403509609199915,1430.030216612281,0.0,0.0
6154,195.45507261582316,19.54550726158231,0.0,0.0,234.57514399645788,16.403509609199915,1430.030216612281,0.0,0.0
6155,195.45507261582316,19.54550726158231,0.0,0.0,234.57514399645788,16.403509609199915,1430.030216612281,0.0,0.0
6156,195.45507261582316,19.54550726158231,0.0,0.0,234.57514399645788,16.403509609199915,1430.030216612281,0.0,0.0
6157,195.45507261582316,19.54550726158231,0.0,0.0,234.57514399645788,16.403509609199915,1430.030216612281,0.0,0.0
6158,195.45507261582316,19.54550726158231,0.0,0.0,234.57514399645788,16.403509609199915,1430.030216612281,0.0,0.0
6159,195.45507261582316,19.54550726158231,0.0,0.0,234.57514399645788,16.403509609199915,1430.030216612281,0.0,0.0
6160,195.45507261582316,19.54550726158231,0.0,0.0,234.57514399645788,16.403509609199915,1430.030216612281,0.0,0.0
6161,195.45507261582316,19.54550726158231,0.0,0.0,234.57514399645788,16.403509609199915,1430.030216612281,0.0,0.0
6162,195.45507261582316,19.54550726158231,0.0,0.0,234.57514399645788,16.403509609199915,1430.030216612281,0.0,0.0
6163,195.45507261582316,19.54550726158231,0.0,0.0,234.57514399645788,16.403509609199915,1430.030216612281,0.0,0.0
6164,195.45507261582316,19.54550726158231,0.0,0.0,234.57514399645788,16.403509609199915,1430.030216612281,0.0,0.0
6165,195.45507261582316,19.54550726158231,0.0,0.0,234.57514399645788,16.403509609199915,1430.030216612281,0.0,0.0
6166,195.45507261582316,19.54550726158231,0.0,0.0,234.57514399645788,16.403509609199915,1430.030216612281,0.0,0.0
6167,195.45507261582316,19.54550726158231,0.0,0.0,234.57514399645788,16.403509609199915,1430.030216612281,0.0,0.0
6168,195.45507261582316,19.54550726158231,0.0,0.0,234.57514399645788,16.403509609199915,1430.030216612281,0.0,0.0
6169,195.45507261582316,19.54550726158231,0.0,0.0,234.57514399645788,16.403509609199915,1430.030216612281,0.0,0.0
6170,195.45507261582316,19.54550726158231,0.0,0.0,234.57514399645788,16.403509609199915,1430.030216612281,0.0,0.0
6171,194.26081180401934,19.426081180401944,-1.1942608118038152,-0.09990009990008542,235.7694048082617,16.487022586613286,1430.030216612281,0.0,0.0
6172,216.583443800356,21.6583443800356,22.322631996336668,1.869158878504651,213.44677281192503,14.92603235458738,1430.030216612281,22.322631996336668,0.0
6173,211.00278580127178,21.100278580127174,-5.580657999084224,-0.4587155963302725,219.02743081100925,15.316279912593858,1430.030216612281,22.322631996336668,0.0
6174,216.583443800356,21.6583443800356,5.580657999084224,0.4608294930875667,213.44677281192503,14.92603235458738,1430.030216612281,22.322631996336668,0.0
6175,227.74475979852446,22.774475979852447,11.161315998168448,0.917431192660545,202.28545681375658,14.145537238574416,1430.030216612281,33.483947994505115,0.0
6176,233.32541779760868,23.332541779760874,5.580657999084224,0.454545454545463,196.70479881467236,13.755289680567934,1430.030216612281,39.06460599358934,0.0
6177,231.46519846458068,23.14651984645806,-1.8602193330279988,-0.15082956259426794,198.56501814770036,13.885372199903422,1430.030216612281,39.06460599358934,0.0
6178,220.30388246641223,22.03038824664123,-11.161315998168448,-0.9063444108761365,209.7263341458688,14.665867315916383,1430.030216612281,39.06460599358934,0.0
6179,227.74475979852446,22.774475979852447,7.440877332112223,0.6097560975609762,202.28545681375658,14.145537238574416,1430.030216612281,39.06460599358934,0.0
6180,235.18563713063668,23.518563713063667,7.440877332112223,0.60606060606061,194.84457948164436,13.625207161232444,1430.030216612281,40.92482532661734,0.0
6181,244.48673379577713,24.448673379577723,9.301096665140449,0.7530120481927804,185.5434828165039,12.97479456455497,1430.030216612281,50.22592199175779,0.0
6182,250.06739179486135,25.006739179486125,5.580657999084224,0.4484304932735439,179.9628248174197,12.584547006548489,1430.030216612281,55.80657999084201,0.0
6183,263.0889271260578,26.30889271260577,13.021535331196446,1.041666666666674,166.94128948622324,11.673969371200037,1430.030216612281,68.82811532203846,0.0
6184,250.06739179486135,25.006739179486125,-13.021535331196446,-1.0309278350515427,179.9628248174197,12.584547006548489,1430.030216612281,68.82811532203846,0.0
6185,231.46519846458068,23.14651984645806,-18.60219333028067,-1.4880952380952328,198.56501814770036,13.885372199903422,1430.030216612281,68.82811532203846,0.0
6186,261.2287077930298,26.122870779302975,29.763509328449118,2.4169184290030232,168.80150881925124,11.804051890535526,1430.030216612281,68.82811532203846,0.0
6187,255.64804979394557,25.56480497939455,-5.580657999084224,-0.4424778761061954,174.38216681833546,12.194299448542008,1430.030216612281,68.82811532203846,0.0
6188,250.06739179486135,25.006739179486125,-5.580657999084224,-0.4444444444444473,179.9628248174197,12.584547006548489,1430.030216612281,68.82811532203846,0.0
6189,246.34695312880513,24.634695312880517,-3.720438666056225,-0.29761904761905766,183.6832634834759,12.844712045219481,1430.030216612281,68.82811532203846,0.0
6190,216.583443800356,21.6583443800356,-29.763509328449118,-2.3880597014925398,213.44677281192503,14.92603235458738,1430.030216612281,68.82811532203846,0.0
6191,218.44366313338423,21.844366313338416,1.8602193330282262,0.152905198776776,211.5865534788968,14.795949835251873,1430.030216612281,68.82811532203846,0.0
6192,224.02432113246846,22.40243211324684,5.580657999084224,0.45801526717557106,206.00589547981258,14.40570227724539,1430.030216612281,68.82811532203846,0.0
6193,242.62651446274913,24.26265144627491,18.60219333028067,1.5197568389057725,187.4037021495319,13.10487708389046,1430.030216612281,68.82811532203846,0.0
6194,220.30388246641223,22.03038824664123,-22.322631996336895,-1.7964071856287456,209.7263341458688,14.665867315916383,1430.030216612281,68.82811532203846,0.0
6195,220.30388246641223,22.03038824664123,0.0,0.0,209.7263341458688,14.665867315916383,1430.030216612281,68.82811532203846,0.0
6196,225.88454046549646,22.588454046549657,5.580657999084224,0.45731707317073766,204.14567614678458,14.275619757909903,1430.030216612281,68.82811532203846,0.0
6197,227.74475979852446,22.774475979852447,1.8602193330279988,0.15174506828528056,202.28545681375658,14.145537238574416,1430.030216612281,68.82811532203846,0.0
6198,250.06739179486135,25.006739179486125,22.322631996336895,1.81818181818183,179.9628248174197,12.584547006548489,1430.030216612281,68.82811532203846,0.0
6199,244.48673379577713,24.448673379577723,-5.580657999084224,-0.44642857142856984,185.5434828165039,12.97479456455497,1430.030216612281,68.82811532203846,0.0
6200,250.06739179486135,25.006739179486125,5.580657999084224,0.4484304932735439,179.9628248174197,12.584547006548489,1430.030216612281,68.82811532203846,0.0
6201,281.69112045633847,28.169112045633838,31.623728661477116,2.529761904761907,148.33909615594257,10.373144177845104,1430.030216612281,87.43030865231913,0.0
6202,292.8524364545069,29.285243645450688,11.161315998168448,0.8708272859216271,137.17778015777412,9.592649061832143,1430.030216612281,98.59162465048757,0.0
6203,276.11046245725424,27.611046245725433,-16.74197399725267,-1.2949640287769792,153.9197541550268,10.763391735851586,1430.030216612281,98.59162465048757,0.0
6204,289.1319977884507,28.913199778845076,13.021535331196446,1.0204081632652962,140.89821882383035,9.852814100503135,1430.030216612281,98.59162465048757,0.0
6205,283.55133978936647,28.355133978936653,-5.580657999084224,-0.43290043290042934,146.47887682291457,10.243061658509617,1430.030216612281,98.59162465048757,0.0
6206,281.69112045633847,28.169112045633838,-1.8602193330279988,-0.14492753623187582,148.33909615594257,10.373144177845104,1430.030216612281,98.59162465048757,0.0
6207,263.0889271260578,26.30889271260577,-18.60219333028067,-1.4513788098693747,166.94128948622324,11.673969371200037,1430.030216612281,98.59162465048757,0.0
6208,263.0889271260578,26.30889271260577,0.0,0.0,166.94128948622324,11.673969371200037,1430.030216612281,98.59162465048757,0.0
6209,277.97068179028224,27.79706817902823,14.881754664224445,1.178203240058906,152.0595348219988,10.633309216516098,1430.030216612281,98.59162465048757,0.0
6210,279.83090112331047,27.983090112331045,1.8602193330282262,0.14556040756914523,150.19931548897057,10.503226697180592,1430.030216612281,98.59162465048757,0.0
6211,305.87397178570336,30.58739717857033,26.043070662392893,2.034883720930236,124.15624482657768,8.682071426483692,1430.030216612281,111.61315998168402,0.0
6212,304.01375245267536,30.401375245267538,-1.8602193330279988,-0.14245014245013454,126.01646415960568,8.81215394581918,1430.030216612281,111.61315998168402,0.0
6213,324.47616511598403,32.4476165115984,20.46241266330867,1.5691868758915817,105.554051496297,7.381246233128758,1430.030216612281,130.2153533119647,0.0
6214,298.43309445359114,29.84330944535911,-26.043070662392893,-1.96629213483146,131.5971221586899,9.20240150382566,1430.030216612281,130.2153533119647,0.0
6215,300.29331378661914,30.029331378661904,1.8602193330279988,0.14326647564468775,129.7369028256619,9.072318984490172,1430.030216612281,130.2153533119647,0.0
6216,302.15353311964714,30.21535331196472,1.8602193330279988,0.14306151645206988,127.8766834926339,8.942236465154684,1430.030216612281,130.2153533119647,0.0
6217,305.87397178570336,30.58739717857033,3.720438666056225,0.28571428571428914,124.15624482657768,8.682071426483692,1430.030216612281,130.2153533119647,0.0
6218,307.73419111873136,30.773419111873146,1.8602193330279988,0.14245014245013454,122.29602549354968,8.551988907148202,1430.030216612281,130.2153533119647,0.0
6219,320.7557264499278,32.07557264499279,13.021535331196446,0.9957325746799306,109.27449016235323,7.64141127179975,1430.030216612281,130.2153533119647,0.0
6220,361.68055177654537,36.16805517765454,40.924825326617565,3.0985915492957705,68.34966483573567,4.779595846418892,1430.030216612281,167.41973997252603,0.0
6221,370.9816484416856,37.098164844168565,9.301096665140221,0.6830601092896016,59.048568170595445,4.129183249741433,1430.030216612281,176.72083663766625,0.0
6222,372.8418677747138,37.28418677747138,1.8602193330282262,0.13568521031208647,57.18834883756722,3.9991007304059285,1430.030216612281,178.58105597069448,0.0
6223,361.68055177654537,36.16805517765454,-11.161315998168448,-0.8130081300813052,68.34966483573567,4.779595846418892,1430.030216612281,178.58105597069448,0.0
6224,341.2181391132367,34.12181391132367,-20.46241266330867,-1.5027322404371546,88.81207749904434,6.210503559109314,1430.030216612281,178.58105597069448,0.0
6225,335.6374811141525,33.56374811141525,-5.580657999084224,-0.4160887656033285,94.39273549812856,6.600751117115794,1430.030216612281,178.58105597069448,0.0
6226,331.91704244809625,33.191704244809614,-3.720438666056225,-0.2785515320334331,98.11317416418478,6.8609161557867875,1430.030216612281,178.58105597069448,0.0
6227,305.87397178570336,30.58739717857033,-26.043070662392893,-1.9553072625698276,124.15624482657768,8.682071426483692,1430.030216612281,178.58105597069448,0.0
6228,305.87397178570336,30.58739717857033,0.0,0.0,124.15624482657768,8.682071426483692,1430.030216612281,178.58105597069448,0.0
6229,302.15353311964714,30.21535331196472,-3.720438666056225,-0.2849002849002913,127.8766834926339,8.942236465154684,1430.030216612281,178.58105597069448,0.0
6230,309.59441045175936,30.95944104517594,7.440877332112223,0.5714285714285783,120.43580616052168,8.421906387812713,1430.030216612281,178.58105597069448,0.0
6231,296.5728751205629,29.657287512056296,-13.021535331196446,-0.9943181818181768,133.45734149171813,9.332484023161165,1430.030216612281,178.58105597069448,0.0
6232,285.4115591223947,28.541155912239468,-11.16131599816822,-0.8608321377331252,144.61865748988635,10.112979139174112,1430.030216612281,178.58105597069448,0.0
6233,290.9922171214787,29.099221712147873,5.580657999083996,0.4341534008682979,139.03799949080235,9.722731581167645,1430.030216612281,178.58105597069448,0.0
6234,307.73419111873136,30.773419111873146,16.74197399725267,1.2968299711815678,122.29602549354968,8.551988907148202,1430.030216612281,178.58105597069448,0.0
6235,337.4977004471805,33.74977004471804,29.763509328449118,2.2759601706970223,92.53251616510056,6.470668597780306,1430.030216612281,178.58105597069448,0.0
6236,369.1214291086576,36.912142910865754,31.623728661477116,2.364394993045904,60.908787503623444,4.259265769076922,1430.030216612281,178.58105597069448,0.0
6237,365.40099044260137,36.540099044260145,-3.720438666056225,-0.27173913043478937,64.62922616967967,4.519430807747915,1430.030216612281,178.58105597069448,0.0
6238,337.4977004471805,33.74977004471804,-27.90328999542089,-2.043596730245223,92.53251616510056,6.470668597780306,1430.030216612281,178.58105597069448,0.0
6239,330.05682311506825,33.005682311506824,-7.440877332112223,-0.5563282336578546,99.97339349721278,6.990998675122276,1430.030216612281,178.58105597069448,0.0
6240,257.5082691269736,25.750826912697367,-72.54855398809468,-5.454545454545457,172.52194748530746,12.064216929206518,1430.030216612281,178.58105597069448,0.0
6241,296.5728751205629,29.657287512056296,39.06460599358934,3.106508875739644,133.45734149171813,9.332484023161165,1430.030216612281,178.58105597069448,0.0
6242,296.5728751205629,29.657287512056296,0.0,0.0,133.45734149171813,9.332484023161165,1430.030216612281,178.58105597069448,0.0
6243,285.4115591223947,28.541155912239468,-11.16131599816822,-0.8608321377331252,144.61865748988635,10.112979139174112,1430.030216612281,178.58105597069448,0.0
6244,279.83090112331047,27.983090112331045,-5.580657999084224,-0.434153400868309,150.19931548897057,10.503226697180592,1430.030216612281,178.58105597069448,0.0
6245,285.4115591223947,28.541155912239468,5.580657999084224,0.43604651162791885,144.61865748988635,10.112979139174112,1430.030216612281,178.58105597069448,0.0
6246,313.3148491178156,31.331484911781548,27.90328999542089,2.170767004341534,116.71536749446545,8.16174134914172,1430.030216612281,178.58105597069448,0.0
6247,326.33638444901203,32.633638444901216,13.021535331196446,0.9915014164305846,103.69383216326901,7.25116371379327,1430.030216612281,178.58105597069448,0.0
6248,317.0352877838718,31.70352877838718,-9.301096665140221,-0.7012622720897532,112.99492882840923,7.901576310470728,1430.030216612281,178.58105597069448,0.0
6249,298.43309445359114,29.84330944535911,-18.60219333028067,-1.412429378531077,131.5971221586899,9.20240150382566,1430.030216612281,178.58105597069448,0.0
6250,313.3148491178156,31.331484911781548,14.881754664224445,1.1461318051575908,116.71536749446545,8.16174134914172,1430.030216612281,178.58105597069448,0.0
6251,313.3148491178156,31.331484911781548,0.0,0.0,116.71536749446545,8.16174134914172,1430.030216612281,178.58105597069448,0.0
6252,302.15353311964714,30.21535331196472,-11.161315998168448,-0.8498583569405138,127.8766834926339,8.942236465154684,1430.030216612281,178.58105597069448,0.0
6253,304.01375245267536,30.401375245267538,1.8602193330282262,0.14285714285715567,126.01646415960568,8.81215394581918,1430.030216612281,178.58105597069448,0.0
6254,302.15353311964714,30.21535331196472,-1.8602193330282262,-0.14265335235379428,127.8766834926339,8.942236465154684,1430.030216612281,178.58105597069448,0.0
6255,289.1319977884507,28.913199778845076,-13.021535331196446,-1.0000000000000009,140.89821882383035,9.852814100503135,1430.030216612281,178.58105597069448,0.0
6256,302.15353311964714,30.21535331196472,13.021535331196446,1.0101010101010166,127.8766834926339,8.942236465154684,1430.030216612281,178.58105597069448,0.0
6257,270.52980445817,27.05298044581701,-31.623728661477116,-2.4285714285714244,159.50041215411102,11.153639293858069,1430.030216612281,178.58105597069448,0.0
6258,326.33638444901203,32.633638444901216,55.80657999084201,4.392386530014636,103.69383216326901,7.25116371379327,1430.030216612281,178.58105597069448,0.0
6259,335.6374811141525,33.56374811141525,9.301096665140449,0.7012622720897754,94.39273549812856,6.600751117115794,1430.030216612281,178.58105597069448,0.0
6260,328.19660378204003,32.819660378204006,-7.44087733211245,-0.5571030640668662,101.83361283024101,7.121081194457781,1430.030216612281,178.58105597069448,0.0
6261,318.8955071168998,31.889550711689974,-9.301096665140221,-0.7002801120448043,111.13470949538123,7.7714937911352395,1430.030216612281,178.58105597069448,0.0
6262,313.3148491178156,31.331484911781548,-5.580657999084224,-0.42313117066290484,116.71536749446545,8.16174134914172,1430.030216612281,178.58105597069448,0.0
6263,307.73419111873136,30.773419111873146,-5.580657999084224,-0.4249291784702569,122.29602549354968,8.551988907148202,1430.030216612281,178.58105597069448,0.0
6264,305.87397178570336,30.58739717857033,-1.8602193330279988,-0.14224751066855834,124.15624482657768,8.682071426483692,1430.030216612281,178.58105597069448,0.0
6265,324.47616511598403,32.4476165115984,18.60219333028067,1.4245014245014342,105.554051496297,7.381246233128758,1430.030216612281,178.58105597069448,0.0
6266,333.77726178112425,33.37772617811243,9.301096665140221,0.7022471910112182,96.25295483115679,6.730833636451298,1430.030216612281,178.58105597069448,0.0
6267,324.47616511598403,32.4476165115984,-9.301096665140221,-0.6973500697350032,105.554051496297,7.381246233128758,1430.030216612281,178.58105597069448,0.0
6268,339.3579197802085,33.93579197802086,14.881754664224445,1.1235955056179803,90.67229683207256,6.340586078444818,1430.030216612281,178.58105597069448,0.0
6269,343.0783584462647,34.30783584462647,3.720438666056225,0.2777777777777768,86.95185816601634,6.0804210397738245,1430.030216612281,178.58105597069448,0.0
6270,348.6590164453489,34.865901644534894,5.580657999084224,0.41551246537396835,81.37120016693211,5.690173481767343,1430.030216612281,178.58105597069448,0.0
6271,350.5192357783769,35.051923577837684,1.8602193330279988,0.13793103448276334,79.51098083390411,5.560090962431855,1430.030216612281,178.58105597069448,0.0
6272,350.5192357783769,35.051923577837684,0.0,0.0,79.51098083390411,5.560090962431855,1430.030216612281,178.58105597069448,0.0
6273,350.5192357783769,35.051923577837684,0.0,0.0,79.51098083390411,5.560090962431855,1430.030216612281,178.58105597069448,0.0
6274,354.23967444443315,35.42396744444331,3.720438666056225,0.27548209366392573,75.79054216784789,5.299925923760862,1430.030216612281,178.58105597069448,0.0
6275,354.23967444443315,35.42396744444331,0.0,0.0,75.79054216784789,5.299925923760862,1430.030216612281,178.58105597069448,0.0
6276,348.6590164453489,34.865901644534894,-5.580657999084224,-0.4120879120879106,81.37120016693211,5.690173481767343,1430.030216612281,178.58105597069448,0.0
6277,317.0352877838718,31.70352877838718,-31.623728661477116,-2.344827586206899,112.99492882840923,7.901576310470728,1430.030216612281,178.58105597069448,0.0
6278,298.43309445359114,29.84330944535911,-18.60219333028067,-1.412429378531077,131.5971221586899,9.20240150382566,1430.030216612281,178.58105597069448,0.0
6279,296.5728751205629,29.657287512056296,-1.8602193330282262,-0.14326647564470996,133.45734149171813,9.332484023161165,1430.030216612281,178.58105597069448,0.0
6280,270.52980445817,27.05298044581701,-26.043070662392893,-2.0086083213773254,159.50041215411102,11.153639293858069,1430.030216612281,178.58105597069448,0.0
6281,283.55133978936647,28.355133978936653,13.021535331196446,1.024890190336758,146.47887682291457,10.243061658509617,1430.030216612281,178.58105597069448,0.0
6282,287.2717784554227,28.72717784554226,3.720438666056225,0.28985507246377384,142.75843815685835,9.982896619838623,1430.030216612281,178.58105597069448,0.0
6283,276.11046245725424,27.611046245725433,-11.161315998168448,-0.8670520231213952,153.9197541550268,10.763391735851586,1430.030216612281,178.58105597069448,0.0
6284,285.4115591223947,28.541155912239468,9.301096665140449,0.7288629737609353,144.61865748988635,10.112979139174112,1430.030216612281,178.58105597069448,0.0
6285,298.43309445359114,29.84330944535911,13.021535331196446,1.013024602026058,131.5971221586899,9.20240150382566,1430.030216612281,178.58105597069448,0.0
6286,261.2287077930298,26.122870779302975,-37.20438666056134,-2.865329512893977,168.80150881925124,11.804051890535526,1430.030216612281,178.58105597069448,0.0
6287,255.64804979394557,25.56480497939455,-5.580657999084224,-0.4424778761061954,174.38216681833546,12.194299448542008,1430.030216612281,178.58105597069448,0.0
6288,253.78783046091735,25.378783046091733,-1.8602193330282262,-0.1481481481481639,176.2423861513637,12.324381967877512,1430.030216612281,178.58105597069448,0.0
6289,257.5082691269736,25.750826912697367,3.720438666056225,0.29673590504450953,172.52194748530746,12.064216929206518,1430.030216612281,178.58105597069448,0.0
6290,237.0458564636649,23.704585646366482,-20.46241266330867,-1.6272189349112343,192.98436014861613,13.495124641896941,1430.030216612281,178.58105597069448,0.0
6291,209.14256646824379,20.91425664682438,-27.90328999542112,-2.2556390977443663,220.88765014403725,15.446362431929348,1430.030216612281,178.58105597069448,0.0
6292,203.56190846915956,20.356190846915958,-5.580657999084224,-0.4615384615384688,226.46830814312148,15.836609989935829,1430.030216612281,178.58105597069448,0.0
6293,179.37905713979467,17.93790571397946,-24.182851329364894,-2.0092735703245768,250.65115947248637,17.527682741297244,1430.030216612281,178.58105597069448,-14.881754664224673
6294,190.54037313796312,19.054037313796314,11.161315998168448,0.9463722397476282,239.48984347431792,16.74718762528428,1430.030216612281,178.58105597069448,-14.881754664224673
6295,192.4005924709911,19.240059247099104,1.8602193330279988,0.15624999999999112,237.62962414128992,16.61710510594879,1430.030216612281,178.58105597069448,-14.881754664224673
6296,206.07506478808068,20.60750647880807,13.674472317089567,1.1468018720748985,223.95515182420036,15.660868506313562,1430.030216612281,178.58105597069448,-14.881754664224673
6297,206.07506478808068,20.60750647880807,0.0,0.0,223.95515182420036,15.660868506313562,1430.030216612281,0.0,0.0
6298,206.07506478808068,20.60750647880807,0.0,0.0,223.95515182420036,15.660868506313562,1430.030216612281,0.0,0.0
6299,206.07506478808068,20.60750647880807,0.0,0.0,223.95515182420036,15.660868506313562,1430.030216612281,0.0,0.0
6300,206.07506478808068,20.60750647880807,0.0,0.0,223.95515182420036,15.660868506313562,1430.030216612281,0.0,0.0
6301,206.07506478808068,20.60750647880807,0.0,0.0,223.95515182420036,15.660868506313562,1430.030216612281,0.0,0.0
6302,206.07506478808068,20.60750647880807,0.0,0.0,223.95515182420036,15.660868506313562,1430.030216612281,0.0,0.0
6303,206.07506478808068,20.60750647880807,0.0,0.0,223.95515182420036,15.660868506313562,1430.030216612281,0.0,0.0
6304,206.07506478808068,20.60750647880807,0.0,0.0,223.95515182420036,15.660868506313562,1430.030216612281,0.0,0.0
6305,206.07506478808068,20.60750647880807,0.0,0.0,223.95515182420036,15.660868506313562,1430.030216612281,0.0,0.0
6306,206.07506478808068,20.60750647880807,0.0,0.0,223.95515182420036,15.660868506313562,1430.030216612281,0.0,0.0
6307,206.07506478808068,20.60750647880807,0.0,0.0,223.95515182420036,15.660868506313562,1430.030216612281,0.0,0.0
6308,206.07506478808068,20.60750647880807,0.0,0.0,223.95515182420036,15.660868506313562,1430.030216612281,0.0,0.0
6309,206.07506478808068,20.60750647880807,0.0,0.0,223.95515182420036,15.660868506313562,1430.030216612281,0.0,0.0
6310,206.07506478808068,20.60750647880807,0.0,0.0,223.95515182420036,15.660868506313562,1430.030216612281,0.0,0.0
6311,206.07506478808068,20.60750647880807,0.0,0.0,223.95515182420036,15.660868506313562,1430.030216612281,0.0,0.0
6312,206.07506478808068,20.60750647880807,0.0,0.0,223.95515182420036,15.660868506313562,1430.030216612281,0.0,0.0
6313,206.07506478808068,20.60750647880807,0.0,0.0,223.95515182420036,15.660868506313562,1430.030216612281,0.0,0.0
6314,206.07506478808068,20.60750647880807,0.0,0.0,223.95515182420036,15.660868506313562,1430.030216612281,0.0,0.0
6315,206.07506478808068,20.60750647880807,0.0,0.0,223.95515182420036,15.660868506313562,1430.030216612281,0.0,0.0
6316,206.07506478808068,20.60750647880807,0.0,0.0,223.95515182420036,15.660868506313562,1430.030216612281,0.0,0.0
6317,206.07506478808068,20.60750647880807,0.0,0.0,223.95515182420036,15.660868506313562,1430.030216612281,0.0,0.0
6318,206.07506478808068,20.60750647880807,0.0,0.0,223.95515182420036,15.660868506313562,1430.030216612281,0.0,0.0
6319,206.07506478808068,20.60750647880807,0.0,0.0,223.95515182420036,15.660868506313562,1430.030216612281,0.0,0.0
6320,206.07506478808068,20.60750647880807,0.0,0.0,223.95515182420036,15.660868506313562,1430.030216612281,0.0,0.0
6321,206.07506478808068,20.60750647880807,0.0,0.0,223.95515182420036,15.660868506313562,1430.030216612281,0.0,0.0
6322,206.07506478808068,20.60750647880807,0.0,0.0,223.95515182420036,15.660868506313562,1430.030216612281,0.0,0.0
6323,206.07506478808068,20.60750647880807,0.0,0.0,223.95515182420036,15.660868506313562,1430.030216612281,0.0,0.0
6324,206.07506478808068,20.60750647880807,0.0,0.0,223.95515182420036,15.660868506313562,1430.030216612281,0.0,0.0
6325,206.07506478808068,20.60750647880807,0.0,0.0,223.95515182420036,15.660868506313562,1430.030216612281,0.0,0.0
6326,206.07506478808068,20.60750647880807,0.0,0.0,223.95515182420036,15.660868506313562,1430.030216612281,0.0,0.0
6327,206.07506478808068,20.60750647880807,0.0,0.0,223.95515182420036,15.660868506313562,1430.030216612281,0.0,0.0
6328,206.07506478808068,20.60750647880807,0.0,0.0,223.95515182420036,15.660868506313562,1430.030216612281,0.0,0.0
6329,206.07506478808068,20.60750647880807,0.0,0.0,223.95515182420036,15.660868506313562,1430.030216612281,0.0,0.0
6330,206.07506478808068,20.60750647880807,0.0,0.0,223.95515182420036,15.660868506313562,1430.030216612281,0.0,0.0
6331,206.07506478808068,20.60750647880807,0.0,0.0,223.95515182420036,15.660868506313562,1430.030216612281,0.0,0.0
6332,206.07506478808068,20.60750647880807,0.0,0.0,223.95515182420036,15.660868506313562,1430.030216612281,0.0,0.0
6333,206.07506478808068,20.60750647880807,0.0,0.0,223.95515182420036,15.660868506313562,1430.030216612281,0.0,0.0
6334,206.07506478808068,20.60750647880807,0.0,0.0,223.95515182420036,15.660868506313562,1430.030216612281,0.0,0.0
6335,206.07506478808068,20.60750647880807,0.0,0.0,223.95515182420036,15.660868506313562,1430.030216612281,0.0,0.0
6336,206.07506478808068,20.60750647880807,0.0,0.0,223.95515182420036,15.660868506313562,1430.030216612281,0.0,0.0
6337,206.07506478808068,20.60750647880807,0.0,0.0,223.95515182420036,15.660868506313562,1430.030216612281,0.0,0.0
6338,206.07506478808068,20.60750647880807,0.0,0.0,223.95515182420036,15.660868506313562,1430.030216612281,0.0,0.0
6339,206.07506478808068,20.60750647880807,0.0,0.0,223.95515182420036,15.660868506313562,1430.030216612281,0.0,0.0
6340,206.07506478808068,20.60750647880807,0.0,0.0,223.95515182420036,15.660868506313562,1430.030216612281,0.0,0.0
6341,206.07506478808068,20.60750647880807,0.0,0.0,223.95515182420036,15.660868506313562,1430.030216612281,0.0,0.0
6342,206.07506478808068,20.60750647880807,0.0,0.0,223.95515182420036,15.660868506313562,1430.030216612281,0.0,0.0
6343,206.07506478808068,20.60750647880807,0.0,0.0,223.95515182420036,15.660868506313562,1430.030216612281,0.0,0.0
6344,206.07506478808068,20.60750647880807,0.0,0.0,223.95515182420036,15.660868506313562,1430.030216612281,0.0,0.0
6345,206.07506478808068,20.60750647880807,0.0,0.0,223.95515182420036,15.660868506313562,1430.030216612281,0.0,0.0
6346,206.07506478808068,20.60750647880807,0.0,0.0,223.95515182420036,15.660868506313562,1430.030216612281,0.0,0.0
6347,206.07506478808068,20.60750647880807,0.0,0.0,223.95515182420036,15.660868506313562,1430.030216612281,0.0,0.0
6348,206.07506478808068,20.60750647880807,0.0,0.0,223.95515182420036,15.660868506313562,1430.030216612281,0.0,0.0
6349,206.07506478808068,20.60750647880807,0.0,0.0,223.95515182420036,15.660868506313562,1430.030216612281,0.0,0.0
6350,206.07506478808068,20.60750647880807,0.0,0.0,223.95515182420036,15.660868506313562,1430.030216612281,0.0,0.0
6351,206.07506478808068,20.60750647880807,0.0,0.0,223.95515182420036,15.660868506313562,1430.030216612281,0.0,0.0
6352,206.07506478808068,20.60750647880807,0.0,0.0,223.95515182420036,15.660868506313562,1430.030216612281,0.0,0.0
6353,206.07506478808068,20.60750647880807,0.0,0.0,223.95515182420036,15.660868506313562,1430.030216612281,0.0,0.0
6354,206.07506478808068,20.60750647880807,0.0,0.0,223.95515182420036,15.660868506313562,1430.030216612281,0.0,0.0
6355,206.07506478808068,20.60750647880807,0.0,0.0,223.95515182420036,15.660868506313562,1430.030216612281,0.0,0.0
6356,206.07506478808068,20.60750647880807,0.0,0.0,223.95515182420036,15.660868506313562,1430.030216612281,0.0,0.0
6357,206.07506478808068,20.60750647880807,0.0,0.0,223.95515182420036,15.660868506313562,1430.030216612281,0.0,0.0
6358,206.07506478808068,20.60750647880807,0.0,0.0,223.95515182420036,15.660868506313562,1430.030216612281,0.0,0.0
6359,206.07506478808068,20.60750647880807,0.0,0.0,223.95515182420036,15.660868506313562,1430.030216612281,0.0,0.0
6360,206.07506478808068,20.60750647880807,0.0,0.0,223.95515182420036,15.660868506313562,1430.030216612281,0.0,0.0
6361,206.07506478808068,20.60750647880807,0.0,0.0,223.95515182420036,15.660868506313562,1430.030216612281,0.0,0.0
6362,206.07506478808068,20.60750647880807,0.0,0.0,223.95515182420036,15.660868506313562,1430.030216612281,0.0,0.0
6363,206.07506478808068,20.60750647880807,0.0,0.0,223.95515182420036,15.660868506313562,1430.030216612281,0.0,0.0
6364,206.07506478808068,20.60750647880807,0.0,0.0,223.95515182420036,15.660868506313562,1430.030216612281,0.0,0.0
6365,204.8701945934872,20.487019459348723,-1.2048701945934681,-0.09990009990009652,225.16002201879382,15.74512338293063,1430.030216612281,0.0,0.0
6366,210.22517323612487,21.02251732361249,5.354978642637661,0.4444444444444473,219.80504337615616,15.37065726463255,1430.030216612281,5.354978642637661,0.0
6367,208.44018035524573,20.84401803552458,-1.7849928808791446,-0.1474926253687281,221.5900362570353,15.495479304065238,1430.030216612281,5.354978642637661,0.0
6368,228.07510204491746,22.80751020449174,19.634921689671728,1.6248153618906969,201.95511456736358,14.122436870305583,1430.030216612281,23.204907451430245,0.0
6369,226.29010916403809,22.629010916403814,-1.784992880879372,-0.14534883720931369,203.74010744824295,14.247258909738289,1430.030216612281,23.204907451430245,0.0
6370,240.57005221107215,24.057005221107207,14.279943047034067,1.1644832605531397,189.46016440120889,13.248682594276714,1430.030216612281,35.69985761758494,0.0
6371,247.71002373458896,24.771002373458906,7.139971523516806,0.5755395683453068,182.32019287769208,12.749394436545943,1430.030216612281,42.839829141101745,0.0
6372,242.3550450919513,24.235504509195138,-5.354978642637661,-0.42918454935622075,187.67517152032974,13.123860554844027,1430.030216612281,42.839829141101745,0.0
6373,253.06500237722662,25.306500237722652,10.709957285275323,0.8620689655172376,176.96521423505442,12.374928318247862,1430.030216612281,48.19480778373941,0.0
6374,253.06500237722662,25.306500237722652,0.0,0.0,176.96521423505442,12.374928318247862,1430.030216612281,48.19480778373941,0.0
6375,269.12993830513983,26.912993830513976,16.06493592791321,1.2820512820512775,160.9002783071412,11.251529963353601,1430.030216612281,64.25974371165262,0.0
6376,272.69992406689835,27.269992406689838,3.5699857617585167,0.2812939521800395,157.3302925453827,11.001885884488209,1430.030216612281,67.82972947341113,0.0
6377,267.3449454242607,26.73449454242607,-5.354978642637661,-0.42075736325385416,162.68527118802035,11.37635200278629,1430.030216612281,67.82972947341113,0.0
6378,276.26990982865686,27.626990982865696,8.924964404396178,0.7042253521126751,153.76030678362417,10.752241805622814,1430.030216612281,71.39971523516965,0.0
6379,274.4849169477777,27.448491694777765,-1.7849928808791446,-0.13986013986013734,155.54529966450332,10.877063845055503,1430.030216612281,71.39971523516965,0.0
6380,281.6248884712945,28.162488847129463,7.139971523516806,0.5602240896358524,148.4053281409865,10.377775687324732,1430.030216612281,76.75469387780731,0.0
6381,283.4098813521739,28.340988135217394,1.784992880879372,0.1392757660167332,146.62033526010714,10.252953647892028,1430.030216612281,78.53968675868668,0.0
6382,292.3348457565701,29.233484575657,8.924964404396178,0.6954102920723182,137.69537085571096,9.628843450728553,1430.030216612281,87.46465116308286,0.0
6383,265.5599525433813,26.55599525433814,-26.77489321318876,-2.071823204419898,164.47026406889972,11.501174042218993,1430.030216612281,87.46465116308286,0.0
6384,256.63498813898514,25.66349881389851,-8.924964404396178,-0.7052186177715081,173.3952284732959,12.12528423938247,1430.030216612281,87.46465116308286,0.0
6385,253.06500237722662,25.306500237722652,-3.5699857617585167,-0.28409090909091717,176.96521423505442,12.374928318247862,1430.030216612281,87.46465116308286,0.0
6386,258.4199810198645,25.84199810198644,5.354978642637889,0.42735042735044804,171.61023559241653,12.000462199949764,1430.030216612281,87.46465116308286,0.0
6387,253.06500237722662,25.306500237722652,-5.354978642637889,-0.42553191489362874,176.96521423505442,12.374928318247862,1430.030216612281,87.46465116308286,0.0
6388,256.63498813898514,25.66349881389851,3.5699857617585167,0.2849002849002913,173.3952284732959,12.12528423938247,1430.030216612281,87.46465116308286,0.0
6389,254.849995258106,25.484999525810604,-1.7849928808791446,-0.14204545454544748,175.18022135417505,12.250106278815158,1430.030216612281,87.46465116308286,0.0
6390,253.06500237722662,25.306500237722652,-1.784992880879372,-0.14224751066856944,176.96521423505442,12.374928318247862,1430.030216612281,87.46465116308286,0.0
6391,254.849995258106,25.484999525810604,1.784992880879372,0.14245014245015675,175.18022135417505,12.250106278815158,1430.030216612281,87.46465116308286,0.0
6392,256.63498813898514,25.66349881389851,1.7849928808791446,0.14224751066855834,173.3952284732959,12.12528423938247,1430.030216612281,87.46465116308286,0.0
6393,253.06500237722662,25.306500237722652,-3.5699857617585167,-0.28409090909091717,176.96521423505442,12.374928318247862,1430.030216612281,87.46465116308286,0.0
6394,260.20497390074365,26.02049739007437,7.139971523517033,0.5698005698005826,169.82524271153738,11.875640160517076,1430.030216612281,87.46465116308286,0.0
6395,240.57005221107215,24.057005221107207,-19.6349216896715,-1.5580736543909235,189.46016440120889,13.248682594276714,1430.030216612281,87.46465116308286,0.0
6396,210.22517323612487,21.02251732361249,-30.344878974947278,-2.4460431654676373,219.80504337615616,15.37065726463255,1430.030216612281,87.46465116308286,0.0
6397,190.59025154645337,19.059025154645347,-19.6349216896715,-1.6224188790560312,239.43996506582766,16.743699698392188,1430.030216612281,87.46465116308286,-14.27994304703384
6398,174.52531561854016,17.452531561854023,-16.06493592791321,-1.3493253373313419,255.50490099374088,17.86709805328645,1430.030216612281,87.46465116308286,-30.34487897494705
6399,174.52531561854016,17.452531561854023,0.0,0.0,255.50490099374088,17.86709805328645,1430.030216612281,87.46465116308286,-30.34487897494705
6400,183.45028002293634,18.345028002293628,8.924964404396178,0.7598784194528863,246.5799365893447,17.242987856122976,1430.030216612281,87.46465116308286,-30.34487897494705
6401,169.1703369759025,16.917033697590256,-14.27994304703384,-1.2066365007541435,260.85987963637854,18.241564171584532,1430.030216612281,87.46465116308286,-35.69985761758471
6402,129.90049359655904,12.99004935965591,-39.269843379343456,-3.3587786259542174,300.129723015722,20.987649039103843,1430.030216612281,87.46465116308286,-74.96970099692817
6403,151.32040816710992,15.132040816711001,21.419914570550873,1.8957345971563955,278.7098084451711,19.4897845659115,1430.030216612281,87.46465116308286,-74.96970099692817
6404,140.6104508818346,14.061045088183466,-10.709957285275323,-0.930232558139521,289.41976573044644,20.23871680250766,1430.030216612281,87.46465116308286,-74.96970099692817
6405,142.39544376271374,14.239544376271374,1.7849928808791446,0.15649452269170805,287.6347728495673,20.113894763074974,1430.030216612281,87.46465116308286,-74.96970099692817
6406,115.6205505495252,11.562055054952513,-26.774893213188534,-2.343749999999989,314.40966606275583,21.9862253545654,1430.030216612281,87.46465116308286,-89.24964404396201
6407,97.77062174073285,9.777062174073281,-17.849928808792356,-1.5999999999999903,332.2595948715482,23.234445748892348,1430.030216612281,87.46465116308286,-107.09957285275436
6408,-2.188979588504594,-0.21889795885046137,-99.95960132923744,-9.105691056910569,432.21919620078563,30.22447995712329,1430.030216612281,87.46465116308286,-207.0591741819918
6409,35.295870909959376,3.5295870909959337,37.48485049846397,3.75670840787119,394.73434570232166,27.60321712903669,1430.030216612281,87.46465116308286,-207.0591741819918
6410,46.005828195234926,4.600582819523491,10.70995728527555,1.0344827586207028,384.0243884170461,26.85428489244051,1430.030216612281,87.46465116308286,-207.0591741819918
6411,54.930792599631104,5.493079259963118,8.924964404396178,0.8532423208191142,375.09942401264993,26.230174695277036,1430.030216612281,87.46465116308286,-207.0591741819918
6412,39.61019870304449,3.9610198703044386,-15.320593896586615,-1.4522842639594025,390.42001790923655,27.301522259727868,1430.030216612281,87.46465116308286,-207.0591741819918
6413,39.61019870304449,3.9610198703044386,0.0,0.0,390.42001790923655,27.301522259727868,1430.030216612281,0.0,0.0
6414,39.61019870304449,3.9610198703044386,0.0,0.0,390.42001790923655,27.301522259727868,1430.030216612281,0.0,0.0
6415,39.61019870304449,3.9610198703044386,0.0,0.0,390.42001790923655,27.301522259727868,1430.030216612281,0.0,0.0
6416,39.61019870304449,3.9610198703044386,0.0,0.0,390.42001790923655,27.301522259727868,1430.030216612281,0.0,0.0
6417,39.61019870304449,3.9610198703044386,0.0,0.0,390.42001790923655,27.301522259727868,1430.030216612281,0.0,0.0
6418,39.61019870304449,3.9610198703044386,0.0,0.0,390.42001790923655,27.301522259727868,1430.030216612281,0.0,0.0
6419,39.61019870304449,3.9610198703044386,0.0,0.0,390.42001790923655,27.301522259727868,1430.030216612281,0.0,0.0
6420,39.61019870304449,3.9610198703044386,0.0,0.0,390.42001790923655,27.301522259727868,1430.030216612281,0.0,0.0
6421,39.61019870304449,3.9610198703044386,0.0,0.0,390.42001790923655,27.301522259727868,1430.030216612281,0.0,0.0
6422,39.61019870304449,3.9610198703044386,0.0,0.0,390.42001790923655,27.301522259727868,1430.030216612281,0.0,0.0
6423,39.61019870304449,3.9610198703044386,0.0,0.0,390.42001790923655,27.301522259727868,1430.030216612281,0.0,0.0
6424,39.61019870304449,3.9610198703044386,0.0,0.0,390.42001790923655,27.301522259727868,1430.030216612281,0.0,0.0
6425,39.61019870304449,3.9610198703044386,0.0,0.0,390.42001790923655,27.301522259727868,1430.030216612281,0.0,0.0
6426,39.61019870304449,3.9610198703044386,0.0,0.0,390.42001790923655,27.301522259727868,1430.030216612281,0.0,0.0
6427,39.61019870304449,3.9610198703044386,0.0,0.0,390.42001790923655,27.301522259727868,1430.030216612281,0.0,0.0
6428,39.61019870304449,3.9610198703044386,0.0,0.0,390.42001790923655,27.301522259727868,1430.030216612281,0.0,0.0
6429,39.61019870304449,3.9610198703044386,0.0,0.0,390.42001790923655,27.301522259727868,1430.030216612281,0.0,0.0
6430,39.61019870304449,3.9610198703044386,0.0,0.0,390.42001790923655,27.301522259727868,1430.030216612281,0.0,0.0
6431,39.61019870304449,3.9610198703044386,0.0,0.0,390.42001790923655,27.301522259727868,1430.030216612281,0.0,0.0
6432,39.61019870304449,3.9610198703044386,0.0,0.0,390.42001790923655,27.301522259727868,1430.030216612281,0.0,0.0
6433,39.61019870304449,3.9610198703044386,0.0,0.0,390.42001790923655,27.301522259727868,1430.030216612281,0.0,0.0
6434,39.61019870304449,3.9610198703044386,0.0,0.0,390.42001790923655,27.301522259727868,1430.030216612281,0.0,0.0
6435,39.61019870304449,3.9610198703044386,0.0,0.0,390.42001790923655,27.301522259727868,1430.030216612281,0.0,0.0
6436,39.61019870304449,3.9610198703044386,0.0,0.0,390.42001790923655,27.301522259727868,1430.030216612281,0.0,0.0
6437,39.61019870304449,3.9610198703044386,0.0,0.0,390.42001790923655,27.301522259727868,1430.030216612281,0.0,0.0
6438,39.61019870304449,3.9610198703044386,0.0,0.0,390.42001790923655,27.301522259727868,1430.030216612281,0.0,0.0
6439,39.61019870304449,3.9610198703044386,0.0,0.0,390.42001790923655,27.301522259727868,1430.030216612281,0.0,0.0
6440,39.61019870304449,3.9610198703044386,0.0,0.0,390.42001790923655,27.301522259727868,1430.030216612281,0.0,0.0
6441,39.61019870304449,3.9610198703044386,0.0,0.0,390.42001790923655,27.301522259727868,1430.030216612281,0.0,0.0
6442,39.61019870304449,3.9610198703044386,0.0,0.0,390.42001790923655,27.301522259727868,1430.030216612281,0.0,0.0
6443,39.61019870304449,3.9610198703044386,0.0,0.0,390.42001790923655,27.301522259727868,1430.030216612281,0.0,0.0
6444,39.61019870304449,3.9610198703044386,0.0,0.0,390.42001790923655,27.301522259727868,1430.030216612281,0.0,0.0
6445,39.61019870304449,3.9610198703044386,0.0,0.0,390.42001790923655,27.301522259727868,1430.030216612281,0.0,0.0
6446,39.61019870304449,3.9610198703044386,0.0,0.0,390.42001790923655,27.301522259727868,1430.030216612281,0.0,0.0
6447,39.61019870304449,3.9610198703044386,0.0,0.0,390.42001790923655,27.301522259727868,1430.030216612281,0.0,0.0
6448,39.61019870304449,3.9610198703044386,0.0,0.0,390.42001790923655,27.301522259727868,1430.030216612281,0.0,0.0
6449,39.61019870304449,3.9610198703044386,0.0,0.0,390.42001790923655,27.301522259727868,1430.030216612281,0.0,0.0
6450,39.61019870304449,3.9610198703044386,0.0,0.0,390.42001790923655,27.301522259727868,1430.030216612281,0.0,0.0
6451,39.61019870304449,3.9610198703044386,0.0,0.0,390.42001790923655,27.301522259727868,1430.030216612281,0.0,0.0
6452,39.61019870304449,3.9610198703044386,0.0,0.0,390.42001790923655,27.301522259727868,1430.030216612281,0.0,0.0
6453,39.61019870304449,3.9610198703044386,0.0,0.0,390.42001790923655,27.301522259727868,1430.030216612281,0.0,0.0
6454,39.61019870304449,3.9610198703044386,0.0,0.0,390.42001790923655,27.301522259727868,1430.030216612281,0.0,0.0
6455,39.61019870304449,3.9610198703044386,0.0,0.0,390.42001790923655,27.301522259727868,1430.030216612281,0.0,0.0
6456,39.61019870304449,3.9610198703044386,0.0,0.0,390.42001790923655,27.301522259727868,1430.030216612281,0.0,0.0
6457,39.61019870304449,3.9610198703044386,0.0,0.0,390.42001790923655,27.301522259727868,1430.030216612281,0.0,0.0
6458,39.61019870304449,3.9610198703044386,0.0,0.0,390.42001790923655,27.301522259727868,1430.030216612281,0.0,0.0
6459,39.61019870304449,3.9610198703044386,0.0,0.0,390.42001790923655,27.301522259727868,1430.030216612281,0.0,0.0
6460,39.61019870304449,3.9610198703044386,0.0,0.0,390.42001790923655,27.301522259727868,1430.030216612281,0.0,0.0
6461,39.61019870304449,3.9610198703044386,0.0,0.0,390.42001790923655,27.301522259727868,1430.030216612281,0.0,0.0
6462,39.61019870304449,3.9610198703044386,0.0,0.0,390.42001790923655,27.301522259727868,1430.030216612281,0.0,0.0
6463,39.61019870304449,3.9610198703044386,0.0,0.0,390.42001790923655,27.301522259727868,1430.030216612281,0.0,0.0
6464,39.61019870304449,3.9610198703044386,0.0,0.0,390.42001790923655,27.301522259727868,1430.030216612281,0.0,0.0
6465,39.61019870304449,3.9610198703044386,0.0,0.0,390.42001790923655,27.301522259727868,1430.030216612281,0.0,0.0
6466,39.61019870304449,3.9610198703044386,0.0,0.0,390.42001790923655,27.301522259727868,1430.030216612281,0.0,0.0
6467,39.61019870304449,3.9610198703044386,0.0,0.0,390.42001790923655,27.301522259727868,1430.030216612281,0.0,0.0
6468,39.61019870304449,3.9610198703044386,0.0,0.0,390.42001790923655,27.301522259727868,1430.030216612281,0.0,0.0
6469,39.61019870304449,3.9610198703044386,0.0,0.0,390.42001790923655,27.301522259727868,1430.030216612281,0.0,0.0
6470,39.61019870304449,3.9610198703044386,0.0,0.0,390.42001790923655,27.301522259727868,1430.030216612281,0.0,0.0
6471,39.61019870304449,3.9610198703044386,0.0,0.0,390.42001790923655,27.301522259727868,1430.030216612281,0.0,0.0
6472,39.61019870304449,3.9610198703044386,0.0,0.0,390.42001790923655,27.301522259727868,1430.030216612281,0.0,0.0
6473,39.61019870304449,3.9610198703044386,0.0,0.0,390.42001790923655,27.301522259727868,1430.030216612281,0.0,0.0
6474,39.61019870304449,3.9610198703044386,0.0,0.0,390.42001790923655,27.301522259727868,1430.030216612281,0.0,0.0
6475,39.61019870304449,3.9610198703044386,0.0,0.0,390.42001790923655,27.301522259727868,1430.030216612281,0.0,0.0
6476,39.61019870304449,3.9610198703044386,0.0,0.0,390.42001790923655,27.301522259727868,1430.030216612281,0.0,0.0
6477,39.61019870304449,3.9610198703044386,0.0,0.0,390.42001790923655,27.301522259727868,1430.030216612281,0.0,0.0
6478,39.61019870304449,3.9610198703044386,0.0,0.0,390.42001790923655,27.301522259727868,1430.030216612281,0.0,0.0
6479,39.61019870304449,3.9610198703044386,0.0,0.0,390.42001790923655,27.301522259727868,1430.030216612281,0.0,0.0
6480,39.61019870304449,3.9610198703044386,0.0,0.0,390.42001790923655,27.301522259727868,1430.030216612281,0.0,0.0
6481,39.61019870304449,3.9610198703044386,0.0,0.0,390.42001790923655,27.301522259727868,1430.030216612281,0.0,0.0
6482,39.61019870304449,3.9610198703044386,0.0,0.0,390.42001790923655,27.301522259727868,1430.030216612281,0.0,0.0
6483,39.61019870304449,3.9610198703044386,0.0,0.0,390.42001790923655,27.301522259727868,1430.030216612281,0.0,0.0
6484,39.61019870304449,3.9610198703044386,0.0,0.0,390.42001790923655,27.301522259727868,1430.030216612281,0.0,0.0
6485,39.61019870304449,3.9610198703044386,0.0,0.0,390.42001790923655,27.301522259727868,1430.030216612281,0.0,0.0
6486,39.61019870304449,3.9610198703044386,0.0,0.0,390.42001790923655,27.301522259727868,1430.030216612281,0.0,0.0
6487,39.61019870304449,3.9610198703044386,0.0,0.0,390.42001790923655,27.301522259727868,1430.030216612281,0.0,0.0
6488,39.61019870304449,3.9610198703044386,0.0,0.0,390.42001790923655,27.301522259727868,1430.030216612281,0.0,0.0
6489,39.61019870304449,3.9610198703044386,0.0,0.0,390.42001790923655,27.301522259727868,1430.030216612281,0.0,0.0
6490,39.61019870304449,3.9610198703044386,0.0,0.0,390.42001790923655,27.301522259727868,1430.030216612281,0.0,0.0
6491,39.61019870304449,3.9610198703044386,0.0,0.0,390.42001790923655,27.301522259727868,1430.030216612281,0.0,0.0
6492,39.61019870304449,3.9610198703044386,0.0,0.0,390.42001790923655,27.301522259727868,1430.030216612281,0.0,0.0
6493,39.61019870304449,3.9610198703044386,0.0,0.0,390.42001790923655,27.301522259727868,1430.030216612281,0.0,0.0
6494,39.61019870304449,3.9610198703044386,0.0,0.0,390.42001790923655,27.301522259727868,1430.030216612281,0.0,0.0
6495,39.61019870304449,3.9610198703044386,0.0,0.0,390.42001790923655,27.301522259727868,1430.030216612281,0.0,0.0
6496,39.61019870304449,3.9610198703044386,0.0,0.0,390.42001790923655,27.301522259727868,1430.030216612281,0.0,0.0
6497,39.61019870304449,3.9610198703044386,0.0,0.0,390.42001790923655,27.301522259727868,1430.030216612281,0.0,0.0
6498,39.61019870304449,3.9610198703044386,0.0,0.0,390.42001790923655,27.301522259727868,1430.030216612281,0.0,0.0
6499,39.61019870304449,3.9610198703044386,0.0,0.0,390.42001790923655,27.301522259727868,1430.030216612281,0.0,0.0
6500,39.61019870304449,3.9610198703044386,0.0,0.0,390.42001790923655,27.301522259727868,1430.030216612281,0.0,0.0
6501,39.61019870304449,3.9610198703044386,0.0,0.0,390.42001790923655,27.301522259727868,1430.030216612281,0.0,0.0
6502,39.61019870304449,3.9610198703044386,0.0,0.0,390.42001790923655,27.301522259727868,1430.030216612281,0.0,0.0
6503,39.61019870304449,3.9610198703044386,0.0,0.0,390.42001790923655,27.301522259727868,1430.030216612281,0.0,0.0
6504,39.61019870304449,3.9610198703044386,0.0,0.0,390.42001790923655,27.301522259727868,1430.030216612281,0.0,0.0
6505,39.61019870304449,3.9610198703044386,0.0,0.0,390.42001790923655,27.301522259727868,1430.030216612281,0.0,0.0
6506,39.61019870304449,3.9610198703044386,0.0,0.0,390.42001790923655,27.301522259727868,1430.030216612281,0.0,0.0
6507,39.61019870304449,3.9610198703044386,0.0,0.0,390.42001790923655,27.301522259727868,1430.030216612281,0.0,0.0
6508,39.61019870304449,3.9610198703044386,0.0,0.0,390.42001790923655,27.301522259727868,1430.030216612281,0.0,0.0
6509,39.61019870304449,3.9610198703044386,0.0,0.0,390.42001790923655,27.301522259727868,1430.030216612281,0.0,0.0
6510,39.61019870304449,3.9610198703044386,0.0,0.0,390.42001790923655,27.301522259727868,1430.030216612281,0.0,0.0
6511,39.61019870304449,3.9610198703044386,0.0,0.0,390.42001790923655,27.301522259727868,1430.030216612281,0.0,0.0
6512,39.61019870304449,3.9610198703044386,0.0,0.0,390.42001790923655,27.301522259727868,1430.030216612281,0.0,0.0
6513,39.61019870304449,3.9610198703044386,0.0,0.0,390.42001790923655,27.301522259727868,1430.030216612281,0.0,0.0
6514,39.61019870304449,3.9610198703044386,0.0,0.0,390.42001790923655,27.301522259727868,1430.030216612281,0.0,0.0
6515,39.61019870304449,3.9610198703044386,0.0,0.0,390.42001790923655,27.301522259727868,1430.030216612281,0.0,0.0
6516,39.61019870304449,3.9610198703044386,0.0,0.0,390.42001790923655,27.301522259727868,1430.030216612281,0.0,0.0
6517,39.61019870304449,3.9610198703044386,0.0,0.0,390.42001790923655,27.301522259727868,1430.030216612281,0.0,0.0
6518,39.61019870304449,3.9610198703044386,0.0,0.0,390.42001790923655,27.301522259727868,1430.030216612281,0.0,0.0
6519,39.61019870304449,3.9610198703044386,0.0,0.0,390.42001790923655,27.301522259727868,1430.030216612281,0.0,0.0
6520,39.61019870304449,3.9610198703044386,0.0,0.0,390.42001790923655,27.301522259727868,1430.030216612281,0.0,0.0
6521,39.61019870304449,3.9610198703044386,0.0,0.0,390.42001790923655,27.301522259727868,1430.030216612281,0.0,0.0
6522,38.571627075968536,3.8571627075968618,-1.038571627075953,-0.09990009990009652,391.4585895363125,27.374148111616247,1430.030216612281,0.0,0.0
6523,-10.17000163156797,-1.0170001631568004,-48.741628707536506,-4.693140794223838,440.200218243849,30.78258159374257,1430.030216612281,0.0,-48.741628707536506
6524,-15.794035713206767,-1.579403571320681,-5.624034081638797,-0.5681818181818121,445.8242523254878,31.175862380141755,1430.030216612281,0.0,-54.3656627891753
6525,-17.668713740419662,-1.7668713740419673,-1.8746780272128944,-0.19047619047618536,447.6989303527007,31.306955975608155,1430.030216612281,0.0,-56.2403408163882
6526,-38.29017203976207,-3.829017203976204,-20.621458299342407,-2.0992366412213803,468.3203886520431,32.74898552573852,1430.030216612281,0.0,-76.8617991157306
6527,-2.6712895227161653,-0.2671289522716114,35.618882517045904,3.70370370370372,432.7015061349972,30.258207211876982,1430.030216612281,0.0,-76.8617991157306
6528,-4.54596754992906,-0.45459675499290864,-1.8746780272128944,-0.1879699248120259,434.5761841622101,30.38930080734337,1430.030216612281,0.0,-76.8617991157306
6529,23.574202858264925,2.3574202858264837,28.120170408193985,2.824858757062132,406.4560137540161,28.42289687534743,1430.030216612281,0.0,-76.8617991157306
6530,21.69952483105203,2.1699524831052086,-1.8746780272128944,-0.1831501831501825,408.330691781229,28.553990470813822,1430.030216612281,0.0,-76.8617991157306
6531,27.32355891269094,2.7323558912691004,5.624034081638911,0.5504587155963359,402.7066576995901,28.160709684414627,1430.030216612281,0.0,-76.8617991157306
6532,34.82227102154252,3.482227102154245,7.498712108851578,0.7299270072992581,395.2079455907385,27.636335302549053,1430.030216612281,0.0,-76.8617991157306
6533,36.69694904875564,3.6696949048755645,1.8746780272131218,0.18115942028986698,393.3332675635254,27.505241707082646,1430.030216612281,0.0,-76.8617991157306
6534,32.947592994329625,3.29475929943297,-3.7493560544260163,-0.3616636528029016,397.0826236179514,27.767428898015446,1430.030216612281,0.0,-76.8617991157306
6535,47.945017212033235,4.794501721203326,14.99742421770361,1.4519056261343088,382.0851994002478,26.718680134284266,1430.030216612281,9.3733901360647,-76.8617991157306
6536,29.198236939903836,2.9198236939903754,-18.7467802721294,-1.7889087656529523,400.8319796723772,28.029616088948234,1430.030216612281,9.3733901360647,-76.8617991157306
6537,44.19566115760722,4.419566115760731,14.997424217703383,1.4571948998178375,385.8345554546738,26.980867325217066,1430.030216612281,9.3733901360647,-76.8617991157306
6538,49.81969523924613,4.981969523924623,5.624034081638911,0.5385996409335903,380.2105213730349,26.587586538817874,1430.030216612281,11.248068163277594,-76.8617991157306
6539,47.945017212033235,4.794501721203326,-1.8746780272128944,-0.17857142857142794,382.0851994002478,26.718680134284266,1430.030216612281,11.248068163277594,-76.8617991157306
6540,102.31068000120854,10.231068000120857,54.3656627891753,5.187835420393561,327.7195366110725,22.91696586575876,1430.030216612281,63.73905292524,-76.8617991157306
6541,66.69179748416263,6.669179748416254,-35.618882517045904,-3.231292517006812,363.3384191281184,25.407744179620302,1430.030216612281,63.73905292524,-76.8617991157306
6542,85.43857775629203,8.543857775629204,18.7467802721294,1.7574692442882345,344.591638855989,24.096808224956334,1430.030216612281,63.73905292524,-76.8617991157306
6543,85.43857775629203,8.543857775629204,0.0,0.0,344.591638855989,24.096808224956334,1430.030216612281,63.73905292524,-76.8617991157306
6544,66.69179748416263,6.669179748416254,-18.7467802721294,-1.7271157167530249,363.3384191281184,25.407744179620302,1430.030216612281,63.73905292524,-76.8617991157306
6545,34.82227102154252,3.482227102154245,-31.869526462620115,-2.987697715289994,395.2079455907385,27.636335302549053,1430.030216612281,63.73905292524,-76.8617991157306
6546,12.326134694987331,1.2326134694987223,-22.496136326555188,-2.1739130434782483,417.7040819172937,29.20945844814581,1430.030216612281,63.73905292524,-76.8617991157306
6547,62.94244142973662,6.2942441429736595,50.61630673474929,4.999999999999982,367.0877751825444,25.6699313705531,1430.030216612281,63.73905292524,-76.8617991157306
6548,47.945017212033235,4.794501721203326,-14.997424217703383,-1.4109347442680664,382.0851994002478,26.718680134284266,1430.030216612281,63.73905292524,-76.8617991157306
6549,64.81711945694974,6.481711945694979,16.872102244916505,1.610017889087656,365.2130971553313,25.53883777508669,1430.030216612281,63.73905292524,-76.8617991157306
6550,51.694373266459024,5.169437326645898,-13.122746190490716,-1.232394366197198,378.335843345822,26.456492943351478,1430.030216612281,63.73905292524,-76.8617991157306
6551,34.82227102154252,3.482227102154245,-16.872102244916505,-1.6042780748663166,395.2079455907385,27.636335302549053,1430.030216612281,63.73905292524,-76.8617991157306
6552,32.947592994329625,3.29475929943297,-1.8746780272128944,-0.18115942028985588,397.0826236179514,27.767428898015446,1430.030216612281,63.73905292524,-76.8617991157306
6553,29.198236939903836,2.9198236939903754,-3.749356054425789,-0.3629764065335661,400.8319796723772,28.029616088948234,1430.030216612281,63.73905292524,-76.8617991157306
6554,12.326134694987331,1.2326134694987223,-16.872102244916505,-1.6393442622950838,417.7040819172937,29.20945844814581,1430.030216612281,63.73905292524,-76.8617991157306
6555,8.576778640561429,0.85767786405615,-3.7493560544259026,-0.37037037037037646,421.4534379717196,29.471645639078602,1430.030216612281,63.73905292524,-76.8617991157306
6556,19.824846803839137,1.9824846803839113,11.248068163277708,1.115241635687747,410.2053698084419,28.68508406628022,1430.030216612281,63.73905292524,-76.8617991157306
6557,-2.6712895227161653,-0.2671289522716114,-22.496136326555302,-2.2058823529411797,432.7015061349972,30.258207211876982,1430.030216612281,63.73905292524,-76.8617991157306
6558,1.0780665317097373,0.10780665317098315,3.7493560544259026,0.3759398496240518,428.9521500805713,29.996020020944187,1430.030216612281,63.73905292524,-76.8617991157306
6559,-8.295323604354962,-0.829532360435492,-9.3733901360647,-0.9363295880149836,438.325540216636,30.651487998276167,1430.030216612281,63.73905292524,-76.8617991157306
6560,-25.167425849271467,-2.516742584927145,-16.872102244916505,-1.7013232514177745,455.1976424615525,31.831330357473743,1430.030216612281,63.73905292524,-76.8617991157306
6561,-32.66613795812316,-3.266613795812312,-7.4987121088516915,-0.7692307692307665,462.6963545704042,32.35570473933932,1430.030216612281,63.73905292524,-76.8617991157306
6562,-70.15969850238196,-7.015969850238191,-37.4935605442588,-3.875968992248058,500.189915114663,34.97757664866726,1430.030216612281,63.73905292524,-108.73132557835049
6563,-53.287596257465566,-5.32875962574656,16.87210224491639,1.814516129032251,483.3178128697466,33.79773428946969,1430.030216612281,63.73905292524,-108.73132557835049
6564,-66.41034244795617,-6.641034244795618,-13.122746190490602,-1.3861386138613874,496.4405590602372,34.71538945773447,1430.030216612281,63.73905292524,-108.73132557835049
6565,-62.660986393530266,-6.266098639353023,3.7493560544259026,0.40160642570281624,492.6912030058113,34.453202266801675,1430.030216612281,63.73905292524,-108.73132557835049
6566,-87.03180074729846,-8.703180074729843,-24.370814353768196,-2.6000000000000023,517.0620173595795,36.157419007864824,1430.030216612281,63.73905292524,-125.603427823267
6567,-72.03437652959497,-7.203437652959499,14.997424217703497,1.642710472279263,502.064593141876,35.108670244133656,1430.030216612281,63.73905292524,-125.603427823267
6568,-88.90647877451136,-8.89064787745114,-16.87210224491639,-1.8181818181818077,518.9366953867924,36.28851260333123,1430.030216612281,63.73905292524,-127.47810585047989
6569,-103.90390299221485,-10.390390299221487,-14.997424217703497,-1.6460905349794164,533.9341196044959,37.337261367062396,1430.030216612281,63.73905292524,-142.4755300681834
6570,-100.15454693778906,-10.015454693778903,3.749356054425789,0.4184100418409997,530.1847635500701,37.075074176129604,1430.030216612281,63.73905292524,-142.4755300681834
6571,-112.29121248596562,-11.229121248596563,-12.136665548176552,-1.3487499999999986,542.3214290982467,37.92377411317906,1430.030216612281,63.73905292524,-150.86283956193415
6572,-112.29121248596562,-11.229121248596563,0.0,0.0,542.3214290982467,37.92377411317906,1430.030216612281,0.0,0.0
6573,-112.29121248596562,-11.229121248596563,0.0,0.0,542.3214290982467,37.92377411317906,1430.030216612281,0.0,0.0
6574,-112.29121248596562,-11.229121248596563,0.0,0.0,542.3214290982467,37.92377411317906,1430.030216612281,0.0,0.0
6575,-112.29121248596562,-11.229121248596563,0.0,0.0,542.3214290982467,37.92377411317906,1430.030216612281,0.0,0.0
6576,-112.29121248596562,-11.229121248596563,0.0,0.0,542.3214290982467,37.92377411317906,1430.030216612281,0.0,0.0
6577,-112.29121248596562,-11.229121248596563,0.0,0.0,542.3214290982467,37.92377411317906,1430.030216612281,0.0,0.0
6578,-112.29121248596562,-11.229121248596563,0.0,0.0,542.3214290982467,37.92377411317906,1430.030216612281,0.0,0.0
6579,-112.29121248596562,-11.229121248596563,0.0,0.0,542.3214290982467,37.92377411317906,1430.030216612281,0.0,0.0
6580,-112.29121248596562,-11.229121248596563,0.0,0.0,542.3214290982467,37.92377411317906,1430.030216612281,0.0,0.0
6581,-112.29121248596562,-11.229121248596563,0.0,0.0,542.3214290982467,37.92377411317906,1430.030216612281,0.0,0.0
6582,-112.29121248596562,-11.229121248596563,0.0,0.0,542.3214290982467,37.92377411317906,1430.030216612281,0.0,0.0
6583,-112.29121248596562,-11.229121248596563,0.0,0.0,542.3214290982467,37.92377411317906,1430.030216612281,0.0,0.0
6584,-112.29121248596562,-11.229121248596563,0.0,0.0,542.3214290982467,37.92377411317906,1430.030216612281,0.0,0.0
6585,-112.29121248596562,-11.229121248596563,0.0,0.0,542.3214290982467,37.92377411317906,1430.030216612281,0.0,0.0
6586,-112.29121248596562,-11.229121248596563,0.0,0.0,542.3214290982467,37.92377411317906,1430.030216612281,0.0,0.0
6587,-112.29121248596562,-11.229121248596563,0.0,0.0,542.3214290982467,37.92377411317906,1430.030216612281,0.0,0.0
6588,-112.29121248596562,-11.229121248596563,0.0,0.0,542.3214290982467,37.92377411317906,1430.030216612281,0.0,0.0
6589,-112.29121248596562,-11.229121248596563,0.0,0.0,542.3214290982467,37.92377411317906,1430.030216612281,0.0,0.0
6590,-112.29121248596562,-11.229121248596563,0.0,0.0,542.3214290982467,37.92377411317906,1430.030216612281,0.0,0.0
6591,-112.29121248596562,-11.229121248596563,0.0,0.0,542.3214290982467,37.92377411317906,1430.030216612281,0.0,0.0
6592,-112.29121248596562,-11.229121248596563,0.0,0.0,542.3214290982467,37.92377411317906,1430.030216612281,0.0,0.0
6593,-112.29121248596562,-11.229121248596563,0.0,0.0,542.3214290982467,37.92377411317906,1430.030216612281,0.0,0.0
6594,-112.29121248596562,-11.229121248596563,0.0,0.0,542.3214290982467,37.92377411317906,1430.030216612281,0.0,0.0
6595,-112.29121248596562,-11.229121248596563,0.0,0.0,542.3214290982467,37.92377411317906,1430.030216612281,0.0,0.0
6596,-112.29121248596562,-11.229121248596563,0.0,0.0,542.3214290982467,37.92377411317906,1430.030216612281,0.0,0.0
6597,-112.29121248596562,-11.229121248596563,0.0,0.0,542.3214290982467,37.92377411317906,1430.030216612281,0.0,0.0
6598,-112.29121248596562,-11.229121248596563,0.0,0.0,542.3214290982467,37.92377411317906,1430.030216612281,0.0,0.0
6599,-112.29121248596562,-11.229121248596563,0.0,0.0,542.3214290982467,37.92377411317906,1430.030216612281,0.0,0.0
6600,-112.29121248596562,-11.229121248596563,0.0,0.0,542.3214290982467,37.92377411317906,1430.030216612281,0.0,0.0
6601,-112.29121248596562,-11.229121248596563,0.0,0.0,542.3214290982467,37.92377411317906,1430.030216612281,0.0,0.0
6602,-112.29121248596562,-11.229121248596563,0.0,0.0,542.3214290982467,37.92377411317906,1430.030216612281,0.0,0.0
6603,-112.29121248596562,-11.229121248596563,0.0,0.0,542.3214290982467,37.92377411317906,1430.030216612281,0.0,0.0
6604,-112.29121248596562,-11.229121248596563,0.0,0.0,542.3214290982467,37.92377411317906,1430.030216612281,0.0,0.0
6605,-112.29121248596562,-11.229121248596563,0.0,0.0,542.3214290982467,37.92377411317906,1430.030216612281,0.0,0.0
6606,-112.29121248596562,-11.229121248596563,0.0,0.0,542.3214290982467,37.92377411317906,1430.030216612281,0.0,0.0
6607,-112.29121248596562,-11.229121248596563,0.0,0.0,542.3214290982467,37.92377411317906,1430.030216612281,0.0,0.0
6608,-112.29121248596562,-11.229121248596563,0.0,0.0,542.3214290982467,37.92377411317906,1430.030216612281,0.0,0.0
6609,-112.29121248596562,-11.229121248596563,0.0,0.0,542.3214290982467,37.92377411317906,1430.030216612281,0.0,0.0
6610,-112.29121248596562,-11.229121248596563,0.0,0.0,542.3214290982467,37.92377411317906,1430.030216612281,0.0,0.0
6611,-112.29121248596562,-11.229121248596563,0.0,0.0,542.3214290982467,37.92377411317906,1430.030216612281,0.0,0.0
6612,-112.29121248596562,-11.229121248596563,0.0,0.0,542.3214290982467,37.92377411317906,1430.030216612281,0.0,0.0
6613,-112.29121248596562,-11.229121248596563,0.0,0.0,542.3214290982467,37.92377411317906,1430.030216612281,0.0,0.0
6614,-112.29121248596562,-11.229121248596563,0.0,0.0,542.3214290982467,37.92377411317906,1430.030216612281,0.0,0.0
6615,-112.29121248596562,-11.229121248596563,0.0,0.0,542.3214290982467,37.92377411317906,1430.030216612281,0.0,0.0
6616,-112.29121248596562,-11.229121248596563,0.0,0.0,542.3214290982467,37.92377411317906,1430.030216612281,0.0,0.0
6617,-112.29121248596562,-11.229121248596563,0.0,0.0,542.3214290982467,37.92377411317906,1430.030216612281,0.0,0.0
6618,-112.29121248596562,-11.229121248596563,0.0,0.0,542.3214290982467,37.92377411317906,1430.030216612281,0.0,0.0
6619,-112.29121248596562,-11.229121248596563,0.0,0.0,542.3214290982467,37.92377411317906,1430.030216612281,0.0,0.0
6620,-112.29121248596562,-11.229121248596563,0.0,0.0,542.3214290982467,37.92377411317906,1430.030216612281,0.0,0.0
6621,-112.29121248596562,-11.229121248596563,0.0,0.0,542.3214290982467,37.92377411317906,1430.030216612281,0.0,0.0
6622,-112.29121248596562,-11.229121248596563,0.0,0.0,542.3214290982467,37.92377411317906,1430.030216612281,0.0,0.0
6623,-112.29121248596562,-11.229121248596563,0.0,0.0,542.3214290982467,37.92377411317906,1430.030216612281,0.0,0.0
6624,-112.29121248596562,-11.229121248596563,0.0,0.0,542.3214290982467,37.92377411317906,1430.030216612281,0.0,0.0
6625,-112.29121248596562,-11.229121248596563,0.0,0.0,542.3214290982467,37.92377411317906,1430.030216612281,0.0,0.0
6626,-112.29121248596562,-11.229121248596563,0.0,0.0,542.3214290982467,37.92377411317906,1430.030216612281,0.0,0.0
6627,-112.29121248596562,-11.229121248596563,0.0,0.0,542.3214290982467,37.92377411317906,1430.030216612281,0.0,0.0
6628,-112.29121248596562,-11.229121248596563,0.0,0.0,542.3214290982467,37.92377411317906,1430.030216612281,0.0,0.0
6629,-112.29121248596562,-11.229121248596563,0.0,0.0,542.3214290982467,37.92377411317906,1430.030216612281,0.0,0.0
6630,-112.29121248596562,-11.229121248596563,0.0,0.0,542.3214290982467,37.92377411317906,1430.030216612281,0.0,0.0
6631,-112.29121248596562,-11.229121248596563,0.0,0.0,542.3214290982467,37.92377411317906,1430.030216612281,0.0,0.0
6632,-112.29121248596562,-11.229121248596563,0.0,0.0,542.3214290982467,37.92377411317906,1430.030216612281,0.0,0.0
6633,-112.29121248596562,-11.229121248596563,0.0,0.0,542.3214290982467,37.92377411317906,1430.030216612281,0.0,0.0
6634,-112.29121248596562,-11.229121248596563,0.0,0.0,542.3214290982467,37.92377411317906,1430.030216612281,0.0,0.0
6635,-112.29121248596562,-11.229121248596563,0.0,0.0,542.3214290982467,37.92377411317906,1430.030216612281,0.0,0.0
6636,-112.29121248596562,-11.229121248596563,0.0,0.0,542.3214290982467,37.92377411317906,1430.030216612281,0.0,0.0
6637,-112.29121248596562,-11.229121248596563,0.0,0.0,542.3214290982467,37.92377411317906,1430.030216612281,0.0,0.0
6638,-112.29121248596562,-11.229121248596563,0.0,0.0,542.3214290982467,37.92377411317906,1430.030216612281,0.0,0.0
6639,-112.29121248596562,-11.229121248596563,0.0,0.0,542.3214290982467,37.92377411317906,1430.030216612281,0.0,0.0
6640,-112.29121248596562,-11.229121248596563,0.0,0.0,542.3214290982467,37.92377411317906,1430.030216612281,0.0,0.0
6641,-113.17803445151401,-11.317803445151398,-0.8868219655483927,-0.09990009990008542,543.208251063795,37.9857883248542,1430.030216612281,0.0,0.0
6642,-110.14616448382685,-11.014616448382686,3.0318699676871574,0.34188034188034067,540.1763810961079,37.77377392596481,1430.030216612281,3.0318699676871574,0.0
6643,-111.66209946767037,-11.166209946767037,-1.5159349838435219,-0.17035775127768327,541.6923160799514,37.8797811254095,1430.030216612281,3.0318699676871574,0.0
6644,-113.17803445151401,-11.317803445151398,-1.5159349838436356,-0.17064846416382506,543.208251063795,37.9857883248542,1430.030216612281,3.0318699676871574,0.0
6645,-111.66209946767037,-11.166209946767037,1.5159349838436356,0.17094017094017033,541.6923160799514,37.8797811254095,1430.030216612281,3.0318699676871574,0.0
6646,-113.17803445151401,-11.317803445151398,-1.5159349838436356,-0.17064846416382506,543.208251063795,37.9857883248542,1430.030216612281,3.0318699676871574,0.0
6647,-122.27364435457537,-12.227364435457533,-9.095609903061359,-1.025641025641022,552.3038609668564,38.62183152152236,1430.030216612281,3.0318699676871574,-9.095609903061359
6648,-125.30551432226252,-12.530551432226256,-3.0318699676871574,-0.3454231433506094,555.3357309345436,38.83384592041175,1430.030216612281,3.0318699676871574,-12.127479870748516
6649,-119.24177438688821,-11.92417743868882,6.063739935374315,0.6932409012131879,549.2719909991692,38.409817122632965,1430.030216612281,3.0318699676871574,-12.127479870748516
6650,-125.30551432226252,-12.530551432226256,-6.063739935374315,-0.688468158347677,555.3357309345436,38.83384592041175,1430.030216612281,3.0318699676871574,-12.127479870748516
6651,-116.20990441920117,-11.62099044192012,9.095609903061359,1.0398613518197486,546.2401210314822,38.197802723743585,1430.030216612281,3.0318699676871574,-12.127479870748516
6652,-111.66209946767037,-11.166209946767037,4.547804951530793,0.5145797598627988,541.6923160799514,37.8797811254095,1430.030216612281,3.0318699676871574,-12.127479870748516
6653,-102.56648956460901,-10.2566489564609,9.095609903061359,1.0238907849829282,532.59670617689,37.24373792874134,1430.030216612281,10.611544886904994,-12.127479870748516
6654,-107.1142945161397,-10.711429451613974,-4.547804951530679,-0.5067567567567544,537.1445111284207,37.56175952707542,1430.030216612281,10.611544886904994,-12.127479870748516
6655,-104.08242454845254,-10.40824245484525,3.0318699676871574,0.339558573853993,534.1126411607336,37.34974512818603,1430.030216612281,10.611544886904994,-12.127479870748516
6656,-122.27364435457537,-12.227364435457533,-18.19121980612283,-2.0304568527918843,552.3038609668564,38.62183152152236,1430.030216612281,10.611544886904994,-12.127479870748516
6657,-132.88518924148036,-13.28851892414804,-10.611544886904994,-1.2089810017271163,562.9154058537614,39.36388191763521,1430.030216612281,10.611544886904994,-19.707154789966353
6658,-132.88518924148036,-13.28851892414804,0.0,0.0,562.9154058537614,39.36388191763521,1430.030216612281,10.611544886904994,-19.707154789966353
6659,-122.27364435457537,-12.227364435457533,10.611544886904994,1.2237762237762295,552.3038609668564,38.62183152152236,1430.030216612281,10.611544886904994,-19.707154789966353
6660,-129.8533192737932,-12.985331927379317,-7.579674919217837,-0.8635578583765069,559.8835358860742,39.151867518745824,1430.030216612281,10.611544886904994,-19.707154789966353
6661,-122.27364435457537,-12.227364435457533,7.579674919217837,0.8710801393728262,552.3038609668564,38.62183152152236,1430.030216612281,10.611544886904994,-19.707154789966353
6662,-132.88518924148036,-13.28851892414804,-10.611544886904994,-1.2089810017271163,562.9154058537614,39.36388191763521,1430.030216612281,10.611544886904994,-19.707154789966353
6663,-128.33738428994968,-12.833738428994968,4.547804951530679,0.5244755244755206,558.3676009022307,39.045860319301134,1430.030216612281,10.611544886904994,-19.707154789966353
6664,-111.66209946767037,-11.166209946767037,16.67528482227931,1.9130434782608896,541.6923160799514,37.8797811254095,1430.030216612281,10.611544886904994,-19.707154789966353
6665,-122.27364435457537,-12.227364435457533,-10.611544886904994,-1.1945392491467643,552.3038609668564,38.62183152152236,1430.030216612281,10.611544886904994,-19.707154789966353
6666,-116.20990441920117,-11.62099044192012,6.063739935374201,0.6908462867011966,546.2401210314822,38.197802723743585,1430.030216612281,10.611544886904994,-19.707154789966353
6667,-116.20990441920117,-11.62099044192012,0.0,0.0,546.2401210314822,38.197802723743585,1430.030216612281,10.611544886904994,-19.707154789966353
6668,-114.69396943535753,-11.469396943535749,1.5159349838436356,0.17152658662094034,544.7241860476386,38.09179552429889,1430.030216612281,10.611544886904994,-19.707154789966353
6669,-120.75770937073185,-12.075770937073182,-6.063739935374315,-0.6849315068493178,550.7879259830129,38.51582432207767,1430.030216612281,10.611544886904994,-19.707154789966353
6670,-93.47087966154766,-9.347087966154765,27.28682970918419,3.103448275862064,523.5010962738287,36.607694732073185,1430.030216612281,19.707154789966353,-19.707154789966353
6671,-98.01868461307834,-9.801868461307839,-4.547804951530679,-0.5016722408026753,528.0489012253594,36.92571633040726,1430.030216612281,19.707154789966353,-19.707154789966353
6672,-94.98681464539118,-9.498681464539116,3.0318699676871574,0.3361344537815114,525.0170312576722,36.713701931517875,1430.030216612281,19.707154789966353,-19.707154789966353
6673,-102.56648956460901,-10.2566489564609,-7.579674919217837,-0.8375209380234505,532.59670617689,37.24373792874134,1430.030216612281,19.707154789966353,-19.707154789966353
6674,-107.1142945161397,-10.711429451613974,-4.547804951530679,-0.5067567567567544,537.1445111284207,37.56175952707542,1430.030216612281,19.707154789966353,-19.707154789966353
6675,-107.1142945161397,-10.711429451613974,0.0,0.0,537.1445111284207,37.56175952707542,1430.030216612281,19.707154789966353,-19.707154789966353
6676,-111.66209946767037,-11.166209946767037,-4.547804951530679,-0.5093378607809784,541.6923160799514,37.8797811254095,1430.030216612281,19.707154789966353,-19.707154789966353
6677,-117.72583940304469,-11.772583940304472,-6.063739935374315,-0.6825938566553003,547.7560560153257,38.303809923188275,1430.030216612281,19.707154789966353,-19.707154789966353
6678,-107.1142945161397,-10.711429451613974,10.611544886904994,1.2027491408934665,537.1445111284207,37.56175952707542,1430.030216612281,19.707154789966353,-19.707154789966353
6679,-113.17803445151401,-11.317803445151398,-6.063739935374315,-0.679117147707986,543.208251063795,37.9857883248542,1430.030216612281,19.707154789966353,-19.707154789966353
6680,-120.75770937073185,-12.075770937073182,-7.579674919217837,-0.8547008547008517,550.7879259830129,38.51582432207767,1430.030216612281,19.707154789966353,-19.707154789966353
6681,-135.91705920916752,-13.591705920916752,-15.159349838435674,-1.7241379310344862,565.9472758214486,39.575896316524606,1430.030216612281,19.707154789966353,-22.73902475765351
6682,-151.07640904760308,-15.107640904760311,-15.15934983843556,-1.754385964912264,581.1066256598841,40.635968310971535,1430.030216612281,19.707154789966353,-37.89837459608907
6683,-160.17201895066455,-16.017201895066457,-9.095609903061472,-1.0714285714285787,590.2022355629456,41.2720115076397,1430.030216612281,19.707154789966353,-46.99398449915054
6684,-166.23575888603875,-16.62357588860387,-6.063739935374201,-0.7220216606498076,596.2659754983198,41.69604030541848,1430.030216612281,19.707154789966353,-53.057724434524744
6685,-172.29949882141307,-17.229949882141305,-6.063739935374315,-0.727272727272732,602.3297154336941,42.12006910319725,1430.030216612281,19.707154789966353,-59.12146436989906
6686,-169.2676288537259,-16.926762885372593,3.0318699676871574,0.366300366300365,599.297845466007,41.908054704307865,1430.030216612281,19.707154789966353,-59.12146436989906
6687,-166.23575888603875,-16.62357588860387,3.0318699676871574,0.36496350364962904,596.2659754983198,41.69604030541848,1430.030216612281,19.707154789966353,-59.12146436989906
6688,-166.23575888603875,-16.62357588860387,0.0,0.0,596.2659754983198,41.69604030541848,1430.030216612281,19.707154789966353,-59.12146436989906
6689,-188.97478364369226,-18.897478364369224,-22.73902475765351,-2.7272727272727337,619.0050002559733,43.28614829708888,1430.030216612281,19.707154789966353,-75.79674919217825
6690,-182.91104370831806,-18.2911043708318,6.063739935374201,0.7476635514018559,612.9412603205991,42.86211949931011,1430.030216612281,19.707154789966353,-75.79674919217825
6691,-167.7516938698824,-16.775169386988242,15.159349838435674,1.855287569573294,597.7819104821634,41.80204750486317,1430.030216612281,19.707154789966353,-75.79674919217825
6692,-151.07640904760308,-15.107640904760311,16.67528482227931,2.0036429872495543,581.1066256598841,40.635968310971535,1430.030216612281,19.707154789966353,-75.79674919217825
6693,-148.04453907991604,-14.804453907991599,3.0318699676870438,0.3571428571428559,578.0747556921971,40.423953912082155,1430.030216612281,19.707154789966353,-75.79674919217825
6694,-152.59234403144671,-15.259234403144672,-4.547804951530679,-0.5338078291814874,582.6225606437278,40.74197551041623,1430.030216612281,19.707154789966353,-75.79674919217825
6695,-170.78356383756943,-17.078356383756944,-18.191219806122717,-2.146690518783534,600.8137804498505,42.014061903752555,1430.030216612281,19.707154789966353,-75.79674919217825
6696,-164.71982390219523,-16.47198239021952,6.063739935374201,0.7312614259597838,594.7500405144763,41.59003310597378,1430.030216612281,19.707154789966353,-75.79674919217825
6697,-161.68795393450807,-16.168795393450807,3.0318699676871574,0.3629764065335772,591.7181705467891,41.378018707084394,1430.030216612281,19.707154789966353,-75.79674919217825
6698,-154.10827901529024,-15.410827901529023,7.579674919217837,0.9041591320072317,584.1384956275713,40.84798270986092,1430.030216612281,19.707154789966353,-75.79674919217825
6699,-152.59234403144671,-15.259234403144672,1.5159349838435219,0.17921146953403522,582.6225606437278,40.74197551041623,1430.030216612281,19.707154789966353,-75.79674919217825
6700,-148.04453907991604,-14.804453907991599,4.547804951530679,0.5366726296958779,578.0747556921971,40.423953912082155,1430.030216612281,19.707154789966353,-75.79674919217825
6701,-152.59234403144671,-15.259234403144672,-4.547804951530679,-0.5338078291814874,582.6225606437278,40.74197551041623,1430.030216612281,19.707154789966353,-75.79674919217825
6702,-160.17201895066455,-16.017201895066457,-7.579674919217837,-0.8944543828264817,590.2022355629456,41.2720115076397,1430.030216612281,19.707154789966353,-75.79674919217825
6703,-173.8154338052566,-17.381543380525656,-13.643414854592038,-1.6245487364620836,603.8456504175376,42.22607630264194,1430.030216612281,19.707154789966353,-75.79674919217825
6704,-179.8791737406309,-17.987917374063088,-6.063739935374315,-0.7339449541284515,609.9093903529119,42.650105100420724,1430.030216612281,19.707154789966353,-75.79674919217825
6705,-178.36323875678727,-17.83632387567873,1.5159349838436356,0.1848428835489857,608.3934553690683,42.54409790097602,1430.030216612281,19.707154789966353,-75.79674919217825
6706,-181.39510872447443,-18.13951087244744,-3.0318699676871574,-0.3690036900369065,611.4253253367555,42.756112299865414,1430.030216612281,19.707154789966353,-75.79674919217825
6707,-157.1401489829774,-15.714014898297734,24.254959741497032,2.9629629629629672,587.1703655952584,41.05999710875031,1430.030216612281,19.707154789966353,-75.79674919217825
6708,-155.62421399913387,-15.562421399913385,1.5159349838435219,0.17985611510791255,585.6544306114149,40.95398990930562,1430.030216612281,19.707154789966353,-75.79674919217825
6709,-154.10827901529024,-15.410827901529023,1.5159349838436356,0.17953321364452268,584.1384956275713,40.84798270986092,1430.030216612281,19.707154789966353,-75.79674919217825
6710,-155.62421399913387,-15.562421399913385,-1.5159349838436356,-0.17921146953405742,585.6544306114149,40.95398990930562,1430.030216612281,19.707154789966353,-75.79674919217825
6711,-179.18487551803048,-17.918487551803054,-23.56066151889661,-2.790305206463184,609.2150921303115,42.60155380307504,1430.030216612281,19.707154789966353,-75.79674919217825
6712,-179.18487551803048,-17.918487551803054,0.0,0.0,609.2150921303115,42.60155380307504,1430.030216612281,0.0,0.0
6713,-179.18487551803048,-17.918487551803054,0.0,0.0,609.2150921303115,42.60155380307504,1430.030216612281,0.0,0.0
6714,-179.18487551803048,-17.918487551803054,0.0,0.0,609.2150921303115,42.60155380307504,1430.030216612281,0.0,0.0
6715,-179.18487551803048,-17.918487551803054,0.0,0.0,609.2150921303115,42.60155380307504,1430.030216612281,0.0,0.0
6716,-179.18487551803048,-17.918487551803054,0.0,0.0,609.2150921303115,42.60155380307504,1430.030216612281,0.0,0.0
6717,-179.18487551803048,-17.918487551803054,0.0,0.0,609.2150921303115,42.60155380307504,1430.030216612281,0.0,0.0
6718,-179.18487551803048,-17.918487551803054,0.0,0.0,609.2150921303115,42.60155380307504,1430.030216612281,0.0,0.0
6719,-179.18487551803048,-17.918487551803054,0.0,0.0,609.2150921303115,42.60155380307504,1430.030216612281,0.0,0.0
6720,-179.18487551803048,-17.918487551803054,0.0,0.0,609.2150921303115,42.60155380307504,1430.030216612281,0.0,0.0
6721,-179.18487551803048,-17.918487551803054,0.0,0.0,609.2150921303115,42.60155380307504,1430.030216612281,0.0,0.0
6722,-179.18487551803048,-17.918487551803054,0.0,0.0,609.2150921303115,42.60155380307504,1430.030216612281,0.0,0.0
6723,-179.18487551803048,-17.918487551803054,0.0,0.0,609.2150921303115,42.60155380307504,1430.030216612281,0.0,0.0
6724,-179.18487551803048,-17.918487551803054,0.0,0.0,609.2150921303115,42.60155380307504,1430.030216612281,0.0,0.0
6725,-179.18487551803048,-17.918487551803054,0.0,0.0,609.2150921303115,42.60155380307504,1430.030216612281,0.0,0.0
6726,-179.18487551803048,-17.918487551803054,0.0,0.0,609.2150921303115,42.60155380307504,1430.030216612281,0.0,0.0
6727,-179.18487551803048,-17.918487551803054,0.0,0.0,609.2150921303115,42.60155380307504,1430.030216612281,0.0,0.0
6728,-179.18487551803048,-17.918487551803054,0.0,0.0,609.2150921303115,42.60155380307504,1430.030216612281,0.0,0.0
6729,-179.18487551803048,-17.918487551803054,0.0,0.0,609.2150921303115,42.60155380307504,1430.030216612281,0.0,0.0
6730,-179.18487551803048,-17.918487551803054,0.0,0.0,609.2150921303115,42.60155380307504,1430.030216612281,0.0,0.0
6731,-179.18487551803048,-17.918487551803054,0.0,0.0,609.2150921303115,42.60155380307504,1430.030216612281,0.0,0.0
6732,-179.18487551803048,-17.918487551803054,0.0,0.0,609.2150921303115,42.60155380307504,1430.030216612281,0.0,0.0
6733,-179.18487551803048,-17.918487551803054,0.0,0.0,609.2150921303115,42.60155380307504,1430.030216612281,0.0,0.0
6734,-179.18487551803048,-17.918487551803054,0.0,0.0,609.2150921303115,42.60155380307504,1430.030216612281,0.0,0.0
6735,-179.18487551803048,-17.918487551803054,0.0,0.0,609.2150921303115,42.60155380307504,1430.030216612281,0.0,0.0
6736,-179.18487551803048,-17.918487551803054,0.0,0.0,609.2150921303115,42.60155380307504,1430.030216612281,0.0,0.0
6737,-179.18487551803048,-17.918487551803054,0.0,0.0,609.2150921303115,42.60155380307504,1430.030216612281,0.0,0.0
6738,-179.18487551803048,-17.918487551803054,0.0,0.0,609.2150921303115,42.60155380307504,1430.030216612281,0.0,0.0
6739,-179.18487551803048,-17.918487551803054,0.0,0.0,609.2150921303115,42.60155380307504,1430.030216612281,0.0,0.0
6740,-179.18487551803048,-17.918487551803054,0.0,0.0,609.2150921303115,42.60155380307504,1430.030216612281,0.0,0.0
6741,-179.18487551803048,-17.918487551803054,0.0,0.0,609.2150921303115,42.60155380307504,1430.030216612281,0.0,0.0
6742,-179.18487551803048,-17.918487551803054,0.0,0.0,609.2150921303115,42.60155380307504,1430.030216612281,0.0,0.0
6743,-179.18487551803048,-17.918487551803054,0.0,0.0,609.2150921303115,42.60155380307504,1430.030216612281,0.0,0.0
6744,-179.18487551803048,-17.918487551803054,0.0,0.0,609.2150921303115,42.60155380307504,1430.030216612281,0.0,0.0
6745,-179.18487551803048,-17.918487551803054,0.0,0.0,609.2150921303115,42.60155380307504,1430.030216612281,0.0,0.0
6746,-179.18487551803048,-17.918487551803054,0.0,0.0,609.2150921303115,42.60155380307504,1430.030216612281,0.0,0.0
6747,-179.18487551803048,-17.918487551803054,0.0,0.0,609.2150921303115,42.60155380307504,1430.030216612281,0.0,0.0
6748,-179.18487551803048,-17.918487551803054,0.0,0.0,609.2150921303115,42.60155380307504,1430.030216612281,0.0,0.0
6749,-179.18487551803048,-17.918487551803054,0.0,0.0,609.2150921303115,42.60155380307504,1430.030216612281,0.0,0.0
6750,-179.18487551803048,-17.918487551803054,0.0,0.0,609.2150921303115,42.60155380307504,1430.030216612281,0.0,0.0
6751,-179.18487551803048,-17.918487551803054,0.0,0.0,609.2150921303115,42.60155380307504,1430.030216612281,0.0,0.0
6752,-179.18487551803048,-17.918487551803054,0.0,0.0,609.2150921303115,42.60155380307504,1430.030216612281,0.0,0.0
6753,-179.18487551803048,-17.918487551803054,0.0,0.0,609.2150921303115,42.60155380307504,1430.030216612281,0.0,0.0
6754,-179.18487551803048,-17.918487551803054,0.0,0.0,609.2150921303115,42.60155380307504,1430.030216612281,0.0,0.0
6755,-179.18487551803048,-17.918487551803054,0.0,0.0,609.2150921303115,42.60155380307504,1430.030216612281,0.0,0.0
6756,-179.18487551803048,-17.918487551803054,0.0,0.0,609.2150921303115,42.60155380307504,1430.030216612281,0.0,0.0
6757,-179.18487551803048,-17.918487551803054,0.0,0.0,609.2150921303115,42.60155380307504,1430.030216612281,0.0,0.0
6758,-179.18487551803048,-17.918487551803054,0.0,0.0,609.2150921303115,42.60155380307504,1430.030216612281,0.0,0.0
6759,-179.18487551803048,-17.918487551803054,0.0,0.0,609.2150921303115,42.60155380307504,1430.030216612281,0.0,0.0
6760,-179.18487551803048,-17.918487551803054,0.0,0.0,609.2150921303115,42.60155380307504,1430.030216612281,0.0,0.0
6761,-179.18487551803048,-17.918487551803054,0.0,0.0,609.2150921303115,42.60155380307504,1430.030216612281,0.0,0.0
6762,-179.18487551803048,-17.918487551803054,0.0,0.0,609.2150921303115,42.60155380307504,1430.030216612281,0.0,0.0
6763,-179.18487551803048,-17.918487551803054,0.0,0.0,609.2150921303115,42.60155380307504,1430.030216612281,0.0,0.0
6764,-179.18487551803048,-17.918487551803054,0.0,0.0,609.2150921303115,42.60155380307504,1430.030216612281,0.0,0.0
6765,-179.18487551803048,-17.918487551803054,0.0,0.0,609.2150921303115,42.60155380307504,1430.030216612281,0.0,0.0
6766,-179.18487551803048,-17.918487551803054,0.0,0.0,609.2150921303115,42.60155380307504,1430.030216612281,0.0,0.0
6767,-179.18487551803048,-17.918487551803054,0.0,0.0,609.2150921303115,42.60155380307504,1430.030216612281,0.0,0.0
6768,-179.18487551803048,-17.918487551803054,0.0,0.0,609.2150921303115,42.60155380307504,1430.030216612281,0.0,0.0
6769,-179.18487551803048,-17.918487551803054,0.0,0.0,609.2150921303115,42.60155380307504,1430.030216612281,0.0,0.0
6770,-179.18487551803048,-17.918487551803054,0.0,0.0,609.2150921303115,42.60155380307504,1430.030216612281,0.0,0.0
6771,-179.18487551803048,-17.918487551803054,0.0,0.0,609.2150921303115,42.60155380307504,1430.030216612281,0.0,0.0
6772,-179.18487551803048,-17.918487551803054,0.0,0.0,609.2150921303115,42.60155380307504,1430.030216612281,0.0,0.0
6773,-179.18487551803048,-17.918487551803054,0.0,0.0,609.2150921303115,42.60155380307504,1430.030216612281,0.0,0.0
6774,-179.18487551803048,-17.918487551803054,0.0,0.0,609.2150921303115,42.60155380307504,1430.030216612281,0.0,0.0
6775,-179.18487551803048,-17.918487551803054,0.0,0.0,609.2150921303115,42.60155380307504,1430.030216612281,0.0,0.0
6776,-179.18487551803048,-17.918487551803054,0.0,0.0,609.2150921303115,42.60155380307504,1430.030216612281,0.0,0.0
6777,-179.18487551803048,-17.918487551803054,0.0,0.0,609.2150921303115,42.60155380307504,1430.030216612281,0.0,0.0
6778,-179.18487551803048,-17.918487551803054,0.0,0.0,609.2150921303115,42.60155380307504,1430.030216612281,0.0,0.0
6779,-179.18487551803048,-17.918487551803054,0.0,0.0,609.2150921303115,42.60155380307504,1430.030216612281,0.0,0.0
6780,-179.18487551803048,-17.918487551803054,0.0,0.0,609.2150921303115,42.60155380307504,1430.030216612281,0.0,0.0
6781,-179.18487551803048,-17.918487551803054,0.0,0.0,609.2150921303115,42.60155380307504,1430.030216612281,0.0,0.0
6782,-179.18487551803048,-17.918487551803054,0.0,0.0,609.2150921303115,42.60155380307504,1430.030216612281,0.0,0.0
6783,-179.18487551803048,-17.918487551803054,0.0,0.0,609.2150921303115,42.60155380307504,1430.030216612281,0.0,0.0
6784,-179.18487551803048,-17.918487551803054,0.0,0.0,609.2150921303115,42.60155380307504,1430.030216612281,0.0,0.0
6785,-179.18487551803048,-17.918487551803054,0.0,0.0,609.2150921303115,42.60155380307504,1430.030216612281,0.0,0.0
6786,-179.18487551803048,-17.918487551803054,0.0,0.0,609.2150921303115,42.60155380307504,1430.030216612281,0.0,0.0
6787,-179.18487551803048,-17.918487551803054,0.0,0.0,609.2150921303115,42.60155380307504,1430.030216612281,0.0,0.0
6788,-179.18487551803048,-17.918487551803054,0.0,0.0,609.2150921303115,42.60155380307504,1430.030216612281,0.0,0.0
6789,-179.18487551803048,-17.918487551803054,0.0,0.0,609.2150921303115,42.60155380307504,1430.030216612281,0.0,0.0
6790,-179.18487551803048,-17.918487551803054,0.0,0.0,609.2150921303115,42.60155380307504,1430.030216612281,0.0,0.0
6791,-179.18487551803048,-17.918487551803054,0.0,0.0,609.2150921303115,42.60155380307504,1430.030216612281,0.0,0.0
6792,-179.18487551803048,-17.918487551803054,0.0,0.0,609.2150921303115,42.60155380307504,1430.030216612281,0.0,0.0
6793,-179.18487551803048,-17.918487551803054,0.0,0.0,609.2150921303115,42.60155380307504,1430.030216612281,0.0,0.0
6794,-179.18487551803048,-17.918487551803054,0.0,0.0,609.2150921303115,42.60155380307504,1430.030216612281,0.0,0.0
6795,-179.18487551803048,-17.918487551803054,0.0,0.0,609.2150921303115,42.60155380307504,1430.030216612281,0.0,0.0
6796,-179.18487551803048,-17.918487551803054,0.0,0.0,609.2150921303115,42.60155380307504,1430.030216612281,0.0,0.0
6797,-179.18487551803048,-17.918487551803054,0.0,0.0,609.2150921303115,42.60155380307504,1430.030216612281,0.0,0.0
6798,-179.18487551803048,-17.918487551803054,0.0,0.0,609.2150921303115,42.60155380307504,1430.030216612281,0.0,0.0
6799,-179.18487551803048,-17.918487551803054,0.0,0.0,609.2150921303115,42.60155380307504,1430.030216612281,0.0,0.0
6800,-179.18487551803048,-17.918487551803054,0.0,0.0,609.2150921303115,42.60155380307504,1430.030216612281,0.0,0.0
6801,-179.18487551803048,-17.918487551803054,0.0,0.0,609.2150921303115,42.60155380307504,1430.030216612281,0.0,0.0
6802,-179.18487551803048,-17.918487551803054,0.0,0.0,609.2150921303115,42.60155380307504,1430.030216612281,0.0,0.0
6803,-179.18487551803048,-17.918487551803054,0.0,0.0,609.2150921303115,42.60155380307504,1430.030216612281,0.0,0.0
6804,-179.18487551803048,-17.918487551803054,0.0,0.0,609.2150921303115,42.60155380307504,1430.030216612281,0.0,0.0
6805,-179.18487551803048,-17.918487551803054,0.0,0.0,609.2150921303115,42.60155380307504,1430.030216612281,0.0,0.0
6806,-179.18487551803048,-17.918487551803054,0.0,0.0,609.2150921303115,42.60155380307504,1430.030216612281,0.0,0.0
6807,-179.18487551803048,-17.918487551803054,0.0,0.0,609.2150921303115,42.60155380307504,1430.030216612281,0.0,0.0
6808,-179.18487551803048,-17.918487551803054,0.0,0.0,609.2150921303115,42.60155380307504,1430.030216612281,0.0,0.0
6809,-179.18487551803048,-17.918487551803054,0.0,0.0,609.2150921303115,42.60155380307504,1430.030216612281,0.0,0.0
6810,-179.18487551803048,-17.918487551803054,0.0,0.0,609.2150921303115,42.60155380307504,1430.030216612281,0.0,0.0
6811,-179.18487551803048,-17.918487551803054,0.0,0.0,609.2150921303115,42.60155380307504,1430.030216612281,0.0,0.0
6812,-179.18487551803048,-17.918487551803054,0.0,0.0,609.2150921303115,42.60155380307504,1430.030216612281,0.0,0.0
6813,-179.18487551803048,-17.918487551803054,0.0,0.0,609.2150921303115,42.60155380307504,1430.030216612281,0.0,0.0
6814,-179.18487551803048,-17.918487551803054,0.0,0.0,609.2150921303115,42.60155380307504,1430.030216612281,0.0,0.0
6815,-179.18487551803048,-17.918487551803054,0.0,0.0,609.2150921303115,42.60155380307504,1430.030216612281,0.0,0.0
6816,-179.18487551803048,-17.918487551803054,0.0,0.0,609.2150921303115,42.60155380307504,1430.030216612281,0.0,0.0
6817,-179.18487551803048,-17.918487551803054,0.0,0.0,609.2150921303115,42.60155380307504,1430.030216612281,0.0,0.0
6818,-179.18487551803048,-17.918487551803054,0.0,0.0,609.2150921303115,42.60155380307504,1430.030216612281,0.0,0.0
6819,-179.18487551803048,-17.918487551803054,0.0,0.0,609.2150921303115,42.60155380307504,1430.030216612281,0.0,0.0
6820,-179.18487551803048,-17.918487551803054,0.0,0.0,609.2150921303115,42.60155380307504,1430.030216612281,0.0,0.0
6821,-179.18487551803048,-17.918487551803054,0.0,0.0,609.2150921303115,42.60155380307504,1430.030216612281,0.0,0.0
6822,-179.18487551803048,-17.918487551803054,0.0,0.0,609.2150921303115,42.60155380307504,1430.030216612281,0.0,0.0
6823,-179.18487551803048,-17.918487551803054,0.0,0.0,609.2150921303115,42.60155380307504,1430.030216612281,0.0,0.0
6824,-179.18487551803048,-17.918487551803054,0.0,0.0,609.2150921303115,42.60155380307504,1430.030216612281,0.0,0.0
6825,-179.18487551803048,-17.918487551803054,0.0,0.0,609.2150921303115,42.60155380307504,1430.030216612281,0.0,0.0
6826,-179.18487551803048,-17.918487551803054,0.0,0.0,609.2150921303115,42.60155380307504,1430.030216612281,0.0,0.0
6827,-179.18487551803048,-17.918487551803054,0.0,0.0,609.2150921303115,42.60155380307504,1430.030216612281,0.0,0.0
6828,-179.18487551803048,-17.918487551803054,0.0,0.0,609.2150921303115,42.60155380307504,1430.030216612281,0.0,0.0
6829,-179.18487551803048,-17.918487551803054,0.0,0.0,609.2150921303115,42.60155380307504,1430.030216612281,0.0,0.0
6830,-179.18487551803048,-17.918487551803054,0.0,0.0,609.2150921303115,42.60155380307504,1430.030216612281,0.0,0.0
6831,-179.18487551803048,-17.918487551803054,0.0,0.0,609.2150921303115,42.60155380307504,1430.030216612281,0.0,0.0
6832,-179.18487551803048,-17.918487551803054,0.0,0.0,609.2150921303115,42.60155380307504,1430.030216612281,0.0,0.0
6833,-179.18487551803048,-17.918487551803054,0.0,0.0,609.2150921303115,42.60155380307504,1430.030216612281,0.0,0.0
6834,-179.18487551803048,-17.918487551803054,0.0,0.0,609.2150921303115,42.60155380307504,1430.030216612281,0.0,0.0
6835,-179.18487551803048,-17.918487551803054,0.0,0.0,609.2150921303115,42.60155380307504,1430.030216612281,0.0,0.0
6836,-179.18487551803048,-17.918487551803054,0.0,0.0,609.2150921303115,42.60155380307504,1430.030216612281,0.0,0.0
6837,-179.18487551803048,-17.918487551803054,0.0,0.0,609.2150921303115,42.60155380307504,1430.030216612281,0.0,0.0
6838,-179.18487551803048,-17.918487551803054,0.0,0.0,609.2150921303115,42.60155380307504,1430.030216612281,0.0,0.0
6839,-179.18487551803048,-17.918487551803054,0.0,0.0,609.2150921303115,42.60155380307504,1430.030216612281,0.0,0.0
6840,-179.18487551803048,-17.918487551803054,0.0,0.0,609.2150921303115,42.60155380307504,1430.030216612281,0.0,0.0
6841,-179.18487551803048,-17.918487551803054,0.0,0.0,609.2150921303115,42.60155380307504,1430.030216612281,0.0,0.0
6842,-179.18487551803048,-17.918487551803054,0.0,0.0,609.2150921303115,42.60155380307504,1430.030216612281,0.0,0.0
6843,-179.18487551803048,-17.918487551803054,0.0,0.0,609.2150921303115,42.60155380307504,1430.030216612281,0.0,0.0
6844,-179.18487551803048,-17.918487551803054,0.0,0.0,609.2150921303115,42.60155380307504,1430.030216612281,0.0,0.0
6845,-179.18487551803048,-17.918487551803054,0.0,0.0,609.2150921303115,42.60155380307504,1430.030216612281,0.0,0.0
6846,-179.18487551803048,-17.918487551803054,0.0,0.0,609.2150921303115,42.60155380307504,1430.030216612281,0.0,0.0
6847,-179.18487551803048,-17.918487551803054,0.0,0.0,609.2150921303115,42.60155380307504,1430.030216612281,0.0,0.0
6848,-179.18487551803048,-17.918487551803054,0.0,0.0,609.2150921303115,42.60155380307504,1430.030216612281,0.0,0.0
6849,-179.18487551803048,-17.918487551803054,0.0,0.0,609.2150921303115,42.60155380307504,1430.030216612281,0.0,0.0
6850,-179.18487551803048,-17.918487551803054,0.0,0.0,609.2150921303115,42.60155380307504,1430.030216612281,0.0,0.0
6851,-179.18487551803048,-17.918487551803054,0.0,0.0,609.2150921303115,42.60155380307504,1430.030216612281,0.0,0.0
6852,-179.18487551803048,-17.918487551803054,0.0,0.0,609.2150921303115,42.60155380307504,1430.030216612281,0.0,0.0
6853,-179.18487551803048,-17.918487551803054,0.0,0.0,609.2150921303115,42.60155380307504,1430.030216612281,0.0,0.0
6854,-179.18487551803048,-17.918487551803054,0.0,0.0,609.2150921303115,42.60155380307504,1430.030216612281,0.0,0.0
6855,-179.18487551803048,-17.918487551803054,0.0,0.0,609.2150921303115,42.60155380307504,1430.030216612281,0.0,0.0
6856,-179.18487551803048,-17.918487551803054,0.0,0.0,609.2150921303115,42.60155380307504,1430.030216612281,0.0,0.0
6857,-179.18487551803048,-17.918487551803054,0.0,0.0,609.2150921303115,42.60155380307504,1430.030216612281,0.0,0.0
6858,-179.18487551803048,-17.918487551803054,0.0,0.0,609.2150921303115,42.60155380307504,1430.030216612281,0.0,0.0
6859,-179.18487551803048,-17.918487551803054,0.0,0.0,609.2150921303115,42.60155380307504,1430.030216612281,0.0,0.0
6860,-179.18487551803048,-17.918487551803054,0.0,0.0,609.2150921303115,42.60155380307504,1430.030216612281,0.0,0.0
6861,-179.18487551803048,-17.918487551803054,0.0,0.0,609.2150921303115,42.60155380307504,1430.030216612281,0.0,0.0
6862,-179.18487551803048,-17.918487551803054,0.0,0.0,609.2150921303115,42.60155380307504,1430.030216612281,0.0,0.0
6863,-179.18487551803048,-17.918487551803054,0.0,0.0,609.2150921303115,42.60155380307504,1430.030216612281,0.0,0.0
6864,-179.18487551803048,-17.918487551803054,0.0,0.0,609.2150921303115,42.60155380307504,1430.030216612281,0.0,0.0
6865,-179.18487551803048,-17.918487551803054,0.0,0.0,609.2150921303115,42.60155380307504,1430.030216612281,0.0,0.0
6866,-179.18487551803048,-17.918487551803054,0.0,0.0,609.2150921303115,42.60155380307504,1430.030216612281,0.0,0.0
6867,-179.18487551803048,-17.918487551803054,0.0,0.0,609.2150921303115,42.60155380307504,1430.030216612281,0.0,0.0
6868,-179.18487551803048,-17.918487551803054,0.0,0.0,609.2150921303115,42.60155380307504,1430.030216612281,0.0,0.0
6869,-179.18487551803048,-17.918487551803054,0.0,0.0,609.2150921303115,42.60155380307504,1430.030216612281,0.0,0.0
6870,-179.18487551803048,-17.918487551803054,0.0,0.0,609.2150921303115,42.60155380307504,1430.030216612281,0.0,0.0
6871,-179.18487551803048,-17.918487551803054,0.0,0.0,609.2150921303115,42.60155380307504,1430.030216612281,0.0,0.0
6872,-179.18487551803048,-17.918487551803054,0.0,0.0,609.2150921303115,42.60155380307504,1430.030216612281,0.0,0.0
6873,-179.18487551803048,-17.918487551803054,0.0,0.0,609.2150921303115,42.60155380307504,1430.030216612281,0.0,0.0
6874,-179.18487551803048,-17.918487551803054,0.0,0.0,609.2150921303115,42.60155380307504,1430.030216612281,0.0,0.0
6875,-179.18487551803048,-17.918487551803054,0.0,0.0,609.2150921303115,42.60155380307504,1430.030216612281,0.0,0.0
6876,-179.18487551803048,-17.918487551803054,0.0,0.0,609.2150921303115,42.60155380307504,1430.030216612281,0.0,0.0
6877,-179.18487551803048,-17.918487551803054,0.0,0.0,609.2150921303115,42.60155380307504,1430.030216612281,0.0,0.0
6878,-179.18487551803048,-17.918487551803054,0.0,0.0,609.2150921303115,42.60155380307504,1430.030216612281,0.0,0.0
6879,-179.18487551803048,-17.918487551803054,0.0,0.0,609.2150921303115,42.60155380307504,1430.030216612281,0.0,0.0
6880,-179.18487551803048,-17.918487551803054,0.0,0.0,609.2150921303115,42.60155380307504,1430.030216612281,0.0,0.0
6881,-179.18487551803048,-17.918487551803054,0.0,0.0,609.2150921303115,42.60155380307504,1430.030216612281,0.0,0.0
6882,-179.18487551803048,-17.918487551803054,0.0,0.0,609.2150921303115,42.60155380307504,1430.030216612281,0.0,0.0
6883,-179.18487551803048,-17.918487551803054,0.0,0.0,609.2150921303115,42.60155380307504,1430.030216612281,0.0,0.0
6884,-179.18487551803048,-17.918487551803054,0.0,0.0,609.2150921303115,42.60155380307504,1430.030216612281,0.0,0.0
6885,-179.18487551803048,-17.918487551803054,0.0,0.0,609.2150921303115,42.60155380307504,1430.030216612281,0.0,0.0
6886,-179.18487551803048,-17.918487551803054,0.0,0.0,609.2150921303115,42.60155380307504,1430.030216612281,0.0,0.0
6887,-179.18487551803048,-17.918487551803054,0.0,0.0,609.2150921303115,42.60155380307504,1430.030216612281,0.0,0.0
6888,-179.18487551803048,-17.918487551803054,0.0,0.0,609.2150921303115,42.60155380307504,1430.030216612281,0.0,0.0
6889,-179.18487551803048,-17.918487551803054,0.0,0.0,609.2150921303115,42.60155380307504,1430.030216612281,0.0,0.0
6890,-179.18487551803048,-17.918487551803054,0.0,0.0,609.2150921303115,42.60155380307504,1430.030216612281,0.0,0.0
6891,-179.18487551803048,-17.918487551803054,0.0,0.0,609.2150921303115,42.60155380307504,1430.030216612281,0.0,0.0
6892,-179.18487551803048,-17.918487551803054,0.0,0.0,609.2150921303115,42.60155380307504,1430.030216612281,0.0,0.0
6893,-179.18487551803048,-17.918487551803054,0.0,0.0,609.2150921303115,42.60155380307504,1430.030216612281,0.0,0.0
6894,-179.18487551803048,-17.918487551803054,0.0,0.0,609.2150921303115,42.60155380307504,1430.030216612281,0.0,0.0
6895,-180.00487064738297,-18.0004870647383,-0.8199951293524919,-0.09990009990008542,610.035087259664,42.65889490816687,1430.030216612281,0.0,0.0
6896,-181.91183606448215,-18.191183606448213,-1.9069654170991726,-0.23255813953488857,611.9420526767632,42.79224631535718,1430.030216612281,0.0,-1.9069654170991726
6897,-170.47004356188745,-17.047004356188744,11.441792502594694,1.3986013986013957,600.5002601741685,41.992137872215324,1430.030216612281,9.534827085495522,-1.9069654170991726
6898,-183.8188014815812,-18.381880148158125,-13.348757919693753,-1.6091954022988464,613.8490180938622,42.92559772254749,1430.030216612281,9.534827085495522,-3.8139308341982314
6899,-187.63273231577944,-18.763273231577948,-3.8139308341982314,-0.4672897196261738,617.6629489280605,43.19230053692811,1430.030216612281,9.534827085495522,-7.627861668396463
6900,-187.63273231577944,-18.763273231577948,0.0,0.0,617.6629489280605,43.19230053692811,1430.030216612281,9.534827085495522,-7.627861668396463
6901,-185.72576689868038,-18.572576689868036,1.9069654170990589,0.23474178403755097,615.7559835109614,43.058949129737805,1430.030216612281,9.534827085495522,-7.627861668396463
6902,-130.4237698028062,-13.042376980280624,55.301997095874185,6.791569086651061,560.4539864150872,39.19175832121882,1430.030216612281,49.58110084457678,-7.627861668396463
6903,-120.88894271731067,-12.088894271731066,9.534827085495522,1.0964912280701622,550.9191593295917,38.52500128526728,1430.030216612281,59.1159279300723,-7.627861668396463
6904,-117.07501188311244,-11.707501188311243,3.8139308341982314,0.433839479392617,547.1052284953935,38.25829847088666,1430.030216612281,62.929858764270534,-7.627861668396463
6905,-138.05163147120265,-13.80516314712027,-20.976619588090216,-2.3758099352051865,568.0818480834837,39.725163949980065,1430.030216612281,62.929858764270534,-7.627861668396463
6906,-130.4237698028062,-13.042376980280624,7.627861668396463,0.8849557522123908,560.4539864150872,39.19175832121882,1430.030216612281,62.929858764270534,-7.627861668396463
6907,-143.77252772249994,-14.377252772249992,-13.348757919693753,-1.5350877192982448,573.802744334781,40.12521817155099,1430.030216612281,62.929858764270534,-7.627861668396463
6908,-149.49342397379723,-14.949342397379727,-5.72089625129729,-0.6681514476614692,579.5236405860783,40.52527239312192,1430.030216612281,62.929858764270534,-7.627861668396463
6909,-176.19093981318474,-17.61909398131848,-26.697515839387506,-3.139013452914796,606.2211564254658,42.39219209378625,1430.030216612281,62.929858764270534,-7.627861668396463
6910,-172.37700897898662,-17.237700897898666,3.8139308341981177,0.4629629629629539,602.4072255912677,42.125489279405635,1430.030216612281,62.929858764270534,-7.627861668396463
6911,-159.02825105929276,-15.902825105929274,13.348757919693867,1.6129032258064724,589.0584676715738,41.192029429073465,1430.030216612281,62.929858764270534,-7.627861668396463
6912,-143.77252772249994,-14.377252772249992,15.255723336792812,1.814058956916087,573.802744334781,40.12521817155099,1430.030216612281,62.929858764270534,-7.627861668396463
6913,-137.09814876265307,-13.709814876265302,6.674378959846877,0.7795100222717233,567.1283653749341,39.65848824638491,1430.030216612281,62.929858764270534,-7.627861668396463
6914,-101.81928854631951,-10.18192885463195,35.278860216333555,4.088397790055254,531.8495051586006,37.19148721336418,1430.030216612281,78.18558210106346,-7.627861668396463
6915,-188.10947367005417,-18.810947367005415,-86.29018512373466,-9.607218683651798,618.1396902823352,43.225638388725685,1430.030216612281,78.18558210106346,-8.1046030226712
6916,-132.33073521990525,-13.233073521990523,55.77873845014892,6.870229007633588,562.3609518321863,39.32510972840913,1430.030216612281,78.18558210106346,-8.1046030226712
6917,-139.9585968883017,-13.99585968883017,-7.627861668396463,-0.8791208791208871,569.9888135005828,39.85851535717037,1430.030216612281,78.18558210106346,-8.1046030226712
6918,-136.14466605410348,-13.614466605410346,3.8139308341982314,0.44345898004434225,566.1748826663845,39.591812542789754,1430.030216612281,78.18558210106346,-8.1046030226712
6919,-151.4003893908964,-15.140038939089639,-15.255723336792926,-1.7660044150110465,581.4306060031774,40.658623800312235,1430.030216612281,78.18558210106346,-8.1046030226712
6920,-139.9585968883017,-13.99585968883017,11.441792502594694,1.3483146067415852,569.9888135005828,39.85851535717037,1430.030216612281,78.18558210106346,-8.1046030226712
6921,-118.9819773002115,-11.898197730021154,20.976619588090216,2.4390243902439046,549.0121939124925,38.39164987807696,1430.030216612281,78.18558210106346,-8.1046030226712
6922,-109.44715021471598,-10.944715021471596,9.534827085495522,1.0822510822510845,539.477366826997,37.72489284212542,1430.030216612281,78.18558210106346,-8.1046030226712
6923,-101.81928854631951,-10.18192885463195,7.627861668396463,0.8565310492505418,531.8495051586006,37.19148721336418,1430.030216612281,78.18558210106346,-8.1046030226712
6924,-77.98222083258065,-7.798222083258066,23.83706771373886,2.6539278131634703,508.0124374448617,35.52459462348531,1430.030216612281,102.02264981480232,-8.1046030226712
6925,-83.70311708387794,-8.37031170838779,-5.72089625129729,-0.6204756980351611,513.733333696159,35.92464884505623,1430.030216612281,102.02264981480232,-8.1046030226712
6926,-109.44715021471598,-10.944715021471596,-25.744033130838034,-2.809573361082207,539.477366826997,37.72489284212542,1430.030216612281,102.02264981480232,-8.1046030226712
6927,-103.72625396341869,-10.372625396341872,5.72089625129729,0.6423982869379063,533.7564705756997,37.32483862055449,1430.030216612281,102.02264981480232,-8.1046030226712
6928,-86.5635652095267,-8.656356520952668,17.162688753891985,1.914893617021285,516.5937818218077,36.12467595584171,1430.030216612281,102.02264981480232,-8.1046030226712
6929,-94.19142687792305,-9.419142687792304,-7.627861668396349,-0.8350730688935215,524.2216434902041,36.65808158460294,1430.030216612281,102.02264981480232,-8.1046030226712
6930,-86.5635652095267,-8.656356520952668,7.627861668396349,0.8421052631578885,516.5937818218077,36.12467595584171,1430.030216612281,102.02264981480232,-8.1046030226712
6931,-96.09839229502222,-9.609839229502226,-9.534827085495522,-1.043841336116913,526.1286089073033,36.79143299179325,1430.030216612281,102.02264981480232,-8.1046030226712
6932,-105.63321938051774,-10.563321938051773,-9.534827085495522,-1.0548523206751037,535.6634359927988,37.4581900277448,1430.030216612281,102.02264981480232,-8.1046030226712
6933,-113.2610810489142,-11.32610810489142,-7.627861668396463,-0.8528784648187626,543.2912976611952,37.991595656506036,1430.030216612281,102.02264981480232,-8.1046030226712
6934,-96.09839229502222,-9.609839229502226,17.162688753891985,1.9354838709677358,526.1286089073033,36.79143299179325,1430.030216612281,102.02264981480232,-8.1046030226712
6935,-78.93570354113024,-7.893570354113022,17.162688753891985,1.8987341772152,508.9659201534113,35.591270327080466,1430.030216612281,102.02264981480232,-8.1046030226712
6936,-90.37749604372493,-9.037749604372491,-11.441792502594694,-1.2422360248447228,520.407712656006,36.391378770222325,1430.030216612281,102.02264981480232,-8.1046030226712
6937,-80.8426689582293,-8.084266895822934,9.534827085495635,1.048218029350112,510.87288557051033,35.72462173427077,1430.030216612281,102.02264981480232,-8.1046030226712
6938,-88.47053062662576,-8.84705306266258,-7.627861668396463,-0.8298755186722073,518.5007472389068,36.25802736303201,1430.030216612281,102.02264981480232,-8.1046030226712
6939,-65.58694562143648,-6.558694562143652,22.883585005189275,2.5104602510460206,495.6171622337175,34.657810476748296,1430.030216612281,114.41792502594649,-8.1046030226712
6940,-54.14515311884179,-5.414515311884182,11.441792502594694,1.224489795918382,484.1753697311228,33.857702033606444,1430.030216612281,125.85971752854118,-8.1046030226712
6941,-59.86604937013908,-5.986604937013906,-5.72089625129729,-0.6048387096774133,489.8962659824201,34.25775625517736,1430.030216612281,125.85971752854118,-8.1046030226712
6942,-56.05211853594096,-5.605211853594094,3.8139308341981177,0.40567951318457585,486.082335148222,33.991053440796755,1430.030216612281,125.85971752854118,-8.1046030226712
6943,-69.40087645563472,-6.940087645563475,-13.348757919693753,-1.4141414141414121,499.43109306791575,34.92451329112892,1430.030216612281,125.85971752854118,-8.1046030226712
6944,-52.23818770174273,-5.223818770174271,17.162688753891985,1.8442622950819665,482.26840431402377,33.72435062641613,1430.030216612281,127.76668294564024,-8.1046030226712
6945,-56.05211853594096,-5.605211853594094,-3.8139308341982314,-0.4024144869215318,486.082335148222,33.991053440796755,1430.030216612281,127.76668294564024,-8.1046030226712
6946,-57.95908395304002,-5.795908395304005,-1.9069654170990589,-0.20202020202019222,487.98930056532106,34.12440484798706,1430.030216612281,127.76668294564024,-8.1046030226712
6947,-42.703360616247096,-4.270336061624713,15.255723336792926,1.619433198380582,472.73357722852813,33.05759359046458,1430.030216612281,137.30151003113588,-8.1046030226712
6948,-29.354602696553343,-2.9354602696553322,13.348757919693753,1.3944223107569709,459.3848193088344,32.12413374013241,1430.030216612281,150.65026795082963,-8.1046030226712
6949,-38.88942978204898,-3.888942978204901,-9.534827085495635,-0.982318271119853,468.91964639433,32.79089077608396,1430.030216612281,150.65026795082963,-8.1046030226712
6950,-25.54067186235511,-2.554067186235509,13.348757919693867,1.3888888888889062,455.57088847463615,31.85743092575179,1430.030216612281,154.46419878502786,-8.1046030226712
6951,-29.354602696553343,-2.9354602696553322,-3.8139308341982314,-0.3913894324853229,459.3848193088344,32.12413374013241,1430.030216612281,154.46419878502786,-8.1046030226712
6952,-42.703360616247096,-4.270336061624713,-13.348757919693753,-1.3752455795677743,472.73357722852813,33.05759359046458,1430.030216612281,154.46419878502786,-8.1046030226712
6953,-43.65684332479668,-4.365684332479669,-0.9534827085495863,-0.09960159362549792,473.6870599370777,33.12426929405973,1430.030216612281,154.46419878502786,-8.1046030226712
6954,-45.563808741895855,-4.55638087418958,-1.9069654170991726,-0.1994017946161608,475.5940253541769,33.257620701250055,1430.030216612281,154.46419878502786,-8.1046030226712
6955,-52.23818770174273,-5.223818770174271,-6.674378959846877,-0.6993006993006978,482.26840431402377,33.72435062641613,1430.030216612281,154.46419878502786,-8.1046030226712
6956,-57.95908395304002,-5.795908395304005,-5.72089625129729,-0.6036217303822866,487.98930056532106,34.12440484798706,1430.030216612281,154.46419878502786,-8.1046030226712
6957,-78.93570354113024,-7.893570354113022,-20.976619588090216,-2.2267206477732837,508.9659201534113,35.591270327080466,1430.030216612281,154.46419878502786,-8.1046030226712
6958,-59.389308015864344,-5.938930801586439,19.546395525265893,2.122153209109734,489.4195246281454,34.224418403379794,1430.030216612281,154.46419878502786,-8.1046030226712
6959,-38.88942978204898,-3.888942978204901,20.499878233815366,2.1794221996958907,468.91964639433,32.79089077608396,1430.030216612281,154.46419878502786,-8.1046030226712
6960,-54.14515311884179,-5.414515311884182,-15.255723336792812,-1.5873015873015817,484.1753697311228,33.857702033606444,1430.030216612281,154.46419878502786,-8.1046030226712
6961,-62.72649749578784,-6.272649749578784,-8.58134437694605,-0.9072580645161366,492.7567141080689,34.45778336596283,1430.030216612281,154.46419878502786,-8.1046030226712
6962,-74.16828999838242,-7.416828999838243,-11.44179250259458,-1.2207527975584886,504.19850661066346,35.257891809104684,1430.030216612281,154.46419878502786,-8.1046030226712
6963,-74.16828999838242,-7.416828999838243,0.0,0.0,504.19850661066346,35.257891809104684,1430.030216612281,154.46419878502786,-8.1046030226712
6964,-65.58694562143648,-6.558694562143652,8.581344376945935,0.9268795056642576,495.6171622337175,34.657810476748296,1430.030216612281,154.46419878502786,-8.1046030226712
6965,-71.30784187273377,-7.130784187273376,-5.72089625129729,-0.6122448979591799,501.3380584850148,35.05786469831922,1430.030216612281,154.46419878502786,-8.1046030226712
6966,-75.121772706932,-7.512177270693199,-3.8139308341982314,-0.4106776180698213,505.15198931921304,35.32456751269984,1430.030216612281,154.46419878502786,-8.1046030226712
6967,-77.02873812403107,-7.70287381240311,-1.9069654170990589,-0.20618556701030855,507.0589547363121,35.457918919890155,1430.030216612281,154.46419878502786,-8.1046030226712
6968,-118.9819773002115,-11.898197730021154,-41.95323917618043,-4.545454545454552,549.0121939124925,38.39164987807696,1430.030216612281,154.46419878502786,-8.1046030226712
6969,-151.4003893908964,-15.140038939089639,-32.41841209068491,-3.6796536796536827,581.4306060031774,40.658623800312235,1430.030216612281,154.46419878502786,-8.1046030226712
6970,-168.5630781447884,-16.856307814478843,-17.162688753891985,-2.0224719101123556,598.5932947570694,41.85878646502502,1430.030216612281,154.46419878502786,-8.1046030226712
6971,-170.47004356188745,-17.047004356188744,-1.9069654170990589,-0.2293577981651307,600.5002601741685,41.992137872215324,1430.030216612281,154.46419878502786,-8.1046030226712
6972,-303.9576227588251,-30.39576227588251,-133.48757919693765,-16.09195402298851,733.9878393711061,51.326736375536996,1430.030216612281,154.46419878502786,-123.95275211144212
6973,-284.88796858783405,-28.488796858783406,19.069654170991043,2.739726027397249,714.9181852001151,49.9932223036339,1430.030216612281,154.46419878502786,-123.95275211144212
6974,-292.5158302562305,-29.251583025623052,-7.627861668396463,-1.0666666666666713,722.5460468685116,50.526627932395144,1430.030216612281,154.46419878502786,-123.95275211144212
6975,-309.6785190101225,-30.967851901012256,-17.162688753891985,-2.425876010781669,739.7087356224035,51.72679059710793,1430.030216612281,154.46419878502786,-129.67364836273953
6976,-292.5158302562305,-29.251583025623052,17.162688753891985,2.4861878453038777,722.5460468685116,50.526627932395144,1430.030216612281,154.46419878502786,-129.67364836273953
6977,-271.5392106681403,-27.153921066814036,20.976619588090216,2.96495956873315,701.5694272804213,49.05976245330174,1430.030216612281,154.46419878502786,-129.67364836273953
6978,-281.0740377536358,-28.107403775363583,-9.534827085495522,-1.308900523560208,711.1042543659169,49.726519489253285,1430.030216612281,154.46419878502786,-129.67364836273953
6979,-296.32976109042863,-29.632976109042865,-15.255723336792812,-2.1220159151193574,726.3599777027097,50.79333074677576,1430.030216612281,154.46419878502786,-129.67364836273953
6980,-294.4227956733296,-29.442279567332964,1.9069654170990589,0.27100271002709064,724.4530122856106,50.65997933958545,1430.030216612281,154.46419878502786,-129.67364836273953
6981,-313.4924498443206,-31.349244984432055,-19.069654170991043,-2.7027027027026973,743.5226664566017,51.993493411488544,1430.030216612281,154.46419878502786,-133.48757919693765
6982,-321.1203115127171,-32.1120311512717,-7.627861668396463,-1.1111111111111183,751.1505281249981,52.52689904024979,1430.030216612281,154.46419878502786,-141.1154408653341
6983,-328.74817318111354,-32.87481731811135,-7.627861668396463,-1.1235955056179803,758.7783897933946,53.060304669011025,1430.030216612281,154.46419878502786,-148.74330253373057
6984,-311.58548442722156,-31.158548442722157,17.162688753891985,2.556818181818188,741.6157010395026,51.86014200429824,1430.030216612281,154.46419878502786,-148.74330253373057
6985,-326.84120776401437,-32.684120776401436,-15.255723336792812,-2.2160664819944498,756.8714243762954,52.92695326182071,1430.030216612281,154.46419878502786,-148.74330253373057
6986,-326.84120776401437,-32.684120776401436,0.0,0.0,756.8714243762954,52.92695326182071,1430.030216612281,154.46419878502786,-148.74330253373057
6987,-338.28300026660906,-33.828300026660905,-11.441792502594694,-1.6997167138810276,768.3132168788901,53.727061704962566,1430.030216612281,154.46419878502786,-158.2781296192261
6988,-353.538723603402,-35.3538723603402,-15.255723336792926,-2.3054755043227737,783.568940215683,54.79387296248505,1430.030216612281,154.46419878502786,-173.53385295601902
6989,-340.18996568370824,-34.01899656837082,13.348757919693753,2.0648967551622377,770.2201822959893,53.860413112152884,1430.030216612281,154.46419878502786,-173.53385295601902
6990,-345.9108619350055,-34.59108619350055,-5.72089625129729,-0.8670520231213841,775.9410785472866,54.2604673337238,1430.030216612281,154.46419878502786,-173.53385295601902
6991,-348.4700095247525,-34.84700095247525,-2.559147589746999,-0.39125364431487064,778.5002261370336,54.43942492217321,1430.030216612281,154.46419878502786,-173.53385295601902
6992,-348.4700095247525,-34.84700095247525,0.0,0.0,778.5002261370336,54.43942492217321,1430.030216612281,0.0,0.0
6993,-348.4700095247525,-34.84700095247525,0.0,0.0,778.5002261370336,54.43942492217321,1430.030216612281,0.0,0.0
6994,-348.4700095247525,-34.84700095247525,0.0,0.0,778.5002261370336,54.43942492217321,1430.030216612281,0.0,0.0
6995,-348.4700095247525,-34.84700095247525,0.0,0.0,778.5002261370336,54.43942492217321,1430.030216612281,0.0,0.0
6996,-348.4700095247525,-34.84700095247525,0.0,0.0,778.5002261370336,54.43942492217321,1430.030216612281,0.0,0.0
6997,-348.4700095247525,-34.84700095247525,0.0,0.0,778.5002261370336,54.43942492217321,1430.030216612281,0.0,0.0
6998,-348.4700095247525,-34.84700095247525,0.0,0.0,778.5002261370336,54.43942492217321,1430.030216612281,0.0,0.0
6999,-348.4700095247525,-34.84700095247525,0.0,0.0,778.5002261370336,54.43942492217321,1430.030216612281,0.0,0.0
7000,-348.4700095247525,-34.84700095247525,0.0,0.0,778.5002261370336,54.43942492217321,1430.030216612281,0.0,0.0
7001,-348.4700095247525,-34.84700095247525,0.0,0.0,778.5002261370336,54.43942492217321,1430.030216612281,0.0,0.0
7002,-348.4700095247525,-34.84700095247525,0.0,0.0,778.5002261370336,54.43942492217321,1430.030216612281,0.0,0.0
7003,-348.4700095247525,-34.84700095247525,0.0,0.0,778.5002261370336,54.43942492217321,1430.030216612281,0.0,0.0
7004,-348.4700095247525,-34.84700095247525,0.0,0.0,778.5002261370336,54.43942492217321,1430.030216612281,0.0,0.0
7005,-348.4700095247525,-34.84700095247525,0.0,0.0,778.5002261370336,54.43942492217321,1430.030216612281,0.0,0.0
7006,-348.4700095247525,-34.84700095247525,0.0,0.0,778.5002261370336,54.43942492217321,1430.030216612281,0.0,0.0
7007,-348.4700095247525,-34.84700095247525,0.0,0.0,778.5002261370336,54.43942492217321,1430.030216612281,0.0,0.0
7008,-348.4700095247525,-34.84700095247525,0.0,0.0,778.5002261370336,54.43942492217321,1430.030216612281,0.0,0.0
7009,-348.4700095247525,-34.84700095247525,0.0,0.0,778.5002261370336,54.43942492217321,1430.030216612281,0.0,0.0
7010,-348.4700095247525,-34.84700095247525,0.0,0.0,778.5002261370336,54.43942492217321,1430.030216612281,0.0,0.0
7011,-348.4700095247525,-34.84700095247525,0.0,0.0,778.5002261370336,54.43942492217321,1430.030216612281,0.0,0.0
7012,-348.4700095247525,-34.84700095247525,0.0,0.0,778.5002261370336,54.43942492217321,1430.030216612281,0.0,0.0
7013,-348.4700095247525,-34.84700095247525,0.0,0.0,778.5002261370336,54.43942492217321,1430.030216612281,0.0,0.0
7014,-348.4700095247525,-34.84700095247525,0.0,0.0,778.5002261370336,54.43942492217321,1430.030216612281,0.0,0.0
7015,-348.4700095247525,-34.84700095247525,0.0,0.0,778.5002261370336,54.43942492217321,1430.030216612281,0.0,0.0
7016,-348.4700095247525,-34.84700095247525,0.0,0.0,778.5002261370336,54.43942492217321,1430.030216612281,0.0,0.0
7017,-348.4700095247525,-34.84700095247525,0.0,0.0,778.5002261370336,54.43942492217321,1430.030216612281,0.0,0.0
7018,-348.4700095247525,-34.84700095247525,0.0,0.0,778.5002261370336,54.43942492217321,1430.030216612281,0.0,0.0
7019,-348.4700095247525,-34.84700095247525,0.0,0.0,778.5002261370336,54.43942492217321,1430.030216612281,0.0,0.0
7020,-348.4700095247525,-34.84700095247525,0.0,0.0,778.5002261370336,54.43942492217321,1430.030216612281,0.0,0.0
7021,-348.4700095247525,-34.84700095247525,0.0,0.0,778.5002261370336,54.43942492217321,1430.030216612281,0.0,0.0
7022,-348.4700095247525,-34.84700095247525,0.0,0.0,778.5002261370336,54.43942492217321,1430.030216612281,0.0,0.0
7023,-348.4700095247525,-34.84700095247525,0.0,0.0,778.5002261370336,54.43942492217321,1430.030216612281,0.0,0.0
7024,-348.4700095247525,-34.84700095247525,0.0,0.0,778.5002261370336,54.43942492217321,1430.030216612281,0.0,0.0
7025,-348.4700095247525,-34.84700095247525,0.0,0.0,778.5002261370336,54.43942492217321,1430.030216612281,0.0,0.0
7026,-348.4700095247525,-34.84700095247525,0.0,0.0,778.5002261370336,54.43942492217321,1430.030216612281,0.0,0.0
7027,-348.4700095247525,-34.84700095247525,0.0,0.0,778.5002261370336,54.43942492217321,1430.030216612281,0.0,0.0
7028,-348.4700095247525,-34.84700095247525,0.0,0.0,778.5002261370336,54.43942492217321,1430.030216612281,0.0,0.0
7029,-348.4700095247525,-34.84700095247525,0.0,0.0,778.5002261370336,54.43942492217321,1430.030216612281,0.0,0.0
7030,-348.4700095247525,-34.84700095247525,0.0,0.0,778.5002261370336,54.43942492217321,1430.030216612281,0.0,0.0
7031,-348.4700095247525,-34.84700095247525,0.0,0.0,778.5002261370336,54.43942492217321,1430.030216612281,0.0,0.0
7032,-348.4700095247525,-34.84700095247525,0.0,0.0,778.5002261370336,54.43942492217321,1430.030216612281,0.0,0.0
7033,-348.4700095247525,-34.84700095247525,0.0,0.0,778.5002261370336,54.43942492217321,1430.030216612281,0.0,0.0
7034,-348.4700095247525,-34.84700095247525,0.0,0.0,778.5002261370336,54.43942492217321,1430.030216612281,0.0,0.0
7035,-348.4700095247525,-34.84700095247525,0.0,0.0,778.5002261370336,54.43942492217321,1430.030216612281,0.0,0.0
7036,-348.4700095247525,-34.84700095247525,0.0,0.0,778.5002261370336,54.43942492217321,1430.030216612281,0.0,0.0
7037,-348.4700095247525,-34.84700095247525,0.0,0.0,778.5002261370336,54.43942492217321,1430.030216612281,0.0,0.0
7038,-348.4700095247525,-34.84700095247525,0.0,0.0,778.5002261370336,54.43942492217321,1430.030216612281,0.0,0.0
7039,-348.4700095247525,-34.84700095247525,0.0,0.0,778.5002261370336,54.43942492217321,1430.030216612281,0.0,0.0
7040,-348.4700095247525,-34.84700095247525,0.0,0.0,778.5002261370336,54.43942492217321,1430.030216612281,0.0,0.0
7041,-348.4700095247525,-34.84700095247525,0.0,0.0,778.5002261370336,54.43942492217321,1430.030216612281,0.0,0.0
7042,-348.4700095247525,-34.84700095247525,0.0,0.0,778.5002261370336,54.43942492217321,1430.030216612281,0.0,0.0
7043,-348.4700095247525,-34.84700095247525,0.0,0.0,778.5002261370336,54.43942492217321,1430.030216612281,0.0,0.0
7044,-348.4700095247525,-34.84700095247525,0.0,0.0,778.5002261370336,54.43942492217321,1430.030216612281,0.0,0.0
7045,-348.4700095247525,-34.84700095247525,0.0,0.0,778.5002261370336,54.43942492217321,1430.030216612281,0.0,0.0
7046,-348.4700095247525,-34.84700095247525,0.0,0.0,778.5002261370336,54.43942492217321,1430.030216612281,0.0,0.0
7047,-348.4700095247525,-34.84700095247525,0.0,0.0,778.5002261370336,54.43942492217321,1430.030216612281,0.0,0.0
7048,-348.4700095247525,-34.84700095247525,0.0,0.0,778.5002261370336,54.43942492217321,1430.030216612281,0.0,0.0
7049,-348.4700095247525,-34.84700095247525,0.0,0.0,778.5002261370336,54.43942492217321,1430.030216612281,0.0,0.0
7050,-348.4700095247525,-34.84700095247525,0.0,0.0,778.5002261370336,54.43942492217321,1430.030216612281,0.0,0.0
7051,-349.1208886361163,-34.912088863611636,-0.6508791113637926,-0.09990009990008542,779.1511052483974,54.48493998219101,1430.030216612281,0.0,0.0
7052,-330.4833810419964,-33.04833810419964,18.63750759411994,2.8634361233480066,760.5135976542774,53.18164531207754,1430.030216612281,18.63750759411994,0.0
7053,-341.95261648453175,-34.195261648453176,-11.469235442535364,-1.7130620985010614,771.9828330968128,53.983672801378134,1430.030216612281,18.63750759411994,0.0
7054,-340.51896205421485,-34.051896205421485,1.433654430316892,0.2178649237472685,770.5491786664959,53.88341936521556,1430.030216612281,18.63750759411994,0.0
7055,-337.65165319358096,-33.76516531935809,2.867308860633898,0.43478260869564966,767.681869805862,53.68291249289041,1430.030216612281,18.63750759411994,0.0
7056,-349.1208886361163,-34.912088863611636,-11.469235442535364,-1.7316017316017285,779.1511052483974,54.48493998219101,1430.030216612281,18.63750759411994,0.0
7057,-353.4218519270671,-35.34218519270671,-4.30096329095079,-0.6607929515418554,783.4520685393481,54.78570029067873,1430.030216612281,18.63750759411994,-4.30096329095079
7058,-351.9881974967502,-35.198819749675025,1.433654430316892,0.22172949002217113,782.0184141090313,54.685446854516165,1430.030216612281,18.63750759411994,-4.30096329095079
7059,-344.81992534516564,-34.48199253451656,7.168272151584574,1.1061946902654718,774.8501419574467,54.18417967370329,1430.030216612281,18.63750759411994,-4.30096329095079
7060,-340.7483520132648,-34.07483520132648,4.071573331900822,0.6214433999760738,770.7785686255459,53.89946028214062,1430.030216612281,18.63750759411994,-4.30096329095079
7061,-333.17865837125794,-33.317865837125794,7.569693642006882,1.1482252134103366,763.208874983539,53.37012226158191,1430.030216612281,18.63750759411994,-4.30096329095079
7062,-323.3151088904117,-32.33151088904117,9.863549480846245,1.4791892318194444,753.3453255026927,52.68037813126466,1430.030216612281,25.805779745704626,-4.30096329095079
7063,-310.69896740428726,-31.069896740428725,12.616141486124434,1.8644041934255728,740.7291840165683,51.798149116830835,1430.030216612281,38.42192123182906,-4.30096329095079
7064,-300.1472480462909,-30.01472480462909,10.551719357996376,1.5307853693852236,730.1774646585719,51.0602822357384,1430.030216612281,48.973640589825436,-4.30096329095079
7065,-300.37663800534096,-30.037663800534098,-0.22938995905008142,-0.032776888911234536,730.406854617622,51.07632315266346,1430.030216612281,48.973640589825436,-4.30096329095079
7066,-300.37663800534096,-30.037663800534098,0.0,0.0,730.406854617622,51.07632315266346,1430.030216612281,48.973640589825436,-4.30096329095079
7067,-310.01079752713713,-31.00107975271371,-9.634159521796164,-1.377049430471955,740.0410141394182,51.75002636605564,1430.030216612281,48.973640589825436,-4.30096329095079
7068,-311.84587344787633,-31.18458734478763,-1.8350759207392002,-0.265957193846289,741.8760900601574,51.87835064196407,1430.030216612281,48.973640589825436,-4.30096329095079
7069,-310.69896740428726,-31.069896740428725,1.1469060435890697,0.16666412353514293,740.7291840165683,51.798149116830835,1430.030216612281,48.973640589825436,-4.30096329095079
7070,-296.93587612291253,-29.69358761229125,13.763091281374727,1.9966735331219176,726.9660927351936,50.835715517771696,1430.030216612281,52.18501251320379,-4.30096329095079
7071,-295.10080020217333,-29.510080020217334,1.8350759207392002,0.26101117357824055,725.1310168144544,50.707391241863284,1430.030216612281,54.02008843394299,-4.30096329095079
7072,-308.4051115654479,-30.840511156544792,-13.304311363274564,-1.8874062230586186,738.4353281777289,51.63774300707229,1430.030216612281,54.02008843394299,-4.30096329095079
7073,-301.52354404893003,-30.152354404893,6.881567516517862,0.9950286839300659,731.5537606612111,51.156524677796696,1430.030216612281,54.02008843394299,-4.30096329095079
7074,-318.95678717178316,-31.89567871717831,-17.433243122853128,-2.495895598816633,748.9870037840642,52.37560682867265,1430.030216612281,54.02008843394299,-4.30096329095079
7075,-312.53404332502646,-31.253404332502644,6.422743846756703,0.9430743491421811,742.5642599373075,51.92647339273925,1430.030216612281,54.02008843394299,-4.30096329095079
7076,-326.7558707728401,-32.67558707728401,-14.221827447813666,-2.068731885517583,756.7860873851212,52.92098576615643,1430.030216612281,54.02008843394299,-4.30096329095079
7077,-337.76632629727544,-33.776632629727544,-11.010455524435315,-1.635432831337813,767.7965429095565,53.690931421606905,1430.030216612281,54.02008843394299,-4.30096329095079
7078,-337.76632629727544,-33.776632629727544,0.0,0.0,767.7965429095565,53.690931421606905,1430.030216612281,54.02008843394299,-4.30096329095079
7079,-336.61942025368637,-33.66194202536864,1.1469060435890697,0.17318751509212138,766.6496368659674,53.61072989647367,1430.030216612281,54.02008843394299,-4.30096329095079
7080,-339.8307921770647,-33.98307921770647,-3.2113719233783513,-0.484091940799114,769.8610087893458,53.835296614440374,1430.030216612281,54.02008843394299,-4.30096329095079
7081,-350.84129145316115,-35.08412914531611,-11.010499276096425,-1.66782987537486,780.8715080654422,54.60524532938293,1430.030216612281,54.02008843394299,-4.30096329095079
7082,-343.27159781115415,-34.32715978111541,7.569693642006996,1.1660775003622836,773.3018144234352,54.07590730882421,1430.030216612281,54.02008843394299,-4.30096329095079
7083,-328.36155673452936,-32.836155673452936,14.910041076624793,2.2703511873295446,758.3917733468104,53.03326912513978,1430.030216612281,54.02008843394299,-4.30096329095079
7084,-312.3046533659764,-31.230465336597636,16.05690336855298,2.3907064179478965,742.3348699782574,51.91043247581418,1430.030216612281,54.02008843394299,-4.30096329095079
7085,-301.9823239670301,-30.198232396703006,10.322329398946295,1.5010032348582447,732.0125405793111,51.18860651164682,1430.030216612281,54.02008843394299,-4.30096329095079
7086,-299.9178580872409,-29.991785808724092,2.064465879789168,0.29576126087840215,729.948074699522,51.04424131881334,1430.030216612281,54.02008843394299,-4.30096329095079
7087,-294.6420202840733,-29.46420202840733,5.275837803167633,0.7536026827870579,724.6722368963543,50.67530940801317,1430.030216612281,54.47886835204304,-4.30096329095079
7088,-311.84587344787633,-31.18458734478763,-17.203853163803046,-2.4390243902438935,741.8760900601574,51.87835064196407,1430.030216612281,54.47886835204304,-4.30096329095079
7089,-334.78434433294717,-33.478434433294716,-22.938470885070842,-3.3333333333333437,764.8145609452282,53.48240562056527,1430.030216612281,54.47886835204304,-4.30096329095079
7090,-342.8128178930541,-34.28128178930541,-8.028473560106931,-1.20689786713698,772.8430345053351,54.04382547497409,1430.030216612281,54.47886835204304,-4.30096329095079
7091,-357.7228152180179,-35.77228152180179,-14.909997324963797,-2.268759606230031,787.7530318302989,55.08646059916645,1430.030216612281,54.47886835204304,-8.60192658190158
7092,-340.7483520132648,-34.07483520132648,16.97446320475308,2.642856325422027,770.7785686255459,53.89946028214062,1430.030216612281,54.47886835204304,-8.60192658190158
7093,-349.4649516988609,-34.94649516988609,-8.716599685596066,-1.3221961161895224,779.4951683111419,54.50899982783256,1430.030216612281,54.47886835204304,-8.60192658190158
7094,-342.58342793400413,-34.25834279340041,6.881523764856752,1.0578252136956623,772.6136445462852,54.02778455804904,1430.030216612281,54.47886835204304,-8.60192658190158
7095,-330.19663265526856,-33.01966326552686,12.386795278735576,1.8841623112433759,760.2268492675496,53.161593401048194,1430.030216612281,54.47886835204304,-8.60192658190158
7096,-344.8772837728434,-34.48772837728434,-14.680651117574826,-2.1917852064214927,774.9075003851244,54.18819066780757,1430.030216612281,54.47886835204304,-8.60192658190158
7097,-332.26109853505784,-33.22610985350578,12.616185237785544,1.9257743511692071,762.2913151473389,53.30595859388168,1430.030216612281,54.47886835204304,-8.60192658190158
7098,-335.01373429199714,-33.50137342919971,-2.7526357569392985,-0.4122323487369628,765.0439509042782,53.49844653749032,1430.030216612281,54.47886835204304,-8.60192658190158
7099,-343.5009440185431,-34.350094401854314,-8.487209726545984,-1.276298498813322,773.5311606308242,54.091945166257204,1430.030216612281,54.47886835204304,-8.60192658190158
7100,-345.5654098983324,-34.55654098983324,-2.0644658797892816,-0.3144659327351085,775.5956265106134,54.23631035909068,1430.030216612281,54.47886835204304,-8.60192658190158
7101,-352.9057573329503,-35.29057573329503,-7.340347434617911,-1.1216319469723568,782.9359739452314,54.74961052221639,1430.030216612281,54.47886835204304,-8.60192658190158
7102,-349.4649516988609,-34.94649516988609,3.440805634089429,0.5317317644347952,779.4951683111419,54.50899982783256,1430.030216612281,54.47886835204304,-8.60192658190158
7103,-332.03170857600776,-33.203170857600774,17.433243122853128,2.6798314969162185,762.0619251882888,53.28991767695661,1430.030216612281,54.47886835204304,-8.60192658190158
7104,-336.3900302946363,-33.63900302946363,-4.358321718628531,-0.6524743426573942,766.4202469069173,53.59468897954861,1430.030216612281,54.47886835204304,-8.60192658190158
7105,-352.44697741485027,-35.244697741485034,-16.056947120213977,-2.4196362100079805,782.4771940271313,54.71752868836628,1430.030216612281,54.47886835204304,-8.60192658190158
7106,-337.53698008988647,-33.75369800898864,14.909997324963797,2.3025137409505625,767.5671967021675,53.67489356417391,1430.030216612281,54.47886835204304,-8.60192658190158
7107,-312.9927794914654,-31.299277949146543,24.54420059842107,3.704991804938995,743.0229961037464,51.958552167097295,1430.030216612281,54.47886835204304,-8.60192658190158
7108,-336.61942025368637,-33.66194202536864,-23.626640762220973,-3.4390673135476058,766.6496368659674,53.61072989647367,1430.030216612281,54.47886835204304,-8.60192658190158
7109,-316.20419516650486,-31.62041951665049,20.41522508718151,3.0774529298081887,746.2344117787859,52.18312194455606,1430.030216612281,54.47886835204304,-8.60192658190158
7110,-311.1577035707262,-31.115770357072627,5.046491595778662,0.7380114882406197,741.1879201830072,51.83022789118888,1430.030216612281,54.47886835204304,-8.60192658190158
7111,-334.78434433294717,-33.478434433294716,-23.626640762220973,-3.4299056380093784,764.8145609452282,53.48240562056527,1430.030216612281,54.47886835204304,-8.60192658190158
7112,-316.6629313329439,-31.66629313329439,18.12141300000326,2.7241410880253225,746.693147945225,52.215200718914126,1430.030216612281,54.47886835204304,-8.60192658190158
7113,-319.6449570489333,-31.964495704893324,-2.98202571598938,-0.4363916217520969,749.6751736612143,52.42372957944783,1430.030216612281,54.47886835204304,-8.60192658190158
7114,-314.59850920481574,-31.459850920481568,5.0464478441175515,0.7417374055505466,744.6287258170968,52.07083858557272,1430.030216612281,54.47886835204304,-8.60192658190158
7115,-290.5130885244947,-29.051308852449477,24.085420680321022,3.514060153615617,720.5433051367758,50.38657902234621,1430.030216612281,58.6078001116216,-8.60192658190158
7116,-295.10080020217333,-29.510080020217334,-4.587711677678612,-0.6466238634533328,725.1310168144544,50.707391241863284,1430.030216612281,58.6078001116216,-8.60192658190158
7117,-306.3406456856587,-30.634064568565876,-11.239845483485396,-1.5945323085498009,736.3708622979398,51.493377814238826,1430.030216612281,58.6078001116216,-8.60192658190158
7118,-303.12927376228026,-30.31292737622803,3.211371923378465,0.4629609481087149,733.1594903745613,51.26881109627212,1430.030216612281,58.6078001116216,-8.60192658190158
7119,-315.9748052074549,-31.597480520745492,-12.845531445174629,-1.8433162653459956,746.0050218197359,52.16708102763101,1430.030216612281,58.6078001116216,-8.60192658190158
7120,-334.78434433294717,-33.478434433294716,-18.80953912549228,-2.749831332045738,764.8145609452282,53.48240562056527,1430.030216612281,58.6078001116216,-8.60192658190158
7121,-330.19663265526856,-33.01966326552686,4.587711677678612,0.6896578032395073,760.2268492675496,53.161593401048194,1430.030216612281,58.6078001116216,-8.60192658190158
7122,-326.52648081379004,-32.65264808137901,3.670151841478514,0.5479446686014633,756.5566974260711,52.90494484923136,1430.030216612281,58.6078001116216,-8.60192658190158
7123,-334.78434433294717,-33.478434433294716,-8.257863519157127,-1.2261600915111748,764.8145609452282,53.48240562056527,1430.030216612281,58.6078001116216,-8.60192658190158
7124,-326.52648081379004,-32.65264808137901,8.257863519157127,1.2413814150054048,756.5566974260711,52.90494484923136,1430.030216612281,58.6078001116216,-8.60192658190158
7125,-322.62693901326156,-32.26269390132616,3.899541800528482,0.5790193213892847,752.6571556255426,52.63225538048948,1430.030216612281,58.6078001116216,-8.60192658190158
7126,-334.325564414847,-33.43255644148469,-11.698625401585446,-1.7270579648597018,764.355781027128,53.45032378671514,1430.030216612281,58.6078001116216,-8.60192658190158
7127,-323.5444988494618,-32.35444988494618,10.781065565385234,1.6195703168183417,753.5747154617428,52.696419048189725,1430.030216612281,58.6078001116216,-8.60192658190158
7128,-322.1682028468226,-32.21682028468226,1.376296002639151,0.20345699019348462,752.1984194591037,52.600176606131434,1430.030216612281,58.6078001116216,-8.60192658190158
7129,-321.7094229287226,-32.17094229287226,0.45877991810004914,0.06768344595620146,751.7396395410036,52.56809477228131,1430.030216612281,58.6078001116216,-8.60192658190158
7130,-331.34358245051874,-33.13435824505188,-9.634159521796164,-1.420358744093797,761.3737990627998,53.2417979856735,1430.030216612281,58.6078001116216,-8.60192658190158
7131,-331.8023623686188,-33.18023623686188,-0.45877991810004914,-0.06861220591906081,761.8325789808998,53.273879819523614,1430.030216612281,58.6078001116216,-8.60192658190158
7132,-328.36155673452936,-32.836155673452936,3.440805634089429,0.5149383117076578,758.3917733468104,53.03326912513978,1430.030216612281,58.6078001116216,-8.60192658190158
7133,-339.37205601062567,-33.93720560106257,-11.010499276096311,-1.639349174618987,769.4022726229067,53.803217840082326,1430.030216612281,58.6078001116216,-8.60192658190158
7134,-337.9957162563255,-33.79957162563255,1.3763397543001474,0.20833810722398205,768.0259328686066,53.70697233853197,1430.030216612281,58.6078001116216,-8.60192658190158
7135,-306.7994256037588,-30.67994256037587,31.196290652566745,4.712400118644222,736.8296422160398,51.52545964808895,1430.030216612281,58.6078001116216,-8.60192658190158
7136,-315.7454152484048,-31.574541524840484,-8.945989644646033,-1.290534078457417,745.7756318606858,52.15104011070595,1430.030216612281,58.6078001116216,-8.60192658190158
7137,-322.85632897231164,-32.28563289723117,-7.110913723906833,-1.0392204717909692,752.8865455845927,52.64829629741455,1430.030216612281,58.6078001116216,-8.60192658190158
7138,-325.60896472925106,-32.56089647292511,-2.752635756939412,-0.4065069016685574,755.6391813415321,52.8407842410232,1430.030216612281,58.6078001116216,-8.60192658190158
7139,-324.2326687266119,-32.423266872661195,1.376296002639151,0.2040798187785242,754.2628853388929,52.7445417989649,1430.030216612281,58.6078001116216,-8.60192658190158
7140,-333.637438289358,-33.363743828935796,-9.404769562746083,-1.3917171084645519,763.667654901639,53.402204095432026,1430.030216612281,58.6078001116216,-8.60192658190158
7141,-331.5539177298863,-33.15539177298863,2.083520559471708,0.3126707109899707,761.5841343421673,53.25650643567156,1430.030216612281,58.6078001116216,-8.60192658190158
7142,-331.5539177298863,-33.15539177298863,0.0,0.0,761.5841343421673,53.25650643567156,1430.030216612281,0.0,0.0
7143,-331.5539177298863,-33.15539177298863,0.0,0.0,761.5841343421673,53.25650643567156,1430.030216612281,0.0,0.0
7144,-331.5539177298863,-33.15539177298863,0.0,0.0,761.5841343421673,53.25650643567156,1430.030216612281,0.0,0.0
7145,-331.5539177298863,-33.15539177298863,0.0,0.0,761.5841343421673,53.25650643567156,1430.030216612281,0.0,0.0
7146,-331.5539177298863,-33.15539177298863,0.0,0.0,761.5841343421673,53.25650643567156,1430.030216612281,0.0,0.0
7147,-331.5539177298863,-33.15539177298863,0.0,0.0,761.5841343421673,53.25650643567156,1430.030216612281,0.0,0.0
7148,-331.5539177298863,-33.15539177298863,0.0,0.0,761.5841343421673,53.25650643567156,1430.030216612281,0.0,0.0
7149,-331.5539177298863,-33.15539177298863,0.0,0.0,761.5841343421673,53.25650643567156,1430.030216612281,0.0,0.0
7150,-331.5539177298863,-33.15539177298863,0.0,0.0,761.5841343421673,53.25650643567156,1430.030216612281,0.0,0.0
7151,-331.5539177298863,-33.15539177298863,0.0,0.0,761.5841343421673,53.25650643567156,1430.030216612281,0.0,0.0
7152,-331.5539177298863,-33.15539177298863,0.0,0.0,761.5841343421673,53.25650643567156,1430.030216612281,0.0,0.0
7153,-331.5539177298863,-33.15539177298863,0.0,0.0,761.5841343421673,53.25650643567156,1430.030216612281,0.0,0.0
7154,-331.5539177298863,-33.15539177298863,0.0,0.0,761.5841343421673,53.25650643567156,1430.030216612281,0.0,0.0
7155,-332.22169603385237,-33.22216960338523,-0.6677783039660881,-0.09990009990009652,762.2519126461334,53.30320323243911,1430.030216612281,0.0,0.0
7156,-334.3187005548508,-33.43187005548508,-2.097004520998439,-0.3140270518738997,764.3489171671318,53.449843806647834,1430.030216612281,0.0,-2.097004520998439
7157,-373.2297202515799,-37.322972025157995,-38.91101969672911,-5.845292594092966,803.259936863861,56.170836639156555,1430.030216612281,0.0,-41.00802421772755
7158,-388.60772377807234,-38.86077237780723,-15.37800352649242,-2.453531066065384,818.6379403903534,57.2461987782114,1430.030216612281,0.0,-56.38602774421997
7159,-389.0737346585705,-38.907373465857056,-0.46601088049817463,-0.07622125738615537,819.1039512708516,57.27878626308301,1430.030216612281,0.0,-56.85203862471815
7160,-388.8407292183215,-38.88407292183215,0.23300544024903047,0.03813969925139382,818.8709458306025,57.262492520647214,1430.030216612281,0.0,-56.85203862471815
7161,-400.4907345833153,-40.04907345833153,-11.65000536499383,-1.9062142917497416,830.5209511955964,58.07716099615624,1430.030216612281,0.0,-68.26903854946295
7162,-414.12518942041163,-41.41251894204117,-13.634454837096314,-2.2742692437988876,844.1554060326927,59.03059922974799,1430.030216612281,0.0,-81.90349338655926
7163,-414.12518942041163,-41.41251894204117,0.0,0.0,844.1554060326927,59.03059922974799,1430.030216612281,0.0,0.0
7164,-414.12518942041163,-41.41251894204117,0.0,0.0,844.1554060326927,59.03059922974799,1430.030216612281,0.0,0.0
7165,-414.12518942041163,-41.41251894204117,0.0,0.0,844.1554060326927,59.03059922974799,1430.030216612281,0.0,0.0
7166,-414.12518942041163,-41.41251894204117,0.0,0.0,844.1554060326927,59.03059922974799,1430.030216612281,0.0,0.0
7167,-414.12518942041163,-41.41251894204117,0.0,0.0,844.1554060326927,59.03059922974799,1430.030216612281,0.0,0.0
7168,-414.12518942041163,-41.41251894204117,0.0,0.0,844.1554060326927,59.03059922974799,1430.030216612281,0.0,0.0
7169,-414.12518942041163,-41.41251894204117,0.0,0.0,844.1554060326927,59.03059922974799,1430.030216612281,0.0,0.0
7170,-414.7104789414701,-41.471047894147006,-0.5852895210584848,-0.09990009990009652,844.7406955537512,59.07152770204595,1430.030216612281,0.0,0.0
7171,-410.16592133215465,-41.01659213321547,4.544557609315461,0.7764631769071162,840.1961379444357,58.7537331857817,1430.030216612281,4.544557609315461,0.0
7172,-419.8357359386382,-41.983573593863824,-9.669814606483556,-1.6394126681054222,849.8659525509192,59.429929709054555,1430.030216612281,4.544557609315461,-5.125256997168094
7173,-419.8357359386382,-41.983573593863824,0.0,0.0,849.8659525509192,59.429929709054555,1430.030216612281,0.0,0.0
7174,-419.8357359386382,-41.983573593863824,0.0,0.0,849.8659525509192,59.429929709054555,1430.030216612281,0.0,0.0
7175,-419.8357359386382,-41.983573593863824,0.0,0.0,849.8659525509192,59.429929709054555,1430.030216612281,0.0,0.0
7176,-419.8357359386382,-41.983573593863824,0.0,0.0,849.8659525509192,59.429929709054555,1430.030216612281,0.0,0.0
7177,-419.8357359386382,-41.983573593863824,0.0,0.0,849.8659525509192,59.429929709054555,1430.030216612281,0.0,0.0
7178,-419.8357359386382,-41.983573593863824,0.0,0.0,849.8659525509192,59.429929709054555,1430.030216612281,0.0,0.0
7179,-419.8357359386382,-41.983573593863824,0.0,0.0,849.8659525509192,59.429929709054555,1430.030216612281,0.0,0.0
7180,-419.8357359386382,-41.983573593863824,0.0,0.0,849.8659525509192,59.429929709054555,1430.030216612281,0.0,0.0
7181,-419.8357359386382,-41.983573593863824,0.0,0.0,849.8659525509192,59.429929709054555,1430.030216612281,0.0,0.0
7182,-419.8357359386382,-41.983573593863824,0.0,0.0,849.8659525509192,59.429929709054555,1430.030216612281,0.0,0.0
7183,-419.8357359386382,-41.983573593863824,0.0,0.0,849.8659525509192,59.429929709054555,1430.030216612281,0.0,0.0
7184,-419.8357359386382,-41.983573593863824,0.0,0.0,849.8659525509192,59.429929709054555,1430.030216612281,0.0,0.0
7185,-419.8357359386382,-41.983573593863824,0.0,0.0,849.8659525509192,59.429929709054555,1430.030216612281,0.0,0.0
7186,-419.8357359386382,-41.983573593863824,0.0,0.0,849.8659525509192,59.429929709054555,1430.030216612281,0.0,0.0
7187,-419.8357359386382,-41.983573593863824,0.0,0.0,849.8659525509192,59.429929709054555,1430.030216612281,0.0,0.0
7188,-419.8357359386382,-41.983573593863824,0.0,0.0,849.8659525509192,59.429929709054555,1430.030216612281,0.0,0.0
7189,-419.8357359386382,-41.983573593863824,0.0,0.0,849.8659525509192,59.429929709054555,1430.030216612281,0.0,0.0
7190,-419.8357359386382,-41.983573593863824,0.0,0.0,849.8659525509192,59.429929709054555,1430.030216612281,0.0,0.0
7191,-419.8357359386382,-41.983573593863824,0.0,0.0,849.8659525509192,59.429929709054555,1430.030216612281,0.0,0.0
7192,-419.8357359386382,-41.983573593863824,0.0,0.0,849.8659525509192,59.429929709054555,1430.030216612281,0.0,0.0
7193,-419.8357359386382,-41.983573593863824,0.0,0.0,849.8659525509192,59.429929709054555,1430.030216612281,0.0,0.0
7194,-419.8357359386382,-41.983573593863824,0.0,0.0,849.8659525509192,59.429929709054555,1430.030216612281,0.0,0.0
7195,-419.8357359386382,-41.983573593863824,0.0,0.0,849.8659525509192,59.429929709054555,1430.030216612281,0.0,0.0
7196,-419.8357359386382,-41.983573593863824,0.0,0.0,849.8659525509192,59.429929709054555,1430.030216612281,0.0,0.0
7197,-419.8357359386382,-41.983573593863824,0.0,0.0,849.8659525509192,59.429929709054555,1430.030216612281,0.0,0.0
7198,-419.8357359386382,-41.983573593863824,0.0,0.0,849.8659525509192,59.429929709054555,1430.030216612281,0.0,0.0
7199,-419.8357359386382,-41.983573593863824,0.0,0.0,849.8659525509192,59.429929709054555,1430.030216612281,0.0,0.0
7200,-419.8357359386382,-41.983573593863824,0.0,0.0,849.8659525509192,59.429929709054555,1430.030216612281,0.0,0.0
7201,-419.8357359386382,-41.983573593863824,0.0,0.0,849.8659525509192,59.429929709054555,1430.030216612281,0.0,0.0
7202,-419.8357359386382,-41.983573593863824,0.0,0.0,849.8659525509192,59.429929709054555,1430.030216612281,0.0,0.0
7203,-419.8357359386382,-41.983573593863824,0.0,0.0,849.8659525509192,59.429929709054555,1430.030216612281,0.0,0.0
7204,-419.8357359386382,-41.983573593863824,0.0,0.0,849.8659525509192,59.429929709054555,1430.030216612281,0.0,0.0
7205,-419.8357359386382,-41.983573593863824,0.0,0.0,849.8659525509192,59.429929709054555,1430.030216612281,0.0,0.0
7206,-419.8357359386382,-41.983573593863824,0.0,0.0,849.8659525509192,59.429929709054555,1430.030216612281,0.0,0.0
7207,-419.8357359386382,-41.983573593863824,0.0,0.0,849.8659525509192,59.429929709054555,1430.030216612281,0.0,0.0
7208,-419.8357359386382,-41.983573593863824,0.0,0.0,849.8659525509192,59.429929709054555,1430.030216612281,0.0,0.0
7209,-419.8357359386382,-41.983573593863824,0.0,0.0,849.8659525509192,59.429929709054555,1430.030216612281,0.0,0.0
7210,-419.8357359386382,-41.983573593863824,0.0,0.0,849.8659525509192,59.429929709054555,1430.030216612281,0.0,0.0
7211,-419.8357359386382,-41.983573593863824,0.0,0.0,849.8659525509192,59.429929709054555,1430.030216612281,0.0,0.0
7212,-419.8357359386382,-41.983573593863824,0.0,0.0,849.8659525509192,59.429929709054555,1430.030216612281,0.0,0.0
7213,-419.8357359386382,-41.983573593863824,0.0,0.0,849.8659525509192,59.429929709054555,1430.030216612281,0.0,0.0
7214,-419.8357359386382,-41.983573593863824,0.0,0.0,849.8659525509192,59.429929709054555,1430.030216612281,0.0,0.0
7215,-419.8357359386382,-41.983573593863824,0.0,0.0,849.8659525509192,59.429929709054555,1430.030216612281,0.0,0.0
7216,-419.8357359386382,-41.983573593863824,0.0,0.0,849.8659525509192,59.429929709054555,1430.030216612281,0.0,0.0
7217,-419.8357359386382,-41.983573593863824,0.0,0.0,849.8659525509192,59.429929709054555,1430.030216612281,0.0,0.0
7218,-419.8357359386382,-41.983573593863824,0.0,0.0,849.8659525509192,59.429929709054555,1430.030216612281,0.0,0.0
7219,-419.8357359386382,-41.983573593863824,0.0,0.0,849.8659525509192,59.429929709054555,1430.030216612281,0.0,0.0
7220,-419.8357359386382,-41.983573593863824,0.0,0.0,849.8659525509192,59.429929709054555,1430.030216612281,0.0,0.0
7221,-419.8357359386382,-41.983573593863824,0.0,0.0,849.8659525509192,59.429929709054555,1430.030216612281,0.0,0.0
7222,-419.8357359386382,-41.983573593863824,0.0,0.0,849.8659525509192,59.429929709054555,1430.030216612281,0.0,0.0
7223,-419.8357359386382,-41.983573593863824,0.0,0.0,849.8659525509192,59.429929709054555,1430.030216612281,0.0,0.0
7224,-419.8357359386382,-41.983573593863824,0.0,0.0,849.8659525509192,59.429929709054555,1430.030216612281,0.0,0.0
7225,-419.8357359386382,-41.983573593863824,0.0,0.0,849.8659525509192,59.429929709054555,1430.030216612281,0.0,0.0
7226,-419.8357359386382,-41.983573593863824,0.0,0.0,849.8659525509192,59.429929709054555,1430.030216612281,0.0,0.0
7227,-419.8357359386382,-41.983573593863824,0.0,0.0,849.8659525509192,59.429929709054555,1430.030216612281,0.0,0.0
7228,-419.8357359386382,-41.983573593863824,0.0,0.0,849.8659525509192,59.429929709054555,1430.030216612281,0.0,0.0
7229,-419.8357359386382,-41.983573593863824,0.0,0.0,849.8659525509192,59.429929709054555,1430.030216612281,0.0,0.0
7230,-419.8357359386382,-41.983573593863824,0.0,0.0,849.8659525509192,59.429929709054555,1430.030216612281,0.0,0.0
7231,-419.8357359386382,-41.983573593863824,0.0,0.0,849.8659525509192,59.429929709054555,1430.030216612281,0.0,0.0
7232,-419.8357359386382,-41.983573593863824,0.0,0.0,849.8659525509192,59.429929709054555,1430.030216612281,0.0,0.0
7233,-419.8357359386382,-41.983573593863824,0.0,0.0,849.8659525509192,59.429929709054555,1430.030216612281,0.0,0.0
7234,-419.8357359386382,-41.983573593863824,0.0,0.0,849.8659525509192,59.429929709054555,1430.030216612281,0.0,0.0
7235,-419.8357359386382,-41.983573593863824,0.0,0.0,849.8659525509192,59.429929709054555,1430.030216612281,0.0,0.0
7236,-419.8357359386382,-41.983573593863824,0.0,0.0,849.8659525509192,59.429929709054555,1430.030216612281,0.0,0.0
7237,-419.8357359386382,-41.983573593863824,0.0,0.0,849.8659525509192,59.429929709054555,1430.030216612281,0.0,0.0
7238,-419.8357359386382,-41.983573593863824,0.0,0.0,849.8659525509192,59.429929709054555,1430.030216612281,0.0,0.0
7239,-419.8357359386382,-41.983573593863824,0.0,0.0,849.8659525509192,59.429929709054555,1430.030216612281,0.0,0.0
7240,-419.8357359386382,-41.983573593863824,0.0,0.0,849.8659525509192,59.429929709054555,1430.030216612281,0.0,0.0
7241,-419.8357359386382,-41.983573593863824,0.0,0.0,849.8659525509192,59.429929709054555,1430.030216612281,0.0,0.0
7242,-420.41532061802013,-42.04153206180201,-0.5795846793819237,-0.09990009990008542,850.4455372303012,59.470459249804755,1430.030216612281,0.0,0.0
7243,-404.2419049794918,-40.424190497949176,16.173415638528354,2.790518144091436,834.2721215917728,58.33947506145362,1430.030216612281,16.173415638528354,0.0
7244,-406.90052664876873,-40.69005266487687,-2.658621669276954,-0.44625858909822513,836.9307432610498,58.52538873225529,1430.030216612281,16.173415638528354,0.0
7245,-389.61935902437995,-38.96193590243799,17.281167624388786,2.9137047663765125,819.649575636661,57.31694100691088,1430.030216612281,30.795961593640186,0.0
7246,-406.01433351168623,-40.60143335116862,-16.394974487306285,-2.686024651945196,836.0445501239673,58.463418493669565,1430.030216612281,30.795961593640186,0.0
7247,-408.45139633218525,-40.84513963321853,-2.4370628204990226,-0.41028983660618135,838.4816129444663,58.633838866063684,1430.030216612281,30.795961593640186,0.0
7248,-407.1220854975468,-40.71220854975468,1.329310834638477,0.22471709448661503,837.1523021098278,58.54088203066284,1430.030216612281,30.795961593640186,0.0
7249,-397.37370744146233,-39.737370744146226,9.748378056084448,1.644247123670528,827.4039240537434,57.85919167595285,1430.030216612281,30.795961593640186,0.0
7250,-386.2960185507394,-38.629601855073936,11.077688890722925,1.8382352425565518,816.3262351630204,57.08454448584202,1430.030216612281,34.11930206728073,0.0
7251,-378.98474557318355,-37.89847455731835,7.311272977555859,1.1913354318298985,809.0149621854646,56.57327745857065,1430.030216612281,41.43057504483659,0.0
7252,-365.69155271073964,-36.56915527107396,13.293192862443902,2.140558185597752,795.7217693230207,55.64370319447326,1430.030216612281,54.72376790728049,0.0
7253,-355.72161580587726,-35.572161580587725,9.96993690486238,1.5717805662953444,785.7518324181583,54.9465195413557,1430.030216612281,64.69370481214287,0.0
7254,-360.8173425536827,-36.08173425536827,-5.095726747805429,-0.7909200235204694,790.8475591659637,55.302856539596,1430.030216612281,64.69370481214287,0.0
7255,-362.34187437084586,-36.234187437084586,-1.5245318171631652,-0.23851270046250095,792.3720909831269,55.40946490349301,1430.030216612281,64.69370481214287,0.0
7256,-362.34187437084586,-36.234187437084586,0.0,0.0,792.3720909831269,55.40946490349301,1430.030216612281,0.0,0.0
7257,-362.34187437084586,-36.234187437084586,0.0,0.0,792.3720909831269,55.40946490349301,1430.030216612281,0.0,0.0
7258,-362.34187437084586,-36.234187437084586,0.0,0.0,792.3720909831269,55.40946490349301,1430.030216612281,0.0,0.0
7259,-362.34187437084586,-36.234187437084586,0.0,0.0,792.3720909831269,55.40946490349301,1430.030216612281,0.0,0.0
7260,-362.34187437084586,-36.234187437084586,0.0,0.0,792.3720909831269,55.40946490349301,1430.030216612281,0.0,0.0
7261,-362.34187437084586,-36.234187437084586,0.0,0.0,792.3720909831269,55.40946490349301,1430.030216612281,0.0,0.0
7262,-362.34187437084586,-36.234187437084586,0.0,0.0,792.3720909831269,55.40946490349301,1430.030216612281,0.0,0.0
7263,-362.34187437084586,-36.234187437084586,0.0,0.0,792.3720909831269,55.40946490349301,1430.030216612281,0.0,0.0
7264,-362.34187437084586,-36.234187437084586,0.0,0.0,792.3720909831269,55.40946490349301,1430.030216612281,0.0,0.0
7265,-362.34187437084586,-36.234187437084586,0.0,0.0,792.3720909831269,55.40946490349301,1430.030216612281,0.0,0.0
7266,-362.34187437084586,-36.234187437084586,0.0,0.0,792.3720909831269,55.40946490349301,1430.030216612281,0.0,0.0
7267,-362.34187437084586,-36.234187437084586,0.0,0.0,792.3720909831269,55.40946490349301,1430.030216612281,0.0,0.0
7268,-362.34187437084586,-36.234187437084586,0.0,0.0,792.3720909831269,55.40946490349301,1430.030216612281,0.0,0.0
7269,-362.34187437084586,-36.234187437084586,0.0,0.0,792.3720909831269,55.40946490349301,1430.030216612281,0.0,0.0
7270,-362.97889547537045,-36.297889547537046,-0.6370211045245924,-0.09990009990009652,793.0091120876515,55.4540108926004,1430.030216612281,0.0,0.0
7271,-348.571333822306,-34.8571333822306,14.407561653064477,2.261708686059305,778.601550434587,54.44651038766731,1430.030216612281,14.407561653064477,0.0
7272,-314.19895039959397,-31.4198950399594,34.372383422712005,5.276461600069671,744.229167011875,52.04289800078086,1430.030216612281,48.77994507577648,0.0
7273,-308.8475176397401,-30.884751763974005,5.3514327598538785,0.7803185432527338,738.8777342520211,51.66867984107433,1430.030216612281,54.13137783563036,0.0
7274,-305.76022506146296,-30.576022506146295,3.087292578277129,0.4466876206150827,735.790441673744,51.45278981704456,1430.030216612281,57.21867041390749,0.0
7275,-320.7852687847153,-32.07852687847152,-15.025043723252338,-2.164244151033057,750.8154853969963,52.50346997391889,1430.030216612281,57.21867041390749,0.0
7276,-333.5462508414994,-33.35462508414994,-12.760982056784087,-1.8787846420750487,763.5764674537804,53.39582748556747,1430.030216612281,57.21867041390749,0.0
7277,-333.7521174557829,-33.37521174557829,-0.20586661428353636,-0.03088985762980112,763.782334068064,53.410223448106734,1430.030216612281,57.21867041390749,0.0
7278,-323.46098516464224,-32.34609851646423,10.291132291140684,1.5446401498255602,753.4912017769233,52.69057905377217,1430.030216612281,57.21867041390749,0.0
7279,-320.3736140712567,-32.03736140712567,3.0873710933855136,0.4563478270557475,750.4038306835378,52.4746835392914,1430.030216612281,57.21867041390749,0.0
7280,-306.5835344883802,-30.658353448838028,13.790079582876501,2.029067715496602,736.6137511006613,51.51036268629956,1430.030216612281,57.21867041390749,0.0
7281,-302.4670658689023,-30.246706586890227,4.116468619477928,0.5936502555417,732.4972824811833,51.22250383047554,1430.030216612281,60.511829606468154,0.0
7282,-295.88074748378085,-29.58807474837809,6.586318385121444,0.9442304531937173,725.9109640960619,50.761931857337494,1430.030216612281,67.0981479915896,0.0
7283,-301.64375644198503,-30.164375644198504,-5.763008958204182,-0.8184705840111106,731.6739730542661,51.164930961220534,1430.030216612281,67.0981479915896,0.0
7284,-298.5563853485994,-29.855638534859942,3.0873710933856273,0.44209114214486256,728.5866019608804,50.949035446739764,1430.030216612281,67.0981479915896,0.0
7285,-300.6146589158926,-30.06146589158927,-2.058273567293213,-0.2934339302976041,730.6448755281737,51.092967619877285,1430.030216612281,67.0981479915896,0.0
7286,-302.87872058236087,-30.287872058236086,-2.264061666468251,-0.32372163576644963,732.9089371946419,51.251290265103044,1430.030216612281,67.0981479915896,0.0
7287,-299.37969477551667,-29.93796947755166,3.4990258068442017,0.5019249749150134,729.4099113877977,51.00660831599476,1430.030216612281,67.0981479915896,0.0
7288,-301.64375644198503,-30.164375644198504,-2.264061666468365,-0.32315102054356615,731.6739730542661,51.164930961220534,1430.030216612281,67.0981479915896,0.0
7289,-307.20097730101395,-30.720097730101394,-5.5572208590289165,-0.7957573101538773,737.231193913295,51.553539593015316,1430.030216612281,67.0981479915896,0.0
7290,-310.69992459274977,-31.069992459274975,-3.498947291735817,-0.505045067486487,740.7301412050308,51.79821605167258,1430.030216612281,67.0981479915896,0.0
7291,-321.196923498174,-32.1196923498174,-10.49699890542422,-1.5228489419825464,751.227140110455,52.53225640854641,1430.030216612281,67.0981479915896,0.0
7292,-318.7270737325306,-31.87270737325306,2.469849765643403,0.36385364933400055,748.7572903448116,52.35954329123239,1430.030216612281,67.0981479915896,0.0
7293,-320.7852687847153,-32.07852687847152,-2.0581950521847148,-0.30211020764631114,750.8154853969963,52.50346997391889,1430.030216612281,67.0981479915896,0.0
7294,-323.8726398781009,-32.38726398781009,-3.0873710933856273,-0.4545500784209344,753.902856490382,52.719365488399674,1430.030216612281,67.0981479915896,0.0
7295,-325.93083493028564,-32.593083493028566,-2.0581950521847148,-0.3044093721948582,755.9610515425667,52.86329217108617,1430.030216612281,67.0981479915896,0.0
7296,-333.34046274232423,-33.33404627423242,-7.409627812038593,-1.0992385048902653,763.3706793546053,53.381437013479214,1430.030216612281,67.0981479915896,0.0
7297,-335.1928696953339,-33.51928696953339,-1.8524069530096767,-0.27786401446076026,765.223086307615,53.51097322407748,1430.030216612281,67.0981479915896,0.0
7298,-343.42576767673563,-34.34257676767356,-8.23289798140172,-1.2383889411097027,773.4559842890167,54.086688190500034,1430.030216612281,67.0981479915896,0.0
7299,-349.6004313483984,-34.960043134839836,-6.174663671662756,-0.9404364910596485,779.6306479606794,54.51847372901057,1430.030216612281,67.0981479915896,0.0
7300,-355.3634795641567,-35.53634795641567,-5.763048215758317,-0.886078111599331,785.3936961764377,54.92147557811911,1430.030216612281,67.0981479915896,0.0
7301,-352.0703203715959,-35.20703203715959,3.293159192560779,0.5108552010572254,782.100536983877,54.691189591550085,1430.030216612281,67.0981479915896,0.0
7302,-346.1014447991083,-34.61014447991083,5.968875572487605,0.9212227437876974,776.1316614113894,54.2737945251278,1430.030216612281,67.0981479915896,0.0
7303,-351.45283830140806,-35.145283830140805,-5.351393502299743,-0.8183828301403184,781.4830549136891,54.64800993960883,1430.030216612281,67.0981479915896,0.0
7304,-351.45283830140806,-35.145283830140805,0.0,0.0,781.4830549136891,54.64800993960883,1430.030216612281,67.0981479915896,0.0
7305,-343.21994032000634,-34.32199403200064,8.23289798140172,1.2694370537123634,773.2501569322874,54.07229497318629,1430.030216612281,67.0981479915896,0.0
7306,-336.83941003406005,-33.683941003406005,6.380530285946293,0.9714866022356272,766.8696266463411,53.626113472136495,1430.030216612281,67.0981479915896,0.0
7307,-330.2530916489387,-33.02530916489387,6.586318385121331,0.9931709581022519,760.2833082612198,53.16554149899846,1430.030216612281,67.0981479915896,0.0
7308,-335.1928696953339,-33.51928696953339,-4.93977804639519,-0.7375589173762798,765.223086307615,53.51097322407748,1430.030216612281,67.0981479915896,0.0
7309,-320.1678259720816,-32.01678259720816,15.025043723252338,2.2600605556632125,750.1980425843626,52.460293067203146,1430.030216612281,67.0981479915896,0.0
7310,-329.2239941228463,-32.92239941228463,-9.056168150764734,-1.3321182045721858,759.2542107351273,53.093578157655195,1430.030216612281,67.0981479915896,0.0
7311,-336.2219672214263,-33.622196722142625,-6.997973098580019,-1.04326526847498,766.2521838337074,53.58293656542074,1430.030216612281,67.0981479915896,0.0
7312,-349.6004313483984,-34.960043134839836,-13.378464126972062,-2.0155026931171327,779.6306479606794,54.51847372901057,1430.030216612281,67.0981479915896,0.0
7313,-354.74599749396873,-35.47459974939687,-5.145566145570342,-0.7911392309558285,784.7762141062498,54.878295926177856,1430.030216612281,67.0981479915896,0.0
7314,-352.2761477283253,-35.227614772832524,2.469849765643403,0.38277170789349224,782.3063643406064,54.70558280886384,1430.030216612281,67.0981479915896,0.0
7315,-364.4196869724757,-36.441968697247574,-12.143539244150361,-1.8748019239311575,794.4499035847567,55.55476341379667,1430.030216612281,67.0981479915896,-1.4407914971052378
7316,-358.2449840432587,-35.824498404325865,6.1747029292170055,0.9715063230647303,788.2752006555397,55.122975130060624,1430.030216612281,67.0981479915896,-1.4407914971052378
7317,-342.3966308930891,-34.239663089308905,15.8483531501696,2.469533195084206,772.4268475053701,54.01472210393128,1430.030216612281,67.0981479915896,-1.4407914971052378
7318,-341.77918808045536,-34.17791880804554,0.6174428126337261,0.09389289070587115,771.8094046927364,53.971545197215534,1430.030216612281,67.0981479915896,-1.4407914971052378
7319,-336.633621934885,-33.6633621934885,5.145566145570342,0.7817385978064806,766.663838547166,53.61172300004825,1430.030216612281,67.0981479915896,-1.4407914971052378
7320,-325.1075255033684,-32.51075255033684,11.526096431516635,1.737515920709698,755.1377421156494,52.805719301831175,1430.030216612281,67.0981479915896,-1.4407914971052378
7321,-321.8143663108077,-32.18143663108077,3.2931591925606654,0.4879531654308211,751.8445829230888,52.57543331526215,1430.030216612281,67.0981479915896,-1.4407914971052378
7322,-338.89768360135326,-33.88976836013533,-17.08331729054555,-2.5189736322805523,768.9279002136343,53.77004564527401,1430.030216612281,67.0981479915896,-1.4407914971052378
7323,-341.77918808045536,-34.17791880804554,-2.881504479102091,-0.435863618630028,771.8094046927364,53.971545197215534,1430.030216612281,67.0981479915896,-1.4407914971052378
7324,-324.9017374041932,-32.49017374041932,16.87745067626213,2.5641016465345556,754.9319540164743,52.79132882974292,1430.030216612281,67.0981479915896,-1.4407914971052378
7325,-313.3756409726767,-31.337564097267666,11.526096431516521,1.707321299746467,743.4058575849577,51.98532513152585,1430.030216612281,67.0981479915896,-1.4407914971052378
7326,-303.29037529581956,-30.32903752958196,10.085265676857148,1.468818509606029,733.3205919081006,51.28007669973055,1430.030216612281,67.0981479915896,-1.4407914971052378
7327,-295.6748808694973,-29.567488086949734,7.615494426322243,1.093065770342383,725.7050974817784,50.74753589479825,1430.030216612281,67.30401460587314,-1.4407914971052378
7328,-293.41081920302906,-29.3410819203029,2.264061666468251,0.3214512169128936,723.4410358153101,50.58921324957248,1430.030216612281,69.56807627234139,-1.4407914971052378
7329,-290.94096943738566,-29.094096943738567,2.469849765643403,0.34954536989337814,720.9711860496667,50.41650013225847,1430.030216612281,72.03792603798479,-1.4407914971052378
7330,-293.2050311038539,-29.32050311038539,-2.264061666468251,-0.3193051028024807,723.235247716135,50.57482277748423,1430.030216612281,72.03792603798479,-1.4407914971052378
7331,-280.649837146245,-28.064983714624503,12.555193957608935,1.7763558754835707,710.680053758526,49.696855737923904,1430.030216612281,82.32905832912547,-1.4407914971052378
7332,-290.94096943738566,-29.094096943738567,-10.291132291140684,-1.430615133291191,720.9711860496667,50.41650013225847,1430.030216612281,82.32905832912547,-1.4407914971052378
7333,-287.647810244825,-28.7647810244825,3.2931591925606654,0.4644407659468941,717.678026857106,50.18621414568945,1430.030216612281,82.32905832912547,-1.4407914971052378
7334,-290.529314723927,-29.052931472392697,-2.8815044791019773,-0.4045055971670819,720.559531336208,50.387713697630964,1430.030216612281,82.32905832912547,-1.4407914971052378
7335,-289.2944290986595,-28.929442909865955,1.2348856252674523,0.1740573149667135,719.3246457109406,50.30135988419946,1430.030216612281,82.32905832912547,-1.4407914971052378
7336,-290.94096943738566,-29.094096943738567,-1.6465403387261404,-0.23167685834204477,720.9711860496667,50.41650013225847,1430.030216612281,82.32905832912547,-1.4407914971052378
7337,-280.4440490470698,-28.044404904706987,10.496920390315836,1.4804014810990918,710.4742656593509,49.68246526583565,1430.030216612281,82.53484642830063,-1.4407914971052378
7338,-282.7081107135382,-28.27081107135382,-2.264061666468365,-0.3146470630213005,712.7383273258192,49.840787911061426,1430.030216612281,82.53484642830063,-1.4407914971052378
7339,-284.35465105226433,-28.43546510522643,-1.6465403387261404,-0.22954955483520667,714.3848676645454,49.955928159120425,1430.030216612281,82.53484642830063,-1.4407914971052378
7340,-282.7081107135382,-28.27081107135382,1.6465403387261404,0.23007769716483217,712.7383273258192,49.840787911061426,1430.030216612281,82.53484642830063,-1.4407914971052378
7341,-288.47111967174226,-28.84711196717422,-5.763008958204068,-0.8034398609939597,718.5013362840233,50.24378701494445,1430.030216612281,82.53484642830063,-1.4407914971052378
7342,-290.7351813382105,-29.073518133821054,-2.264061666468251,-0.31819673509579927,720.7653979504915,50.40210966017021,1430.030216612281,82.53484642830063,-1.4407914971052378
7343,-293.2050311038539,-29.32050311038539,-2.469849765643403,-0.34822674136063547,723.235247716135,50.57482277748423,1430.030216612281,82.53484642830063,-1.4407914971052378
7344,-307.20097730101395,-30.720097730101394,-13.995946197160038,-1.9801988996920206,737.231193913295,51.553539593015316,1430.030216612281,82.53484642830063,-1.4407914971052378
7345,-312.55233154575944,-31.255233154575947,-5.351354244745494,-0.7724252011640953,742.5825481580405,51.92775226227084,1430.030216612281,82.53484642830063,-1.4407914971052378
7346,-325.93083493028564,-32.593083493028566,-13.378503384526198,-1.9461122640227146,755.9610515425667,52.86329217108617,1430.030216612281,82.53484642830063,-1.4407914971052378
7347,-316.66880016523737,-31.666880016523734,9.26203476504827,1.3740481311128372,746.6990167775184,52.21561111809487,1430.030216612281,82.53484642830063,-1.4407914971052378
7348,-310.9057912070333,-31.09057912070333,5.763008958204068,0.8433697977785259,740.9360078193143,51.812612014211844,1430.030216612281,82.53484642830063,-1.4407914971052378
7349,-299.17390667634163,-29.91739066763416,11.731884530691673,1.702508072334763,729.2041232886227,50.992217843906516,1430.030216612281,82.53484642830063,-1.4407914971052378
7350,-312.963986259218,-31.296398625921807,-13.790079582876388,-1.9676892333556184,742.994202871499,51.95653869689835,1430.030216612281,82.53484642830063,-1.4407914971052378
7351,-318.7270737325306,-31.87270737325306,-5.7630874733125665,-0.8388333883596055,748.7572903448116,52.35954329123239,1430.030216612281,82.53484642830063,-1.4407914971052378
7352,-318.7914428523836,-31.879144285238358,-0.0643691198530405,-0.009448360175667858,748.8216594646647,52.36404453317157,1430.030216612281,82.53484642830063,-1.4407914971052378
7353,-318.7914428523836,-31.879144285238358,0.0,0.0,748.8216594646647,52.36404453317157,1430.030216612281,0.0,0.0
7354,-319.4719708815021,-31.947197088150215,-0.6805280291184772,-0.09990009990009652,749.5021874937831,52.4116329002713,1430.030216612281,0.0,0.0
7355,-318.2653332891257,-31.826533328912564,1.2066375923764099,0.17730902192807374,748.2955499014067,52.32725443201522,1430.030216612281,1.2066375923764099,0.0
7356,-316.45541525765907,-31.645541525765907,1.8099180314666228,0.2654871638255951,746.4856318699401,52.20068941188899,1430.030216612281,3.0165556238430327,0.0
7357,-316.25434734936107,-31.625434734936107,0.20106790829800048,0.029415478197925005,746.2845639616421,52.18662901610418,1430.030216612281,3.217623532141033,0.0
7358,-318.74620111544687,-31.874620111544683,-2.4918537660857965,-0.3644416248097193,748.7764177277279,52.36088084219419,1430.030216612281,3.217623532141033,0.0
7359,-318.74620111544687,-31.874620111544683,0.0,0.0,748.7764177277279,52.36088084219419,1430.030216612281,0.0,0.0
7360,-318.74620111544687,-31.874620111544683,0.0,0.0,748.7764177277279,52.36088084219419,1430.030216612281,0.0,0.0
7361,-318.74620111544687,-31.874620111544683,0.0,0.0,748.7764177277279,52.36088084219419,1430.030216612281,0.0,0.0
7362,-318.74620111544687,-31.874620111544683,0.0,0.0,748.7764177277279,52.36088084219419,1430.030216612281,0.0,0.0
7363,-318.74620111544687,-31.874620111544683,0.0,0.0,748.7764177277279,52.36088084219419,1430.030216612281,0.0,0.0
7364,-318.74620111544687,-31.874620111544683,0.0,0.0,748.7764177277279,52.36088084219419,1430.030216612281,0.0,0.0
7365,-318.74620111544687,-31.874620111544683,0.0,0.0,748.7764177277279,52.36088084219419,1430.030216612281,0.0,0.0
7366,-318.74620111544687,-31.874620111544683,0.0,0.0,748.7764177277279,52.36088084219419,1430.030216612281,0.0,0.0
7367,-318.74620111544687,-31.874620111544683,0.0,0.0,748.7764177277279,52.36088084219419,1430.030216612281,0.0,0.0
7368,-318.74620111544687,-31.874620111544683,0.0,0.0,748.7764177277279,52.36088084219419,1430.030216612281,0.0,0.0
7369,-318.74620111544687,-31.874620111544683,0.0,0.0,748.7764177277279,52.36088084219419,1430.030216612281,0.0,0.0
7370,-318.74620111544687,-31.874620111544683,0.0,0.0,748.7764177277279,52.36088084219419,1430.030216612281,0.0,0.0
7371,-319.42677434110567,-31.942677434110568,-0.6805732256588044,-0.09990009990008542,749.4569909533867,52.40847236982435,1430.030216612281,0.0,0.0
7372,-306.7519541669285,-30.675195416692848,12.67482017417717,1.8623742010870359,736.7821707792095,51.52214003733675,1430.030216612281,12.67482017417717,0.0
7373,-301.596142338537,-30.159614233853706,5.155811828391506,0.7437181914008661,731.626358950818,51.161601373992596,1430.030216612281,17.830632002568677,0.0
7374,-295.36612792492497,-29.5366127924925,6.230014413612025,0.8920360827433971,725.396344537206,50.72594523601456,1430.030216612281,24.060646416180703,0.0
7375,-305.6778335318596,-30.567783353185963,-10.311705606934652,-1.4634132725649063,735.7080501441407,51.44702829336162,1430.030216612281,24.060646416180703,0.0
7376,-301.38126904143235,-30.138126904143235,4.296564490427272,0.6188142476111436,731.4114856537134,51.14657558680232,1430.030216612281,24.060646416180703,0.0
7377,-290.4251074434867,-29.04251074434867,10.956161597945652,1.5682604992443894,720.4553240557677,50.380426629201935,1430.030216612281,29.001666897618975,0.0
7378,-297.51436919506295,-29.75143691950629,-7.0892617515762595,-0.9990857661316799,727.544585807344,50.876168723964845,1430.030216612281,29.001666897618975,0.0
7379,-315.13025082575416,-31.513025082575417,-17.615881630691206,-2.507650101042802,745.1604674380352,52.10802252859443,1430.030216612281,29.001666897618975,0.0
7380,-322.4343448993593,-32.24343448993593,-7.3040940736051425,-1.0664938964542903,752.4645615116403,52.61878754521824,1430.030216612281,29.001666897618975,-3.007570558253633
7381,-309.32986008112437,-30.93298600811244,13.104484818234937,1.9340538764894388,739.3600766934054,51.70240936900884,1430.030216612281,29.001666897618975,-3.007570558253633
7382,-315.13025082575416,-31.513025082575417,-5.800390744629794,-0.8398206914390527,745.1604674380352,52.10802252859443,1430.030216612281,29.001666897618975,-3.007570558253633
7383,-319.42677434110567,-31.942677434110568,-4.29652351535151,-0.6273489989201408,749.4569909533867,52.40847236982435,1430.030216612281,29.001666897618975,-3.007570558253633
7384,-314.0560892156095,-31.405608921560958,5.370685125496152,0.7891414065395397,744.0863058278906,52.032907919289926,1430.030216612281,29.001666897618975,-3.007570558253633
7385,-325.0122917886308,-32.50122917886308,-10.9562025730213,-1.5972446727448464,755.0425084009119,52.79905974221969,1430.030216612281,29.001666897618975,-5.585517447525149
7386,-343.27262941033314,-34.32726294103331,-18.26033762170232,-2.705284466600122,773.3028460226142,54.07597944710262,1430.030216612281,29.001666897618975,-23.84585506922747
7387,-333.17571515035183,-33.31757151503518,10.096914259981304,1.5374590297516422,763.2059317626329,53.3699164462871,1430.030216612281,29.001666897618975,-23.84585506922747
7388,-326.7309093897867,-32.67309093897867,6.444805760565146,0.9664923589305596,756.7611260020677,52.91924025177753,1430.030216612281,29.001666897618975,-23.84585506922747
7389,-329.3088562790581,-32.9308856279058,-2.577946889271402,-0.3828999318734372,759.3390728913391,53.099512448778974,1430.030216612281,29.001666897618975,-23.84585506922747
7390,-329.0940239570292,-32.90940239570293,0.21483232202888303,0.032031483349692635,759.1242405693102,53.08448952691808,1430.030216612281,29.001666897618975,-23.84585506922747
7391,-330.81264155818496,-33.0812641558185,-1.7186176011557563,-0.25616370438257263,760.842858170466,53.20467003647592,1430.030216612281,29.001666897618975,-23.84585506922747
7392,-328.01986234688457,-32.80198623468845,2.792779211300399,0.41733890756743275,758.0500789591656,53.00937491761357,1430.030216612281,29.001666897618975,-23.84585506922747
7393,-321.1453919422614,-32.11453919422615,6.874470404623139,1.023016904730567,751.1756085545425,52.5286528793822,1430.030216612281,29.001666897618975,-23.84585506922747
7394,-335.53882971759435,-33.55388297175943,-14.393437775332927,-2.1202533803981627,765.5690463298754,53.535165721427646,1430.030216612281,29.001666897618975,-23.84585506922747
7395,-346.92469693467365,-34.692469693467366,-11.385867217079294,-1.7135489214877841,776.9549135469547,54.33136338807921,1430.030216612281,29.001666897618975,-27.497922593567978
7396,-343.702294054391,-34.370229405439105,3.2224028802826297,0.49341980398855956,773.732510666672,54.10602529082442,1430.030216612281,29.001666897618975,-27.497922593567978
7397,-354.22883198335455,-35.422883198335455,-10.526537928963535,-1.603927277758288,784.2590485956356,54.84213127003238,1430.030216612281,29.001666897618975,-34.80205764224888
7398,-348.8581468578584,-34.885814685785846,5.370685125496152,0.8316700081224093,778.8883634701394,54.466566819497956,1430.030216612281,29.001666897618975,-34.80205764224888
7399,-347.3543615787315,-34.73543615787315,1.5037852791268733,0.23094587943781608,777.3845781910126,54.36140923180102,1430.030216612281,29.001666897618975,-34.80205764224888
7400,-353.7991673392967,-35.379916733929676,-6.444805760565146,-0.9874892868593999,783.8293839515777,54.812085426310574,1430.030216612281,29.001666897618975,-34.80205764224888
7401,-350.79159678104304,-35.0791596781043,3.007570558253633,0.46542350400109456,780.8218133933241,54.601770250916694,1430.030216612281,29.001666897618975,-34.80205764224888
7402,-372.059504960999,-37.2059504960999,-21.267908179955953,-3.275975491768701,802.08972157328,56.08900513119352,1430.030216612281,29.001666897618975,-52.63273061989332
7403,-377.62352491699494,-37.76235249169949,-5.564019955995946,-0.8860743971688567,807.653741529276,56.47808921426814,1430.030216612281,29.001666897618975,-58.19675057588927
7404,-377.62352491699494,-37.76235249169949,0.0,0.0,807.653741529276,56.47808921426814,1430.030216612281,0.0,0.0
7405,-377.62352491699494,-37.76235249169949,0.0,0.0,807.653741529276,56.47808921426814,1430.030216612281,0.0,0.0
7406,-377.62352491699494,-37.76235249169949,0.0,0.0,807.653741529276,56.47808921426814,1430.030216612281,0.0,0.0
7407,-377.62352491699494,-37.76235249169949,0.0,0.0,807.653741529276,56.47808921426814,1430.030216612281,0.0,0.0
7408,-377.62352491699494,-37.76235249169949,0.0,0.0,807.653741529276,56.47808921426814,1430.030216612281,0.0,0.0
7409,-377.62352491699494,-37.76235249169949,0.0,0.0,807.653741529276,56.47808921426814,1430.030216612281,0.0,0.0
7410,-377.62352491699494,-37.76235249169949,0.0,0.0,807.653741529276,56.47808921426814,1430.030216612281,0.0,0.0
7411,-377.62352491699494,-37.76235249169949,0.0,0.0,807.653741529276,56.47808921426814,1430.030216612281,0.0,0.0
7412,-377.62352491699494,-37.76235249169949,0.0,0.0,807.653741529276,56.47808921426814,1430.030216612281,0.0,0.0
7413,-377.62352491699494,-37.76235249169949,0.0,0.0,807.653741529276,56.47808921426814,1430.030216612281,0.0,0.0
7414,-377.62352491699494,-37.76235249169949,0.0,0.0,807.653741529276,56.47808921426814,1430.030216612281,0.0,0.0
7415,-377.62352491699494,-37.76235249169949,0.0,0.0,807.653741529276,56.47808921426814,1430.030216612281,0.0,0.0
7416,-377.62352491699494,-37.76235249169949,0.0,0.0,807.653741529276,56.47808921426814,1430.030216612281,0.0,0.0
7417,-377.62352491699494,-37.76235249169949,0.0,0.0,807.653741529276,56.47808921426814,1430.030216612281,0.0,0.0
7418,-377.62352491699494,-37.76235249169949,0.0,0.0,807.653741529276,56.47808921426814,1430.030216612281,0.0,0.0
7419,-377.62352491699494,-37.76235249169949,0.0,0.0,807.653741529276,56.47808921426814,1430.030216612281,0.0,0.0
7420,-377.62352491699494,-37.76235249169949,0.0,0.0,807.653741529276,56.47808921426814,1430.030216612281,0.0,0.0
7421,-377.62352491699494,-37.76235249169949,0.0,0.0,807.653741529276,56.47808921426814,1430.030216612281,0.0,0.0
7422,-377.62352491699494,-37.76235249169949,0.0,0.0,807.653741529276,56.47808921426814,1430.030216612281,0.0,0.0
7423,-377.62352491699494,-37.76235249169949,0.0,0.0,807.653741529276,56.47808921426814,1430.030216612281,0.0,0.0
7424,-377.62352491699494,-37.76235249169949,0.0,0.0,807.653741529276,56.47808921426814,1430.030216612281,0.0,0.0
7425,-377.62352491699494,-37.76235249169949,0.0,0.0,807.653741529276,56.47808921426814,1430.030216612281,0.0,0.0
7426,-377.62352491699494,-37.76235249169949,0.0,0.0,807.653741529276,56.47808921426814,1430.030216612281,0.0,0.0
7427,-377.62352491699494,-37.76235249169949,0.0,0.0,807.653741529276,56.47808921426814,1430.030216612281,0.0,0.0
7428,-377.62352491699494,-37.76235249169949,0.0,0.0,807.653741529276,56.47808921426814,1430.030216612281,0.0,0.0
7429,-377.62352491699494,-37.76235249169949,0.0,0.0,807.653741529276,56.47808921426814,1430.030216612281,0.0,0.0
7430,-377.62352491699494,-37.76235249169949,0.0,0.0,807.653741529276,56.47808921426814,1430.030216612281,0.0,0.0
7431,-377.62352491699494,-37.76235249169949,0.0,0.0,807.653741529276,56.47808921426814,1430.030216612281,0.0,0.0
7432,-377.62352491699494,-37.76235249169949,0.0,0.0,807.653741529276,56.47808921426814,1430.030216612281,0.0,0.0
7433,-377.62352491699494,-37.76235249169949,0.0,0.0,807.653741529276,56.47808921426814,1430.030216612281,0.0,0.0
7434,-377.62352491699494,-37.76235249169949,0.0,0.0,807.653741529276,56.47808921426814,1430.030216612281,0.0,0.0
7435,-377.62352491699494,-37.76235249169949,0.0,0.0,807.653741529276,56.47808921426814,1430.030216612281,0.0,0.0
7436,-377.62352491699494,-37.76235249169949,0.0,0.0,807.653741529276,56.47808921426814,1430.030216612281,0.0,0.0
7437,-377.62352491699494,-37.76235249169949,0.0,0.0,807.653741529276,56.47808921426814,1430.030216612281,0.0,0.0
7438,-377.62352491699494,-37.76235249169949,0.0,0.0,807.653741529276,56.47808921426814,1430.030216612281,0.0,0.0
7439,-377.62352491699494,-37.76235249169949,0.0,0.0,807.653741529276,56.47808921426814,1430.030216612281,0.0,0.0
7440,-377.62352491699494,-37.76235249169949,0.0,0.0,807.653741529276,56.47808921426814,1430.030216612281,0.0,0.0
7441,-377.62352491699494,-37.76235249169949,0.0,0.0,807.653741529276,56.47808921426814,1430.030216612281,0.0,0.0
7442,-377.62352491699494,-37.76235249169949,0.0,0.0,807.653741529276,56.47808921426814,1430.030216612281,0.0,0.0
7443,-377.62352491699494,-37.76235249169949,0.0,0.0,807.653741529276,56.47808921426814,1430.030216612281,0.0,0.0
7444,-377.62352491699494,-37.76235249169949,0.0,0.0,807.653741529276,56.47808921426814,1430.030216612281,0.0,0.0
7445,-377.62352491699494,-37.76235249169949,0.0,0.0,807.653741529276,56.47808921426814,1430.030216612281,0.0,0.0
7446,-377.62352491699494,-37.76235249169949,0.0,0.0,807.653741529276,56.47808921426814,1430.030216612281,0.0,0.0
7447,-377.62352491699494,-37.76235249169949,0.0,0.0,807.653741529276,56.47808921426814,1430.030216612281,0.0,0.0
7448,-377.62352491699494,-37.76235249169949,0.0,0.0,807.653741529276,56.47808921426814,1430.030216612281,0.0,0.0
7449,-377.62352491699494,-37.76235249169949,0.0,0.0,807.653741529276,56.47808921426814,1430.030216612281,0.0,0.0
7450,-377.62352491699494,-37.76235249169949,0.0,0.0,807.653741529276,56.47808921426814,1430.030216612281,0.0,0.0
7451,-377.62352491699494,-37.76235249169949,0.0,0.0,807.653741529276,56.47808921426814,1430.030216612281,0.0,0.0
7452,-377.62352491699494,-37.76235249169949,0.0,0.0,807.653741529276,56.47808921426814,1430.030216612281,0.0,0.0
7453,-377.62352491699494,-37.76235249169949,0.0,0.0,807.653741529276,56.47808921426814,1430.030216612281,0.0,0.0
7454,-377.62352491699494,-37.76235249169949,0.0,0.0,807.653741529276,56.47808921426814,1430.030216612281,0.0,0.0
7455,-377.62352491699494,-37.76235249169949,0.0,0.0,807.653741529276,56.47808921426814,1430.030216612281,0.0,0.0
7456,-377.62352491699494,-37.76235249169949,0.0,0.0,807.653741529276,56.47808921426814,1430.030216612281,0.0,0.0
7457,-377.62352491699494,-37.76235249169949,0.0,0.0,807.653741529276,56.47808921426814,1430.030216612281,0.0,0.0
7458,-377.62352491699494,-37.76235249169949,0.0,0.0,807.653741529276,56.47808921426814,1430.030216612281,0.0,0.0
7459,-377.62352491699494,-37.76235249169949,0.0,0.0,807.653741529276,56.47808921426814,1430.030216612281,0.0,0.0
7460,-377.62352491699494,-37.76235249169949,0.0,0.0,807.653741529276,56.47808921426814,1430.030216612281,0.0,0.0
7461,-377.62352491699494,-37.76235249169949,0.0,0.0,807.653741529276,56.47808921426814,1430.030216612281,0.0,0.0
7462,-377.62352491699494,-37.76235249169949,0.0,0.0,807.653741529276,56.47808921426814,1430.030216612281,0.0,0.0
7463,-377.62352491699494,-37.76235249169949,0.0,0.0,807.653741529276,56.47808921426814,1430.030216612281,0.0,0.0
7464,-377.62352491699494,-37.76235249169949,0.0,0.0,807.653741529276,56.47808921426814,1430.030216612281,0.0,0.0
7465,-377.62352491699494,-37.76235249169949,0.0,0.0,807.653741529276,56.47808921426814,1430.030216612281,0.0,0.0
7466,-377.62352491699494,-37.76235249169949,0.0,0.0,807.653741529276,56.47808921426814,1430.030216612281,0.0,0.0
7467,-377.62352491699494,-37.76235249169949,0.0,0.0,807.653741529276,56.47808921426814,1430.030216612281,0.0,0.0
7468,-377.62352491699494,-37.76235249169949,0.0,0.0,807.653741529276,56.47808921426814,1430.030216612281,0.0,0.0
7469,-377.62352491699494,-37.76235249169949,0.0,0.0,807.653741529276,56.47808921426814,1430.030216612281,0.0,0.0
7470,-377.62352491699494,-37.76235249169949,0.0,0.0,807.653741529276,56.47808921426814,1430.030216612281,0.0,0.0
7471,-377.62352491699494,-37.76235249169949,0.0,0.0,807.653741529276,56.47808921426814,1430.030216612281,0.0,0.0
7472,-377.62352491699494,-37.76235249169949,0.0,0.0,807.653741529276,56.47808921426814,1430.030216612281,0.0,0.0
7473,-377.62352491699494,-37.76235249169949,0.0,0.0,807.653741529276,56.47808921426814,1430.030216612281,0.0,0.0
7474,-377.62352491699494,-37.76235249169949,0.0,0.0,807.653741529276,56.47808921426814,1430.030216612281,0.0,0.0
7475,-377.62352491699494,-37.76235249169949,0.0,0.0,807.653741529276,56.47808921426814,1430.030216612281,0.0,0.0
7476,-377.62352491699494,-37.76235249169949,0.0,0.0,807.653741529276,56.47808921426814,1430.030216612281,0.0,0.0
7477,-377.62352491699494,-37.76235249169949,0.0,0.0,807.653741529276,56.47808921426814,1430.030216612281,0.0,0.0
7478,-377.62352491699494,-37.76235249169949,0.0,0.0,807.653741529276,56.47808921426814,1430.030216612281,0.0,0.0
7479,-377.62352491699494,-37.76235249169949,0.0,0.0,807.653741529276,56.47808921426814,1430.030216612281,0.0,0.0
7480,-377.62352491699494,-37.76235249169949,0.0,0.0,807.653741529276,56.47808921426814,1430.030216612281,0.0,0.0
7481,-377.62352491699494,-37.76235249169949,0.0,0.0,807.653741529276,56.47808921426814,1430.030216612281,0.0,0.0
7482,-377.62352491699494,-37.76235249169949,0.0,0.0,807.653741529276,56.47808921426814,1430.030216612281,0.0,0.0
7483,-377.62352491699494,-37.76235249169949,0.0,0.0,807.653741529276,56.47808921426814,1430.030216612281,0.0,0.0
7484,-377.62352491699494,-37.76235249169949,0.0,0.0,807.653741529276,56.47808921426814,1430.030216612281,0.0,0.0
7485,-377.62352491699494,-37.76235249169949,0.0,0.0,807.653741529276,56.47808921426814,1430.030216612281,0.0,0.0
7486,-377.62352491699494,-37.76235249169949,0.0,0.0,807.653741529276,56.47808921426814,1430.030216612281,0.0,0.0
7487,-377.62352491699494,-37.76235249169949,0.0,0.0,807.653741529276,56.47808921426814,1430.030216612281,0.0,0.0
7488,-377.62352491699494,-37.76235249169949,0.0,0.0,807.653741529276,56.47808921426814,1430.030216612281,0.0,0.0
7489,-377.62352491699494,-37.76235249169949,0.0,0.0,807.653741529276,56.47808921426814,1430.030216612281,0.0,0.0
7490,-377.62352491699494,-37.76235249169949,0.0,0.0,807.653741529276,56.47808921426814,1430.030216612281,0.0,0.0
7491,-377.62352491699494,-37.76235249169949,0.0,0.0,807.653741529276,56.47808921426814,1430.030216612281,0.0,0.0
7492,-377.62352491699494,-37.76235249169949,0.0,0.0,807.653741529276,56.47808921426814,1430.030216612281,0.0,0.0
7493,-377.62352491699494,-37.76235249169949,0.0,0.0,807.653741529276,56.47808921426814,1430.030216612281,0.0,0.0
7494,-377.62352491699494,-37.76235249169949,0.0,0.0,807.653741529276,56.47808921426814,1430.030216612281,0.0,0.0
7495,-377.62352491699494,-37.76235249169949,0.0,0.0,807.653741529276,56.47808921426814,1430.030216612281,0.0,0.0
7496,-377.62352491699494,-37.76235249169949,0.0,0.0,807.653741529276,56.47808921426814,1430.030216612281,0.0,0.0
7497,-377.62352491699494,-37.76235249169949,0.0,0.0,807.653741529276,56.47808921426814,1430.030216612281,0.0,0.0
7498,-377.62352491699494,-37.76235249169949,0.0,0.0,807.653741529276,56.47808921426814,1430.030216612281,0.0,0.0
7499,-377.62352491699494,-37.76235249169949,0.0,0.0,807.653741529276,56.47808921426814,1430.030216612281,0.0,0.0
7500,-377.62352491699494,-37.76235249169949,0.0,0.0,807.653741529276,56.47808921426814,1430.030216612281,0.0,0.0
7501,-377.62352491699494,-37.76235249169949,0.0,0.0,807.653741529276,56.47808921426814,1430.030216612281,0.0,0.0
7502,-377.62352491699494,-37.76235249169949,0.0,0.0,807.653741529276,56.47808921426814,1430.030216612281,0.0,0.0
7503,-377.62352491699494,-37.76235249169949,0.0,0.0,807.653741529276,56.47808921426814,1430.030216612281,0.0,0.0
7504,-377.62352491699494,-37.76235249169949,0.0,0.0,807.653741529276,56.47808921426814,1430.030216612281,0.0,0.0
7505,-377.62352491699494,-37.76235249169949,0.0,0.0,807.653741529276,56.47808921426814,1430.030216612281,0.0,0.0
7506,-377.62352491699494,-37.76235249169949,0.0,0.0,807.653741529276,56.47808921426814,1430.030216612281,0.0,0.0
7507,-377.62352491699494,-37.76235249169949,0.0,0.0,807.653741529276,56.47808921426814,1430.030216612281,0.0,0.0
7508,-377.62352491699494,-37.76235249169949,0.0,0.0,807.653741529276,56.47808921426814,1430.030216612281,0.0,0.0
7509,-377.62352491699494,-37.76235249169949,0.0,0.0,807.653741529276,56.47808921426814,1430.030216612281,0.0,0.0
7510,-377.62352491699494,-37.76235249169949,0.0,0.0,807.653741529276,56.47808921426814,1430.030216612281,0.0,0.0
7511,-377.62352491699494,-37.76235249169949,0.0,0.0,807.653741529276,56.47808921426814,1430.030216612281,0.0,0.0
7512,-377.62352491699494,-37.76235249169949,0.0,0.0,807.653741529276,56.47808921426814,1430.030216612281,0.0,0.0
7513,-377.62352491699494,-37.76235249169949,0.0,0.0,807.653741529276,56.47808921426814,1430.030216612281,0.0,0.0
7514,-377.62352491699494,-37.76235249169949,0.0,0.0,807.653741529276,56.47808921426814,1430.030216612281,0.0,0.0
7515,-377.62352491699494,-37.76235249169949,0.0,0.0,807.653741529276,56.47808921426814,1430.030216612281,0.0,0.0
7516,-377.62352491699494,-37.76235249169949,0.0,0.0,807.653741529276,56.47808921426814,1430.030216612281,0.0,0.0
7517,-377.62352491699494,-37.76235249169949,0.0,0.0,807.653741529276,56.47808921426814,1430.030216612281,0.0,0.0
7518,-377.62352491699494,-37.76235249169949,0.0,0.0,807.653741529276,56.47808921426814,1430.030216612281,0.0,0.0
7519,-377.62352491699494,-37.76235249169949,0.0,0.0,807.653741529276,56.47808921426814,1430.030216612281,0.0,0.0
7520,-377.62352491699494,-37.76235249169949,0.0,0.0,807.653741529276,56.47808921426814,1430.030216612281,0.0,0.0
7521,-377.62352491699494,-37.76235249169949,0.0,0.0,807.653741529276,56.47808921426814,1430.030216612281,0.0,0.0
7522,-377.62352491699494,-37.76235249169949,0.0,0.0,807.653741529276,56.47808921426814,1430.030216612281,0.0,0.0
7523,-377.62352491699494,-37.76235249169949,0.0,0.0,807.653741529276,56.47808921426814,1430.030216612281,0.0,0.0
7524,-377.62352491699494,-37.76235249169949,0.0,0.0,807.653741529276,56.47808921426814,1430.030216612281,0.0,0.0
7525,-377.62352491699494,-37.76235249169949,0.0,0.0,807.653741529276,56.47808921426814,1430.030216612281,0.0,0.0
7526,-377.62352491699494,-37.76235249169949,0.0,0.0,807.653741529276,56.47808921426814,1430.030216612281,0.0,0.0
7527,-377.62352491699494,-37.76235249169949,0.0,0.0,807.653741529276,56.47808921426814,1430.030216612281,0.0,0.0
7528,-377.62352491699494,-37.76235249169949,0.0,0.0,807.653741529276,56.47808921426814,1430.030216612281,0.0,0.0
7529,-377.62352491699494,-37.76235249169949,0.0,0.0,807.653741529276,56.47808921426814,1430.030216612281,0.0,0.0
7530,-377.62352491699494,-37.76235249169949,0.0,0.0,807.653741529276,56.47808921426814,1430.030216612281,0.0,0.0
7531,-377.62352491699494,-37.76235249169949,0.0,0.0,807.653741529276,56.47808921426814,1430.030216612281,0.0,0.0
7532,-377.62352491699494,-37.76235249169949,0.0,0.0,807.653741529276,56.47808921426814,1430.030216612281,0.0,0.0
7533,-377.62352491699494,-37.76235249169949,0.0,0.0,807.653741529276,56.47808921426814,1430.030216612281,0.0,0.0
7534,-377.62352491699494,-37.76235249169949,0.0,0.0,807.653741529276,56.47808921426814,1430.030216612281,0.0,0.0
7535,-377.62352491699494,-37.76235249169949,0.0,0.0,807.653741529276,56.47808921426814,1430.030216612281,0.0,0.0
7536,-377.62352491699494,-37.76235249169949,0.0,0.0,807.653741529276,56.47808921426814,1430.030216612281,0.0,0.0
7537,-377.62352491699494,-37.76235249169949,0.0,0.0,807.653741529276,56.47808921426814,1430.030216612281,0.0,0.0
7538,-377.62352491699494,-37.76235249169949,0.0,0.0,807.653741529276,56.47808921426814,1430.030216612281,0.0,0.0
7539,-377.62352491699494,-37.76235249169949,0.0,0.0,807.653741529276,56.47808921426814,1430.030216612281,0.0,0.0
7540,-378.2452796373575,-37.824527963735754,-0.62175472036256,-0.09990009990008542,808.2754962496385,56.521567646621506,1430.030216612281,0.0,0.0
7541,-373.7898364587985,-37.37898364587985,4.455443178558994,0.7165917736756899,803.8200530710795,56.210004777054046,1430.030216612281,4.455443178558994,0.0
7542,-357.97309390639896,-35.797309390639896,15.816742552399546,2.5257882214744454,788.00331051868,55.103962235528655,1430.030216612281,20.27218573095854,0.0
7543,-374.01261286675197,-37.401261286675194,-16.039518960353007,-2.498262737607859,804.042829479033,56.22558321766079,1430.030216612281,20.27218573095854,0.0
7544,-363.3196002265166,-36.331960022651664,10.693012640235338,1.7081834011392294,793.3498168387977,55.47783589623937,1430.030216612281,20.27218573095854,0.0
7545,-372.4532205013329,-37.24532205013329,-9.13362027481628,-1.4345690990433813,802.483437113614,56.11653710469731,1430.030216612281,20.27218573095854,0.0
7546,-385.59673113880115,-38.55967311388011,-13.143510637468239,-2.094427231061291,815.6269477510822,57.0356443015092,1430.030216612281,20.27218573095854,-7.351451501443648
7547,-371.7848912774725,-37.17848912774725,13.811839861328622,2.248008850429617,801.8151078897536,56.06980178287707,1430.030216612281,20.27218573095854,-7.351451501443648
7548,-376.463110863985,-37.6463110863985,-4.678219586512455,-0.744684348013469,806.493327476266,56.39694309305128,1430.030216612281,20.27218573095854,-7.351451501443648
7549,-376.463110863985,-37.6463110863985,0.0,0.0,806.493327476266,56.39694309305128,1430.030216612281,20.27218573095854,-7.351451501443648
7550,-379.1363427789162,-37.91363427789162,-2.6732319149311934,-0.4287207319257802,809.1665593911972,56.58387843776477,1430.030216612281,20.27218573095854,-7.351451501443648
7551,-386.0422839547082,-38.60422839547082,-6.905941175792009,-1.1123120342882098,816.0725005669892,57.066801182722706,1430.030216612281,20.27218573095854,-7.797004317350684
7552,-380.6957776345904,-38.06957776345904,5.346506320117783,0.8708264723108927,810.7259942468714,56.692927522011985,1430.030216612281,20.27218573095854,-7.797004317350684
7553,-398.7402417762695,-39.87402417762696,-18.0444641416791,-2.9136672236399264,828.7704583885505,57.95475149832111,1430.030216612281,20.27218573095854,-20.494962138912
7554,-413.4431447791569,-41.34431447791569,-14.70290300288741,-2.445349585065104,843.473361391438,58.98290480809651,1430.030216612281,20.27218573095854,-35.19786514179941
7555,-419.4579803231351,-41.945798032313505,-6.014835543978165,-1.0254480005546185,849.4881969354161,59.40351379062746,1430.030216612281,20.27218573095854,-41.21270068577758
7556,-425.25003945915967,-42.52500394591596,-5.792059136024591,-0.9976985196090582,855.2802560714407,59.80854433255166,1430.030216612281,20.27218573095854,-47.00475982180217
7557,-440.6212291956523,-44.062122919565226,-15.371189736492624,-2.674413360903638,870.6514458079333,60.88342999286357,1430.030216612281,20.27218573095854,-62.37594955829479
7558,-448.8637863289099,-44.88637863289099,-8.242557133257606,-1.4735198336907507,878.8940029411909,61.459820410178246,1430.030216612281,20.27218573095854,-70.6185066915524
7559,-445.96773551576996,-44.596773551576995,2.8960508131399365,0.5254691564993585,875.997952128051,61.25730365357428,1430.030216612281,20.27218573095854,-70.6185066915524
7560,-439.9529424620471,-43.99529424620471,6.014793053722883,1.0856394905669031,869.9831590743281,60.83669764232707,1430.030216612281,20.27218573095854,-70.6185066915524
7561,-448.41823351300286,-44.84182335130028,-8.465291050955784,-1.5115321002078685,878.4484501252839,61.428663528964755,1430.030216612281,20.27218573095854,-70.6185066915524
7562,-431.93316173674293,-43.19331617367429,16.48507177625993,2.988690485773793,861.963378349024,60.27588566561912,1430.030216612281,20.27218573095854,-70.6185066915524
7563,-431.487608920836,-43.1487608920836,0.44555281590692175,0.07843316770066444,861.517825533117,60.24472878440563,1430.030216612281,20.27218573095854,-70.6185066915524
7564,-439.7301660540936,-43.97301660540936,-8.242557133257606,-1.4498465227136714,869.7603826663747,60.82111920172031,1430.030216612281,20.27218573095854,-70.6185066915524
7565,-434.8291700596277,-43.482917005962776,4.900995994465916,0.874756358012152,864.8593866719087,60.47839945093936,1430.030216612281,20.27218573095854,-70.6185066915524
7566,-440.84400560360575,-44.08440056036057,-6.014835543978052,-1.0642508822708785,870.8742222158868,60.899008433470314,1430.030216612281,20.27218573095854,-70.6185066915524
7567,-447.5271703714442,-44.75271703714442,-6.683164767838434,-1.195223664740086,877.5573869837252,61.366352737821494,1430.030216612281,20.27218573095854,-70.6185066915524
7568,-442.62617437697827,-44.26261743769783,4.900995994465916,0.8871017236740775,872.6563909892593,61.02363298704054,1430.030216612281,20.27218573095854,-70.6185066915524
7569,-445.96773551576996,-44.596773551576995,-3.3415611387916897,-0.5995188480651281,875.997952128051,61.25730365357428,1430.030216612281,20.27218573095854,-70.6185066915524
7570,-448.1954571050494,-44.81954571050494,-2.22772158927944,-0.4020923928236053,878.2256737173304,61.413085088358,1430.030216612281,20.27218573095854,-70.6185066915524
7571,-451.75979465179455,-45.17597946517945,-3.5643375467451506,-0.6459420446314978,881.7900112640756,61.66233419549848,1430.030216612281,20.27218573095854,-73.51451501443705
7572,-442.62617437697827,-44.26261743769783,9.13362027481628,1.6659887738468937,872.6563909892593,61.02363298704054,1430.030216612281,20.27218573095854,-73.51451501443705
7573,-429.25988733155646,-42.92598873315565,13.366287045421814,2.3980830155562627,859.2901039438375,60.08894734962189,1430.030216612281,20.27218573095854,-73.51451501443705
7574,-436.3886049153019,-43.638860491530195,-7.12871758374547,-1.2490304125315155,866.418821527583,60.58744853518658,1430.030216612281,20.27218573095854,-73.51451501443705
7575,-438.83906042227966,-43.88390604222796,-2.4504555069777325,-0.43477749533603616,868.8692770345607,60.75880543929332,1430.030216612281,20.27218573095854,-73.51451501443705
7576,-435.72027569144154,-43.572027569144154,3.118784730838115,0.5557736668530433,865.7504923037226,60.540713213366345,1430.030216612281,20.27218573095854,-73.51451501443705
7577,-445.0766723742113,-44.50766723742113,-9.356396682769741,-1.6581132157875489,875.1068889864923,61.19499286243103,1430.030216612281,20.27218573095854,-73.51451501443705
7578,-437.50244446481406,-43.7502444464814,7.574227909397223,1.3649143101990724,867.5326610770951,60.66533776693658,1430.030216612281,20.27218573095854,-73.51451501443705
7579,-444.18556674239744,-44.41855667423974,-6.683122277583379,-1.1881157903388173,874.2157833546785,61.13267910000404,1430.030216612281,20.27218573095854,-73.51451501443705
7580,-441.7351112354196,-44.173511123541964,2.450455506977846,0.44087655166056283,871.7653278477006,60.961322195897296,1430.030216612281,20.27218573095854,-73.51451501443705
7581,-443.29450360083865,-44.32945036008387,-1.5593923654190576,-0.27932839711090063,873.3247202131197,61.07036830886078,1430.030216612281,20.27218573095854,-73.51451501443705
7582,-448.64100992095644,-44.86410099209564,-5.346506320117783,-0.9603832465638673,878.6712265332375,61.4442419695715,1430.030216612281,20.27218573095854,-73.51451501443705
7583,-469.58152487577536,-46.95815248757753,-20.940514954818923,-3.797981955788343,899.6117414880564,62.908582702484594,1430.030216612281,20.27218573095854,-91.33624523841786
7584,-476.4874235613121,-47.648742356131216,-6.905898685536727,-1.3019717467268377,906.5176401735931,63.3915024761588,1430.030216612281,20.27218573095854,-98.24214392395459
7585,-480.2745375160107,-48.027453751601065,-3.7871139546986115,-0.7234045799742406,910.3047541282917,63.656330023906015,1430.030216612281,20.27218573095854,-102.0292578786532
7586,-476.71019996926555,-47.67101999692655,3.5643375467451506,0.6858116070953324,906.7404165815466,63.407080916765544,1430.030216612281,20.27218573095854,-102.0292578786532
7587,-483.68737529305656,-48.36873752930566,-6.977175323791016,-1.3333291272601189,913.7175919053376,63.89498496541704,1430.030216612281,20.27218573095854,-105.44209565569906
7588,-483.68737529305656,-48.36873752930566,0.0,0.0,913.7175919053376,63.89498496541704,1430.030216612281,0.0,0.0
7589,-483.68737529305656,-48.36873752930566,0.0,0.0,913.7175919053376,63.89498496541704,1430.030216612281,0.0,0.0
7590,-483.68737529305656,-48.36873752930566,0.0,0.0,913.7175919053376,63.89498496541704,1430.030216612281,0.0,0.0
7591,-483.68737529305656,-48.36873752930566,0.0,0.0,913.7175919053376,63.89498496541704,1430.030216612281,0.0,0.0
7592,-483.68737529305656,-48.36873752930566,0.0,0.0,913.7175919053376,63.89498496541704,1430.030216612281,0.0,0.0
7593,-483.68737529305656,-48.36873752930566,0.0,0.0,913.7175919053376,63.89498496541704,1430.030216612281,0.0,0.0
7594,-483.68737529305656,-48.36873752930566,0.0,0.0,913.7175919053376,63.89498496541704,1430.030216612281,0.0,0.0
7595,-483.68737529305656,-48.36873752930566,0.0,0.0,913.7175919053376,63.89498496541704,1430.030216612281,0.0,0.0
7596,-483.68737529305656,-48.36873752930566,0.0,0.0,913.7175919053376,63.89498496541704,1430.030216612281,0.0,0.0
7597,-483.68737529305656,-48.36873752930566,0.0,0.0,913.7175919053376,63.89498496541704,1430.030216612281,0.0,0.0
7598,-483.68737529305656,-48.36873752930566,0.0,0.0,913.7175919053376,63.89498496541704,1430.030216612281,0.0,0.0
7599,-483.68737529305656,-48.36873752930566,0.0,0.0,913.7175919053376,63.89498496541704,1430.030216612281,0.0,0.0
7600,-483.68737529305656,-48.36873752930566,0.0,0.0,913.7175919053376,63.89498496541704,1430.030216612281,0.0,0.0
7601,-483.68737529305656,-48.36873752930566,0.0,0.0,913.7175919053376,63.89498496541704,1430.030216612281,0.0,0.0
7602,-483.68737529305656,-48.36873752930566,0.0,0.0,913.7175919053376,63.89498496541704,1430.030216612281,0.0,0.0
7603,-483.68737529305656,-48.36873752930566,0.0,0.0,913.7175919053376,63.89498496541704,1430.030216612281,0.0,0.0
7604,-483.68737529305656,-48.36873752930566,0.0,0.0,913.7175919053376,63.89498496541704,1430.030216612281,0.0,0.0
7605,-483.68737529305656,-48.36873752930566,0.0,0.0,913.7175919053376,63.89498496541704,1430.030216612281,0.0,0.0
7606,-483.68737529305656,-48.36873752930566,0.0,0.0,913.7175919053376,63.89498496541704,1430.030216612281,0.0,0.0
7607,-483.68737529305656,-48.36873752930566,0.0,0.0,913.7175919053376,63.89498496541704,1430.030216612281,0.0,0.0
7608,-483.68737529305656,-48.36873752930566,0.0,0.0,913.7175919053376,63.89498496541704,1430.030216612281,0.0,0.0
7609,-483.68737529305656,-48.36873752930566,0.0,0.0,913.7175919053376,63.89498496541704,1430.030216612281,0.0,0.0
7610,-483.68737529305656,-48.36873752930566,0.0,0.0,913.7175919053376,63.89498496541704,1430.030216612281,0.0,0.0
7611,-483.68737529305656,-48.36873752930566,0.0,0.0,913.7175919053376,63.89498496541704,1430.030216612281,0.0,0.0
7612,-483.68737529305656,-48.36873752930566,0.0,0.0,913.7175919053376,63.89498496541704,1430.030216612281,0.0,0.0
7613,-483.68737529305656,-48.36873752930566,0.0,0.0,913.7175919053376,63.89498496541704,1430.030216612281,0.0,0.0
7614,-483.68737529305656,-48.36873752930566,0.0,0.0,913.7175919053376,63.89498496541704,1430.030216612281,0.0,0.0
7615,-483.68737529305656,-48.36873752930566,0.0,0.0,913.7175919053376,63.89498496541704,1430.030216612281,0.0,0.0
7616,-483.68737529305656,-48.36873752930566,0.0,0.0,913.7175919053376,63.89498496541704,1430.030216612281,0.0,0.0
7617,-483.68737529305656,-48.36873752930566,0.0,0.0,913.7175919053376,63.89498496541704,1430.030216612281,0.0,0.0
7618,-483.68737529305656,-48.36873752930566,0.0,0.0,913.7175919053376,63.89498496541704,1430.030216612281,0.0,0.0
7619,-483.68737529305656,-48.36873752930566,0.0,0.0,913.7175919053376,63.89498496541704,1430.030216612281,0.0,0.0
7620,-483.68737529305656,-48.36873752930566,0.0,0.0,913.7175919053376,63.89498496541704,1430.030216612281,0.0,0.0
7621,-483.68737529305656,-48.36873752930566,0.0,0.0,913.7175919053376,63.89498496541704,1430.030216612281,0.0,0.0
7622,-483.68737529305656,-48.36873752930566,0.0,0.0,913.7175919053376,63.89498496541704,1430.030216612281,0.0,0.0
7623,-483.68737529305656,-48.36873752930566,0.0,0.0,913.7175919053376,63.89498496541704,1430.030216612281,0.0,0.0
7624,-483.68737529305656,-48.36873752930566,0.0,0.0,913.7175919053376,63.89498496541704,1430.030216612281,0.0,0.0
7625,-483.68737529305656,-48.36873752930566,0.0,0.0,913.7175919053376,63.89498496541704,1430.030216612281,0.0,0.0
7626,-483.68737529305656,-48.36873752930566,0.0,0.0,913.7175919053376,63.89498496541704,1430.030216612281,0.0,0.0
7627,-483.68737529305656,-48.36873752930566,0.0,0.0,913.7175919053376,63.89498496541704,1430.030216612281,0.0,0.0
7628,-483.68737529305656,-48.36873752930566,0.0,0.0,913.7175919053376,63.89498496541704,1430.030216612281,0.0,0.0
7629,-483.68737529305656,-48.36873752930566,0.0,0.0,913.7175919053376,63.89498496541704,1430.030216612281,0.0,0.0
7630,-483.68737529305656,-48.36873752930566,0.0,0.0,913.7175919053376,63.89498496541704,1430.030216612281,0.0,0.0
7631,-483.68737529305656,-48.36873752930566,0.0,0.0,913.7175919053376,63.89498496541704,1430.030216612281,0.0,0.0
7632,-483.68737529305656,-48.36873752930566,0.0,0.0,913.7175919053376,63.89498496541704,1430.030216612281,0.0,0.0
7633,-484.2031721209356,-48.420317212093565,-0.5157968278790577,-0.09990009990009652,914.2333887332167,63.93105391150553,1430.030216612281,0.0,0.0
7634,-485.7064367151935,-48.570643671519356,-1.503264594257871,-0.29144510260740164,915.7366533274745,64.03617508844255,1430.030216612281,0.0,-1.503264594257871
7635,-488.54599314248185,-48.85459931424818,-2.8395564272883576,-0.5521275454337893,918.5762097547629,64.23474127217084,1430.030216612281,0.0,-4.342821021546229
7636,-504.08003525300376,-50.40800352530037,-15.53404211052191,-3.0372314816666246,934.1102518652848,65.32101496975199,1430.030216612281,0.0,-19.876863132068138
7637,-503.0778482371816,-50.30778482371816,1.0021870158221304,0.20208644278587595,933.1080648494626,65.2509334425101,1430.030216612281,0.0,-19.876863132068138
7638,-505.91740466447004,-50.59174046644701,-2.8395564272884144,-0.571428827878806,935.9476212767511,65.4494996262384,1430.030216612281,0.0,-21.714232543534422
7639,-504.08003525300376,-50.40800352530037,1.837369411466284,0.37187495143773397,934.1102518652848,65.32101496975199,1430.030216612281,0.0,-21.714232543534422
7640,-507.2536646385499,-50.725366463854996,-3.1736293855461213,-0.6399478970694816,937.283881250831,65.5429424051781,1430.030216612281,0.0,-23.05049251761426
7641,-498.90203183581343,-49.89020318358134,8.351632802736447,1.6949152542372836,928.9322484480945,64.95892447984212,1430.030216612281,0.0,-23.05049251761426
7642,-499.7371823725067,-49.97371823725067,-0.835150536693277,-0.16666412353514293,929.7673989847877,65.0173253812351,1430.030216612281,0.0,-23.05049251761426
7643,-503.4119211954393,-50.34119211954393,-3.674738822932568,-0.7345616530846866,933.4421378077203,65.27429469420792,1430.030216612281,0.0,-23.05049251761426
7644,-492.0536954862856,-49.20536954862856,11.358225709153658,2.2872529957820076,922.0839120985667,64.48002995929477,1430.030216612281,0.0,-23.05049251761426
7645,-485.8734731943223,-48.587347319432226,6.180222291963332,1.2167077970731688,915.9036898066033,64.04785571429146,1430.030216612281,0.0,-23.05049251761426
7646,-483.7020626835491,-48.370206268354906,2.171410510773171,0.4223494407620487,913.7322792958302,63.89601203395879,1430.030216612281,0.5011094373865035,-23.05049251761426
7647,-478.0229498289723,-47.80229498289723,5.679112854576829,1.0999681470925449,908.0531664412533,63.49887966650222,1430.030216612281,6.180222291963332,-23.05049251761426
7648,-474.01416990673295,-47.4014169906733,4.008779922239341,0.7679992675781122,904.044386519014,63.21855132968315,1430.030216612281,10.189002214202674,-23.05049251761426
7649,-476.185580417506,-47.6185580417506,-2.1714105107730575,-0.41282680759442414,906.215797029787,63.3703950100158,1430.030216612281,10.189002214202674,-23.05049251761426
7650,-487.71084260578857,-48.77108426057886,-11.525262188282568,-2.200256762207653,917.7410592180696,64.17634037077788,1430.030216612281,10.189002214202674,-23.05049251761426
7651,-481.69765679295404,-48.16976567929541,6.013185812834536,1.1737874452430352,911.7278734052351,63.755846751623466,1430.030216612281,10.189002214202674,-23.05049251761426
7652,-471.34164995857327,-47.13416499585733,10.356006834380764,1.998062900951214,901.3718665708543,63.03166577180376,1430.030216612281,12.861522162362348,-23.05049251761426
7653,-471.84272753700895,-47.184272753700895,-0.5010775784356838,-0.09478287411830433,901.87294414929,63.0667054214989,1430.030216612281,12.861522162362348,-23.05049251761426
7654,-478.0229498289723,-47.80229498289723,-6.180222291963332,-1.1701481006107683,908.0531664412533,63.49887966650222,1430.030216612281,12.861522162362348,-23.05049251761426
7655,-465.49550062486765,-46.549550062486766,12.527449204104641,2.400000000000002,895.5257172371487,62.62285277849827,1430.030216612281,18.707671496067974,-23.05049251761426
7656,-463.4911265932234,-46.34911265932233,2.004374031644261,0.3749966621398926,893.5213432055044,62.48268972401453,1430.030216612281,20.712045527712235,-23.05049251761426
7657,-473.84713342760404,-47.3847133427604,-10.35600683438065,-1.930258258101314,903.8773500398851,63.20687070383423,1430.030216612281,20.712045527712235,-23.05049251761426
7658,-475.3504298808127,-47.53504298808128,-1.5032964532086908,-0.28571477012030444,905.3806464930938,63.31199410862284,1430.030216612281,20.712045527712235,-23.05049251761426
7659,-477.8559133498435,-47.785591334984346,-2.5054834690307644,-0.47755370665062413,907.8861299621245,63.48719904065331,1430.030216612281,20.712045527712235,-23.05049251761426
7660,-488.0449155640462,-48.804491556404614,-10.18900221420273,-1.9513774980333132,918.0751321763273,64.1997016224757,1430.030216612281,20.712045527712235,-23.05049251761426
7661,-484.0361356418068,-48.40361356418068,4.008779922239398,0.7830335207347439,914.0663522540879,63.91937328565662,1430.030216612281,20.712045527712235,-23.05049251761426
7662,-485.3723956158866,-48.53723956158866,-1.3362599740797805,-0.25898324793383054,915.4026122281676,64.01281606459631,1430.030216612281,20.712045527712235,-23.05049251761426
7663,-508.9239975708873,-50.892399757088725,-23.551601955000706,-4.576435806078916,938.9542141831683,65.6597464358156,1430.030216612281,20.712045527712235,-24.72082544995169
7664,-514.1020009880776,-51.41020009880777,-5.178003417190382,-1.054419965866249,944.1322176003587,66.02183692572545,1430.030216612281,20.712045527712235,-29.898828867142072
7665,-515.1041880038998,-51.51041880038998,-1.0021870158221304,-0.2062546085516037,945.1344046161809,66.09191845296733,1430.030216612281,20.712045527712235,-30.901015882964202
7666,-514.770146904593,-51.4770146904593,0.33404109930683035,0.06888925229766585,944.8003635168741,66.0685594291211,1430.030216612281,20.712045527712235,-30.901015882964202
7667,-508.4228881335008,-50.84228881335008,6.347258771092186,1.3080932120316469,938.4531047457818,65.62470455826887,1430.030216612281,20.712045527712235,-30.901015882964202
7668,-517.2756303736237,-51.727563037362366,-8.85274224012295,-1.8008857667334066,947.3058469859047,66.24376436115156,1430.030216612281,20.712045527712235,-33.072458252688136
7669,-512.9327774931267,-51.29327774931267,4.342852880497048,0.8996547830925516,942.9629941054077,65.94007477263467,1430.030216612281,20.712045527712235,-33.072458252688136
7670,-512.7657410139979,-51.27657410139979,0.16703647912885344,0.03429433790866909,942.7959576262789,65.92839414678576,1430.030216612281,20.712045527712235,-33.072458252688136
7671,-519.9481503217834,-51.99481503217833,-7.18240930778552,-1.4741182860854352,949.9783669340644,66.43064991903096,1430.030216612281,20.712045527712235,-35.744978200847754
7672,-521.451446774992,-52.145144677499204,-1.503296453208577,-0.31315293425413504,951.481663387273,66.53577332381954,1430.030216612281,20.712045527712235,-37.24827465405633
7673,-517.7767079520595,-51.77767079520594,3.674738822932511,0.7678925781235524,947.8069245643405,66.27880401084671,1430.030216612281,20.712045527712235,-37.24827465405633
7674,-522.4536337908141,-52.24536337908141,-4.676925838754698,-0.969867261884505,952.4838504030952,66.60585485106142,1430.030216612281,20.712045527712235,-38.25046166987852
7675,-523.2887843275074,-52.328878432750734,-0.835150536693277,-0.17488365440256892,953.3190009397885,66.66425575245438,1430.030216612281,20.712045527712235,-39.085612206571795
7676,-525.2931902181026,-52.52931902181026,-2.0044058905951374,-0.42046543582313634,955.3234068303836,66.80442103478971,1430.030216612281,20.712045527712235,-41.09001809716693
7677,-521.2844102958632,-52.12844102958631,4.008779922239398,0.8444749137012098,951.3146269081442,66.52409269797064,1430.030216612281,20.712045527712235,-41.09001809716693
7678,-524.4580396814092,-52.445803968140915,-3.1736293855460644,-0.6629467378548304,954.4882562936903,66.74602013339675,1430.030216612281,20.712045527712235,-41.09001809716693
7679,-531.4734125100658,-53.14734125100659,-7.015372828656666,-1.4752373952356845,961.5036291223469,67.23659527979302,1430.030216612281,20.712045527712235,-47.270240389130265
7680,-530.6382301144217,-53.06382301144217,0.8351823956441535,0.17825720416817514,960.6684467267028,67.17819215054848,1430.030216612281,20.712045527712235,-47.270240389130265
7681,-528.2997831245198,-52.82997831245198,2.338446989901911,0.49821846173623285,958.3299997368008,67.01466784436691,1430.030216612281,20.712045527712235,-47.270240389130265
7682,-532.3085630467592,-53.230856304675925,-4.008779922239398,-0.8498575533404162,962.3387796590403,67.29499618118598,1430.030216612281,20.712045527712235,-48.1053909258236
7683,-523.6228572857651,-52.36228572857651,8.685705760994097,1.8571444920131075,953.6530738980462,66.68761700415222,1430.030216612281,20.712045527712235,-48.1053909258236
7684,-528.4668196036487,-52.84668196036486,-4.843962317883495,-1.0168334883332686,958.4970362159297,67.02634847021582,1430.030216612281,20.712045527712235,-48.1053909258236
7685,-532.3085630467592,-53.230856304675925,-3.8417434431106017,-0.8147344880123586,962.3387796590403,67.29499618118598,1430.030216612281,20.712045527712235,-48.1053909258236
7686,-531.8074536093727,-53.180745360937266,0.5011094373865035,0.10714530944824219,961.8376702216538,67.25995430363926,1430.030216612281,20.712045527712235,-48.1053909258236
7687,-526.96352315044,-52.696352315043995,4.843930458932732,1.0346022157497803,956.993739762721,66.92122506542722,1430.030216612281,20.712045527712235,-48.1053909258236
7688,-534.3129689373543,-53.43129689373542,-7.349445786914316,-1.5536742189232178,964.3431855496353,67.43516146352133,1430.030216612281,20.712045527712235,-50.10979681641868
7689,-538.1547123804648,-53.815471238046484,-3.841743443110545,-0.8249625149199691,968.1849289927459,67.70380917449148,1430.030216612281,20.712045527712235,-53.951540259529224
7690,-546.1722722249436,-54.61722722249436,-8.017559844478797,-1.7359839018393552,976.2024888372247,68.26446584812963,1430.030216612281,20.712045527712235,-61.96910010400802
7691,-544.3349028134774,-54.433490281347744,1.837369411466284,0.40486054487551826,974.3651194257584,68.1359811916432,1430.030216612281,20.712045527712235,-61.96910010400802
7692,-539.6580088336734,-53.96580088336735,4.676893979803879,1.0263884613241459,969.6882254459545,67.80893257928008,1430.030216612281,20.712045527712235,-61.96910010400802
7693,-536.6514159272563,-53.66514159272562,3.006592906417268,0.6531215844115756,966.6816325395373,67.59868576970288,1430.030216612281,20.712045527712235,-61.96910010400802
7694,-536.3173429689986,-53.63173429689986,0.33407295825765004,0.07209970414092659,966.3475595812796,67.57532451800505,1430.030216612281,20.712045527712235,-61.96910010400802
7695,-534.1459324582254,-53.41459324582254,2.1714105107731143,0.4682966847793679,964.1761490705064,67.4234808376724,1430.030216612281,20.712045527712235,-61.96910010400802
7696,-526.4624137130536,-52.64624137130536,7.683518745171909,1.6493402720977324,956.4926303253346,66.8861831878805,1430.030216612281,20.712045527712235,-61.96910010400802
7697,-517.1085938944949,-51.710859389449496,9.353819818558634,1.975306731595028,947.1388105067759,66.23208373530267,1430.030216612281,20.712045527712235,-61.96910010400802
7698,-514.770146904593,-51.4770146904593,2.338446989901911,0.4842593925539873,944.8003635168741,66.0685594291211,1430.030216612281,20.712045527712235,-61.96910010400802
7699,-511.4294810399181,-51.142948103991806,3.340665864674918,0.6884708027265818,941.4596976521991,65.83495136784607,1430.030216612281,20.712045527712235,-61.96910010400802
7700,-505.75036818534124,-50.57503681853412,5.679112854576829,1.1623936840611693,935.7805847976223,65.4378190003895,1430.030216612281,20.712045527712235,-61.96910010400802
7701,-504.9152176486479,-50.491521764864785,0.8351505366933338,0.1689734261666631,934.945434260929,65.37941809899654,1430.030216612281,20.712045527712235,-61.96910010400802
7702,-500.40532828902207,-50.04053282890221,4.509889359625845,0.9109327372589737,930.435544901303,65.06404788463072,1430.030216612281,20.712045527712235,-61.96910010400802
7703,-513.2668504513844,-51.32668504513844,-12.861522162362292,-2.5743913797789397,943.2970670636654,65.9634360243325,1430.030216612281,20.712045527712235,-61.96910010400802
7704,-514.921637872389,-51.4921637872389,-1.6547874210046416,-0.33997836854532393,944.9518544846701,66.07915297924586,1430.030216612281,20.712045527712235,-61.96910010400802
7705,-514.921637872389,-51.4921637872389,0.0,0.0,944.9518544846701,66.07915297924586,1430.030216612281,0.0,0.0
7706,-514.921637872389,-51.4921637872389,0.0,0.0,944.9518544846701,66.07915297924586,1430.030216612281,0.0,0.0
7707,-514.921637872389,-51.4921637872389,0.0,0.0,944.9518544846701,66.07915297924586,1430.030216612281,0.0,0.0
7708,-514.921637872389,-51.4921637872389,0.0,0.0,944.9518544846701,66.07915297924586,1430.030216612281,0.0,0.0
7709,-514.921637872389,-51.4921637872389,0.0,0.0,944.9518544846701,66.07915297924586,1430.030216612281,0.0,0.0
7710,-514.921637872389,-51.4921637872389,0.0,0.0,944.9518544846701,66.07915297924586,1430.030216612281,0.0,0.0
7711,-514.921637872389,-51.4921637872389,0.0,0.0,944.9518544846701,66.07915297924586,1430.030216612281,0.0,0.0
7712,-514.921637872389,-51.4921637872389,0.0,0.0,944.9518544846701,66.07915297924586,1430.030216612281,0.0,0.0
7713,-514.921637872389,-51.4921637872389,0.0,0.0,944.9518544846701,66.07915297924586,1430.030216612281,0.0,0.0
7714,-514.921637872389,-51.4921637872389,0.0,0.0,944.9518544846701,66.07915297924586,1430.030216612281,0.0,0.0
7715,-514.921637872389,-51.4921637872389,0.0,0.0,944.9518544846701,66.07915297924586,1430.030216612281,0.0,0.0
7716,-514.921637872389,-51.4921637872389,0.0,0.0,944.9518544846701,66.07915297924586,1430.030216612281,0.0,0.0
7717,-514.921637872389,-51.4921637872389,0.0,0.0,944.9518544846701,66.07915297924586,1430.030216612281,0.0,0.0
7718,-514.921637872389,-51.4921637872389,0.0,0.0,944.9518544846701,66.07915297924586,1430.030216612281,0.0,0.0
7719,-514.921637872389,-51.4921637872389,0.0,0.0,944.9518544846701,66.07915297924586,1430.030216612281,0.0,0.0
7720,-514.921637872389,-51.4921637872389,0.0,0.0,944.9518544846701,66.07915297924586,1430.030216612281,0.0,0.0
7721,-514.921637872389,-51.4921637872389,0.0,0.0,944.9518544846701,66.07915297924586,1430.030216612281,0.0,0.0
7722,-514.921637872389,-51.4921637872389,0.0,0.0,944.9518544846701,66.07915297924586,1430.030216612281,0.0,0.0
7723,-514.921637872389,-51.4921637872389,0.0,0.0,944.9518544846701,66.07915297924586,1430.030216612281,0.0,0.0
7724,-514.921637872389,-51.4921637872389,0.0,0.0,944.9518544846701,66.07915297924586,1430.030216612281,0.0,0.0
7725,-514.921637872389,-51.4921637872389,0.0,0.0,944.9518544846701,66.07915297924586,1430.030216612281,0.0,0.0
7726,-514.921637872389,-51.4921637872389,0.0,0.0,944.9518544846701,66.07915297924586,1430.030216612281,0.0,0.0
7727,-514.921637872389,-51.4921637872389,0.0,0.0,944.9518544846701,66.07915297924586,1430.030216612281,0.0,0.0
7728,-514.921637872389,-51.4921637872389,0.0,0.0,944.9518544846701,66.07915297924586,1430.030216612281,0.0,0.0
7729,-514.921637872389,-51.4921637872389,0.0,0.0,944.9518544846701,66.07915297924586,1430.030216612281,0.0,0.0
7730,-514.921637872389,-51.4921637872389,0.0,0.0,944.9518544846701,66.07915297924586,1430.030216612281,0.0,0.0
7731,-514.921637872389,-51.4921637872389,0.0,0.0,944.9518544846701,66.07915297924586,1430.030216612281,0.0,0.0
7732,-514.921637872389,-51.4921637872389,0.0,0.0,944.9518544846701,66.07915297924586,1430.030216612281,0.0,0.0
7733,-514.921637872389,-51.4921637872389,0.0,0.0,944.9518544846701,66.07915297924586,1430.030216612281,0.0,0.0
7734,-514.921637872389,-51.4921637872389,0.0,0.0,944.9518544846701,66.07915297924586,1430.030216612281,0.0,0.0
7735,-514.921637872389,-51.4921637872389,0.0,0.0,944.9518544846701,66.07915297924586,1430.030216612281,0.0,0.0
7736,-514.921637872389,-51.4921637872389,0.0,0.0,944.9518544846701,66.07915297924586,1430.030216612281,0.0,0.0
7737,-514.921637872389,-51.4921637872389,0.0,0.0,944.9518544846701,66.07915297924586,1430.030216612281,0.0,0.0
7738,-514.921637872389,-51.4921637872389,0.0,0.0,944.9518544846701,66.07915297924586,1430.030216612281,0.0,0.0
7739,-514.921637872389,-51.4921637872389,0.0,0.0,944.9518544846701,66.07915297924586,1430.030216612281,0.0,0.0
7740,-514.921637872389,-51.4921637872389,0.0,0.0,944.9518544846701,66.07915297924586,1430.030216612281,0.0,0.0
7741,-514.921637872389,-51.4921637872389,0.0,0.0,944.9518544846701,66.07915297924586,1430.030216612281,0.0,0.0
7742,-514.921637872389,-51.4921637872389,0.0,0.0,944.9518544846701,66.07915297924586,1430.030216612281,0.0,0.0
7743,-514.921637872389,-51.4921637872389,0.0,0.0,944.9518544846701,66.07915297924586,1430.030216612281,0.0,0.0
7744,-514.921637872389,-51.4921637872389,0.0,0.0,944.9518544846701,66.07915297924586,1430.030216612281,0.0,0.0
7745,-514.921637872389,-51.4921637872389,0.0,0.0,944.9518544846701,66.07915297924586,1430.030216612281,0.0,0.0
7746,-514.921637872389,-51.4921637872389,0.0,0.0,944.9518544846701,66.07915297924586,1430.030216612281,0.0,0.0
7747,-514.921637872389,-51.4921637872389,0.0,0.0,944.9518544846701,66.07915297924586,1430.030216612281,0.0,0.0
7748,-514.921637872389,-51.4921637872389,0.0,0.0,944.9518544846701,66.07915297924586,1430.030216612281,0.0,0.0
7749,-514.921637872389,-51.4921637872389,0.0,0.0,944.9518544846701,66.07915297924586,1430.030216612281,0.0,0.0
7750,-514.921637872389,-51.4921637872389,0.0,0.0,944.9518544846701,66.07915297924586,1430.030216612281,0.0,0.0
7751,-514.921637872389,-51.4921637872389,0.0,0.0,944.9518544846701,66.07915297924586,1430.030216612281,0.0,0.0
7752,-515.4062316407483,-51.54062316407483,-0.48459376835927515,-0.09990009990010762,945.4364482530293,66.11303993930655,1430.030216612281,0.0,0.0
7753,-512.5984273747563,-51.25984273747562,2.807804265992047,0.5794140266183634,942.6286439870373,65.91669413952033,1430.030216612281,2.807804265992047,0.0
7754,-515.241062977725,-51.52410629777251,-2.6426356029688236,-0.5421885671675342,945.2712795900061,66.10148992720859,1430.030216612281,2.807804265992047,0.0
7755,-508.4693053072798,-50.846930530727974,6.771757670445254,1.3969330224300913,938.4995219195608,65.62795044588997,1430.030216612281,6.936926333468477,0.0
7756,-511.2771095732718,-51.127710957327174,-2.80780426599199,-0.5712368111104982,941.3073261855528,65.8242962456762,1430.030216612281,6.936926333468477,0.0
7757,-514.4152511653103,-51.441525116531025,-3.138141592038494,-0.6421106220947492,944.4454677775914,66.04374206965834,1430.030216612281,6.936926333468477,0.0
7758,-521.5173461618019,-52.1517346161802,-7.102094996491701,-1.4625860910037591,951.547562774083,66.54038157517287,1430.030216612281,6.936926333468477,-6.1111145210537074
7759,-528.4542724952705,-52.84542724952704,-6.936926333468477,-1.449775927679553,958.4844891075516,67.02547106858945,1430.030216612281,6.936926333468477,-13.048040854522185
7760,-516.0669062928412,-51.60669062928412,12.387366202429348,2.6269702978710896,946.0971229051222,66.1592399876984,1430.030216612281,6.936926333468477,-13.048040854522185
7761,-507.643493494865,-50.7643493494865,8.423412797976084,1.7406151609613563,937.673710107146,65.57020258833973,1430.030216612281,7.762738145883247,-13.048040854522185
7762,-508.63447397030296,-50.863447397030306,-0.9909804754379365,-0.20127295208753893,938.664690582584,65.63950045798794,1430.030216612281,7.762738145883247,-13.048040854522185
7763,-516.3972121161862,-51.639721211618614,-7.762738145883247,-1.5798296247209853,946.4274287284672,66.18233780895476,1430.030216612281,7.762738145883247,-13.048040854522185
7764,-519.7005223712479,-51.97005223712479,-3.3033102550617173,-0.6830626989386412,949.7307389835289,66.41333364503485,1430.030216612281,7.762738145883247,-13.048040854522185
7765,-515.4062316407483,-51.54062316407483,4.294290730499654,0.8940860714029109,945.4364482530293,66.11303993930655,1430.030216612281,7.762738145883247,-13.048040854522185
7766,-520.856671509709,-52.08566715097091,-5.450439868960814,-1.124744110394782,950.8868881219901,66.49418152678102,1430.030216612281,7.762738145883247,-13.048040854522185
7767,-521.0218401727323,-52.102184017273224,-0.16516866302322342,-0.03447166081673725,951.0520567850133,66.50573153887899,1430.030216612281,7.762738145883247,-13.048040854522185
7768,-513.5894078501942,-51.35894078501941,7.432432322538148,1.5517267687567449,943.6196244624753,65.98599200916854,1430.030216612281,7.762738145883247,-13.048040854522185
7769,-505.3311637152413,-50.53311637152413,8.25824413495286,1.6977928252864816,935.3613803275223,65.40850462190782,1430.030216612281,10.075067925506971,-13.048040854522185
7770,-506.8176501797489,-50.68176501797489,-1.4864864645076068,-0.30050133654506705,936.8478667920299,65.51245252784992,1430.030216612281,10.075067925506971,-13.048040854522185
7771,-504.1750145767801,-50.41750145767801,2.6426356029688236,0.5358333695299367,934.2052311890611,65.32765674016166,1430.030216612281,11.231217063968188,-13.048040854522185
7772,-495.5864331157808,-49.558643311578074,8.588581460999308,1.7321800460838865,925.6166497280618,64.72706932870503,1430.030216612281,19.819798524967496,-13.048040854522185
7773,-494.4302839773196,-49.44302839773196,1.15614913846116,0.22920659045766456,924.4605005896007,64.64622144695886,1430.030216612281,20.975947663428656,-13.048040854522185
7774,-498.8897433708425,-49.88897433708425,-4.459459393522877,-0.8820661626264825,928.9199599831236,64.95806516478514,1430.030216612281,20.975947663428656,-13.048040854522185
7775,-493.7696408279281,-49.37696408279281,5.120102542914424,1.0217516953965555,923.799857440209,64.60002360150658,1430.030216612281,21.636590812820202,-13.048040854522185
7776,-498.3942373817728,-49.83942373817728,-4.6245965538447535,-0.9135359960252387,928.4244539940539,64.92341512849126,1430.030216612281,21.636590812820202,-13.048040854522185
7777,-496.090846682665,-49.609084668266505,2.3033906991078084,0.45920339652496533,926.121063294946,64.76234225937631,1430.030216612281,21.636590812820202,-13.048040854522185
7778,-496.090846682665,-49.609084668266505,0.0,0.0,926.121063294946,64.76234225937631,1430.030216612281,0.0,0.0
7779,-496.090846682665,-49.609084668266505,0.0,0.0,926.121063294946,64.76234225937631,1430.030216612281,0.0,0.0
7780,-496.090846682665,-49.609084668266505,0.0,0.0,926.121063294946,64.76234225937631,1430.030216612281,0.0,0.0
7781,-496.090846682665,-49.609084668266505,0.0,0.0,926.121063294946,64.76234225937631,1430.030216612281,0.0,0.0
7782,-496.090846682665,-49.609084668266505,0.0,0.0,926.121063294946,64.76234225937631,1430.030216612281,0.0,0.0
7783,-496.59425243023475,-49.65942524302347,-0.5034057475697296,-0.09990009990009652,926.6244690425158,64.79754471466165,1430.030216612281,0.0,0.0
7784,-499.19667055017186,-49.91966705501718,-2.602418119937113,-0.5169623375379628,929.2268871624528,64.9795281503755,1430.030216612281,0.0,-2.602418119937113
7785,-487.8110990312647,-48.78110990312648,11.38557151890717,2.2734616264262986,917.8413156435457,64.18335116148086,1430.030216612281,8.783153398970057,-2.602418119937113
7786,-483.28614888399363,-48.32861488839937,4.524950147271056,0.8834533779846998,913.3163654962747,63.866927767436046,1430.030216612281,13.308103546241114,-2.602418119937113
7787,-483.28614888399363,-48.32861488839937,0.0,0.0,913.3163654962747,63.866927767436046,1430.030216612281,0.0,0.0
7788,-483.28614888399363,-48.32861488839937,0.0,0.0,913.3163654962747,63.866927767436046,1430.030216612281,0.0,0.0
7789,-483.28614888399363,-48.32861488839937,0.0,0.0,913.3163654962747,63.866927767436046,1430.030216612281,0.0,0.0
7790,-483.8023465374562,-48.38023465374561,-0.516197653462541,-0.09990009990009652,913.8325631497372,63.90302474269335,1430.030216612281,0.0,0.0
7791,-477.5013523283459,-47.75013523283459,6.300994209110286,1.2206553375135654,907.5315689406269,63.46240508753408,1430.030216612281,6.300994209110286,0.0
7792,-478.30916103661707,-47.8309161036617,-0.8078087082711818,-0.15460493761484395,908.3393776488981,63.51889401335447,1430.030216612281,6.300994209110286,0.0
7793,-479.11696974488814,-47.91169697448881,-0.8078087082710681,-0.15484433460173364,909.1471863571692,63.575382939174844,1430.030216612281,6.300994209110286,0.0
7794,-486.2258342941234,-48.62258342941234,-7.10886454923525,-1.364771769537887,916.2560509064044,64.07249582998327,1430.030216612281,6.300994209110286,-2.423487756667214
7795,-484.4486181568145,-48.44486181568145,1.7772161373088693,0.34591387732918477,914.4788347690956,63.94821760728115,1430.030216612281,6.300994209110286,-2.423487756667214
7796,-489.9418036576536,-48.99418036576536,-5.493185500839104,-1.0654971927725243,919.9720202699347,64.33234833662004,1430.030216612281,6.300994209110286,-6.139457120197449
7797,-477.8244881380251,-47.78244881380252,12.117315519628505,2.3756731303452128,907.8547047503062,63.48500151982799,1430.030216612281,6.300994209110286,-6.139457120197449
7798,-475.72413619103713,-47.57241361910371,2.1003519469879848,0.4022310313822608,905.7543528033182,63.33812686483198,1430.030216612281,8.078210346419041,-6.139457120197449
7799,-485.7411305796045,-48.574113057960446,-10.016994388567355,-1.9106342824542821,915.7713471918855,64.0386011815424,1430.030216612281,8.078210346419041,-6.139457120197449
7800,-477.3398152394333,-47.73398152394333,8.401315340171209,1.6336743690274158,907.3700318517143,63.45110902630152,1430.030216612281,8.078210346419041,-6.139457120197449
7801,-472.9775742565445,-47.29775742565445,4.362240982888807,0.8346227836136366,903.0077908688255,63.14606365507694,1430.030216612281,10.824772280911702,-6.139457120197449
7802,-461.8296045340999,-46.18296045340998,11.1479697224446,2.115274261188871,891.8598211463809,62.36650182533784,1430.030216612281,21.972742003356302,-6.139457120197449
7803,-456.8211535637065,-45.682115356370645,5.008450970393369,0.9306440883017242,886.8513701759875,62.01626789935422,1430.030216612281,26.98119297374967,-6.139457120197449
7804,-454.5592645278059,-45.455926452780595,2.2618890359005945,0.41641699612209315,884.589481140087,61.858097183125636,1430.030216612281,29.243082009650266,-6.139457120197449
7805,-460.0524500286449,-46.00524500286449,-5.49318550083899,-1.0071095067887614,890.0826666409259,62.24222791246451,1430.030216612281,29.243082009650266,-6.139457120197449
7806,-483.96391444229573,-48.39639144422957,-23.911464413650833,-4.428479102260829,913.9941310545768,63.914322958840295,1430.030216612281,29.243082009650266,-6.139457120197449
7807,-492.0421247887147,-49.20421247887147,-8.078210346418984,-1.5654351648079934,922.0723414009958,64.47922083670166,1430.030216612281,29.243082009650266,-8.239778251258542
7808,-490.74961236592475,-49.07496123659247,1.2925124227899687,0.254452679221151,920.7798289782058,64.38883726244042,1430.030216612281,29.243082009650266,-8.239778251258542
7809,-489.9418036576536,-48.99418036576536,0.8078087082711249,0.15862701882745078,919.9720202699347,64.33234833662004,1430.030216612281,29.243082009650266,-8.239778251258542
7810,-493.6577730211839,-49.365777302118396,-3.7159693635302915,-0.7285383099767229,923.6879896334649,64.5922008432568,1430.030216612281,29.243082009650266,-9.85542648372774
7811,-495.5965570633323,-49.55965570633323,-1.9387840421483702,-0.3828999318734483,925.6267736756133,64.72777728210588,1430.030216612281,29.243082009650266,-11.79421052587611
7812,-499.15095852202296,-49.9150958522023,-3.554401458690677,-0.7046743055512783,929.181175134304,64.97633157259568,1430.030216612281,29.243082009650266,-15.348611984566787
7813,-496.72750158128264,-49.67275015812827,2.423456940740323,0.48386973719443116,926.7577181935637,64.80686264022015,1430.030216612281,29.243082009650266,-15.348611984566787
7814,-497.37374238471415,-49.73737423847141,-0.6462408034315104,-0.1284077324832933,927.4039589969952,64.85205334989358,1430.030216612281,29.243082009650266,-15.348611984566787
7815,-499.15095852202296,-49.9150958522023,-1.7772161373088124,-0.3535860115507772,929.181175134304,64.97633157259568,1430.030216612281,29.243082009650266,-15.348611984566787
7816,-505.77508854081236,-50.57750885408123,-6.624130018789401,-1.3225801529422876,935.8053051530934,65.43954766004885,1430.030216612281,29.243082009650266,-21.97274200335619
7817,-500.60503884965254,-50.06050388496526,5.170049691159818,1.0460924917554904,930.6352554619336,65.07801336300389,1430.030216612281,29.243082009650266,-21.97274200335619
7818,-492.8499643129128,-49.28499643129128,7.755074536739755,1.552894029782781,922.8801809251938,64.53571191743643,1430.030216612281,29.243082009650266,-21.97274200335619
7819,-496.72750158128264,-49.67275015812827,-3.8775372683698492,-0.7645739910313809,926.7577181935637,64.80686264022015,1430.030216612281,29.243082009650266,-21.97274200335619
7820,-492.6883964080732,-49.268839640807315,4.039105173209464,0.8025682281269653,922.7186130203543,64.52441370128948,1430.030216612281,29.243082009650266,-21.97274200335619
7821,-492.36526059839395,-49.23652605983939,0.32313580967922917,0.06369572613582619,922.3954772106749,64.50181726899557,1430.030216612281,29.243082009650266,-21.97274200335619
7822,-492.8499643129128,-49.28499643129128,-0.48470371451884375,-0.09548277075958067,922.8801809251938,64.53571191743643,1430.030216612281,29.243082009650266,-21.97274200335619
7823,-495.1118533488135,-49.51118533488135,-2.2618890359007082,-0.44599997569482186,925.1420699610945,64.693882633665,1430.030216612281,29.243082009650266,-21.97274200335619
7824,-491.2343160804436,-49.123431608044356,3.877537268369906,0.7679992675781344,921.2645326927246,64.42273191088128,1430.030216612281,29.243082009650266,-21.97274200335619
7825,-493.0115322177524,-49.30115322177524,-1.7772161373088124,-0.34931918434770726,923.0417488300334,64.54701013358338,1430.030216612281,29.243082009650266,-21.97274200335619
7826,-490.91118027076436,-49.09111802707644,2.1003519469880416,0.4142800241937916,920.9413968830454,64.40013547858737,1430.030216612281,29.243082009650266,-21.97274200335619
7827,-488.9724270445429,-48.89724270445429,1.938753226221479,0.38082808953703307,919.0026436568239,64.2645611946527,1430.030216612281,29.243082009650266,-21.97274200335619
7828,-493.3346372115047,-49.33346372115047,-4.362210166961802,-0.8536154207362201,923.3648538237858,64.5696044109629,1430.030216612281,29.243082009650266,-21.97274200335619
7829,-491.8805568838751,-49.18805568838751,1.4540803276295833,0.28699027690128887,921.9107734961561,64.4679226205547,1430.030216612281,29.243082009650266,-21.97274200335619
7830,-493.3346372115047,-49.33346372115047,-1.4540803276295833,-0.28616899969664544,923.3648538237858,64.5696044109629,1430.030216612281,29.243082009650266,-21.97274200335619
7831,-485.09485896024603,-48.50948589602461,8.239778251258656,1.6262762084050975,915.1250755725271,63.99340831695458,1430.030216612281,29.243082009650266,-21.97274200335619
7832,-482.994537829185,-48.2994537829185,2.100321131061037,0.40790447864238466,913.024754441466,63.846535816872965,1430.030216612281,29.243082009650266,-21.97274200335619
7833,-482.67140201950576,-48.267140201950575,0.32313580967922917,0.06250143051147461,912.7016186317868,63.823939384579056,1430.030216612281,29.243082009650266,-21.97274200335619
7834,-482.50986493059304,-48.2509864930593,0.16153708891272345,0.03122523857048698,912.5400815428741,63.812643323346485,1430.030216612281,29.243082009650266,-21.97274200335619
7835,-470.0694136012854,-47.00694136012854,12.44045132930762,2.4039977743032903,900.0996302135665,62.94270007426055,1430.030216612281,29.243082009650266,-21.97274200335619
7836,-466.838117136347,-46.683811713634704,3.2312964649383957,0.6097584377790843,896.8683337486281,62.71674006115025,1430.030216612281,29.243082009650266,-21.97274200335619
7837,-464.4146293796798,-46.441462937967984,2.423487756667214,0.4545500784209233,894.4448459919608,62.54726897386033,1430.030216612281,29.243082009650266,-21.97274200335619
7838,-470.55408649987726,-47.055408649987726,-6.139457120197449,-1.1463078450194897,900.5843031121583,62.976592567787016,1430.030216612281,29.243082009650266,-21.97274200335619
7839,-476.20887072148287,-47.620887072148285,-5.65478422160561,-1.0680570153469127,906.2390873337639,63.37202366818724,1430.030216612281,29.243082009650266,-21.97274200335619
7840,-485.57956267476493,-48.557956267476484,-9.370691953282062,-1.789013106462778,915.609779287046,64.02730296539545,1430.030216612281,29.243082009650266,-21.97274200335619
7841,-499.9587672302941,-49.99587672302941,-14.379204555529157,-2.79522420032432,929.9889838425752,65.03282049841607,1430.030216612281,29.243082009650266,-21.97274200335619
7842,-494.62714963429465,-49.46271496342946,5.3316175959994325,1.0662355915066923,924.6573662465757,64.65998798522415,1430.030216612281,29.243082009650266,-21.97274200335619
7843,-501.5744154627633,-50.157441546276324,-6.94726582846863,-1.3746812523548368,931.6046320750443,65.1458005049712,1430.030216612281,29.243082009650266,-21.97274200335619
7844,-494.78871753913427,-49.478871753913424,6.785697923629016,1.3614264865494885,924.8189341514153,64.67128620137109,1430.030216612281,29.243082009650266,-21.97274200335619
7845,-482.34826620982653,-48.23482662098265,12.440451329307734,2.462425476468133,912.3784828221076,63.80134295228515,1430.030216612281,29.243082009650266,-21.97274200335619
7846,-485.41799476992526,-48.54179947699253,-3.0697285600987243,-0.5930103889776661,915.4482113822063,64.0160047492485,1430.030216612281,29.243082009650266,-21.97274200335619
7847,-487.6799146217529,-48.76799146217529,-2.261919851827656,-0.4395645065000564,917.710131234034,64.17417762039146,1430.030216612281,29.243082009650266,-21.97274200335619
7848,-489.29553203829516,-48.929553203829514,-1.6156174165422499,-0.31535312837664975,919.3257486505762,64.28715547203223,1430.030216612281,29.243082009650266,-21.97274200335619
7849,-489.29553203829516,-48.929553203829514,0.0,0.0,919.3257486505762,64.28715547203223,1430.030216612281,29.243082009650266,-21.97274200335619
7850,-491.2343160804436,-49.123431608044356,-1.938784042148427,-0.37962934804278703,921.2645326927246,64.42273191088128,1430.030216612281,29.243082009650266,-21.97274200335619
7851,-479.27856846565476,-47.927856846565476,11.955747614788834,2.3499516560710587,909.3087850779358,63.58668331023619,1430.030216612281,29.243082009650266,-21.97274200335619
7852,-482.83300074027227,-48.283300074027224,-3.554432274617511,-0.6825976538250234,912.8632173525533,63.835239755640394,1430.030216612281,29.243082009650266,-21.97274200335619
7853,-476.6935436200748,-47.669354362007475,6.139457120197449,1.18713242124604,906.7237602323559,63.405916161713705,1430.030216612281,29.243082009650266,-21.97274200335619
7854,-474.75479039385334,-47.475479039385334,1.938753226221479,0.37048142681692653,904.7850070061344,63.270341877779046,1430.030216612281,29.243082009650266,-21.97274200335619
7855,-477.5013523283459,-47.75013523283459,-2.746561934492547,-0.5229104205542456,907.5315689406269,63.46240508753408,1430.030216612281,29.243082009650266,-21.97274200335619
7856,-479.9248400850132,-47.99248400850132,-2.4234877566673276,-0.46382660844517254,909.9550566972943,63.63187617482401,1430.030216612281,29.243082009650266,-21.97274200335619
7857,-463.6068206714086,-46.36068206714087,16.31801941360459,3.13762714917436,893.6370372836897,62.49078004803994,1430.030216612281,29.243082009650266,-21.97274200335619
7858,-459.56771549819916,-45.95677154981992,4.039105173209464,0.7530120308884669,889.5979321104802,62.20833110910926,1430.030216612281,29.243082009650266,-21.97274200335619
7859,-450.52015935459633,-45.052015935459636,9.047556143602833,1.6741331713636232,880.5503759668774,61.57564824419496,1430.030216612281,33.28218718285984,-21.97274200335619
7860,-461.1833945465953,-46.11833945465953,-10.663235191998979,-1.9406053513217558,891.2136111588763,62.321313270578806,1430.030216612281,33.28218718285984,-21.97274200335619
7861,-464.89936391012554,-46.489936391012556,-3.7159693635302347,-0.6896538313631462,894.9295805224066,62.581165777215574,1430.030216612281,33.28218718285984,-21.97274200335619
7862,-462.47587615345833,-46.24758761534583,2.423487756667214,0.4529031724529897,892.5060927657394,62.41169468992565,1430.030216612281,33.28218718285984,-21.97274200335619
7863,-461.8296045340999,-46.18296045340998,0.6462716193584583,0.12023118418085232,891.8598211463809,62.36650182533784,1430.030216612281,33.28218718285984,-21.97274200335619
7864,-469.7462777916062,-46.97462777916061,-7.916673257506318,-1.4710346990849943,899.7764944038872,62.92010364196664,1430.030216612281,33.28218718285984,-21.97274200335619
7865,-467.16125294602625,-46.71612529460263,2.5850248455799374,0.48750715691610047,897.1914695583073,62.739336493444156,1430.030216612281,33.28218718285984,-21.97274200335619
7866,-466.838117136347,-46.683811713634704,0.32313580967922917,0.06064420267215542,896.8683337486281,62.71674006115025,1430.030216612281,33.28218718285984,-21.97274200335619
7867,-467.6459258446182,-46.764592584461816,-0.8078087082711818,-0.1515128395774279,897.6761424568992,62.77322898697063,1430.030216612281,33.28218718285984,-21.97274200335619
7868,-475.2394632924452,-47.52394632924452,-7.593537447826975,-1.4264073135675126,905.2696799047262,63.30423437130551,1430.030216612281,33.28218718285984,-21.97274200335619
7869,-477.8624754241938,-47.78624754241938,-2.6230121317486237,-0.49984934999226516,907.8926920364748,63.48765791727522,1430.030216612281,33.28218718285984,-21.97274200335619
7870,-477.8624754241938,-47.78624754241938,0.0,0.0,907.8926920364748,63.48765791727522,1430.030216612281,0.0,0.0
7871,-477.8624754241938,-47.78624754241938,0.0,0.0,907.8926920364748,63.48765791727522,1430.030216612281,0.0,0.0
7872,-478.38409133286086,-47.838409133286085,-0.5216159086670586,-0.09990009990008542,908.4143079451419,63.52413378349172,1430.030216612281,0.0,0.0
7873,-469.6982862154116,-46.96982862154117,8.685805117449263,1.6651725864043732,899.7285028276926,62.91674765860089,1430.030216612281,8.685805117449263,0.0
7874,-476.8330716097763,-47.68330716097763,-7.134785394364712,-1.3454200144755513,906.8632882220573,63.41567315762055,1430.030216612281,8.685805117449263,0.0
7875,-481.02089586323643,-48.10208958632365,-4.187824253460121,-0.8004757231780624,911.0511124755175,63.70852181248192,1430.030216612281,8.685805117449263,-2.6368045303755707
7876,-476.057561748234,-47.6057561748234,4.9633341150024535,0.9563649240287075,906.087778360515,63.361442844684966,1430.030216612281,8.685805117449263,-2.6368045303755707
7877,-468.5241368904333,-46.852413689043324,7.533424857800696,1.4378344466497994,898.5543535027143,62.83464104915038,1430.030216612281,9.85995444242758,-2.6368045303755707
7878,-468.5241368904333,-46.852413689043324,0.0,0.0,898.5543535027143,62.83464104915038,1430.030216612281,0.0,0.0
7879,-468.5241368904333,-46.852413689043324,0.0,0.0,898.5543535027143,62.83464104915038,1430.030216612281,0.0,0.0
7880,-468.5241368904333,-46.852413689043324,0.0,0.0,898.5543535027143,62.83464104915038,1430.030216612281,0.0,0.0
7881,-468.5241368904333,-46.852413689043324,0.0,0.0,898.5543535027143,62.83464104915038,1430.030216612281,0.0,0.0
7882,-468.5241368904333,-46.852413689043324,0.0,0.0,898.5543535027143,62.83464104915038,1430.030216612281,0.0,0.0
7883,-468.5241368904333,-46.852413689043324,0.0,0.0,898.5543535027143,62.83464104915038,1430.030216612281,0.0,0.0
7884,-468.5241368904333,-46.852413689043324,0.0,0.0,898.5543535027143,62.83464104915038,1430.030216612281,0.0,0.0
7885,-469.05508180862455,-46.905508180862455,-0.5309449181912669,-0.09990009990007431,899.0852984209056,62.87176927987049,1430.030216612281,0.0,0.0
7886,-467.60396965526456,-46.76039696552645,1.4511121533599862,0.27330747571765457,897.6341862675456,62.770295049710676,1430.030216612281,1.4511121533599862,0.0
7887,-477.11680232594756,-47.71168023259476,-9.512832670682997,-1.786796318620798,907.1470189382286,63.43551404719584,1430.030216612281,1.4511121533599862,-8.06172051732301
7888,-475.6656901725876,-47.56656901725875,1.4511121533599862,0.2775212819641215,905.6959067848686,63.33403981703603,1430.030216612281,1.4511121533599862,-8.06172051732301
7889,-479.21286688214457,-47.92128668821446,-3.547176709556993,-0.6765105092444879,909.2430834944256,63.582088890989176,1430.030216612281,1.4511121533599862,-10.157785073520017
7890,-470.6674013096706,-47.066740130967055,8.545465572473972,1.6408749427647917,900.6976179219516,62.98451651292306,1430.030216612281,1.4511121533599862,-10.157785073520017
7891,-465.9916501542185,-46.59916501542185,4.675751155452076,0.8833295298685151,896.0218667664996,62.65754781665811,1430.030216612281,3.063431654406031,-10.157785073520017
7892,-463.57310939660306,-46.3573109396603,2.4185407576154603,0.4529031724529897,893.6033260088841,62.48842266604802,1430.030216612281,5.481972412021491,-10.157785073520017
7893,-460.8321539436156,-46.08321539436155,2.740955452987464,0.5109653339534059,890.8623705558966,62.296751509652395,1430.030216612281,8.222927865008955,-10.157785073520017
7894,-462.92815699376615,-46.29281569937661,-2.096003050150557,-0.3887477833630637,892.9583736060472,62.44332205241449,1430.030216612281,8.222927865008955,-10.157785073520017
7895,-460.34840888846463,-46.03484088884646,2.579748105301519,0.4803357574773459,890.3786255007457,62.26292389891162,1430.030216612281,8.706672920159917,-10.157785073520017
7896,-457.7686607831631,-45.77686607831632,2.579748105301519,0.47803956252365776,887.7988773954442,62.082525745408766,1430.030216612281,11.286421025461436,-10.157785073520017
7897,-453.57659317681555,-45.35765931768155,4.192067606347564,0.7731142232395349,883.6068097890966,61.78938035885334,1430.030216612281,15.478488631809,-10.157785073520017
7898,-455.1889126778616,-45.51889126778615,-1.612319501046045,-0.2950677955799508,885.2191292901426,61.90212759190591,1430.030216612281,15.478488631809,-10.157785073520017
7899,-460.509677742197,-46.0509677742197,-5.320765064335433,-0.9766256943279372,890.5398943544781,62.274201202835634,1430.030216612281,15.478488631809,-10.157785073520017
7900,-467.12028610616005,-46.71202861061601,-6.610608363963024,-1.2253432714598445,897.1505027184411,62.736471740001164,1430.030216612281,15.478488631809,-10.157785073520017
7901,-451.64179747435105,-45.16417974743511,15.478488631809,2.904687160767505,881.6720140866321,61.654082818984,1430.030216612281,17.4132843342735,-10.157785073520017
7902,-454.22154557965257,-45.42215455796526,-2.579748105301519,-0.47044944224771124,884.2517621919336,61.83448097248686,1430.030216612281,17.4132843342735,-10.157785073520017
7903,-462.44447344466164,-46.24444734446617,-8.22292786500907,-1.5066420813079517,892.4746900569427,62.40949874270497,1430.030216612281,17.4132843342735,-10.157785073520017
7904,-461.7995210418246,-46.17995210418246,0.6449524028370206,0.11997875028275651,891.8297376541057,62.36439812907144,1430.030216612281,17.4132843342735,-10.157785073520017
7905,-469.3775580100431,-46.93775580100431,-7.578036968218498,-1.4080323716708198,899.4077746223242,62.89431958668727,1430.030216612281,17.4132843342735,-10.157785073520017
7906,-463.08942584749855,-46.30894258474986,6.288132162544571,1.1850482876228474,893.1196424597796,62.45459935633849,1430.030216612281,17.4132843342735,-10.157785073520017
7907,-460.6708850898831,-46.067088508988306,2.4185407576154603,0.45045504298979466,890.7011017021641,62.285474205728384,1430.030216612281,17.4132843342735,-10.157785073520017
7908,-459.54224913794155,-45.95422491379415,1.1286359519415328,0.20926664642044734,889.5724657502226,62.206550282385344,1430.030216612281,17.4132843342735,-10.157785073520017
7909,-457.2849772340586,-45.72849772340586,2.257271903882952,0.4176592712904048,887.3151938463396,62.04870243569924,1430.030216612281,17.4132843342735,-10.157785073520017
7910,-458.2524058383141,-45.82524058383141,-0.9674286042554741,-0.178257200127796,888.2826224505951,62.11635335614953,1430.030216612281,17.4132843342735,-10.157785073520017
7911,-458.5748205336861,-45.85748205336861,-0.32241469537200373,-0.059513821352707996,888.6050371459671,62.13889936193505,1430.030216612281,17.4132843342735,-10.157785073520017
7912,-455.02770533017554,-45.502770533017554,3.5471152035105433,0.655144115574191,885.0579219424566,61.890854589013145,1430.030216612281,17.4132843342735,-10.157785073520017
7913,-460.8321539436156,-46.08321539436155,-5.804448613440059,-1.0650905872117256,890.8623705558966,62.296751509652395,1430.030216612281,17.4132843342735,-10.157785073520017
7914,-458.2524058383141,-45.82524058383141,2.579748105301519,0.47846846286745404,888.2826224505951,62.11635335614953,1430.030216612281,17.4132843342735,-10.157785073520017
7915,-459.8647253393601,-45.98647253393601,-1.612319501046045,-0.29761451982837084,889.8949419516412,62.22910058920211,1430.030216612281,17.4132843342735,-10.157785073520017
7916,-463.2506331951846,-46.325063319518456,-3.3859078558244846,-0.6268629387243374,893.2808498074656,62.465872359231255,1430.030216612281,17.4132843342735,-10.157785073520017
7917,-459.05856558883704,-45.905856558883706,4.192067606347564,0.7810102564819621,889.0887822011181,62.17272697267582,1430.030216612281,17.4132843342735,-10.157785073520017
7918,-456.15634128211707,-45.6156341282117,2.9022243067199724,0.5365135894755735,886.1865578943981,61.9697785123562,1430.030216612281,17.4132843342735,-10.157785073520017
7919,-458.2524058383141,-45.82524058383141,-2.096064556197007,-0.3854167503099193,888.2826224505951,62.11635335614953,1430.030216612281,17.4132843342735,-10.157785073520017
7920,-462.2832660969756,-46.228326609697554,-4.030860258661505,-0.7440476528370987,892.3134827092566,62.398225739812204,1430.030216612281,17.4132843342735,-10.157785073520017
7921,-463.08942584749855,-46.30894258474986,-0.8061597505229656,-0.1499227566662209,893.1196424597796,62.45459935633849,1430.030216612281,17.4132843342735,-10.157785073520017
7922,-468.7326056072061,-46.87326056072061,-5.64317975970755,-1.0510464929127439,898.7628222194871,62.84921897305373,1430.030216612281,17.4132843342735,-10.157785073520017
7923,-465.9916501542185,-46.59916501542185,2.7409554529875777,0.5159276631535592,896.0218667664996,62.65754781665811,1430.030216612281,17.4132843342735,-10.157785073520017
7924,-471.3123537125076,-47.13123537125076,-5.320703558289097,-0.9963708544680427,901.3425703247887,63.029617126556595,1430.030216612281,17.4132843342735,-10.157785073520017
7925,-470.6674013096706,-47.066740130967055,0.6449524028370206,0.12199119978799633,900.6976179219516,62.98451651292306,1430.030216612281,17.4132843342735,-10.157785073520017
7926,-476.9555949782615,-47.695559497826146,-6.288193668590907,-1.187947555874913,906.9858115905425,63.42424104430307,1430.030216612281,17.4132843342735,-10.157785073520017
7927,-477.439278527366,-47.743927852736604,-0.48368354910451217,-0.09247466265974724,907.469495139647,63.4580643540126,1430.030216612281,17.4132843342735,-10.157785073520017
7928,-479.6965504312491,-47.9696550431249,-2.2572719038830655,-0.431963561578419,909.7267670435301,63.6159122006987,1430.030216612281,17.4132843342735,-10.64146862262453
7929,-463.73437825033557,-46.37343782503356,15.962172180913512,3.0678582266067345,893.7645948626166,62.49969996997202,1430.030216612281,17.4132843342735,-10.64146862262453
7930,-461.15463014503405,-46.1154630145034,2.579748105301519,0.48105789382593134,891.1848467573151,62.31930181646915,1430.030216612281,17.4132843342735,-10.64146862262453
7931,-469.3775580100431,-46.93775580100431,-8.22292786500907,-1.5260273772459643,899.4077746223242,62.89431958668727,1430.030216612281,17.4132843342735,-10.64146862262453
7932,-465.8303813004861,-46.583038130048614,3.547176709556993,0.6684935330391051,895.8605979127672,62.64627051273411,1430.030216612281,17.4132843342735,-10.64146862262453
7933,-464.05679294570757,-46.40567929457076,1.7735883547785534,0.3320271862515378,894.0870095579886,62.52224597575753,1430.030216612281,17.4132843342735,-10.64146862262453
7934,-477.7617547287846,-47.77617547287846,-13.70496178307701,-2.5571668047447926,907.7919713410656,63.480614660829374,1430.030216612281,17.4132843342735,-10.64146862262453
7935,-476.63311877684305,-47.6633118776843,1.1286359519415328,0.21611514709256596,906.6633353891241,63.40169073748632,1430.030216612281,17.4132843342735,-10.64146862262453
7936,-476.7943261245291,-47.67943261245291,-0.1612073476860587,-0.030801977249550472,906.8245427368101,63.412963740379084,1430.030216612281,17.4132843342735,-10.64146862262453
7937,-473.7739637100975,-47.37739637100975,3.020362414431588,0.5772801338447486,903.8041803223786,63.20175404848971,1430.030216612281,17.4132843342735,-10.64146862262453
7938,-473.7739637100975,-47.37739637100975,0.0,0.0,903.8041803223786,63.20175404848971,1430.030216612281,0.0,0.0
7939,-473.7739637100975,-47.37739637100975,0.0,0.0,903.8041803223786,63.20175404848971,1430.030216612281,0.0,0.0
7940,-473.7739637100975,-47.37739637100975,0.0,0.0,903.8041803223786,63.20175404848971,1430.030216612281,0.0,0.0
7941,-474.29966404605136,-47.42996640460514,-0.525700335953843,-0.09990009990007431,904.3298806583324,63.238515532956754,1430.030216612281,0.0,0.0
7942,-480.31976795260925,-48.031976795260924,-6.0201039065578925,-1.145158847127925,910.3499845648903,63.65949292466666,1430.030216612281,0.0,-6.0201039065578925
7943,-492.03455803379376,-49.203455803379384,-11.714790081184503,-2.2542304591867235,922.0647746460747,64.47869170418173,1430.030216612281,0.0,-17.734893987742396
7944,-492.3599447321821,-49.23599447321821,-0.32538669838834267,-0.06405685731865063,922.3901613444632,64.5014455379545,1430.030216612281,0.0,-18.06028068613074
7945,-480.4824768185749,-48.04824768185749,11.877467913607177,2.3397420653382017,910.512693430856,63.67087092661903,1430.030216612281,0.0,-18.06028068613074
7946,-485.85174526127014,-48.58517452612702,-5.3692684426952155,-1.033510556066497,915.8819618735512,64.04633631051945,1430.030216612281,0.0,-18.06028068613074
7947,-491.0583048379997,-49.10583048379997,-5.206559576729546,-1.0126572498773356,921.0885214502807,64.41042369246748,1430.030216612281,0.0,-18.06028068613074
7948,-493.4989067939418,-49.34989067939418,-2.4406019559420997,-0.4795445095464701,923.5291234062229,64.5810915516211,1430.030216612281,0.0,-19.199242747890423
7949,-482.3023325960445,-48.23023325960445,11.196574197897291,2.2105725630373385,912.3325492083255,63.798130879333925,1430.030216612281,0.0,-19.199242747890423
7950,-482.3023325960445,-48.23023325960445,0.0,0.0,912.3325492083255,63.798130879333925,1430.030216612281,0.0,0.0
7951,-482.3023325960445,-48.23023325960445,0.0,0.0,912.3325492083255,63.798130879333925,1430.030216612281,0.0,0.0
7952,-482.3023325960445,-48.23023325960445,0.0,0.0,912.3325492083255,63.798130879333925,1430.030216612281,0.0,0.0
7953,-482.3023325960445,-48.23023325960445,0.0,0.0,912.3325492083255,63.798130879333925,1430.030216612281,0.0,0.0
7954,-482.3023325960445,-48.23023325960445,0.0,0.0,912.3325492083255,63.798130879333925,1430.030216612281,0.0,0.0
7955,-482.3023325960445,-48.23023325960445,0.0,0.0,912.3325492083255,63.798130879333925,1430.030216612281,0.0,0.0
7956,-482.3023325960445,-48.23023325960445,0.0,0.0,912.3325492083255,63.798130879333925,1430.030216612281,0.0,0.0
7957,-482.3023325960445,-48.23023325960445,0.0,0.0,912.3325492083255,63.798130879333925,1430.030216612281,0.0,0.0
7958,-482.3023325960445,-48.23023325960445,0.0,0.0,912.3325492083255,63.798130879333925,1430.030216612281,0.0,0.0
7959,-482.3023325960445,-48.23023325960445,0.0,0.0,912.3325492083255,63.798130879333925,1430.030216612281,0.0,0.0
7960,-482.3023325960445,-48.23023325960445,0.0,0.0,912.3325492083255,63.798130879333925,1430.030216612281,0.0,0.0
7961,-482.8195130829615,-48.28195130829616,-0.5171804869170273,-0.09990009990009652,912.8497296952426,63.83429658275117,1430.030216612281,0.0,0.0
7962,-481.39254035249746,-48.13925403524975,1.4269727304640583,0.2759138765985547,911.4227569647785,63.734510388453515,1430.030216612281,1.4269727304640583,0.0
7963,-481.39254035249746,-48.13925403524975,0.0,0.0,911.4227569647785,63.734510388453515,1430.030216612281,0.0,0.0
7964,-481.39254035249746,-48.13925403524975,0.0,0.0,911.4227569647785,63.734510388453515,1430.030216612281,0.0,0.0
7965,-481.9106297227746,-48.191062972277464,-0.5180893702771527,-0.09990009990008542,911.9408463350557,63.7707396488047,1430.030216612281,0.0,0.0
7966,-483.0344629206868,-48.30344629206868,-1.1238331979121767,-0.2169187909242032,913.0646795329678,63.849327722319295,1430.030216612281,0.0,-1.1238331979121767
7967,-481.58952577418313,-48.15895257741831,1.444937146503662,0.2795035728429873,911.6197423864642,63.74828530169642,1430.030216612281,0.3211039485914853,-1.1238331979121767
7968,-473.5621107923438,-47.35621107923438,8.027414981839343,1.5484669737484191,903.5923274046248,63.18693947217569,1430.030216612281,8.348518930430828,-1.1238331979121767
7969,-484.51377699169484,-48.451377699169484,-10.951666199351052,-2.080333962252312,914.5439936039759,63.952774072880516,1430.030216612281,8.348518930430828,-2.6031472689202246
7970,-484.51377699169484,-48.451377699169484,0.0,0.0,914.5439936039759,63.952774072880516,1430.030216612281,0.0,0.0
7971,-484.51377699169484,-48.451377699169484,0.0,0.0,914.5439936039759,63.952774072880516,1430.030216612281,0.0,0.0
7972,-484.51377699169484,-48.451377699169484,0.0,0.0,914.5439936039759,63.952774072880516,1430.030216612281,0.0,0.0
7973,-484.51377699169484,-48.451377699169484,0.0,0.0,914.5439936039759,63.952774072880516,1430.030216612281,0.0,0.0
7974,-484.51377699169484,-48.451377699169484,0.0,0.0,914.5439936039759,63.952774072880516,1430.030216612281,0.0,0.0
7975,-484.51377699169484,-48.451377699169484,0.0,0.0,914.5439936039759,63.952774072880516,1430.030216612281,0.0,0.0
7976,-484.51377699169484,-48.451377699169484,0.0,0.0,914.5439936039759,63.952774072880516,1430.030216612281,0.0,0.0
7977,-484.51377699169484,-48.451377699169484,0.0,0.0,914.5439936039759,63.952774072880516,1430.030216612281,0.0,0.0
7978,-484.51377699169484,-48.451377699169484,0.0,0.0,914.5439936039759,63.952774072880516,1430.030216612281,0.0,0.0
7979,-484.51377699169484,-48.451377699169484,0.0,0.0,914.5439936039759,63.952774072880516,1430.030216612281,0.0,0.0
7980,-484.51377699169484,-48.451377699169484,0.0,0.0,914.5439936039759,63.952774072880516,1430.030216612281,0.0,0.0
7981,-484.51377699169484,-48.451377699169484,0.0,0.0,914.5439936039759,63.952774072880516,1430.030216612281,0.0,0.0
7982,-484.51377699169484,-48.451377699169484,0.0,0.0,914.5439936039759,63.952774072880516,1430.030216612281,0.0,0.0
7983,-484.51377699169484,-48.451377699169484,0.0,0.0,914.5439936039759,63.952774072880516,1430.030216612281,0.0,0.0
7984,-484.51377699169484,-48.451377699169484,0.0,0.0,914.5439936039759,63.952774072880516,1430.030216612281,0.0,0.0
7985,-484.51377699169484,-48.451377699169484,0.0,0.0,914.5439936039759,63.952774072880516,1430.030216612281,0.0,0.0
7986,-484.51377699169484,-48.451377699169484,0.0,0.0,914.5439936039759,63.952774072880516,1430.030216612281,0.0,0.0
7987,-484.51377699169484,-48.451377699169484,0.0,0.0,914.5439936039759,63.952774072880516,1430.030216612281,0.0,0.0
7988,-484.51377699169484,-48.451377699169484,0.0,0.0,914.5439936039759,63.952774072880516,1430.030216612281,0.0,0.0
7989,-484.51377699169484,-48.451377699169484,0.0,0.0,914.5439936039759,63.952774072880516,1430.030216612281,0.0,0.0
7990,-484.51377699169484,-48.451377699169484,0.0,0.0,914.5439936039759,63.952774072880516,1430.030216612281,0.0,0.0
7991,-484.51377699169484,-48.451377699169484,0.0,0.0,914.5439936039759,63.952774072880516,1430.030216612281,0.0,0.0
7992,-484.51377699169484,-48.451377699169484,0.0,0.0,914.5439936039759,63.952774072880516,1430.030216612281,0.0,0.0
7993,-484.51377699169484,-48.451377699169484,0.0,0.0,914.5439936039759,63.952774072880516,1430.030216612281,0.0,0.0
7994,-484.51377699169484,-48.451377699169484,0.0,0.0,914.5439936039759,63.952774072880516,1430.030216612281,0.0,0.0
7995,-484.51377699169484,-48.451377699169484,0.0,0.0,914.5439936039759,63.952774072880516,1430.030216612281,0.0,0.0
7996,-484.51377699169484,-48.451377699169484,0.0,0.0,914.5439936039759,63.952774072880516,1430.030216612281,0.0,0.0
7997,-484.51377699169484,-48.451377699169484,0.0,0.0,914.5439936039759,63.952774072880516,1430.030216612281,0.0,0.0
7998,-484.51377699169484,-48.451377699169484,0.0,0.0,914.5439936039759,63.952774072880516,1430.030216612281,0.0,0.0
7999,-484.51377699169484,-48.451377699169484,0.0,0.0,914.5439936039759,63.952774072880516,1430.030216612281,0.0,0.0
8000,-484.51377699169484,-48.451377699169484,0.0,0.0,914.5439936039759,63.952774072880516,1430.030216612281,0.0,0.0
8001,-484.51377699169484,-48.451377699169484,0.0,0.0,914.5439936039759,63.952774072880516,1430.030216612281,0.0,0.0
8002,-484.51377699169484,-48.451377699169484,0.0,0.0,914.5439936039759,63.952774072880516,1430.030216612281,0.0,0.0
8003,-484.51377699169484,-48.451377699169484,0.0,0.0,914.5439936039759,63.952774072880516,1430.030216612281,0.0,0.0
8004,-484.51377699169484,-48.451377699169484,0.0,0.0,914.5439936039759,63.952774072880516,1430.030216612281,0.0,0.0
8005,-484.51377699169484,-48.451377699169484,0.0,0.0,914.5439936039759,63.952774072880516,1430.030216612281,0.0,0.0
8006,-484.51377699169484,-48.451377699169484,0.0,0.0,914.5439936039759,63.952774072880516,1430.030216612281,0.0,0.0
8007,-484.51377699169484,-48.451377699169484,0.0,0.0,914.5439936039759,63.952774072880516,1430.030216612281,0.0,0.0
8008,-484.51377699169484,-48.451377699169484,0.0,0.0,914.5439936039759,63.952774072880516,1430.030216612281,0.0,0.0
8009,-484.51377699169484,-48.451377699169484,0.0,0.0,914.5439936039759,63.952774072880516,1430.030216612281,0.0,0.0
8010,-484.51377699169484,-48.451377699169484,0.0,0.0,914.5439936039759,63.952774072880516,1430.030216612281,0.0,0.0
8011,-484.51377699169484,-48.451377699169484,0.0,0.0,914.5439936039759,63.952774072880516,1430.030216612281,0.0,0.0
8012,-484.51377699169484,-48.451377699169484,0.0,0.0,914.5439936039759,63.952774072880516,1430.030216612281,0.0,0.0
8013,-484.51377699169484,-48.451377699169484,0.0,0.0,914.5439936039759,63.952774072880516,1430.030216612281,0.0,0.0
8014,-484.51377699169484,-48.451377699169484,0.0,0.0,914.5439936039759,63.952774072880516,1430.030216612281,0.0,0.0
8015,-484.51377699169484,-48.451377699169484,0.0,0.0,914.5439936039759,63.952774072880516,1430.030216612281,0.0,0.0
8016,-484.51377699169484,-48.451377699169484,0.0,0.0,914.5439936039759,63.952774072880516,1430.030216612281,0.0,0.0
8017,-484.51377699169484,-48.451377699169484,0.0,0.0,914.5439936039759,63.952774072880516,1430.030216612281,0.0,0.0
8018,-484.51377699169484,-48.451377699169484,0.0,0.0,914.5439936039759,63.952774072880516,1430.030216612281,0.0,0.0
8019,-484.51377699169484,-48.451377699169484,0.0,0.0,914.5439936039759,63.952774072880516,1430.030216612281,0.0,0.0
8020,-484.51377699169484,-48.451377699169484,0.0,0.0,914.5439936039759,63.952774072880516,1430.030216612281,0.0,0.0
8021,-484.51377699169484,-48.451377699169484,0.0,0.0,914.5439936039759,63.952774072880516,1430.030216612281,0.0,0.0
8022,-484.51377699169484,-48.451377699169484,0.0,0.0,914.5439936039759,63.952774072880516,1430.030216612281,0.0,0.0
8023,-484.51377699169484,-48.451377699169484,0.0,0.0,914.5439936039759,63.952774072880516,1430.030216612281,0.0,0.0
8024,-484.51377699169484,-48.451377699169484,0.0,0.0,914.5439936039759,63.952774072880516,1430.030216612281,0.0,0.0
8025,-484.51377699169484,-48.451377699169484,0.0,0.0,914.5439936039759,63.952774072880516,1430.030216612281,0.0,0.0
8026,-484.51377699169484,-48.451377699169484,0.0,0.0,914.5439936039759,63.952774072880516,1430.030216612281,0.0,0.0
8027,-484.51377699169484,-48.451377699169484,0.0,0.0,914.5439936039759,63.952774072880516,1430.030216612281,0.0,0.0
8028,-484.51377699169484,-48.451377699169484,0.0,0.0,914.5439936039759,63.952774072880516,1430.030216612281,0.0,0.0
8029,-484.51377699169484,-48.451377699169484,0.0,0.0,914.5439936039759,63.952774072880516,1430.030216612281,0.0,0.0
8030,-484.51377699169484,-48.451377699169484,0.0,0.0,914.5439936039759,63.952774072880516,1430.030216612281,0.0,0.0
8031,-484.51377699169484,-48.451377699169484,0.0,0.0,914.5439936039759,63.952774072880516,1430.030216612281,0.0,0.0
8032,-484.51377699169484,-48.451377699169484,0.0,0.0,914.5439936039759,63.952774072880516,1430.030216612281,0.0,0.0
8033,-484.51377699169484,-48.451377699169484,0.0,0.0,914.5439936039759,63.952774072880516,1430.030216612281,0.0,0.0
8034,-484.51377699169484,-48.451377699169484,0.0,0.0,914.5439936039759,63.952774072880516,1430.030216612281,0.0,0.0
8035,-484.51377699169484,-48.451377699169484,0.0,0.0,914.5439936039759,63.952774072880516,1430.030216612281,0.0,0.0
8036,-484.51377699169484,-48.451377699169484,0.0,0.0,914.5439936039759,63.952774072880516,1430.030216612281,0.0,0.0
8037,-484.51377699169484,-48.451377699169484,0.0,0.0,914.5439936039759,63.952774072880516,1430.030216612281,0.0,0.0
8038,-484.51377699169484,-48.451377699169484,0.0,0.0,914.5439936039759,63.952774072880516,1430.030216612281,0.0,0.0
8039,-484.51377699169484,-48.451377699169484,0.0,0.0,914.5439936039759,63.952774072880516,1430.030216612281,0.0,0.0
8040,-484.51377699169484,-48.451377699169484,0.0,0.0,914.5439936039759,63.952774072880516,1430.030216612281,0.0,0.0
8041,-484.51377699169484,-48.451377699169484,0.0,0.0,914.5439936039759,63.952774072880516,1430.030216612281,0.0,0.0
8042,-484.51377699169484,-48.451377699169484,0.0,0.0,914.5439936039759,63.952774072880516,1430.030216612281,0.0,0.0
8043,-484.51377699169484,-48.451377699169484,0.0,0.0,914.5439936039759,63.952774072880516,1430.030216612281,0.0,0.0
8044,-484.51377699169484,-48.451377699169484,0.0,0.0,914.5439936039759,63.952774072880516,1430.030216612281,0.0,0.0
8045,-484.51377699169484,-48.451377699169484,0.0,0.0,914.5439936039759,63.952774072880516,1430.030216612281,0.0,0.0
8046,-484.51377699169484,-48.451377699169484,0.0,0.0,914.5439936039759,63.952774072880516,1430.030216612281,0.0,0.0
8047,-484.51377699169484,-48.451377699169484,0.0,0.0,914.5439936039759,63.952774072880516,1430.030216612281,0.0,0.0
8048,-484.51377699169484,-48.451377699169484,0.0,0.0,914.5439936039759,63.952774072880516,1430.030216612281,0.0,0.0
8049,-484.51377699169484,-48.451377699169484,0.0,0.0,914.5439936039759,63.952774072880516,1430.030216612281,0.0,0.0
8050,-484.51377699169484,-48.451377699169484,0.0,0.0,914.5439936039759,63.952774072880516,1430.030216612281,0.0,0.0
8051,-484.51377699169484,-48.451377699169484,0.0,0.0,914.5439936039759,63.952774072880516,1430.030216612281,0.0,0.0
8052,-484.51377699169484,-48.451377699169484,0.0,0.0,914.5439936039759,63.952774072880516,1430.030216612281,0.0,0.0
8053,-484.51377699169484,-48.451377699169484,0.0,0.0,914.5439936039759,63.952774072880516,1430.030216612281,0.0,0.0
8054,-484.51377699169484,-48.451377699169484,0.0,0.0,914.5439936039759,63.952774072880516,1430.030216612281,0.0,0.0
8055,-484.51377699169484,-48.451377699169484,0.0,0.0,914.5439936039759,63.952774072880516,1430.030216612281,0.0,0.0
8056,-485.02874824345133,-48.502874824345135,-0.5149712517564922,-0.09990009990008542,915.0589648557324,63.98878528759291,1430.030216612281,0.0,0.0
8057,-494.6544268390625,-49.46544268390626,-9.625678595611191,-1.8691681453631315,924.6846434513436,64.66189544175556,1430.030216612281,0.0,-9.625678595611191
8058,-503.5280571609272,-50.35280571609272,-8.873630321864653,-1.7559529148261976,933.5582737732082,65.28241591879038,1430.030216612281,0.0,-18.499308917475844
8059,-494.9551773006874,-49.49551773006874,8.572879860239766,1.7267601893504292,924.9853939129684,64.68292649817178,1430.030216612281,0.0,-18.499308917475844
8060,-508.4912430029312,-50.84912430029311,-13.536065702243775,-2.680171163798406,938.5214596152123,65.62948451806527,1430.030216612281,0.0,-23.462494759479853
8061,-505.63365463166997,-50.563365463166996,2.8575883712612153,0.5813911411711059,935.663871243951,65.42965738587846,1430.030216612281,0.0,-23.462494759479853
8062,-506.08483769733544,-50.608483769733546,-0.45118306566547517,-0.09126492324822433,936.1150543096164,65.46120798253187,1430.030216612281,0.0,-23.462494759479853
8063,-504.12961545740507,-50.41296154574051,1.9552222399303787,0.3958619595347157,934.1598320696861,65.32448204365191,1430.030216612281,0.0,-23.462494759479853
8064,-502.6256336563683,-50.26256336563682,1.5039818010367867,0.303301396477651,932.6558502686494,65.21931071345446,1430.030216612281,0.0,-23.462494759479853
8065,-502.0240179866623,-50.20240179866623,0.6016156697060069,0.12095831840484017,932.0542345989434,65.17724057656383,1430.030216612281,0.0,-23.462494759479853
8066,-499.0159970113605,-49.90159970113606,3.008020975301747,0.604049408796814,929.0462136236415,64.96689390413982,1430.030216612281,0.0,-23.462494759479853
8067,-500.6704114164379,-50.0670411416438,-1.6544144050773752,-0.3302329805358828,930.7006280287189,65.08258477457449,1430.030216612281,0.0,-23.462494759479853
8068,-495.55679297039336,-49.55567929703933,5.113618446044541,1.0240968216103985,925.5870095826745,64.72499663506241,1430.030216612281,0.0,-23.462494759479853
8069,-473.7487126159908,-47.37487126159908,21.808080354402534,4.323198340367895,903.7789292282719,63.1999882750247,1430.030216612281,11.280035627460506,-23.462494759479853
8070,-470.59031640987666,-47.05903164098767,3.158396206114162,0.6001688322349708,900.6205330221577,62.979126074392575,1430.030216612281,14.438431833574668,-23.462494759479853
8071,-470.89112424472967,-47.089112424472965,-0.30080783485300344,-0.056819481051628706,900.9213408570107,63.00016114283788,1430.030216612281,14.438431833574668,-23.462494759479853
8072,-475.85436745996174,-47.58543674599618,-4.963243215232069,-0.9380381699602647,905.8845840722428,63.347233754141854,1430.030216612281,14.438431833574668,-23.462494759479853
8073,-474.1999530548844,-47.41999530548844,1.6544144050773184,0.31564021568966094,904.2301696671655,63.231542883707206,1430.030216612281,14.438431833574668,-23.462494759479853
8074,-476.90716619533316,-47.69071661953331,-2.7072131404487436,-0.5148750282883308,906.9373828076142,63.420854487685894,1430.030216612281,14.438431833574668,-23.462494759479853
8075,-482.1711598721902,-48.21711598721902,-5.263993676857012,-1.0063211224993984,912.2013764844712,63.78895815540611,1430.030216612281,14.438431833574668,-23.462494759479853
8076,-487.28477831823466,-48.72847783182347,-5.113618446044484,-0.9875113260942259,917.3149949305157,64.14654629491818,1430.030216612281,14.438431833574668,-23.462494759479853
8077,-489.240000558165,-48.9240000558165,-1.9552222399303218,-0.3813466340080507,919.270217170446,64.28327223379814,1430.030216612281,14.438431833574668,-23.462494759479853
8078,-491.79678109457325,-49.17967810945733,-2.5567805364082687,-0.500583549847744,921.8269977068543,64.46206429753965,1430.030216612281,14.438431833574668,-23.462494759479853
8079,-492.3983967642792,-49.23983967642792,-0.60161566970595,-0.11838092466271988,922.4286133765602,64.50413443443027,1430.030216612281,14.438431833574668,-23.462494759479853
8080,-499.9184205159195,-49.99184205159195,-7.520023751640281,-1.4814814814814725,929.9486371282005,65.02999910947575,1430.030216612281,14.438431833574668,-23.462494759479853
8081,-500.82084402047843,-50.08208440204784,-0.9024235045589535,-0.18045525801809736,930.8510606327595,65.09310431481168,1430.030216612281,14.438431833574668,-23.462494759479853
8082,-499.16642961540106,-49.916642961540106,1.6544144050773752,0.3314269807261905,929.1966462276821,64.97741344437702,1430.030216612281,14.438431833574668,-23.462494759479853
8083,-503.67843239173965,-50.36784323917396,-4.512002776338591,-0.9008986304320121,933.7086490040207,65.2929314469985,1430.030216612281,14.438431833574668,-23.462494759479853
8084,-502.1744505907028,-50.217445059070286,1.5039818010368435,0.3030256791548336,932.2046672029838,65.18776011680103,1430.030216612281,14.438431833574668,-23.462494759479853
8085,-502.0240179866623,-50.20240179866623,0.15043260404053171,0.030217935624032854,932.0542345989434,65.17724057656383,1430.030216612281,14.438431833574668,-23.462494759479853
8086,-501.57283492099685,-50.157283492099694,0.4511830656654183,0.09060337887005776,931.603051533278,65.14568997991041,1430.030216612281,14.438431833574668,-23.462494759479853
8087,-502.0240179866623,-50.20240179866623,-0.4511830656654183,-0.09052136345616413,932.0542345989434,65.17724057656383,1430.030216612281,14.438431833574668,-23.462494759479853
8088,-498.7151891765076,-49.87151891765076,3.3088288101546937,0.664455501804917,928.7454057887886,64.94585883569452,1430.030216612281,14.438431833574668,-23.462494759479853
8089,-501.7232101518093,-50.172321015180934,-3.008020975301747,-0.6000622620821683,931.7534267640904,65.15620550811853,1430.030216612281,14.438431833574668,-23.462494759479853
8090,-504.43042329225807,-50.443042329225804,-2.7072131404487436,-0.543315120351795,934.4606399045391,65.34551711209723,1430.030216612281,14.438431833574668,-23.462494759479853
8091,-511.0480809125675,-51.10480809125675,-6.617657620309444,-1.3353639794180028,941.0782975248485,65.80828059383585,1430.030216612281,14.438431833574668,-26.01933266911618
8092,-511.19845614338,-51.119845614338,-0.15037523081247173,-0.030754604888993953,941.228672755661,65.81879612204396,1430.030216612281,14.438431833574668,-26.169707899928653
8093,-513.1536783833103,-51.31536783833104,-1.9552222399303218,-0.4000032865084102,943.1838949955913,65.95552206092393,1430.030216612281,14.438431833574668,-28.124930139858975
8094,-508.19043516807824,-50.81904351680782,4.963243215232069,1.0194681555260487,938.2206517803593,65.60844944961997,1430.030216612281,14.438431833574668,-28.124930139858975
8095,-509.39366650749014,-50.93936665074901,-1.2032313394119,-0.2446539118902913,939.4238831197712,65.6925897234012,1430.030216612281,14.438431833574668,-28.124930139858975
8096,-515.860891523759,-51.586089152375905,-6.467225016268912,-1.318210666020203,945.8911081360401,66.14483366490263,1430.030216612281,14.438431833574668,-30.83214328030772
8097,-521.1248852006161,-52.1124885200616,-5.263993676857012,-1.0872894969019664,951.1551018128971,66.51293733262284,1430.030216612281,14.438431833574668,-36.09613695716473
8098,-522.7792996056934,-52.27792996056934,-1.6544144050773184,-0.3454793022123148,952.8095162179744,66.62862820305749,1430.030216612281,14.438431833574668,-37.75055136224205
8099,-526.2385036466605,-52.623850364666055,-3.4592040409671654,-0.7248646251323487,956.2687202589416,66.87052547213493,1430.030216612281,14.438431833574668,-41.209755403209215
8100,-525.1857049112891,-52.51857049112891,1.0527987353713684,0.22222125341020416,955.2159215235702,66.79690473859088,1430.030216612281,14.438431833574668,-41.209755403209215
8101,-527.592110216885,-52.7592110216885,-2.406405305595797,-0.5068097844750485,957.622326829166,66.96518127412428,1430.030216612281,14.438431833574668,-42.56336197343364
8102,-528.6449089522564,-52.864490895225636,-1.0527987353713684,-0.22285799160862707,958.6751255645374,67.03880200766832,1430.030216612281,14.438431833574668,-43.61616070880501
8103,-525.6368879769545,-52.56368879769546,3.008020975301747,0.6381645244597722,955.6671045892356,66.8284553352443,1430.030216612281,14.438431833574668,-43.61616070880501
8104,-531.352122092705,-53.13521220927051,-5.715234115750491,-1.2048226286770825,961.3823387049861,67.228113611647,1430.030216612281,14.438431833574668,-46.323373849253755
8105,-521.4256930354691,-52.14256930354691,9.926429057236078,2.118099649050298,951.4559096477501,66.53397240106814,1430.030216612281,14.438431833574668,-46.323373849253755
8106,-521.8768761011345,-52.18768761011344,-0.4511830656654183,-0.09427649146631634,951.9070927134155,66.56552299772157,1430.030216612281,14.438431833574668,-46.323373849253755
8107,-526.5393114815136,-52.65393114815136,-4.662435380379122,-0.9751537098559915,956.5695280937946,66.89156054058023,1430.030216612281,14.438431833574668,-46.323373849253755
8108,-523.5312905062118,-52.35312905062117,3.008020975301747,0.6353264480551069,953.5615071184928,66.68121386815622,1430.030216612281,14.438431833574668,-46.323373849253755
8109,-518.1168642253143,-51.81168642253143,5.414426280897487,1.136365552031715,948.1470808375954,66.30259066019883,1430.030216612281,14.438431833574668,-46.323373849253755
8110,-518.4485225055073,-51.84485225055073,-0.33165828019303945,-0.06882545903165171,948.4787391177883,66.32578305685873,1430.030216612281,14.438431833574668,-46.323373849253755
8111,-518.4485225055073,-51.84485225055073,0.0,0.0,948.4787391177883,66.32578305685873,1430.030216612281,0.0,0.0
8112,-518.4485225055073,-51.84485225055073,0.0,0.0,948.4787391177883,66.32578305685873,1430.030216612281,0.0,0.0
8113,-518.4485225055073,-51.84485225055073,0.0,0.0,948.4787391177883,66.32578305685873,1430.030216612281,0.0,0.0
8114,-518.4485225055073,-51.84485225055073,0.0,0.0,948.4787391177883,66.32578305685873,1430.030216612281,0.0,0.0
8115,-518.4485225055073,-51.84485225055073,0.0,0.0,948.4787391177883,66.32578305685873,1430.030216612281,0.0,0.0
8116,-518.4485225055073,-51.84485225055073,0.0,0.0,948.4787391177883,66.32578305685873,1430.030216612281,0.0,0.0
8117,-518.4485225055073,-51.84485225055073,0.0,0.0,948.4787391177883,66.32578305685873,1430.030216612281,0.0,0.0
8118,-518.4485225055073,-51.84485225055073,0.0,0.0,948.4787391177883,66.32578305685873,1430.030216612281,0.0,0.0
8119,-518.4485225055073,-51.84485225055073,0.0,0.0,948.4787391177883,66.32578305685873,1430.030216612281,0.0,0.0
8120,-518.4485225055073,-51.84485225055073,0.0,0.0,948.4787391177883,66.32578305685873,1430.030216612281,0.0,0.0
8121,-518.4485225055073,-51.84485225055073,0.0,0.0,948.4787391177883,66.32578305685873,1430.030216612281,0.0,0.0
8122,-518.4485225055073,-51.84485225055073,0.0,0.0,948.4787391177883,66.32578305685873,1430.030216612281,0.0,0.0
8123,-518.4485225055073,-51.84485225055073,0.0,0.0,948.4787391177883,66.32578305685873,1430.030216612281,0.0,0.0
8124,-518.4485225055073,-51.84485225055073,0.0,0.0,948.4787391177883,66.32578305685873,1430.030216612281,0.0,0.0
8125,-518.4485225055073,-51.84485225055073,0.0,0.0,948.4787391177883,66.32578305685873,1430.030216612281,0.0,0.0
8126,-518.4485225055073,-51.84485225055073,0.0,0.0,948.4787391177883,66.32578305685873,1430.030216612281,0.0,0.0
8127,-518.4485225055073,-51.84485225055073,0.0,0.0,948.4787391177883,66.32578305685873,1430.030216612281,0.0,0.0
8128,-518.4485225055073,-51.84485225055073,0.0,0.0,948.4787391177883,66.32578305685873,1430.030216612281,0.0,0.0
8129,-518.4485225055073,-51.84485225055073,0.0,0.0,948.4787391177883,66.32578305685873,1430.030216612281,0.0,0.0
8130,-518.4485225055073,-51.84485225055073,0.0,0.0,948.4787391177883,66.32578305685873,1430.030216612281,0.0,0.0
8131,-518.4485225055073,-51.84485225055073,0.0,0.0,948.4787391177883,66.32578305685873,1430.030216612281,0.0,0.0
8132,-518.4485225055073,-51.84485225055073,0.0,0.0,948.4787391177883,66.32578305685873,1430.030216612281,0.0,0.0
8133,-518.4485225055073,-51.84485225055073,0.0,0.0,948.4787391177883,66.32578305685873,1430.030216612281,0.0,0.0
8134,-518.4485225055073,-51.84485225055073,0.0,0.0,948.4787391177883,66.32578305685873,1430.030216612281,0.0,0.0
8135,-518.4485225055073,-51.84485225055073,0.0,0.0,948.4787391177883,66.32578305685873,1430.030216612281,0.0,0.0
8136,-518.4485225055073,-51.84485225055073,0.0,0.0,948.4787391177883,66.32578305685873,1430.030216612281,0.0,0.0
8137,-518.4485225055073,-51.84485225055073,0.0,0.0,948.4787391177883,66.32578305685873,1430.030216612281,0.0,0.0
8138,-518.4485225055073,-51.84485225055073,0.0,0.0,948.4787391177883,66.32578305685873,1430.030216612281,0.0,0.0
8139,-518.4485225055073,-51.84485225055073,0.0,0.0,948.4787391177883,66.32578305685873,1430.030216612281,0.0,0.0
8140,-518.9295929125947,-51.89295929125948,-0.4810704070873726,-0.09990009990009652,948.9598095248757,66.35942363322549,1430.030216612281,0.0,0.0
8141,-518.1324980289519,-51.813249802895186,0.7970948836427851,0.1656919386226141,948.1627146412329,66.30368391007957,1430.030216612281,0.7970948836427851,0.0
8142,-518.1324980289519,-51.813249802895186,0.0,0.0,948.1627146412329,66.30368391007957,1430.030216612281,0.0,0.0
8143,-518.1324980289519,-51.813249802895186,0.0,0.0,948.1627146412329,66.30368391007957,1430.030216612281,0.0,0.0
8144,-518.1324980289519,-51.813249802895186,0.0,0.0,948.1627146412329,66.30368391007957,1430.030216612281,0.0,0.0
8145,-518.1324980289519,-51.813249802895186,0.0,0.0,948.1627146412329,66.30368391007957,1430.030216612281,0.0,0.0
8146,-518.1324980289519,-51.813249802895186,0.0,0.0,948.1627146412329,66.30368391007957,1430.030216612281,0.0,0.0
8147,-518.1324980289519,-51.813249802895186,0.0,0.0,948.1627146412329,66.30368391007957,1430.030216612281,0.0,0.0
8148,-518.1324980289519,-51.813249802895186,0.0,0.0,948.1627146412329,66.30368391007957,1430.030216612281,0.0,0.0
8149,-518.1324980289519,-51.813249802895186,0.0,0.0,948.1627146412329,66.30368391007957,1430.030216612281,0.0,0.0
8150,-518.1324980289519,-51.813249802895186,0.0,0.0,948.1627146412329,66.30368391007957,1430.030216612281,0.0,0.0
8151,-518.1324980289519,-51.813249802895186,0.0,0.0,948.1627146412329,66.30368391007957,1430.030216612281,0.0,0.0
8152,-518.1324980289519,-51.813249802895186,0.0,0.0,948.1627146412329,66.30368391007957,1430.030216612281,0.0,0.0
8153,-518.1324980289519,-51.813249802895186,0.0,0.0,948.1627146412329,66.30368391007957,1430.030216612281,0.0,0.0
8154,-518.1324980289519,-51.813249802895186,0.0,0.0,948.1627146412329,66.30368391007957,1430.030216612281,0.0,0.0
8155,-518.1324980289519,-51.813249802895186,0.0,0.0,948.1627146412329,66.30368391007957,1430.030216612281,0.0,0.0
8156,-518.1324980289519,-51.813249802895186,0.0,0.0,948.1627146412329,66.30368391007957,1430.030216612281,0.0,0.0
8157,-518.1324980289519,-51.813249802895186,0.0,0.0,948.1627146412329,66.30368391007957,1430.030216612281,0.0,0.0
8158,-518.1324980289519,-51.813249802895186,0.0,0.0,948.1627146412329,66.30368391007957,1430.030216612281,0.0,0.0
8159,-518.1324980289519,-51.813249802895186,0.0,0.0,948.1627146412329,66.30368391007957,1430.030216612281,0.0,0.0
8160,-518.1324980289519,-51.813249802895186,0.0,0.0,948.1627146412329,66.30368391007957,1430.030216612281,0.0,0.0
8161,-518.1324980289519,-51.813249802895186,0.0,0.0,948.1627146412329,66.30368391007957,1430.030216612281,0.0,0.0
8162,-518.1324980289519,-51.813249802895186,0.0,0.0,948.1627146412329,66.30368391007957,1430.030216612281,0.0,0.0
8163,-518.1324980289519,-51.813249802895186,0.0,0.0,948.1627146412329,66.30368391007957,1430.030216612281,0.0,0.0
8164,-518.1324980289519,-51.813249802895186,0.0,0.0,948.1627146412329,66.30368391007957,1430.030216612281,0.0,0.0
8165,-518.1324980289519,-51.813249802895186,0.0,0.0,948.1627146412329,66.30368391007957,1430.030216612281,0.0,0.0
8166,-518.1324980289519,-51.813249802895186,0.0,0.0,948.1627146412329,66.30368391007957,1430.030216612281,0.0,0.0
8167,-518.1324980289519,-51.813249802895186,0.0,0.0,948.1627146412329,66.30368391007957,1430.030216612281,0.0,0.0
8168,-518.6138841448071,-51.861388414480714,-0.48138611585511626,-0.09990009990008542,948.6441007570882,66.33734656351605,1430.030216612281,0.0,0.0
8169,-523.0737395612274,-52.30737395612274,-4.459855416420339,-0.9264611648587606,953.1039561735084,66.64921797466606,1430.030216612281,0.0,-4.459855416420339
8170,-521.9588022899575,-52.19588022899574,1.11493727126998,0.2337756093036658,951.9890189022385,66.5712519807788,1430.030216612281,0.0,-4.459855416420339
8171,-522.2375498991926,-52.22375498991924,-0.2787476092350971,-0.058310373785852576,952.2677665114736,66.59074440870074,1430.030216612281,0.0,-4.459855416420339
8172,-518.0563889263369,-51.805638892633695,4.181160972855537,0.8751547912510427,948.086605538618,66.29836170767217,1430.030216612281,0.5574952184700805,-4.459855416420339
8173,-520.9832122404698,-52.098321224046984,-2.926823314132889,-0.6072958011856588,951.0134288527508,66.50303034195227,1430.030216612281,0.5574952184700805,-4.459855416420339
8174,-518.6138841448071,-51.861388414480714,2.3693280956628087,0.49462318570183683,948.6441007570882,66.33734656351605,1430.030216612281,0.5574952184700805,-4.459855416420339
8175,-515.1296187778743,-51.51296187778742,3.4842653669327888,0.7237984753139193,945.1598353901553,66.09369679119257,1430.030216612281,3.4842653669327888,-4.459855416420339
8176,-517.0807988768494,-51.70807988768493,-1.951180098975101,-0.40241272194376787,947.1110154891304,66.23014006884563,1430.030216612281,3.4842653669327888,-4.459855416420339
8177,-516.3839564365969,-51.638395643659685,0.6968424402524533,0.1442979361002461,946.414173048878,66.18141085794103,1430.030216612281,3.4842653669327888,-4.459855416420339
8178,-514.1540287283867,-51.415402872838676,2.229927708210198,0.4610946509920444,944.1842453406678,66.02547515236603,1430.030216612281,4.459855416420339,-4.459855416420339
8179,-510.94851097068903,-51.094851097068904,3.2055177576976916,0.6597806603825251,940.9787275829701,65.8013178079645,1430.030216612281,7.665373174118031,-4.459855416420339
8180,-514.9902715560919,-51.49902715560919,-4.041760585402869,-0.8264488864812791,945.0204881683729,66.08395243613184,1430.030216612281,7.665373174118031,-4.459855416420339
8181,-515.547766774562,-51.5547766774562,-0.5574952184701374,-0.11494516208134797,945.577983386843,66.12293729197572,1430.030216612281,7.665373174118031,-4.459855416420339
8182,-515.4083663871094,-51.54083663871094,0.13940038745266747,0.028774846701518086,945.4385829993904,66.1131892191145,1430.030216612281,7.665373174118031,-4.459855416420339
8183,-511.5060061891591,-51.15060061891591,3.9023601979502587,0.8052883969242419,941.5362228014401,65.84030266380836,1430.030216612281,7.665373174118031,-4.459855416420339
8184,-510.8091637489066,-51.08091637489066,0.6968424402525102,0.14265117874148192,940.8393803611876,65.79157345290376,1430.030216612281,7.8047203959004605,-4.459855416420339
8185,-507.46424560375624,-50.74642456037562,3.344918145150359,0.6837654954422456,937.4944622160373,65.55766803564102,1430.030216612281,11.14963854105082,-4.459855416420339
8186,-505.09497067376367,-50.50949706737637,2.369274929992571,0.4810361296301968,935.1251872860447,65.39198797500528,1430.030216612281,13.51891347104339,-4.459855416420339
8187,-505.51306550478114,-50.55130655047812,-0.4180948310174699,-0.08447981051772357,935.5432821170622,65.42122475798794,1430.030216612281,13.51891347104339,-4.459855416420339
8188,-515.547766774562,-51.5547766774562,-10.034701269780896,-2.02931575533426,945.577983386843,66.12293729197572,1430.030216612281,13.51891347104339,-4.459855416420339
8189,-479.7294698900764,-47.97294698900764,35.81829688448562,7.39356626472969,909.7596865023575,63.61821421211391,1430.030216612281,38.88441425473064,-4.459855416420339
8190,-488.78858111036976,-48.87885811103697,-9.059111220293346,-1.7412308973908885,918.8187977226507,64.25170510727514,1430.030216612281,38.88441425473064,-4.459855416420339
8191,-490.4610136001098,-49.04610136001099,-1.6724324897400606,-0.3271508475637397,920.4912302123909,64.36865595700628,1430.030216612281,38.88441425473064,-4.459855416420339
8192,-488.3704862793523,-48.83704862793523,2.0905273207575306,0.4102781880397366,918.4007028916333,64.22246832429248,1430.030216612281,38.88441425473064,-4.459855416420339
8193,-490.4610136001098,-49.04610136001099,-2.0905273207575306,-0.4086017840438716,920.4912302123909,64.36865595700628,1430.030216612281,38.88441425473064,-4.459855416420339
8194,-494.5027741855127,-49.450277418551266,-4.041760585402869,-0.7932191045791459,924.5329907977937,64.65129058517363,1430.030216612281,38.88441425473064,-4.459855416420339
8195,-501.0532100883608,-50.10532100883608,-6.550435902848108,-1.295840128952963,931.0834267006419,65.10935334683793,1430.030216612281,38.88441425473064,-4.459855416420339
8196,-500.6350620916731,-50.06350620916731,0.41814799668770775,0.08380613026126582,930.6652787039541,65.08011284605479,1430.030216612281,38.88441425473064,-4.459855416420339
8197,-499.9382196514206,-49.99382196514206,0.6968424402525102,0.13954572845489288,929.9684362637016,65.03138363515019,1430.030216612281,38.88441425473064,-4.459855416420339
8198,-501.61070530683094,-50.16107053068309,-1.6724856554103553,-0.3344558054895752,931.640921919112,65.1483382026818,1430.030216612281,38.88441425473064,-4.459855416420339
8199,-501.33195769759584,-50.13319576975959,0.2787476092350971,0.05592969435803674,931.3621743098769,65.12884577475985,1430.030216612281,38.88441425473064,-4.459855416420339
8200,-500.6350620916731,-50.06350620916731,0.696895605922748,0.13975140710944522,930.6652787039541,65.08011284605479,1430.030216612281,38.88441425473064,-4.459855416420339
8201,-498.12643993989815,-49.812643993989816,2.5086221517749436,0.5023624931062898,928.1566565521791,64.90468843035832,1430.030216612281,38.88441425473064,-4.459855416420339
8202,-504.5374754552936,-50.45374754552936,-6.41103551539544,-1.277420455189493,934.5676920675746,65.3530031191614,1430.030216612281,38.88441425473064,-4.459855416420339
8203,-507.32489838197387,-50.73248983819738,-2.7874229266802786,-0.5625900625363611,937.3551149942549,65.54792368058028,1430.030216612281,38.88441425473064,-4.459855416420339
8204,-504.955570286311,-50.4955570286311,2.3693280956628655,0.480910865574824,934.9857868985921,65.38223990214406,1430.030216612281,38.88441425473064,-4.459855416420339
8205,-508.9973308717139,-50.8997330871714,-4.041760585402926,-0.8164440084176827,939.027547483995,65.66487453031142,1430.030216612281,38.88441425473064,-4.459855416420339
8206,-507.8823404347737,-50.78823404347737,1.114990436940218,0.227084394249788,937.9125570470547,65.58690481862368,1430.030216612281,38.88441425473064,-4.459855416420339
8207,-509.554826090184,-50.9554826090184,-1.6724856554102985,-0.33985483408335293,939.585042702465,65.70385938615529,1430.030216612281,38.88441425473064,-4.459855416420339
8208,-514.1540287283867,-51.415402872838676,-4.599202638202712,-0.9377608105586965,944.1842453406678,66.02547515236603,1430.030216612281,38.88441425473064,-4.459855416420339
8209,-506.3493083324863,-50.63493083324864,7.804720395900404,1.606418671224752,936.3795249447674,65.47970204175375,1430.030216612281,38.88441425473064,-4.459855416420339
8210,-506.62800277605106,-50.6628002776051,-0.2786944435647456,-0.0564557992663417,936.6582193883321,65.4991907518752,1430.030216612281,38.88441425473064,-4.459855416420339
8211,-505.09497067376367,-50.50949706737637,1.5330321022873932,0.31072539805934163,935.1251872860447,65.39198797500528,1430.030216612281,38.88441425473064,-4.459855416420339
8212,-508.0217408222264,-50.80217408222264,-2.926770148462708,-0.5913801588250611,938.0519574345074,65.59665289148488,1430.030216612281,38.88441425473064,-4.459855416420339
8213,-505.2343178955461,-50.52343178955461,2.7874229266802786,0.5665744115072924,935.2645345078272,65.40173233006601,1430.030216612281,38.88441425473064,-4.459855416420339
8214,-501.0532100883608,-50.10532100883608,4.181107807185299,0.845068273409999,931.0834267006419,65.10935334683793,1430.030216612281,38.88441425473064,-4.459855416420339
8215,-503.8406330150411,-50.38406330150411,-2.7874229266802786,-0.5586613608986046,933.8708496273221,65.3042739082568,1430.030216612281,38.88441425473064,-4.459855416420339
8216,-497.29019711219297,-49.7290197112193,6.550435902848108,1.320228204629803,927.3204137244741,64.84621114659251,1430.030216612281,38.88441425473064,-4.459855416420339
8217,-497.568944721428,-49.7568944721428,-0.2787476092350403,-0.05544901007177305,927.599161333709,64.86570357451444,1430.030216612281,38.88441425473064,-4.459855416420339
8218,-499.9382196514206,-49.99382196514206,-2.369274929992571,-0.47156219845505554,929.9684362637016,65.03138363515019,1430.030216612281,38.88441425473064,-4.459855416420339
8219,-495.47836423500024,-49.54783642350002,4.459855416420339,0.8918608843314413,925.5085808472813,64.71951222400017,1430.030216612281,38.88441425473064,-4.459855416420339
8220,-497.42954433397534,-49.742954433397536,-1.951180098975101,-0.3867386372868875,927.4597609462564,64.85595550165324,1430.030216612281,38.88441425473064,-4.459855416420339
8221,-500.77446247912576,-50.07744624791257,-3.344918145150416,-0.665562033629219,930.8046790914068,65.08986091891599,1430.030216612281,38.88441425473064,-4.459855416420339
8222,-511.64535341094154,-51.16453534109415,-10.87089093181578,-2.1775510495316452,941.6755700232226,65.85004701886909,1430.030216612281,38.88441425473064,-4.459855416420339
8223,-512.2028486294116,-51.22028486294117,-0.5574952184700805,-0.11415786096516944,942.2330652416927,65.88903187471297,1430.030216612281,38.88441425473064,-4.459855416420339
8224,-508.4398356532438,-50.84398356532438,3.763012976167829,0.7714298793247698,938.4700522655248,65.62588967446754,1430.030216612281,38.88441425473064,-4.459855416420339
8225,-505.93116033579855,-50.593116033579854,2.5086753174452383,0.5103495969367433,935.9613769480795,65.4504615409706,1430.030216612281,38.88441425473064,-4.459855416420339
8226,-520.5650642437822,-52.05650642437823,-14.633903907983608,-2.9619159787388494,950.5952808560633,66.47378984116912,1430.030216612281,38.88441425473064,-4.459855416420339
8227,-526.5580049281602,-52.65580049281602,-5.992940684378027,-1.250000831692688,956.5882215404413,66.89286774698955,1430.030216612281,38.88441425473064,-7.944120783353128
8228,-520.5650642437822,-52.05650642437823,5.992940684378027,1.2658236376915877,950.5952808560633,66.47378984116912,1430.030216612281,38.88441425473064,-7.944120783353128
8229,-517.220199264302,-51.72201992643019,3.3448649794801213,0.6976681776859284,947.250415876583,66.23988814170684,1430.030216612281,38.88441425473064,-7.944120783353128
8230,-515.4083663871094,-51.54083663871094,1.8118328771926713,0.37529177368889055,945.4385829993904,66.1131892191145,1430.030216612281,38.88441425473064,-7.944120783353128
8231,-514.9902715560919,-51.49902715560919,0.4180948310174699,0.08627776503287166,945.0204881683729,66.08395243613184,1430.030216612281,38.88441425473064,-7.944120783353128
8232,-513.1784386788992,-51.31784386788991,1.8118328771927281,0.3735662958773478,943.2086552911802,65.9572535135395,1430.030216612281,38.88441425473064,-7.944120783353128
8233,-506.62800277605106,-50.6628002776051,6.550435902848108,1.3455517222926705,936.6582193883321,65.4991907518752,1430.030216612281,38.88441425473064,-7.944120783353128
8234,-496.59335467194046,-49.65933546719404,10.034648104110602,2.0338908897490127,926.6235712842215,64.79748193568791,1430.030216612281,38.88441425473064,-7.944120783353128
8235,-497.9870395524455,-49.79870395524455,-1.3936848805050204,-0.27685071173361164,928.0172561647265,64.8949403574971,1430.030216612281,38.88441425473064,-7.944120783353128
8236,-498.2657871616805,-49.82657871616806,-0.2787476092350403,-0.05552597864934006,928.2960037739615,64.91443278541904,1430.030216612281,38.88441425473064,-7.944120783353128
8237,-499.38077759862074,-49.938077759862075,-1.114990436940218,-0.22222730848524552,929.4109942109018,64.9924024971068,1430.030216612281,38.88441425473064,-7.944120783353128
8238,-499.24137721116807,-49.924137721116814,0.13940038745266747,0.027845592261521723,929.2715938234492,64.9826544242456,1430.030216612281,38.88441425473064,-7.944120783353128
8239,-500.3563676481083,-50.03563676481083,-1.114990436940218,-0.22266025709763992,930.3865842603893,65.06062413593332,1430.030216612281,38.88441425473064,-7.944120783353128
8240,-506.4886555542687,-50.648865555426866,-6.1322879061604,-1.2273323443140582,936.5188721665497,65.48944639681447,1430.030216612281,38.88441425473064,-7.944120783353128
8241,-504.5374754552936,-50.45374754552936,1.951180098975101,0.395366817994125,934.5676920675746,65.3530031191614,1430.030216612281,38.88441425473064,-7.944120783353128
8242,-505.93116033579855,-50.593116033579854,-1.3936848805049635,-0.28128966601170813,935.9613769480795,65.4504615409706,1430.030216612281,38.88441425473064,-7.944120783353128
8243,-501.8893997503957,-50.188939975039574,4.041760585402869,0.8180561615968029,931.9196163626767,65.16782691280325,1430.030216612281,38.88441425473064,-7.944120783353128
8244,-494.64217457296536,-49.464217457296535,7.247225177430323,1.454942973267137,924.6723911852464,64.66103865803484,1430.030216612281,38.88441425473064,-7.944120783353128
8245,-490.4610136001098,-49.04610136001099,4.181160972855537,0.8273664248342083,920.4912302123909,64.36865595700628,1430.030216612281,38.88441425473064,-7.944120783353128
8246,-492.96968891755506,-49.29696889175551,-2.5086753174452383,-0.4923421729061572,922.999905529836,64.54408409050322,1430.030216612281,38.88441425473064,-7.944120783353128
8247,-480.8444603270167,-48.08444603270166,12.12522859053837,2.3914208530556147,910.8746769392977,63.696183923801655,1430.030216612281,38.88441425473064,-7.944120783353128
8248,-482.2381452075217,-48.22381452075217,-1.3936848805050204,-0.2684522795197153,912.2683618198027,63.793642345610856,1430.030216612281,38.88441425473064,-7.944120783353128
8249,-480.2869651085465,-48.02869651085465,1.9511800989752146,0.37684894723604145,910.3171817208275,63.657199067957784,1430.030216612281,38.88441425473064,-7.944120783353128
8250,-479.31137505905895,-47.931137505905895,0.9755900494875505,0.18771706383915454,909.34159167134,63.58897742913124,1430.030216612281,39.30250908574811,-7.944120783353128
8251,-489.4854235506223,-48.94854235506223,-10.174048491563326,-1.9539601989033928,919.5156401629033,64.30043431817974,1430.030216612281,39.30250908574811,-7.944120783353128
8252,-508.85793048426126,-50.88579304842613,-19.372506933638988,-3.7947020177904633,938.8881470965423,65.65512645745021,1430.030216612281,39.30250908574811,-7.944120783353128
8253,-512.2028486294116,-51.22028486294117,-3.344918145150359,-0.681048998398448,942.2330652416927,65.88903187471297,1430.030216612281,39.30250908574811,-7.944120783353128
8254,-499.7988724296382,-49.97988724296382,12.40397619977341,2.542855398995525,929.8290890419192,65.02163928008946,1430.030216612281,39.30250908574811,-7.944120783353128
8255,-497.9870395524455,-49.79870395524455,1.8118328771927281,0.36222087023141114,928.0172561647265,64.8949403574971,1430.030216612281,39.30250908574811,-7.944120783353128
8256,-498.4051343834629,-49.84051343834629,-0.41809483101741307,-0.08328367272523174,928.4353509957439,64.92417714047977,1430.030216612281,39.30250908574811,-7.944120783353128
8257,-494.64217457296536,-49.464217457296535,3.7629598104975344,0.7501990288262483,924.6723911852464,64.66103865803484,1430.030216612281,39.30250908574811,-7.944120783353128
8258,-498.683881992698,-49.868388199269795,-4.0417074197326315,-0.7997714127247035,928.714098604979,64.9436695684017,1430.030216612281,39.30250908574811,-7.944120783353128
8259,-504.1193274586059,-50.41193274586059,-5.43544546590789,-1.0842351304229836,934.1495440708869,65.32376261837825,1430.030216612281,39.30250908574811,-7.944120783353128
8260,-498.2657871616805,-49.82657871616806,5.85354029692536,1.1804332415147112,928.2960037739615,64.91443278541904,1430.030216612281,39.30250908574811,-7.944120783353128
8261,-497.9870395524455,-49.79870395524455,0.2787476092350403,0.05555682712130583,928.0172561647265,64.8949403574971,1430.030216612281,39.30250908574811,-7.944120783353128
8262,-498.82328238015066,-49.88232823801506,-0.8362428277051777,-0.16657793594804238,928.8534989924317,64.95341764126292,1430.030216612281,39.30250908574811,-7.944120783353128
8263,-500.3563676481083,-50.03563676481083,-1.533085267957631,-0.30589714447200045,930.3865842603893,65.06062413593332,1430.030216612281,39.30250908574811,-7.944120783353128
8264,-486.14055857114215,-48.61405585711422,14.215809076966138,2.8451896825043788,916.1707751834232,64.06653261871747,1430.030216612281,39.30250908574811,-7.944120783353128
8265,-490.1822659908748,-49.01822659908748,-4.0417074197326315,-0.7865394880152587,920.2124826031559,64.34916352908435,1430.030216612281,39.30250908574811,-7.944120783353128
8266,-490.4610136001098,-49.04610136001099,-0.2787476092350403,-0.05467593428792883,920.4912302123909,64.36865595700628,1430.030216612281,39.30250908574811,-7.944120783353128
8267,-490.6920837248839,-49.06920837248839,-0.23107012477407807,-0.045348860625304965,920.7223003371649,64.38481436555527,1430.030216612281,39.30250908574811,-7.944120783353128
8268,-490.6920837248839,-49.06920837248839,0.0,0.0,920.7223003371649,64.38481436555527,1430.030216612281,0.0,0.0
8269,-490.6920837248839,-49.06920837248839,0.0,0.0,920.7223003371649,64.38481436555527,1430.030216612281,0.0,0.0
8270,-490.6920837248839,-49.06920837248839,0.0,0.0,920.7223003371649,64.38481436555527,1430.030216612281,0.0,0.0
8271,-490.6920837248839,-49.06920837248839,0.0,0.0,920.7223003371649,64.38481436555527,1430.030216612281,0.0,0.0
8272,-490.6920837248839,-49.06920837248839,0.0,0.0,920.7223003371649,64.38481436555527,1430.030216612281,0.0,0.0
8273,-490.6920837248839,-49.06920837248839,0.0,0.0,920.7223003371649,64.38481436555527,1430.030216612281,0.0,0.0
8274,-490.6920837248839,-49.06920837248839,0.0,0.0,920.7223003371649,64.38481436555527,1430.030216612281,0.0,0.0
8275,-491.2008828420418,-49.12008828420418,-0.5087991171578778,-0.09990009990008542,921.2310994543228,64.42039397158366,1430.030216612281,0.0,0.0
8276,-490.382691908766,-49.038269190876605,0.8181909332757868,0.16080824547142214,920.412908521047,64.36317903138374,1430.030216612281,0.8181909332757868,0.0
8277,-484.92784292088265,-48.49278429208827,5.454848987883338,1.070381421760258,914.9580595331637,63.9817291204297,1430.030216612281,6.273039921159125,0.0
8278,-477.8365600451524,-47.78365600451524,7.091282875730258,1.376755232886917,907.8667766574334,63.48584569129982,1430.030216612281,13.364322796889383,0.0
8279,-478.9275506512472,-47.89275506512472,-1.090990606094806,-0.20893661306298217,908.9577672635282,63.562137128601016,1430.030216612281,13.364322796889383,0.0
8280,-477.0183691118766,-47.701836911187655,1.9091815393705929,0.36639464277121725,907.0485857241576,63.42863075109989,1430.030216612281,14.18251373016517,0.0
8281,-484.5187474542448,-48.45187474542448,-7.500378342368208,-1.4341571289284372,914.5489640665259,63.953121650329734,1430.030216612281,14.18251373016517,0.0
8282,-483.97325215119736,-48.397325215119736,0.5454953030474599,0.1058225299860105,914.0034687634784,63.91497593167913,1430.030216612281,14.18251373016517,0.0
8283,-479.8821414209325,-47.988214142093256,4.091110730264859,0.7928098199017297,909.9123580332135,63.62889031735158,1430.030216612281,14.18251373016517,0.0
8284,-479.06389846636137,-47.90638984663613,0.8182429545711329,0.15731875786895166,909.0941150786424,63.57167173937569,1430.030216612281,14.18251373016517,0.0
8285,-479.06389846636137,-47.90638984663613,0.0,0.0,909.0941150786424,63.57167173937569,1430.030216612281,14.18251373016517,0.0
8286,-480.5639845390941,-48.05639845390941,-1.5000860727327563,-0.28795970721101627,910.5942011513752,63.67657064677685,1430.030216612281,14.18251373016517,0.0
8287,-483.7005044996737,-48.37005044996737,-3.1365199605795624,-0.6038318228273942,913.7307211119547,63.89590307235383,1430.030216612281,14.18251373016517,0.0
8288,-474.42729243304916,-47.44272924330492,9.273212066624524,1.7960916381756675,904.4575090453302,63.24744040639755,1430.030216612281,16.773590408992618,0.0
8289,-482.06407061182676,-48.206407061182674,-7.636778178777604,-1.4530393357240268,912.0942872241078,63.781469554178,1430.030216612281,16.773590408992618,0.0
8290,-484.24599980272103,-48.4245999802721,-2.181929190894266,-0.4212739582426184,914.2762164150021,63.93404879100443,1430.030216612281,16.773590408992618,0.0
8291,-483.4277568481499,-48.34277568481499,0.8182429545711329,0.15864985133573484,913.4579734604309,63.87683021302853,1430.030216612281,16.773590408992618,0.0
8292,-478.7911508148377,-47.87911508148377,4.636606033312205,0.8975716552291013,908.8213674271187,63.55259888005039,1430.030216612281,16.773590408992618,0.0
8293,-480.42763672397996,-48.042763672397996,-1.6364859091422659,-0.31397891875794004,910.457853336261,63.66703603600218,1430.030216612281,16.773590408992618,0.0
8294,-484.92784292088265,-48.49278429208827,-4.500206196902695,-0.8661365605606708,914.9580595331637,63.9817291204297,1430.030216612281,16.773590408992618,0.0
8295,-483.5641566845595,-48.35641566845595,1.363686236323133,0.26475634871361287,913.5943732968406,63.88636846157917,1430.030216612281,16.773590408992618,0.0
8296,-486.01883352697746,-48.60188335269775,-2.454676842417939,-0.47531109124016035,916.0490501392585,64.05802055773088,1430.030216612281,16.773590408992618,0.0
8297,-487.79161522993854,-48.77916152299385,-1.7727817029610833,-0.3449118019490993,917.8218318422196,64.1819886866814,1430.030216612281,16.773590408992618,0.0
8298,-474.56369226945867,-47.456369226945874,13.227922960479873,2.5825276105970296,904.5939088817397,63.25697865494817,1430.030216612281,16.773590408992618,0.0
8299,-469.6543385846227,-46.96543385846227,4.909353684835992,0.9343384940489585,899.6845551969037,62.91367446264473,1430.030216612281,21.5465442574191,0.0
8300,-467.88150486036625,-46.78815048603663,1.7728337242564294,0.3342789152880332,897.9117214726473,62.78970269591827,1430.030216612281,23.31937798167553,0.0
8301,-466.92691409068095,-46.6926914090681,0.9545907696852964,0.1793943977524748,896.957130702962,62.722949507167705,1430.030216612281,24.273968751360826,0.0
8302,-458.1991973271039,-45.81991973271039,8.727716763577064,1.637245810054222,888.2294139393849,62.112632559862014,1430.030216612281,33.00168551493789,0.0
8303,-458.8810404452655,-45.88810404452656,-0.6818431181616234,-0.1258475651563895,888.9112570575465,62.16031288928728,1430.030216612281,33.00168551493789,0.0
8304,-464.33588943314885,-46.43358894331489,-5.454848987883338,-1.0080683538369994,894.3661060454299,62.541762800241315,1430.030216612281,33.00168551493789,0.0
8305,-469.10884328157533,-46.91088432815753,-4.772953848426482,-0.8910348396079071,899.1390598938564,62.87552874399414,1430.030216612281,33.00168551493789,0.0
8306,-470.608929354308,-47.0608929354308,-1.5000860727326426,-0.28256000382547164,900.639145966589,62.98042765139529,1430.030216612281,33.00168551493789,0.0
8307,-472.2453632421549,-47.22453632421549,-1.6364338878469198,-0.3091162617931964,902.2755798544359,63.094861169571125,1430.030216612281,33.00168551493789,0.0
8308,-472.10901542704073,-47.21090154270408,0.1363478151141635,0.025835455648826056,902.1392320393218,63.08532655879645,1430.030216612281,33.00168551493789,0.0
8309,-472.6545107300881,-47.26545107300881,-0.5454953030473462,-0.10333483976594504,902.6847273423691,63.12347227744704,1430.030216612281,33.00168551493789,0.0
8310,-478.2457075330856,-47.82457075330856,-5.591196802997501,-1.060253082042717,908.2759241453666,63.51445679917575,1430.030216612281,33.00168551493789,0.0
8311,-473.6091014997734,-47.36091014997734,4.636606033312205,0.8886569981800818,903.6393181120544,63.1902254661976,1430.030216612281,33.00168551493789,0.0
8312,-467.3360095573189,-46.73360095573189,6.273091942454471,1.1917174024717259,897.3662261695999,62.751556977267676,1430.030216612281,33.00168551493789,0.0
8313,-469.51793874821317,-46.95179387482131,-2.181929190894266,-0.40962581102599316,899.5481553604942,62.904136214094095,1430.030216612281,33.00168551493789,0.0
8314,-471.9726155906311,-47.19726155906311,-2.454676842417939,-0.46272570209549,902.0028322029121,63.07578831024582,1430.030216612281,33.00168551493789,0.0
8315,-457.9264496755802,-45.79264496755802,14.046165915050892,2.6601207304356667,887.9566662878613,62.093559700536716,1430.030216612281,33.27443316646156,0.0
8316,-455.1990251816385,-45.519902518163846,2.727424493941726,0.5031465734326002,885.2292417939195,61.9028347450597,1430.030216612281,36.00185766040329,0.0
8317,-452.74434833922055,-45.27443483392205,2.454676842417939,0.45056395929474746,882.7745649515016,61.731182648907975,1430.030216612281,38.45653450282123,0.0
8318,-467.19966174220474,-46.719966174220474,-14.455313402984189,-2.641418751750857,897.2298783544858,62.74202236649301,1430.030216612281,38.45653450282123,0.0
8319,-475.65463085425813,-47.565463085425804,-8.45496911205339,-1.586892594644418,905.6848474665392,63.3332664544734,1430.030216612281,38.45653450282123,0.0
8320,-481.6549751451889,-48.1654975145189,-6.000344290930798,-1.1443496298453981,911.68519175747,63.752862084078046,1430.030216612281,38.45653450282123,0.0
8321,-476.33647397241975,-47.63364739724197,5.3185011727691744,1.0260542530062589,906.3666905847008,63.38094678389867,1430.030216612281,38.45653450282123,0.0
8322,-486.56427680872946,-48.65642768087295,-10.227802836309706,-1.9531249223897706,916.5944934210105,64.09616263860552,1430.030216612281,38.45653450282123,0.0
8323,-487.6552674148244,-48.76552674148243,-1.0909906060949197,-0.21248825448175745,917.6854840271054,64.17245407590671,1430.030216612281,38.45653450282123,0.0
8324,-490.1099442572423,-49.01099442572423,-2.454676842417939,-0.4791064855946048,920.1401608695234,64.34410617205843,1430.030216612281,38.45653450282123,0.0
8325,-486.4279289936153,-48.64279289936153,3.6820152636270223,0.7221194495082628,916.4581456058963,64.08662802783086,1430.030216612281,38.45653450282123,0.0
8326,-477.9729598815619,-47.797295988156186,8.45496911205339,1.6463062517175553,908.003176493843,63.495383939850456,1430.030216612281,38.45653450282123,0.0
8327,-468.5633479785279,-46.85633479785278,9.409611903034033,1.8025142722298826,898.5935645908089,62.83738302534354,1430.030216612281,38.45653450282123,0.0
8328,-471.15442465735543,-47.11544246573555,-2.5910766788275623,-0.4875607786876679,901.1846412696365,63.01857337004589,1430.030216612281,38.45653450282123,0.0
8329,-463.38129866346355,-46.33812986634636,7.773125993891881,1.4698290685055904,893.4115152757446,62.47500961149075,1430.030216612281,38.45653450282123,0.0
8330,-465.8359755058815,-46.58359755058815,-2.454676842417939,-0.45743408425836796,895.8661921181625,62.64666170764247,1430.030216612281,38.45653450282123,0.0
8331,-466.24507097251944,-46.62450709725194,-0.40909546663795027,-0.07658611360534806,896.2752875848005,62.67526917774244,1430.030216612281,38.45653450282123,0.0
8332,-461.4720651027976,-46.14720651027976,4.773005869721828,0.8942317176196202,891.5022817150787,62.341499596213666,1430.030216612281,38.45653450282123,0.0
8333,-466.3814187876336,-46.63814187876336,-4.909353684835992,-0.9116247025835578,896.4116353999146,62.684803788517115,1430.030216612281,38.45653450282123,0.0
8334,-461.6084649392071,-46.160846493920715,4.772953848426482,0.8944504588993984,891.6386815514882,62.35103784476429,1430.030216612281,38.45653450282123,0.0
8335,-462.0175604058451,-46.201756040584506,-0.40909546663795027,-0.07598475087312595,892.0477770181261,62.37964531486426,1430.030216612281,38.45653450282123,0.0
8336,-469.24524311798484,-46.924524311798486,-7.227682712139767,-1.3434792997318312,899.2754597302659,62.88506699254476,1430.030216612281,38.45653450282123,0.0
8337,-472.2453632421549,-47.22453632421549,-3.000120124170053,-0.565255437708112,902.2755798544359,63.094861169571125,1430.030216612281,38.45653450282123,0.0
8338,-474.83643992098234,-47.48364399209824,-2.5910766788274486,-0.490962371215764,904.8666565332634,63.27605151427347,1430.030216612281,38.45653450282123,0.0
8339,-474.0181969664112,-47.40181969664113,0.8182429545711329,0.15580726020822944,904.0484135786922,63.218832936297574,1430.030216612281,38.45653450282123,0.0
8340,-477.0183691118766,-47.701836911187655,-3.000172145465399,-0.5703946653975445,907.0485857241576,63.42863075109989,1430.030216612281,38.45653450282123,0.0
8341,-482.2004184269409,-48.220041842694094,-5.182049315064319,-0.9908664107885046,912.230635039222,63.79100416495268,1430.030216612281,38.45653450282123,0.0
8342,-482.06407061182676,-48.206407061182674,0.1363478151141635,0.026332160157394036,912.0942872241078,63.781469554178,1430.030216612281,38.45653450282123,0.0
8343,-480.97308000573196,-48.09730800057319,1.090990606094806,0.2106420011030341,911.003296618013,63.705178116876816,1430.030216612281,38.45653450282123,0.0
8344,-483.8369043360832,-48.383690433608315,-2.8638243303512354,-0.5517679758080485,913.8671209483642,63.905441320904465,1430.030216612281,38.45653450282123,0.0
8345,-483.7005044996737,-48.37005044996737,0.1363998364095096,0.026425724263390293,913.7307211119547,63.89590307235383,1430.030216612281,38.45653450282123,0.0
8346,-478.2457075330856,-47.82457075330856,5.4547969665881055,1.056517973410398,908.2759241453666,63.51445679917575,1430.030216612281,38.45653450282123,0.0
8347,-474.42729243304916,-47.44272924330492,3.818415100036418,0.7318416264449956,904.4575090453302,63.24744040639755,1430.030216612281,38.45653450282123,0.0
8348,-469.92708623614635,-46.99270862361463,4.500206196902809,0.8562480760722524,899.9573028484274,62.93274732197002,1430.030216612281,38.45653450282123,0.0
8349,-464.7449848997867,-46.474498489978664,5.182101336359665,0.9776204748066508,894.7752015120677,62.57037027034128,1430.030216612281,38.45653450282123,0.0
8350,-463.5176464785777,-46.35176464785778,1.2273384212089695,0.22929975181626983,893.5478630908588,62.48454422226543,1430.030216612281,38.45653450282123,0.0
8351,-465.4268280179483,-46.54268280179483,-1.9091815393705929,-0.35587033326238693,895.4570446302293,62.61805059976655,1430.030216612281,38.45653450282123,0.0
8352,-464.33588943314885,-46.43358894331489,1.09093858479946,0.204076568368472,894.3661060454299,62.541762800241315,1430.030216612281,38.45653450282123,0.0
8353,-465.4268280179483,-46.54268280179483,-1.09093858479946,-0.2036609441026349,895.4570446302293,62.61805059976655,1430.030216612281,38.45653450282123,0.0
8354,-470.47252951789847,-47.047252951789844,-5.045701499950155,-0.9438748078662629,900.5027461301795,62.97088940284466,1430.030216612281,38.45653450282123,0.0
8355,-472.9272063603164,-47.29272063603164,-2.454676842417939,-0.46355986785409087,902.9574229725974,63.14254149899639,1430.030216612281,38.45653450282123,0.0
8356,-474.9727877360965,-47.49727877360965,-2.0455813757801025,-0.3881022508588239,905.0030043483775,63.285586125048134,1430.030216612281,38.45653450282123,0.0
8357,-469.6543385846227,-46.96543385846227,5.318449151473828,1.0129854276582861,899.6845551969037,62.91367446264473,1430.030216612281,38.45653450282123,0.0
8358,-475.79103069066764,-47.57910306906676,-6.136692106044961,-1.1571117768112704,905.8212473029487,63.34280470302402,1430.030216612281,38.45653450282123,0.0
8359,-480.15488907245617,-48.01548890724562,-4.363858381788532,-0.8324654169000745,910.1851056847372,63.64796317667688,1430.030216612281,38.45653450282123,0.0
8360,-475.9273785057818,-47.59273785057818,4.227510566674368,0.8132250314197176,905.9575951180628,63.3523393137987,1430.030216612281,38.45653450282123,0.0
8361,-476.33647397241975,-47.63364739724197,-0.40909546663795027,-0.07806083543756559,906.3666905847008,63.38094678389867,1430.030216612281,38.45653450282123,0.0
8362,-473.3363538482497,-47.333635384824966,3.000120124170053,0.5729098887081951,903.3665704605307,63.17115260687232,1430.030216612281,38.45653450282123,0.0
8363,-481.7913229603031,-48.17913229603031,-8.45496911205339,-1.6053830891561538,911.8215395725841,63.76239669485271,1430.030216612281,38.45653450282123,0.0
8364,-486.4279289936153,-48.64279289936153,-4.636606033312205,-0.8947372436523326,916.4581456058963,64.08662802783086,1430.030216612281,38.45653450282123,0.0
8365,-483.8369043360832,-48.383690433608315,2.5910246575321025,0.5045104287806801,913.8671209483642,63.905441320904465,1430.030216612281,38.45653450282123,0.0
8366,-485.06424275729216,-48.50642427572922,-1.2273384212089695,-0.23778112606642754,915.0944593695732,63.99126736898032,1430.030216612281,38.45653450282123,0.0
8367,-485.88243369056795,-48.58824336905679,-0.8181909332757868,-0.15889184655905053,915.912650302849,64.04848230918027,1430.030216612281,38.45653450282123,0.0
8368,-487.24617194818643,-48.72461719481864,-1.363738257618479,-0.26525805515809076,917.2763885604675,64.14384660580674,1430.030216612281,38.45653450282123,0.0
8369,-489.5644489541949,-48.956444895419494,-2.3182770060084863,-0.4521228080961781,919.5946655664759,64.30596045340783,1430.030216612281,38.45653450282123,0.0
8370,-482.2004184269409,-48.220041842694094,7.364030527253988,1.442695461193133,912.230635039222,63.79100416495268,1430.030216612281,38.45653450282123,0.0
8371,-478.9275506512472,-47.89275506512472,3.272867775693726,0.6320723098598879,908.9577672635282,63.562137128601016,1430.030216612281,38.45653450282123,0.0
8372,-478.10930769667607,-47.81093076966761,0.8182429545711329,0.15703055411848688,908.1395243089571,63.50491855062512,1430.030216612281,38.45653450282123,0.0
8373,-481.6549751451889,-48.1654975145189,-3.5456674485128588,-0.6793889028494315,911.68519175747,63.752862084078046,1430.030216612281,38.45653450282123,0.0
8374,-485.3369383875205,-48.53369383875204,-3.6819632423315625,-0.7103305840280627,915.3671549998015,64.01033659052966,1430.030216612281,38.45653450282123,0.0
8375,-488.2007627178717,-48.82007627178717,-2.8638243303512354,-0.5564464489405285,918.2309793301528,64.21059979455731,1430.030216612281,38.45653450282123,0.0
8376,-487.92801506634805,-48.79280150663481,0.2727476515236731,0.05329192223342272,917.9582316786291,64.19152693523202,1430.030216612281,38.45653450282123,0.0
8377,-489.0189536511475,-48.901895365114754,-1.09093858479946,-0.21304398930177548,919.0491702634286,64.26781473475725,1430.030216612281,38.45653450282123,0.0
8378,-434.6275148144665,-43.462751481446645,54.391438836681004,10.644512007896934,864.6577314267475,60.464297983514506,1430.030216612281,56.57336802757527,0.0
8379,-434.6275148144665,-43.462751481446645,0.0,0.0,864.6577314267475,60.464297983514506,1430.030216612281,0.0,0.0
8380,-434.6275148144665,-43.462751481446645,0.0,0.0,864.6577314267475,60.464297983514506,1430.030216612281,0.0,0.0
8381,-434.6275148144665,-43.462751481446645,0.0,0.0,864.6577314267475,60.464297983514506,1430.030216612281,0.0,0.0
8382,-434.6275148144665,-43.462751481446645,0.0,0.0,864.6577314267475,60.464297983514506,1430.030216612281,0.0,0.0
8383,-434.6275148144665,-43.462751481446645,0.0,0.0,864.6577314267475,60.464297983514506,1430.030216612281,0.0,0.0
8384,-434.6275148144665,-43.462751481446645,0.0,0.0,864.6577314267475,60.464297983514506,1430.030216612281,0.0,0.0
8385,-434.6275148144665,-43.462751481446645,0.0,0.0,864.6577314267475,60.464297983514506,1430.030216612281,0.0,0.0
8386,-435.19232249197444,-43.51923224919745,-0.5648076775079289,-0.09990009990008542,865.2225391042555,60.50379418932518,1430.030216612281,0.0,0.0
8387,-444.22486372865285,-44.422486372865286,-9.032541236678412,-1.5992242308976112,874.2550803409339,61.135427082934676,1430.030216612281,0.0,-9.032541236678412
8388,-455.0365569047859,-45.503655690478595,-10.811693176133076,-1.9453358868602666,885.066773517067,61.89147356716532,1430.030216612281,0.0,-19.84423441281149
8389,-449.5622673403226,-44.956226734032256,5.474289564463334,1.0045241811764694,879.5924839526036,61.508664204057474,1430.030216612281,0.0,-19.84423441281149
8390,-452.57313182144685,-45.257313182144685,-3.0108644811242584,-0.5469945649575925,882.6033484337279,61.71920971884085,1430.030216612281,0.0,-19.84423441281149
8391,-460.7845139614474,-46.078451396144736,-8.211382140000524,-1.4999961853027322,890.8147305737284,62.29342011276198,1430.030216612281,0.0,-25.592191469472937
8392,-465.42536698090396,-46.542536698090395,-4.640853019456586,-0.8606676068507402,895.455583593185,62.61794843150273,1430.030216612281,0.0,-30.233044488929522
8393,-465.42536698090396,-46.542536698090395,0.0,0.0,895.455583593185,62.61794843150273,1430.030216612281,0.0,0.0
8394,-465.42536698090396,-46.542536698090395,0.0,0.0,895.455583593185,62.61794843150273,1430.030216612281,0.0,0.0
8395,-465.42536698090396,-46.542536698090395,0.0,0.0,895.455583593185,62.61794843150273,1430.030216612281,0.0,0.0
8396,-465.42536698090396,-46.542536698090395,0.0,0.0,895.455583593185,62.61794843150273,1430.030216612281,0.0,0.0
8397,-465.9594075733306,-46.59594075733307,-0.5340405924266634,-0.09990009990009652,895.9896241856117,62.655293138364364,1430.030216612281,0.0,0.0
8398,-457.6644348156607,-45.766443481566064,8.294972757669939,1.5532476136276063,887.6946514279417,62.075237370219796,1430.030216612281,8.294972757669939,0.0
8399,-464.2477752291836,-46.42477752291836,-6.583340413522933,-1.2138869062155777,894.2779918414647,62.53560109799603,1430.030216612281,8.294972757669939,0.0
8400,-448.5793928997821,-44.85793928997821,15.668382329401538,2.9245575855712413,878.6096095120631,61.43993317801881,1430.030216612281,17.380014673548544,0.0
8401,-448.0527638391452,-44.80527638391452,0.5266290606368784,0.0955040587631073,878.0829804514262,61.403106749142054,1430.030216612281,17.906643734185423,0.0
8402,-447.13104997250275,-44.71310499725028,0.9217138666424489,0.16699311206873624,877.1612665847838,61.33865259594059,1430.030216612281,18.82835760082787,0.0
8403,-459.2444224513738,-45.92444224513738,-12.113372478871042,-2.191002493134875,889.2746390636548,62.185723681443065,1430.030216612281,18.82835760082787,0.0
8404,-462.7994323019044,-46.27994323019045,-3.5550098505306096,-0.6574152904064934,892.8296489141854,62.43432051591782,1430.030216612281,18.82835760082787,0.0
8405,-467.01276614840697,-46.701276614840694,-4.2133338465025645,-0.7843129921765946,897.042982760688,62.7289530207109,1430.030216612281,18.82835760082787,-1.053358575076345
8406,-466.2227472170997,-46.622274721709964,0.7900189313072588,0.14822473806703762,896.2529638293807,62.673708108951,1430.030216612281,18.82835760082787,-1.053358575076345
8407,-469.38277271542734,-46.93827727154274,-3.1600254983276272,-0.5920120203422918,899.4129893277084,62.894684243694066,1430.030216612281,18.82835760082787,-3.4233651420967135
8408,-477.4144560562296,-47.74144560562296,-8.03168334080226,-1.513649185855559,907.4446726685106,63.45632855354852,1430.030216612281,18.82835760082787,-11.455048482898974
8409,-481.3644502589632,-48.13644502589632,-3.949994202733592,-0.7558560026219574,911.3946668712442,63.73254608775497,1430.030216612281,18.82835760082787,-15.405042685632566
8410,-480.57443132765593,-48.0574431327656,0.7900189313072588,0.1523264133555413,910.604647939937,63.67730117599507,1430.030216612281,18.82835760082787,-15.405042685632566
8411,-473.06942727439184,-47.306942727439186,7.505004053264088,1.4448661186331258,903.0996438866729,63.15248680731388,1430.030216612281,18.82835760082787,-15.405042685632566
8412,-486.2237193850857,-48.62237193850857,-13.15429211069386,-2.4963994863026806,916.2539359973667,64.0723479373714,1430.030216612281,18.82835760082787,-20.26431181175508
8413,-486.736982402683,-48.6736982402683,-0.5132630175972963,-0.09990009990009652,916.767199014964,64.10823969767372,1430.030216612281,0.0,0.0
8414,-490.9483672487266,-49.09483672487266,-4.211384846043586,-0.8205120380108233,920.9785838610076,64.40273591160832,1430.030216612281,0.0,-4.211384846043586
8415,-485.15772563633357,-48.515772563633355,5.790641612393017,1.1375352203658151,915.1879422486146,63.99780449511622,1430.030216612281,1.579256766349431,-4.211384846043586
8416,-486.736982402683,-48.6736982402683,-1.579256766349431,-0.30674574427699275,916.767199014964,64.10823969767372,1430.030216612281,1.579256766349431,-4.211384846043586
8417,-486.6053985903486,-48.660539859034856,0.13158381233438377,0.025636721880006874,916.6356152026297,64.0990382269072,1430.030216612281,1.579256766349431,-4.211384846043586
8418,-476.20852028757406,-47.62085202875741,10.396878302774553,2.0251241976887435,906.2387368998551,63.3719991628373,1430.030216612281,10.528462115108937,-4.211384846043586
8419,-484.63128997966123,-48.46312899796612,-8.422769692087172,-1.6080386982834205,914.6615065919423,63.96099159070645,1430.030216612281,10.528462115108937,-4.211384846043586
8420,-482.65718136897385,-48.265718136897384,1.9741086106873809,0.3830478203865839,912.6873979812549,63.822944954505715,1430.030216612281,10.528462115108937,-4.211384846043586
8421,-473.18159056720947,-47.318159056720944,9.475590801764383,1.8315883511901054,903.2118071794905,63.1603302284888,1430.030216612281,13.555391835473529,-4.211384846043586
8422,-468.0489684238231,-46.80489684238231,5.132622143386357,0.9742678030011387,898.0791850361041,62.801413187173026,1430.030216612281,18.688013978859885,-4.211384846043586
8423,-468.97020572116594,-46.8970205721166,-0.9212372973428273,-0.1731808461040485,899.000422333447,62.86583401455423,1430.030216612281,18.688013978859885,-4.211384846043586
8424,-474.1028278645523,-47.41028278645523,-5.132622143386357,-0.9665412748368851,904.1330444768333,63.22475105587001,1430.030216612281,18.688013978859885,-4.211384846043586
8425,-475.4188668025656,-47.54188668025656,-1.316038938013321,-0.25024643746788255,905.4490834148467,63.31677980622265,1430.030216612281,18.688013978859885,-4.211384846043586
8426,-483.5784186663167,-48.35784186663167,-8.159551863751062,-1.5554413507052445,913.6086352785977,63.887365781886906,1430.030216612281,18.688013978859885,-4.211384846043586
8427,-476.20852028757406,-47.62085202875741,7.369898378742619,1.4271089058109254,906.2387368998551,63.3719991628373,1430.030216612281,18.688013978859885,-4.211384846043586
8428,-478.0509948822597,-47.80509948822596,-1.8424745946856547,-0.35175726716616396,908.0812114945408,63.5008408175997,1430.030216612281,18.688013978859885,-4.211384846043586
8429,-482.65718136897385,-48.265718136897384,-4.606186486714137,-0.8824974167112476,912.6873979812549,63.822944954505715,1430.030216612281,18.688013978859885,-4.211384846043586
8430,-493.3172775000845,-49.33172775000845,-10.660096131110663,-2.0605478122454723,923.3474941123656,64.56839047078049,1430.030216612281,18.688013978859885,-6.5802950974015175
8431,-498.44989964347087,-49.844989964347086,-5.132622143386357,-1.012985427658275,928.4801162557519,64.92730751209625,1430.030216612281,18.688013978859885,-11.712917240787874
8432,-501.4768293638355,-50.14768293638355,-3.026929720364649,-0.6035149266669371,931.5070459761166,65.13897644644476,1430.030216612281,18.688013978859885,-14.739846961152523
8433,-502.66128448951446,-50.26612844895144,-1.1844551256789373,-0.23759279316294402,932.6915011017954,65.22180372603083,1430.030216612281,18.688013978859885,-15.92430208683146
8434,-501.21361153549935,-50.121361153549934,1.447672954015104,0.2910839049658831,931.2438281477804,65.12056999423986,1430.030216612281,18.688013978859885,-15.92430208683146
8435,-508.8467779462454,-50.884677794624544,-7.633166410746071,-1.5303477775816088,938.8769945585265,65.65434657616615,1430.030216612281,18.688013978859885,-22.109795543562427
8436,-521.0861308437056,-52.10861308437056,-12.239352897460208,-2.49196225289563,951.1163474559867,66.51022729499843,1430.030216612281,18.688013978859885,-34.349148441022635
8437,-509.50479741525214,-50.950479741525214,11.58133342845349,2.418249746839951,939.5350140275332,65.70036095134246,1430.030216612281,18.688013978859885,-34.349148441022635
8438,-508.18875847723876,-50.818875847723874,1.316038938013378,0.2683082181188068,938.2189750895197,65.60833220098982,1430.030216612281,18.688013978859885,-34.349148441022635
8439,-469.62822519017266,-46.962822519017266,38.56053328706611,7.840514821839739,899.6584418024537,62.91184838973055,1430.030216612281,18.688013978859885,-34.349148441022635
8440,-460.41580201307704,-46.04158020130771,9.212423177095616,1.7369746307481781,890.4460186253581,62.26763660524674,1430.030216612281,26.321180389605956,-34.349148441022635
8441,-443.5702626289028,-44.35702626289027,16.84553938417423,3.1219482421875,873.6004792411838,61.089651749508455,1430.030216612281,43.16671977378019,-34.349148441022635
8442,-447.1236280059396,-44.712362800593965,-3.553365377036812,-0.6386009119183744,877.1538446182207,61.33813358826671,1430.030216612281,43.16671977378019,-34.349148441022635
8443,-448.5712507562873,-44.85712507562874,-1.4476227503477048,-0.26183480135469894,878.6014673685684,61.43936380938588,1430.030216612281,43.16671977378019,-34.349148441022635
8444,-450.41377555464044,-45.041377555464045,-1.8425247983531108,-0.33413651371644315,880.4439921669215,61.56820897482008,1430.030216612281,43.16671977378019,-34.349148441022635
8445,-447.3867956306084,-44.738679563060835,3.026979924032048,0.5507743442963564,877.4170122428894,61.3565365297998,1430.030216612281,43.16671977378019,-34.349148441022635
8446,-447.255211818274,-44.725521181827396,0.13158381233438377,0.02381119584078384,877.285428430555,61.34733505903325,1430.030216612281,43.16671977378019,-34.349148441022635
8447,-449.75570588196626,-44.975570588196625,-2.5004940636922584,-0.4523776826404369,879.7859224942473,61.522191088971965,1430.030216612281,43.16671977378019,-34.349148441022635
8448,-447.3867956306084,-44.738679563060835,2.3689102513578746,0.43051973035992397,877.4170122428894,61.3565365297998,1430.030216612281,43.16671977378019,-34.349148441022635
8449,-457.65209012104856,-45.765209012104854,-10.26529449044017,-1.8575912427127528,887.6823067333296,62.07437412310314,1430.030216612281,43.16671977378019,-34.349148441022635
8450,-448.70288477228917,-44.87028847722891,8.949205348759392,1.6500857080387288,878.7331013845702,61.44856879082423,1430.030216612281,43.16671977378019,-34.349148441022635
8451,-446.3339745209312,-44.633397452093114,2.3689102513579883,0.42969755979578306,876.3641911332122,61.28291423165205,1430.030216612281,43.16671977378019,-34.349148441022635
8452,-449.49248805363015,-44.94924880536302,-3.1585135326989757,-0.5704727014748667,879.5227046659112,61.50378463676709,1430.030216612281,43.16671977378019,-34.349148441022635
8453,-434.8842751084795,-43.48842751084795,14.608212945150626,2.653590119688265,864.9144917207606,60.48225286943442,1430.030216612281,51.85270729420347,-34.349148441022635
8454,-436.85833351549945,-43.68583335154994,-1.9740584070199247,-0.3493193199320177,866.8885501277805,60.62029599496336,1430.030216612281,51.85270729420347,-34.349148441022635
8455,-440.9381345492087,-44.09381345492087,-4.079801033709259,-0.7244715275958935,870.9683511614897,60.9055907381314,1430.030216612281,51.85270729420347,-34.349148441022635
8456,-439.75367942352966,-43.97536794235296,1.184455125679051,0.21186476826209333,869.7838960358107,60.8227634585453,1430.030216612281,51.85270729420347,-34.349148441022635
8457,-445.2811032075866,-44.528110320758664,-5.527423784056964,-0.9866059947291506,875.3113198198677,61.20928842283252,1430.030216612281,51.85270729420347,-34.349148441022635
8458,-441.1027895756296,-44.110278957562954,4.178313631957053,0.753230808634342,871.1330061879106,60.91710483234479,1430.030216612281,51.85270729420347,-34.349148441022635
8459,-441.1027895756296,-44.110278957562954,0.0,0.0,871.1330061879106,60.91710483234479,1430.030216612281,0.0,0.0
8460,-441.1027895756296,-44.110278957562954,0.0,0.0,871.1330061879106,60.91710483234479,1430.030216612281,0.0,0.0
8461,-441.1027895756296,-44.110278957562954,0.0,0.0,871.1330061879106,60.91710483234479,1430.030216612281,0.0,0.0
8462,-441.1027895756296,-44.110278957562954,0.0,0.0,871.1330061879106,60.91710483234479,1430.030216612281,0.0,0.0
8463,-441.1027895756296,-44.110278957562954,0.0,0.0,871.1330061879106,60.91710483234479,1430.030216612281,0.0,0.0
8464,-441.1027895756296,-44.110278957562954,0.0,0.0,871.1330061879106,60.91710483234479,1430.030216612281,0.0,0.0
8465,-441.1027895756296,-44.110278957562954,0.0,0.0,871.1330061879106,60.91710483234479,1430.030216612281,0.0,0.0
8466,-441.66112844718236,-44.16611284471824,-0.5583388715527917,-0.09990009990009652,871.6913450594634,60.95614868366114,1430.030216612281,0.0,0.0
8467,-445.61376177269926,-44.56137617726993,-3.9526333255168993,-0.7079273048863799,875.6439783849803,61.23255076800874,1430.030216612281,0.0,-3.9526333255168993
8468,-449.8213597680293,-44.98213597680293,-4.2075979953300475,-0.7589650870094111,879.8515763803103,61.52678217280365,1430.030216612281,0.0,-8.160231320846947
8469,-449.3113817895878,-44.93113817895878,0.5099779784414977,0.09269316202942246,879.3415984018689,61.49112013066515,1430.030216612281,0.0,-8.160231320846947
8470,-447.1437929856543,-44.71437929856543,2.1675888039335405,0.3936142372031659,877.1740095979353,61.33954369691199,1430.030216612281,0.0,-8.160231320846947
8471,-445.61376177269926,-44.56137617726993,1.5300312129550093,0.27675030026665937,875.6439783849803,61.23255076800874,1430.030216612281,0.0,-8.160231320846947
8472,-435.7959682651756,-43.579596826517566,9.817793507523675,1.7709302342924227,865.8261848774566,60.546006288495434,1430.030216612281,5.865160182006775,-8.160231320846947
8473,-433.7559104349639,-43.375591043496385,2.0400578302117083,0.36158157607255603,863.7861270472449,60.40334791620982,1430.030216612281,7.905218012218484,-8.160231320846947
8474,-431.4608392961238,-43.14608392961238,2.2950711388400578,0.405314807012469,861.4910559084049,60.242856822232994,1430.030216612281,10.200289151058541,-8.160231320846947
8475,-430.950812678867,-43.095081267886705,0.5100266172568126,0.08970826506047302,860.981029291148,60.20719137885061,1430.030216612281,10.710315768315354,-8.160231320846947
8476,-437.07098616950225,-43.707098616950226,-6.1201734906352385,-1.0755086953812665,867.1012027817833,60.6351664957075,1430.030216612281,10.710315768315354,-8.160231320846947
8477,-438.9077066599315,-43.89077066599315,-1.8367204904292294,-0.326279236867022,868.9379232722125,60.76360577405928,1430.030216612281,10.710315768315354,-8.160231320846947
8478,-438.9077066599315,-43.89077066599315,0.0,0.0,868.9379232722125,60.76360577405928,1430.030216612281,0.0,0.0
8479,-438.9077066599315,-43.89077066599315,0.0,0.0,868.9379232722125,60.76360577405928,1430.030216612281,0.0,0.0
8480,-438.9077066599315,-43.89077066599315,0.0,0.0,868.9379232722125,60.76360577405928,1430.030216612281,0.0,0.0
8481,-438.9077066599315,-43.89077066599315,0.0,0.0,868.9379232722125,60.76360577405928,1430.030216612281,0.0,0.0
8482,-439.4682384215099,-43.946823842151,-0.5605317615784315,-0.09990009990008542,869.498455033791,60.8028029710882,1430.030216612281,0.0,0.0
8483,-440.35295214416476,-44.03529521441648,-0.8847137226548512,-0.15783471754811096,870.3831687564458,60.86466975630556,1430.030216612281,0.0,-0.8847137226548512
8484,-443.0070933121292,-44.300709331212914,-2.6541411679644398,-0.47425268803492626,873.0373099244102,61.050270111957616,1430.030216612281,0.0,-3.538854890619291
8485,-436.9404642653752,-43.694046426537525,6.066629046753974,1.089175279238086,866.9706808776563,60.62603928268705,1430.030216612281,2.527774156134683,-3.538854890619291
8486,-436.0557505427204,-43.60557505427204,0.8847137226548512,0.15712614146576875,866.0859671550014,60.56417249746969,1430.030216612281,3.412487878789534,-3.538854890619291
8487,-439.72097244516965,-43.97209724451696,-3.665221902449275,-0.6499262836666131,869.7511890574507,60.82047630559006,1430.030216612281,3.412487878789534,-3.538854890619291
8488,-433.7807586235274,-43.37807586235274,5.94021382164226,1.0602241971409354,863.8109752358084,60.405085515057365,1430.030216612281,5.687479797982519,-3.538854890619291
8489,-431.2529844673928,-43.12529844673928,2.5277741561345692,0.4464302820210708,861.2832010796739,60.22832182665623,1430.030216612281,8.215253954117088,-3.538854890619291
8490,-431.884915953106,-43.188491595310595,-0.631931485713153,-0.11110941569010269,861.915132565387,60.272511905884784,1430.030216612281,8.215253954117088,-3.538854890619291
8491,-430.1154885077963,-43.011548850779626,1.7694274453097023,0.3114558115066002,860.1457051200773,60.14877833545006,1430.030216612281,9.352749913713637,-3.538854890619291
8492,-424.68079094675556,-42.46807909467556,5.434697561040707,0.9536489326250175,854.7110075590366,59.76873758540805,1430.030216612281,14.787447474754345,-3.538854890619291
8493,-427.20856510289013,-42.72085651028902,-2.5277741561345692,-0.4393689827068892,857.2387817151712,59.945501273809185,1430.030216612281,14.787447474754345,-3.538854890619291
8494,-429.10440777331155,-42.91044077733116,-1.8958426704214162,-0.330983069040125,859.1346243855926,60.07807488298177,1430.030216612281,14.787447474754345,-3.538854890619291
8495,-428.72521031125814,-42.87252103112581,0.379197462053412,0.066421508103498,858.7554269235392,60.05155813825509,1430.030216612281,14.787447474754345,-3.538854890619291
8496,-424.8072061718673,-42.480720617186726,3.9180041393908596,0.6858352950469992,854.8374227841483,59.77757762414592,1430.030216612281,14.787447474754345,-3.538854890619291
8497,-424.8072061718673,-42.480720617186726,0.0,0.0,854.8374227841483,59.77757762414592,1430.030216612281,14.787447474754345,-3.538854890619291
8498,-431.12661745556295,-43.11266174555629,-6.319411283695672,-1.0986596757649791,861.156834067844,60.219485159405295,1430.030216612281,14.787447474754345,-3.538854890619291
8499,-431.5057667043344,-43.15057667043344,-0.37914924877145495,-0.06664914555777335,861.5359833166154,60.24599853264504,1430.030216612281,14.787447474754345,-3.538854890619291
8500,-437.5723957510885,-43.757239575108855,-6.0666290467540875,-1.0671399446894547,867.6026123633695,60.67022936191561,1430.030216612281,14.787447474754345,-3.538854890619291
8501,-404.5850611360721,-40.45850611360721,32.98733461501638,5.865169910902401,834.6152777483532,58.363471488423755,1430.030216612281,34.883177285437796,-3.538854890619291
8502,-395.8642909213536,-39.586429092135354,8.720770214718527,1.4646542512618321,825.8945075336346,57.75364030350112,1430.030216612281,43.60394750015632,-3.538854890619291
8503,-396.6225894188967,-39.662258941889675,-0.7582984975431373,-0.1255179070112522,826.6528060311778,57.80666704998061,1430.030216612281,43.60394750015632,-3.538854890619291
8504,-394.97957719869873,-39.497957719869866,1.6430122201979884,0.2723025740416052,825.0097938109798,57.69177351828375,1430.030216612281,44.488661222811174,-3.538854890619291
8505,-404.07949666218883,-40.407949666218876,-9.099919463490096,-1.5040681472133777,834.1097132744699,58.328118076446145,1430.030216612281,44.488661222811174,-3.538854890619291
8506,-402.8156336907624,-40.281563369076245,1.2638629714264198,0.21208583432645867,832.8458503030434,58.239737917989046,1430.030216612281,44.488661222811174,-3.538854890619291
8507,-405.5961900838387,-40.55961900838386,-2.7805563930762673,-0.4656110491071397,835.6264066961197,58.43417831237898,1430.030216612281,44.488661222811174,-3.538854890619291
8508,-409.76697646017124,-40.97669764601712,-4.170786376332558,-0.7016755792532359,839.7971930724523,58.725835532476964,1430.030216612281,44.488661222811174,-3.538854890619291
8509,-409.1350449744581,-40.91350449744581,0.631931485713153,0.10706474570385538,839.1652615867391,58.68164545324842,1430.030216612281,44.488661222811174,-3.538854890619291
8510,-412.16838360447605,-41.2168383604476,-3.0333386300179654,-0.5133725742605288,842.1986002167571,58.89376255362717,1430.030216612281,44.488661222811174,-3.538854890619291
8511,-409.1350449744581,-40.91350449744581,3.0333386300179654,0.5160216880844004,839.1652615867391,58.68164545324842,1430.030216612281,44.488661222811174,-3.538854890619291
8512,-403.95312965035896,-40.3953129650359,5.181915324099123,0.8770050212023595,833.98334626264,58.31928140919521,1430.030216612281,44.488661222811174,-3.538854890619291
8513,-400.28785953462784,-40.02878595346279,3.6652701157311185,0.6149298483156374,830.3180761469089,58.06297422958791,1430.030216612281,44.488661222811174,-3.538854890619291
8514,-412.16838360447605,-41.2168383604476,-11.880524069848207,-1.981037779330097,842.1986002167571,58.89376255362717,1430.030216612281,44.488661222811174,-3.538854890619291
8515,-409.0086779626282,-40.900867796262816,3.159705641847836,0.5375188325565938,839.0388945749092,58.672808785997475,1430.030216612281,44.488661222811174,-3.538854890619291
8516,-411.91560136753435,-41.19156013675344,-2.906923404906138,-0.4918724347567127,841.9458179798154,58.87608584763836,1430.030216612281,44.488661222811174,-3.538854890619291
8517,-403.5739804015874,-40.35739804015874,8.341620965946959,1.4184394255900346,833.6041970138684,58.29276803595547,1430.030216612281,44.488661222811174,-3.538854890619291
8518,-403.194782939534,-40.319478293953395,0.379197462053412,0.06357828961063294,833.224999551815,58.26625129122879,1430.030216612281,44.488661222811174,-3.538854890619291
8519,-399.0239965632014,-39.90239965632014,4.170786376332558,0.6988521978536832,829.0542131754825,57.9745940711308,1430.030216612281,44.488661222811174,-3.538854890619291
8520,-402.8156336907624,-40.281563369076245,-3.791637127560989,-0.6309132321220434,832.8458503030434,58.239737917989046,1430.030216612281,44.488661222811174,-3.538854890619291
8521,-411.41003689365107,-41.14100368936511,-8.594403202888657,-1.439154085028116,841.4402535059321,58.84073243566075,1430.030216612281,44.488661222811174,-3.538854890619291
8522,-397.2545691178917,-39.725456911789166,14.155467775759348,2.404979470097035,827.2847857301728,57.850860500696086,1430.030216612281,44.488661222811174,-3.538854890619291
8523,-394.3476457129856,-39.43476457129855,2.906923404906138,0.48228045472729075,824.3778623252666,57.647583439055204,1430.030216612281,45.12059270852433,-3.538854890619291
8524,-396.6225894188967,-39.662258941889675,-2.2749437059111415,-0.37561873404904356,826.6528060311778,57.80666704998061,1430.030216612281,45.12059270852433,-3.538854890619291
8525,-405.97533933261025,-40.59753393326102,-9.352749913713524,-1.5500663017374183,836.0055559448913,58.46069168561873,1430.030216612281,45.12059270852433,-3.538854890619291
8526,-403.95312965035896,-40.3953129650359,2.0222096822512867,0.34042520725980907,833.98334626264,58.31928140919521,1430.030216612281,45.12059270852433,-3.538854890619291
8527,-399.78229506074456,-39.978229506074456,4.170834589614401,0.6997494319813891,829.8125116730256,58.02762081761029,1430.030216612281,45.12059270852433,-3.538854890619291
8528,-399.6559280489146,-39.96559280489146,0.12636701182998422,0.02105352954271389,829.6861446611956,58.01878415035935,1430.030216612281,45.12059270852433,-3.538854890619291
8529,-401.93091996810756,-40.19309199681076,-2.274991919192985,-0.37894801089638497,831.9611365803886,58.177871132771685,1430.030216612281,45.12059270852433,-3.538854890619291
8530,-396.49622240706685,-39.649622240706684,5.434697561040707,0.9087073287170844,826.5264390193479,57.79783038272968,1430.030216612281,45.12059270852433,-3.538854890619291
8531,-395.4850934593002,-39.548509345930015,1.0111289477666787,0.16754310168523023,825.5153100715812,57.72712355877444,1430.030216612281,45.12059270852433,-3.538854890619291
8532,-394.3476457129856,-39.43476457129855,1.1374477463145922,0.18815875903268608,824.3778623252666,57.647583439055204,1430.030216612281,45.12059270852433,-3.538854890619291
8533,-397.00178688095014,-39.70017868809501,-2.6541411679645535,-0.43822849018544385,827.0320034932312,57.83318379470729,1430.030216612281,45.12059270852433,-3.538854890619291
8534,-396.36985539523687,-39.636985539523685,0.6319314857132667,0.10479823521276632,826.4000720075179,57.78899371547873,1430.030216612281,45.12059270852433,-3.538854890619291
8535,-397.12815389278,-39.712815389278,-0.7582984975431373,-0.12562303329626268,827.158370505061,57.84202046195822,1430.030216612281,45.12059270852433,-3.538854890619291
8536,-395.99065793318346,-39.599065793318346,1.1374959595965493,0.18867956215593562,826.0208745454645,57.762476970752054,1430.030216612281,45.12059270852433,-3.538854890619291
8537,-392.32538781745234,-39.23253878174523,3.6652701157311185,0.6068234148811635,822.3556044297334,57.50616979114474,1430.030216612281,47.14285060405757,-3.538854890619291
8538,-389.4184644125462,-38.941846441254626,2.906923404906138,0.4783684140539535,819.4486810248272,57.302892729503874,1430.030216612281,50.04977400896371,-3.538854890619291
8539,-402.8156336907624,-40.281563369076245,-13.39716927821621,-2.194165479525434,832.8458503030434,58.239737917989046,1430.030216612281,50.04977400896371,-3.538854890619291
8540,-405.0906256099554,-40.50906256099553,-2.274991919192985,-0.3809530268270467,835.1208422222364,58.39882490040137,1430.030216612281,50.04977400896371,-3.538854890619291
8541,-401.0462062454528,-40.104620624545284,4.044419364502573,0.6798378944102623,831.0764228577339,58.11600434755433,1430.030216612281,50.04977400896371,-3.538854890619291
8542,-401.93091996810756,-40.19309199681076,-0.8847137226547375,-0.14770984538037268,831.9611365803886,58.177871132771685,1430.030216612281,50.04977400896371,-3.538854890619291
8543,-403.4475651764757,-40.344756517647575,-1.516645208368118,-0.253590305703022,833.4777817887567,58.2839279972176,1430.030216612281,50.04977400896371,-3.538854890619291
8544,-401.93091996810756,-40.19309199681076,1.516645208368118,0.2542350210701594,831.9611365803886,58.177871132771685,1430.030216612281,50.04977400896371,-3.538854890619291
8545,-396.24344017012515,-39.62434401701251,5.687479797982405,0.9509737232493487,826.2736567824062,57.780153676740866,1430.030216612281,50.04977400896371,-3.538854890619291
8546,-392.45180304256417,-39.24518030425642,3.791637127560989,0.628007607673764,822.4820196548452,57.51500982988262,1430.030216612281,50.04977400896371,-3.538854890619291
8547,-391.3143070829676,-39.13143070829677,1.1374959595965493,0.18722727929949556,821.3445236952487,57.435466338676456,1430.030216612281,50.04977400896371,-3.538854890619291
8548,-397.886500603605,-39.788650060360496,-6.57219352063737,-1.0797351731960614,827.916717215886,57.89505057992464,1430.030216612281,50.04977400896371,-3.538854890619291
8549,-395.3587264474703,-39.53587264474703,2.527774156134683,0.41981688812304796,825.3889430597513,57.718286891523505,1430.030216612281,50.04977400896371,-3.538854890619291
8550,-396.49622240706685,-39.649622240706684,-1.1374959595965493,-0.18812740865559174,826.5264390193479,57.79783038272968,1430.030216612281,50.04977400896371,-3.538854890619291
8551,-406.3544885813818,-40.635448858138176,-9.858266174314963,-1.6335052969568054,836.3847051936629,58.48720505885847,1430.030216612281,50.04977400896371,-3.538854890619291
8552,-407.87118200303166,-40.78711820030316,-1.5166934216498476,-0.25548806357946763,837.9013986153127,58.59326529479131,1430.030216612281,50.04977400896371,-3.538854890619291
8553,-401.80450474299585,-40.18045047429959,6.066677260035817,1.0245536234088304,831.8347213552769,58.16903109403382,1430.030216612281,50.04977400896371,-3.538854890619291
8554,-401.678137731166,-40.1678137731166,0.12636701182987053,0.021124701344588104,831.708354343447,58.16019442678287,1430.030216612281,50.04977400896371,-3.538854890619291
8555,-396.8753716558383,-39.687537165583834,4.802766075327668,0.8027060982053413,826.9055882681193,57.82434375596941,1430.030216612281,50.04977400896371,-3.538854890619291
8556,-396.8753716558383,-39.687537165583834,0.0,0.0,826.9055882681193,57.82434375596941,1430.030216612281,50.04977400896371,-3.538854890619291
8557,-393.8420812391023,-39.38420812391023,3.0332904167360084,0.502929290926768,823.8722978513833,57.612230027077594,1430.030216612281,50.04977400896371,-3.538854890619291
8558,-396.74900464400844,-39.67490046440084,-2.906923404906138,-0.4795653599392824,826.7792212562895,57.815507088718476,1430.030216612281,50.04977400896371,-3.538854890619291
8559,-398.26564985237644,-39.826564985237646,-1.5166452083680042,-0.25141196948593736,828.2958664646575,57.92156395316438,1430.030216612281,50.04977400896371,-3.538854890619291
8560,-396.6225894188967,-39.662258941889675,1.643060433479718,0.27305411982490035,826.6528060311778,57.80666704998061,1430.030216612281,50.04977400896371,-3.538854890619291
8561,-401.4253554942243,-40.14253554942243,-4.802766075327554,-0.795980424706666,831.4555721065053,58.142517720794075,1430.030216612281,50.04977400896371,-3.538854890619291
8562,-392.83095229133573,-39.28309522913357,8.594403202888543,1.4358114366813224,822.8611689036168,57.54152320312237,1430.030216612281,50.04977400896371,-3.538854890619291
8563,-388.91294815194476,-38.89129481519448,3.9180041393909733,0.6452904926851577,818.9431647642258,57.26754268901318,1430.030216612281,50.55529026956515,-3.538854890619291
8564,-394.853161973587,-39.4853161973587,-5.94021382164226,-0.9720732592316983,824.8833785858681,57.68293347954588,1430.030216612281,50.55529026956515,-3.538854890619291
8565,-397.5073513548334,-39.75073513548334,-2.654189381246397,-0.438602536518673,827.5375679671145,57.8685372066849,1430.030216612281,50.55529026956515,-3.538854890619291
8566,-397.2545691178917,-39.725456911789166,0.2527822369416981,0.041956069922211015,827.2847857301728,57.850860500696086,1430.030216612281,50.55529026956515,-3.538854890619291
8567,-394.6003797366453,-39.46003797366453,2.654189381246397,0.4403499794866983,824.6305963489264,57.66525677355708,1430.030216612281,50.55529026956515,-3.538854890619291
8568,-390.68237559725446,-39.068237559725446,3.9180041393908596,0.6471765108948091,820.7125922095355,57.391276259447906,1430.030216612281,50.55529026956515,-3.538854890619291
8569,-356.9366942714132,-35.693669427141316,33.74568132584125,5.538274288211964,786.9669108836943,55.03148826798964,1430.030216612281,82.53154415009669,-3.538854890619291
8570,-361.6130933349109,-36.16130933349109,-4.6763990634976835,-0.7272066407520095,791.6433099471919,55.35850227155217,1430.030216612281,82.53154415009669,-3.538854890619291
8571,-372.10329099493913,-37.21032909949391,-10.49019766002823,-1.6432350899595716,802.1335076072202,56.09206702690953,1430.030216612281,82.53154415009669,-3.538854890619291
8572,-369.7019320639163,-36.970193206391635,2.4013589310228554,0.382444898433687,799.7321486761973,55.92414337724626,1430.030216612281,82.53154415009669,-3.538854890619291
8573,-368.31165386737814,-36.831165386737815,1.3902781965381337,0.22057471968628395,798.3418704796592,55.82692318005129,1430.030216612281,82.53154415009669,-3.538854890619291
8574,-367.6797223816649,-36.76797223816649,0.6319314857132667,0.10003849043316304,797.7099389939459,55.78273310082273,1430.030216612281,82.53154415009669,-3.538854890619291
8575,-371.72414174616756,-37.172414174616755,-4.044419364502687,-0.6396156358825289,801.7543583584486,56.065553653669774,1430.030216612281,82.53154415009669,-3.538854890619291
8576,-377.53798855597995,-37.753798855598,-5.813846809812389,-0.9253653046562782,807.568205168261,56.47210777695154,1430.030216612281,82.53154415009669,-3.538854890619291
8577,-378.04355302986323,-37.80435530298632,-0.5055644738832825,-0.0812201330504414,808.0737696421443,56.507461188929156,1430.030216612281,82.53154415009669,-3.538854890619291
8578,-375.01021439984527,-37.50102143998453,3.0333386300179654,0.48770917076186304,805.0404310121263,56.2953440885504,1430.030216612281,82.53154415009669,-3.538854890619291
8579,-365.2783152373602,-36.52783152373602,9.731899162485092,1.557129314223893,795.3085318496412,55.61480607967254,1430.030216612281,82.53154415009669,-3.538854890619291
8580,-369.32273460186286,-36.93227346018628,-4.044419364502687,-0.6371957129549077,799.3529512141439,55.89762663251958,1430.030216612281,82.53154415009669,-3.538854890619291
8581,-362.24502482062417,-36.22450248206241,7.0777097812386955,1.1222395620635872,792.2752414329052,55.402692350780725,1430.030216612281,82.53154415009669,-3.538854890619291
8582,-356.4311780108118,-35.64311780108118,5.813846809812389,0.9116113611151722,786.4613946230928,54.99613822749896,1430.030216612281,83.03706041069813,-3.538854890619291
8583,-358.57975470489305,-35.8579754704893,-2.148576694081271,-0.3338534466974741,788.6099713171741,55.14638517117342,1430.030216612281,83.03706041069813,-3.538854890619291
8584,-357.82140799406807,-35.782140799406804,0.7583467108249806,0.11822930697737988,787.8516246063491,55.09335505320699,1430.030216612281,83.03706041069813,-3.538854890619291
8585,-348.97427076751967,-34.89742707675197,8.847137226548398,1.3776755152975717,779.0044873798007,54.47468720103341,1430.030216612281,90.49396765399024,-3.538854890619291
8586,-364.8991659885886,-36.48991659885886,-15.924895221068937,-2.44612378681921,794.9293826008696,55.58829270643278,1430.030216612281,90.49396765399024,-3.538854890619291
8587,-367.30052491961146,-36.73005249196115,-2.4013589310228554,-0.37810671981887145,797.3307415318925,55.756216356096054,1430.030216612281,90.49396765399024,-3.538854890619291
8588,-372.4824402437106,-37.24824402437106,-5.181915324099123,-0.8190168521067132,802.5126568559916,56.11858040014926,1430.030216612281,90.49396765399024,-3.538854890619291
8589,-379.30741600128954,-37.93074160012896,-6.8249757575789545,-1.0876151035884352,809.3376326135706,56.595841347386255,1430.030216612281,90.49396765399024,-3.538854890619291
8590,-386.6379562327518,-38.66379562327518,-7.330540231462237,-1.1810259088704478,816.6681728450328,57.10845570660086,1430.030216612281,90.49396765399024,-3.538854890619291
8591,-380.5713271859978,-38.05713271859978,6.066629046753974,0.9890780018751988,810.6015437982788,56.684224877330294,1430.030216612281,90.49396765399024,-3.538854890619291
8592,-380.5713271859978,-38.05713271859978,0.0,0.0,810.6015437982788,56.684224877330294,1430.030216612281,90.49396765399024,-3.538854890619291
8593,-378.5491175037465,-37.854911750374654,2.0222096822512867,0.32646368678166393,808.5793341160276,56.542814600906766,1430.030216612281,90.49396765399024,-3.538854890619291
8594,-379.18104898945967,-37.91810489894597,-0.631931485713153,-0.10168647330176528,809.2112656017407,56.58700468013532,1430.030216612281,90.49396765399024,-3.538854890619291
8595,-373.1144199427057,-37.31144199427057,6.066629046753974,0.9771977863882952,803.1446365549867,56.16277385086475,1430.030216612281,90.49396765399024,-3.538854890619291
8596,-380.0657627121145,-38.00657627121146,-6.951342769408825,-1.10886946367047,810.0959793243956,56.64887146535268,1430.030216612281,90.49396765399024,-3.538854890619291
8597,-384.8685287874422,-38.486852878744216,-4.802766075327668,-0.7747218634574837,814.8987453997232,56.98472213616614,1430.030216612281,90.49396765399024,-3.538854890619291
8598,-387.7754521923483,-38.77754521923483,-2.906923404906138,-0.4725694491253929,817.8056688046294,57.187999197807024,1430.030216612281,90.49396765399024,-3.538854890619291
8599,-396.24344017012515,-39.62434401701251,-8.46798797777683,-1.3831506770024649,826.2736567824062,57.780153676740866,1430.030216612281,90.49396765399024,-3.538854890619291
8600,-389.03931516377463,-38.90393151637747,7.204125006350523,1.19321685024516,819.0695317760557,57.27637935626413,1430.030216612281,90.49396765399024,-3.538854890619291
8601,-385.3740450480435,-38.53740450480435,3.6652701157311185,0.599919144832306,815.4042616603246,57.020072176656825,1430.030216612281,90.49396765399024,-3.538854890619291
8602,-376.27412558455353,-37.627412558455354,9.099919463489982,1.4805621842314265,806.3043421968346,56.38372761849444,1430.030216612281,90.49396765399024,-3.538854890619291
8603,-376.77964184515497,-37.6779641845155,-0.5055162606014392,-0.08104782586985104,806.809858457436,56.41907765898512,1430.030216612281,90.49396765399024,-3.538854890619291
8604,-370.8394280235127,-37.08394280235127,5.94021382164226,0.9531482314264039,800.8696446357937,56.00368686845242,1430.030216612281,90.49396765399024,-3.538854890619291
8605,-381.5824079204825,-38.15824079204825,-10.742979896969814,-1.7075100340793958,811.6126245327636,56.75492832979858,1430.030216612281,90.49396765399024,-3.538854890619291
8606,-391.5670893199093,-39.156708931990934,-9.98468139942679,-1.6145532609853297,821.5973059321904,57.45314304466527,1430.030216612281,90.49396765399024,-3.538854890619291
8607,-392.83095229133573,-39.28309522913357,-1.2638629714264198,-0.20772429453458363,822.8611689036168,57.54152320312237,1430.030216612281,90.49396765399024,-3.538854890619291
8608,-391.3143070829676,-39.13143070829677,1.516645208368118,0.2497896119856069,821.3445236952487,57.435466338676456,1430.030216612281,90.49396765399024,-3.538854890619291
8609,-392.0726537937926,-39.207265379379265,-0.7583467108249806,-0.12458756952060668,822.1028704060736,57.48849645664288,1430.030216612281,90.49396765399024,-3.538854890619291
8610,-392.70458527950575,-39.27045852795058,-0.631931485713153,-0.10394852109495423,822.7348018917868,57.53268653587143,1430.030216612281,90.49396765399024,-3.538854890619291
8611,-387.7754521923483,-38.77754521923483,4.929133087157425,0.8116532691797129,817.8056688046294,57.187999197807024,1430.030216612281,90.49396765399024,-3.538854890619291
8612,-384.8685287874422,-38.486852878744216,2.906923404906138,0.47481327158731546,814.8987453997232,56.98472213616614,1430.030216612281,90.49396765399024,-3.538854890619291
8613,-386.1323917588685,-38.61323917588685,-1.263862971426306,-0.20546225166060417,816.1626083711495,57.07310229462325,1430.030216612281,90.49396765399024,-3.538854890619291
8614,-388.91294815194476,-38.89129481519448,-2.7805563930762673,-0.45295701479398653,818.9431647642258,57.26754268901318,1430.030216612281,90.49396765399024,-3.538854890619291
8615,-392.57817005439404,-39.2578170054394,-3.665221902449275,-0.5997871974810942,822.6083866666751,57.523846497133555,1430.030216612281,90.49396765399024,-3.538854890619291
8616,-399.1503635750313,-39.91503635750313,-6.572193520637256,-1.081981778828367,829.1805801873123,57.983430738381735,1430.030216612281,90.49396765399024,-3.538854890619291
8617,-396.6225894188967,-39.662258941889675,2.5277741561345692,0.42069995601141663,826.6528060311778,57.80666704998061,1430.030216612281,90.49396765399024,-3.538854890619291
8618,-396.36985539523687,-39.636985539523685,0.25273402365985476,0.04188655710799516,826.4000720075179,57.78899371547873,1430.030216612281,90.49396765399024,-3.538854890619291
8619,-393.7156660139905,-39.371566601399046,2.654189381246397,0.4397045782039699,823.7458826262715,57.603389988339714,1430.030216612281,90.49396765399024,-3.538854890619291
8620,-395.23235943564043,-39.52323594356404,-1.5166934216499612,-0.250162066975812,825.2625760479215,57.709450224272565,1430.030216612281,90.49396765399024,-3.538854890619291
8621,-394.094863476044,-39.40948634760439,1.1374959595964356,0.18808809918053893,824.125080088325,57.629906733066406,1430.030216612281,90.49396765399024,-3.538854890619291
8622,-395.7378756962419,-39.57378756962419,-1.6430122201978747,-0.27116657726715676,825.7680923085229,57.74480026476325,1430.030216612281,90.49396765399024,-3.538854890619291
8623,-391.9462385686809,-39.19462385686809,3.791637127560989,0.6274821762045413,821.9764551809619,57.47965641790501,1430.030216612281,90.49396765399024,-3.538854890619291
8624,-383.3518353657922,-38.33518353657922,8.594403202888657,1.4134281782350877,813.3820519780733,56.878661900233304,1430.030216612281,90.49396765399024,-3.538854890619291
8625,-289.69816206995415,-28.969816206995414,93.65367329583808,15.187537832273112,719.7283786822352,50.32959236254884,1430.030216612281,149.77007635155576,-3.538854890619291
8626,-300.0619927181525,-30.006199271815248,-10.363830648198359,-1.459074170271124,730.0922093304335,51.05432045065527,1430.030216612281,149.77007635155576,-3.538854890619291
8627,-301.19948867774895,-30.119948867774895,-1.1374959595964356,-0.162513815189691,731.22970529003,51.13386394186142,1430.030216612281,149.77007635155576,-3.538854890619291
8628,-300.8203394289775,-30.082033942897745,0.37914924877145495,0.05425715102211903,730.8505560412585,51.10735056862169,1430.030216612281,149.77007635155576,-3.538854890619291
8629,-311.18417007717574,-31.118417007717568,-10.363830648198245,-1.4822843444464717,741.2143866894568,51.8320786567281,1430.030216612281,149.77007635155576,-3.538854890619291
8630,-306.1286217649065,-30.61286217649065,5.055548312269252,0.73394775390625,736.1588383771875,51.47855127992583,1430.030216612281,149.77007635155576,-3.538854890619291
8631,-300.4411901802059,-30.044119018020588,5.687431584700562,0.8196665496084998,730.471406792487,51.08083719538193,1430.030216612281,149.77007635155576,-3.538854890619291
8632,-299.8092104812108,-29.98092104812108,0.6319796989951101,0.09033975273042838,729.8394270934918,51.036643744666456,1430.030216612281,149.77007635155576,-3.538854890619291
8633,-303.8536298457135,-30.38536298457135,-4.044419364502687,-0.5776167617517869,733.8838464579945,51.3194642975135,1430.030216612281,149.77007635155576,-3.538854890619291
8634,-305.11754103042176,-30.511754103042176,-1.2639111847082631,-0.18155825253073354,735.1477576427028,51.40784782745753,1430.030216612281,149.77007635155576,-3.538854890619291
8635,-309.16196039492445,-30.916196039492448,-4.044419364502687,-0.5820292788078163,739.1921770072055,51.69066838030459,1430.030216612281,149.77007635155576,-3.538854890619291
8636,-297.91341602407124,-29.79134160240713,11.24854437085321,1.6282462351499216,727.9436326363523,50.904073506980794,1430.030216612281,149.77007635155576,-3.538854890619291
8637,-309.9203071057493,-30.992030710574937,-12.006891081678077,-1.710172414018063,739.9505237180304,51.743698498270994,1430.030216612281,149.77007635155576,-3.538854890619291
8638,-305.49669027919333,-30.549669027919336,4.423616826555985,0.6410298509151868,735.5269068914744,51.434361200697275,1430.030216612281,149.77007635155576,-3.538854890619291
8639,-310.67860560329245,-31.06786056032924,-5.181915324099123,-0.746132559999213,740.7088222155735,51.79672524475048,1430.030216612281,149.77007635155576,-3.538854890619291
8640,-320.7896540145491,-32.07896540145491,-10.111048411256661,-1.466811924516842,750.8198706268302,52.5037766268681,1430.030216612281,149.77007635155576,-3.538854890619291
8641,-322.17993221108725,-32.21799322110872,-1.3902781965381337,-0.2046903738665784,752.2101488233683,52.600996824063074,1430.030216612281,149.77007635155576,-3.538854890619291
8642,-329.38405721743766,-32.93840572174377,-7.204125006350409,-1.06283737361903,759.4142738297187,53.10477114453981,1430.030216612281,149.77007635155576,-3.538854890619291
8643,-336.4618152119583,-33.64618152119583,-7.077757994520653,-1.0554115318453627,766.4920318242393,53.59970879776561,1430.030216612281,149.77007635155576,-3.538854890619291
8644,-331.40626689968906,-33.14062668996891,5.055548312269252,0.7619076683407666,761.4364835119701,53.24618142096333,1430.030216612281,149.77007635155576,-3.538854890619291
8645,-323.82299264456697,-32.38229926445669,7.583274255122092,1.1342125837701111,753.853209256848,52.71589372724685,1430.030216612281,149.77007635155576,-3.538854890619291
8646,-331.5326821248008,-33.15326821248008,-7.709689480233806,-1.1401880567318945,761.5628987370818,53.255021459701204,1430.030216612281,149.77007635155576,-3.538854890619291
8647,-342.4020772468824,-34.24020772468824,-10.869395122081642,-1.6260174329286947,772.4322938591635,54.01510295978523,1430.030216612281,149.77007635155576,-3.538854890619291
8648,-334.8187547784785,-33.481875477847844,7.583322468403935,1.1531852832891154,764.8489713907595,53.48481189458183,1430.030216612281,149.77007635155576,-3.538854890619291
8649,-335.57710148930346,-33.55771014893034,-0.7583467108249806,-0.11400602712008379,765.6073181015845,53.53784201254824,1430.030216612281,149.77007635155576,-3.538854890619291
8650,-322.9382789219121,-32.29382789219121,12.638822567391344,1.9022256149993089,752.9684955341932,52.65402694202949,1430.030216612281,149.77007635155576,-3.538854890619291
8651,-316.61886763821656,-31.661886763821656,6.319411283695558,0.9333582282030628,746.6490842504976,52.21211940677012,1430.030216612281,149.77007635155576,-3.538854890619291
8652,-314.723024967795,-31.472302496779502,1.8958426704215299,0.2774209852515863,744.7532415800761,52.079545797597525,1430.030216612281,149.77007635155576,-3.538854890619291
8653,-321.0424362514907,-32.10424362514907,-6.319411283695672,-0.9221689205884509,751.0726528637717,52.52145333285691,1430.030216612281,149.77007635155576,-3.538854890619291
8654,-314.47024273085344,-31.447024273085344,6.572193520637256,0.9679829596937362,744.5004593431345,52.06186909160873,1430.030216612281,149.77007635155576,-3.538854890619291
8655,-319.3994240312928,-31.939942403129283,-4.929181300439382,-0.7190324341389775,749.4296406435739,52.40655980116007,1430.030216612281,149.77007635155576,-3.538854890619291
8656,-332.5437628592855,-33.254376285928544,-13.14433882799267,-1.9312852930346347,762.5739794715665,53.32572491216949,1430.030216612281,149.77007635155576,-3.538854890619291
8657,-325.97156933864824,-32.597156933864824,6.572193520637256,0.9846628370410615,756.0017859509293,52.86614067092131,1430.030216612281,149.77007635155576,-3.538854890619291
8658,-331.78546436174247,-33.17854643617425,-5.813895023094233,-0.862559316287248,761.8156809740235,53.27269816569002,1430.030216612281,149.77007635155576,-3.538854890619291
8659,-342.5284442587123,-34.25284442587123,-10.742979896969814,-1.60771418818485,772.5586608709933,54.02393962703618,1430.030216612281,149.77007635155576,-3.538854890619291
8660,-330.39518616520434,-33.03951861652044,12.133258093507948,1.8454422837848705,760.4254027774854,53.17547796849503,1430.030216612281,149.77007635155576,-3.538854890619291
8661,-329.5104724425495,-32.95104724425495,0.8847137226548512,0.1321247554342042,759.5406890548305,53.113611183277676,1430.030216612281,149.77007635155576,-3.538854890619291
8662,-328.7521257317245,-32.875212573172455,0.7583467108249806,0.1131034385559504,758.7823423440055,53.060581065311254,1430.030216612281,149.77007635155576,-3.538854890619291
8663,-330.5215531770342,-33.05215531770342,-1.7694274453097023,-0.2636026888336196,760.5517697893152,53.18431463574598,1430.030216612281,149.77007635155576,-3.538854890619291
8664,-337.2201619227832,-33.72201619227832,-6.69860874574897,-1.0005712323581828,767.2503785350642,53.65273891573202,1430.030216612281,149.77007635155576,-3.538854890619291
8665,-347.07842809709825,-34.707842809709824,-9.858266174315077,-1.4874118987859952,777.1086447093793,54.34211359186083,1430.030216612281,149.77007635155576,-3.538854890619291
8666,-340.0006701025776,-34.00006701025776,7.077757994520653,1.084013501635872,770.0308867148586,53.847175938635026,1430.030216612281,149.77007635155576,-3.538854890619291
8667,-348.089508831583,-34.808950883158296,-8.088838729005374,-1.2255828699496596,778.119725443864,54.41281704432913,1430.030216612281,149.77007635155576,-3.538854890619291
8668,-353.1450571438522,-35.31450571438523,-5.055548312269252,-0.7754973084124206,783.1752737561333,54.76634442113139,1430.030216612281,149.77007635155576,-3.538854890619291
8669,-359.4644684275478,-35.946446842754774,-6.319411283695558,-0.9769441129710787,789.4946850398288,55.208251956390775,1430.030216612281,149.77007635155576,-3.538854890619291
8670,-349.10063777934954,-34.91006377793495,10.363830648198245,1.6179946524989886,779.1308543916306,54.48352386828436,1430.030216612281,149.77007635155576,-3.538854890619291
8671,-348.97427076751967,-34.89742707675197,0.12636701182987053,0.019414216569324516,779.0044873798007,54.47468720103341,1430.030216612281,149.77007635155576,-3.538854890619291
8672,-361.6130933349109,-36.16130933349109,-12.63882256739123,-1.9413706709090595,791.6433099471919,55.35850227155217,1430.030216612281,149.77007635155576,-3.538854890619291
8673,-349.35342001629124,-34.935342001629124,12.259673318619662,1.920414280215077,779.3836366285723,54.50120057427317,1430.030216612281,149.77007635155576,-3.538854890619291
8674,-342.4020772468824,-34.24020772468824,6.951342769408825,1.0683745958647517,772.4322938591635,54.01510295978523,1430.030216612281,149.77007635155576,-3.538854890619291
8675,-350.1117667271161,-35.011176672711606,-7.709689480233692,-1.1724017387336194,780.1419833393971,54.55423069223958,1430.030216612281,149.77007635155576,-3.538854890619291
8676,-347.8367748079231,-34.783677480792306,2.274991919192985,0.35005894901896095,777.8669914202042,54.395143709827245,1430.030216612281,149.77007635155576,-3.538854890619291
8677,-351.7547789473141,-35.17547789473141,-3.9180041393909733,-0.600770480156565,781.7849955595951,54.66912422393643,1430.030216612281,149.77007635155576,-3.538854890619291
8678,-370.9657950353426,-37.09657950353426,-19.211016088028487,-2.963541490800614,800.9960116476236,56.012523535703366,1430.030216612281,149.77007635155576,-3.538854890619291
8679,-366.03666194818516,-36.603666194818516,4.929133087157425,0.7836033475213666,796.0668785604662,55.667836197638955,1430.030216612281,149.77007635155576,-3.538854890619291
8680,-354.0297708665071,-35.40297708665071,12.006891081678077,1.893940920712467,784.0599874787881,54.82821120634876,1430.030216612281,149.77007635155576,-3.538854890619291
8681,-355.4200490630452,-35.54200490630453,-1.3902781965381337,-0.21522326166688588,785.4502656753262,54.92543140354373,1430.030216612281,149.77007635155576,-3.538854890619291
8682,-361.99224258368247,-36.19922425836825,-6.572193520637256,-1.0196087407130738,792.0224591959635,55.38501564479191,1430.030216612281,149.77007635155576,-3.538854890619291
8683,-363.88803704082204,-36.38880370408221,-1.8957944571395728,-0.2971428536883036,793.9182536531031,55.51758588247756,1430.030216612281,149.77007635155576,-3.538854890619291
8684,-364.3936015147053,-36.43936015147054,-0.5055644738832825,-0.07947727810861949,794.4238181269864,55.55293929445517,1430.030216612281,149.77007635155576,-3.538854890619291
8685,-358.9589039536645,-35.89589039536645,5.434697561040821,0.8550413548372271,788.9891205659455,55.172898544413165,1430.030216612281,149.77007635155576,-3.538854890619291
8686,-367.30052491961146,-36.73005249196115,-8.341620965946959,-1.3012614974912684,797.3307415318925,55.756216356096054,1430.030216612281,149.77007635155576,-3.538854890619291
8687,-365.1519482255303,-36.515194822553035,2.1485766940811573,0.3395888219771548,795.1821648378113,55.605969412421594,1430.030216612281,149.77007635155576,-3.538854890619291
8688,-368.1852386422663,-36.81852386422663,-3.0332904167360084,-0.4777978617493739,798.2154552545474,55.818083141313416,1430.030216612281,149.77007635155576,-3.538854890619291
8689,-297.15506931324626,-29.715506931324633,71.03016932902005,11.242245935561911,727.1852859255273,50.85104338901437,1430.030216612281,149.77007635155576,-3.538854890619291
8690,-318.64107732046784,-31.864107732046786,-21.486008007221585,-3.0570054743409014,748.6712939327489,52.35352968319364,1430.030216612281,149.77007635155576,-3.538854890619291
8691,-341.896512772999,-34.1896512772999,-23.255435452531174,-3.4130961932774206,771.92672938528,53.97974954780762,1430.030216612281,149.77007635155576,-3.538854890619291
8692,-335.45068626419163,-33.54506862641916,6.445826508807386,0.9794548477425113,765.4809028764727,53.529001973810374,1430.030216612281,149.77007635155576,-3.538854890619291
8693,-338.61039190603947,-33.86103919060395,-3.159705641847836,-0.47546594007980003,768.6406085183205,53.74995574144006,1430.030216612281,149.77007635155576,-3.538854890619291
8694,-327.2354805233565,-32.72354805233565,11.374911382682967,1.7198503338242688,757.2656971356375,52.95452420086535,1430.030216612281,149.77007635155576,-3.538854890619291
8695,-313.08001274759715,-31.30800127475971,14.155467775759348,2.1040746599971127,743.1102293598782,51.96465226590069,1430.030216612281,149.77007635155576,-3.538854890619291
8696,-337.2201619227832,-33.72201619227832,-24.140149175186025,-3.514259247535323,767.2503785350642,53.65273891573202,1430.030216612281,149.77007635155576,-3.538854890619291
8697,-316.239718389445,-31.6239718389445,20.98044353333819,3.165522293829026,746.269935001726,52.18560603353038,1430.030216612281,149.77007635155576,-3.538854890619291
8698,-327.7410449972398,-32.774104499723975,-11.501326607794795,-1.682070005690317,757.7712616095208,52.98987761284296,1430.030216612281,149.77007635155576,-3.538854890619291
8699,-332.5437628592855,-33.254376285928544,-4.802717862045711,-0.7144148584864896,762.5739794715665,53.32572491216949,1430.030216612281,149.77007635155576,-3.538854890619291
8700,-411.15725465670937,-41.11572546567094,-78.61349179742388,-11.778074340003574,841.1874712689904,58.823055729671935,1430.030216612281,149.77007635155576,-3.538854890619291
8701,-361.73946034674077,-36.173946034674074,49.4177943099686,8.392358520297027,791.7696769590218,55.3673389388031,1430.030216612281,149.77007635155576,-3.538854890619291
8702,-336.33544820012844,-33.63354482001284,25.40401214661233,3.9801946961053325,766.3656648124095,53.59087213051467,1430.030216612281,149.77007635155576,-3.538854890619291
8703,-378.9282667525181,-37.89282667525181,-42.592818552389645,-6.417823347183016,808.9584833647991,56.569327974146525,1430.030216612281,149.77007635155576,-3.538854890619291
8704,-393.05935123952156,-39.30593512395215,-14.131084487003477,-2.2752741318807668,823.0895678518026,57.55749482005273,1430.030216612281,149.77007635155576,-3.538854890619291
8705,-393.05935123952156,-39.30593512395215,0.0,0.0,823.0895678518026,57.55749482005273,1430.030216612281,0.0,0.0
8706,-393.05935123952156,-39.30593512395215,0.0,0.0,823.0895678518026,57.55749482005273,1430.030216612281,0.0,0.0
8707,-393.05935123952156,-39.30593512395215,0.0,0.0,823.0895678518026,57.55749482005273,1430.030216612281,0.0,0.0
8708,-393.05935123952156,-39.30593512395215,0.0,0.0,823.0895678518026,57.55749482005273,1430.030216612281,0.0,0.0
8709,-393.05935123952156,-39.30593512395215,0.0,0.0,823.0895678518026,57.55749482005273,1430.030216612281,0.0,0.0
8710,-393.05935123952156,-39.30593512395215,0.0,0.0,823.0895678518026,57.55749482005273,1430.030216612281,0.0,0.0
8711,-393.05935123952156,-39.30593512395215,0.0,0.0,823.0895678518026,57.55749482005273,1430.030216612281,0.0,0.0
8712,-393.05935123952156,-39.30593512395215,0.0,0.0,823.0895678518026,57.55749482005273,1430.030216612281,0.0,0.0
8713,-393.05935123952156,-39.30593512395215,0.0,0.0,823.0895678518026,57.55749482005273,1430.030216612281,0.0,0.0
8714,-393.05935123952156,-39.30593512395215,0.0,0.0,823.0895678518026,57.55749482005273,1430.030216612281,0.0,0.0
8715,-393.05935123952156,-39.30593512395215,0.0,0.0,823.0895678518026,57.55749482005273,1430.030216612281,0.0,0.0
8716,-393.05935123952156,-39.30593512395215,0.0,0.0,823.0895678518026,57.55749482005273,1430.030216612281,0.0,0.0
8717,-393.05935123952156,-39.30593512395215,0.0,0.0,823.0895678518026,57.55749482005273,1430.030216612281,0.0,0.0
8718,-393.05935123952156,-39.30593512395215,0.0,0.0,823.0895678518026,57.55749482005273,1430.030216612281,0.0,0.0
8719,-393.05935123952156,-39.30593512395215,0.0,0.0,823.0895678518026,57.55749482005273,1430.030216612281,0.0,0.0
8720,-393.05935123952156,-39.30593512395215,0.0,0.0,823.0895678518026,57.55749482005273,1430.030216612281,0.0,0.0
8721,-393.05935123952156,-39.30593512395215,0.0,0.0,823.0895678518026,57.55749482005273,1430.030216612281,0.0,0.0
8722,-393.05935123952156,-39.30593512395215,0.0,0.0,823.0895678518026,57.55749482005273,1430.030216612281,0.0,0.0
8723,-393.05935123952156,-39.30593512395215,0.0,0.0,823.0895678518026,57.55749482005273,1430.030216612281,0.0,0.0
8724,-393.05935123952156,-39.30593512395215,0.0,0.0,823.0895678518026,57.55749482005273,1430.030216612281,0.0,0.0
8725,-393.05935123952156,-39.30593512395215,0.0,0.0,823.0895678518026,57.55749482005273,1430.030216612281,0.0,0.0
8726,-393.05935123952156,-39.30593512395215,0.0,0.0,823.0895678518026,57.55749482005273,1430.030216612281,0.0,0.0
8727,-393.05935123952156,-39.30593512395215,0.0,0.0,823.0895678518026,57.55749482005273,1430.030216612281,0.0,0.0
8728,-393.05935123952156,-39.30593512395215,0.0,0.0,823.0895678518026,57.55749482005273,1430.030216612281,0.0,0.0
8729,-393.05935123952156,-39.30593512395215,0.0,0.0,823.0895678518026,57.55749482005273,1430.030216612281,0.0,0.0
8730,-393.05935123952156,-39.30593512395215,0.0,0.0,823.0895678518026,57.55749482005273,1430.030216612281,0.0,0.0
8731,-393.05935123952156,-39.30593512395215,0.0,0.0,823.0895678518026,57.55749482005273,1430.030216612281,0.0,0.0
8732,-393.05935123952156,-39.30593512395215,0.0,0.0,823.0895678518026,57.55749482005273,1430.030216612281,0.0,0.0
8733,-393.05935123952156,-39.30593512395215,0.0,0.0,823.0895678518026,57.55749482005273,1430.030216612281,0.0,0.0
8734,-393.05935123952156,-39.30593512395215,0.0,0.0,823.0895678518026,57.55749482005273,1430.030216612281,0.0,0.0
8735,-393.05935123952156,-39.30593512395215,0.0,0.0,823.0895678518026,57.55749482005273,1430.030216612281,0.0,0.0
8736,-393.05935123952156,-39.30593512395215,0.0,0.0,823.0895678518026,57.55749482005273,1430.030216612281,0.0,0.0
8737,-393.05935123952156,-39.30593512395215,0.0,0.0,823.0895678518026,57.55749482005273,1430.030216612281,0.0,0.0
8738,-393.05935123952156,-39.30593512395215,0.0,0.0,823.0895678518026,57.55749482005273,1430.030216612281,0.0,0.0
8739,-393.05935123952156,-39.30593512395215,0.0,0.0,823.0895678518026,57.55749482005273,1430.030216612281,0.0,0.0
8740,-393.05935123952156,-39.30593512395215,0.0,0.0,823.0895678518026,57.55749482005273,1430.030216612281,0.0,0.0
8741,-393.05935123952156,-39.30593512395215,0.0,0.0,823.0895678518026,57.55749482005273,1430.030216612281,0.0,0.0
8742,-393.05935123952156,-39.30593512395215,0.0,0.0,823.0895678518026,57.55749482005273,1430.030216612281,0.0,0.0
8743,-393.05935123952156,-39.30593512395215,0.0,0.0,823.0895678518026,57.55749482005273,1430.030216612281,0.0,0.0
8744,-393.05935123952156,-39.30593512395215,0.0,0.0,823.0895678518026,57.55749482005273,1430.030216612281,0.0,0.0
8745,-393.05935123952156,-39.30593512395215,0.0,0.0,823.0895678518026,57.55749482005273,1430.030216612281,0.0,0.0
8746,-393.05935123952156,-39.30593512395215,0.0,0.0,823.0895678518026,57.55749482005273,1430.030216612281,0.0,0.0
8747,-393.05935123952156,-39.30593512395215,0.0,0.0,823.0895678518026,57.55749482005273,1430.030216612281,0.0,0.0
8748,-393.05935123952156,-39.30593512395215,0.0,0.0,823.0895678518026,57.55749482005273,1430.030216612281,0.0,0.0
8749,-393.05935123952156,-39.30593512395215,0.0,0.0,823.0895678518026,57.55749482005273,1430.030216612281,0.0,0.0
8750,-393.05935123952156,-39.30593512395215,0.0,0.0,823.0895678518026,57.55749482005273,1430.030216612281,0.0,0.0
8751,-393.05935123952156,-39.30593512395215,0.0,0.0,823.0895678518026,57.55749482005273,1430.030216612281,0.0,0.0
8752,-393.05935123952156,-39.30593512395215,0.0,0.0,823.0895678518026,57.55749482005273,1430.030216612281,0.0,0.0
8753,-393.05935123952156,-39.30593512395215,0.0,0.0,823.0895678518026,57.55749482005273,1430.030216612281,0.0,0.0
8754,-393.05935123952156,-39.30593512395215,0.0,0.0,823.0895678518026,57.55749482005273,1430.030216612281,0.0,0.0
8755,-393.05935123952156,-39.30593512395215,0.0,0.0,823.0895678518026,57.55749482005273,1430.030216612281,0.0,0.0
8756,-393.05935123952156,-39.30593512395215,0.0,0.0,823.0895678518026,57.55749482005273,1430.030216612281,0.0,0.0
8757,-393.05935123952156,-39.30593512395215,0.0,0.0,823.0895678518026,57.55749482005273,1430.030216612281,0.0,0.0
8758,-393.05935123952156,-39.30593512395215,0.0,0.0,823.0895678518026,57.55749482005273,1430.030216612281,0.0,0.0
8759,-393.05935123952156,-39.30593512395215,0.0,0.0,823.0895678518026,57.55749482005273,1430.030216612281,0.0,0.0
8760,-393.05935123952156,-39.30593512395215,0.0,0.0,823.0895678518026,57.55749482005273,1430.030216612281,0.0,0.0
8761,-393.05935123952156,-39.30593512395215,0.0,0.0,823.0895678518026,57.55749482005273,1430.030216612281,0.0,0.0
8762,-393.05935123952156,-39.30593512395215,0.0,0.0,823.0895678518026,57.55749482005273,1430.030216612281,0.0,0.0
8763,-393.05935123952156,-39.30593512395215,0.0,0.0,823.0895678518026,57.55749482005273,1430.030216612281,0.0,0.0
8764,-393.05935123952156,-39.30593512395215,0.0,0.0,823.0895678518026,57.55749482005273,1430.030216612281,0.0,0.0
8765,-393.05935123952156,-39.30593512395215,0.0,0.0,823.0895678518026,57.55749482005273,1430.030216612281,0.0,0.0
8766,-393.05935123952156,-39.30593512395215,0.0,0.0,823.0895678518026,57.55749482005273,1430.030216612281,0.0,0.0
8767,-393.05935123952156,-39.30593512395215,0.0,0.0,823.0895678518026,57.55749482005273,1430.030216612281,0.0,0.0
8768,-393.05935123952156,-39.30593512395215,0.0,0.0,823.0895678518026,57.55749482005273,1430.030216612281,0.0,0.0
8769,-393.05935123952156,-39.30593512395215,0.0,0.0,823.0895678518026,57.55749482005273,1430.030216612281,0.0,0.0
8770,-393.05935123952156,-39.30593512395215,0.0,0.0,823.0895678518026,57.55749482005273,1430.030216612281,0.0,0.0
8771,-393.05935123952156,-39.30593512395215,0.0,0.0,823.0895678518026,57.55749482005273,1430.030216612281,0.0,0.0
8772,-393.05935123952156,-39.30593512395215,0.0,0.0,823.0895678518026,57.55749482005273,1430.030216612281,0.0,0.0
8773,-393.05935123952156,-39.30593512395215,0.0,0.0,823.0895678518026,57.55749482005273,1430.030216612281,0.0,0.0
8774,-393.05935123952156,-39.30593512395215,0.0,0.0,823.0895678518026,57.55749482005273,1430.030216612281,0.0,0.0
8775,-393.05935123952156,-39.30593512395215,0.0,0.0,823.0895678518026,57.55749482005273,1430.030216612281,0.0,0.0
8776,-393.05935123952156,-39.30593512395215,0.0,0.0,823.0895678518026,57.55749482005273,1430.030216612281,0.0,0.0
8777,-393.05935123952156,-39.30593512395215,0.0,0.0,823.0895678518026,57.55749482005273,1430.030216612281,0.0,0.0
8778,-393.05935123952156,-39.30593512395215,0.0,0.0,823.0895678518026,57.55749482005273,1430.030216612281,0.0,0.0
8779,-393.05935123952156,-39.30593512395215,0.0,0.0,823.0895678518026,57.55749482005273,1430.030216612281,0.0,0.0
8780,-393.05935123952156,-39.30593512395215,0.0,0.0,823.0895678518026,57.55749482005273,1430.030216612281,0.0,0.0
8781,-393.05935123952156,-39.30593512395215,0.0,0.0,823.0895678518026,57.55749482005273,1430.030216612281,0.0,0.0
8782,-393.05935123952156,-39.30593512395215,0.0,0.0,823.0895678518026,57.55749482005273,1430.030216612281,0.0,0.0
8783,-393.6656855539675,-39.36656855539675,-0.6063343144459168,-0.09990009990008542,823.6959021662485,57.5998949251276,1430.030216612281,0.0,0.0
8784,-394.90460071443454,-39.49046007144346,-1.2389151604670587,-0.2043287227771362,824.9348173267156,57.68653051828325,1430.030216612281,0.0,-1.2389151604670587
8785,-393.54176568097046,-39.354176568097046,1.36283503346408,0.22522647421765463,823.5719822932515,57.591229382850415,1430.030216612281,0.12391987299702123,-1.2389151604670587
8786,-413.82757838732584,-41.38275783873259,-20.285812706355387,-3.344964510067805,843.8577949996069,59.00978770915014,1430.030216612281,0.12391987299702123,-20.161892833358365
8787,-413.82757838732584,-41.38275783873259,0.0,0.0,843.8577949996069,59.00978770915014,1430.030216612281,0.0,0.0
8788,-413.82757838732584,-41.38275783873259,0.0,0.0,843.8577949996069,59.00978770915014,1430.030216612281,0.0,0.0
8789,-413.82757838732584,-41.38275783873259,0.0,0.0,843.8577949996069,59.00978770915014,1430.030216612281,0.0,0.0
8790,-413.82757838732584,-41.38275783873259,0.0,0.0,843.8577949996069,59.00978770915014,1430.030216612281,0.0,0.0
8791,-413.82757838732584,-41.38275783873259,0.0,0.0,843.8577949996069,59.00978770915014,1430.030216612281,0.0,0.0
8792,-413.82757838732584,-41.38275783873259,0.0,0.0,843.8577949996069,59.00978770915014,1430.030216612281,0.0,0.0
8793,-413.82757838732584,-41.38275783873259,0.0,0.0,843.8577949996069,59.00978770915014,1430.030216612281,0.0,0.0
8794,-413.82757838732584,-41.38275783873259,0.0,0.0,843.8577949996069,59.00978770915014,1430.030216612281,0.0,0.0
8795,-413.82757838732584,-41.38275783873259,0.0,0.0,843.8577949996069,59.00978770915014,1430.030216612281,0.0,0.0
8796,-413.82757838732584,-41.38275783873259,0.0,0.0,843.8577949996069,59.00978770915014,1430.030216612281,0.0,0.0
8797,-414.41316522210366,-41.44131652221037,-0.5855868347778141,-0.09990009990008542,844.4433818343847,59.05073697217795,1430.030216612281,0.0,0.0
8798,-412.94946951303496,-41.29494695130349,1.463695709068702,0.24995365710771544,842.979686125316,58.948382791681254,1430.030216612281,1.463695709068702,0.0
8799,-411.60777171067286,-41.16077717106729,1.3416978023620914,0.22854894641677337,841.6379883229539,58.854559753064585,1430.030216612281,2.8053935114307933,0.0
8800,-427.4641495256045,-42.74641495256045,-15.856377814931648,-2.694865270575031,857.4943661378855,59.96337393270446,1430.030216612281,2.8053935114307933,-13.050984303500854
8801,-435.148342619657,-43.514834261965696,-7.684193094052489,-1.3421330887289362,865.178559231938,60.500718738764306,1430.030216612281,2.8053935114307933,-20.735177397553343
8802,-451.61457038241633,-45.161457038241636,-16.46622776275933,-2.9151419753508434,881.6447869946974,61.65217886677248,1430.030216612281,2.8053935114307933,-37.201405160312675
8803,-453.4441202258994,-45.34441202258994,-1.8295498434830506,-0.33362480924390425,883.4743368381804,61.7801167118774,1430.030216612281,2.8053935114307933,-39.030955003795725
8804,-467.34895029064126,-46.73489502906413,-13.904830064741873,-2.5440820562554256,897.3791669029223,62.752461904532296,1430.030216612281,2.8053935114307933,-52.9357850685376
8805,-466.25120177312397,-46.6251201773124,1.0977485175172887,0.206091496133598,896.281418385405,62.67569789599842,1430.030216612281,2.8053935114307933,-52.9357850685376
8806,-474.0959247099893,-47.40959247099893,-7.84472293686531,-1.4697406275996583,904.1261413222703,63.224268327988966,1430.030216612281,2.8053935114307933,-59.68275948788562
8807,-474.0959247099893,-47.40959247099893,0.0,0.0,904.1261413222703,63.224268327988966,1430.030216612281,0.0,0.0
8808,-474.0959247099893,-47.40959247099893,0.0,0.0,904.1261413222703,63.224268327988966,1430.030216612281,0.0,0.0
8809,-474.0959247099893,-47.40959247099893,0.0,0.0,904.1261413222703,63.224268327988966,1430.030216612281,0.0,0.0
8810,-474.0959247099893,-47.40959247099893,0.0,0.0,904.1261413222703,63.224268327988966,1430.030216612281,0.0,0.0
8811,-474.0959247099893,-47.40959247099893,0.0,0.0,904.1261413222703,63.224268327988966,1430.030216612281,0.0,0.0
8812,-474.0959247099893,-47.40959247099893,0.0,0.0,904.1261413222703,63.224268327988966,1430.030216612281,0.0,0.0
8813,-474.0959247099893,-47.40959247099893,0.0,0.0,904.1261413222703,63.224268327988966,1430.030216612281,0.0,0.0
8814,-474.0959247099893,-47.40959247099893,0.0,0.0,904.1261413222703,63.224268327988966,1430.030216612281,0.0,0.0
8815,-474.0959247099893,-47.40959247099893,0.0,0.0,904.1261413222703,63.224268327988966,1430.030216612281,0.0,0.0
8816,-474.0959247099893,-47.40959247099893,0.0,0.0,904.1261413222703,63.224268327988966,1430.030216612281,0.0,0.0
8817,-474.0959247099893,-47.40959247099893,0.0,0.0,904.1261413222703,63.224268327988966,1430.030216612281,0.0,0.0
8818,-474.0959247099893,-47.40959247099893,0.0,0.0,904.1261413222703,63.224268327988966,1430.030216612281,0.0,0.0
8819,-474.0959247099893,-47.40959247099893,0.0,0.0,904.1261413222703,63.224268327988966,1430.030216612281,0.0,0.0
8820,-474.0959247099893,-47.40959247099893,0.0,0.0,904.1261413222703,63.224268327988966,1430.030216612281,0.0,0.0
8821,-474.0959247099893,-47.40959247099893,0.0,0.0,904.1261413222703,63.224268327988966,1430.030216612281,0.0,0.0
8822,-474.0959247099893,-47.40959247099893,0.0,0.0,904.1261413222703,63.224268327988966,1430.030216612281,0.0,0.0
8823,-474.0959247099893,-47.40959247099893,0.0,0.0,904.1261413222703,63.224268327988966,1430.030216612281,0.0,0.0
8824,-474.0959247099893,-47.40959247099893,0.0,0.0,904.1261413222703,63.224268327988966,1430.030216612281,0.0,0.0
8825,-474.0959247099893,-47.40959247099893,0.0,0.0,904.1261413222703,63.224268327988966,1430.030216612281,0.0,0.0
8826,-474.0959247099893,-47.40959247099893,0.0,0.0,904.1261413222703,63.224268327988966,1430.030216612281,0.0,0.0
8827,-474.0959247099893,-47.40959247099893,0.0,0.0,904.1261413222703,63.224268327988966,1430.030216612281,0.0,0.0
8828,-474.6213034065827,-47.46213034065827,-0.5253786965934069,-0.09990009990009652,904.6515200188637,63.26100732066829,1430.030216612281,0.0,0.0
8829,-456.5591002980341,-45.6559100298034,18.0622031085486,3.437939761483455,886.5893169103151,61.99794288337706,1430.030216612281,18.0622031085486,0.0
8830,-470.95035723522074,-47.095035723522074,-14.391256937186654,-2.648173323921532,900.9805738475018,63.004303222480885,1430.030216612281,18.0622031085486,0.0
8831,-470.95035723522074,-47.095035723522074,0.0,0.0,900.9805738475018,63.004303222480885,1430.030216612281,0.0,0.0
8832,-470.95035723522074,-47.095035723522074,0.0,0.0,900.9805738475018,63.004303222480885,1430.030216612281,0.0,0.0
8833,-470.95035723522074,-47.095035723522074,0.0,0.0,900.9805738475018,63.004303222480885,1430.030216612281,0.0,0.0
8834,-470.95035723522074,-47.095035723522074,0.0,0.0,900.9805738475018,63.004303222480885,1430.030216612281,0.0,0.0
8835,-470.95035723522074,-47.095035723522074,0.0,0.0,900.9805738475018,63.004303222480885,1430.030216612281,0.0,0.0
8836,-470.95035723522074,-47.095035723522074,0.0,0.0,900.9805738475018,63.004303222480885,1430.030216612281,0.0,0.0
8837,-470.95035723522074,-47.095035723522074,0.0,0.0,900.9805738475018,63.004303222480885,1430.030216612281,0.0,0.0
8838,-470.95035723522074,-47.095035723522074,0.0,0.0,900.9805738475018,63.004303222480885,1430.030216612281,0.0,0.0
8839,-470.95035723522074,-47.095035723522074,0.0,0.0,900.9805738475018,63.004303222480885,1430.030216612281,0.0,0.0
8840,-470.95035723522074,-47.095035723522074,0.0,0.0,900.9805738475018,63.004303222480885,1430.030216612281,0.0,0.0
8841,-470.95035723522074,-47.095035723522074,0.0,0.0,900.9805738475018,63.004303222480885,1430.030216612281,0.0,0.0
8842,-470.95035723522074,-47.095035723522074,0.0,0.0,900.9805738475018,63.004303222480885,1430.030216612281,0.0,0.0
8843,-470.95035723522074,-47.095035723522074,0.0,0.0,900.9805738475018,63.004303222480885,1430.030216612281,0.0,0.0
8844,-470.95035723522074,-47.095035723522074,0.0,0.0,900.9805738475018,63.004303222480885,1430.030216612281,0.0,0.0
8845,-470.95035723522074,-47.095035723522074,0.0,0.0,900.9805738475018,63.004303222480885,1430.030216612281,0.0,0.0
8846,-470.95035723522074,-47.095035723522074,0.0,0.0,900.9805738475018,63.004303222480885,1430.030216612281,0.0,0.0
8847,-470.95035723522074,-47.095035723522074,0.0,0.0,900.9805738475018,63.004303222480885,1430.030216612281,0.0,0.0
8848,-470.95035723522074,-47.095035723522074,0.0,0.0,900.9805738475018,63.004303222480885,1430.030216612281,0.0,0.0
8849,-471.4788783568638,-47.147887835686376,-0.5285211216430525,-0.09990009990008542,901.5090949691448,63.04126196052036,1430.030216612281,0.0,0.0
8850,-480.79543065285645,-48.07954306528565,-9.316552295992665,-1.7627587459566718,910.8256472651375,63.692755347706495,1430.030216612281,0.0,-9.316552295992665
8851,-488.687048798212,-48.8687048798212,-7.891618145355551,-1.519943893267084,918.717265410493,64.24460509561257,1430.030216612281,0.0,-17.208170441348216
8852,-466.8754379230271,-46.68754379230271,21.811610875184897,4.265804498774961,896.9056545353081,62.71934985122646,1430.030216612281,4.603440433836681,-17.208170441348216
8853,-469.39637556223977,-46.93963755622398,-2.5209376392126615,-0.4728609069129086,899.4265921745208,62.89563547162298,1430.030216612281,4.603440433836681,-17.208170441348216
8854,-460.4007870077454,-46.040078700774544,8.995588554494361,1.695350001430218,890.4310036200264,62.26658662706047,1430.030216612281,11.078091349118381,-17.208170441348216
8855,-460.4007870077454,-46.040078700774544,0.0,0.0,890.4310036200264,62.26658662706047,1430.030216612281,0.0,0.0
8856,-460.4007870077454,-46.040078700774544,0.0,0.0,890.4310036200264,62.26658662706047,1430.030216612281,0.0,0.0
8857,-460.4007870077454,-46.040078700774544,0.0,0.0,890.4310036200264,62.26658662706047,1430.030216612281,0.0,0.0
8858,-460.4007870077454,-46.040078700774544,0.0,0.0,890.4310036200264,62.26658662706047,1430.030216612281,0.0,0.0
8859,-460.4007870077454,-46.040078700774544,0.0,0.0,890.4310036200264,62.26658662706047,1430.030216612281,0.0,0.0
8860,-460.4007870077454,-46.040078700774544,0.0,0.0,890.4310036200264,62.26658662706047,1430.030216612281,0.0,0.0
8861,-460.4007870077454,-46.040078700774544,0.0,0.0,890.4310036200264,62.26658662706047,1430.030216612281,0.0,0.0
8862,-460.4007870077454,-46.040078700774544,0.0,0.0,890.4310036200264,62.26658662706047,1430.030216612281,0.0,0.0
8863,-460.4007870077454,-46.040078700774544,0.0,0.0,890.4310036200264,62.26658662706047,1430.030216612281,0.0,0.0
8864,-460.4007870077454,-46.040078700774544,0.0,0.0,890.4310036200264,62.26658662706047,1430.030216612281,0.0,0.0
8865,-460.4007870077454,-46.040078700774544,0.0,0.0,890.4310036200264,62.26658662706047,1430.030216612281,0.0,0.0
8866,-460.9398471605848,-46.09398471605848,-0.5390601528393972,-0.09990009990009652,890.9700637728658,62.30428234471576,1430.030216612281,0.0,0.0
8867,-473.0697320102506,-47.30697320102506,-12.129884849665814,-2.2501913350065905,903.0999486225317,63.15250811706351,1430.030216612281,0.0,-12.129884849665814
8868,-465.6684357051223,-46.566843570512226,7.401296305128312,1.4046064070990738,895.6986523174033,62.634945885220475,1430.030216612281,0.0,-12.129884849665814
8869,-480.1626148270569,-48.016261482705694,-14.494179121934621,-2.712581492553534,910.192831439338,63.64850342782059,1430.030216612281,0.0,-19.222767666472123
8870,-475.02283444036505,-47.50228344403651,5.139780386691882,0.9887285011219271,905.0530510526461,63.289085820627086,1430.030216612281,0.0,-19.222767666472123
8871,-468.23832589846825,-46.82383258984682,6.784508541896798,1.2923435507265157,898.2685425107493,62.81465468881723,1430.030216612281,0.0,-19.222767666472123
8872,-438.3248056164581,-43.832480561645816,29.913520282010154,5.6253622137308446,868.3550222287391,60.72284432463662,1430.030216612281,22.61504154412671,-19.222767666472123
8873,-446.4456680386502,-44.64456680386502,-8.12086242219209,-1.4458289245094735,876.4758846509312,61.290724802115626,1430.030216612281,22.61504154412671,-19.222767666472123
8874,-434.5213791100615,-43.45213791100615,11.92428892858868,2.1541316254067855,864.5515957223425,60.45687606311226,1430.030216612281,26.418468050523302,-19.222767666472123
8875,-431.7458929956384,-43.17458929956385,2.7754861144230745,0.490820698058414,861.7761096079195,60.26279022617113,1430.030216612281,29.193954164946376,-19.222767666472123
8876,-453.9497426976109,-45.39497426976109,-22.203849701972445,-3.9073804180709604,883.9799593098919,61.81547417956149,1430.030216612281,29.193954164946376,-19.222767666472123
8877,-436.2688856190988,-43.62688856190988,17.680857078512076,3.2379541703467796,866.2991022313798,60.57907673333146,1430.030216612281,29.193954164946376,-19.222767666472123
8878,-413.3454698000626,-41.33454698000626,22.923415819036222,4.066374062785427,843.3756864123436,58.9760745343051,1430.030216612281,47.59437736052223,-19.222767666472123
8879,-385.28227359433447,-38.528227359433444,28.063196205728104,4.783598312308923,815.3124902066155,57.01365472808525,1430.030216612281,75.65757356625033,-19.222767666472123
8880,-379.62852301165583,-37.96285230116558,5.65375058267864,0.9197311773871952,809.6587396239369,56.618295908600146,1430.030216612281,81.31132414892897,-19.222767666472123
8881,-379.62852301165583,-37.96285230116558,0.0,0.0,809.6587396239369,56.618295908600146,1430.030216612281,81.31132414892897,-19.222767666472123
8882,-390.3192364137816,-39.031923641378164,-10.690713402125766,-1.7232761012844988,820.3494530260626,57.365882447537196,1430.030216612281,81.31132414892897,-19.222767666472123
8883,-391.75840786132164,-39.17584078613216,-1.4391714475400477,-0.23605328124093328,821.7886244736027,57.4665216809479,1430.030216612281,81.31132414892897,-19.222767666472123
8884,-393.6086927241913,-39.36086927241913,-1.850284862869671,-0.30420229178405034,823.6389093364724,57.59590949676993,1430.030216612281,81.31132414892897,-19.222767666472123
8885,-384.66548583110296,-38.466548583110296,8.943206893088359,1.4748243891004043,814.695702443384,56.970523628052085,1430.030216612281,81.31132414892897,-19.222767666472123
8886,-380.55368504979685,-38.05536850497968,4.111800781306101,0.6682220299083497,810.5839016620779,56.68299118758052,1430.030216612281,81.31132414892897,-19.222767666472123
8887,-386.4130315535526,-38.64130315535527,-5.8593465037557735,-0.9459006151690152,816.4432481658337,57.09272704041002,1430.030216612281,81.31132414892897,-19.222767666472123
8888,-386.2074356324755,-38.62074356324755,0.20559592107713343,0.03350721766430809,816.2376522447565,57.07835000706562,1430.030216612281,81.31132414892897,-19.222767666472123
8889,-399.0568865992052,-39.90568865992052,-12.849450966729705,-2.0934517152338405,829.0871032114862,57.976894025049376,1430.030216612281,81.31132414892897,-19.222767666472123
8890,-390.6276499021035,-39.062764990210354,8.429236697101715,1.4026679912179763,820.6578665143845,57.38744936862313,1430.030216612281,81.31132414892897,-19.222767666472123
8891,-377.9837948564509,-37.79837948564509,12.643855045652572,2.0748980559458063,808.014011468732,56.503282383983766,1430.030216612281,82.95605230413389,-19.222767666472123
8892,-369.45174059210456,-36.94517405921045,8.532054264346357,1.371677167538965,799.4819572043856,55.90664783981598,1430.030216612281,91.48810656848025,-19.222767666472123
8893,-372.43282262760476,-37.24328226276048,-2.981082035500208,-0.472776189771662,802.4630392398858,56.115110710101504,1430.030216612281,91.48810656848025,-19.222767666472123
8894,-375.20830874202784,-37.52083087420278,-2.7754861144230745,-0.4422611976050095,805.2385253543089,56.30919654704264,1430.030216612281,91.48810656848025,-19.222767666472123
8895,-373.87195486173255,-37.387195486173255,1.3363538802952917,0.21388790840106697,803.9021714740136,56.21574720137349,1430.030216612281,91.48810656848025,-19.222767666472123
8896,-378.49776505243767,-37.84977650524377,-4.625810190705124,-0.738796197778302,808.5279816647187,56.53922359627538,1430.030216612281,91.48810656848025,-19.222767666472123
8897,-386.4130315535526,-38.64130315535527,-7.9152665011149566,-1.2735700784379023,816.4432481658337,57.09272704041002,1430.030216612281,91.48810656848025,-19.222767666472123
8898,-380.8620593247065,-38.08620593247065,5.550972228846149,0.9046757043913001,810.8922759369875,56.70455536652774,1430.030216612281,91.48810656848025,-19.222767666472123
8899,-387.64656786660316,-38.76465678666031,-6.784508541896685,-1.0957991904835929,817.6767844788842,57.1789864983376,1430.030216612281,91.48810656848025,-19.222767666472123
8900,-382.4039699126665,-38.24039699126666,5.242597953936638,0.856139229214703,812.4341865249476,56.81237900340255,1430.030216612281,91.48810656848025,-19.222767666472123
8901,-372.33000506036,-37.23300050603599,10.073964852306517,1.6311576437565423,802.360221672641,56.107920822359944,1430.030216612281,91.48810656848025,-19.222767666472123
8902,-370.2741242764131,-37.0274124276413,2.055880783946918,0.32754167006894264,800.3043408886941,55.96415597319352,1430.030216612281,91.48810656848025,-19.222767666472123
8903,-363.4896157345164,-36.348961573451646,6.784508541896685,1.0773749028656132,793.5198323467974,55.48972484138366,1430.030216612281,97.4502314260684,-19.222767666472123
8904,-371.81603486437325,-37.18160348643732,-8.326419129856845,-1.308135630727425,801.8462514766543,56.07197961006833,1430.030216612281,97.4502314260684,-19.222767666472123
8905,-375.61946137076984,-37.56194613707699,-3.8034265063965904,-0.6054638000152379,805.6496779830509,56.33794787159269,1430.030216612281,97.4502314260684,-19.222767666472123
8906,-378.90895689459194,-37.89089568945919,-3.2894955238220973,-0.5268414565008483,808.939173506873,56.567977662964154,1430.030216612281,97.4502314260684,-19.222767666472123
8907,-364.2091818515802,-36.420918185158015,14.699775043011755,2.366766548349175,794.2393984638612,55.54004308701964,1430.030216612281,97.4502314260684,-19.222767666472123
8908,-379.32010952333394,-37.93201095233339,-15.110927671753757,-2.3767137304311015,809.350326135615,56.5967289875142,1430.030216612281,97.4502314260684,-19.222767666472123
8909,-384.35711155619344,-38.435711155619344,-5.037002032859505,-0.8115297611770877,814.3873281684745,56.948959449104876,1430.030216612281,97.4502314260684,-19.222767666472123
8910,-384.0487372812838,-38.404873728128386,0.30837427490962455,0.05008979729939078,814.0789538935649,56.927395270157646,1430.030216612281,97.4502314260684,-19.222767666472123
8911,-403.4771008688332,-40.34771008688332,-19.42836358754937,-3.1542046852531036,833.5073174811142,58.28599338660688,1430.030216612281,97.4502314260684,-19.222767666472123
8912,-398.3373204821413,-39.83373204821413,5.139780386691882,0.861623316418858,828.3675370944223,57.92657577941338,1430.030216612281,97.4502314260684,-19.222767666472123
8913,-395.56183436771823,-39.55618343677182,2.7754861144230745,0.4613026881852056,825.5920509799993,57.732489942472256,1430.030216612281,97.4502314260684,-19.222767666472123
8914,-400.7016147544101,-40.07016147544101,-5.139780386691882,-0.8503401470877248,830.7318313666912,58.09190754966574,1430.030216612281,97.4502314260684,-19.222767666472123
8915,-411.186771448871,-41.11867714488711,-10.485156694460898,-1.7495719916155172,841.216988061152,58.82511979739713,1430.030216612281,97.4502314260684,-19.222767666472123
8916,-442.0254537690222,-44.20254537690222,-30.83868232015118,-5.237430279213462,872.0556703813032,60.981625440558126,1430.030216612281,97.4502314260684,-19.222767666472123
8917,-425.98932484571515,-42.59893248457152,16.036128923307047,2.8739893300919084,856.0195414579962,59.86024151894447,1430.030216612281,97.4502314260684,-19.222767666472123
8918,-437.2968260110723,-43.729682601107235,-11.307501165357166,-1.9699113021404813,867.3270426233533,60.65095915791468,1430.030216612281,97.4502314260684,-19.222767666472123
8919,-439.969533771663,-43.99695337716631,-2.672707760590697,-0.474976485674361,869.999750383944,60.837857849252984,1430.030216612281,97.4502314260684,-19.222767666472123
8920,-452.2021969751612,-45.220219697516114,-12.232663203498191,-2.1842853096693204,882.2324135874422,61.693270767203565,1430.030216612281,97.4502314260684,-19.222767666472123
8921,-446.54844639248256,-44.65484463924826,5.65375058267864,1.032087122558667,876.5786630047636,61.29791194771846,1430.030216612281,97.4502314260684,-19.222767666472123
8922,-471.01381201289144,-47.101381201289136,-24.465365620408875,-4.420507171935517,901.0440286251725,63.00874052575837,1430.030216612281,97.4502314260684,-19.222767666472123
8923,-468.1355083312235,-46.81355083312235,2.878303681667944,0.5441169820747938,898.1657249435045,62.80746480107566,1430.030216612281,97.4502314260684,-19.222767666472123
8924,-465.3600614302128,-46.53600614302128,2.775446901010696,0.521833464065713,895.3902780424938,62.613381706273266,1430.030216612281,97.4502314260684,-19.222767666472123
8925,-471.8361564837876,-47.18361564837876,-6.476095053574795,-1.2113002763876834,901.8663730960686,63.066245916997175,1430.030216612281,97.4502314260684,-19.222767666472123
8926,-477.9010989086205,-47.790109890862055,-6.064942424832907,-1.1483070072453305,907.9313155209015,63.490358803171056,1430.030216612281,97.4502314260684,-19.222767666472123
8927,-484.17163725453065,-48.41716372545306,-6.270538345910154,-1.2010250036539882,914.2018538668117,63.92884872268934,1430.030216612281,97.4502314260684,-23.231790093945847
8928,-483.2464752163896,-48.324647521638965,0.9251620381410248,0.17935462742235675,913.2766918286707,63.86415344370895,1430.030216612281,97.4502314260684,-23.231790093945847
8929,-470.3970242496599,-47.03970242496599,12.849450966729705,2.486572485811367,900.427240861941,62.9656094257252,1430.030216612281,97.4502314260684,-23.231790093945847
8930,-482.73250502040287,-48.27325050204029,-12.335480770742947,-2.3291940067493133,912.7627216326839,63.828212231417346,1430.030216612281,97.4502314260684,-23.231790093945847
8931,-475.8451789112613,-47.58451789112613,6.887326109141554,1.3314824874919307,905.8753955235424,63.34659121186592,1430.030216612281,97.4502314260684,-23.231790093945847
8932,-476.1535923995832,-47.61535923995832,-0.3084134883218894,-0.058840151022798715,906.1838090118642,63.368158132951855,1430.030216612281,97.4502314260684,-23.231790093945847
8933,-481.19055521903033,-48.11905552190303,-5.036962819447126,-0.961534286837995,911.2207718313114,63.72038585240381,1430.030216612281,97.4502314260684,-23.231790093945847
8934,-486.0219613308127,-48.602196133081264,-4.831406111782371,-0.9312486810686527,916.0521779430937,64.05823928065008,1430.030216612281,97.4502314260684,-25.082114170227896
8935,-482.3213131782486,-48.23213131782486,3.7006481525640993,0.7200012207031259,912.3515297905296,63.79945816472857,1430.030216612281,97.4502314260684,-25.082114170227896
8936,-470.1914283285828,-47.01914283285827,12.129884849665814,2.3431300454218595,900.2216449408638,62.95123239238082,1430.030216612281,97.4502314260684,-25.082114170227896
8937,-472.8641360891735,-47.28641360891734,-2.672707760590697,-0.5044666891966143,902.8943527014545,63.13813108371912,1430.030216612281,97.4502314260684,-25.082114170227896
8938,-475.63962220359656,-47.563962220359656,-2.7754861144230745,-0.5265219660509746,905.6698388158776,63.33221692066026,1430.030216612281,97.4502314260684,-25.082114170227896
8939,-467.0047895854177,-46.700478958541765,8.634832618178848,1.6467362874491576,897.0350061976987,62.72839523088963,1430.030216612281,97.4502314260684,-25.082114170227896
8940,-463.09854551177636,-46.30985455117763,3.9062440736413464,0.7328853988393114,893.1287621240574,62.45523708162373,1430.030216612281,97.4502314260684,-25.082114170227896
8941,-416.53214775664003,-41.653214775664004,46.566397755136336,8.673174074285871,846.5623643689211,59.198914437935024,1430.030216612281,97.4502314260684,-25.082114170227896
8942,-421.46633222225466,-42.146633222225475,-4.934184465614635,-0.8456651804625293,851.4965488345357,59.54395501178412,1430.030216612281,97.4502314260684,-25.082114170227896
8943,-420.84954445902326,-42.084954445902326,0.6167877632314003,0.10661225051959988,850.8797610713043,59.50082391175096,1430.030216612281,97.4502314260684,-25.082114170227896
8944,-415.50416815125425,-41.55041681512542,5.3453763077690155,0.922968506133004,845.5343847635353,59.12702927121308,1430.030216612281,97.4502314260684,-25.082114170227896
8945,-412.8314996040758,-41.283149960407584,2.672668547178432,0.4572604972604921,842.8617162163569,58.9401333220135,1430.030216612281,97.4502314260684,-25.082114170227896
8946,-421.3635146550099,-42.13635146550099,-8.532015050934092,-1.4530777869012024,851.393731267291,59.53676512404257,1430.030216612281,97.4502314260684,-25.082114170227896
8947,-425.6809505708055,-42.568095057080555,-4.317435915795613,-0.7461395928432535,855.7111671830866,59.83867733999725,1430.030216612281,97.4502314260684,-25.082114170227896
8948,-424.96138445374163,-42.496138445374164,0.7195661170638914,0.12529030993819745,854.9916010660227,59.788359094361255,1430.030216612281,97.4502314260684,-25.082114170227896
8949,-386.10461806523074,-38.61046180652308,38.85676638851089,6.757244702879461,816.1348346775118,57.07116011932407,1430.030216612281,97.4502314260684,-25.082114170227896
8950,-404.7106371818837,-40.47106371818837,-18.606019116652988,-3.0308126863593188,834.7408537941648,58.37225284453448,1430.030216612281,97.4502314260684,-25.082114170227896
8951,-414.47622775928073,-41.447622775928075,-9.765590577397006,-1.6404779234029054,844.5064443715618,59.05514684662987,1430.030216612281,97.4502314260684,-25.082114170227896
8952,-390.01086213887197,-39.00108621388719,24.46536562040876,4.178372728878821,820.041078751153,57.344318268589966,1430.030216612281,97.4502314260684,-25.082114170227896
8953,-386.00183971139836,-38.600183971139835,4.00902242747361,0.6572284945156381,816.0320563236794,57.06397297372124,1430.030216612281,97.4502314260684,-25.082114170227896
8954,-400.7016147544101,-40.07016147544101,-14.699775043011755,-2.3941073432699356,830.7318313666912,58.09190754966574,1430.030216612281,97.4502314260684,-25.082114170227896
8955,-403.4771008688332,-40.34771008688332,-2.7754861144230745,-0.4631225751235202,833.5073174811142,58.28599338660688,1430.030216612281,97.4502314260684,-25.082114170227896
8956,-390.52483233485873,-39.052483233485866,12.952268533974461,2.1712944386274913,820.5550489471398,57.38025948088158,1430.030216612281,97.4502314260684,-25.082114170227896
8957,-390.9289171773678,-39.09289171773678,-0.4040848425090644,-0.06630046045306148,820.9591337896488,57.40851656508965,1430.030216612281,97.4502314260684,-25.082114170227896
8958,-390.9289171773678,-39.09289171773678,0.0,0.0,820.9591337896488,57.40851656508965,1430.030216612281,0.0,0.0
8959,-390.9289171773678,-39.09289171773678,0.0,0.0,820.9591337896488,57.40851656508965,1430.030216612281,0.0,0.0
8960,-390.9289171773678,-39.09289171773678,0.0,0.0,820.9591337896488,57.40851656508965,1430.030216612281,0.0,0.0
8961,-390.9289171773678,-39.09289171773678,0.0,0.0,820.9591337896488,57.40851656508965,1430.030216612281,0.0,0.0
8962,-390.9289171773678,-39.09289171773678,0.0,0.0,820.9591337896488,57.40851656508965,1430.030216612281,0.0,0.0
8963,-390.9289171773678,-39.09289171773678,0.0,0.0,820.9591337896488,57.40851656508965,1430.030216612281,0.0,0.0
8964,-390.9289171773678,-39.09289171773678,0.0,0.0,820.9591337896488,57.40851656508965,1430.030216612281,0.0,0.0
8965,-390.9289171773678,-39.09289171773678,0.0,0.0,820.9591337896488,57.40851656508965,1430.030216612281,0.0,0.0
8966,-390.9289171773678,-39.09289171773678,0.0,0.0,820.9591337896488,57.40851656508965,1430.030216612281,0.0,0.0
8967,-390.9289171773678,-39.09289171773678,0.0,0.0,820.9591337896488,57.40851656508965,1430.030216612281,0.0,0.0
8968,-390.9289171773678,-39.09289171773678,0.0,0.0,820.9591337896488,57.40851656508965,1430.030216612281,0.0,0.0
8969,-390.9289171773678,-39.09289171773678,0.0,0.0,820.9591337896488,57.40851656508965,1430.030216612281,0.0,0.0
8970,-390.9289171773678,-39.09289171773678,0.0,0.0,820.9591337896488,57.40851656508965,1430.030216612281,0.0,0.0
8971,-390.9289171773678,-39.09289171773678,0.0,0.0,820.9591337896488,57.40851656508965,1430.030216612281,0.0,0.0
8972,-390.9289171773678,-39.09289171773678,0.0,0.0,820.9591337896488,57.40851656508965,1430.030216612281,0.0,0.0
8973,-390.9289171773678,-39.09289171773678,0.0,0.0,820.9591337896488,57.40851656508965,1430.030216612281,0.0,0.0
8974,-390.9289171773678,-39.09289171773678,0.0,0.0,820.9591337896488,57.40851656508965,1430.030216612281,0.0,0.0
8975,-390.9289171773678,-39.09289171773678,0.0,0.0,820.9591337896488,57.40851656508965,1430.030216612281,0.0,0.0
8976,-390.9289171773678,-39.09289171773678,0.0,0.0,820.9591337896488,57.40851656508965,1430.030216612281,0.0,0.0
8977,-390.9289171773678,-39.09289171773678,0.0,0.0,820.9591337896488,57.40851656508965,1430.030216612281,0.0,0.0
8978,-390.9289171773678,-39.09289171773678,0.0,0.0,820.9591337896488,57.40851656508965,1430.030216612281,0.0,0.0
8979,-390.9289171773678,-39.09289171773678,0.0,0.0,820.9591337896488,57.40851656508965,1430.030216612281,0.0,0.0
8980,-390.9289171773678,-39.09289171773678,0.0,0.0,820.9591337896488,57.40851656508965,1430.030216612281,0.0,0.0
8981,-390.9289171773678,-39.09289171773678,0.0,0.0,820.9591337896488,57.40851656508965,1430.030216612281,0.0,0.0
8982,-390.9289171773678,-39.09289171773678,0.0,0.0,820.9591337896488,57.40851656508965,1430.030216612281,0.0,0.0
8983,-390.9289171773678,-39.09289171773678,0.0,0.0,820.9591337896488,57.40851656508965,1430.030216612281,0.0,0.0
8984,-390.9289171773678,-39.09289171773678,0.0,0.0,820.9591337896488,57.40851656508965,1430.030216612281,0.0,0.0
8985,-390.9289171773678,-39.09289171773678,0.0,0.0,820.9591337896488,57.40851656508965,1430.030216612281,0.0,0.0
8986,-390.9289171773678,-39.09289171773678,0.0,0.0,820.9591337896488,57.40851656508965,1430.030216612281,0.0,0.0
8987,-390.9289171773678,-39.09289171773678,0.0,0.0,820.9591337896488,57.40851656508965,1430.030216612281,0.0,0.0
8988,-390.9289171773678,-39.09289171773678,0.0,0.0,820.9591337896488,57.40851656508965,1430.030216612281,0.0,0.0
8989,-390.9289171773678,-39.09289171773678,0.0,0.0,820.9591337896488,57.40851656508965,1430.030216612281,0.0,0.0
8990,-390.9289171773678,-39.09289171773678,0.0,0.0,820.9591337896488,57.40851656508965,1430.030216612281,0.0,0.0
8991,-390.9289171773678,-39.09289171773678,0.0,0.0,820.9591337896488,57.40851656508965,1430.030216612281,0.0,0.0
8992,-390.9289171773678,-39.09289171773678,0.0,0.0,820.9591337896488,57.40851656508965,1430.030216612281,0.0,0.0
8993,-390.9289171773678,-39.09289171773678,0.0,0.0,820.9591337896488,57.40851656508965,1430.030216612281,0.0,0.0
8994,-390.9289171773678,-39.09289171773678,0.0,0.0,820.9591337896488,57.40851656508965,1430.030216612281,0.0,0.0
8995,-390.9289171773678,-39.09289171773678,0.0,0.0,820.9591337896488,57.40851656508965,1430.030216612281,0.0,0.0
8996,-390.9289171773678,-39.09289171773678,0.0,0.0,820.9591337896488,57.40851656508965,1430.030216612281,0.0,0.0
8997,-390.9289171773678,-39.09289171773678,0.0,0.0,820.9591337896488,57.40851656508965,1430.030216612281,0.0,0.0
8998,-390.9289171773678,-39.09289171773678,0.0,0.0,820.9591337896488,57.40851656508965,1430.030216612281,0.0,0.0
8999,-391.5373797975701,-39.15373797975701,-0.6084626202023173,-0.09990009990008542,821.5675964098511,57.45106549959006,1430.030216612281,0.0,0.0
9000,-377.6519602949021,-37.76519602949021,13.885419502668015,2.2820497170472853,807.6821769071831,56.48007766021682,1430.030216612281,13.885419502668015,0.0
9001,-393.09751655603077,-39.30975165560307,-15.445556261128672,-2.481819701472443,823.1277331683118,57.560163666911066,1430.030216612281,13.885419502668015,-1.5601367584606578
9002,-352.6893555517148,-35.268935555171474,40.40816100431596,6.658097817463715,782.7195721639958,54.7344778502825,1430.030216612281,38.8480242458553,-1.5601367584606578
9003,-388.57309615033387,-38.85730961503339,-35.883740598619056,-5.543511590050154,818.6033127626149,57.24377731694881,1430.030216612281,38.8480242458553,-1.5601367584606578
9004,-425.08085574309575,-42.508085574309575,-36.507759592761886,-5.970911545256142,855.1110723553768,59.796713553446544,1430.030216612281,38.8480242458553,-33.54347594552564
9005,-407.1389854437863,-40.71389854437862,17.94187029930947,3.120764107185847,837.1692020560673,58.54206382011339,1430.030216612281,38.8480242458553,-33.54347594552564
9006,-458.3122329184464,-45.83122329184464,-51.173247474660116,-8.63157573499176,888.3424495307274,62.12053697964486,1430.030216612281,38.8480242458553,-66.77485312087629
9007,-459.716379807222,-45.9716379807222,-1.4041468887755855,-0.2592170202293298,889.746596419503,62.21872699496509,1430.030216612281,38.8480242458553,-68.17900000965187
9008,-439.590353755309,-43.959035375530895,20.12602605191296,3.7250853625234503,869.6205703675901,60.81134232447951,1430.030216612281,38.8480242458553,-68.17900000965187
9009,-447.8591857028748,-44.785918570287485,-8.268831947565786,-1.475497790406588,877.8894023151558,61.38957010257181,1430.030216612281,38.8480242458553,-68.17900000965187
9010,-439.12226511544884,-43.91222651154488,8.73692058742597,1.5823718082764948,869.1524817277299,60.77860954482055,1430.030216612281,38.8480242458553,-68.17900000965187
9011,-423.52065946923267,-42.35206594692327,15.601605646216171,2.7816411092566495,853.5508760815137,59.68761122429722,1430.030216612281,38.8480242458553,-68.17900000965187
9012,-422.42855183522977,-42.24285518352298,1.0921076340029003,0.18944436638395068,852.4587684475108,59.611241674806855,1430.030216612281,38.8480242458553,-68.17900000965187
9013,-388.72908602001894,-38.8729086020019,33.69946581521083,5.834683470294566,818.7593026323,57.25468546894958,1430.030216612281,38.8480242458553,-68.17900000965187
9014,-425.5488848675535,-42.554888486755345,-36.81979884753457,-6.023482878941699,855.5791014798345,59.82944217127718,1430.030216612281,38.8480242458553,-68.17900000965187
9015,-455.73676744212355,-45.57367674421236,-30.18788257457004,-5.255082944283229,885.7669840544046,61.94043830435783,1430.030216612281,38.8480242458553,-68.17900000965187
9016,-455.73676744212355,-45.57367674421236,0.0,0.0,885.7669840544046,61.94043830435783,1430.030216612281,0.0,0.0
9017,-455.73676744212355,-45.57367674421236,0.0,0.0,885.7669840544046,61.94043830435783,1430.030216612281,0.0,0.0
9018,-455.73676744212355,-45.57367674421236,0.0,0.0,885.7669840544046,61.94043830435783,1430.030216612281,0.0,0.0
9019,-455.73676744212355,-45.57367674421236,0.0,0.0,885.7669840544046,61.94043830435783,1430.030216612281,0.0,0.0
9020,-455.73676744212355,-45.57367674421236,0.0,0.0,885.7669840544046,61.94043830435783,1430.030216612281,0.0,0.0
9021,-455.73676744212355,-45.57367674421236,0.0,0.0,885.7669840544046,61.94043830435783,1430.030216612281,0.0,0.0
9022,-455.73676744212355,-45.57367674421236,0.0,0.0,885.7669840544046,61.94043830435783,1430.030216612281,0.0,0.0
9023,-455.73676744212355,-45.57367674421236,0.0,0.0,885.7669840544046,61.94043830435783,1430.030216612281,0.0,0.0
9024,-455.73676744212355,-45.57367674421236,0.0,0.0,885.7669840544046,61.94043830435783,1430.030216612281,0.0,0.0
9025,-455.73676744212355,-45.57367674421236,0.0,0.0,885.7669840544046,61.94043830435783,1430.030216612281,0.0,0.0
9026,-455.73676744212355,-45.57367674421236,0.0,0.0,885.7669840544046,61.94043830435783,1430.030216612281,0.0,0.0
9027,-455.73676744212355,-45.57367674421236,0.0,0.0,885.7669840544046,61.94043830435783,1430.030216612281,0.0,0.0
9028,-455.73676744212355,-45.57367674421236,0.0,0.0,885.7669840544046,61.94043830435783,1430.030216612281,0.0,0.0
9029,-455.73676744212355,-45.57367674421236,0.0,0.0,885.7669840544046,61.94043830435783,1430.030216612281,0.0,0.0
9030,-455.73676744212355,-45.57367674421236,0.0,0.0,885.7669840544046,61.94043830435783,1430.030216612281,0.0,0.0
9031,-455.73676744212355,-45.57367674421236,0.0,0.0,885.7669840544046,61.94043830435783,1430.030216612281,0.0,0.0
9032,-455.73676744212355,-45.57367674421236,0.0,0.0,885.7669840544046,61.94043830435783,1430.030216612281,0.0,0.0
9033,-455.73676744212355,-45.57367674421236,0.0,0.0,885.7669840544046,61.94043830435783,1430.030216612281,0.0,0.0
9034,-455.73676744212355,-45.57367674421236,0.0,0.0,885.7669840544046,61.94043830435783,1430.030216612281,0.0,0.0
9035,-455.73676744212355,-45.57367674421236,0.0,0.0,885.7669840544046,61.94043830435783,1430.030216612281,0.0,0.0
9036,-455.73676744212355,-45.57367674421236,0.0,0.0,885.7669840544046,61.94043830435783,1430.030216612281,0.0,0.0
9037,-455.73676744212355,-45.57367674421236,0.0,0.0,885.7669840544046,61.94043830435783,1430.030216612281,0.0,0.0
9038,-455.73676744212355,-45.57367674421236,0.0,0.0,885.7669840544046,61.94043830435783,1430.030216612281,0.0,0.0
9039,-455.73676744212355,-45.57367674421236,0.0,0.0,885.7669840544046,61.94043830435783,1430.030216612281,0.0,0.0
9040,-455.73676744212355,-45.57367674421236,0.0,0.0,885.7669840544046,61.94043830435783,1430.030216612281,0.0,0.0
9041,-455.73676744212355,-45.57367674421236,0.0,0.0,885.7669840544046,61.94043830435783,1430.030216612281,0.0,0.0
9042,-455.73676744212355,-45.57367674421236,0.0,0.0,885.7669840544046,61.94043830435783,1430.030216612281,0.0,0.0
9043,-455.73676744212355,-45.57367674421236,0.0,0.0,885.7669840544046,61.94043830435783,1430.030216612281,0.0,0.0
9044,-455.73676744212355,-45.57367674421236,0.0,0.0,885.7669840544046,61.94043830435783,1430.030216612281,0.0,0.0
9045,-455.73676744212355,-45.57367674421236,0.0,0.0,885.7669840544046,61.94043830435783,1430.030216612281,0.0,0.0
9046,-455.73676744212355,-45.57367674421236,0.0,0.0,885.7669840544046,61.94043830435783,1430.030216612281,0.0,0.0
9047,-455.73676744212355,-45.57367674421236,0.0,0.0,885.7669840544046,61.94043830435783,1430.030216612281,0.0,0.0
9048,-455.73676744212355,-45.57367674421236,0.0,0.0,885.7669840544046,61.94043830435783,1430.030216612281,0.0,0.0
9049,-455.73676744212355,-45.57367674421236,0.0,0.0,885.7669840544046,61.94043830435783,1430.030216612281,0.0,0.0
9050,-455.73676744212355,-45.57367674421236,0.0,0.0,885.7669840544046,61.94043830435783,1430.030216612281,0.0,0.0
9051,-455.73676744212355,-45.57367674421236,0.0,0.0,885.7669840544046,61.94043830435783,1430.030216612281,0.0,0.0
9052,-455.73676744212355,-45.57367674421236,0.0,0.0,885.7669840544046,61.94043830435783,1430.030216612281,0.0,0.0
9053,-455.73676744212355,-45.57367674421236,0.0,0.0,885.7669840544046,61.94043830435783,1430.030216612281,0.0,0.0
9054,-455.73676744212355,-45.57367674421236,0.0,0.0,885.7669840544046,61.94043830435783,1430.030216612281,0.0,0.0
9055,-455.73676744212355,-45.57367674421236,0.0,0.0,885.7669840544046,61.94043830435783,1430.030216612281,0.0,0.0
9056,-455.73676744212355,-45.57367674421236,0.0,0.0,885.7669840544046,61.94043830435783,1430.030216612281,0.0,0.0
9057,-455.73676744212355,-45.57367674421236,0.0,0.0,885.7669840544046,61.94043830435783,1430.030216612281,0.0,0.0
9058,-455.73676744212355,-45.57367674421236,0.0,0.0,885.7669840544046,61.94043830435783,1430.030216612281,0.0,0.0
9059,-455.73676744212355,-45.57367674421236,0.0,0.0,885.7669840544046,61.94043830435783,1430.030216612281,0.0,0.0
9060,-455.73676744212355,-45.57367674421236,0.0,0.0,885.7669840544046,61.94043830435783,1430.030216612281,0.0,0.0
9061,-455.73676744212355,-45.57367674421236,0.0,0.0,885.7669840544046,61.94043830435783,1430.030216612281,0.0,0.0
9062,-455.73676744212355,-45.57367674421236,0.0,0.0,885.7669840544046,61.94043830435783,1430.030216612281,0.0,0.0
9063,-455.73676744212355,-45.57367674421236,0.0,0.0,885.7669840544046,61.94043830435783,1430.030216612281,0.0,0.0
9064,-455.73676744212355,-45.57367674421236,0.0,0.0,885.7669840544046,61.94043830435783,1430.030216612281,0.0,0.0
9065,-455.73676744212355,-45.57367674421236,0.0,0.0,885.7669840544046,61.94043830435783,1430.030216612281,0.0,0.0
9066,-455.73676744212355,-45.57367674421236,0.0,0.0,885.7669840544046,61.94043830435783,1430.030216612281,0.0,0.0
9067,-455.73676744212355,-45.57367674421236,0.0,0.0,885.7669840544046,61.94043830435783,1430.030216612281,0.0,0.0
9068,-455.73676744212355,-45.57367674421236,0.0,0.0,885.7669840544046,61.94043830435783,1430.030216612281,0.0,0.0
9069,-455.73676744212355,-45.57367674421236,0.0,0.0,885.7669840544046,61.94043830435783,1430.030216612281,0.0,0.0
9070,-455.73676744212355,-45.57367674421236,0.0,0.0,885.7669840544046,61.94043830435783,1430.030216612281,0.0,0.0
9071,-455.73676744212355,-45.57367674421236,0.0,0.0,885.7669840544046,61.94043830435783,1430.030216612281,0.0,0.0
9072,-455.73676744212355,-45.57367674421236,0.0,0.0,885.7669840544046,61.94043830435783,1430.030216612281,0.0,0.0
9073,-455.73676744212355,-45.57367674421236,0.0,0.0,885.7669840544046,61.94043830435783,1430.030216612281,0.0,0.0
9074,-455.73676744212355,-45.57367674421236,0.0,0.0,885.7669840544046,61.94043830435783,1430.030216612281,0.0,0.0
9075,-455.73676744212355,-45.57367674421236,0.0,0.0,885.7669840544046,61.94043830435783,1430.030216612281,0.0,0.0
9076,-455.73676744212355,-45.57367674421236,0.0,0.0,885.7669840544046,61.94043830435783,1430.030216612281,0.0,0.0
9077,-455.73676744212355,-45.57367674421236,0.0,0.0,885.7669840544046,61.94043830435783,1430.030216612281,0.0,0.0
9078,-455.73676744212355,-45.57367674421236,0.0,0.0,885.7669840544046,61.94043830435783,1430.030216612281,0.0,0.0
9079,-455.73676744212355,-45.57367674421236,0.0,0.0,885.7669840544046,61.94043830435783,1430.030216612281,0.0,0.0
9080,-455.73676744212355,-45.57367674421236,0.0,0.0,885.7669840544046,61.94043830435783,1430.030216612281,0.0,0.0
9081,-455.73676744212355,-45.57367674421236,0.0,0.0,885.7669840544046,61.94043830435783,1430.030216612281,0.0,0.0
9082,-455.73676744212355,-45.57367674421236,0.0,0.0,885.7669840544046,61.94043830435783,1430.030216612281,0.0,0.0
9083,-455.73676744212355,-45.57367674421236,0.0,0.0,885.7669840544046,61.94043830435783,1430.030216612281,0.0,0.0
9084,-455.73676744212355,-45.57367674421236,0.0,0.0,885.7669840544046,61.94043830435783,1430.030216612281,0.0,0.0
9085,-455.73676744212355,-45.57367674421236,0.0,0.0,885.7669840544046,61.94043830435783,1430.030216612281,0.0,0.0
9086,-455.73676744212355,-45.57367674421236,0.0,0.0,885.7669840544046,61.94043830435783,1430.030216612281,0.0,0.0
9087,-455.73676744212355,-45.57367674421236,0.0,0.0,885.7669840544046,61.94043830435783,1430.030216612281,0.0,0.0
9088,-455.73676744212355,-45.57367674421236,0.0,0.0,885.7669840544046,61.94043830435783,1430.030216612281,0.0,0.0
9089,-455.73676744212355,-45.57367674421236,0.0,0.0,885.7669840544046,61.94043830435783,1430.030216612281,0.0,0.0
9090,-455.73676744212355,-45.57367674421236,0.0,0.0,885.7669840544046,61.94043830435783,1430.030216612281,0.0,0.0
9091,-455.73676744212355,-45.57367674421236,0.0,0.0,885.7669840544046,61.94043830435783,1430.030216612281,0.0,0.0
9092,-455.73676744212355,-45.57367674421236,0.0,0.0,885.7669840544046,61.94043830435783,1430.030216612281,0.0,0.0
9093,-455.73676744212355,-45.57367674421236,0.0,0.0,885.7669840544046,61.94043830435783,1430.030216612281,0.0,0.0
9094,-455.73676744212355,-45.57367674421236,0.0,0.0,885.7669840544046,61.94043830435783,1430.030216612281,0.0,0.0
9095,-455.73676744212355,-45.57367674421236,0.0,0.0,885.7669840544046,61.94043830435783,1430.030216612281,0.0,0.0
9096,-455.73676744212355,-45.57367674421236,0.0,0.0,885.7669840544046,61.94043830435783,1430.030216612281,0.0,0.0
9097,-455.73676744212355,-45.57367674421236,0.0,0.0,885.7669840544046,61.94043830435783,1430.030216612281,0.0,0.0
9098,-455.73676744212355,-45.57367674421236,0.0,0.0,885.7669840544046,61.94043830435783,1430.030216612281,0.0,0.0
9099,-455.73676744212355,-45.57367674421236,0.0,0.0,885.7669840544046,61.94043830435783,1430.030216612281,0.0,0.0
9100,-455.73676744212355,-45.57367674421236,0.0,0.0,885.7669840544046,61.94043830435783,1430.030216612281,0.0,0.0
9101,-456.28048695516827,-45.62804869551683,-0.5437195130447208,-0.09990009990007431,886.3107035674493,61.97845984451331,1430.030216612281,0.0,0.0
9102,-454.26172294522166,-45.426172294522175,2.018764009946608,0.37128776170667344,884.2919395575027,61.8372905191036,1430.030216612281,2.018764009946608,0.0
9103,-430.9338022894442,-43.093380228944426,23.32792065577746,4.274561935012655,860.9640189017252,60.20600186626373,1430.030216612281,25.34668466572407,0.0
9104,-406.03578413862533,-40.60357841386253,24.89801815081887,4.375241096903593,836.0660007509064,58.464918505815454,1430.030216612281,50.24470281654294,0.0
9105,-410.521893107196,-41.0521893107196,-4.4861089685706474,-0.755282700333193,840.552109719477,58.77862579091032,1430.030216612281,50.24470281654294,0.0
9106,-433.9677888411509,-43.396778884115086,-23.4458957339549,-3.9773988990940645,863.9980054534319,60.4181642748941,1430.030216612281,50.24470281654294,0.0
9107,-433.9677888411509,-43.396778884115086,0.0,0.0,863.9980054534319,60.4181642748941,1430.030216612281,0.0,0.0
9108,-433.9677888411509,-43.396778884115086,0.0,0.0,863.9980054534319,60.4181642748941,1430.030216612281,0.0,0.0
9109,-433.9677888411509,-43.396778884115086,0.0,0.0,863.9980054534319,60.4181642748941,1430.030216612281,0.0,0.0
9110,-433.9677888411509,-43.396778884115086,0.0,0.0,863.9980054534319,60.4181642748941,1430.030216612281,0.0,0.0
9111,-433.9677888411509,-43.396778884115086,0.0,0.0,863.9980054534319,60.4181642748941,1430.030216612281,0.0,0.0
9112,-433.9677888411509,-43.396778884115086,0.0,0.0,863.9980054534319,60.4181642748941,1430.030216612281,0.0,0.0
9113,-433.9677888411509,-43.396778884115086,0.0,0.0,863.9980054534319,60.4181642748941,1430.030216612281,0.0,0.0
9114,-433.9677888411509,-43.396778884115086,0.0,0.0,863.9980054534319,60.4181642748941,1430.030216612281,0.0,0.0
9115,-433.9677888411509,-43.396778884115086,0.0,0.0,863.9980054534319,60.4181642748941,1430.030216612281,0.0,0.0
9116,-433.9677888411509,-43.396778884115086,0.0,0.0,863.9980054534319,60.4181642748941,1430.030216612281,0.0,0.0
9117,-433.9677888411509,-43.396778884115086,0.0,0.0,863.9980054534319,60.4181642748941,1430.030216612281,0.0,0.0
9118,-433.9677888411509,-43.396778884115086,0.0,0.0,863.9980054534319,60.4181642748941,1430.030216612281,0.0,0.0
9119,-433.9677888411509,-43.396778884115086,0.0,0.0,863.9980054534319,60.4181642748941,1430.030216612281,0.0,0.0
9120,-433.9677888411509,-43.396778884115086,0.0,0.0,863.9980054534319,60.4181642748941,1430.030216612281,0.0,0.0
9121,-433.9677888411509,-43.396778884115086,0.0,0.0,863.9980054534319,60.4181642748941,1430.030216612281,0.0,0.0
9122,-433.9677888411509,-43.396778884115086,0.0,0.0,863.9980054534319,60.4181642748941,1430.030216612281,0.0,0.0
9123,-433.9677888411509,-43.396778884115086,0.0,0.0,863.9980054534319,60.4181642748941,1430.030216612281,0.0,0.0
9124,-433.9677888411509,-43.396778884115086,0.0,0.0,863.9980054534319,60.4181642748941,1430.030216612281,0.0,0.0
9125,-433.9677888411509,-43.396778884115086,0.0,0.0,863.9980054534319,60.4181642748941,1430.030216612281,0.0,0.0
9126,-433.9677888411509,-43.396778884115086,0.0,0.0,863.9980054534319,60.4181642748941,1430.030216612281,0.0,0.0
9127,-433.9677888411509,-43.396778884115086,0.0,0.0,863.9980054534319,60.4181642748941,1430.030216612281,0.0,0.0
9128,-433.9677888411509,-43.396778884115086,0.0,0.0,863.9980054534319,60.4181642748941,1430.030216612281,0.0,0.0
9129,-433.9677888411509,-43.396778884115086,0.0,0.0,863.9980054534319,60.4181642748941,1430.030216612281,0.0,0.0
9130,-433.9677888411509,-43.396778884115086,0.0,0.0,863.9980054534319,60.4181642748941,1430.030216612281,0.0,0.0
9131,-433.9677888411509,-43.396778884115086,0.0,0.0,863.9980054534319,60.4181642748941,1430.030216612281,0.0,0.0
9132,-433.9677888411509,-43.396778884115086,0.0,0.0,863.9980054534319,60.4181642748941,1430.030216612281,0.0,0.0
9133,-433.9677888411509,-43.396778884115086,0.0,0.0,863.9980054534319,60.4181642748941,1430.030216612281,0.0,0.0
9134,-433.9677888411509,-43.396778884115086,0.0,0.0,863.9980054534319,60.4181642748941,1430.030216612281,0.0,0.0
9135,-433.9677888411509,-43.396778884115086,0.0,0.0,863.9980054534319,60.4181642748941,1430.030216612281,0.0,0.0
9136,-433.9677888411509,-43.396778884115086,0.0,0.0,863.9980054534319,60.4181642748941,1430.030216612281,0.0,0.0
9137,-433.9677888411509,-43.396778884115086,0.0,0.0,863.9980054534319,60.4181642748941,1430.030216612281,0.0,0.0
9138,-433.9677888411509,-43.396778884115086,0.0,0.0,863.9980054534319,60.4181642748941,1430.030216612281,0.0,0.0
9139,-433.9677888411509,-43.396778884115086,0.0,0.0,863.9980054534319,60.4181642748941,1430.030216612281,0.0,0.0
9140,-433.9677888411509,-43.396778884115086,0.0,0.0,863.9980054534319,60.4181642748941,1430.030216612281,0.0,0.0
9141,-433.9677888411509,-43.396778884115086,0.0,0.0,863.9980054534319,60.4181642748941,1430.030216612281,0.0,0.0
9142,-433.9677888411509,-43.396778884115086,0.0,0.0,863.9980054534319,60.4181642748941,1430.030216612281,0.0,0.0
9143,-433.9677888411509,-43.396778884115086,0.0,0.0,863.9980054534319,60.4181642748941,1430.030216612281,0.0,0.0
9144,-433.9677888411509,-43.396778884115086,0.0,0.0,863.9980054534319,60.4181642748941,1430.030216612281,0.0,0.0
9145,-433.9677888411509,-43.396778884115086,0.0,0.0,863.9980054534319,60.4181642748941,1430.030216612281,0.0,0.0
9146,-433.9677888411509,-43.396778884115086,0.0,0.0,863.9980054534319,60.4181642748941,1430.030216612281,0.0,0.0
9147,-433.9677888411509,-43.396778884115086,0.0,0.0,863.9980054534319,60.4181642748941,1430.030216612281,0.0,0.0
9148,-433.9677888411509,-43.396778884115086,0.0,0.0,863.9980054534319,60.4181642748941,1430.030216612281,0.0,0.0
9149,-433.9677888411509,-43.396778884115086,0.0,0.0,863.9980054534319,60.4181642748941,1430.030216612281,0.0,0.0
9150,-433.9677888411509,-43.396778884115086,0.0,0.0,863.9980054534319,60.4181642748941,1430.030216612281,0.0,0.0
9151,-433.9677888411509,-43.396778884115086,0.0,0.0,863.9980054534319,60.4181642748941,1430.030216612281,0.0,0.0
9152,-433.9677888411509,-43.396778884115086,0.0,0.0,863.9980054534319,60.4181642748941,1430.030216612281,0.0,0.0
9153,-433.9677888411509,-43.396778884115086,0.0,0.0,863.9980054534319,60.4181642748941,1430.030216612281,0.0,0.0
9154,-433.9677888411509,-43.396778884115086,0.0,0.0,863.9980054534319,60.4181642748941,1430.030216612281,0.0,0.0
9155,-433.9677888411509,-43.396778884115086,0.0,0.0,863.9980054534319,60.4181642748941,1430.030216612281,0.0,0.0
9156,-433.9677888411509,-43.396778884115086,0.0,0.0,863.9980054534319,60.4181642748941,1430.030216612281,0.0,0.0
9157,-433.9677888411509,-43.396778884115086,0.0,0.0,863.9980054534319,60.4181642748941,1430.030216612281,0.0,0.0
9158,-433.9677888411509,-43.396778884115086,0.0,0.0,863.9980054534319,60.4181642748941,1430.030216612281,0.0,0.0
9159,-433.9677888411509,-43.396778884115086,0.0,0.0,863.9980054534319,60.4181642748941,1430.030216612281,0.0,0.0
9160,-433.9677888411509,-43.396778884115086,0.0,0.0,863.9980054534319,60.4181642748941,1430.030216612281,0.0,0.0
9161,-434.53325558556526,-43.45332555855652,-0.5654667444143797,-0.09990009990008542,864.5634721978463,60.457706568325776,1430.030216612281,0.0,0.0
9162,-441.5533534139357,-44.155335341393574,-7.020097828370467,-1.2414696173936979,871.5835700262168,60.94861212730067,1430.030216612281,0.0,-7.020097828370467
9163,-438.21884376719777,-43.82188437671978,3.3345096467379562,0.5971044265594028,868.2490603794788,60.715434561679906,1430.030216612281,0.0,-7.020097828370467
9164,-435.76176266323796,-43.5761762663238,2.4570811039598084,0.43737335734728156,865.791979275519,60.543614338903026,1430.030216612281,0.0,-7.020097828370467
9165,-451.2059377164842,-45.12059377164842,-15.444175053246227,-2.7371727102621812,881.2361543287652,61.623603759674374,1430.030216612281,0.0,-16.67268213091893
9166,-476.4782028654188,-47.64782028654187,-25.272265148934594,-4.605054406707221,906.5084194776998,63.39085768587491,1430.030216612281,0.0,-41.94494727985352
9167,-470.1601282096083,-47.01601282096083,6.318074655810506,1.206840802119702,900.1903448218893,62.94904361912198,1430.030216612281,0.0,-41.94494727985352
9168,-473.49467133065355,-47.34946713306536,-3.3345431210452716,-0.6293492239037191,903.5248879429346,63.18222352555394,1430.030216612281,0.0,-41.94494727985352
9169,-477.18019256367154,-47.71801925636715,-3.685521233017994,-0.6999969482421986,907.2104091759526,63.439946837285696,1430.030216612281,0.0,-42.64693697810628
9170,-487.0083161336672,-48.700831613366724,-9.828123569995682,-1.8798299969139176,917.0385327459483,64.12721368352608,1430.030216612281,0.0,-52.475060548101965
9171,-490.8693431598251,-49.08693431598251,-3.861027026157899,-0.7526490482375858,920.8995597721062,64.39720986831333,1430.030216612281,0.0,-56.336087574259864
9172,-491.5713663323851,-49.15713663323851,-0.7020231725599615,-0.1378866432669601,921.6015829446661,64.44630136053529,1430.030216612281,0.0,-57.038110746819825
9173,-481.5677369692494,-48.15677369692494,10.003629363135701,1.9675582177528517,911.5979535815304,63.74676164123942,1430.030216612281,0.0,-57.038110746819825
9174,-486.13078716796724,-48.61307871679672,-4.56305019871786,-0.8801632390782022,916.1610037802483,64.06584931824861,1430.030216612281,0.0,-57.038110746819825
9175,-487.8858116250599,-48.788581162505984,-1.7550244570926452,-0.3415313494693262,917.9160282373409,64.18857570799234,1430.030216612281,0.0,-57.038110746819825
9176,-495.607899151683,-49.5607899151683,-7.722087526623113,-1.5078839254829335,925.638115763964,64.72857041837801,1430.030216612281,0.0,-61.07464356611774
9177,-497.8894075138883,-49.788940751388836,-2.2815083622052725,-0.4523283291645752,927.9196241261693,64.88811308647703,1430.030216612281,0.0,-63.356151928323015
9178,-510.70106261864925,-51.07010626186492,-12.811655104760973,-2.5515604124833002,940.7312792309303,65.7840140930384,1430.030216612281,0.0,-76.16780703308399
9179,-517.3701153864324,-51.73701153864324,-6.669052767783171,-1.3629812489425963,947.4003319987135,66.25037156509111,1430.030216612281,0.0,-82.83685980086716
9180,-534.569281422464,-53.456928142246404,-17.199166036031613,-3.563634699041207,964.599498034745,67.453085034795,1430.030216612281,0.0,-100.03602583689877
9181,-534.920293008744,-53.4920293008744,-0.35101158627998075,-0.07541650610272121,964.950509621025,67.47763078090598,1430.030216612281,0.0,-100.38703742317875
9182,-528.9532299392135,-52.89532299392135,5.967063069530525,1.2830194437278841,958.9834465514946,67.06036246026403,1430.030216612281,0.0,-100.38703742317875
9183,-522.986166869683,-52.29861668696829,5.967063069530525,1.2667665821719742,953.016383481964,66.64309413962208,1430.030216612281,0.0,-100.38703742317875
9184,-523.6881900422429,-52.3688190042243,-0.7020231725599615,-0.147170401317942,953.718406654524,66.69218563184404,1430.030216612281,0.0,-100.38703742317875
9185,-511.9295696963219,-51.1929569696322,11.758620345921031,2.468681250411131,941.9597863086029,65.86992186361563,1430.030216612281,0.0,-100.38703742317875
9186,-496.30988884993565,-49.63098888499356,15.619680846386245,3.2002923915443127,926.3401054622167,64.7776595697888,1430.030216612281,0.0,-100.38703742317875
9187,-479.98825177960407,-47.998825177960406,16.321637070331576,3.240412449842367,910.0184683918851,63.636310465362364,1430.030216612281,0.0,-100.38703742317875
9188,-483.67377301262195,-48.367377301262195,-3.68552123301788,-0.7087380709437041,913.703989624903,63.894033777094116,1430.030216612281,0.0,-100.38703742317875
9189,-457.3485065791547,-45.73485065791547,26.325266433467277,5.098572386506106,887.3787231914357,62.05314495337182,1430.030216612281,0.0,-100.38703742317875
9190,-458.7525194499673,-45.875251944996734,-1.4040128708126076,-0.2587319647757269,888.7827360622483,62.15132559700456,1430.030216612281,0.0,-100.38703742317875
9191,-452.6099505872968,-45.260995058729684,6.142568862670487,1.13489098488333,882.6401671995778,61.72178440330711,1430.030216612281,0.0,-100.38703742317875
9192,-426.1091783606895,-42.61091783606895,26.500772226607296,4.841295937885626,856.1393949729705,59.868622706529315,1430.030216612281,8.42407722487576,-100.38703742317875
9193,-415.22808698046845,-41.522808698046845,10.88109138022105,1.8960211541873662,845.2583035927495,59.107723303578375,1430.030216612281,19.30516860509681,-100.38703742317875
9194,-408.207989152098,-40.8207989152098,7.020097828370467,1.2004847825405118,838.238205764379,58.616817744603466,1430.030216612281,26.325266433467277,-100.38703742317875
9195,-420.8441384637189,-42.084413846371895,-12.636149311620898,-2.1352348595440107,850.8743550759999,59.50044587810933,1430.030216612281,26.325266433467277,-100.38703742317875
9196,-425.23168286929683,-42.52316828692968,-4.387544405577955,-0.757575757575768,855.2618994815779,59.80726068206306,1430.030216612281,26.325266433467277,-100.38703742317875
9197,-416.8076056444211,-41.68076056444211,8.42407722487576,1.4656474572101619,846.8378222567021,59.2181768202666,1430.030216612281,26.325266433467277,-100.38703742317875
9198,-374.6871525714274,-37.46871525714274,42.120453072993655,7.222394098526652,804.7173691837085,56.27275282966197,1430.030216612281,59.84610301413784,-100.38703742317875
9199,-361.3490470358611,-36.134904703586116,13.338105535566342,2.1330291853774774,791.3792636481421,55.340037885556505,1430.030216612281,73.18420854970418,-100.38703742317875
9200,-357.31251421656316,-35.73125142165632,4.036532819297918,0.6320405223797732,787.3427308288442,55.05776882771377,1430.030216612281,77.2207413690021,-100.38703742317875
9201,-352.39841895725806,-35.23984189572581,4.9140952593051,0.7646166088506989,782.4286355695391,54.7141330637824,1430.030216612281,82.1348366283072,-100.38703742317875
9202,-347.3089183277348,-34.73089183277348,5.089500629523286,0.7858999697512026,777.3391349400158,54.35823144922909,1430.030216612281,87.22433725783048,-100.38703742317875
9203,-322.03661970449286,-32.20366197044928,25.27229862324191,3.8720153121276857,752.0668363167739,52.590975182217356,1430.030216612281,112.4966358810724,-100.38703742317875
9204,-329.934213024256,-32.993421302425595,-7.897593319763132,-1.1648996906471254,759.964429636537,53.14324276565853,1430.030216612281,112.4966358810724,-100.38703742317875
9205,-339.0603134216917,-33.90603134216917,-9.12610039743572,-1.361970805676438,769.0905300339728,53.781418119676935,1430.030216612281,112.4966358810724,-100.38703742317875
9206,-330.81170851564855,-33.081170851564856,8.24860490604317,1.248011743514188,760.8419251279296,53.20460479012479,1430.030216612281,112.4966358810724,-100.38703742317875
9207,-333.05883595242153,-33.30588359524216,-2.2471274367729848,-0.3357989769648406,763.0890525647026,53.36174324850621,1430.030216612281,112.4966358810724,-100.38703742317875
9208,-333.05883595242153,-33.30588359524216,0.0,0.0,763.0890525647026,53.36174324850621,1430.030216612281,0.0,0.0
9209,-333.05883595242153,-33.30588359524216,0.0,0.0,763.0890525647026,53.36174324850621,1430.030216612281,0.0,0.0
9210,-333.05883595242153,-33.30588359524216,0.0,0.0,763.0890525647026,53.36174324850621,1430.030216612281,0.0,0.0
9211,-333.05883595242153,-33.30588359524216,0.0,0.0,763.0890525647026,53.36174324850621,1430.030216612281,0.0,0.0
9212,-333.05883595242153,-33.30588359524216,0.0,0.0,763.0890525647026,53.36174324850621,1430.030216612281,0.0,0.0
9213,-333.05883595242153,-33.30588359524216,0.0,0.0,763.0890525647026,53.36174324850621,1430.030216612281,0.0,0.0
9214,-333.05883595242153,-33.30588359524216,0.0,0.0,763.0890525647026,53.36174324850621,1430.030216612281,0.0,0.0
9215,-333.05883595242153,-33.30588359524216,0.0,0.0,763.0890525647026,53.36174324850621,1430.030216612281,0.0,0.0
9216,-333.05883595242153,-33.30588359524216,0.0,0.0,763.0890525647026,53.36174324850621,1430.030216612281,0.0,0.0
9217,-333.05883595242153,-33.30588359524216,0.0,0.0,763.0890525647026,53.36174324850621,1430.030216612281,0.0,0.0
9218,-333.05883595242153,-33.30588359524216,0.0,0.0,763.0890525647026,53.36174324850621,1430.030216612281,0.0,0.0
9219,-333.72511084157986,-33.372511084157985,-0.6662748891583306,-0.09990009990008542,763.7553274538609,53.408334913592604,1430.030216612281,0.0,0.0
9220,-348.9001548866204,-34.890015488662044,-15.175044045040522,-2.277595072539551,778.9303714989014,54.46950438181475,1430.030216612281,0.0,-15.175044045040522
9221,-350.68549825325715,-35.06854982532571,-1.7853433666367664,-0.2742042376505105,780.7157148655382,54.59435093022309,1430.030216612281,0.0,-16.96038741167729
9222,-339.43807340704586,-33.94380734070459,11.247424846211288,1.7321998532227711,769.4682900193269,53.80783434368157,1430.030216612281,0.0,-16.96038741167729
9223,-336.0460231662647,-33.604602316626476,3.3920502407811455,0.5135098019161788,766.0762397785458,53.57063304531901,1430.030216612281,0.0,-16.96038741167729
9224,-339.79514208037324,-33.97951420803732,-3.7491189141085215,-0.5646654805785412,769.8253586926543,53.832803653363236,1430.030216612281,0.0,-16.96038741167729
9225,-330.3330606007987,-33.03330606007987,9.462081479574522,1.4332038557532734,760.3632772130798,53.17113361523006,1430.030216612281,3.3920502407811455,-16.96038741167729
9226,-352.64934190461474,-35.264934190461474,-22.316281303816027,-3.332444830535808,782.6795585168958,54.73167975226784,1430.030216612281,3.3920502407811455,-18.92423106303488
9227,-354.6131174520865,-35.46131174520865,-1.963775547471755,-0.3033557659846253,784.6433340643675,54.869003811903724,1430.030216612281,3.3920502407811455,-20.888006610506636
9228,-352.64934190461474,-35.264934190461474,1.963775547471755,0.3042788133094776,782.6795585168958,54.73167975226784,1430.030216612281,3.3920502407811455,-20.888006610506636
9229,-346.222241992494,-34.622224199249395,6.427099912120752,0.9928312934801564,776.252458604775,54.28224170281554,1430.030216612281,3.3920502407811455,-20.888006610506636
9230,-343.90132966780914,-34.39013296678092,2.320912324684855,0.35500019636003355,773.9315462800902,54.11994357108914,1430.030216612281,3.3920502407811455,-20.888006610506636
9231,-347.8290169705242,-34.782901697052424,-3.9276873027150714,-0.5986427774234637,777.8592335828052,54.39460121517862,1430.030216612281,3.3920502407811455,-20.888006610506636
9232,-343.36576070976093,-34.336576070976086,4.4632562607632735,0.684369034640353,773.395977322042,54.08249198777105,1430.030216612281,3.3920502407811455,-20.888006610506636
9233,-341.40191705840346,-34.14019170584035,1.9638436513574788,0.2990772539488873,771.4321336706845,53.94516316572632,1430.030216612281,3.3920502407811455,-20.888006610506636
9234,-336.4030918395921,-33.640309183959204,4.998825218811362,0.7590099862551103,766.4333084518731,53.59560235500068,1430.030216612281,3.3920502407811455,-20.888006610506636
9235,-351.22106721130535,-35.12210672113053,-14.81797537171326,-2.232978362239657,781.2512838235864,54.631802513541174,1430.030216612281,3.3920502407811455,-20.888006610506636
9236,-365.3249733402497,-36.532497334024974,-14.103906128944345,-2.1739155536879884,795.3551899525307,55.618068815127174,1430.030216612281,3.3920502407811455,-31.599862498669836
9237,-373.35884823040055,-37.335884823040054,-8.033874890150855,-1.265824958078554,803.3890648426816,56.179866376942556,1430.030216612281,3.3920502407811455,-39.63373738882069
9238,-394.7824237989553,-39.47824237989552,-21.423575568554725,-3.4187948729597073,824.8126404112363,57.67798685857173,1430.030216612281,3.3920502407811455,-61.057312957375416
9239,-382.6423613213685,-38.26423613213685,12.140062477586753,2.005900514950354,812.6725779336496,56.82904937903047,1430.030216612281,3.3920502407811455,-61.057312957375416
9240,-379.42887946919393,-37.94288794691939,3.2134818521745956,0.5205219229250435,809.459096081475,56.60433511671318,1430.030216612281,3.3920502407811455,-61.057312957375416
9241,-392.1045109048289,-39.21045109048289,-12.675631435634955,-2.0425751402664116,822.1347275171099,57.49072417957252,1430.030216612281,3.3920502407811455,-61.057312957375416
9242,-402.28072973105816,-40.22807297310581,-10.176218826229274,-1.674007951823464,832.3109463433392,58.20233283706904,1430.030216612281,3.3920502407811455,-68.5556188894783
9243,-392.1045109048289,-39.21045109048289,10.176218826229274,1.7025080723347852,822.1347275171099,57.49072417957252,1430.030216612281,3.3920502407811455,-68.5556188894783
9244,-379.42887946919393,-37.94288794691939,12.675631435634955,2.0851662272576066,809.459096081475,56.60433511671318,1430.030216612281,3.3920502407811455,-68.5556188894783
9245,-378.3576734492119,-37.83576734492119,1.0712060199820144,0.17261615704349254,808.387890061493,56.529427187668176,1430.030216612281,3.3920502407811455,-68.5556188894783
9246,-359.07637371284966,-35.90763737128496,19.281299736362257,3.1016709951758648,789.1065903251307,55.18111303931128,1430.030216612281,3.3920502407811455,-68.5556188894783
9247,-352.29227323128737,-35.22922732312874,6.784100481562291,1.0584881260911505,782.3224898435684,54.70671044258617,1430.030216612281,3.3920502407811455,-68.5556188894783
9248,-334.4392481882346,-33.443924818823454,17.853025043052753,2.7563396737781742,764.4694648005157,53.45827353295595,1430.030216612281,3.3920502407811455,-68.5556188894783
9249,-341.75898573173083,-34.17589857317308,-7.319737543496217,-1.0997850344345972,771.7892023440119,53.970132475407986,1430.030216612281,3.3920502407811455,-68.5556188894783
9250,-331.2256982321742,-33.12256982321742,10.53328749955665,1.6002174387850898,761.2559148444552,53.233554508229794,1430.030216612281,3.3920502407811455,-68.5556188894783
9251,-328.9047859074893,-32.89047859074893,2.320912324684855,0.3470396991256619,758.9350025197704,53.071256376503385,1430.030216612281,4.820324934090536,-68.5556188894783
9252,-340.509279427028,-34.0509279427028,-11.604493519538664,-1.7291873456780404,770.539496039309,53.88274227272658,1430.030216612281,4.820324934090536,-68.5556188894783
9253,-330.69006117024026,-33.069006117024024,9.819218256787735,1.488909237154501,760.7202777825213,53.19609816250286,1430.030216612281,4.820324934090536,-68.5556188894783
9254,-327.2980109294591,-32.72980109294591,3.3920502407811455,0.5067981280409306,757.3282275417401,52.9588968641403,1430.030216612281,6.427099912120752,-68.5556188894783
9255,-328.36921694944124,-32.836921694944124,-1.071206019982128,-0.1592393121153335,758.3994335617223,53.03380479318531,1430.030216612281,6.427099912120752,-68.5556188894783
9256,-327.47657931806566,-32.747657931806565,0.8926376313755782,0.13290600340283287,757.5067959303467,52.97138390018558,1430.030216612281,6.427099912120752,-68.5556188894783
9257,-325.86980434003556,-32.58698043400356,1.6067749780301028,0.2389173266859279,755.9000209523166,52.85902438782251,1430.030216612281,7.855306501544305,-68.5556188894783
9258,-334.08217951490724,-33.40821795149073,-8.212375174871681,-1.2182179685382377,764.1123961271883,53.43330422327428,1430.030216612281,7.855306501544305,-68.5556188894783
9259,-348.9001548866204,-34.890015488662044,-14.817975371713146,-2.225195799823898,778.9303714989014,54.46950438181475,1430.030216612281,7.855306501544305,-68.5556188894783
9260,-365.3249733402497,-36.532497334024974,-16.424818453629314,-2.522626687273921,795.3551899525307,55.618068815127174,1430.030216612281,7.855306501544305,-68.5556188894783
9261,-328.54771723416195,-32.8547717234162,36.77725610608775,5.7946594022525,758.577933846443,53.04628706682172,1430.030216612281,7.855306501544305,-68.5556188894783
9262,-347.8290169705242,-34.782901697052424,-19.281299736362257,-2.871581530252454,777.8592335828052,54.39460121517862,1430.030216612281,7.855306501544305,-68.5556188894783
9263,-356.0413921453959,-35.604139214539586,-8.212375174871681,-1.2592365175039588,786.0716087576769,54.968881050630394,1430.030216612281,7.855306501544305,-68.5556188894783
9264,-326.40537329808365,-32.64053732980836,29.636018847312243,4.6021620777843,756.4355899103647,52.89647597114057,1430.030216612281,7.855306501544305,-68.5556188894783
9265,-332.11833586354965,-33.21183358635496,-5.712962565466,-0.8481306618252082,762.1485524758307,53.29597540122953,1430.030216612281,7.855306501544305,-68.5556188894783
9266,-314.4438111052176,-31.444381110521757,17.67452475833204,2.6463557404565963,744.4740277174986,52.060020765235706,1430.030216612281,19.281299736362257,-68.5556188894783
9267,-321.7635486487138,-32.176354864871385,-7.319737543496217,-1.0677078935421358,751.7937652609949,52.57187970768774,1430.030216612281,19.281299736362257,-68.5556188894783
9268,-305.33879829897046,-30.53387982989705,16.424750349743363,2.421684991571804,735.3690149112515,51.42332003678419,1430.030216612281,28.386312542609403,-68.5556188894783
9269,-309.6235542750129,-30.962355427501286,-4.284755976042447,-0.6168123346388499,739.653770887294,51.72294699055535,1430.030216612281,28.386312542609403,-68.5556188894783
9270,-306.9455732770007,-30.694557327700068,2.677980998012231,0.38790155930072956,736.9757898892817,51.535679549147275,1430.030216612281,28.386312542609403,-68.5556188894783
9271,-324.44152964672605,-32.444152964672604,-17.495956369725377,-2.5244707623400253,754.4717462590071,52.75914714909582,1430.030216612281,28.386312542609403,-68.5556188894783
9272,-319.08563575458743,-31.90856357545875,5.355893892138624,0.7928098199017297,749.1158523668685,52.38461702868853,1430.030216612281,28.386312542609403,-68.5556188894783
9273,-311.2302611491573,-31.12302611491573,7.855374605430143,1.1536508873822182,741.2604777614383,51.83530174050956,1430.030216612281,28.386312542609403,-68.5556188894783
9274,-318.9070673659809,-31.890706736598084,-7.676806216823593,-1.1145678713515683,748.9372839782619,52.372129992643266,1430.030216612281,28.386312542609403,-68.5556188894783
9275,-324.44152964672605,-32.444152964672604,-5.534462280745174,-0.812585480712813,754.4717462590071,52.75914714909582,1430.030216612281,28.386312542609403,-68.5556188894783
9276,-336.76009240903363,-33.67600924090336,-12.318562762307579,-1.8234635938863653,766.7903090213147,53.620566902273495,1430.030216612281,28.386312542609403,-68.5556188894783
9277,-342.47305497449963,-34.247305497449965,-5.712962565466,-0.8613719560719324,772.5032715867807,54.02006633236245,1430.030216612281,28.386312542609403,-68.5556188894783
9278,-335.86745477765817,-33.58674547776581,6.605600196841465,1.0046128522664954,765.8976713899392,53.558146009273756,1430.030216612281,28.386312542609403,-68.5556188894783
9279,-340.3307110384213,-34.033071103842126,-4.46325626076316,-0.6720429969696684,770.3609276507024,53.87025523668131,1430.030216612281,28.386312542609403,-68.5556188894783
9280,-336.1748757182264,-33.61748757182264,4.15583532019491,0.6299876907619684,766.2050923305075,53.57964352289248,1430.030216612281,28.386312542609403,-68.5556188894783
9281,-336.1748757182264,-33.61748757182264,0.0,0.0,766.2050923305075,53.57964352289248,1430.030216612281,0.0,0.0
9282,-336.1748757182264,-33.61748757182264,0.0,0.0,766.2050923305075,53.57964352289248,1430.030216612281,0.0,0.0
9283,-336.1748757182264,-33.61748757182264,0.0,0.0,766.2050923305075,53.57964352289248,1430.030216612281,0.0,0.0
9284,-336.1748757182264,-33.61748757182264,0.0,0.0,766.2050923305075,53.57964352289248,1430.030216612281,0.0,0.0
9285,-336.1748757182264,-33.61748757182264,0.0,0.0,766.2050923305075,53.57964352289248,1430.030216612281,0.0,0.0
9286,-336.1748757182264,-33.61748757182264,0.0,0.0,766.2050923305075,53.57964352289248,1430.030216612281,0.0,0.0
9287,-336.83803768054565,-33.68380376805457,-0.6631619623192364,-0.09990009990006321,766.8682542928267,53.62601750538709,1430.030216612281,0.0,0.0
9288,-339.58191711692587,-33.958191711692585,-2.7438794363802117,-0.41375705970578824,769.6121337292069,53.81789313182528,1430.030216612281,0.0,-2.7438794363802117
9289,-341.63981033939945,-34.16398103393995,-2.057893222473581,-0.3116046146843465,771.6700269516805,53.96179870798497,1430.030216612281,0.0,-4.801772658853793
9290,-335.8090583596859,-33.580905835968586,5.830751979713568,0.8856477155338771,765.8392749719669,53.55406242996935,1430.030216612281,1.0289793208597757,-4.801772658853793
9291,-328.9351428581874,-32.89351428581874,6.873915501498459,1.0349306307192885,758.9653594704685,53.07337919533235,1430.030216612281,7.902894822358235,-4.801772658853793
9292,-328.9351428581874,-32.89351428581874,0.0,0.0,758.9653594704685,53.07337919533235,1430.030216612281,0.0,0.0
9293,-328.9351428581874,-32.89351428581874,0.0,0.0,758.9653594704685,53.07337919533235,1430.030216612281,0.0,0.0
9294,-328.9351428581874,-32.89351428581874,0.0,0.0,758.9653594704685,53.07337919533235,1430.030216612281,0.0,0.0
9295,-328.9351428581874,-32.89351428581874,0.0,0.0,758.9653594704685,53.07337919533235,1430.030216612281,0.0,0.0
9296,-328.9351428581874,-32.89351428581874,0.0,0.0,758.9653594704685,53.07337919533235,1430.030216612281,0.0,0.0
9297,-328.9351428581874,-32.89351428581874,0.0,0.0,758.9653594704685,53.07337919533235,1430.030216612281,0.0,0.0
9298,-329.60553732086646,-32.96055373208665,-0.6703944626790417,-0.09990009990008542,759.6357539331475,53.12025893639595,1430.030216612281,0.0,0.0
9299,-313.59472466036186,-31.359472466036188,16.010812660504598,2.388267438325742,743.6249412726429,52.00064534540246,1430.030216612281,16.010812660504598,0.0
9300,-309.3145920548518,-30.93145920548518,4.280132605510062,0.6235576501640638,739.3448086671328,51.70134169742434,1430.030216612281,20.29094526601466,0.0
9301,-313.59472466036186,-31.359472466036188,-4.280132605510062,-0.6196935039128548,743.6249412726429,52.00064534540246,1430.030216612281,20.29094526601466,0.0
9302,-315.6555426863748,-31.565554268637484,-2.060818026012953,-0.30023341895110134,745.6857592986559,52.144755448956424,1430.030216612281,20.29094526601466,0.0
9303,-321.04527210984645,-32.10452721098464,-5.3897294234716355,-0.7875755207587765,751.0754887221275,52.52165164043971,1430.030216612281,20.29094526601466,0.0
9304,-330.0811479248922,-33.008114792489216,-9.035875815045756,-1.3308510043261168,760.1113645371732,53.15351771642036,1430.030216612281,20.29094526601466,-0.4756106040257464
9305,-320.5697219776076,-32.05697219776076,9.511425947284579,1.4197877724775765,750.5999385898887,52.488397089122216,1430.030216612281,20.29094526601466,-0.4756106040257464
9306,-320.8867755563625,-32.088677555636245,-0.31705357875489426,-0.04666462314245612,750.9169921686436,52.51056819956952,1430.030216612281,20.29094526601466,-0.4756106040257464
9307,-317.0821930830913,-31.708219308309125,3.804582473271239,0.560228005630159,747.1124096953723,52.24451910290887,1430.030216612281,20.29094526601466,-0.4756106040257464
9308,-305.6685666068515,-30.566856660685147,11.413626476239756,1.6713030998221523,735.6987832191326,51.44638027034082,1430.030216612281,23.936970714014933,-0.4756106040257464
9309,-291.24296136833414,-29.124296136833415,14.425605238517392,2.077625258591631,721.2731779806152,50.43761800287688,1430.030216612281,38.362575952532325,-0.4756106040257464
9310,-288.2309826060566,-28.82309826060566,3.011978762277522,0.42496632810764545,718.2611992183377,50.22699456798102,1430.030216612281,41.37455471480985,-0.4756106040257464
9311,-303.13219844859964,-30.31321984485996,-14.901215842543024,-2.0935465689560395,733.1624150608807,51.26901561546936,1430.030216612281,41.37455471480985,-0.4756106040257464
9312,-298.69350881781884,-29.869350881781887,4.4386896307808,0.6369485892301574,728.7237254300999,50.95862429791412,1430.030216612281,41.37455471480985,-0.4756106040257464
9313,-300.91288386910264,-30.091288386910264,-2.219375051283805,-0.3164629272919828,730.9431004813837,51.11382207104521,1430.030216612281,41.37455471480985,-0.4756106040257464
9314,-312.0094567665876,-31.200945676658765,-11.096572897484975,-1.5872947221369227,742.0396733788687,51.889789793165974,1430.030216612281,41.37455471480985,-0.4756106040257464
9315,-302.33959473760603,-30.233959473760606,9.669862028981584,1.4055225212159517,732.3698113498871,51.213589953704584,1430.030216612281,41.37455471480985,-0.4756106040257464
9316,-310.58274589808434,-31.058274589808434,-8.243151160478305,-1.181542065208363,740.6129625103654,51.7900219105066,1430.030216612281,41.37455471480985,-0.4756106040257464
9317,-312.16801379185847,-31.216801379185842,-1.5852678937741302,-0.2299431707492139,742.1982304041395,51.90087746274309,1430.030216612281,41.37455471480985,-0.4756106040257464
9318,-315.02143552886514,-31.50214355288652,-2.85342173700667,-0.41484283869043237,745.0516521411462,52.10041322806184,1430.030216612281,41.37455471480985,-0.4756106040257464
9319,-317.24075010836214,-31.724075010836216,-2.219314579496995,-0.32399766862930557,747.2709667206432,52.25560677248598,1430.030216612281,41.37455471480985,-0.4756106040257464
9320,-323.58170073988526,-32.358170073988525,-6.340950631523128,-0.928724236622136,753.6119173521663,52.699020524018096,1430.030216612281,41.37455471480985,-0.4756106040257464
9321,-331.03224818936985,-33.10322481893698,-7.4505474494845885,-1.1014704152200183,761.0624648016509,53.22002681905532,1430.030216612281,41.37455471480985,-1.4267108685033918
9322,-345.9334640319129,-34.59334640319128,-14.901215842543024,-2.227493896710464,775.9636806441939,54.26204786654366,1430.030216612281,41.37455471480985,-16.327926711046416
9323,-351.9573006128942,-35.195730061289424,-6.02383658098131,-0.920982231886458,781.9875172251752,54.68328627892153,1430.030216612281,41.37455471480985,-22.351763292027726
9324,-339.11696326815104,-33.9116963268151,12.840337344743148,1.9814029780579334,769.1471798804321,53.78537956369409,1430.030216612281,41.37455471480985,-22.351763292027726
9325,-318.5089039515947,-31.85089039515947,20.608059316556364,3.118261200721051,748.5391205638757,52.34428698556825,1430.030216612281,41.37455471480985,-22.351763292027726
9326,-319.46006468785913,-31.946006468785914,-0.9511607362644554,-0.13957053023578858,749.4902813001402,52.41080031691014,1430.030216612281,41.37455471480985,-22.351763292027726
9327,-359.5664050876496,-35.956640508764956,-40.1063403997905,-5.8933118129790625,789.5966216999307,55.215380243535876,1430.030216612281,41.37455471480985,-29.960867766783167
9328,-360.993115956153,-36.099311595615305,-1.4267108685033918,-0.2227726465065638,791.0233325684341,55.31514812619525,1430.030216612281,41.37455471480985,-31.38757863528656
9329,-364.00509471843054,-36.40050947184306,-3.011978762277522,-0.4713531008017857,794.0353113307116,55.525771561091105,1430.030216612281,41.37455471480985,-34.39955739756408
9330,-349.89654305866804,-34.9896543058668,14.108551659762497,2.2183435028487075,779.9267596709491,54.539180404074486,1430.030216612281,41.37455471480985,-34.39955739756408
9331,-349.89654305866804,-34.9896543058668,0.0,0.0,779.9267596709491,54.539180404074486,1430.030216612281,41.37455471480985,-34.39955739756408
9332,-343.23853884839014,-34.32385388483902,6.658004210277909,1.0241453324372651,773.2687554606712,54.073595542095084,1430.030216612281,41.37455471480985,-34.39955739756408
9333,-340.38511711138347,-34.03851171113834,2.85342173700667,0.4344685103786716,770.4153337236645,53.87405977677634,1430.030216612281,41.37455471480985,-34.39955739756408
9334,-330.23964447837614,-33.02396444783761,10.14547263300733,1.5380903154546433,760.2698610906572,53.164601157290534,1430.030216612281,41.37455471480985,-34.39955739756408
9335,-326.7521155838598,-32.675211558385975,3.4875288945163447,0.5207129484097628,756.7823321961408,52.9207231710772,1430.030216612281,41.37455471480985,-34.39955739756408
9336,-325.16690816187247,-32.51669081618724,1.5852074219873202,0.23545672532816475,755.1971247741535,52.80987184754764,1430.030216612281,41.37455471480985,-34.39955739756408
9337,-319.93561482009795,-31.99356148200979,5.231293341774517,0.7751981052863677,749.965831432379,52.44405486822762,1430.030216612281,41.37455471480985,-34.39955739756408
9338,-320.4112254241237,-32.04112254241237,-0.4756106040257464,-0.06993611404895184,750.4414420364047,52.477313648252036,1430.030216612281,41.37455471480985,-34.39955739756408
9339,-331.6663553468795,-33.16663553468795,-11.255129922755827,-1.6561677213959292,761.6965719591606,53.26436903994992,1430.030216612281,41.37455471480985,-34.39955739756408
9340,-329.92259089962135,-32.99225908996214,1.7437644472581724,0.2609122645865325,759.9528075119024,53.142430046843245,1430.030216612281,41.37455471480985,-34.39955739756408
9341,-332.3004625043892,-33.23004625043892,-2.377871604767847,-0.3548652099703342,762.3306791166702,53.30871126084451,1430.030216612281,41.37455471480985,-34.39955739756408
9342,-330.71519461061496,-33.07151946106149,1.585267893774244,0.23742234414603214,760.745411222896,53.197855708608024,1430.030216612281,41.37455471480985,-34.39955739756408
9343,-321.36232568860135,-32.13623256886014,9.352868922013613,1.3974422916372964,751.3925423008824,52.543822750887,1430.030216612281,41.37455471480985,-34.39955739756408
9344,-318.03335381935585,-31.803335381935582,3.3289718692454926,0.49053743923417326,748.0635704316369,52.31103243425077,1430.030216612281,41.37455471480985,-34.39955739756408
9345,-318.9845145556203,-31.898451455562025,-0.9511607362644554,-0.13947320467817548,749.0147311679013,52.37754576559266,1430.030216612281,41.37455471480985,-34.39955739756408
9346,-317.24075010836214,-31.724075010836216,1.7437644472581724,0.2560535677276654,747.2709667206432,52.25560677248598,1430.030216612281,41.37455471480985,-34.39955739756408
9347,-311.216853055594,-31.1216853055594,6.02389705276812,0.8822871390939291,741.247069667875,51.8343641314012,1430.030216612281,41.37455471480985,-34.39955739756408
9348,-315.6555426863748,-31.565554268637484,-4.4386896307808,-0.6444248310185641,745.6857592986559,52.144755448956424,1430.030216612281,41.37455471480985,-34.39955739756408
9349,-315.49698566110396,-31.549698566110397,0.15855702527085214,0.023169183819105044,745.527202273385,52.13366777937931,1430.030216612281,41.37455471480985,-34.39955739756408
9350,-308.04637773983245,-30.804637773983245,7.450607921271512,1.0884697021338097,738.0765943521135,51.612657255635156,1430.030216612281,41.37455471480985,-34.39955739756408
9351,-310.1071957658455,-31.010719576584556,-2.0608180260130666,-0.2978260333809213,740.1374123781266,51.756767359189126,1430.030216612281,41.37455471480985,-34.39955739756408
9352,-313.436167635091,-31.343616763509097,-3.3289718692454926,-0.48253465593701694,743.466384247372,51.989557675825345,1430.030216612281,41.37455471480985,-34.39955739756408
9353,-315.6555426863748,-31.565554268637484,-2.219375051283805,-0.32325836967540544,745.6857592986559,52.144755448956424,1430.030216612281,41.37455471480985,-34.39955739756408
9354,-313.436167635091,-31.343616763509097,2.219375051283805,0.324306718285694,743.466384247372,51.989557675825345,1430.030216612281,41.37455471480985,-34.39955739756408
9355,-309.9486992123615,-30.994869921236145,3.4874684227295347,0.5079598222814452,739.9789158246425,51.74568391831893,1430.030216612281,41.37455471480985,-34.39955739756408
9356,-306.6196668713292,-30.661966687132914,3.3290323410323026,0.4824325868573176,736.6498834836102,51.51288937297578,1430.030216612281,41.37455471480985,-34.39955739756408
9357,-320.25266839885285,-32.02526683988528,-13.633001527523675,-1.9661650145179066,750.2828850111339,52.46622597867493,1430.030216612281,41.37455471480985,-34.39955739756408
9358,-317.8748572658718,-31.787485726587185,2.377811132981037,0.34980808639293315,747.9050738781528,52.29994899338058,1430.030216612281,41.37455471480985,-34.39955739756408
9359,-312.3265103453425,-31.232651034534253,5.548346920529298,0.8133913519578151,742.3567269576236,51.91196090361328,1430.030216612281,41.37455471480985,-34.39955739756408
9360,-319.46006468785913,-31.946006468785914,-7.133554342516618,-1.0373461315338783,749.4902813001402,52.41080031691014,1430.030216612281,41.37455471480985,-34.39955739756408
9361,-324.5328010043628,-32.453280100436274,-5.072736316503665,-0.7453987713706978,754.5630176166438,52.76552962665304,1430.030216612281,41.37455471480985,-34.39955739756408
9362,-321.5208827138722,-32.15208827138723,3.0119182904905983,0.4459014878841039,751.5510993261532,52.55491042046412,1430.030216612281,41.37455471480985,-34.39955739756408
9363,-317.3992466618462,-31.739924666184617,4.12163605202602,0.6074816375354786,747.4294632741272,52.26669021335617,1430.030216612281,41.37455471480985,-34.39955739756408
9364,-308.997538476097,-30.899753847609702,8.401708185749158,1.230837813269603,739.0277550883781,51.679170586977044,1430.030216612281,41.37455471480985,-34.39955739756408
9365,-312.9606175028522,-31.29606175028522,-3.9630790267551674,-0.5735260360744898,742.9908341151332,51.956303124507876,1430.030216612281,41.37455471480985,-34.39955739756408
9366,-307.7293846328645,-30.772938463286447,5.231232869987707,0.7614167401836625,737.7596012451455,51.59049037389478,1430.030216612281,41.37455471480985,-34.39955739756408
9367,-295.840147552599,-29.5840147552599,11.889237080265502,1.7174262226860915,725.87036416488,50.759092761302306,1430.030216612281,41.37455471480985,-34.39955739756408
9368,-295.04748336981845,-29.504748336981844,0.792664182780527,0.11256878392391645,725.0776999820995,50.7036628708306,1430.030216612281,41.37455471480985,-34.39955739756408
9369,-293.62077250131506,-29.362077250131502,1.4267108685033918,0.20238396698311067,723.6509891135961,50.60389498817122,1430.030216612281,41.37455471480985,-34.39955739756408
9370,-293.3037189225603,-29.330371892256025,0.3170535787547806,0.04488432932512332,723.3339355348413,50.58172387772393,1430.030216612281,41.37455471480985,-34.39955739756408
9371,-288.2309826060566,-28.82309826060566,5.072736316503665,0.7178099633932788,718.2611992183377,50.22699456798102,1430.030216612281,41.37455471480985,-34.39955739756408
9372,-284.1094070258175,-28.410940702581755,4.121575580239096,0.5790608300610955,714.1396236380986,49.93877858958002,1430.030216612281,45.49613029504894,-34.39955739756408
9373,-281.8900924463205,-28.189009244632057,2.219314579496995,0.3100075069120356,711.9203090586016,49.78358504515587,1430.030216612281,47.71544487454594,-34.39955739756408
9374,-277.60995984081046,-27.76099598408105,4.280132605510062,0.5960275106203117,707.6401764530915,49.48428139717774,1430.030216612281,51.995577480056,-34.39955739756408
9375,-279.82927442030746,-27.982927442030746,-2.219314579496995,-0.3072183247443405,709.8594910325885,49.63947494160189,1430.030216612281,51.995577480056,-34.39955739756408
9376,-287.59693592033386,-28.759693592033386,-7.767661500026406,-1.0785861218912896,717.6271525326149,50.18265657579336,1430.030216612281,51.995577480056,-34.39955739756408
9377,-289.81625049983086,-28.981625049983084,-2.219314579496995,-0.3115251311227918,719.8464671121119,50.33785012021752,1430.030216612281,51.995577480056,-34.39955739756408
9378,-229.73595794099356,-22.973595794099356,60.0802925588373,8.45982361622919,659.7661745532746,46.136519836360534,1430.030216612281,99.8695793798729,-34.39955739756408
9379,-233.1984522413918,-23.31984522413918,-3.462494300398248,-0.4495204386203211,663.2286688536728,46.378647188648294,1430.030216612281,99.8695793798729,-34.39955739756408
9380,-233.96448775363808,-23.396448775363808,-0.7660355122462761,-0.09990009990008542,663.9947043659191,46.43221497367462,1430.030216612281,0.0,0.0
9381,-236.13718837838303,-23.613718837838306,-2.172700624744948,-0.28362922997833273,666.1674049906641,46.58414886986124,1430.030216612281,0.0,-2.172700624744948
9382,-241.56899914189705,-24.1568999141897,-5.431810763514022,-0.7110976841486427,671.5992157541781,46.963987750215935,1430.030216612281,0.0,-7.60451138825897
9383,-256.00200666530463,-25.60020066653046,-14.433007523407582,-1.9030086464131624,686.0322232775857,47.97326764904207,1430.030216612281,0.0,-22.037518911666552
9384,-247.93193348650084,-24.79319334865009,8.070073178803796,1.0846901807668452,677.9621500987819,47.40893879185739,1430.030216612281,0.0,-22.037518911666552
9385,-231.1709986070656,-23.11709986070656,16.76093487943524,2.228645999708112,661.2012152193466,46.23687021003807,1430.030216612281,2.793489146572483,-22.037518911666552
9386,-252.2773347359905,-25.227733473599045,-21.10633612892491,-2.745257539802126,682.3075513482715,47.7128065842306,1430.030216612281,2.793489146572483,-22.037518911666552
9387,-244.0328618381211,-24.403286183812114,8.2444728978694,1.1026110723764582,674.0630784504021,47.13628220019343,1430.030216612281,2.793489146572483,-22.037518911666552
9388,-244.0328618381211,-24.403286183812114,0.0,0.0,674.0630784504021,47.13628220019343,1430.030216612281,0.0,0.0
9389,-244.0328618381211,-24.403286183812114,0.0,0.0,674.0630784504021,47.13628220019343,1430.030216612281,0.0,0.0
9390,-244.0328618381211,-24.403286183812114,0.0,0.0,674.0630784504021,47.13628220019343,1430.030216612281,0.0,0.0
9391,-244.0328618381211,-24.403286183812114,0.0,0.0,674.0630784504021,47.13628220019343,1430.030216612281,0.0,0.0
9392,-244.0328618381211,-24.403286183812114,0.0,0.0,674.0630784504021,47.13628220019343,1430.030216612281,0.0,0.0
9393,-244.78807376435668,-24.47880737643566,-0.7552119262355745,-0.09990009990008542,674.8182903766377,47.189093107086336,1430.030216612281,0.0,0.0
9394,-228.07412131848048,-22.807412131848046,16.713952445876203,2.2131473120647005,658.1043379307615,46.02030994070883,1430.030216612281,16.713952445876203,0.0
9395,-242.02948669731404,-24.202948669731406,-13.955365378833562,-1.8078633926187138,672.0597033095951,46.9961889967398,1430.030216612281,16.713952445876203,0.0
9396,-258.09433798564135,-25.80943379856413,-16.064851288327304,-2.119455969115258,688.1245545979224,48.11958143290696,1430.030216612281,16.713952445876203,-13.306264221284664
9397,-254.8489560012838,-25.484895600128375,3.24538198435755,0.43743863276983763,684.8791726135648,47.89263643925181,1430.030216612281,16.713952445876203,-13.306264221284664
9398,-270.9138072896111,-27.091380728961113,-16.064851288327304,-2.155918778844923,700.9440239018921,49.01602887541897,1430.030216612281,16.713952445876203,-26.125733525254418
9399,-282.27282993994254,-28.22728299399425,-11.35902265033144,-1.5579807660468958,712.3030465522236,49.810349339306846,1430.030216612281,16.713952445876203,-37.48475617558586
9400,-315.3762461546138,-31.53762461546138,-33.103416214671256,-4.6122562438177255,745.4064627668948,52.125224635654966,1430.030216612281,16.713952445876203,-70.58817239025711
9401,-301.90767569309514,-30.190767569309518,13.468570461518652,1.967295231266597,731.9378923053762,51.18338646293261,1430.030216612281,16.713952445876203,-70.58817239025711
9402,-305.6399144964611,-30.56399144964611,-3.732238803365931,-0.5346339837028702,735.6701311087421,51.44437666859467,1430.030216612281,16.713952445876203,-70.58817239025711
9403,-302.06998193332913,-30.20699819333291,3.5699325631319425,0.5141327443300758,732.1001985456102,51.19473630983434,1430.030216612281,16.713952445876203,-70.58817239025711
9404,-297.85088631095493,-29.78508863109549,4.219095622374198,0.6045155693491289,727.881102923236,50.8997008921654,1430.030216612281,16.713952445876203,-70.58817239025711
9405,-276.59328766393014,-27.65932876639301,21.257598647024793,3.027504875045528,706.6235042762112,49.41318694301377,1430.030216612281,16.713952445876203,-70.58817239025711
9406,-282.75962485725756,-28.27596248572576,-6.166337193327422,-0.8524025403931823,712.7898414695386,49.84439022261547,1430.030216612281,16.713952445876203,-70.58817239025711
9407,-305.15311957914605,-30.515311957914605,-22.393494721888487,-3.122174308359571,735.1833361914271,51.410335785286044,1430.030216612281,16.713952445876203,-70.58817239025711
9408,-282.43507427848306,-28.243507427848304,22.718045300662993,3.2695038203097493,712.4652908907641,49.82169485751029,1430.030216612281,16.713952445876203,-70.58817239025711
9409,-281.46148444385324,-28.14614844438532,0.97358983462982,0.13567968552126164,711.4917010561343,49.75361309089306,1430.030216612281,16.713952445876203,-70.58817239025711
9410,-312.6175971858778,-31.26175971858778,-31.15611274202456,-4.336039344795573,742.6478137981588,51.93231619661015,1430.030216612281,16.713952445876203,-70.58817239025711
9411,-336.6337828999451,-33.66337828999452,-24.01618571406732,-3.493861003096066,766.6639995122262,53.61173425610831,1430.030216612281,16.713952445876203,-91.84570913558844
9412,-331.603403683175,-33.1603403683175,5.030379216770143,0.7583110334983267,761.633620295456,53.259966918723855,1430.030216612281,16.713952445876203,-91.84570913558844
9413,-329.6561002105284,-32.96561002105284,1.9473034726465812,0.29133952557165443,759.6863168228094,53.12379472809283,1430.030216612281,16.713952445876203,-91.84570913558844
9414,-307.7494623076482,-30.774946230764822,21.90663790288022,3.2679700538425394,737.7796789199292,51.591894377429135,1430.030216612281,16.713952445876203,-91.84570913558844
9415,-302.06998193332913,-30.20699819333291,5.679480374319041,0.8204371199554306,732.1001985456102,51.19473630983434,1430.030216612281,16.713952445876203,-91.84570913558844
9416,-298.8245380472782,-29.882453804727827,3.245443886050907,0.4650099296547028,728.8547546595593,50.96778698748091,1430.030216612281,16.713952445876203,-91.84570913558844
9417,-284.54462208967016,-28.454462208967012,14.279915957608068,2.036568124879845,714.5748387019512,49.969212566344765,1430.030216612281,16.713952445876203,-91.84570913558844
9418,-289.0882063891254,-28.908820638912538,-4.543584299455233,-0.6350618696481014,719.1184230014064,50.286939020420604,1430.030216612281,16.713952445876203,-91.84570913558844
9419,-290.0618581254487,-29.00618581254487,-0.9736517363232906,-0.13695816345624667,720.0920747377297,50.35502511573612,1430.030216612281,16.713952445876203,-91.84570913558844
9420,-289.7373075466743,-28.973730754667425,0.3245505787743923,0.045715332031237566,719.7675241589553,50.33232975063095,1430.030216612281,16.713952445876203,-91.84570913558844
9421,-290.8732036215381,-29.08732036215381,-1.1358960748638083,-0.15992619166583788,720.9034202338191,50.41176136414991,1430.030216612281,16.713952445876203,-91.84570913558844
9422,-310.3458050361502,-31.034580503615018,-19.472601414612086,-2.745997121256649,740.3760216484312,51.77345296957223,1430.030216612281,16.713952445876203,-91.84570913558844
9423,-308.885358382512,-30.888535838251197,1.4604466536382006,0.21176506491267233,738.915574994793,51.671325990948105,1430.030216612281,16.713952445876203,-91.84570913558844
9424,-320.73117595015844,-32.073117595015844,-11.845817567646463,-1.7140162940149084,750.7613925624395,52.4996873381446,1430.030216612281,16.713952445876203,-91.84570913558844
9425,-316.1875916507032,-31.61875916507032,4.543584299455233,0.668893395160719,746.2178082629842,52.18196088406876,1430.030216612281,16.713952445876203,-91.84570913558844
9426,-316.1875916507032,-31.61875916507032,0.0,0.0,746.2178082629842,52.18196088406876,1430.030216612281,16.713952445876203,-91.84570913558844
9427,-329.9806507893028,-32.99806507893028,-13.793059138599574,-2.0170823123692116,760.0108674015838,53.146490093198,1430.030216612281,16.713952445876203,-91.84570913558844
9428,-336.1469879826302,-33.61469879826302,-6.166337193327422,-0.9203222564529767,766.1772045949112,53.57769337279969,1430.030216612281,16.713952445876203,-91.84570913558844
9429,-332.9015440965793,-33.29015440965794,3.245443886050907,0.4888798916778958,762.9317607088603,53.350744050446266,1430.030216612281,16.713952445876203,-91.84570913558844
9430,-345.07191224300016,-34.507191224300016,-12.170368146420856,-1.8243736046336778,775.1021288552812,54.20180076274793,1430.030216612281,16.713952445876203,-100.28383847864347
9431,-341.66422401840873,-34.16642240184087,3.407688224591425,0.5203148694175042,771.6944406306898,53.96350592219105,1430.030216612281,16.713952445876203,-100.28383847864347
9432,-316.9989371467925,-31.69989371467925,24.665286871616217,3.7466119526680552,747.0291537590736,52.23869713248255,1430.030216612281,16.713952445876203,-100.28383847864347
9433,-310.9949061936991,-31.099490619369906,6.004030953093434,0.8790661215096529,741.0251228059801,51.818843699782576,1430.030216612281,16.713952445876203,-100.28383847864347
9434,-304.50401842159727,-30.450401842159724,6.490887772101814,0.9420667322274756,734.5342350338783,51.36494505507571,1430.030216612281,16.713952445876203,-100.28383847864347
9435,-307.42491172887367,-30.742491172887366,-2.920893307276401,-0.4199727079152282,737.4551283411547,51.56919901232396,1430.030216612281,16.713952445876203,-100.28383847864347
9436,-286.00506874330847,-28.600506874330843,21.419842985565197,3.092782768007951,716.0352853555895,50.07133954496889,1430.030216612281,16.713952445876203,-100.28383847864347
9437,-289.0882063891254,-28.908820638912538,-3.083137645816919,-0.4318150607022342,719.1184230014064,50.286939020420604,1430.030216612281,16.713952445876203,-100.28383847864347
9438,-292.9827514327252,-29.298275143272523,-3.8945450435998055,-0.5478239464587586,723.0129680450062,50.55927907298439,1430.030216612281,16.713952445876203,-100.28383847864347
9439,-325.59931082838807,-32.55993108283881,-32.616559395662875,-4.6132621886889265,755.6295274406691,52.84010915732561,1430.030216612281,16.713952445876203,-100.28383847864347
9440,-315.8630410719287,-31.586304107192873,9.736269756459365,1.4436921421920212,745.8932576842097,52.15926551896358,1430.030216612281,16.713952445876203,-100.28383847864347
9441,-300.12267846068255,-30.01226784606825,15.740362611246155,2.30076191701567,730.1528950729636,51.05856411920332,1430.030216612281,16.713952445876203,-100.28383847864347
9442,-297.0395408148655,-29.70395408148655,3.0831376458170325,0.44052543937784794,727.0697574271466,50.84296464375161,1430.030216612281,16.713952445876203,-100.28383847864347
9443,-277.4046950617129,-27.740469506171294,19.634845753152604,2.793165034618461,707.434911673994,49.469927520125836,1430.030216612281,16.713952445876203,-100.28383847864347
9444,-262.63798418679005,-26.26379841867901,14.766710874922865,2.043565848546991,692.6682007990711,48.43731221568108,1430.030216612281,16.713952445876203,-100.28383847864347
9445,-262.80022852533045,-26.280022852533047,-0.162244338540404,-0.02200334910952284,692.8304451376115,48.448657733884524,1430.030216612281,16.713952445876203,-100.28383847864347
9446,-265.23432691529206,-26.5234326915292,-2.434098389961605,-0.3301816528093249,695.2645435275731,48.61887080782417,1430.030216612281,16.713952445876203,-100.28383847864347
9447,-276.6683041596666,-27.666830415966658,-11.433977244374546,-1.556139278577373,706.6985207719476,49.418432740960206,1430.030216612281,16.713952445876203,-100.28383847864347
9448,-276.6683041596666,-27.666830415966658,0.0,0.0,706.6985207719476,49.418432740960206,1430.030216612281,0.0,0.0
9449,-276.6683041596666,-27.666830415966658,0.0,0.0,706.6985207719476,49.418432740960206,1430.030216612281,0.0,0.0
9450,-276.6683041596666,-27.666830415966658,0.0,0.0,706.6985207719476,49.418432740960206,1430.030216612281,0.0,0.0
9451,-276.6683041596666,-27.666830415966658,0.0,0.0,706.6985207719476,49.418432740960206,1430.030216612281,0.0,0.0
9452,-276.6683041596666,-27.666830415966658,0.0,0.0,706.6985207719476,49.418432740960206,1430.030216612281,0.0,0.0
9453,-276.6683041596666,-27.666830415966658,0.0,0.0,706.6985207719476,49.418432740960206,1430.030216612281,0.0,0.0
9454,-276.6683041596666,-27.666830415966658,0.0,0.0,706.6985207719476,49.418432740960206,1430.030216612281,0.0,0.0
9455,-276.6683041596666,-27.666830415966658,0.0,0.0,706.6985207719476,49.418432740960206,1430.030216612281,0.0,0.0
9456,-276.6683041596666,-27.666830415966658,0.0,0.0,706.6985207719476,49.418432740960206,1430.030216612281,0.0,0.0
9457,-276.6683041596666,-27.666830415966658,0.0,0.0,706.6985207719476,49.418432740960206,1430.030216612281,0.0,0.0
9458,-276.6683041596666,-27.666830415966658,0.0,0.0,706.6985207719476,49.418432740960206,1430.030216612281,0.0,0.0
9459,-276.6683041596666,-27.666830415966658,0.0,0.0,706.6985207719476,49.418432740960206,1430.030216612281,0.0,0.0
9460,-276.6683041596666,-27.666830415966658,0.0,0.0,706.6985207719476,49.418432740960206,1430.030216612281,0.0,0.0
9461,-276.6683041596666,-27.666830415966658,0.0,0.0,706.6985207719476,49.418432740960206,1430.030216612281,0.0,0.0
9462,-276.6683041596666,-27.666830415966658,0.0,0.0,706.6985207719476,49.418432740960206,1430.030216612281,0.0,0.0
9463,-276.6683041596666,-27.666830415966658,0.0,0.0,706.6985207719476,49.418432740960206,1430.030216612281,0.0,0.0
9464,-276.6683041596666,-27.666830415966658,0.0,0.0,706.6985207719476,49.418432740960206,1430.030216612281,0.0,0.0
9465,-276.6683041596666,-27.666830415966658,0.0,0.0,706.6985207719476,49.418432740960206,1430.030216612281,0.0,0.0
9466,-276.6683041596666,-27.666830415966658,0.0,0.0,706.6985207719476,49.418432740960206,1430.030216612281,0.0,0.0
9467,-276.6683041596666,-27.666830415966658,0.0,0.0,706.6985207719476,49.418432740960206,1430.030216612281,0.0,0.0
9468,-276.6683041596666,-27.666830415966658,0.0,0.0,706.6985207719476,49.418432740960206,1430.030216612281,0.0,0.0
9469,-276.6683041596666,-27.666830415966658,0.0,0.0,706.6985207719476,49.418432740960206,1430.030216612281,0.0,0.0
9470,-276.6683041596666,-27.666830415966658,0.0,0.0,706.6985207719476,49.418432740960206,1430.030216612281,0.0,0.0
9471,-276.6683041596666,-27.666830415966658,0.0,0.0,706.6985207719476,49.418432740960206,1430.030216612281,0.0,0.0
9472,-276.6683041596666,-27.666830415966658,0.0,0.0,706.6985207719476,49.418432740960206,1430.030216612281,0.0,0.0
9473,-276.6683041596666,-27.666830415966658,0.0,0.0,706.6985207719476,49.418432740960206,1430.030216612281,0.0,0.0
9474,-276.6683041596666,-27.666830415966658,0.0,0.0,706.6985207719476,49.418432740960206,1430.030216612281,0.0,0.0
9475,-276.6683041596666,-27.666830415966658,0.0,0.0,706.6985207719476,49.418432740960206,1430.030216612281,0.0,0.0
9476,-276.6683041596666,-27.666830415966658,0.0,0.0,706.6985207719476,49.418432740960206,1430.030216612281,0.0,0.0
9477,-276.6683041596666,-27.666830415966658,0.0,0.0,706.6985207719476,49.418432740960206,1430.030216612281,0.0,0.0
9478,-276.6683041596666,-27.666830415966658,0.0,0.0,706.6985207719476,49.418432740960206,1430.030216612281,0.0,0.0
9479,-276.6683041596666,-27.666830415966658,0.0,0.0,706.6985207719476,49.418432740960206,1430.030216612281,0.0,0.0
9480,-277.39091324642015,-27.73909132464202,-0.7226090867535504,-0.09990009990009652,707.4211298587012,49.46896377718302,1430.030216612281,0.0,0.0
9481,-276.2050489375598,-27.62050489375598,1.1858643088603458,0.16410869038305798,706.2352655498408,49.38603795540077,1430.030216612281,1.1858643088603458,0.0
9482,-276.2050489375598,-27.62050489375598,0.0,0.0,706.2352655498408,49.38603795540077,1430.030216612281,0.0,0.0
9483,-276.2050489375598,-27.62050489375598,0.0,0.0,706.2352655498408,49.38603795540077,1430.030216612281,0.0,0.0
9484,-276.2050489375598,-27.62050489375598,0.0,0.0,706.2352655498408,49.38603795540077,1430.030216612281,0.0,0.0
9485,-276.2050489375598,-27.62050489375598,0.0,0.0,706.2352655498408,49.38603795540077,1430.030216612281,0.0,0.0
9486,-276.2050489375598,-27.62050489375598,0.0,0.0,706.2352655498408,49.38603795540077,1430.030216612281,0.0,0.0
9487,-276.2050489375598,-27.62050489375598,0.0,0.0,706.2352655498408,49.38603795540077,1430.030216612281,0.0,0.0
9488,-276.928120816743,-27.6928120816743,-0.7230718791831805,-0.09990009990008542,706.958337429024,49.43660135404671,1430.030216612281,0.0,0.0
9489,-287.87445586632873,-28.787445586632877,-10.946335049585741,-1.5138654073990732,717.9046724786098,50.202063154953095,1430.030216612281,0.0,-10.946335049585741
9490,-282.63256799307,-28.263256799307,5.241887873258747,0.7360904150174319,712.662784605351,49.83550531496026,1430.030216612281,0.0,-10.946335049585741
9491,-286.1785423172786,-28.617854231727858,-3.5459743242086006,-0.4943037787885407,716.2087589295596,50.08347030779859,1430.030216612281,0.0,-10.946335049585741
9492,-282.9409212576584,-28.294092125765836,3.23762105962021,0.4535617449958007,712.9711378699394,49.85706802468529,1430.030216612281,0.0,-10.946335049585741
9493,-280.93665444401995,-28.093665444401992,2.0042668136384236,0.2795120894576453,710.966871056301,49.71691246780577,1430.030216612281,0.0,-10.946335049585741
9494,-286.1785423172786,-28.617854231727858,-5.241887873258634,-0.7289883298397859,716.2087589295596,50.08347030779859,1430.030216612281,0.0,-10.946335049585741
9495,-268.602817922344,-26.860281792234396,17.575724394934582,2.4622017460767642,698.633034534625,48.85442464213628,1430.030216612281,8.325302894398988,-10.946335049585741
9496,-271.4904707301288,-27.149047073012877,-2.887652807784775,-0.39481322577452627,701.5206873424098,49.0563541380476,1430.030216612281,8.325302894398988,-10.946335049585741
9497,-271.4904707301288,-27.149047073012877,0.0,0.0,701.5206873424098,49.0563541380476,1430.030216612281,0.0,0.0
9498,-271.4904707301288,-27.149047073012877,0.0,0.0,701.5206873424098,49.0563541380476,1430.030216612281,0.0,0.0
9499,-272.21825247765105,-27.221825247765107,-0.7277817475222719,-0.09990009990008542,702.2484690899321,49.10724689115644,1430.030216612281,0.0,0.0
9500,-270.99537712800725,-27.099537712800725,1.2228753496438003,0.16802775747082332,701.0255937402883,49.021732939392486,1430.030216612281,1.2228753496438003,0.0
9501,-259.0720071710324,-25.90720071710324,11.923369956974852,1.635568497494777,689.1022237833134,48.18794846278044,1430.030216612281,13.146245306618653,0.0
9502,-262.28217887830635,-26.228217887830642,-3.2101717072739575,-0.4332636556242164,692.3123954905874,48.4124312513245,1430.030216612281,13.146245306618653,0.0
9503,-258.4605986525537,-25.846059865255366,3.8215802257526548,0.5180273698610183,688.4908152648347,48.1451935257605,1430.030216612281,13.75765382509735,0.0
9504,-254.79185597824926,-25.479185597824927,3.66874267430444,0.4947468290475099,684.8220725905303,47.88864351502047,1430.030216612281,17.42639649940179,0.0
9505,-273.1354527243989,-27.31354527243989,-18.343596746149615,-2.4615400265424636,703.1656693366799,49.171385413272475,1430.030216612281,17.42639649940179,-0.9172002467478251
9506,-261.0592452159759,-26.10592452159759,12.076207508422954,1.6614109951690992,691.089461828257,48.326913221836456,1430.030216612281,17.42639649940179,-0.9172002467478251
9507,-254.18038914708404,-25.418038914708408,6.878856068891878,0.9309076572589836,684.2106057593651,47.84588450027645,1430.030216612281,18.037863330567006,-0.9172002467478251
9508,-235.68395484948633,-23.568395484948635,18.496434297597716,2.4800144738008845,665.7141714617674,46.552454887200476,1430.030216612281,36.53429762816472,-0.9172002467478251
9509,-228.95799464472896,-22.895799464472898,6.725960204757371,0.8799972534179634,658.98821125701,46.082117958188505,1430.030216612281,43.26025783292209,-0.9172002467478251
9510,-228.04079439798124,-22.80407943979812,0.9172002467477114,0.11895593759838619,658.0710110102623,46.01797943607248,1430.030216612281,44.177458079669805,-0.9172002467478251
9511,-236.90688851181676,-23.690688851181672,-8.866094113835516,-1.1485184773360135,666.9371051240978,46.63797291668852,1430.030216612281,44.177458079669805,-0.9172002467478251
9512,-227.88795684653326,-22.78879568465333,9.018931665283503,1.1818913746573845,657.9181734588143,46.00729172124852,1430.030216612281,44.33029563111779,-0.9172002467478251
9513,-220.39763394647605,-22.039763394647604,7.490322900057208,0.9701082849925768,650.4278505587571,45.483503984944484,1430.030216612281,51.820618531175,-0.9172002467478251
9514,-218.86902518124964,-21.886902518124963,1.5286087652264087,0.196075439453125,648.8992417935307,45.376610525808516,1430.030216612281,53.34922729640141,-0.9172002467478251
9515,-208.93289326921843,-20.89328932692184,9.936131912031215,1.2720186796249866,638.9631098814995,44.6817908082525,1430.030216612281,63.285359208432624,-0.9172002467478251
9516,-208.62715985363582,-20.86271598536358,0.30573341558260836,0.03864822756265429,638.6573764659169,44.66041130088049,1430.030216612281,63.59109262401523,-0.9172002467478251
9517,-189.2135253092904,-18.921352530929035,19.413634544345427,2.4531590622638655,619.2437419215714,43.302843165688486,1430.030216612281,83.00472716836066,-0.9172002467478251
9518,-190.4364589716207,-19.043645897162076,-1.2229336623303197,-0.15083301220544243,620.4666755839017,43.38836119517652,1430.030216612281,83.00472716836066,-0.9172002467478251
9519,-189.8249921404555,-18.982499214045546,0.6114668311652167,0.07553043092682898,619.8552087527365,43.3456021804325,1430.030216612281,83.00472716836066,-0.9172002467478251
9520,-202.81834158293964,-20.281834158293965,-12.993349442484146,-1.6037707058888628,632.8485581952207,44.254208816260466,1430.030216612281,83.00472716836066,-0.9172002467478251
9521,-197.4681525919607,-19.746815259196072,5.35018899097895,0.6711379940179008,627.4983692042417,43.8800776315605,1430.030216612281,83.00472716836066,-0.9172002467478251
9522,-197.4681525919607,-19.746815259196072,0.0,0.0,627.4983692042417,43.8800776315605,1430.030216612281,83.00472716836066,-0.9172002467478251
9523,-207.2513886398574,-20.725138863985737,-9.783236047896708,-1.2190464564732162,637.2816052521384,44.56420555656848,1430.030216612281,83.00472716836066,-0.9172002467478251
9524,-197.3153150405127,-19.73153150405127,9.936073599344695,1.253370041518842,627.3455316527937,43.86938991673654,1430.030216612281,83.00472716836066,-0.9172002467478251
9525,-209.39146423624902,-20.939146423624898,-12.07614919573632,-1.5044698649440136,639.4216808485301,44.71385803044846,1430.030216612281,83.00472716836066,-0.9172002467478251
9526,-210.92013131416195,-21.0920131314162,-1.528667077912928,-0.193353222076742,640.950347926443,44.82075556730852,1430.030216612281,83.00472716836066,-0.9172002467478251
9527,-192.57653456801233,-19.257653456801236,18.343596746149615,2.324681882544999,622.6067511802934,43.53801366905651,1430.030216612281,83.00472716836066,-0.9172002467478251
9528,-191.50649676981652,-19.150649676981658,1.0700377981958127,0.13252498150067016,621.5367133820976,43.46318743211652,1430.030216612281,83.00472716836066,-0.9172002467478251
9529,-187.37918312848137,-18.737918312848134,4.127313641335149,0.5104943484202762,617.4093997407624,43.174570199180515,1430.030216612281,84.83906934916968,-0.9172002467478251
9530,-205.11131304346577,-20.511131304346574,-17.732129914984398,-2.182091517572826,635.1415296557468,44.4145530826885,1430.030216612281,84.83906934916968,-0.9172002467478251
9531,-188.60205847812517,-18.860205847812516,16.509254565340598,2.076926598182083,618.6322750904062,43.260084150944465,1430.030216612281,84.83906934916968,-0.9172002467478251
9532,-191.96506773684712,-19.196506773684707,-3.363009258721945,-0.41447101189512336,621.9952843491282,43.49525465431249,1430.030216612281,84.83906934916968,-0.9172002467478251
9533,-189.0606877578423,-18.906068775784224,2.9043799790048297,0.35943742814066315,619.0909043701233,43.29215545086452,1430.030216612281,84.83906934916968,-0.9172002467478251
9534,-190.8950299386513,-19.089502993865125,-1.834342180809017,-0.22619968635350096,620.9252465509323,43.4204284173725,1430.030216612281,84.83906934916968,-0.9172002467478251
9535,-166.28404395477492,-16.628404395477492,24.61098598387639,3.041754394613383,596.314260567056,41.6994168123045,1430.030216612281,105.93420852287613,-0.9172002467478251
9536,-149.92768525356894,-14.992768525356892,16.356358701205977,1.9618622604745672,579.95790186585,40.55563967310852,1430.030216612281,122.29056722408211,-0.9172002467478251
9537,-151.15061891589926,-15.11506189158992,-1.2229336623303197,-0.14386230925483856,581.1808355281803,40.64115770259656,1430.030216612281,122.29056722408211,-0.9172002467478251
9538,-157.72374156920864,-15.772374156920865,-6.573122653309383,-0.7743567704454946,587.7539581814897,41.10080691678456,1430.030216612281,122.29056722408211,-0.9172002467478251
9539,-148.09334307275992,-14.80933430727599,9.63039849644872,1.143377650747368,578.123559685041,40.427366706600544,1430.030216612281,124.12490940489113,-0.9172002467478251
9540,-150.08058111770345,-15.008058111770339,-1.987238044943524,-0.23326945843002989,580.1107977299845,40.56633146565656,1430.030216612281,124.12490940489113,-0.9172002467478251
9541,-152.37349426554306,-15.237349426554303,-2.292913147839613,-0.26978006348589156,582.4037108778241,40.726671654360516,1430.030216612281,124.12490940489113,-0.9172002467478251
9542,-147.1761428260121,-14.717614282601211,5.197351439530962,0.6131652802701781,577.2063594382931,40.36322818448451,1430.030216612281,125.04210965163895,-0.9172002467478251
9543,-135.71140214875436,-13.571140214875433,11.464740677257737,1.3443269182511486,565.7416187610354,39.56151500779252,1430.030216612281,136.5068503288967,-0.9172002467478251
9544,-128.9854419439971,-12.898544194399708,6.725960204757257,0.778207675246323,559.0156585562781,39.09117807878056,1430.030216612281,143.23281053365395,-0.9172002467478251
9545,-128.06824169724928,-12.806824169724928,0.9172002467478251,0.10530251627423048,558.0984583095303,39.027039556664526,1430.030216612281,144.15001078040177,-0.9172002467478251
9546,-123.48235708888353,-12.348235708888355,4.585884608365745,0.5259453580739315,553.5125737011646,38.706355101532544,1430.030216612281,148.73589538876752,-0.9172002467478251
9547,-125.46959513382706,-12.546959513382705,-1.987238044943524,-0.22671968568065415,555.4998117461081,38.84531986058857,1430.030216612281,148.73589538876752,-0.9172002467478251
9548,-128.2211375613839,-12.822113756138387,-2.751542427556842,-0.3146308478523263,558.2513541736649,39.03773134921257,1430.030216612281,148.73589538876752,-0.9172002467478251
9549,-124.70529075121385,-12.470529075121384,3.5158468101700464,0.40329571656914087,554.7355073634949,38.79187313102058,1430.030216612281,148.73589538876752,-0.9172002467478251
9550,-122.71805270627033,-12.271805270627034,1.987238044943524,0.22703645114559023,552.7482693185514,38.652908371964564,1430.030216612281,149.50019977138072,-0.9172002467478251
9551,-125.92816610085765,-12.592816610085766,-3.2101133945873244,-0.3659158158320741,555.9583827131387,38.87738708278454,1430.030216612281,149.50019977138072,-0.9172002467478251
9552,-123.48235708888353,-12.348235708888355,2.44580901197412,0.2798178498743864,553.5125737011646,38.706355101532544,1430.030216612281,149.50019977138072,-0.9172002467478251
9553,-126.08106196499227,-12.608106196499225,-2.598704876108741,-0.29648061246979607,556.1112785772733,38.88807887533259,1430.030216612281,149.50019977138072,-0.9172002467478251
9554,-125.16386171824445,-12.516386171824445,0.9172002467478251,0.10495255415909899,555.1940783305255,38.82394035321656,1430.030216612281,149.50019977138072,-0.9172002467478251
9555,-127.91540414580129,-12.791540414580126,-2.751542427556842,-0.3145208922165743,557.9456207580823,39.01635184184056,1430.030216612281,149.50019977138072,-0.9172002467478251
9556,-135.09993531758926,-13.509993531758923,-7.184531171787967,-0.8238342020880141,565.1301519298703,39.5187559930485,1430.030216612281,149.50019977138072,-0.9172002467478251
9557,-113.85195859243481,-11.38519585924348,21.247976725154444,2.4566973217832633,543.8821752047158,38.03291489134853,1430.030216612281,158.36629388521624,-0.9172002467478251
9558,-123.32951953743543,-12.332951953743542,-9.477560945000619,-1.069523431992958,553.3597361497165,38.69566738670858,1430.030216612281,158.36629388521624,-0.9172002467478251
9559,-132.34845120271905,-13.23484512027191,-9.018931665283617,-1.0287709996263272,562.3786678150001,39.32634858214858,1430.030216612281,158.36629388521624,-0.9172002467478251
9560,-149.31621842240372,-14.931621842240371,-16.967767219684674,-1.955596949398064,579.3464350346848,40.512880658364494,1430.030216612281,158.36629388521624,-0.9172002467478251
9561,-158.79377936740434,-15.879377936740436,-9.477560945000619,-1.1141109246757264,588.8239959796854,41.17563315372455,1430.030216612281,158.36629388521624,-0.9172002467478251
9562,-155.4307701086824,-15.543077010868245,3.363009258721945,0.39978416424368834,585.4609867209634,40.94046265035652,1430.030216612281,158.36629388521624,-0.9172002467478251
9563,-145.49463819665118,-14.549463819665121,9.936131912031215,1.1764733500070568,575.5248548089322,40.2456429328005,1430.030216612281,158.36629388521624,-0.9172002467478251
9564,-133.87705996794546,-13.38770599679454,11.617578228705725,1.35956762216074,563.9072765802265,39.43324204128455,1430.030216612281,158.36629388521624,-0.9172002467478251
9565,-137.2400692266674,-13.724006922666742,-3.363009258721945,-0.38828312971337375,567.2702858389484,39.66841254465257,1430.030216612281,158.36629388521624,-0.9172002467478251
9566,-128.6797085284145,-12.867970852841449,8.560360698252907,0.9922065678896086,558.7099251406955,39.06979857140855,1430.030216612281,158.36629388521624,-0.9172002467478251
9567,-129.9026421907448,-12.990264219074476,-1.2229336623303197,-0.14035408956961648,559.9328588030259,39.15531660089658,1430.030216612281,158.36629388521624,-0.9172002467478251
9568,-145.1889630937551,-14.518896309375506,-15.286320903010278,-1.7568517782307058,575.2191797060361,40.224267503152575,1430.030216612281,158.36629388521624,-0.9172002467478251
9569,-149.01054331950763,-14.901054331950759,-3.821580225752541,-0.4470672535515807,579.0407599317887,40.49150522871657,1430.030216612281,158.36629388521624,-0.9172002467478251
9570,-147.32903869014672,-14.732903869014669,1.6815046293609157,0.1975940613788696,577.3592553024278,40.373919977032564,1430.030216612281,158.36629388521624,-0.9172002467478251
9571,-130.3612131577754,-13.036121315777539,16.967825532371307,1.9899616971012835,560.3914297700564,39.18738382309255,1430.030216612281,158.36629388521624,-0.9172002467478251
9572,-132.95985972119763,-13.295985972119762,-2.5986465634222213,-0.2988190732451379,562.9900763334787,39.36910351916851,1430.030216612281,158.36629388521624,-0.9172002467478251
9573,-126.69247048347086,-12.669247048347088,6.267389237726775,0.7228487986394194,556.7226870957519,38.930833812352525,1430.030216612281,158.36629388521624,-0.9172002467478251
9574,-120.73081466132669,-12.073081466132674,5.9616558221441665,0.6826525159407071,550.7610312736077,38.513943612908534,1430.030216612281,158.36629388521624,-0.9172002467478251
9575,-141.52022041945054,-14.152022041945056,-20.78940575812385,-2.364396035341132,571.5504370317316,39.96771749241254,1430.030216612281,158.36629388521624,-0.9172002467478251
9576,-134.33563093497605,-13.433563093497602,7.184589484474486,0.8368967627851331,564.3658475472571,39.46530926348052,1430.030216612281,158.36629388521624,-0.9172002467478251
9577,-118.13216809790458,-11.813216809790461,16.20346283707147,1.871795053153491,548.1623847101856,38.33222391683259,1430.030216612281,158.36629388521624,-0.9172002467478251
9578,-120.73081466132669,-12.073081466132674,-2.5986465634221076,-0.2946752868643654,550.7610312736077,38.513943612908534,1430.030216612281,158.36629388521624,-0.9172002467478251
9579,-127.30393731463607,-12.730393731463607,-6.573122653309383,-0.7475665885843141,557.3341539269171,38.973592827096546,1430.030216612281,158.36629388521624,-0.9172002467478251
9580,-107.27883593912543,-10.727883593912546,20.025101375510644,2.2946249251877715,537.3090525514065,37.57326567716052,1430.030216612281,164.93941653852562,-0.9172002467478251
9581,-100.40003818292007,-10.040003818292009,6.878797756205358,0.7705426994599973,530.4302547952011,37.0922410333246,1430.030216612281,171.81821429473098,-0.9172002467478251
9582,-99.63567548762035,-9.96356754876203,0.7643626952997238,0.0849669550625487,529.6658920999014,37.03879022603253,1430.030216612281,172.5825769900307,-0.9172002467478251
9583,-99.02426696914165,-9.90242669691417,0.6114085184786973,0.06790679082158135,529.0544835814227,36.99603528901259,1430.030216612281,173.1939855085094,-0.9172002467478251
9584,-95.3555242948371,-9.535552429483706,3.6687426743045535,0.4071966136049987,525.3857409071181,36.739485278272554,1430.030216612281,176.86272818281395,-0.9172002467478251
9585,-97.95422917094584,-9.795422917094587,-2.598704876108741,-0.2872625595909506,527.9844457832269,36.9212090520726,1430.030216612281,176.86272818281395,-0.9172002467478251
9586,-102.69295133075968,-10.269295133075973,-4.738722159813847,-0.5253305667026864,532.7231679430407,37.252581222028546,1430.030216612281,176.86272818281395,-0.9172002467478251
9587,-104.83302692715131,-10.483302692715135,-2.1400755963916254,-0.2384998089077217,534.8632435394323,37.402233695908535,1430.030216612281,176.86272818281395,-0.9172002467478251
9588,-85.878021662523,-8.5878021662523,18.955005264628312,2.11748264120617,515.908238274804,36.076736860636586,1430.030216612281,186.34023081512805,-0.9172002467478251
9589,-64.01857810620334,-6.401857810620337,21.85944355631966,2.3913048886621935,494.0487947184844,34.54813674419259,1430.030216612281,208.1996743714477,-0.9172002467478251
9590,-63.25427372359013,-6.325427372359016,0.7643043826132043,0.08165807191629071,493.28449033587117,34.49469001462461,1430.030216612281,208.96397875406092,-0.9172002467478251
9591,-99.94140890320296,-9.994140890320292,-36.687135179612824,-3.9164454291609307,529.971625515484,37.06016973340454,1430.030216612281,208.96397875406092,-0.9172002467478251
9592,-134.79426021469317,-13.47942602146932,-34.85285131149021,-3.8722869440109497,564.8244768269742,39.497380563400576,1430.030216612281,208.96397875406092,-0.9172002467478251
9593,-151.76202743437784,-15.176202743437784,-16.967767219684674,-1.9611251335312496,581.7922440466589,40.683912639616494,1430.030216612281,208.96397875406092,-0.9172002467478251
9594,-130.66694657335802,-13.066694657335798,21.095080861019824,2.486929557894535,560.697163185639,39.20876333046457,1430.030216612281,208.96397875406092,-0.9172002467478251
9595,-122.10658587510511,-12.210658587510515,8.560360698252907,0.9847043851042514,552.1368024873861,38.61014935722054,1430.030216612281,208.96397875406092,-0.9172002467478251
9596,-135.09993531758926,-13.509993531758923,-12.993349442484146,-1.4800600202060088,565.1301519298703,39.5187559930485,1430.030216612281,208.96397875406092,-0.9172002467478251
9597,-127.76250828166667,-12.776250828166669,7.3374270359225875,0.8483554731397724,557.7927248939477,39.005660049292516,1430.030216612281,208.96397875406092,-0.9172002467478251
9598,-102.69295133075968,-10.269295133075973,25.069556950906986,2.874166404097034,532.7231679430407,37.252581222028546,1430.030216612281,208.96397875406092,-0.9172002467478251
9599,-115.53346322179573,-11.55334632217957,-12.840511891036044,-1.4310053520786736,545.5636798340768,38.15050014303253,1430.030216612281,208.96397875406092,-0.9172002467478251
9600,-121.0365480769093,-12.103654807690933,-5.5030848551135705,-0.6221925450293875,551.0667646891903,38.535323120280545,1430.030216612281,208.96397875406092,-0.9172002467478251
9601,-98.56563768942453,-9.85656376894245,22.470910387484764,2.556523862092397,528.5958543017056,36.963963989092534,1430.030216612281,208.96397875406092,-0.9172002467478251
9602,-99.17710452058975,-9.91771045205897,-0.6114668311652167,-0.06783265168612829,529.2073211328708,37.00672300383656,1430.030216612281,208.96397875406092,-0.9172002467478251
9603,-121.64801490807452,-12.164801490807452,-22.470910387484764,-2.494487040710258,551.6782315203556,38.57808213502457,1430.030216612281,208.96397875406092,-0.9172002467478251
9604,-113.69912104098682,-11.369912104098677,7.9488938670876905,0.9049781866498297,543.7293376532679,38.02222717652457,1430.030216612281,208.96397875406092,-0.9172002467478251
9605,-120.2722436942961,-12.027224369429613,-6.5731226533092695,-0.7416355787697726,550.3024603065771,38.481876390712564,1430.030216612281,208.96397875406092,-0.9172002467478251
9606,-125.46959513382706,-12.546959513382705,-5.197351439530962,-0.5907908898267089,555.4998117461081,38.84531986058857,1430.030216612281,208.96397875406092,-0.9172002467478251
9607,-136.1700314284716,-13.617003142847162,-10.700436294644533,-1.2235636674384098,566.2002480407526,39.59358630771258,1430.030216612281,208.96397875406092,-0.9172002467478251
9608,-131.88982192300182,-13.18898219230018,4.28020950546977,0.49549212937676224,561.9200385352829,39.29427728222852,1430.030216612281,208.96397875406092,-0.9172002467478251
9609,-118.59073906493518,-11.859073906493522,13.29908285806664,1.5319579465738142,548.6209556772162,38.36429113902856,1430.030216612281,208.96397875406092,-0.9172002467478251
9610,-100.24714231878545,-10.02471423187854,18.34359674614973,2.0811667813303236,530.2773589310665,37.081549240776546,1430.030216612281,208.96397875406092,-0.9172002467478251
9611,-108.04319863442515,-10.804319863442513,-7.796056315639703,-0.8664664134250377,538.0734152467062,37.62671648445259,1430.030216612281,208.96397875406092,-0.9172002467478251
9612,-110.94757861342998,-11.094757861342996,-2.9043799790048297,-0.3256189060454773,540.977795225711,37.829815687900556,1430.030216612281,208.96397875406092,-0.9172002467478251
9613,-104.98592279128582,-10.498592279128582,5.9616558221441665,0.6705629138095581,535.0161394035669,37.41292548845657,1430.030216612281,208.96397875406092,-0.9172002467478251
9614,-94.2854864966414,-9.428548649664137,10.700436294644419,1.1955606696171683,524.3157031089224,36.66465904133257,1430.030216612281,208.96397875406092,-0.9172002467478251
9615,-98.87137110500714,-9.88713711050071,-4.585884608365745,-0.5063278262625204,528.9015877172882,36.98534349646455,1430.030216612281,208.96397875406092,-0.9172002467478251
9616,-86.94805946071881,-8.694805946071881,11.923311644288333,1.3231531284173315,516.9782760729998,36.151563097576584,1430.030216612281,208.96397875406092,-0.9172002467478251
9617,-79.76346997624432,-7.976346997624429,7.184589484474486,0.7868763172696358,509.79368658852536,35.64915486864456,1430.030216612281,208.96397875406092,-0.9172002467478251
9618,-81.90354557263584,-8.190354557263579,-2.1400755963915117,-0.23255712271456064,511.9337621849169,35.79880734252454,1430.030216612281,208.96397875406092,-0.9172002467478251
9619,-66.31149125404295,-6.63114912540429,15.592054318592886,1.6983024216467468,496.341707866324,34.708476932896545,1430.030216612281,208.96397875406092,-0.9172002467478251
9620,-64.47714907323405,-6.44771490732341,1.8343421808089033,0.196461899619238,494.5073656855151,34.580203966388574,1430.030216612281,208.96397875406092,-0.9172002467478251
9621,-58.974064218120475,-5.897406421812046,5.5030848551135705,0.5882362840909705,489.0042808304015,34.19538098914056,1430.030216612281,213.24418825953057,-0.9172002467478251
9622,-60.80846471161601,-6.080846471161605,-1.8344004934955365,-0.1949362311646996,490.83868132389705,34.32365803337262,1430.030216612281,213.24418825953057,-0.9172002467478251
9623,-67.3815873649254,-6.738158736492538,-6.573122653309383,-0.6998703040153598,497.41180397720643,34.78330724756062,1430.030216612281,213.24418825953057,-0.9172002467478251
9624,-81.90354557263584,-8.190354557263579,-14.52195820771044,-1.5571168240909206,511.9337621849169,35.79880734252454,1430.030216612281,213.24418825953057,-0.9172002467478251
9625,-82.82074581938366,-8.282074581938371,-0.9172002467478251,-0.09990238414763208,512.8509624316647,35.86294586464058,1430.030216612281,213.24418825953057,-0.9172002467478251
9626,-90.31106871944075,-9.031106871944072,-7.490322900057095,-0.8166694641113303,520.3412853317218,36.3867336009446,1430.030216612281,213.24418825953057,-0.9172002467478251
9627,-85.26655483135778,-8.52665548313578,5.0445138880829745,0.5545317431731256,515.2967714436388,36.033977845892565,1430.030216612281,213.24418825953057,-0.9172002467478251
9628,-87.71236384333201,-8.771236384333204,-2.4458090119742337,-0.2673794234694604,517.742580455613,36.205009827144565,1430.030216612281,213.24418825953057,-0.9172002467478251
9629,-77.31766096427009,-7.731766096427006,10.394702879061924,1.1394106931946757,507.3478775765511,35.478122887392566,1430.030216612281,213.24418825953057,-0.9172002467478251
9630,-95.50842015897172,-9.550842015897176,-18.190759194701627,-1.971508332294758,525.5386367712528,36.750177070820605,1430.030216612281,213.24418825953057,-0.9172002467478251
9631,-86.6423260451362,-8.664232604513622,8.866094113835516,0.9802295910144032,516.6725426574172,36.130183590204574,1430.030216612281,213.24418825953057,-0.9172002467478251
9632,-67.3815873649254,-6.738158736492538,19.260738680210807,2.108783801729208,497.41180397720643,34.78330724756062,1430.030216612281,213.24418825953057,-0.9172002467478251
9633,-56.37541765469825,-5.637541765469822,11.006169710227141,1.180136437487822,486.4056342669793,34.0136612930646,1430.030216612281,215.8428348229528,-0.9172002467478251
9634,-58.51549325108988,-5.8515493251089845,-2.1400755963916254,-0.22679311629129062,488.5457098633709,34.16331376694458,1430.030216612281,215.8428348229528,-0.9172002467478251
9635,-48.88509475464116,-4.8885094754641205,9.63039849644872,1.022895058539408,478.9153113669222,33.48987355676057,1430.030216612281,223.3331577230099,-0.9172002467478251
9636,-48.27368623616246,-4.8273686236162465,0.6114085184786973,0.06428334947825576,478.3039028484435,33.44711861974063,1430.030216612281,223.9445662414886,-0.9172002467478251
9637,-53.92960864272402,-5.3929608642724,-5.655922406561558,-0.5942803434943245,483.95982525500506,33.8426293118126,1430.030216612281,223.9445662414886,-0.9172002467478251
9638,-55.76395082353304,-5.576395082353303,-1.834342180809017,-0.19389066580737246,485.7941674358141,33.97090227832058,1430.030216612281,223.9445662414886,-0.9172002467478251
9639,-60.65556884748139,-6.065556884748135,-4.891618023948354,-0.5180503358471311,490.6857854597624,34.312966240824565,1430.030216612281,223.9445662414886,-0.9172002467478251
9640,-67.84015833195599,-6.7840158331956,-7.1845894844746,-0.76485144811681,497.870374944237,34.81537446975659,1430.030216612281,223.9445662414886,-0.9172002467478251
9641,-75.48331878346107,-7.548331878346104,-7.643160451505082,-0.8199409704056859,505.5135353957421,35.34984992088459,1430.030216612281,223.9445662414886,-0.9172002467478251
9642,-82.82074581938366,-8.282074581938371,-7.3374270359225875,-0.7936500427734305,512.8509624316647,35.86294586464058,1430.030216612281,223.9445662414886,-0.9172002467478251
9643,-82.97358337083165,-8.29735833708316,-0.1528375514479876,-0.016663869222000027,513.0037999831127,35.87363357946454,1430.030216612281,223.9445662414886,-0.9172002467478251
9644,-77.01192754868748,-7.701192754868746,5.9616558221441665,0.6501073157803017,507.0421441609685,35.45674338002055,1430.030216612281,223.9445662414886,-0.9172002467478251
9645,-68.4516251631211,-6.845162516312109,8.560302385566388,0.9274553638414451,498.48184177540213,34.858133484500605,1430.030216612281,223.9445662414886,-0.9172002467478251
9646,-75.94188975049167,-7.594188975049166,-7.490264587370575,-0.8040660892873253,505.9721063627727,35.38191714308056,1430.030216612281,223.9445662414886,-0.9172002467478251
9647,-72.42604294032174,-7.242604294032173,3.5158468101699327,0.3804789732564151,502.4562595526028,35.13605892488857,1430.030216612281,223.9445662414886,-0.9172002467478251
9648,-85.57228824694039,-8.557228824694041,-13.146245306618653,-1.417271928191155,515.6025048592214,36.055357353264576,1430.030216612281,223.9445662414886,-0.9172002467478251
9649,-91.53394406908455,-9.153394406908454,-5.9616558221441665,-0.651954850615255,521.5641606813656,36.47224755270856,1430.030216612281,223.9445662414886,-0.9172002467478251
9650,-98.71853355355904,-9.871853355355908,-7.184589484474486,-0.7908484238425828,528.7487501658401,36.97465578164058,1430.030216612281,223.9445662414886,-0.9172002467478251
9651,-80.22209925596144,-8.022209925596147,18.496434297597602,2.052237285043157,510.2523158682425,35.68122616856462,1430.030216612281,223.9445662414886,-0.9172002467478251
9652,-66.15865370259496,-6.615865370259499,14.063445553366478,1.5290045066303604,496.188870314876,34.69778921807258,1430.030216612281,223.9445662414886,-0.9172002467478251
9653,-73.19034732293494,-7.3190347322934945,-7.031693620339979,-0.7529858951116242,503.220563935216,35.18950565445655,1430.030216612281,223.9445662414886,-0.9172002467478251
9654,-91.07537310205396,-9.107537310205394,-17.88502577911902,-1.9297409913091257,521.105589714335,36.44018033051259,1430.030216612281,223.9445662414886,-0.9172002467478251
9655,-88.17093481036261,-8.817093481036265,2.904438291691349,0.3195466604974495,518.2011514226436,36.23707704934054,1430.030216612281,223.9445662414886,-0.9172002467478251
9656,-88.01809725891462,-8.801809725891463,0.1528375514479876,0.016761645058571695,518.0483138711957,36.226389334516576,1430.030216612281,223.9445662414886,-0.9172002467478251
9657,-89.54670602414103,-8.954670602414105,-1.5286087652264087,-0.16761393626693044,519.5769226364221,36.33328279365254,1430.030216612281,223.9445662414886,-0.9172002467478251
9658,-82.05644143677046,-8.205644143677048,7.490264587370575,0.8226961928668786,512.0866580490515,35.80949913507259,1430.030216612281,223.9445662414886,-0.9172002467478251
9659,-77.9291277954353,-7.792912779543526,4.127313641335149,0.4496260802565377,507.95934440771634,35.52088190213659,1430.030216612281,223.9445662414886,-0.9172002467478251
9660,-106.51453155651222,-10.651453155651225,-28.58540376107692,-3.1001308709310504,536.5447481687933,37.51981894759254,1430.030216612281,223.9445662414886,-0.9172002467478251
9661,-111.10041616487797,-11.110041616487798,-4.585884608365745,-0.5132578839088131,541.130632777159,37.840503402724515,1430.030216612281,223.9445662414886,-0.9172002467478251
9662,-127.60967073021868,-12.760967073021867,-16.50925456534071,-1.8572687922872255,557.6398873424997,38.99497233446855,1430.030216612281,223.9445662414886,-0.9172002467478251
9663,-131.5840885074192,-13.158408850741921,-3.9744177772005287,-0.45557792697303867,561.6143051197002,39.27289777485651,1430.030216612281,223.9445662414886,-0.9172002467478251
9664,-133.11275558533225,-13.31127555853322,-1.5286670779130418,-0.17602937229531657,563.1429721976133,39.37979531171656,1430.030216612281,223.9445662414886,-0.9172002467478251
9665,-136.32286897991958,-13.632286897991964,-3.2101133945873244,-0.3703034524120685,566.3530855922006,39.604274022536536,1430.030216612281,223.9445662414886,-0.9172002467478251
9666,-130.16188418422007,-13.016188418422004,6.160984795699505,0.7133435139613731,560.1921007965011,39.17344502856641,1430.030216612281,223.9445662414886,-0.9172002467478251
9667,-130.16188418422007,-13.016188418422004,0.0,0.0,560.1921007965011,39.17344502856641,1430.030216612281,0.0,0.0
9668,-130.16188418422007,-13.016188418422004,0.0,0.0,560.1921007965011,39.17344502856641,1430.030216612281,0.0,0.0
9669,-130.16188418422007,-13.016188418422004,0.0,0.0,560.1921007965011,39.17344502856641,1430.030216612281,0.0,0.0
9670,-131.03085333088904,-13.103085333088904,-0.8689691466689737,-0.09990009990008542,561.0610699431701,39.234210817748654,1430.030216612281,0.0,0.0
9671,-122.52066157526735,-12.25206615752673,8.51019175562169,0.9793433734951895,552.5508781875484,38.63910508804022,1430.030216612281,8.51019175562169,0.0
9672,-110.76107451007385,-11.076107451007388,11.7595870651935,1.3401554373125846,540.7912911223549,37.81677371849393,1430.030216612281,20.26977882081519,0.0
9673,-101.16777065965573,-10.116777065965577,9.593303850418124,1.078821852645806,531.1979872719368,37.14592748468885,1430.030216612281,29.863082671233315,0.0
9674,-75.32772636210825,-7.532772636210828,25.84004429754748,2.8748462120135043,505.3579429743893,35.3389695618862,1430.030216612281,55.70312696878079,0.0
9675,-72.54256411115102,-7.254256411115101,2.785162250957228,0.3012053384059632,502.57278072343206,35.14420708633829,1430.030216612281,58.48828921973802,0.0
9676,-66.35330154787209,-6.635330154787211,6.18926256327893,0.6673365616339355,496.38351816015313,34.71140066788783,1430.030216612281,64.67755178301695,0.0
9677,-70.68574992705794,-7.0685749927057895,-4.332448379185848,-0.46403509875507787,500.715966539339,35.0143626842744,1430.030216612281,64.67755178301695,0.0
9678,-67.12694461198635,-6.712694461198632,3.558805315071595,0.3829496120168363,497.1571612242674,34.765500438307164,1430.030216612281,64.67755178301695,0.0
9679,-54.28430447717881,-5.42843044771788,12.842640134807539,1.3766760719083893,484.31452108945984,33.86743269221215,1430.030216612281,76.74654885371024,0.0
9680,-47.01192981910344,-4.70119298191034,7.272374658075364,0.7689810682538045,477.0421464313845,33.35888576966505,1430.030216612281,84.0189235117856,0.0
9681,-33.24088259224936,-3.3240882592249332,13.77104722685408,1.4450387846135504,463.2710992045304,32.395895822538094,1430.030216612281,97.78997073863968,0.0
9682,-15.44679699170922,-1.5446796991709255,17.794085600540143,1.8405914441492754,445.47701360399026,31.151580465153966,1430.030216612281,115.58405633917982,0.0
9683,-18.077254239916556,-1.8077254239916574,-2.6304572482073354,-0.26717268707978636,448.1074708521976,31.335524637637175,1430.030216612281,115.58405633917982,0.0
9684,-22.25499761635251,-2.2254997616352523,-4.177743376435956,-0.4254655872343638,452.28521422863355,31.62766835095905,1430.030216612281,115.58405633917982,0.0
9685,-8.329245386748426,-0.8329245386748396,13.925752229604086,1.4242724018690422,438.35946199902946,30.65386010076739,1430.030216612281,122.70160794414062,0.0
9686,-15.911030050323689,-1.5911030050323682,-7.581784663575263,-0.764546562284385,445.9412466626047,31.18404362944389,1430.030216612281,122.70160794414062,0.0
9687,-29.372608246495588,-2.937260824649557,-13.4615781961719,-1.36792288169435,459.4028248587766,32.12539284289353,1430.030216612281,122.70160794414062,0.0
9688,-34.3239946870458,-3.4323994687045833,-4.951386440550209,-0.5101222655178983,464.35421129932683,32.47163632663474,1430.030216612281,122.70160794414062,0.0
9689,-38.037564030049566,-3.803756403004954,-3.713569343003769,-0.3845564477705232,468.0677806423306,32.73132100321459,1430.030216612281,122.70160794414062,0.0
9690,-48.249805941832165,-4.824980594183215,-10.212241911782598,-1.061605061686799,478.2800225541132,33.4454487043743,1430.030216612281,122.70160794414062,0.0
9691,-46.70246078842126,-4.670246078842122,1.5473451534109017,0.16257891651307865,476.7326774007023,33.337245035987735,1430.030216612281,122.70160794414062,0.0
9692,-49.95179707281068,-4.995179707281072,-3.2493362843894147,-0.3408522681257242,479.9820136850917,33.564466548277665,1430.030216612281,122.70160794414062,0.0
9693,-41.28690031443898,-4.1286900314438935,8.664896758371697,0.9120481183664486,471.31711692672,32.95854251550452,1430.030216612281,122.70160794414062,0.0
9694,-35.09763775116005,-3.509763775116004,6.18926256327893,0.6455802643469566,465.1278543634411,32.525736097054065,1430.030216612281,122.70160794414062,0.0
9695,-42.060543378553234,-4.206054337855325,-6.962905627393184,-0.7216176371633298,472.0907599908343,33.012642285923846,1430.030216612281,122.70160794414062,0.0
9696,-62.95883231551761,-6.295883231551757,-20.898288936964377,-2.181587655932926,492.98904892779865,34.47403021284976,1430.030216612281,122.70160794414062,0.0
9697,-62.95883231551761,-6.295883231551757,0.0,0.0,492.98904892779865,34.47403021284976,1430.030216612281,0.0,0.0
9698,-62.95883231551761,-6.295883231551757,0.0,0.0,492.98904892779865,34.47403021284976,1430.030216612281,0.0,0.0
9699,-62.95883231551761,-6.295883231551757,0.0,0.0,492.98904892779865,34.47403021284976,1430.030216612281,0.0,0.0
9700,-62.95883231551761,-6.295883231551757,0.0,0.0,492.98904892779865,34.47403021284976,1430.030216612281,0.0,0.0
9701,-62.95883231551761,-6.295883231551757,0.0,0.0,492.98904892779865,34.47403021284976,1430.030216612281,0.0,0.0
9702,-62.95883231551761,-6.295883231551757,0.0,0.0,492.98904892779865,34.47403021284976,1430.030216612281,0.0,0.0
9703,-62.95883231551761,-6.295883231551757,0.0,0.0,492.98904892779865,34.47403021284976,1430.030216612281,0.0,0.0
9704,-63.89493737813939,-6.389493737813934,-0.9361050626217775,-0.09990009990009652,493.9251539904204,34.53949072212763,1430.030216612281,0.0,0.0
9705,-102.26688881409439,-10.22668888140944,-38.371951435955,-4.099107351100328,532.2971054263754,37.2227872700046,1430.030216612281,0.0,-38.371951435955
9706,-112.87579019536724,-11.28757901953672,-10.608901381272858,-1.1817433543537814,542.9060068076483,37.964652809489856,1430.030216612281,0.0,-48.980852817227856
9707,-112.87579019536724,-11.28757901953672,0.0,0.0,542.9060068076483,37.964652809489856,1430.030216612281,0.0,0.0
9708,-112.87579019536724,-11.28757901953672,0.0,0.0,542.9060068076483,37.964652809489856,1430.030216612281,0.0,0.0
9709,-112.87579019536724,-11.28757901953672,0.0,0.0,542.9060068076483,37.964652809489856,1430.030216612281,0.0,0.0
9710,-112.87579019536724,-11.28757901953672,0.0,0.0,542.9060068076483,37.964652809489856,1430.030216612281,0.0,0.0
9711,-112.87579019536724,-11.28757901953672,0.0,0.0,542.9060068076483,37.964652809489856,1430.030216612281,0.0,0.0
9712,-112.87579019536724,-11.28757901953672,0.0,0.0,542.9060068076483,37.964652809489856,1430.030216612281,0.0,0.0
9713,-112.87579019536724,-11.28757901953672,0.0,0.0,542.9060068076483,37.964652809489856,1430.030216612281,0.0,0.0
9714,-112.87579019536724,-11.28757901953672,0.0,0.0,542.9060068076483,37.964652809489856,1430.030216612281,0.0,0.0
9715,-112.87579019536724,-11.28757901953672,0.0,0.0,542.9060068076483,37.964652809489856,1430.030216612281,0.0,0.0
9716,-112.87579019536724,-11.28757901953672,0.0,0.0,542.9060068076483,37.964652809489856,1430.030216612281,0.0,0.0
9717,-112.87579019536724,-11.28757901953672,0.0,0.0,542.9060068076483,37.964652809489856,1430.030216612281,0.0,0.0
9718,-112.87579019536724,-11.28757901953672,0.0,0.0,542.9060068076483,37.964652809489856,1430.030216612281,0.0,0.0
9719,-112.87579019536724,-11.28757901953672,0.0,0.0,542.9060068076483,37.964652809489856,1430.030216612281,0.0,0.0
9720,-112.87579019536724,-11.28757901953672,0.0,0.0,542.9060068076483,37.964652809489856,1430.030216612281,0.0,0.0
9721,-112.87579019536724,-11.28757901953672,0.0,0.0,542.9060068076483,37.964652809489856,1430.030216612281,0.0,0.0
9722,-112.87579019536724,-11.28757901953672,0.0,0.0,542.9060068076483,37.964652809489856,1430.030216612281,0.0,0.0
9723,-112.87579019536724,-11.28757901953672,0.0,0.0,542.9060068076483,37.964652809489856,1430.030216612281,0.0,0.0
9724,-112.87579019536724,-11.28757901953672,0.0,0.0,542.9060068076483,37.964652809489856,1430.030216612281,0.0,0.0
9725,-112.87579019536724,-11.28757901953672,0.0,0.0,542.9060068076483,37.964652809489856,1430.030216612281,0.0,0.0
9726,-112.87579019536724,-11.28757901953672,0.0,0.0,542.9060068076483,37.964652809489856,1430.030216612281,0.0,0.0
9727,-112.87579019536724,-11.28757901953672,0.0,0.0,542.9060068076483,37.964652809489856,1430.030216612281,0.0,0.0
9728,-112.87579019536724,-11.28757901953672,0.0,0.0,542.9060068076483,37.964652809489856,1430.030216612281,0.0,0.0
9729,-112.87579019536724,-11.28757901953672,0.0,0.0,542.9060068076483,37.964652809489856,1430.030216612281,0.0,0.0
9730,-112.87579019536724,-11.28757901953672,0.0,0.0,542.9060068076483,37.964652809489856,1430.030216612281,0.0,0.0
9731,-112.87579019536724,-11.28757901953672,0.0,0.0,542.9060068076483,37.964652809489856,1430.030216612281,0.0,0.0
9732,-112.87579019536724,-11.28757901953672,0.0,0.0,542.9060068076483,37.964652809489856,1430.030216612281,0.0,0.0
9733,-112.87579019536724,-11.28757901953672,0.0,0.0,542.9060068076483,37.964652809489856,1430.030216612281,0.0,0.0
9734,-112.87579019536724,-11.28757901953672,0.0,0.0,542.9060068076483,37.964652809489856,1430.030216612281,0.0,0.0
9735,-112.87579019536724,-11.28757901953672,0.0,0.0,542.9060068076483,37.964652809489856,1430.030216612281,0.0,0.0
9736,-112.87579019536724,-11.28757901953672,0.0,0.0,542.9060068076483,37.964652809489856,1430.030216612281,0.0,0.0
9737,-112.87579019536724,-11.28757901953672,0.0,0.0,542.9060068076483,37.964652809489856,1430.030216612281,0.0,0.0
9738,-112.87579019536724,-11.28757901953672,0.0,0.0,542.9060068076483,37.964652809489856,1430.030216612281,0.0,0.0
9739,-112.87579019536724,-11.28757901953672,0.0,0.0,542.9060068076483,37.964652809489856,1430.030216612281,0.0,0.0
9740,-112.87579019536724,-11.28757901953672,0.0,0.0,542.9060068076483,37.964652809489856,1430.030216612281,0.0,0.0
9741,-112.87579019536724,-11.28757901953672,0.0,0.0,542.9060068076483,37.964652809489856,1430.030216612281,0.0,0.0
9742,-112.87579019536724,-11.28757901953672,0.0,0.0,542.9060068076483,37.964652809489856,1430.030216612281,0.0,0.0
9743,-112.87579019536724,-11.28757901953672,0.0,0.0,542.9060068076483,37.964652809489856,1430.030216612281,0.0,0.0
9744,-112.87579019536724,-11.28757901953672,0.0,0.0,542.9060068076483,37.964652809489856,1430.030216612281,0.0,0.0
9745,-112.87579019536724,-11.28757901953672,0.0,0.0,542.9060068076483,37.964652809489856,1430.030216612281,0.0,0.0
9746,-112.87579019536724,-11.28757901953672,0.0,0.0,542.9060068076483,37.964652809489856,1430.030216612281,0.0,0.0
9747,-112.87579019536724,-11.28757901953672,0.0,0.0,542.9060068076483,37.964652809489856,1430.030216612281,0.0,0.0
9748,-112.87579019536724,-11.28757901953672,0.0,0.0,542.9060068076483,37.964652809489856,1430.030216612281,0.0,0.0
9749,-112.87579019536724,-11.28757901953672,0.0,0.0,542.9060068076483,37.964652809489856,1430.030216612281,0.0,0.0
9750,-112.87579019536724,-11.28757901953672,0.0,0.0,542.9060068076483,37.964652809489856,1430.030216612281,0.0,0.0
9751,-112.87579019536724,-11.28757901953672,0.0,0.0,542.9060068076483,37.964652809489856,1430.030216612281,0.0,0.0
9752,-112.87579019536724,-11.28757901953672,0.0,0.0,542.9060068076483,37.964652809489856,1430.030216612281,0.0,0.0
9753,-112.87579019536724,-11.28757901953672,0.0,0.0,542.9060068076483,37.964652809489856,1430.030216612281,0.0,0.0
9754,-112.87579019536724,-11.28757901953672,0.0,0.0,542.9060068076483,37.964652809489856,1430.030216612281,0.0,0.0
9755,-112.87579019536724,-11.28757901953672,0.0,0.0,542.9060068076483,37.964652809489856,1430.030216612281,0.0,0.0
9756,-112.87579019536724,-11.28757901953672,0.0,0.0,542.9060068076483,37.964652809489856,1430.030216612281,0.0,0.0
9757,-112.87579019536724,-11.28757901953672,0.0,0.0,542.9060068076483,37.964652809489856,1430.030216612281,0.0,0.0
9758,-112.87579019536724,-11.28757901953672,0.0,0.0,542.9060068076483,37.964652809489856,1430.030216612281,0.0,0.0
9759,-112.87579019536724,-11.28757901953672,0.0,0.0,542.9060068076483,37.964652809489856,1430.030216612281,0.0,0.0
9760,-112.87579019536724,-11.28757901953672,0.0,0.0,542.9060068076483,37.964652809489856,1430.030216612281,0.0,0.0
9761,-112.87579019536724,-11.28757901953672,0.0,0.0,542.9060068076483,37.964652809489856,1430.030216612281,0.0,0.0
9762,-112.87579019536724,-11.28757901953672,0.0,0.0,542.9060068076483,37.964652809489856,1430.030216612281,0.0,0.0
9763,-112.87579019536724,-11.28757901953672,0.0,0.0,542.9060068076483,37.964652809489856,1430.030216612281,0.0,0.0
9764,-112.87579019536724,-11.28757901953672,0.0,0.0,542.9060068076483,37.964652809489856,1430.030216612281,0.0,0.0
9765,-112.87579019536724,-11.28757901953672,0.0,0.0,542.9060068076483,37.964652809489856,1430.030216612281,0.0,0.0
9766,-112.87579019536724,-11.28757901953672,0.0,0.0,542.9060068076483,37.964652809489856,1430.030216612281,0.0,0.0
9767,-112.87579019536724,-11.28757901953672,0.0,0.0,542.9060068076483,37.964652809489856,1430.030216612281,0.0,0.0
9768,-112.87579019536724,-11.28757901953672,0.0,0.0,542.9060068076483,37.964652809489856,1430.030216612281,0.0,0.0
9769,-112.87579019536724,-11.28757901953672,0.0,0.0,542.9060068076483,37.964652809489856,1430.030216612281,0.0,0.0
9770,-112.87579019536724,-11.28757901953672,0.0,0.0,542.9060068076483,37.964652809489856,1430.030216612281,0.0,0.0
9771,-112.87579019536724,-11.28757901953672,0.0,0.0,542.9060068076483,37.964652809489856,1430.030216612281,0.0,0.0
9772,-112.87579019536724,-11.28757901953672,0.0,0.0,542.9060068076483,37.964652809489856,1430.030216612281,0.0,0.0
9773,-112.87579019536724,-11.28757901953672,0.0,0.0,542.9060068076483,37.964652809489856,1430.030216612281,0.0,0.0
9774,-112.87579019536724,-11.28757901953672,0.0,0.0,542.9060068076483,37.964652809489856,1430.030216612281,0.0,0.0
9775,-112.87579019536724,-11.28757901953672,0.0,0.0,542.9060068076483,37.964652809489856,1430.030216612281,0.0,0.0
9776,-112.87579019536724,-11.28757901953672,0.0,0.0,542.9060068076483,37.964652809489856,1430.030216612281,0.0,0.0
9777,-112.87579019536724,-11.28757901953672,0.0,0.0,542.9060068076483,37.964652809489856,1430.030216612281,0.0,0.0
9778,-112.87579019536724,-11.28757901953672,0.0,0.0,542.9060068076483,37.964652809489856,1430.030216612281,0.0,0.0
9779,-112.87579019536724,-11.28757901953672,0.0,0.0,542.9060068076483,37.964652809489856,1430.030216612281,0.0,0.0
9780,-112.87579019536724,-11.28757901953672,0.0,0.0,542.9060068076483,37.964652809489856,1430.030216612281,0.0,0.0
9781,-112.87579019536724,-11.28757901953672,0.0,0.0,542.9060068076483,37.964652809489856,1430.030216612281,0.0,0.0
9782,-112.87579019536724,-11.28757901953672,0.0,0.0,542.9060068076483,37.964652809489856,1430.030216612281,0.0,0.0
9783,-112.87579019536724,-11.28757901953672,0.0,0.0,542.9060068076483,37.964652809489856,1430.030216612281,0.0,0.0
9784,-112.87579019536724,-11.28757901953672,0.0,0.0,542.9060068076483,37.964652809489856,1430.030216612281,0.0,0.0
9785,-112.87579019536724,-11.28757901953672,0.0,0.0,542.9060068076483,37.964652809489856,1430.030216612281,0.0,0.0
9786,-113.76202816720001,-11.376202816720005,-0.8862379718327702,-0.09990009990009652,543.792244779481,38.02662618330655,1430.030216612281,0.0,0.0
9787,-82.46199840761517,-8.246199840761514,31.300029759584845,3.53178612905225,512.4922150198962,35.83785916314287,1430.030216612281,31.300029759584845,0.0
9788,-77.99056558481732,-7.799056558481732,4.471432822797851,0.4873294419454721,508.02078219709836,35.52517816026234,1430.030216612281,35.771462582382696,0.0
9789,-77.45394725059941,-7.74539472505994,0.5366183342179056,0.05820095914292889,507.48416386288045,35.487653195545924,1430.030216612281,36.3080809166006,0.0
9790,-71.7305186957102,-7.173051869571023,5.72342855488921,0.6203948884537569,501.76073530799124,35.08742189354953,1430.030216612281,42.03150947148981,0.0
9791,-71.05067935020668,-7.105067935020671,0.6798393455035239,0.07323728283603614,501.0808959624877,35.03988168512554,1430.030216612281,42.711348816993336,0.0
9792,-71.97870064955691,-7.1978700649556915,-0.9280212993502346,-0.09990009990007431,502.00891726183795,35.1047769082173,1430.030216612281,0.0,0.0
9793,-99.59519631387695,-9.959519631387693,-27.61649566432004,-2.9758471797629915,529.625412926158,37.03595957439502,1430.030216612281,0.0,-27.61649566432004
9794,-78.07584815456107,-7.807584815456103,21.519348159315882,2.389963722008015,508.1060647668421,35.5311418503126,1430.030216612281,0.0,-27.61649566432004
9795,-89.37351790962327,-8.937351790962323,-11.297669755062202,-1.225444602188519,519.4037345219043,36.32117199260051,1430.030216612281,0.0,-27.61649566432004
9796,-98.69857105893084,-9.869857105893088,-9.325053149307564,-1.0240261328554379,528.7287876712119,36.97325983249235,1430.030216612281,0.0,-27.61649566432004
9797,-120.57651459372744,-12.057651459372742,-21.8779435347966,-2.427372556204732,550.6067312060085,38.503153626388894,1430.030216612281,0.0,-48.597813944170525
9798,-120.75588068958996,-12.075588068958998,-0.17936609586251961,-0.020395872846135088,550.786097301871,38.51569644497964,1430.030216612281,0.0,-48.777180040033045
9799,-110.71349997307664,-11.071349997307667,10.042380716513321,1.1421606918894822,540.7437165853577,37.813446898092195,1430.030216612281,0.0,-48.777180040033045
9800,-120.93517837733032,-12.093517837733037,-10.22167840425368,-1.149424668421728,550.9653949896114,38.528234479886706,1430.030216612281,0.0,-48.956477727773404
9801,-83.29736540452336,-8.329736540452338,37.637812972806955,4.2815742419689995,513.3275820168044,35.896275201293946,1430.030216612281,0.0,-48.956477727773404
9802,-83.29736540452336,-8.329736540452338,0.0,0.0,513.3275820168044,35.896275201293946,1430.030216612281,0.0,0.0
9803,-83.29736540452336,-8.329736540452338,0.0,0.0,513.3275820168044,35.896275201293946,1430.030216612281,0.0,0.0
9804,-83.29736540452336,-8.329736540452338,0.0,0.0,513.3275820168044,35.896275201293946,1430.030216612281,0.0,0.0
9805,-83.29736540452336,-8.329736540452338,0.0,0.0,513.3275820168044,35.896275201293946,1430.030216612281,0.0,0.0
9806,-83.29736540452336,-8.329736540452338,0.0,0.0,513.3275820168044,35.896275201293946,1430.030216612281,0.0,0.0
9807,-83.29736540452336,-8.329736540452338,0.0,0.0,513.3275820168044,35.896275201293946,1430.030216612281,0.0,0.0
9808,-84.2131522522709,-8.421315225227088,-0.9157868477475404,-0.09990009990007431,514.2433688645519,35.96031488640753,1430.030216612281,0.0,0.0
9809,-72.9964321244945,-7.299643212449447,11.216720127776398,1.2248177788710013,503.02664873677554,35.175945437603254,1430.030216612281,11.216720127776398,0.0
9810,-75.16745028593914,-7.516745028593919,-2.1710181614446356,-0.23419739002948914,505.1976668982202,35.327761681499666,1430.030216612281,11.216720127776398,0.0
9811,-62.86529009066953,-6.286529009066955,12.302160195269607,1.3302040676523852,492.89550670295057,34.46748893674514,1430.030216612281,21.34786216160137,0.0
9812,-60.00704571615722,-6.000704571615723,2.85824437451231,0.3049982403051654,490.03726232843826,34.26761593117443,1430.030216612281,24.20610653611368,0.0
9813,-60.00704571615722,-6.000704571615723,0.0,0.0,490.03726232843826,34.26761593117443,1430.030216612281,0.0,0.0
9814,-60.00704571615722,-6.000704571615723,0.0,0.0,490.03726232843826,34.26761593117443,1430.030216612281,0.0,0.0
9815,-60.946099616540664,-6.094609961654063,-0.9390539003834419,-0.09990009990009652,490.9763162288217,34.3332826485259,1430.030216612281,0.0,0.0
9816,-52.3502095016197,-5.235020950161973,8.595890114920962,0.9153777127607787,482.38042611390074,33.732184153188896,1430.030216612281,8.595890114920962,0.0
9817,-69.71738601480081,-6.971738601480082,-17.367176513181107,-1.8326576639717818,499.74760262708185,34.94664635905219,1430.030216612281,8.595890114920962,-8.771286398260145
9818,-68.31394806966898,-6.831394806966895,1.4034379451318273,0.15086146124130284,498.34416468195,34.84850591916299,1430.030216612281,8.595890114920962,-8.771286398260145
9819,-57.788431159598645,-5.778843115959864,10.525516910070337,1.1297278614682327,487.8186477718797,34.11247133836894,1430.030216612281,8.595890114920962,-8.771286398260145
9820,-47.61370681620667,-4.761370681620669,10.174724343391972,1.0798768217115118,477.6439234284877,33.400967187953455,1430.030216612281,13.332392800333992,-8.771286398260145
9821,-45.50861681811352,-4.550861681811358,2.105089998093149,0.22103321028024148,475.53883343039456,33.253761207713396,1430.030216612281,15.43748279842714,-8.771286398260145
9822,-44.45603835926465,-4.4456038359264705,1.0525784588488705,0.11027637099667587,474.4862549715457,33.180155877796494,1430.030216612281,16.49006125727601,-8.771286398260145
9823,-36.211074650231126,-3.62110746502311,8.244963709033527,0.8628555084871703,466.24129126251216,32.60359717202553,1430.030216612281,24.73502496630954,-8.771286398260145
9824,-14.458254937919946,-1.4458254937919968,21.75281971231118,2.257010756210631,444.488471550201,31.082453110899095,1430.030216612281,46.48784467862072,-8.771286398260145
9825,-14.458254937919946,-1.4458254937919968,0.0,0.0,444.488471550201,31.082453110899095,1430.030216612281,46.48784467862072,-8.771286398260145
9826,-4.283597514132566,-0.4283597514132542,10.17465742378738,1.0323923339387697,434.3138141264136,30.370953640077353,1430.030216612281,56.6625021024081,-8.771286398260145
9827,-14.10739545163699,-1.4107395451636973,-9.823797937504423,-0.9866060168315705,444.137612063918,31.057918000926794,1430.030216612281,56.6625021024081,-8.771286398260145
9828,-8.669240713262639,-0.8669240713262694,5.438154738374351,0.5515970718601215,438.6994573255437,30.677635495340493,1430.030216612281,56.6625021024081,-8.771286398260145
9829,0.9792278605071942,0.09792278605071925,9.648468573769833,0.9732844949461583,429.05098875177384,30.002931670086586,1430.030216612281,61.92532747704786,-8.771286398260145
9830,20.80228693845993,2.080228693845987,19.823059077952735,1.9803666775705775,409.2279296738211,28.61673305360467,1430.030216612281,81.7483865550006,-8.771286398260145
9831,45.36191562143017,4.5361915621430215,24.559628682970242,2.405914347687088,384.66830099085087,26.89931279229358,1430.030216612281,106.30801523797084,-8.771286398260145
9832,49.04583984799433,4.904583984799427,3.6839242265641587,0.35240658488828736,380.9843767642867,26.64170115697504,1430.030216612281,109.991939464535,-8.771286398260145
9833,49.74755882056024,4.974755882056026,0.7017189725659136,0.06689116394260619,380.2826577917208,26.592630937030435,1430.030216612281,110.69365843710091,-8.771286398260145
9834,52.55436779121919,5.255436779121925,2.806808970658949,0.2673794234694382,377.47584882106185,26.396354736845783,1430.030216612281,113.50046740775986,-8.771286398260145
9835,65.36043790232657,6.5360437902326485,12.806070111107374,1.216665903727221,364.66977870995447,25.50084428102865,1430.030216612281,126.30653751886723,-8.771286398260145
9836,69.74608110145664,6.974608110145675,4.385643199130072,0.4116581621676607,360.2841355108244,25.19416242576551,1430.030216612281,130.6921807179973,-8.771286398260145
9837,90.79718184120202,9.07971818412021,21.05110073974538,1.967859580104303,339.233034771079,23.722088584583666,1430.030216612281,151.74328145774268,-8.771286398260145
9838,89.2183476127309,8.921834761273084,-1.5788342284711234,-0.14474131898710718,340.81186899955014,23.832494239662157,1430.030216612281,151.74328145774268,-8.771286398260145
9839,60.974794703196494,6.097479470319644,-28.2435529095344,-2.593011123200095,369.05542190908454,25.80752613629179,1430.030216612281,151.74328145774268,-8.771286398260145
9840,87.4641171009207,8.746411710092072,26.48932239772421,2.4966966727173245,342.56609951136033,23.955165109929915,1430.030216612281,151.74328145774268,-8.771286398260145
9841,90.44632235491895,9.0446322354919,2.982205253998245,0.2742348190714061,339.5838942573621,23.746623694555975,1430.030216612281,151.74328145774268,-8.771286398260145
9842,85.8852828724498,8.58852828724499,-4.561039482469141,-0.41827271906600405,344.14493373983123,24.06557076500839,1430.030216612281,151.74328145774268,-8.771286398260145
9843,71.14951904658847,7.1149519046588505,-14.73576382586134,-1.357027676706457,358.88069756569257,25.096021985876305,1430.030216612281,151.74328145774268,-8.771286398260145
9844,75.53516224571854,7.553516224571855,4.385643199130072,0.40943333504306345,354.4950543665625,24.789340130613162,1430.030216612281,151.74328145774268,-8.771286398260145
9845,65.36043790232657,6.5360437902326485,-10.174724343391972,-0.9460150351706886,364.66977870995447,25.50084428102865,1430.030216612281,151.74328145774268,-8.771286398260145
9846,71.32491532992776,7.13249153299278,5.964477427601196,0.5598553518042282,358.7053012823533,25.083756770687017,1430.030216612281,151.74328145774268,-8.771286398260145
9847,75.35969904277476,7.535969904277473,4.034783712847002,0.3766162491987357,354.6705175695063,24.801610025396183,1430.030216612281,151.74328145774268,-8.771286398260145
9848,72.37749378877652,7.237749378877645,-2.982205253998245,-0.27732164936559167,357.6527228235045,25.010151440770123,1430.030216612281,151.74328145774268,-8.771286398260145
9849,72.53186306243356,7.253186306243364,0.15436927365703923,0.014395049742388366,357.4983535498475,24.999356614768285,1430.030216612281,151.74328145774268,-8.771286398260145
9850,72.53186306243356,7.253186306243364,0.0,0.0,357.4983535498475,24.999356614768285,1430.030216612281,0.0,0.0
9851,71.46040265977399,7.146040265977405,-1.071460402659568,-0.09990009990008542,358.56981395250705,25.074282332435832,1430.030216612281,0.0,0.0
9852,38.96955682176849,3.8969556821768503,-32.4908458380055,-3.0323888551878175,391.06065979051255,27.346321444656535,1430.030216612281,0.0,-32.4908458380055
9853,37.931625196571986,3.7931625196572005,-1.0379316251965065,-0.09990009990009652,392.09859141570905,27.41890254211442,1430.030216612281,0.0,0.0
9854,56.90483601099959,5.69048360109996,18.973210814427603,1.8279827258210979,373.12538060128145,26.092132618372887,1430.030216612281,18.973210814427603,0.0
9855,56.90483601099959,5.69048360109996,0.0,0.0,373.12538060128145,26.092132618372887,1430.030216612281,0.0,0.0
9856,55.848987023975724,5.584898702397578,-1.0558489870238645,-0.09990009990008542,374.1812295883053,26.165966651721163,1430.030216612281,0.0,0.0
9857,71.22714433128681,7.122714433128685,15.378157307311085,1.456473179053397,358.80307228099423,25.090593758990142,1430.030216612281,15.378157307311085,0.0
9858,71.05242208728305,7.105242208728302,-0.17472224400376035,-0.016310475787362222,358.977794524998,25.10281183955754,1430.030216612281,15.378157307311085,0.0
9859,86.60530163859767,8.66053016385977,15.552879551314618,1.4521118883242812,343.42491497368337,24.015220866259146,1430.030216612281,30.756314614621942,0.0
9860,74.89691141728417,7.489691141728416,-11.708390221313493,-1.0775200713319943,355.13330519499686,24.833972112582494,1430.030216612281,30.756314614621942,0.0
9861,65.98461039951394,6.5984610399513866,-8.912301017770233,-0.8291307680863169,364.0456062127671,25.457196776945413,1430.030216612281,30.756314614621942,0.0
9862,56.198498174418546,5.619849817441858,-9.786112225095394,-0.9180350381819968,373.8317184378625,26.141525828976114,1430.030216612281,30.756314614621942,0.0
9863,57.072309381743935,5.707230938174401,0.8738112073253888,0.08273172219386282,372.9579072305371,26.080421441308317,1430.030216612281,30.756314614621942,0.0
9864,52.70351999486047,5.270351999486045,-4.3687893868834635,-0.41329144166482035,377.32669661742057,26.385924733206096,1430.030216612281,30.756314614621942,-3.1454670291152524
9865,58.64507622751921,5.864507622751924,5.9415562326587406,0.5644092681183155,371.3851403847618,25.97044006976072,1430.030216612281,30.756314614621942,-3.1454670291152524
9866,79.96472310505328,7.9964723105053315,21.31964687753407,2.013861619562496,350.06549350722776,24.479587175194617,1430.030216612281,30.756314614621942,-3.1454670291152524
9867,79.4404897106067,7.944048971060669,-0.5242333944465827,-0.04854171467187918,350.58972690167434,24.51624607850706,1430.030216612281,30.756314614621942,-3.1454670291152524
9868,65.63509924907112,6.563509924907107,-13.80539046153558,-1.278939468468221,364.3951173632099,25.48163759969046,1430.030216612281,30.756314614621942,-3.1454670291152524
9869,67.2078660948464,6.72078660948463,1.572766845775277,0.14758962489913596,362.82235051743464,25.371656228142857,1430.030216612281,30.756314614621942,-3.1454670291152524
9870,65.46037700506736,6.546037700506746,-1.7474890897790374,-0.1637440226310849,364.5698396072137,25.493855680257855,1430.030216612281,30.756314614621942,-3.1454670291152524
9871,71.4019332377261,7.140193323772603,5.9415562326587406,0.5576515430221862,358.62828337455494,25.078371016812472,1430.030216612281,30.756314614621942,-3.1454670291152524
9872,59.34403186596933,5.934403186596926,-12.05790137175677,-1.125432108874247,370.6861847463117,25.9215630858809,1430.030216612281,30.756314614621942,-3.1454670291152524
9873,53.402475633310814,5.340247563331091,-5.941556232658513,-0.5608712612646505,376.6277409789702,26.33704774932626,1430.030216612281,30.756314614621942,-3.1454670291152524
9874,43.44164116421189,4.344164116421179,-9.960834469098927,-0.9455867723407785,386.58857544806915,27.033594881924337,1430.030216612281,30.756314614621942,-12.407345859763836
9875,34.354551240002365,3.4354551240002307,-9.087089924209522,-0.8708766801821977,395.6756653722787,27.66904228846493,1430.030216612281,30.756314614621942,-21.49443578397336
9876,7.4428592802526055,0.7442859280252678,-26.91169195974976,-2.601786005339035,422.58735733202843,29.550939023731342,1430.030216612281,30.756314614621942,-48.40612774372312
9877,25.966483616678715,2.5966483616678637,18.52362433642611,1.838677416370782,404.0637329956023,28.255608049515406,1430.030216612281,30.756314614621942,-48.40612774372312
9878,44.14066346509776,4.414066346509782,18.174179848419044,1.7714204253878263,385.8895531471833,26.984713236434228,1430.030216612281,30.756314614621942,-48.40612774372312
9879,35.75259584177411,3.575259584177415,-8.38806762332365,-0.8033465142030627,394.2776207705069,27.57127899748471,1430.030216612281,30.756314614621942,-48.40612774372312
9880,40.470896379100395,4.0470896379100285,4.718300537326286,0.45554320175191787,389.55932023318064,27.241334882841883,1430.030216612281,30.756314614621942,-48.40612774372312
9881,59.34403186596933,5.934403186596926,18.873135486868932,1.8139032578949221,370.6861847463117,25.9215630858809,1430.030216612281,30.756314614621942,-48.40612774372312
9882,42.39317437531872,4.239317437531875,-16.950857490650606,-1.600127718734834,387.6370422369623,27.106912688549222,1430.030216612281,30.756314614621942,-48.40612774372312
9883,75.77072262460933,7.577072262460938,33.37754824929061,3.202011397407034,354.2594939876717,24.77286772491471,1430.030216612281,30.756314614621942,-48.40612774372312
9884,77.34348947038461,7.734348947038461,1.572766845775277,0.14619907501647322,352.6867271418964,24.662886353367114,1430.030216612281,30.756314614621942,-48.40612774372312
9885,60.0430541668552,6.004305416685529,-17.30043530352941,-1.6058420988866007,369.98716244542584,25.87268144039079,1430.030216612281,30.756314614621942,-48.40612774372312
9886,81.53748995082856,8.153748995082854,21.49443578397336,2.027694601599639,348.4927266614525,24.36960580364702,1430.030216612281,30.756314614621942,-48.40612774372312
9887,87.65383508992659,8.765383508992652,6.11634513909803,0.5655231738084465,342.37638152235445,23.941898398023973,1430.030216612281,31.804848065950864,-48.40612774372312
9888,93.42060241614604,9.342060241614615,5.766767326219451,0.5302024541422812,336.609614196135,23.538636476756263,1430.030216612281,37.571615392170315,-48.40612774372312
9889,110.54624881323593,11.054624881323583,17.125646397089895,1.5662450807353734,319.4839677990451,22.341064131910272,1430.030216612281,54.69726178926021,-48.40612774372312
9890,92.89636902169946,9.289636902169951,-17.649879791536478,-1.589297141870294,337.1338475905816,23.575295380068706,1430.030216612281,54.69726178926021,-48.40612774372312
9891,94.46913586747473,9.446913586747474,1.572766845775277,0.1439081408224574,335.5610807448063,23.46531400852111,1430.030216612281,54.69726178926021,-48.40612774372312
9892,97.61466955902551,9.761466955902542,3.1455336915507814,0.28740268578315575,332.4155470532555,23.245351265425892,1430.030216612281,54.69726178926021,-48.40612774372312
9893,97.26515840858269,9.726515840858262,-0.3495111504428223,-0.03184279147646629,332.76505820369835,23.26979208817094,1430.030216612281,54.69726178926021,-48.40612774372312
9894,89.57604642370916,8.95760464237092,-7.689111984873534,-0.7007524048266878,340.4541701885719,23.807480865341603,1430.030216612281,54.69726178926021,-48.40612774372312
9895,91.84783557037053,9.184783557037047,2.2717891466613764,0.20850211916074723,338.1823810419105,23.64861784830388,1430.030216612281,54.69726178926021,-48.40612774372312
9896,82.41123449571819,8.24112344957182,-9.436601074652344,-0.8642780401467487,347.61898211656285,24.308506077589513,1430.030216612281,54.69726178926021,-48.40612774372312
9897,69.8291663919506,6.982916639195058,-12.582068103767597,-1.162411078413228,360.20105022033044,25.18835238836009,1430.030216612281,54.69726178926021,-48.40612774372312
9898,65.46037700506736,6.546037700506746,-4.368789386883236,-0.408363271831258,364.5698396072137,25.493855680257855,1430.030216612281,54.69726178926021,-48.40612774372312
9899,71.75144438816892,7.175144438816883,6.291067383101563,0.5904553110445354,358.2787722241121,25.053930194067426,1430.030216612281,54.69726178926021,-48.40612774372312
9900,56.198498174418546,5.619849817441858,-15.552946213750374,-1.4511710056643867,373.8317184378625,26.141525828976114,1430.030216612281,54.69726178926021,-48.40612774372312
9901,54.101497934196686,5.410149793419672,-2.0970002402218597,-0.19854224786783892,375.92871867808435,26.288166103836154,1430.030216612281,54.69726178926021,-48.40612774372312
9902,51.48019763709249,5.148019763709244,-2.6213002971041988,-0.24867627095126466,378.55001897518855,26.471469943618924,1430.030216612281,54.69726178926021,-48.40612774372312
9903,17.403693749351646,1.7403693749351579,-34.07650388774084,-3.2408127099605166,412.6265228629294,28.854391891133258,1430.030216612281,54.69726178926021,-48.40612774372312
9904,15.306626846693916,1.5306626846693927,-2.0970669026577298,-0.20611945047394054,414.7235897655871,29.0010368276036,1430.030216612281,54.69726178926021,-48.40612774372312
9905,40.470896379100395,4.0470896379100285,25.16426953240648,2.478489637220327,389.55932023318064,27.241334882841883,1430.030216612281,54.69726178926021,-48.40612774372312
9906,48.85896400242382,4.885896400242373,8.388067623323423,0.8061799376142487,381.1712526098572,26.654769121791418,1430.030216612281,54.69726178926021,-48.40612774372312
9907,60.39256531729825,6.039256531729831,11.533601314874431,1.099633192899696,369.6376512949828,25.848240617645722,1430.030216612281,54.69726178926021,-48.40612774372312
9908,59.34403186596933,5.934403186596926,-1.0485334513289217,-0.09888162984386106,370.6861847463117,25.9215630858809,1430.030216612281,54.69726178926021,-48.40612774372312
9909,50.606453092202855,5.06064530922028,-8.737578773766472,-0.8248103081654912,379.4237635200782,26.532569669676427,1430.030216612281,54.69726178926021,-48.40612774372312
9910,65.46037700506736,6.546037700506746,14.853923912864502,1.4138428208912757,364.5698396072137,25.493855680257855,1430.030216612281,54.69726178926021,-48.40612774372312
9911,52.87824223886423,5.287824223886428,-12.582134766203126,-1.1809106220890708,377.1519743734168,26.373706652638703,1430.030216612281,54.69726178926021,-48.40612774372312
9912,57.421753869751,5.742175386975101,4.543511630886769,0.43153248387253207,372.60846274253004,26.05598528017356,1430.030216612281,54.69726178926021,-48.40612774372312
9913,23.51997222601392,2.3519972226013985,-33.90178164373708,-3.2060794588034347,406.5102443862671,28.426689147120506,1430.030216612281,54.69726178926021,-48.40612774372312
9914,6.086254781679827,0.608625478167979,-17.433717444334093,-1.7033099419074493,423.9439618306012,29.645804466629926,1430.030216612281,54.69726178926021,-49.7627322422959
9915,6.086254781679827,0.608625478167979,0.0,0.0,423.9439618306012,29.645804466629926,1430.030216612281,0.0,0.0
9916,6.086254781679827,0.608625478167979,0.0,0.0,423.9439618306012,29.645804466629926,1430.030216612281,0.0,0.0
9917,6.086254781679827,0.608625478167979,0.0,0.0,423.9439618306012,29.645804466629926,1430.030216612281,0.0,0.0
9918,6.086254781679827,0.608625478167979,0.0,0.0,423.9439618306012,29.645804466629926,1430.030216612281,0.0,0.0
9919,6.086254781679827,0.608625478167979,0.0,0.0,423.9439618306012,29.645804466629926,1430.030216612281,0.0,0.0
9920,6.086254781679827,0.608625478167979,0.0,0.0,423.9439618306012,29.645804466629926,1430.030216612281,0.0,0.0
9921,6.086254781679827,0.608625478167979,0.0,0.0,423.9439618306012,29.645804466629926,1430.030216612281,0.0,0.0
9922,6.086254781679827,0.608625478167979,0.0,0.0,423.9439618306012,29.645804466629926,1430.030216612281,0.0,0.0
9923,6.086254781679827,0.608625478167979,0.0,0.0,423.9439618306012,29.645804466629926,1430.030216612281,0.0,0.0
9924,6.086254781679827,0.608625478167979,0.0,0.0,423.9439618306012,29.645804466629926,1430.030216612281,0.0,0.0
9925,6.086254781679827,0.608625478167979,0.0,0.0,423.9439618306012,29.645804466629926,1430.030216612281,0.0,0.0
9926,6.086254781679827,0.608625478167979,0.0,0.0,423.9439618306012,29.645804466629926,1430.030216612281,0.0,0.0
9927,6.086254781679827,0.608625478167979,0.0,0.0,423.9439618306012,29.645804466629926,1430.030216612281,0.0,0.0
9928,5.081173608071708,0.508117360807181,-1.0050811736081187,-0.09990009990010762,424.94904300420933,29.716088378251676,1430.030216612281,0.0,0.0
9929,-24.375307457745976,-2.4375307457745965,-29.456481065817684,-2.9307564243864936,454.405524070027,31.77593863341619,1430.030216612281,0.0,-29.456481065817684
9930,-28.907054778509746,-2.8907054778509744,-4.53174732076377,-0.4644969889963657,458.9372713907908,32.092837344235,1430.030216612281,0.0,-33.988228386581454
9931,-29.068876436925507,-2.906887643692546,-0.1618216584157608,-0.016663869222000027,459.09909304920654,32.10415330501233,1430.030216612281,0.0,-34.150050044997215
9932,-37.80872776162141,-3.7808727761621364,-8.739851324695906,-0.9001515259519977,467.83894437390245,32.715318805095286,1430.030216612281,0.0,-42.88990136969312
9933,7.508930667296113,0.7508930667296188,45.317658428917525,4.709838858077919,422.5212859449849,29.546318744643813,1430.030216612281,2.4277570592244047,-42.88990136969312
9934,2.3297732320156683,0.2329773232015775,-5.179157435280445,-0.5140557346573815,427.70044338026537,29.908489933414202,1430.030216612281,2.4277570592244047,-42.88990136969312
9935,12.040677988059883,1.2040677988059967,9.710904756044215,0.9688333136839145,417.98953862422115,29.229420033825004,1430.030216612281,6.959504379988175,-42.88990136969312
9936,10.866977473314478,1.0866977473314554,-1.1737005147454056,-0.11597365009859972,419.16323913896656,29.311495258607728,1430.030216612281,6.959504379988175,-42.88990136969312
9937,10.866977473314478,1.0866977473314554,0.0,0.0,419.16323913896656,29.311495258607728,1430.030216612281,0.0,0.0
9938,10.866977473314478,1.0866977473314554,0.0,0.0,419.16323913896656,29.311495258607728,1430.030216612281,0.0,0.0
9939,10.866977473314478,1.0866977473314554,0.0,0.0,419.16323913896656,29.311495258607728,1430.030216612281,0.0,0.0
9940,9.857120352961715,0.9857120352961823,-1.0098571203527626,-0.09990009990008542,420.1730962593193,29.382113145462252,1430.030216612281,0.0,0.0
9941,7.504717955773231,0.7504717955773232,-2.3524023971884844,-0.23294408186835813,422.5254986565078,29.54661333363039,1430.030216612281,0.0,-2.3524023971884844
9942,28.50840235660985,2.8508402356609785,21.00368440083662,2.0847231805974253,401.5218142556712,28.077855250280653,1430.030216612281,18.651282003648134,-2.3524023971884844
9943,15.06605715970602,1.5066057159706103,-13.44234519690383,-1.306974757435475,414.964159452575,29.017859527165697,1430.030216612281,18.651282003648134,-2.3524023971884844
9944,5.4900855452268615,0.5490085545226897,-9.575971614479158,-0.9433840829309204,424.5401310670542,29.68749374211008,1430.030216612281,18.651282003648134,-4.3670348077348535
9945,5.4900855452268615,0.5490085545226897,0.0,0.0,424.5401310670542,29.68749374211008,1430.030216612281,0.0,0.0
9946,5.4900855452268615,0.5490085545226897,0.0,0.0,424.5401310670542,29.68749374211008,1430.030216612281,0.0,0.0
9947,5.4900855452268615,0.5490085545226897,0.0,0.0,424.5401310670542,29.68749374211008,1430.030216612281,0.0,0.0
9948,4.485599945281706,0.44855999452817485,-1.0044855999451556,-0.09990009990008542,425.54461666699933,29.75773600610397,1430.030216612281,0.0,0.0
9949,0.0013574527482660415,0.00013574527482074217,-4.48424249253344,-0.44642177974255626,430.0288591595328,30.071312771156983,1430.030216612281,0.0,-4.48424249253344
9950,11.511038629700238,1.1511038629700154,11.509681176951972,1.1509665553124826,418.5191779825808,29.26645696858393,1430.030216612281,7.025438684418532,-4.48424249253344
9951,34.082102180467245,3.4082102180467144,22.571063550767008,2.2314203887823236,395.9481144318138,27.688094267672792,1430.030216612281,29.59650223518554,-4.48424249253344
9952,49.3287091221589,4.932870912215881,15.246606941691653,1.474409711718505,380.70150749012214,26.62192050682663,1430.030216612281,44.84310917687719,-4.48424249253344
9953,30.494685378055692,3.0494685378055664,-18.834023744103206,-1.794864047878697,399.53553123422535,27.93895727467345,1430.030216612281,44.84310917687719,-4.48424249253344
9954,13.155295089539663,1.315529508953972,-17.33939028851603,-1.6826278227873415,416.8749215227414,29.151476428960464,1430.030216612281,44.84310917687719,-4.48424249253344
9955,-6.874572269342025,-0.6874572269342072,-20.02986735888169,-1.9769789938384075,436.90478888162306,30.552136857404566,1430.030216612281,44.84310917687719,-11.36017221462373
9956,-14.796836643882443,-1.4796836643882427,-7.922264374540418,-0.797710354939074,444.8270532561635,31.106129652976968,1430.030216612281,44.84310917687719,-19.28243658916415
9957,8.222525710021387,0.8222525710021467,23.01936235390383,2.3365091800444215,421.80769090225965,29.496418047830865,1430.030216612281,44.84310917687719,-19.28243658916415
9958,8.222525710021387,0.8222525710021467,0.0,0.0,421.80769090225965,29.496418047830865,1430.030216612281,44.84310917687719,-19.28243658916415
9959,18.685986276447238,1.8685986276447242,10.463460566425852,1.0378126157275736,411.3442303358338,28.76472297979142,1430.030216612281,44.84310917687719,-19.28243658916415
9960,22.871324886247862,2.287132488624777,4.185338609800624,0.41085660018738146,407.1588917260332,28.472048142492135,1430.030216612281,44.84310917687719,-19.28243658916415
9961,20.18073377395831,2.018073377395835,-2.690591112289553,-0.26304297000296906,409.84948283832273,28.660197391440416,1430.030216612281,44.84310917687719,-19.28243658916415
9962,26.010328843598472,2.601032884359844,5.829595069640163,0.5714276771405791,404.01988776868257,28.25254201451766,1430.030216612281,44.84310917687719,-19.28243658916415
9963,25.71142496086577,2.571142496086587,-0.2989038827327022,-0.029132638759066243,404.31879165141527,28.27344394227138,1430.030216612281,44.84310917687719,-19.28243658916415
9964,24.5155813460874,2.4515581346087334,-1.1958436147783686,-0.11658675000368879,405.51463526619364,28.357067602868657,1430.030216612281,44.84310917687719,-19.28243658916415
9965,18.237573431386295,1.8237573431386211,-6.2780079147011065,-0.61277817819545,411.79264318089474,28.796079858817595,1430.030216612281,44.84310917687719,-19.28243658916415
9966,44.246544822236274,4.424654482223622,26.00897139084998,2.5543126741239375,385.78367179004476,26.97730910217829,1430.030216612281,44.84310917687719,-19.28243658916415
9967,50.972965581998324,5.0972965581998375,6.72642075976205,0.6441410597060715,379.0572510302827,26.506939967203163,1430.030216612281,46.48736563671662,-19.28243658916415
9968,44.99397559195381,4.499397559195373,-5.978989990044511,-0.568900455658583,385.0362410203272,26.925042320607183,1430.030216612281,46.48736563671662,-19.28243658916415
9969,46.63811800986946,4.663811800986939,1.6441424179156456,0.15733510970570297,383.3920986024116,26.810069755774908,1430.030216612281,46.48736563671662,-19.28243658916415
9970,52.019300234448565,5.201930023444867,5.381182224579106,0.5141397138116011,378.0109163778325,26.433771257878334,1430.030216612281,47.53370028916686,-19.28243658916415
9971,42.90119224512955,4.290119224512945,-9.118107989319014,-0.8667244020415743,387.1290243671515,27.07138771404803,1430.030216612281,47.53370028916686,-19.28243658916415
9972,45.74129231974757,4.574129231974755,2.8401000746180216,0.27232686046738674,384.28892429253347,26.87278351382727,1430.030216612281,47.53370028916686,-19.28243658916415
9973,39.91169725010741,3.991169725010746,-5.829595069640163,-0.5574605413838474,390.11851936217363,27.28043889075003,1430.030216612281,47.53370028916686,-19.28243658916415
9974,38.26744079026798,3.8267440790267893,-1.6442564598394256,-0.15811500766722553,391.76277582201305,27.395419430373497,1430.030216612281,47.53370028916686,-19.28243658916415
9975,39.46328440504635,3.946328440504643,1.1958436147783686,0.11517683862534156,390.5669322072347,27.31179576977622,1430.030216612281,47.53370028916686,-19.28243658916415
9976,37.22110613781774,3.7221106137817817,-2.24217826722861,-0.21570538381372462,392.8091104744633,27.468588139698326,1430.030216612281,47.53370028916686,-19.28243658916415
9977,37.6695189828788,3.7669518982878847,0.44841284506105694,0.04323213656254321,392.36069762940224,27.437231260672135,1430.030216612281,47.53370028916686,-19.28243658916415
9978,46.63811800986946,4.663811800986939,8.96859902699066,0.864302059848665,383.3920986024116,26.810069755774908,1430.030216612281,47.53370028916686,-19.28243658916415
9979,45.74129231974757,4.574129231974755,-0.8968256901218865,-0.08568632029446466,384.28892429253347,26.87278351382727,1430.030216612281,47.53370028916686,-19.28243658916415
9980,90.88341942128136,9.088341942128132,45.14212710153379,4.316758593456305,339.1467971909997,23.71605811200501,1430.030216612281,86.39781947599965,-19.28243658916415
9981,94.62034518602104,9.462034518602103,3.7369257647396807,0.34255958961426636,335.40987142626,23.454740153731905,1430.030216612281,90.13474524073933,-19.28243658916415
9982,84.00737565726718,8.400737565726724,-10.612969528753865,-0.9695571232005817,346.02284095501386,24.19689017304379,1430.030216612281,90.13474524073933,-19.28243658916415
9983,79.37362420240538,7.937362420240546,-4.633751454861795,-0.42746493787020334,350.65659240987566,24.520921889369273,1430.030216612281,90.13474524073933,-19.28243658916415
9984,82.51262815975588,8.25126281597559,3.1390039573504964,0.29081718201795503,347.51758845252516,24.301415761394807,1430.030216612281,90.13474524073933,-19.28243658916415
9985,85.6516321171066,8.565163211710658,3.139003957350724,0.2899738881279257,344.37858449517444,24.081909633420324,1430.030216612281,90.13474524073933,-19.28243658916415
9986,97.60984018104341,9.760984018104345,11.958208063936809,1.1014774638727687,332.4203764312376,23.24568897702989,1430.030216612281,93.1242402357617,-19.28243658916415
9987,83.70847177453447,8.370847177453445,-13.901368406508936,-1.266512735000258,346.32174483774656,24.217792100797514,1430.030216612281,93.1242402357617,-19.28243658916415
9988,90.43489253429652,9.043489253429659,6.72642075976205,0.6206854458512989,339.5953240779845,23.74742296582239,1430.030216612281,93.1242402357617,-19.28243658916415
9989,89.83708476883112,8.983708476883102,-0.5978077654654044,-0.05482287567633026,340.1931318434499,23.789226821329837,1430.030216612281,93.1242402357617,-19.28243658916415
9990,80.71897677951233,8.071897677951224,-9.118107989318787,-0.8366487172027925,349.3112398327687,24.426843277499515,1430.030216612281,93.1242402357617,-19.28243658916415
9991,75.93571636232218,7.593571636232221,-4.783260417190149,-0.44259983584669094,354.09450024995886,24.76132994509746,1430.030216612281,93.1242402357617,-19.28243658916415
9992,68.91027767790365,6.891027767790359,-7.025438684418532,-0.6529608207608506,361.1199389343774,25.252608982617502,1430.030216612281,93.1242402357617,-19.28243658916415
9993,64.72493906810291,6.472493906810284,-4.185338609800738,-0.39155191012785195,365.3052775441781,25.545283819916797,1430.030216612281,93.1242402357617,-19.28243658916415
9994,51.72039635171586,5.172039635171588,-13.00454271638705,-1.2213992778049576,378.3098202605652,26.45467318563206,1430.030216612281,93.1242402357617,-19.28243658916415
9995,64.57543010577456,6.45754301057746,12.855033754058695,1.22228624629237,365.4547865065065,25.55573877118926,1430.030216612281,93.1242402357617,-19.28243658916415
9996,74.29145990248276,7.429145990248265,9.716029796708199,0.9126671085902149,355.7387567097983,24.87631048472093,1430.030216612281,93.1242402357617,-19.28243658916415
9997,68.7607687155753,6.876076871557535,-5.530691186907461,-0.5148222240740408,361.26944789670574,25.263063933889967,1430.030216612281,93.1242402357617,-19.28243658916415
9998,73.99244197782627,7.399244197782617,5.231673262250979,0.4895083554141255,356.03777463445476,24.897220387265843,1430.030216612281,93.1242402357617,-19.28243658916415
9999,70.70392905814742,7.0703929058147486,-3.288512919678851,-0.3061951640574767,359.3262875541336,25.127181466512777,1430.030216612281,93.1242402357617,-19.28243658916415
10000,82.06421531469505,8.206421531469509,11.360286256547624,1.0610109805556434,347.966001297586,24.33277264042098,1430.030216612281,93.1242402357617,-19.28243658916415
10001,87.74430142200686,8.774430142200696,5.6800861073118085,0.5249305934823756,342.2859151902742,23.935572214770684,1430.030216612281,93.1242402357617,-19.28243658916415
10002,88.1928283089917,8.819282830899166,0.4485268869848369,0.04123458853322326,341.83738830328934,23.904207360953304,1430.030216612281,93.1242402357617,-19.28243658916415
10003,69.20918156063635,6.920918156063638,-18.98364674835534,-1.7445112901410265,360.8210350516447,25.23170705486378,1430.030216612281,93.1242402357617,-19.28243658916415
10004,70.10600725075824,7.010600725075822,0.8968256901218865,0.08387747744673657,359.9242093615228,25.168993296811415,1430.030216612281,93.1242402357617,-19.28243658916415
10005,73.84293301549792,7.384293301549794,3.7369257647396807,0.3492108014924833,356.1872835967831,24.90767533853831,1430.030216612281,93.1242402357617,-19.28243658916415
10006,65.47225579589644,6.547225579589644,-8.370677219601475,-0.7795066636137826,364.5579608163846,25.4930250131369,1430.030216612281,93.1242402357617,-19.28243658916415
10007,86.10015900409144,8.610015900409152,20.627903208194994,1.9360338193683102,343.9300576081896,24.05054477960294,1430.030216612281,93.1242402357617,-19.28243658916415
10008,100.7488441383939,10.074884413839392,14.648685134302468,1.3487416434718735,329.28137247388713,23.02618284905542,1430.030216612281,96.2632441931122,-19.28243658916415
10009,109.86695212771292,10.986695212771291,9.118107989319014,0.8283549910475863,320.1632644845681,22.38856639288573,1430.030216612281,105.38135218243121,-19.28243658916415
10010,150.5247226947895,15.052472269478944,40.65777056707657,3.663301307344269,279.50549391749155,19.545425730907677,1430.030216612281,146.03912274950778,-19.28243658916415
10011,133.78325421366253,13.378325421366256,-16.741468481126958,-1.4551159267498948,296.2469623986185,20.716133054896062,1430.030216612281,146.03912274950778,-19.28243658916415
10012,124.81465518667187,12.481465518667179,-8.96859902699066,-0.7910329415837802,305.21556142560917,21.34329455979329,1430.030216612281,146.03912274950778,-19.28243658916415
10013,127.80415018169424,12.780415018169421,2.989494995022369,0.2657766754049051,302.2260664305868,21.134243383091274,1430.030216612281,146.03912274950778,-19.28243658916415
10014,136.32433636362384,13.632433636362373,8.520186181929603,0.7554668229015515,293.7058802486572,20.538438757220234,1430.030216612281,146.03912274950778,-19.28243658916415
10015,141.55612366779883,14.155612366779891,5.231787304174986,0.4604132056977184,288.4740929444822,20.172587235804905,1430.030216612281,146.03912274950778,-19.28243658916415
10016,143.64879297269908,14.364879297269905,2.092669304900255,0.18331725103244434,286.38142363958195,20.026249817155264,1430.030216612281,146.03912274950778,-19.28243658916415
10017,155.9059049193686,15.590590491936851,12.25711194666951,1.0717548973063096,274.12431169291244,19.169127233011103,1430.030216612281,151.4203049740869,-19.28243658916415
10018,183.40962380773,18.340962380773007,27.50371888836139,2.379408113697634,246.62059280455105,17.245830888020766,1430.030216612281,178.92402386244828,-19.28243658916415
10019,177.13161589302877,17.71316158930287,-6.27800791470122,-0.530501678235562,252.89860071925227,17.684843143969715,1430.030216612281,178.92402386244828,-19.28243658916415
10020,186.99715465206532,18.699715465206523,9.865538759036554,0.8380998883928514,243.03306196021572,16.994959906228917,1430.030216612281,182.5115547067836,-19.28243658916415
10021,193.72357541182737,19.372357541182737,6.72642075976205,0.5666753903663446,236.30664120045367,16.5245907712538,1430.030216612281,189.23797546654566,-19.28243658916415
10022,158.4469870693299,15.844698706932991,-35.27658834249746,-2.955172291904118,271.58322954295113,18.991432935335276,1430.030216612281,189.23797546654566,-19.28243658916415
10023,151.57105734723973,15.157105734723974,-6.875929722090177,-0.593547205771161,278.4591592650413,19.47225702158285,1430.030216612281,189.23797546654566,-19.28243658916415
10024,153.51421768981163,15.351421768981165,1.9431603425719004,0.1687399427220848,276.5159989224694,19.336374554205676,1430.030216612281,189.23797546654566,-19.28243658916415
10025,153.81323561446834,15.381323561446836,0.2990179246567095,0.02592234409173333,276.2169809978127,19.315464651660744,1430.030216612281,189.23797546654566,-19.28243658916415
10026,143.49928401037096,14.349928401037104,-10.313951604097383,-0.8939013079187541,286.5309326019101,20.03670476842771,1430.030216612281,189.23797546654566,-19.28243658916415
10027,112.85644712273506,11.285644712273513,-30.642836887635895,-2.679742551317421,317.173769489546,22.179515216183727,1430.030216612281,189.23797546654566,-19.28243658916415
10028,108.37220463020185,10.83722046302018,-4.4842424925332125,-0.4029488712697038,321.6580119820792,22.493091981236727,1430.030216612281,189.23797546654566,-19.28243658916415
10029,117.49031261952064,11.749031261952059,9.118107989318787,0.8226575830057925,312.5399039927604,21.85547552506705,1430.030216612281,189.23797546654566,-19.28243658916415
10030,147.98364054482818,14.798364054482827,30.49332792530754,2.7287330888647876,282.04657606745286,19.723120028583505,1430.030216612281,189.23797546654566,-19.28243658916415
10031,162.33342179639794,16.233342179639788,14.349781251569766,1.2499987582366145,267.6967948158831,18.719660025789704,1430.030216612281,189.23797546654566,-19.28243658916415
10032,161.43648206435228,16.143648206435234,-0.8969397320456665,-0.0771671635028337,268.59373454792876,18.78238175863326,1430.030216612281,189.23797546654566,-19.28243658916415
10033,163.37975644884818,16.337975644884818,1.9432743844959077,0.16731645806766782,266.65046016343285,18.64649131646488,1430.030216612281,189.23797546654566,-19.28243658916415
10034,169.05984255616,16.905984255616,5.6800861073118085,0.48824006742647086,260.97037405612105,18.24929089081458,1430.030216612281,189.23797546654566,-19.28243658916415
10035,161.28708714394793,16.1287087143948,-7.772755412212064,-0.6648723298216197,268.7431294683331,18.792828735114515,1430.030216612281,189.23797546654566,-19.28243658916415
10036,174.29151581841097,17.429151581841108,13.004428674463043,1.1198289224455094,255.73870079387007,17.88344734419046,1430.030216612281,189.23797546654566,-19.28243658916415
10037,196.26465756178868,19.62646575617888,21.97314174337771,1.8711828747279835,233.76555905049236,16.346896473577967,1430.030216612281,191.77905761650698,-19.28243658916415
10038,187.44556749712615,18.744556749712604,-8.819090064662532,-0.737218976496179,242.5846491151549,16.963603027202744,1430.030216612281,191.77905761650698,-19.28243658916415
10039,179.9717159676468,17.997171596764684,-7.4738515294793615,-0.6294058215428389,250.05850064463425,17.48623894374896,1430.030216612281,191.77905761650698,-19.28243658916415
10040,175.6368683955177,17.563686839551764,-4.334847572129092,-0.3673687693924288,254.39334821676334,17.789368732320717,1430.030216612281,191.77905761650698,-19.28243658916415
10041,171.00300289873212,17.100300289873218,-4.633865496785575,-0.3941578918930766,259.0272137135489,18.113408423437395,1430.030216612281,191.77905761650698,-19.28243658916415
10042,173.84310297334991,17.38431029733498,2.8401000746177942,0.24253567818248722,256.1871136389311,17.91480422321665,1430.030216612281,191.77905761650698,-19.28243658916415
10043,166.81766428893138,16.68176642889314,-7.025438684418532,-0.5984989532777485,263.21255232334966,18.40608326073669,1430.030216612281,191.77905761650698,-19.28243658916415
10044,191.6309061069269,19.163090610692677,24.813241817995504,2.1265740635763253,238.39931050535415,16.670928189903453,1430.030216612281,191.77905761650698,-19.28243658916415
10045,185.50229311263024,18.550229311263024,-6.128612994296645,-0.5143046360150949,244.5279234996508,17.099493469371126,1430.030216612281,191.77905761650698,-19.28243658916415
10046,195.81624471672762,19.581624471672754,10.313951604097383,0.8700068877148581,234.2139718955534,16.37825335260416,1430.030216612281,191.77905761650698,-19.28243658916415
10047,180.86854165776867,18.086854165776867,-14.94770305895895,-1.2499999999999845,249.16167495451236,17.423525185696594,1430.030216612281,191.77905761650698,-19.28243658916415
10048,164.27658213897007,16.427658213897,-16.591959518798603,-1.405064063736161,265.75363447331097,18.583777558412514,1430.030216612281,191.77905761650698,-19.28243658916415
10049,182.5127981176081,18.251279811760803,18.23621597863803,1.5663130443743123,247.51741849467294,17.30854464607313,1430.030216612281,191.77905761650698,-19.28243658916415
10050,192.67724075937713,19.267724075937707,10.164442641769028,0.8595630134362597,237.3529758529039,16.597759480578624,1430.030216612281,191.77905761650698,-19.28243658916415
10051,178.92538131519655,17.892538131519654,-13.751859444180582,-1.1530243870021994,251.1048352970845,17.559407653073784,1430.030216612281,191.77905761650698,-19.28243658916415
10052,182.81170200034057,18.281170200034058,3.886320685144028,0.32964942028888,247.21851461194046,17.28764271831942,1430.030216612281,191.77905761650698,-19.28243658916415
10053,169.20935151848835,16.920935151848827,-13.602350481852227,-1.1500013450026159,260.8208650937927,18.238835939542117,1430.030216612281,191.77905761650698,-19.28243658916415
10054,175.0389465881285,17.503894658812857,5.829595069640163,0.4985929219663676,254.99127002415253,17.831180562619355,1430.030216612281,191.77905761650698,-19.28243658916415
10055,165.3229167914203,16.53229167914203,-9.716029796708199,-0.8268687454930701,264.7072998208607,18.51060884908769,1430.030216612281,191.77905761650698,-19.28243658916415
10056,168.01350790370975,16.80135079037097,2.6905911122894395,0.23088802884763115,262.0167087085713,18.32245960013941,1430.030216612281,191.77905761650698,-19.28243658916415
10057,156.05529983977294,15.605529983977284,-11.958208063936809,-1.023807343238592,273.9749167725081,19.15868025652985,1430.030216612281,191.77905761650698,-19.28243658916415
10058,180.71903269544032,18.071903269544045,24.663732855667376,2.1334388466611953,249.31118391684072,17.43398013696906,1430.030216612281,191.77905761650698,-19.28243658916415
10059,208.67127847078632,20.867127847078628,27.952245775346,2.3673918181478237,221.35893814149472,15.47931893816136,1430.030216612281,204.1856785255046,-19.28243658916415
10060,204.4859398609858,20.448593986098572,-4.18533860980051,-0.34627600443155604,225.54427675129523,15.771993775460638,1430.030216612281,204.1856785255046,-19.28243658916415
10061,195.3678318716668,19.536783187166673,-9.118107989319014,-0.7570124056716976,234.66238474061424,16.40961023163033,1430.030216612281,204.1856785255046,-19.28243658916415
10062,190.58457145447687,19.058457145447694,-4.783260417189922,-0.400149668550176,239.44564515780417,16.744096899228264,1430.030216612281,204.1856785255046,-19.28243658916415
10063,183.85803665279082,18.385803665279088,-6.726534801686057,-0.5649774877788505,246.17217995949022,17.214474008994596,1430.030216612281,204.1856785255046,-19.28243658916415
10064,190.88347533720935,19.088347533720928,7.025438684418532,0.5934359075925988,239.1467412750717,16.723194971474555,1430.030216612281,204.1856785255046,-19.28243658916415
10065,188.34239318724804,18.834239318724812,-2.541082149961312,-0.21337789990257816,241.687823425033,16.900889269150383,1430.030216612281,204.1856785255046,-19.28243658916415
10066,189.83714068475933,18.983714068475944,1.4947474975112982,0.1257842441774848,240.1930759275217,16.796363680799367,1430.030216612281,204.1856785255046,-19.28243658916415
10067,191.6309061069269,19.163090610692677,1.793765422167553,0.15075722221407073,238.39931050535415,16.670928189903453,1430.030216612281,204.1856785255046,-19.28243658916415
10068,201.0479179789786,20.10479179789786,9.417011872051717,0.7902624733708175,228.98229863330243,16.012409805980035,1430.030216612281,204.1856785255046,-19.28243658916415
10069,200.7490140962459,20.07490140962458,-0.2989038827327022,-0.024886924015132816,229.28120251603514,16.033311733733758,1430.030216612281,204.1856785255046,-19.28243658916415
10070,209.11969131584738,20.91196913158473,8.370677219601475,0.6971213068954096,220.91052529643366,15.44796205913517,1430.030216612281,204.63409137056567,-19.28243658916415
10071,211.361869583076,21.13618695830759,2.24217826722861,0.18543890098989824,218.66834702920505,15.291169689213065,1430.030216612281,206.87626963779428,-19.28243658916415
10072,215.39769923054837,21.53976992305484,4.035829647472383,0.3331646594474158,214.63251738173267,15.008949803186237,1430.030216612281,210.91209928526666,-19.28243658916415
10073,214.05246069536565,21.405246069536553,-1.345238535182716,-0.11068299175112095,215.97775591691538,15.103020440264773,1430.030216612281,210.91209928526666,-19.28243658916415
10074,219.73254680267746,21.97325468026774,5.6800861073118085,0.46786166917849314,210.29766980960358,14.705820014614476,1430.030216612281,215.24694685739576,-19.28243658916415
10075,221.52631222484524,22.15263122248452,1.7937654221677803,0.1470621921887627,208.5039043874358,14.580384523718545,1430.030216612281,217.04071227956354,-19.28243658916415
10076,209.11969131584738,20.91196913158473,-12.406620908997866,-1.0156654658057152,220.91052529643366,15.44796205913517,1430.030216612281,217.04071227956354,-19.28243658916415
10077,233.3350113264537,23.333501132645363,24.21532001060632,2.0027231534252454,196.69520528582734,13.754618818600573,1430.030216612281,228.849411381172,-19.28243658916415
10078,220.1809596477383,22.01809596477382,-13.154051678715405,-1.0665432796372332,209.84925696454275,14.674463135588303,1430.030216612281,228.849411381172,-19.28243658916415
10079,211.0628516584195,21.106285165841943,-9.118107989318787,-0.7472750592626198,218.96736495386153,15.312079591757982,1430.030216612281,228.849411381172,-19.28243658916415
10080,226.90749444942435,22.690749444942426,15.844642791004844,1.3083253911477355,203.1227221628567,14.204086025821972,1430.030216612281,228.849411381172,-19.28243658916415
10081,208.97018235351902,20.897018235351904,-17.937312095905327,-1.4619938485219475,221.06003425876202,15.458417010407635,1430.030216612281,228.849411381172,-19.28243658916415
10082,207.77445278066466,20.777445278066466,-1.1957295728543613,-0.09890480264175272,222.25576383161638,15.542032696213703,1430.030216612281,228.849411381172,-19.28243658916415
10083,210.4650438929541,21.046504389295407,2.6905911122894395,0.2227726465065416,219.56517271932694,15.353883447265426,1430.030216612281,228.849411381172,-19.28243658916415
10084,154.56055234226187,15.456055234226195,-55.90449155069223,-4.618430894204007,275.46966427001917,19.263205844880847,1430.030216612281,228.849411381172,-19.28243658916415
10085,182.96121096266893,18.29612109626688,28.400658620407057,2.459867398274662,247.0690056496121,17.277187767046957,1430.030216612281,228.849411381172,-19.28243658916415
10086,171.75043366844966,17.175043366844967,-11.21077729421927,-0.9476876494619924,258.2797829438314,18.06114164186629,1430.030216612281,228.849411381172,-19.28243658916415
10087,177.72953770041795,17.7729537700418,5.979104031968291,0.5102711174809871,252.3006789118631,17.643031313671077,1430.030216612281,228.849411381172,-19.28243658916415
10088,181.46646346515786,18.146646346515794,3.736925764739908,0.317299145951333,248.56375314712318,17.381713355397956,1430.030216612281,228.849411381172,-19.28243658916415
10089,183.40962380773,18.340962380773007,1.9431603425721278,0.16447020737879736,246.62059280455105,17.245830888020766,1430.030216612281,228.849411381172,-19.28243658916415
10090,187.29605853479802,18.729605853479804,3.8864347270680355,0.3284099308372257,242.73415807748302,16.974057978475194,1430.030216612281,228.849411381172,-19.28243658916415
10091,195.51734083399515,19.55173408339952,8.221282299197128,0.6924374287355706,234.5128757782859,16.399155280357864,1430.030216612281,228.849411381172,-19.28243658916415
10092,179.9717159676468,17.997171596764684,-15.545624866348362,-1.3003261713881664,250.05850064463425,17.48623894374896,1430.030216612281,228.849411381172,-19.28243658916415
10093,164.87450394635925,16.48745039463593,-15.097212021287532,-1.2794554154975546,265.1557126659218,18.541965728113876,1430.030216612281,228.849411381172,-19.28243658916415
10094,178.02844158315065,17.802844158315057,13.153937636791397,1.1292150006055213,252.00177502913039,17.622129385917354,1430.030216612281,228.849411381172,-19.28243658916415
10095,151.8699612299722,15.18699612299721,-26.158480353178447,-2.2205304583329144,278.16025538230883,19.451355093829143,1430.030216612281,228.849411381172,-19.28243658916415
10096,162.63232567913064,16.263232567913064,10.76236444915844,0.9343384940489585,267.3978909331504,18.69875809803598,1430.030216612281,228.849411381172,-19.28243658916415
10097,187.29605853479802,18.729605853479804,24.663732855667376,2.121369955997099,242.73415807748302,16.974057978475194,1430.030216612281,228.849411381172,-19.28243658916415
10098,198.6522222898359,19.86522222898359,11.35616375503787,0.9564727915505777,231.37799432244515,16.179937433110748,1430.030216612281,228.849411381172,-19.28243658916415
10099,197.45476752231366,19.745476752231372,-1.1974547675222311,-0.09990009990009652,232.57544908996738,16.263673759351388,1430.030216612281,0.0,0.0
10100,197.30441470830442,19.73044147083045,-0.1503528140092385,-0.012556032852939492,232.72580190397662,16.274187719984013,1430.030216612281,0.0,-0.1503528140092385
10101,211.58483552813618,21.15848355281362,14.280420819831761,1.1927142875616026,218.44538108414486,15.275577994543255,1430.030216612281,14.130068005822523,-0.1503528140092385
10102,230.07433234106634,23.007433234106635,18.489496812930156,1.5260587843913154,199.9558842712147,13.982633510004217,1430.030216612281,32.61956481875268,-0.1503528140092385
10103,220.30346377116325,22.030346377116317,-9.770868569903087,-0.7943315548506136,209.7267528411178,14.665896594685751,1430.030216612281,32.61956481875268,-0.1503528140092385
10104,232.17881299481837,23.217881299481835,11.875349223655121,0.9731472192135104,197.85140361746267,13.83547014035616,1430.030216612281,34.72404547250471,-0.1503528140092385
10105,237.59036744320815,23.759036744320806,5.411554448389779,0.43918580577091415,192.4398491690729,13.457047755603362,1430.030216612281,40.13559992089449,-0.1503528140092385
10106,228.87173920018108,22.88717392001811,-8.71862824302707,-0.7044841712075756,201.15847741209996,14.06672915546087,1430.030216612281,40.13559992089449,-0.1503528140092385
10107,214.59131838034932,21.45913183803494,-14.280420819831761,-1.1620757776662938,215.43889823193172,15.065338880901628,1430.030216612281,40.13559992089449,-0.1503528140092385
10108,223.0092409953579,22.30092409953579,8.417922615008592,0.6930662592116832,207.02097561692312,14.47668540230937,1430.030216612281,40.13559992089449,-0.1503528140092385
10109,221.05511315561512,22.10551131556151,-1.954127839742796,-0.15978030044584424,208.97510345666592,14.613334811324801,1430.030216612281,40.13559992089449,-0.1503528140092385
10110,220.30346377116325,22.030346377116317,-0.7516493844518664,-0.06155736758756136,209.7267528411178,14.665896594685751,1430.030216612281,40.13559992089449,-0.1503528140092385
10111,223.61053756580054,22.361053756580063,3.30707379463729,0.2710042127076484,206.4196790464805,14.434637579581041,1430.030216612281,40.13559992089449,-0.1503528140092385
10112,230.07433234106634,23.007433234106635,6.4637947752657965,0.5282558932619752,199.9558842712147,13.982633510004217,1430.030216612281,40.13559992089449,-0.1503528140092385
10113,221.20535128403003,22.120535128402995,-8.868981057036308,-0.7210117977307084,208.824865328251,14.602828870494347,1430.030216612281,40.13559992089449,-0.1503528140092385
10114,226.46655291841034,22.646655291841043,5.261201634380313,0.4308203881393524,203.5636636938707,14.234920446374188,1430.030216612281,40.13559992089449,-0.1503528140092385
10115,229.4730357706237,22.94730357706236,3.0064828522133666,0.24513370096064246,200.55718084165733,14.024681332732545,1430.030216612281,40.13559992089449,-0.1503528140092385
10116,241.04767936626058,24.10476793662606,11.574643595636871,0.9414312684280945,188.98253724602046,13.215282799668184,1430.030216612281,43.59291184394692,-0.1503528140092385
10117,227.96985168731408,22.79698516873141,-13.077827678946505,-1.0537731866695599,202.06036492496696,14.12979687965229,1430.030216612281,43.59291184394692,-0.1503528140092385
10118,243.15216002001262,24.31521600200126,15.18230833269854,1.2363746806842935,186.87805659226842,13.068119430020127,1430.030216612281,45.69739249769896,-0.1503528140092385
10119,230.67562891150897,23.067562891150907,-12.47653110850365,-1.0036205952699162,199.35458770077207,13.940585687275892,1430.030216612281,45.69739249769896,-0.1503528140092385
10120,229.02209201419032,22.902209201419033,-1.653536897318645,-0.1343600911948739,201.00812459809072,14.056215194828244,1430.030216612281,45.69739249769896,-0.1503528140092385
10121,218.49957405983514,21.849957405983524,-10.52251795435518,-0.8561699600623363,211.5306425524459,14.792040062870745,1430.030216612281,45.69739249769896,-0.1503528140092385
10122,233.08070050768538,23.308070050768535,14.581126447850238,1.196646002859758,196.94951610459566,13.77240241616474,1430.030216612281,45.69739249769896,-0.1503528140092385
10123,226.61690573241958,22.661690573241966,-6.4637947752657965,-0.524198843806778,203.41331087986146,14.224406485741564,1430.030216612281,45.69739249769896,-0.1503528140092385
10124,239.84520091096942,23.98452009109695,13.228295178549843,1.0784373765541089,190.1850157013116,13.299370425322685,1430.030216612281,45.69739249769896,-0.1503528140092385
10125,249.16501103884502,24.916501103884503,9.319810127875598,0.7516914305937483,180.86520557343601,12.647649222539007,1430.030216612281,51.710243516531364,-0.1503528140092385
10126,272.9157094861557,27.29157094861556,23.750698447310697,1.9013259447251851,157.11450712612532,10.986796313879793,1430.030216612281,75.46094196384206,-0.1503528140092385
10127,281.48398491517355,28.148398491517355,8.568275429017831,0.6731219801251909,148.5462316971075,10.387628874654913,1430.030216612281,84.02921739285989,-0.1503528140092385
10128,275.7718395243596,27.57718395243596,-5.71214539081393,-0.44574457878940876,154.25837708792142,10.787071160870788,1430.030216612281,84.02921739285989,-0.1503528140092385
10129,227.5189079308807,22.75189079308806,-48.252931593478934,-3.782254012713504,202.51130868140035,14.16133074174799,1430.030216612281,84.02921739285989,-0.1503528140092385
10130,242.40062532115508,24.240062532115502,14.881717390274389,1.2123411944308993,187.62959129112596,13.120673193578908,1430.030216612281,84.02921739285989,-0.1503528140092385
10131,240.2961446674028,24.029614466740277,-2.104480653752262,-0.16938824811105757,189.73407194487822,13.26783656322698,1430.030216612281,84.02921739285989,-0.1503528140092385
10132,215.79379683564048,21.57937968356405,-24.502347831762336,-1.9755239857117246,214.23641977664056,14.981251255247127,1430.030216612281,84.02921739285989,-0.1503528140092385
10133,220.153110957154,22.015311095715397,4.359314121513535,0.3585570293959117,209.87710565512702,14.676410555318375,1430.030216612281,84.02921739285989,-0.1503528140092385
10134,232.17881299481837,23.217881299481835,12.02570203766436,0.9855895895090283,197.85140361746267,13.83547014035616,1430.030216612281,84.02921739285989,-0.1503528140092385
10135,237.59036744320815,23.759036744320806,5.411554448389779,0.43918580577091415,192.4398491690729,13.457047755603362,1430.030216612281,84.02921739285989,-0.1503528140092385
10136,268.40604255063295,26.840604255063294,30.815675107424795,2.4899737359048935,161.6241740616481,11.302150974441169,1430.030216612281,84.02921739285989,-0.1503528140092385
10137,279.0787986334028,27.90787986334029,10.672756082769865,0.8414305612505668,150.95141797887823,10.555820165568232,1430.030216612281,84.02921739285989,-0.1503528140092385
10138,270.36028507597007,27.03602850759701,-8.718513557432743,-0.6816244289834072,159.66993153631097,11.165493545623569,1430.030216612281,84.02921739285989,-0.1503528140092385
10139,279.8304480178547,27.98304480178546,9.47016294188461,0.7454706395609856,150.19976859442636,10.503258382207283,1430.030216612281,84.02921739285989,-0.1503528140092385
10140,295.7644057350051,29.576440573500506,15.933957717150406,1.245005363157925,134.26581087727595,9.389019149214171,1430.030216612281,98.30963821269142,-0.1503528140092385
10141,268.10545160820857,26.810545160820865,-27.658954126796516,-2.134566592845044,161.92476500407247,11.323170875904264,1430.030216612281,98.30963821269142,-0.1503528140092385
10142,287.19613030598725,28.719613030598733,19.090678697778685,1.5054488310548564,142.83408630629378,9.988186588439053,1430.030216612281,98.30963821269142,-0.1503528140092385
10143,311.5481253237406,31.154812532374066,24.351995017753325,1.8918635975051057,118.48209128854046,8.285285857051514,1430.030216612281,114.09335780142692,-0.1503528140092385
10144,312.1494218941832,31.214942189418316,0.6012965704426279,0.045846321521314515,117.88079471809783,8.24323803432319,1430.030216612281,114.69465437186955,-0.1503528140092385
10145,332.142102790423,33.2142102790423,19.99268089623979,1.523658857950716,97.88811382185804,6.845178002864404,1430.030216612281,134.68733526810934,-0.1503528140092385
10146,342.0632094887412,34.20632094887412,9.921106698318226,0.7447483776345409,87.96700712353982,6.151408977352399,1430.030216612281,144.60844196642756,-0.1503528140092385
10147,338.3051919376703,33.83051919376703,-3.758017551070907,-0.280017924975573,91.72502467461072,6.414201854552825,1430.030216612281,144.60844196642756,-0.1503528140092385
10148,342.965097001608,34.296509700160804,4.6599050639376856,0.348194499431842,87.06511961067304,6.088341253160995,1430.030216612281,145.51032947929434,-0.1503528140092385
10149,339.50778507855557,33.95077850785555,-3.45731192305243,-0.2574387026715308,90.52243153372547,6.330106209096174,1430.030216612281,145.51032947929434,-0.1503528140092385
10150,375.28407087793653,37.52840708779366,35.77628579938096,2.670853144558838,54.74614573434451,3.828320905276901,1430.030216612281,177.82930335562287,-0.1503528140092385
10151,396.7799358574857,39.677993585748574,21.495864979549197,1.5630127211338163,33.25028075479531,2.3251453268983853,1430.030216612281,199.32516833517207,-0.1503528140092385
10152,365.51320230803344,36.55132023080334,-31.266733549452283,-2.2384867327191027,64.5170143042476,4.511583989958435,1430.030216612281,199.32516833517207,-0.1503528140092385
10153,377.9898481021314,37.798984810213135,12.476645794097976,0.9136964602765918,52.04036851014962,3.6391097129005026,1430.030216612281,199.32516833517207,-0.1503528140092385
10154,379.1924412430167,37.91924412430168,1.2025931408852557,0.08727155301917477,50.837775369264364,3.5550140674438504,1430.030216612281,199.32516833517207,-0.1503528140092385
10155,387.1594201015919,38.715942010159175,7.966978858575203,0.5776553452826905,42.87079651068916,2.9978944509472956,1430.030216612281,199.32516833517207,-0.1503528140092385
10156,364.3107238527423,36.431072385274234,-22.848696248849592,-1.6471571989307598,65.71949275953875,4.595671615612934,1430.030216612281,199.32516833517207,-0.1503528140092385
10157,358.14752001990087,35.814752001990094,-6.163203832841418,-0.45174487930702556,71.88269659238017,5.026655783726664,1430.030216612281,199.32516833517207,-0.1503528140092385
10158,356.3437449941671,35.63437449941671,-1.8037750257337848,-0.1328114213769216,73.68647161811396,5.1527912321094895,1430.030216612281,199.32516833517207,-0.1503528140092385
10159,374.2318305510605,37.42318305510606,17.88808555689343,1.3188460243144684,55.798386061220526,3.901902590100929,1430.030216612281,199.32516833517207,-0.1503528140092385
10160,364.3107238527423,36.431072385274234,-9.921106698318226,-0.7219383569612048,65.71949275953875,4.595671615612934,1430.030216612281,199.32516833517207,-0.1503528140092385
10161,374.9834799355124,37.49834799355123,10.672756082770093,0.7822819168811224,55.04673667676866,3.84934080673998,1430.030216612281,199.32516833517207,-0.1503528140092385
10162,369.27121985910435,36.92712198591044,-5.712260076408029,-0.4154420878333731,60.75899675317669,4.248791112758008,1430.030216612281,199.32516833517207,-0.1503528140092385
10163,379.04208842900744,37.90420884290073,9.770868569903087,0.7135816796695948,50.9881281832736,3.565528028076475,1430.030216612281,199.32516833517207,-0.1503528140092385
10164,377.0879605892644,37.70879605892643,-1.9541278397430233,-0.14170182738724169,52.942256023016625,3.7021774370919234,1430.030216612281,199.32516833517207,-0.1503528140092385
10165,358.4482256479191,35.84482256479191,-18.639734941345296,-1.35356168050218,71.58199096436192,5.0056278624614325,1430.030216612281,199.32516833517207,-0.1503528140092385
10166,363.8597800963089,36.38597800963088,5.411554448389779,0.3983629516545406,66.17043651597214,4.627205477708636,1430.030216612281,199.32516833517207,-0.1503528140092385
10167,380.2446815698927,38.02446815698928,16.384901473583795,1.201362611662815,49.78553504238835,3.481432382619823,1430.030216612281,199.32516833517207,-0.1503528140092385
10168,379.4930321854408,37.94930321854408,-0.7516493844518664,-0.05445769105206777,50.53718442684021,3.533994165980772,1430.030216612281,199.32516833517207,-0.1503528140092385
10169,357.54622344945824,35.754622344945815,-21.946808735982586,-1.590932916943677,72.4839931628228,5.06870360645499,1430.030216612281,199.32516833517207,-0.1503528140092385
10170,340.25943446300744,34.025943446300744,-17.2867889864508,-1.2733849269990882,89.7707821492736,6.277544425735224,1430.030216612281,199.32516833517207,-0.1503528140092385
10171,366.11449887847607,36.61144988784761,25.855064415468632,1.9291089285133678,63.91571773380497,4.469536167230109,1430.030216612281,199.32516833517207,-0.1503528140092385
10172,368.6700379742558,36.86700379742558,2.55553909577975,0.18706624502395908,61.36017863802522,4.290830915684181,1430.030216612281,199.32516833517207,-0.1503528140092385
10173,380.99633095434456,38.09963309543445,12.326292980088738,0.9006036983415511,49.03388565793648,3.428870599258873,1430.030216612281,199.32516833517207,-0.1503528140092385
10174,386.10717977471586,38.61071797747157,5.110848820371302,0.37008417081307865,43.92303683756518,3.0714761357713236,1430.030216612281,199.32516833517207,-0.1503528140092385
10175,370.62416581399884,37.06241658139988,-15.483013960717017,-1.117014195340471,59.406050798282195,4.154181506668732,1430.030216612281,199.32516833517207,-0.1503528140092385
10176,338.00460099524594,33.8004600995246,-32.619564818752906,-2.3799058583926613,92.0256156170351,6.43522175601592,1430.030216612281,199.32516833517207,-0.1503528140092385
10177,323.8744183038293,32.38744183038293,-14.130182691416621,-1.0560638342279383,106.15579830845172,7.423325540626206,1430.030216612281,199.32516833517207,-0.1503528140092385
10178,296.81664606188133,29.68166460618813,-27.057772241947987,-2.0438322447996926,133.2135705503997,9.315437464390126,1430.030216612281,199.32516833517207,-0.1503528140092385
10179,319.81580981033426,31.98158098103343,22.99916374845293,1.7735092943397923,110.21440680194678,7.7071383192897125,1430.030216612281,199.32516833517207,-0.1503528140092385
10180,336.3510640979273,33.635106409792726,16.535254287593034,1.2528455989604614,93.67915251435375,6.5508512635682745,1430.030216612281,199.32516833517207,-0.1503528140092385
10181,351.53348711622016,35.153348711622016,15.182423018292866,1.1361103699604191,78.49672949606088,5.489165794133944,1430.030216612281,199.32516833517207,-0.1503528140092385
10182,343.56639357205063,34.356639357205054,-7.967093544169529,-0.5894854711420372,86.46382304023041,6.0462934304326685,1430.030216612281,199.32516833517207,-0.1503528140092385
10183,370.4738129999896,37.04738129999896,26.907419427938976,2.0026862503163656,59.55640361229143,4.164695467301356,1430.030216612281,199.32516833517207,-0.1503528140092385
10184,360.40235348766214,36.04023534876622,-10.071459512327465,-0.7348888695859812,69.6278631246189,4.868978453445984,1430.030216612281,199.32516833517207,-0.1503528140092385
10185,362.20624319899,36.22062431989901,1.8038897113278836,0.13259971998014208,67.82397341329101,4.742834985261006,1430.030216612281,199.32516833517207,-0.1503528140092385
10186,384.0026991209636,38.40026991209635,21.796455921973575,1.6000848645934207,46.02751749131744,3.218639505419396,1430.030216612281,199.32516833517207,-0.1503528140092385
10187,376.4866640188218,37.64866640188218,-7.516035102141814,-0.5430650609941412,53.54355259345925,3.744225259820249,1430.030216612281,199.32516833517207,-0.1503528140092385
10188,388.2116604284679,38.8211660428468,11.72499640964611,0.8518060302461272,41.81855618381314,2.924312766123267,1430.030216612281,199.32516833517207,-0.1503528140092385
10189,378.7414974865833,37.874149748658326,-9.47016294188461,-0.6821843679775563,51.28871912569775,3.5865479295395533,1430.030216612281,199.32516833517207,-0.1503528140092385
10190,404.1457328312126,40.41457328312126,25.404235344629342,1.8425669634910324,25.88448378106841,1.810065513327987,1430.030216612281,206.69096530889897,-0.1503528140092385
10191,401.8908993634511,40.18908993634511,-2.2548334677615003,-0.16058400599310296,28.13931724882991,1.9677428436086835,1430.030216612281,206.69096530889897,-0.1503528140092385
10192,423.3867643430003,42.33867643430003,21.495864979549197,1.5333479223889501,6.643452269280715,0.46456726523016756,1430.030216612281,225.93199682068666,-0.1503528140092385
10193,402.3418431198845,40.23418431198844,-21.044921223115807,-1.4785103915750941,27.688373492396522,1.936208981512981,1430.030216612281,225.93199682068666,-0.1503528140092385
10194,399.63606589568985,39.96360658956899,-2.7057772241946623,-0.19294705049768268,30.394150716591184,2.1254201738893634,1430.030216612281,225.93199682068666,-0.1503528140092385
10195,428.04666940693824,42.80466694069383,28.410603511248382,2.0298564893772797,1.983547205342802,0.13870666383832042,1430.030216612281,230.59190188462458,-0.1503528140092385
10196,434.66081699621304,43.4660816996213,6.614147589274808,0.463160464638146,0.0,0.0,1434.660816996213,237.20604947389938,-0.1503528140092385
10197,435.11176075264643,43.51117607526464,0.45094375643338935,0.03143208144329446,0.0,0.0,1435.1117607526464,237.65699323033277,-0.1503528140092385
10198,428.1970222209475,42.81970222209475,-6.9147385316989585,-0.4818257867298392,6.9147385316989585,0.4818257867298443,1435.1117607526464,237.65699323033277,-0.1503528140092385
10199,427.4453728364956,42.74453728364955,-0.7516493844518664,-0.052629250219482504,7.666387916150825,0.5342014556504071,1435.1117607526464,237.65699323033277,-0.1503528140092385
10200,423.0860587149821,42.30860587149821,-4.359314121513535,-0.3053927109554544,12.02570203766436,0.8379627542984849,1435.1117607526464,237.65699323033277,-0.1503528140092385
10201,414.367430471955,41.43674304719549,-8.71862824302707,-0.6126564299912984,20.74433028069143,1.4454853515946406,1435.1117607526464,237.65699323033277,-0.1503528140092385
10202,421.58287463167244,42.158287463167255,7.2154441597174355,0.5101534441661837,13.528886120973993,0.9427061007345343,1435.1117607526464,237.65699323033277,-0.1503528140092385
10203,426.0925415671952,42.60925415671952,4.509666935522773,0.3172285637368377,9.01921918545122,0.6284680700213255,1435.1117607526464,237.65699323033277,-0.1503528140092385
10204,425.79183593917674,42.579183593917676,-0.300705628018477,-0.021085982799406988,9.319924813469697,0.6494215341515875,1435.1117607526464,237.65699323033277,-0.1503528140092385
10205,442.32709022677,44.232709022677,16.53525428759326,1.1597242929015206,0.0,0.0,1442.32709022677,244.87232270445634,-0.1503528140092385
10206,440.0723714446028,44.00723714446029,-2.254718782167174,-0.15632506644610578,2.254718782167174,0.15632506644610522,1442.32709022677,244.87232270445634,-0.1503528140092385
10207,442.477443040779,44.2477443040779,2.4050715961761853,0.16701046724225677,0.0,0.0,1442.477443040779,245.02267551846535,-0.1503528140092385
10208,436.01364826551344,43.60136482655135,-6.463794775265569,-0.44810369870600386,6.463794775265569,0.44810369870600725,1442.477443040779,245.02267551846535,-0.1503528140092385
10209,435.7130573230893,43.571305732308915,-0.30059094242415085,-0.02093231793355299,6.76438571768972,0.46894221814867504,1442.477443040779,245.02267551846535,-0.1503528140092385
10210,443.07873961122186,44.30787396112219,7.365682288132575,0.5130330361323043,0.0,0.0,1443.0787396112219,245.6239720889082,-0.1503528140092385
10211,450.14383095693006,45.01438309569301,7.065091345708197,0.48958460489907374,0.0,0.0,1450.14383095693,252.6890634346164,-0.1503528140092385
10212,468.6332130842661,46.863321308426606,18.489382127336057,1.275003329506652,0.0,0.0,1468.6332130842661,271.17844556195246,-0.1503528140092385
10213,481.26021169237333,48.12602116923734,12.626998608107215,0.8597789084171303,0.0,0.0,1481.2602116923733,283.8054441700597,-0.1503528140092385
10214,469.08427152629383,46.90842715262937,-12.1759401660795,-0.8219987325635558,12.1759401660795,0.8219987325635522,1481.2602116923733,283.8054441700597,-0.1503528140092385
10215,446.2354605918499,44.623546059184996,-22.848810934443918,-1.555309751611822,35.02475110052342,2.3645238577296857,1481.2602116923733,283.8054441700597,-0.1503528140092385
10216,479.00537822461183,47.900537822461175,32.76991763276192,2.2658770667503436,2.2548334677615003,0.15222399480948062,1481.2602116923733,283.8054441700597,-0.1503528140092385
10217,442.62779585478825,44.26277958547882,-36.377582369823585,-2.4595977070408614,38.632415837585086,2.608077603964443,1481.2602116923733,283.8054441700597,-0.1503528140092385
10218,446.68640434828353,44.66864043482835,4.058608493495285,0.2813344166220366,34.5738073440898,2.3340806072545783,1481.2602116923733,283.8054441700597,-0.1503528140092385
10219,429.7002063042569,42.9700206304257,-16.98619804402665,-1.1741451355989474,51.56000538811645,3.4808202489424853,1481.2602116923733,283.8054441700597,-0.1503528140092385
10220,440.6735533294511,44.0673553329451,10.973347025194244,0.7675278339338121,40.58665836292221,2.740008679268515,1481.2602116923733,283.8054441700597,-0.1503528140092385
10221,438.1181289192655,43.81181289192655,-2.555424410185651,-0.17737706118641228,43.14208277310786,2.9125255935833887,1481.2602116923733,283.8054441700597,-0.1503528140092385
10222,430.7524466311329,43.075244663113295,-7.365682288132575,-0.5121750529400448,50.507765061240434,3.4097834170226022,1481.2602116923733,283.8054441700597,-0.1503528140092385
10223,415.57002361284026,41.557002361284034,-15.182423018292639,-1.0611495408616167,65.69018807953307,4.434750056810109,1481.2602116923733,283.8054441700597,-0.1503528140092385
10224,415.4197854844251,41.5419785484425,-0.15023812841513973,-0.010613260093750299,65.84042620794821,4.444892645345819,1481.2602116923733,283.8054441700597,-0.1503528140092385
10225,425.1905393687341,42.519053936873405,9.770753884308988,0.6903078496224957,56.069672323639224,3.785268238561431,1481.2602116923733,283.8054441700597,-0.1503528140092385
10226,407.00174818382243,40.70017481838224,-18.18879118491168,-1.2762357511135414,74.2584635085509,5.0131950431389045,1481.2602116923733,283.8054441700597,-0.1503528140092385
10227,404.7469147160609,40.47469147160609,-2.2548334677615003,-0.16025804308147373,76.5132969763124,5.165419037948385,1481.2602116923733,283.8054441700597,-0.1503528140092385
10228,425.79183593917674,42.579183593917676,21.044921223115807,1.498129022576955,55.4683757531966,3.74467465711664,1481.2602116923733,283.8054441700597,-0.1503528140092385
10229,444.2813327521071,44.42813327521071,18.489496812930383,1.296787956479717,36.97887894026621,2.496447190599753,1481.2602116923733,283.8054441700597,-0.1503528140092385
10230,441.425202713903,44.142520271390296,-2.856130038204128,-0.19775441068408117,39.83500897847034,2.689264766854025,1481.2602116923733,283.8054441700597,-0.1503528140092385
10231,457.50951324506264,45.75095132450626,16.084310531159645,1.1158616139690158,23.750698447310697,1.6034116261163178,1481.2602116923733,283.8054441700597,-0.1503528140092385
10232,473.29323283379813,47.32932328337982,15.783719588735494,1.0829239497445187,7.966978858575203,0.5378514048840041,1481.2602116923733,283.8054441700597,-0.1503528140092385
10233,487.42330083962065,48.742330083962074,14.130068005822523,0.9590804933410357,0.0,0.0,1487.4233008396207,289.968533317307,-0.1503528140092385
10234,480.3583241795063,48.035832417950644,-7.064976660114326,-0.4749809053096188,7.064976660114326,0.4749809053096242,1487.4233008396207,289.968533317307,-0.1503528140092385
10235,495.9915762686385,49.59915762686384,15.633252089132156,1.0560451367608525,0.0,0.0,1495.9915762686385,298.5368087463248,-0.1503528140092385
10236,497.0438165955145,49.704381659551444,1.0522403268760172,0.07033731630365914,0.0,0.0,1497.0438165955145,299.58904907320084,-0.1503528140092385
10237,499.2986500632758,49.92986500632757,2.254833467761273,0.1506190695800047,0.0,0.0,1499.2986500632758,301.8438825409621,-0.1503528140092385
10238,503.2070204283559,50.320702042835585,3.9083703650801453,0.2606799095640655,0.0,0.0,1503.207020428356,305.75225290604226,-0.1503528140092385
10239,517.9384996902154,51.793849969021544,14.731479261859477,0.9800033569336009,0.0,0.0,1517.9384996902154,320.48373216790174,-0.1503528140092385
10240,515.833904350869,51.583390435086905,-2.1045953393463606,-0.13864826142665487,2.1045953393463606,0.1386482614266567,1517.9384996902154,320.48373216790174,-0.1503528140092385
10241,504.4096135692412,50.440961356924106,-11.42429078162786,-0.7536637588615003,13.52888612097422,0.8912670785894968,1517.9384996902154,320.48373216790174,-0.1503528140092385
10242,509.5204623896125,50.95204623896126,5.110848820371302,0.3397245520284642,8.418037300602919,0.5545703796511448,1517.9384996902154,320.48373216790174,-0.1503528140092385
10243,496.8935784670996,49.68935784670996,-12.626883922512889,-0.8364831240859183,21.044921223115807,1.3864146161001059,1517.9384996902154,320.48373216790174,-0.1503528140092385
10244,505.4618538961174,50.54618538961173,8.568275429017831,0.572403780220121,12.476645794097976,0.8219467255520722,1517.9384996902154,320.48373216790174,-0.1503528140092385
10245,498.9980591208516,49.89980591208516,-6.4637947752657965,-0.4293562642279869,18.940440569363773,1.2477739100252865,1517.9384996902154,320.48373216790174,-0.1503528140092385
10246,495.6909853262141,49.56909853262141,-3.3070737946375175,-0.2206189510730261,22.24751436400129,1.4656400353862569,1517.9384996902154,320.48373216790174,-0.1503528140092385
10247,514.4810730815686,51.44810730815686,18.790087755354534,1.2562814070351758,3.457426608646756,0.2277711916096967,1517.9384996902154,320.48373216790174,-0.1503528140092385
10248,509.2198714471883,50.92198714471883,-5.261201634380313,-0.34739302642291525,8.71862824302707,0.5743729567967601,1517.9384996902154,320.48373216790174,-0.1503528140092385
10249,489.82848712139116,48.982848712139116,-19.391384325797162,-1.2848614501214328,28.11001256882423,1.8518545102163881,1517.9384996902154,320.48373216790174,-0.1503528140092385
10250,497.0438165955145,49.704381659551444,7.215329474123337,0.48430604841398495,20.894683094700895,1.376517105203217,1517.9384996902154,320.48373216790174,-0.1503528140092385
10251,461.26753079613354,46.12675307961336,-35.77628579938096,-2.389795502495129,56.67096889408185,3.7334166638271182,1517.9384996902154,320.48373216790174,-0.1503528140092385
10252,437.51683234882285,43.75168323488228,-23.750698447310697,-1.6253490854183816,80.42166734139255,5.298084695645127,1517.9384996902154,320.48373216790174,-0.1503528140092385
10253,440.372962387027,44.037296238702694,2.856130038204128,0.19868498051165417,77.56553730318842,5.109926213678498,1517.9384996902154,320.48373216790174,-0.1503528140092385
10254,482.1620992052401,48.216209920524,41.78913681821314,2.9012719559077915,35.776400484975284,2.3569071139757387,1517.9384996902154,320.48373216790174,-0.1503528140092385
10255,487.1227098971963,48.71227098971962,4.9606106919561626,0.3346874606101613,30.81578979301912,2.0301079259342907,1517.9384996902154,320.48373216790174,-0.1503528140092385
10256,489.0768377369393,48.90768377369392,1.9541278397430233,0.13140326798439794,28.861661953276098,1.9013722861081828,1517.9384996902154,320.48373216790174,-0.1503528140092385
10257,476.9008975708598,47.69008975708597,-12.1759401660795,-0.817683806336289,41.0376021193556,2.7035088791628024,1517.9384996902154,320.48373216790174,-0.1503528140092385
10258,480.0576185514881,48.0057618551488,3.156720980628279,0.21373952618082281,37.88088113872732,2.495547820050558,1517.9384996902154,320.48373216790174,-0.1503528140092385
10259,509.2198714471883,50.92198714471883,29.16225289570025,1.9703457845270167,8.71862824302707,0.5743729567967601,1517.9384996902154,320.48373216790174,-0.1503528140092385
10260,527.1079570040815,52.710795700408156,17.888085556893202,1.1852537788109352,0.0,0.0,1527.1079570040815,329.65318948176787,-0.1503528140092385
10261,534.17304834979,53.41730483497899,7.065091345708424,0.4626451792949071,0.0,0.0,1534.17304834979,336.7182808274763,-0.1503528140092385
10262,531.7679767536135,53.176797675361364,-2.4050715961764126,-0.15676664368230453,2.4050715961764126,0.15676664368230112,1534.17304834979,336.7182808274763,-0.1503528140092385
10263,522.7487575681623,52.27487575681624,-9.01921918545122,-0.5888110550898329,11.424290781627633,0.7446546394434447,1534.17304834979,336.7182808274763,-0.1503528140092385
10264,524.1015888374627,52.41015888374627,1.3528312693003954,0.08884139701816895,10.071459512327237,0.656474804009916,1534.17304834979,336.7182808274763,-0.1503528140092385
10265,534.6239921062233,53.46239921062232,10.522403268760627,0.6904003870756847,0.0,0.0,1534.6239921062233,337.1692245839097,-0.1503528140092385
10266,529.362790471843,52.9362790471843,-5.261201634380313,-0.3428332713057314,5.261201634380313,0.3428332713057274,1534.6239921062233,337.1692245839097,-0.1503528140092385
10267,542.1400272083652,54.21400272083652,12.777236736522127,0.8354614625206036,0.0,0.0,1542.1400272083652,344.6852596860515,-0.1503528140092385
10268,523.3499394530108,52.33499394530108,-18.790087755354307,-1.2184423868024985,18.790087755354307,1.2184423868024987,1542.1400272083652,344.6852596860515,-0.1503528140092385
10269,564.3875415723662,56.43875415723662,41.03760211935537,2.693905126887053,0.0,0.0,1564.3875415723662,366.93277405005256,-0.1503528140092385
10270,560.3289330788712,56.03289330788712,-4.058608493495058,-0.25943753613735243,4.058608493495058,0.2594375361373531,1564.3875415723662,366.93277405005256,-0.1503528140092385
10271,578.0667805073497,57.80667805073496,17.737847428478517,1.1368018020070814,0.0,0.0,1578.0667805073497,380.612012985036,-0.1503528140092385
10272,577.0145401804734,57.701454018047336,-1.0522403268762446,-0.06667907466741951,1.0522403268762446,0.06667907466741987,1578.0667805073497,380.612012985036,-0.1503528140092385
10273,578.2170186357646,57.82170186357647,1.202478455291157,0.07625030871012406,0.0,0.0,1578.2170186357646,380.76225111345093,-0.1503528140092385
10274,560.9301149637197,56.09301149637196,-17.2869036720449,-1.095343889206568,17.2869036720449,1.0953438892065661,1578.2170186357646,380.76225111345093,-0.1503528140092385
10275,577.7660748793312,57.77660748793312,16.83595991561151,1.078585117566444,0.45094375643338935,0.028572987815274745,1578.2170186357646,380.76225111345093,-0.1503528140092385
10276,578.5177242637831,57.85177242637831,0.7516493844518664,0.047640103081136864,0.0,0.0,1578.517724263783,381.0629567414694,-0.1503528140092385
10277,568.5965028798707,56.85965028798707,-9.921221383912325,-0.6285150449317656,9.921221383912325,0.6285150449317609,1578.517724263783,381.0629567414694,-0.1503528140092385
10278,593.0988507116331,59.30988507116331,24.502347831762336,1.562055492714487,0.0,0.0,1593.098850711633,395.6440831893194,-0.1503528140092385
10279,608.4315118583409,60.843151185834074,15.332661146707778,0.962442546478437,0.0,0.0,1608.4315118583409,410.9767443360272,-0.1503528140092385
10280,609.0328084287835,60.903280842878345,0.6012965704426279,0.037384033203125,0.0,0.0,1609.0328084287835,411.5780409064698,-0.1503528140092385
10281,596.1052188782521,59.61052188782521,-12.927589550531366,-0.8034385304520386,12.927589550531366,0.8034385304520376,1609.0328084287835,411.5780409064698,-0.1503528140092385
10282,583.0272765137115,58.30272765137114,-13.077942364540604,-0.8193659296303668,26.00553191507197,1.616221358498358,1609.0328084287835,411.5780409064698,-0.1503528140092385
10283,572.5048732449507,57.25048732449507,-10.522403268760854,-0.6647013241574906,36.527935183832824,2.270179637884591,1609.0328084287835,411.5780409064698,-0.1503528140092385
10284,592.3472013271812,59.23472013271811,19.84232808223055,1.2618293539074843,16.685607101602272,1.0369960770343598,1609.0328084287835,411.5780409064698,-0.1503528140092385
10285,597.0071063911191,59.70071063911191,4.659905063937913,0.29264378146010017,12.02570203766436,0.7473870001076875,1609.0328084287835,411.5780409064698,-0.1503528140092385
10286,599.7128836153138,59.971288361531386,2.7057772241946623,0.1694280015014593,9.319924813469697,0.5792252814639982,1609.0328084287835,411.5780409064698,-0.1503528140092385
10287,598.6606432884378,59.866064328843784,-1.0522403268760172,-0.06577682393217321,10.372165140345714,0.6446211094026173,1609.0328084287835,411.5780409064698,-0.1503528140092385
10288,594.0007382245001,59.400073822450004,-4.6599050639376856,-0.29148807056088577,15.0320702042834,0.9342301863292756,1609.0328084287835,411.5780409064698,-0.1503528140092385
10289,595.6542751218187,59.56542751218188,1.653536897318645,0.10373501452454192,13.378533306964755,0.8314642956242055,1609.0328084287835,411.5780409064698,-0.1503528140092385
10290,582.4259799432689,58.24259799432689,-13.228295178549843,-0.8290201320420687,26.606828485514598,1.6535914212648093,1609.0328084287835,411.5780409064698,-0.1503528140092385
10291,584.380222468606,58.43802224686061,1.954242525337122,0.12349661533028744,24.652585960177475,1.5321369353711727,1609.0328084287835,411.5780409064698,-0.1503528140092385
10292,571.1519272900562,57.11519272900563,-13.228295178549843,-0.8349192315679765,37.88088113872732,2.3542640610117767,1609.0328084287835,411.5780409064698,-0.1503528140092385
10293,563.7862450019236,56.37862450019235,-7.365682288132575,-0.468807768376478,45.24656342685989,2.8120348565821383,1609.0328084287835,411.5780409064698,-0.1503528140092385
10294,592.7981450836146,59.27981450836146,29.01190008169101,1.8552343822192396,16.234663345168883,1.008970311862192,1609.0328084287835,411.5780409064698,-0.1503528140092385
10295,596.5561626346855,59.65561626346856,3.758017551070907,0.23593809188380277,12.476645794097976,0.7754127652798696,1609.0328084287835,411.5780409064698,-0.1503528140092385
10296,587.2362378212158,58.72362378212157,-9.319924813469697,-0.5837517671842929,21.796570607567674,1.354638046743868,1609.0328084287835,411.5780409064698,-0.1503528140092385
10297,554.9173786304816,55.49173786304815,-32.3188591907342,-2.036171958567301,54.115429798301875,3.3632272452632868,1609.0328084287835,411.5780409064698,-0.1503528140092385
10298,551.1593610794107,55.115936107941074,-3.758017551070907,-0.24168599584247774,57.87344734937278,3.5967847918456095,1609.0328084287835,411.5780409064698,-0.1503528140092385
10299,560.1785802648619,56.0178580264862,9.01921918545122,0.581450198590483,48.85422816392156,3.036248105570177,1609.0328084287835,411.5780409064698,-0.1503528140092385
10300,573.5571135718269,57.35571135718269,13.378533306964982,0.8575001269850668,35.47569485695658,2.204783809945958,1609.0328084287835,411.5780409064698,-0.1503528140092385
10301,578.2170186357646,57.82170186357647,4.6599050639376856,0.2961382859094419,30.815789793018894,1.9151747330192999,1609.0328084287835,411.5780409064698,-0.1503528140092385
10302,614.8953066336067,61.48953066336067,36.67828799784206,2.3240332327392643,0.0,0.0,1614.8953066336067,417.440539111293,-0.1503528140092385
10303,601.5167733266417,60.15167733266418,-13.378533306964982,-0.8284458597414446,13.378533306964982,0.8284458597414421,1614.8953066336067,417.440539111293,-0.1503528140092385
10304,606.7779749610222,60.67779749610223,5.261201634380541,0.32851367665991393,8.117331672584442,0.5026537410345036,1614.8953066336067,417.440539111293,-0.1503528140092385
10305,622.4113417357485,62.24113417357484,15.633366774726255,0.9729637210832198,0.0,0.0,1622.4113417357485,424.9565742134348,-0.1503528140092385
10306,630.9796171647663,63.09796171647663,8.568275429017831,0.5281197935815163,0.0,0.0,1630.9796171647663,433.52484964245264,-0.1503528140092385
10307,636.69176255558,63.66917625555799,5.712145390813703,0.3502278833345196,0.0,0.0,1636.69176255558,439.23699503326634,-0.1503528140092385
10308,627.5221905561195,62.752219055611945,-9.169571999460459,-0.560250391016992,9.169571999460459,0.5602503910169874,1636.69176255558,439.23699503326634,-0.1503528140092385
10309,634.587281901828,63.45872819018279,7.065091345708424,0.4341010762682229,2.1044806537520344,0.12858136772595682,1636.69176255558,439.23699503326634,-0.1503528140092385
10310,646.3122783114741,64.63122783114741,11.72499640964611,0.717306230108683,0.0,0.0,1646.312278311474,448.8575107891604,-0.1503528140092385
10311,631.7312665492182,63.17312665492181,-14.581011762255912,-0.8856771558073295,14.581011762255912,0.8856771558073295,1646.312278311474,448.8575107891604,-0.1503528140092385
10312,634.8879875298464,63.48879875298466,3.156720980628279,0.19345838652120584,11.424290781627633,0.693932186021528,1646.312278311474,448.8575107891604,-0.1503528140092385
10313,617.9016748002257,61.790167480022575,-16.98631272962075,-1.0389893900490055,28.410603511248382,1.7257116942836308,1646.312278311474,448.8575107891604,-0.1503528140092385
10314,621.6596923512966,62.16596923512967,3.758017551070907,0.23227725204839622,24.652585960177475,1.4974428779369966,1646.312278311474,448.8575107891604,-0.1503528140092385
10315,619.8559173255628,61.98559173255629,-1.8037750257337848,-0.11123018190817291,26.45636098591126,1.6070074514080643,1646.312278311474,448.8575107891604,-0.1503528140092385
10316,615.9475469604827,61.59475469604827,-3.9083703650801453,-0.2412788892689255,30.364731350991406,1.8444089709477676,1646.312278311474,448.8575107891604,-0.1503528140092385
10317,616.3984907169161,61.6398490716916,0.45094375643338935,0.027905841206399273,29.913787594558016,1.8170178275800042,1646.312278311474,448.8575107891604,-0.1503528140092385
10318,593.2490888400482,59.32490888400481,-23.14940187686784,-1.4321593350783535,53.06318947142586,3.2231545722206274,1646.312278311474,448.8575107891604,-0.1503528140092385
10319,622.1107507933241,62.21107507933241,28.86166195327587,1.8114971573144567,24.201527518149987,1.4700447683578037,1646.312278311474,448.8575107891604,-0.1503528140092385
10320,623.1629911202003,62.31629911202003,1.0522403268762446,0.06486858720107236,23.149287191273743,1.4061297784291937,1646.312278311474,448.8575107891604,-0.1503528140092385
10321,621.9603979793148,62.19603979793149,-1.202593140885483,-0.07408948746764343,24.351880332159226,1.4791774715508725,1646.312278311474,448.8575107891604,-0.1503528140092385
10322,618.5029713706683,61.850297137066825,-3.4574266086465286,-0.21316344178031743,27.809306940805754,1.6891878477227982,1646.312278311474,448.8575107891604,-0.1503528140092385
10323,593.2490888400482,59.32490888400481,-25.253882530620103,-1.5603235197790943,53.06318947142586,3.2231545722206274,1646.312278311474,448.8575107891604,-0.1503528140092385
10324,585.7330537379064,58.57330537379064,-7.516035102141814,-0.47174262673602696,60.57922457356767,3.679692204913896,1646.312278311474,448.8575107891604,-0.1503528140092385
10325,560.4791712072863,56.04791712072863,-25.253882530620103,-1.5925683374696242,85.83310710418777,5.213658929411725,1646.312278311474,448.8575107891604,-0.1503528140092385
10326,503.35737324236516,50.335737324236504,-57.12179796492114,-3.6605293437353636,142.95490506910892,8.683340758153694,1646.312278311474,448.8575107891604,-0.1503528140092385
10327,494.48839218532885,49.44883921853289,-8.868981057036308,-0.5899449601865503,151.82388612614523,9.222058787161696,1646.312278311474,448.8575107891604,-0.1503528140092385
10328,508.1676311203121,50.816763112031204,13.679238934983232,0.915312491318887,138.144647191162,8.391156951878465,1646.312278311474,448.8575107891604,-0.1503528140092385
10329,504.25926075523216,50.42592607552321,-3.908370365079918,-0.2591469465616836,142.0530175562419,8.628558471418154,1646.312278311474,448.8575107891604,-0.1503528140092385
10330,514.1804821391445,51.418048213914446,9.921221383912325,0.6595419847328143,132.1317961723296,8.025925452481555,1646.312278311474,448.8575107891604,-0.1503528140092385
10331,505.4618538961174,50.54618538961173,-8.71862824302707,-0.5757984828010709,140.85042441535666,8.555510778296489,1646.312278311474,448.8575107891604,-0.1503528140092385
10332,461.568236424152,46.156823642415205,-43.8936174719654,-2.915624687425278,184.74404188732206,11.221688881334419,1646.312278311474,448.8575107891604,-0.1503528140092385
10333,474.34547316067415,47.43454731606742,12.777236736522127,0.8742141774908063,171.96680515079993,10.445576298998157,1646.312278311474,448.8575107891604,-0.1503528140092385
10334,466.52873243051386,46.65287324305139,-7.816740730160291,-0.5301837915507646,179.78354588096022,10.920379338077565,1646.312278311474,448.8575107891604,-0.1503528140092385
10335,580.3214992895166,58.03214992895167,113.79276685900277,7.759327474642186,65.99077902195745,4.008399857749971,1646.312278311474,448.8575107891604,-0.1503528140092385
10336,633.3848034465368,63.33848034465368,53.063304157020184,3.357753734343083,12.927474864937267,0.7852383193179012,1646.312278311474,448.8575107891604,-0.1503528140092385
10337,618.9539151271017,61.89539151271018,-14.430888319435098,-0.8834959336578296,27.358363184372365,1.6617967043550348,1646.312278311474,448.8575107891604,-0.1503528140092385
10338,640.7504857346694,64.07504857346693,21.796570607567674,1.346336693336725,5.561792576804692,0.3378333898177019,1646.312278311474,448.8575107891604,-0.1503528140092385
10339,638.6460050809173,63.864600508091726,-2.1044806537520344,-0.12826329609829656,7.666273230556726,0.46566336967489386,1646.312278311474,448.8575107891604,-0.1503528140092385
10340,644.9594470421737,64.49594470421738,6.313441961256331,0.38528406633770995,1.3528312693003954,0.08217343010330429,1646.312278311474,448.8575107891604,-0.1503528140092385
10341,647.0639276959259,64.7063927695926,2.104480653752262,0.12793510852417977,0.0,0.0,1647.063927695926,449.6091601736123,-0.1503528140092385
10342,644.6588560997495,64.46588560997495,-2.4050715961764126,-0.14602175153826114,2.4050715961764126,0.14602175153825764,1647.063927695926,449.6091601736123,-0.1503528140092385
10343,629.9273768378903,62.99273768378904,-14.73147926185925,-0.8957164099547277,17.136550858035662,1.0404302207023588,1647.063927695926,449.6091601736123,-0.1503528140092385
10344,638.3452994528989,63.83452994528989,8.417922615008592,0.5164599806489312,8.71862824302707,0.5293436457699331,1647.063927695926,449.6091601736123,-0.1503528140092385
10345,635.0382256582614,63.50382256582614,-3.3070737946375175,-0.20185450501440938,12.025702037664587,0.7301296467883499,1647.063927695926,449.6091601736123,-0.1503528140092385
10346,642.5542607604032,64.25542607604031,7.516035102141814,0.45968558925377767,4.509666935522773,0.27380035830372024,1647.063927695926,449.6091601736123,-0.1503528140092385
10347,631.2802081071904,63.12802081071904,-11.27405265321272,-0.6863732250765087,15.783719588735494,0.9582942910306647,1647.063927695926,449.6091601736123,-0.1503528140092385
10348,648.7174645932446,64.87174645932446,17.43725648605414,1.068930794316869,0.0,0.0,1648.7174645932446,451.2626970709309,-0.1503528140092385
10349,669.9126239447755,66.99126239447754,21.195159351530947,1.285554366148478,0.0,0.0,1669.9126239447755,472.4578564224619,-0.1503528140092385
10350,686.1472872899444,68.61472872899444,16.234663345168883,0.9721863954066157,0.0,0.0,1686.1472872899444,488.69251976763076,-0.1503528140092385
10351,676.8274771620688,67.68274771620688,-9.319810127875598,-0.5527281156354258,9.319810127875598,0.5527281156354281,1686.1472872899444,488.69251976763076,-0.1503528140092385
10352,697.1207490007328,69.71207490007328,20.29327183866394,1.2102182314551069,0.0,0.0,1697.1207490007328,499.6659814784191,-0.1503528140092385
10353,696.3690996162809,69.63690996162808,-0.7516493844518664,-0.04428968209212458,0.7516493844518664,0.04428968209212212,1697.1207490007328,499.6659814784191,-0.1503528140092385
10354,704.9373750452987,70.49373750452988,8.568275429017831,0.5050949955971218,0.0,0.0,1704.9373750452987,507.48260752298506,-0.1503528140092385
10355,716.3617805125207,71.63617805125206,11.424405467221959,0.6700777186562812,0.0,0.0,1716.3617805125207,518.907012990207,-0.1503528140092385
10356,701.4800631222463,70.14800631222462,-14.881717390274389,-0.8670501498716954,14.881717390274389,0.8670501498717,1716.3617805125207,518.907012990207,-0.1503528140092385
10357,692.61108206521,69.261108206521,-8.868981057036308,-0.5212509537585563,23.750698447310697,1.38378159645448,1716.3617805125207,518.907012990207,-0.1503528140092385
10358,682.8402134953069,68.28402134953069,-9.770868569903087,-0.5772660165961674,33.52156701721378,1.9530595121504017,1716.3617805125207,518.907012990207,-0.1503528140092385
10359,656.0831468813772,65.60831468813772,-26.757066613929737,-1.589994486663382,60.27863363114352,3.5120004602493413,1716.3617805125207,518.907012990207,-0.1503528140092385
10360,669.4616801883419,66.9461680188342,13.378533306964755,0.8078418847603297,46.900100324178766,2.732529986199878,1716.3617805125207,518.907012990207,-0.1503528140092385
10361,678.7816050018118,67.87816050018118,9.319924813469925,0.5582592834606714,37.58017551070884,2.1895253050605143,1716.3617805125207,518.907012990207,-0.1503528140092385
10362,695.1665064753956,69.51665064753956,16.384901473583795,0.9759995835530999,21.195274037125046,1.2348954793665907,1716.3617805125207,518.907012990207,-0.1503528140092385
10363,685.2453997770774,68.52453997770773,-9.921106698318226,-0.585258537165545,31.116380735443272,1.8129266853140744,1716.3617805125207,518.907012990207,-0.1503528140092385
10364,690.3562485974487,69.03562485974489,5.110848820371302,0.30327030241692476,26.00553191507197,1.5151544511382962,1716.3617805125207,518.907012990207,-0.1503528140092385
10365,690.8073070394762,69.08073070394762,0.4510584420274881,0.026684223660056183,25.55447347304448,1.4888745346807766,1716.3617805125207,518.907012990207,-0.1503528140092385
10366,661.0437575733333,66.10437575733332,-29.763549466142877,-1.7603158764588844,55.31802293918736,3.2229815163251256,1716.3617805125207,518.907012990207,-0.1503528140092385
10367,698.323342141618,69.83233421416179,37.27958456828469,2.2443469293516705,18.038438370902668,1.050969473668671,1716.3617805125207,518.907012990207,-0.1503528140092385
10368,669.1610892459178,66.91610892459177,-29.16225289570025,-1.717120183894194,47.20069126660292,2.750043248603938,1716.3617805125207,518.907012990207,-0.1503528140092385
10369,659.3902206760147,65.93902206760147,-9.770868569903087,-0.5853760091134919,56.971559836506,3.31932116429986,1716.3617805125207,518.907012990207,-0.1503528140092385
10370,686.5982310463778,68.65982310463778,27.208010370363127,1.6396390693009355,29.763549466142877,1.734106981644349,1716.3617805125207,518.907012990207,-0.1503528140092385
10371,705.8393772437598,70.58393772437599,19.241146197382022,1.1408257072251793,10.522403268760854,0.6130644126565655,1716.3617805125207,518.907012990207,-0.1503528140092385
10372,712.9043539038739,71.2904353903874,7.064976660114098,0.414164238108361,3.457426608646756,0.20143926810199295,1716.3617805125207,518.907012990207,-0.1503528140092385
10373,706.7412647566266,70.67412647566267,-6.1630891472473195,-0.35980346089967696,9.620515755894075,0.5605179435434239,1716.3617805125207,518.907012990207,-0.1503528140092385
10374,710.6496351217068,71.06496351217066,3.9083703650801453,0.228996066702436,5.71214539081393,0.3328054408848602,1716.3617805125207,518.907012990207,-0.1503528140092385
10375,680.5854947131397,68.05854947131398,-30.064140408567027,-1.7574691971584233,35.77628579938096,2.0844256849332687,1716.3617805125207,518.907012990207,-0.1503528140092385
10376,651.7238327598636,65.17238327598636,-28.861661953276098,-1.7173575544993325,64.63794775265706,3.765986197464476,1716.3617805125207,518.907012990207,-0.1503528140092385
10377,658.4883331631477,65.84883331631477,6.764500403284046,0.40954185373600627,57.87344734937301,3.3718676334130144,1716.3617805125207,518.907012990207,-0.1503528140092385
10378,687.0492894884053,68.70492894884053,28.56095632525762,1.722107762481806,29.31249102411539,1.7078270651868293,1716.3617805125207,518.907012990207,-0.1503528140092385
10379,653.6780752852007,65.36780752852007,-33.371214203204545,-1.9780817555913988,62.68370522731993,3.6521266051847197,1716.3617805125207,518.907012990207,-0.1503528140092385
10380,643.9072067152977,64.39072067152975,-9.770868569903087,-0.5908567523469133,72.45457379722302,4.221404520880641,1716.3617805125207,518.907012990207,-0.1503528140092385
10381,651.8741855738729,65.18741855738728,7.966978858575203,0.484636774267444,64.48759493864782,3.7572262253119653,1716.3617805125207,518.907012990207,-0.1503528140092385
10382,661.4947013297667,66.14947013297667,9.620515755893848,0.582400030214858,54.86707918275397,3.1967082817685544,1716.3617805125207,518.907012990207,-0.1503528140092385
10383,692.0097854947674,69.20097854947673,30.515084165000644,1.8366043623598838,24.351995017753325,1.4188148031635617,1716.3617805125207,518.907012990207,-0.1503528140092385
10384,742.818256184026,74.28182561840259,50.808470689258684,3.0028473313114867,0.0,0.0,1742.818256184026,545.3634886617124,-0.1503528140092385
10385,749.2820509592918,74.92820509592919,6.4637947752657965,0.37088174583497224,0.0,0.0,1749.2820509592918,551.8272834369782,-0.1503528140092385
10386,758.7522139011764,75.87522139011764,9.47016294188461,0.541374270472339,0.0,0.0,1758.7522139011764,561.2974463788628,-0.1503528140092385
10387,757.3993826318763,75.73993826318764,-1.352831269300168,-0.07691994691505499,1.352831269300168,0.07691994691505662,1758.7522139011764,561.2974463788628,-0.1503528140092385
10388,759.6541014140435,75.96541014140435,2.254718782167174,0.12829859873915161,0.0,0.0,1759.6541014140435,562.1993338917298,-0.1503528140092385
10389,735.7531648383178,73.57531648383177,-23.90093657572561,-1.358274706177709,23.90093657572561,1.3582747061777094,1759.6541014140435,562.1993338917298,-0.1503528140092385
10390,729.8906666334947,72.98906666334948,-5.862498204823169,-0.33774953280117925,29.763434780548778,1.6914366725046208,1759.6541014140435,562.1993338917298,-0.1503528140092385
10391,728.6880734926094,72.86880734926093,-1.2025931408852557,-0.06951844784650607,30.966027921434033,1.759779259830099,1759.6541014140435,562.1993338917298,-0.1503528140092385
10392,743.720143696893,74.3720143696893,15.032070204283627,0.8695652173912993,15.933957717150406,0.9055164707851395,1759.6541014140435,562.1993338917298,-0.1503528140092385
10393,743.8704965109021,74.3870496510902,0.15035281400901113,0.008622531233148933,15.783604903141395,0.8969720179925031,1759.6541014140435,562.1993338917298,-0.1503528140092385
10394,734.2499807550082,73.42499807550082,-9.620515755893848,-0.5516760433267431,25.404120659035243,1.4436996815806413,1759.6541014140435,562.1993338917298,-0.1503528140092385
10395,743.8704965109021,74.3870496510902,9.620515755893848,0.5547363911000636,15.783604903141395,0.8969720179925031,1759.6541014140435,562.1993338917298,-0.1503528140092385
10396,732.7466819861045,73.27466819861044,-11.12381452479758,-0.6378807685005206,26.907419427938976,1.5291311744914182,1759.6541014140435,562.1993338917298,-0.1503528140092385
10397,740.1124789598314,74.01124789598315,7.365796973726901,0.42509369951782006,19.541622454212074,1.1105377152537301,1759.6541014140435,562.1993338917298,-0.1503528140092385
10398,733.047387614123,73.3047387614123,-7.065091345708424,-0.40601348654953906,26.6067137999205,1.51204226890612,1759.6541014140435,562.1993338917298,-0.1503528140092385
10399,725.5313525119811,72.55313525119811,-7.516035102141814,-0.43368895483516523,34.12274890206231,1.9391736634285994,1759.6541014140435,562.1993338917298,-0.1503528140092385
10400,753.9419560232295,75.39419560232294,28.410603511248382,1.6464843405997298,5.71214539081393,0.3246175135342621,1759.6541014140435,562.1993338917298,-0.1503528140092385
10401,748.2298106324156,74.82298106324157,-5.71214539081393,-0.3256747106822888,11.42429078162786,0.6492350270685242,1759.6541014140435,562.1993338917298,-0.1503528140092385
10402,736.6550523511846,73.66550523511846,-11.57475828123097,-0.662084481733205,22.99904906285883,1.3070210244375293,1759.6541014140435,562.1993338917298,-0.1503528140092385
10403,713.0547067178832,71.30547067178831,-23.60034563330146,-1.3589541343486666,46.59939469616029,2.648213342537798,1759.6541014140435,562.1993338917298,-0.1503528140092385
10404,728.0867769221668,72.80867769221669,15.032070204283627,0.8775008845505194,31.56732449187666,1.7939505534928382,1759.6541014140435,562.1993338917298,-0.1503528140092385
10405,736.5046995371754,73.65046995371753,8.417922615008592,0.48712383703330975,23.14940187686807,1.3155654772301784,1759.6541014140435,562.1993338917298,-0.1503528140092385
10406,702.3819506351131,70.2381950635113,-34.12274890206231,-1.9650248520005076,57.27215077893038,3.254739140658778,1759.6541014140435,562.1993338917298,-0.1503528140092385
10407,733.1977404281322,73.31977404281322,30.81578979301912,1.8101572200952099,26.45636098591126,1.5034978161134707,1759.6541014140435,562.1993338917298,-0.1503528140092385
10408,726.4332400248479,72.64332400248479,-6.7645004032842735,-0.39029016975370423,33.220861389195534,1.8879199816884196,1759.6541014140435,562.1993338917298,-0.1503528140092385
10409,741.1647192867074,74.11647192867075,14.731479261859477,0.8532898301730762,18.489382127336057,1.0507395807209008,1759.6541014140435,562.1993338917298,-0.1503528140092385
10410,748.53040157484,74.853040157484,7.365682288132575,0.42303190539894064,11.123699839203482,0.6321526389910704,1759.6541014140435,562.1993338917298,-0.1503528140092385
10411,754.9941963501055,75.49941963501054,6.463794775265569,0.36967013953226324,4.659905063937913,0.2648193790014328,1759.6541014140435,562.1993338917298,-0.1503528140092385
10412,758.7522139011764,75.87522139011764,3.758017551070907,0.21413276231263545,0.9018875128670061,0.051253681740192965,1759.6541014140435,562.1993338917298,-0.1503528140092385
10413,762.8108223946715,76.28108223946714,4.058608493495058,0.2307663615952249,0.0,0.0,1762.8108223946715,565.3560548723578,-0.1503528140092385
10414,771.2288596952744,77.12288596952743,8.418037300602919,0.47753492284370314,0.0,0.0,1771.2288596952744,573.7740921729608,-0.1503528140092385
10415,758.6018610871672,75.86018610871672,-12.626998608107215,-0.7128948096678855,12.626998608107215,0.7128948096678815,1771.2288596952744,573.7740921729608,-0.1503528140092385
10416,747.9291050043973,74.79291050043972,-10.672756082769865,-0.6068887062459893,23.29975469087708,1.3154570378265864,1771.2288596952744,573.7740921729608,-0.1503528140092385
10417,755.7458457345574,75.57458457345574,7.816740730160063,0.44720010141030553,15.483013960717017,0.8741396616234416,1771.2288596952744,573.7740921729608,-0.1503528140092385
10418,777.542301656531,77.7542301656531,21.796455921973575,1.2414357109217233,0.0,0.0,1777.542301656531,580.0875341342173,-0.1503528140092385
10419,781.7512629640353,78.17512629640353,4.208961307504296,0.2367854370375344,0.0,0.0,1781.7512629640353,584.2964954417216,-0.1503528140092385
10420,781.9016157780445,78.19016157780445,0.1503528140092385,0.008438485053141598,0.0,0.0,1781.9016157780445,584.4468482557309,-0.1503528140092385
10421,771.3790978236896,77.13790978236896,-10.522517954354953,-0.5905218257384215,10.522517954354953,0.5905218257384222,1781.9016157780445,584.4468482557309,-0.1503528140092385
10422,753.6413650808054,75.36413650808053,-17.73773274288419,-1.0013515889781388,28.260250697239144,1.5859602150312697,1781.9016157780445,584.4468482557309,-0.1503528140092385
10423,756.0464366769818,75.60464366769817,2.4050715961764126,0.13714728929570263,25.85517910106273,1.4509880271797946,1781.9016157780445,584.4468482557309,-0.1503528140092385
10424,752.4387719399201,75.24387719399202,-3.6076647370616683,-0.2054424451262582,29.4628438381244,1.6534495270245224,1781.9016157780445,584.4468482557309,-0.1503528140092385
10425,770.3268574968133,77.03268574968133,17.888085556893202,1.0207538113923054,11.574758281231198,0.6495733646987703,1781.9016157780445,584.4468482557309,-0.1503528140092385
10426,783.5551526753632,78.35551526753632,13.228295178549843,0.7472233233389636,0.0,0.0,1783.5551526753632,586.1003851530495,-0.1503528140092385
10427,784.9079839446636,78.49079839446635,1.3528312693003954,0.07585026273346784,0.0,0.0,1784.9079839446636,587.4532164223499,-0.1503528140092385
10428,795.7310928414427,79.57310928414427,10.823108896779104,0.6063678909015824,0.0,0.0,1795.7310928414427,598.276325319129,-0.1503528140092385
10429,777.8428925989551,77.78428925989552,-17.888200242487528,-0.9961513900270225,17.888200242487528,0.9961513900270256,1795.7310928414427,598.276325319129,-0.1503528140092385
10430,762.3598786382381,76.23598786382382,-15.483013960717017,-0.870887637213158,33.371214203204545,1.8583636679365065,1795.7310928414427,598.276325319129,-0.1503528140092385
10431,775.4378210027787,77.54378210027788,13.077942364540604,0.7420699099576655,20.29327183866394,1.130084115576194,1795.7310928414427,598.276325319129,-0.1503528140092385
10432,777.8428925989551,77.78428925989552,2.4050715961764126,0.13546357792568742,17.888200242487528,0.9961513900270256,1795.7310928414427,598.276325319129,-0.1503528140092385
10433,783.5551526753632,78.35551526753632,5.712260076408029,0.32130286091014426,12.1759401660795,0.6780491920320386,1795.7310928414427,598.276325319129,-0.1503528140092385
10434,781.600910150026,78.1600910150026,-1.954242525337122,-0.10957006417243731,14.130182691416621,0.786876317269641,1795.7310928414427,598.276325319129,-0.1503528140092385
10435,798.2865172516283,79.82865172516283,16.685607101602272,0.936551334619451,0.0,0.0,1798.2865172516283,600.8317497293147,-0.1503528140092385
10436,793.4762593736814,79.34762593736815,-4.810257877946924,-0.2674911829566806,4.810257877946924,0.26749118295668345,1798.2865172516283,600.8317497293147,-0.1503528140092385
10437,809.2599789624169,80.92599789624168,15.783719588735494,0.8800629228427947,0.0,0.0,1809.2599789624169,611.8052114401032,-0.1503528140092385
10438,794.9795581425851,79.49795581425852,-14.280420819831761,-0.7892962308281071,14.280420819831761,0.7892962308281073,1809.2599789624169,611.8052114401032,-0.1503528140092385
10439,785.358927701097,78.53589277010971,-9.620630441488174,-0.5359743735156242,23.901051261319935,1.3210401788153643,1809.2599789624169,611.8052114401032,-0.1503528140092385
10440,791.5221315339384,79.15221315339384,6.163203832841418,0.34520811122149553,17.737847428478517,0.980392405443628,1809.2599789624169,611.8052114401032,-0.1503528140092385
10441,771.3790978236896,77.13790978236896,-20.1430337102488,-1.1243530490467335,37.88088113872732,2.0937223825871296,1809.2599789624169,611.8052114401032,-0.1503528140092385
10442,776.3397085156457,77.63397085156458,4.9606106919561626,0.28004229574858375,32.920270446771156,1.8195433950653366,1809.2599789624169,611.8052114401032,-0.1503528140092385
10443,791.3717787199291,79.1371778719929,15.0320702042834,0.8462384831133818,17.888200242487756,0.9887025883779493,1809.2599789624169,611.8052114401032,-0.1503528140092385
10444,780.8493754511685,78.08493754511684,-10.522403268760627,-0.5873936049321737,28.410603511248382,1.570288617534194,1809.2599789624169,611.8052114401032,-0.1503528140092385
10445,789.4176508801863,78.94176508801863,8.568275429017831,0.4811342018662845,19.84232808223055,1.096709611274872,1809.2599789624169,611.8052114401032,-0.1503528140092385
10446,862.0225774914186,86.20225774914185,72.60492661123226,4.0574611843981145,0.0,0.0,1862.0225774914186,664.5678099691049,-0.1503528140092385
10447,858.4147980687626,85.84147980687627,-3.6077794226559945,-0.1937559440077563,3.6077794226559945,0.19375594400775312,1862.0225774914186,664.5678099691049,-0.1503528140092385
10448,847.8923948000017,84.78923948000016,-10.522403268760854,-0.5662031576424975,14.130182691416849,0.7588620493771628,1862.0225774914186,664.5678099691049,-0.1503528140092385
10449,858.7155036967811,85.8715503696781,10.823108896779331,0.5857001699469011,3.3070737946375175,0.1776065357431338,1862.0225774914186,664.5678099691049,-0.1503528140092385
10450,853.4543020624005,85.34543020624005,-5.261201634380541,-0.28305577824667694,8.568275429018058,0.4601595884278447,1862.0225774914186,664.5678099691049,-0.1503528140092385
10451,856.9116139854532,85.69116139854532,3.457311923052657,0.186533432154512,5.110963505965401,0.2744845077470043,1862.0225774914186,664.5678099691049,-0.1503528140092385
10452,874.0481648434888,87.40481648434888,17.136550858035662,0.9228522633479397,0.0,0.0,1874.0481648434888,676.5933973211752,-0.1503528140092385
10453,868.9373160231175,86.89373160231175,-5.110848820371302,-0.2727170473122875,5.110848820371302,0.272717047312289,1874.0481648434888,676.5933973211752,-0.1503528140092385
10454,858.1142071263384,85.81142071263383,-10.823108896779104,-0.5791049707225882,15.933957717150406,0.8502427000578787,1874.0481648434888,676.5933973211752,-0.1503528140092385
10455,849.5459316973206,84.95459316973206,-8.568275429017831,-0.46112749131115294,24.502233146168237,1.3074494885362,1874.0481648434888,676.5933973211752,-0.1503528140092385
10456,806.8547926806461,80.68547926806463,-42.69113901667447,-2.308195664948798,67.1933721628427,3.5854666610692134,1874.0481648434888,676.5933973211752,-0.1503528140092385
10457,800.0904069629562,80.00904069629561,-6.764385717689947,-0.37437351053840606,73.95775788053265,3.946417134199389,1874.0481648434888,676.5933973211752,-0.1503528140092385
10458,821.7366247565149,82.17366247565148,21.646217793558662,1.2025072579592955,52.31154008697399,2.791365828708185,1874.0481648434888,676.5933973211752,-0.1503528140092385
10459,795.4305018990185,79.54305018990185,-26.306122857496348,-1.4440135033796264,78.61766294447034,4.195071632592543,1874.0481648434888,676.5933973211752,-0.1503528140092385
10460,788.2150577393011,78.8215057739301,-7.2154441597174355,-0.40187822096626746,85.83310710418777,4.580090774313483,1874.0481648434888,676.5933973211752,-0.1503528140092385
10461,791.3717787199291,79.1371778719929,3.1567209806280516,0.17652915777472966,82.67638612355972,4.4116468122079695,1874.0481648434888,676.5933973211752,-0.1503528140092385
10462,822.4881594553724,82.24881594553723,31.116380735443272,1.7370141198538969,51.56000538811645,2.7512636204001986,1874.0481648434888,676.5933973211752,-0.1503528140092385
10463,830.1545473715234,83.01545473715235,7.666387916151052,0.4206550191493186,43.8936174719654,2.342181929760123,1874.0481648434888,676.5933973211752,-0.1503528140092385
10464,838.1215262300987,83.81215262300987,7.966978858575203,0.4353172725231058,35.926638613390196,1.917060579731184,1874.0481648434888,676.5933973211752,-0.1503528140092385
10465,857.81350149832,85.781350149832,19.691975268221313,1.0713097576637631,16.234663345168883,0.8662884791183967,1874.0481648434888,676.5933973211752,-0.1503528140092385
10466,872.2443898177551,87.22443898177549,14.430888319435098,0.7767673293253896,1.8037750257337848,0.0962501956765037,1874.0481648434888,676.5933973211752,-0.1503528140092385
10467,861.7218718634001,86.17218718634001,-10.522517954354953,-0.5620269453914251,12.326292980088738,0.6577361890332295,1874.0481648434888,676.5933973211752,-0.1503528140092385
10468,879.4597192918784,87.94597192918785,17.73784742847829,0.9527657002130319,0.0,0.0,1879.4597192918784,682.0049517695647,-0.1503528140092385
10469,885.773161253135,88.5773161253135,6.313441961256558,0.3359179181363414,0.0,0.0,1885.773161253135,688.3183937308213,-0.1503528140092385
10470,899.1516945600997,89.91516945600996,13.378533306964755,0.7094455251486664,0.0,0.0,1899.1516945600997,701.696927037786,-0.1503528140092385
10471,894.0408457397286,89.40408457397287,-5.110848820371075,-0.2691121954612963,5.110848820371075,0.26911219546129517,1899.1516945600997,701.696927037786,-0.1503528140092385
10472,879.008775535445,87.9008775535445,-15.032070204283627,-0.7936507936508019,20.142919024654702,1.0606271780370027,1899.1516945600997,701.696927037786,-0.1503528140092385
10473,891.7860122719671,89.17860122719672,12.777236736522127,0.6799987792968754,7.365682288132575,0.38784065060367323,1899.1516945600997,701.696927037786,-0.1503528140092385
10474,879.3093664778692,87.93093664778691,-12.476645794097976,-0.6595167589337425,19.84232808223055,1.0447995354487272,1899.1516945600997,701.696927037786,-0.1503528140092385
10475,878.2571261509931,87.8257126150993,-1.0522403268760172,-0.05599079883521485,20.89456840910657,1.10020534267782,1899.1516945600997,701.696927037786,-0.1503528140092385
10476,882.4662021440918,88.24662021440916,4.209075993098622,0.22409477033231706,16.685492416007946,0.8785760749813514,1899.1516945600997,701.696927037786,-0.1503528140092385
10477,878.2571261509931,87.8257126150993,-4.209075993098622,-0.22359370852472749,20.89456840910657,1.10020534267782,1899.1516945600997,701.696927037786,-0.1503528140092385
10478,885.4725703107106,88.54725703107104,7.2154441597174355,0.38415635746866794,13.679124249389133,0.7202754939782536,1899.1516945600997,701.696927037786,-0.1503528140092385
10479,895.2434388806139,89.52434388806138,9.770868569903314,0.5182185476340972,3.908255679485819,0.20578954754802187,1899.1516945600997,701.696927037786,-0.1503528140092385
10480,894.1911985537376,89.41911985537376,-1.0522403268762446,-0.05552006171289925,4.960496006362064,0.2611953547771266,1899.1516945600997,701.696927037786,-0.1503528140092385
10481,909.2232687580213,90.92232687580213,15.032070204283627,0.7935877970376426,0.0,0.0,1909.2232687580213,711.7685012357076,-0.1503528140092385
10482,888.4789384773296,88.84789384773298,-20.744330280691656,-1.08653244595045,20.744330280691656,1.0865324459504495,1909.2232687580213,711.7685012357076,-0.1503528140092385
10483,878.8584227214358,87.88584227214358,-9.620515755893848,-0.5094319857043672,30.364846036585504,1.5904292878400912,1909.2232687580213,711.7685012357076,-0.1503528140092385
10484,883.3680896569585,88.33680896569585,4.509666935522773,0.2400216472399519,25.85517910106273,1.3542250151749888,1909.2232687580213,711.7685012357076,-0.1503528140092385
10485,882.3158493300825,88.23158493300825,-1.0522403268760172,-0.055870136732949494,26.90741942793875,1.4093385445402848,1909.2232687580213,711.7685012357076,-0.1503528140092385
10486,889.9822372462334,88.99822372462334,7.666387916150825,0.4072848836118137,19.241031511787924,1.0077936837792945,1909.2232687580213,711.7685012357076,-0.1503528140092385
10487,884.4203299838346,88.44203299838344,-5.56190726239879,-0.29428357329446264,24.802938774186714,1.2991114858096928,1909.2232687580213,711.7685012357076,-0.1503528140092385
10488,891.6356594579579,89.1635659457958,7.215329474123337,0.38289384588550135,17.587609300063377,0.9211918578545496,1909.2232687580213,711.7685012357076,-0.1503528140092385
10489,878.8584227214358,87.88584227214358,-12.777236736522127,-0.6754597098356352,30.364846036585504,1.5904292878400912,1909.2232687580213,711.7685012357076,-0.1503528140092385
10490,883.9693862274012,88.39693862274012,5.110963505965401,0.27202494047222636,25.253882530620103,1.3227307116913642,1909.2232687580213,711.7685012357076,-0.1503528140092385
10491,861.7218718634001,86.17218718634001,-22.247514364001063,-1.1808851315015856,47.501396894621166,2.487995912888781,1909.2232687580213,711.7685012357076,-0.1503528140092385
10492,846.2388579026831,84.62388579026832,-15.483013960717017,-0.8316502155727545,62.98441085533818,3.2989547050885513,1909.2232687580213,711.7685012357076,-0.1503528140092385
10493,832.7099717817091,83.2709971781709,-13.528886120973993,-0.7327809217677728,76.51329697631218,4.0075615161596705,1909.2232687580213,711.7685012357076,-0.1503528140092385
10494,847.7420419859925,84.77420419859925,15.0320702042834,0.8202099860715961,61.481226772028776,3.220221949841584,1909.2232687580213,711.7685012357076,-0.1503528140092385
10495,813.3185874559119,81.33185874559119,-34.42345453008056,-1.863001097982353,95.90468130210934,5.023230277540918,1909.2232687580213,711.7685012357076,-0.1503528140092385
10496,830.1545473715234,83.01545473715235,16.83595991561151,0.9284612219870425,79.06872138649783,4.141407800771946,1909.2232687580213,711.7685012357076,-0.1503528140092385
10497,824.5926401091247,82.45926401091246,-5.56190726239879,-0.3039036932911965,84.63062864889662,4.432725602802344,1909.2232687580213,711.7685012357076,-0.1503528140092385
10498,820.083087859196,82.00830878591961,-4.509552249928674,-0.24715392086964716,89.14018089882529,4.668923868543271,1909.2232687580213,711.7685012357076,-0.1503528140092385
10499,781.7512629640353,78.17512629640353,-38.33182489516071,-2.106048078291145,127.472005793986,6.676642165424082,1909.2232687580213,711.7685012357076,-0.1503528140092385
10500,780.0977260667166,78.00977260667166,-1.653536897318645,-0.09280402555000844,129.12554269130464,6.763249998273004,1909.2232687580213,711.7685012357076,-0.1503528140092385
10501,817.3773106350013,81.73773106350014,37.27958456828469,2.094243704847454,91.84595812301995,4.810645230757488,1909.2232687580213,711.7685012357076,-0.1503528140092385
10502,817.0766050069828,81.70766050069828,-0.300705628018477,-0.01654613085895207,92.14666375103843,4.826395385961393,1909.2232687580213,711.7685012357076,-0.1503528140092385
10503,777.542301656531,77.7542301656531,-39.534303350451864,-2.1757092266509015,131.6809671014903,6.897096282885279,1909.2232687580213,711.7685012357076,-0.1503528140092385
10504,805.501961411346,80.55019614113459,27.959659754814993,1.5729392053712932,103.7213073466753,5.432644208979686,1909.2232687580213,711.7685012357076,-0.1503528140092385
10505,770.777915938841,77.0777915938841,-34.72404547250494,-1.923234990304934,138.44535281918024,7.25139668495875,1909.2232687580213,711.7685012357076,-0.1503528140092385
10506,740.4130699022555,74.04130699022555,-30.364846036585504,-1.7147743804161064,168.81019885576575,8.84182597279884,1909.2232687580213,711.7685012357076,-0.1503528140092385
10507,702.8328943915467,70.28328943915467,-37.58017551070884,-2.1592675992038735,206.3903743664746,10.810174888594075,1909.2232687580213,711.7685012357076,-0.1503528140092385
10508,724.1784065570866,72.41784065570866,21.345512165539958,1.2535294705571909,185.04486220093463,9.692154146084189,1909.2232687580213,711.7685012357076,-0.1503528140092385
10509,721.7733349609102,72.17733349609104,-2.4050715961764126,-0.1394908779178472,187.44993379711104,9.818125353094512,1909.2232687580213,711.7685012357076,-0.1503528140092385
10510,831.6577314548329,83.16577314548329,109.88439649392262,6.382047756385845,77.56553730318842,4.062675045524979,1909.2232687580213,711.7685012357076,-0.1503528140092385
10511,839.1737665569747,83.91737665569747,7.516035102141814,0.41034058782216665,70.04950220104661,3.6690052623659293,1909.2232687580213,711.7685012357076,-0.1503528140092385
10512,869.3882597795509,86.9388259779551,30.214493222576266,1.6428297190830055,39.83500897847034,2.0864510521277913,1909.2232687580213,711.7685012357076,-0.1503528140092385
10513,920.9482651676674,92.09482651676674,51.56000538811645,2.7581218143627684,0.0,0.0,1920.9482651676674,723.4934976453537,-0.1503528140092385
10514,888.7796441053481,88.87796441053482,-32.16862106231929,-1.6746219378017235,32.16862106231929,1.6746219378017186,1920.9482651676674,723.4934976453537,-0.1503528140092385
10515,918.5430788858969,91.85430788858969,29.763434780548778,1.5758023903654772,2.4051862817705114,0.1252082799616979,1920.9482651676674,723.4934976453537,-0.1503528140092385
10516,927.7127655709517,92.77127655709516,9.169686685054785,0.4779505232887171,0.0,0.0,1927.7127655709517,730.257998048638,-0.1503528140092385
10517,923.3533367638438,92.33533367638438,-4.359428807107861,-0.226145143870371,4.359428807107861,0.22614514387036708,1927.7127655709517,730.257998048638,-0.1503528140092385
10518,956.8747890954635,95.68747890954634,33.521452331619685,1.7428650103376908,0.0,0.0,1956.8747890954635,759.4200215731498,-0.1503528140092385
10519,945.4504983138356,94.54504983138357,-11.42429078162786,-0.583802849588988,11.42429078162786,0.5838028495889903,1956.8747890954635,759.4200215731498,-0.1503528140092385
10520,961.6851616590045,96.16851616590046,16.234663345168883,0.834493777109202,0.0,0.0,1961.6851616590045,764.2303941366908,-0.1503528140092385
10521,986.337747619182,98.63377476191819,24.652585960177475,1.2567045131405719,0.0,0.0,1986.337747619182,788.8829800968683,-0.1503528140092385
10522,993.5530770933053,99.35530770933055,7.215329474123337,0.363247865715266,0.0,0.0,1993.5530770933053,796.0983095709917,-0.1503528140092385
10523,996.4092071315094,99.64092071315093,2.856130038204128,0.1432683218230979,0.0,0.0,1996.4092071315094,798.9544396091958,-0.1503528140092385
10524,1019.5587236939716,101.95587236939718,23.149516562462168,1.1595576938719931,0.0,0.0,2019.5587236939716,822.103956171658,-0.1503528140092385
10525,1038.3488114493261,103.8348811449326,18.790087755354534,0.9304056145980955,0.0,0.0,2038.3488114493261,840.8940439270125,-0.1503528140092385
10526,1031.1332526040144,103.11332526040142,-7.215558845311762,-0.35399038696332097,7.215558845311762,0.35399038696332286,2038.3488114493261,840.8940439270125,-0.1503528140092385
10527,1040.7537683599082,104.07537683599082,9.620515755893848,0.47365261454705987,0.0,0.0,2040.7537683599082,843.2990008375946,-0.1503528140092385
10528,1040.0023483466448,104.00023483466447,-0.7514200132634414,-0.03682070933365145,0.7514200132634414,0.0368207093336564,2040.7537683599082,843.2990008375946,-0.1503528140092385
10529,1044.9627296674125,104.49627296674126,4.960381320767738,0.2431556671877333,0.0,0.0,2044.9627296674125,847.5079621450989,-0.1503528140092385
10530,1038.0481058213077,103.80481058213076,-6.91462384610486,-0.3381295779033344,6.91462384610486,0.3381295779033311,2044.9627296674125,847.5079621450989,-0.1503528140092385
10531,1034.4403263986517,103.44403263986517,-3.6077794226559945,-0.17702130839556407,10.522403268760854,0.5145523248960234,2044.9627296674125,847.5079621450989,-0.1503528140092385
10532,1027.675940680962,102.76759406809619,-6.76438571768972,-0.33249369027520403,17.286788986450574,0.8453351611577807,2044.9627296674125,847.5079621450989,-0.1503528140092385
10533,1044.6622534105825,104.46622534105825,16.986312729620522,0.837723247035016,0.3004762568300521,0.014693483283136449,2044.9627296674125,847.5079621450989,-0.1503528140092385
10534,1041.0544739879267,104.10544739879266,-3.607779422655767,-0.1764486734490145,3.908255679485819,0.1911162302758177,2044.9627296674125,847.5079621450989,-0.1503528140092385
10535,1048.7207472184837,104.87207472184838,7.666273230556953,0.3756035582714423,0.0,0.0,2048.7207472184837,851.26597969617,-0.1503528140092385
10536,1040.15258647506,104.015258647506,-8.568160743423732,-0.41822004072817887,8.568160743423732,0.4182200407281759,2048.7207472184837,851.26597969617,-0.1503528140092385
10537,1051.877582884706,105.1877582884706,11.72499640964611,0.5747117390814571,0.0,0.0,2051.877582884706,854.4228153623924,-0.1503528140092385
10538,1040.3028246034748,104.0302824603475,-11.574758281231198,-0.5641056941105838,11.574758281231198,0.5641056941105816,2051.877582884706,854.4228153623924,-0.1503528140092385
10539,1045.5641409234495,104.55641409234495,5.2613163199746396,0.25786938372724943,6.313441961256558,0.30769096626030573,2051.877582884706,854.4228153623924,-0.1503528140092385
10540,1034.2900882702368,103.42900882702368,-11.27405265321272,-0.5511463770636493,17.58749461446928,0.8571415157108577,2051.877582884706,854.4228153623924,-0.1503528140092385
10541,1006.3304285154218,100.6330428515422,-27.959659754814993,-1.3744185215290083,45.54715436928427,2.219779325492224,2051.877582884706,854.4228153623924,-0.1503528140092385
10542,1034.2900882702368,103.42900882702368,27.959659754814993,1.3935720336706314,17.58749461446928,0.8571415157108577,2051.877582884706,854.4228153623924,-0.1503528140092385
10543,1067.0598912174046,106.70598912174047,32.76980294716782,1.6108716812867074,0.0,0.0,2067.0598912174046,869.6051236950909,-0.1503528140092385
10544,1052.629232269158,105.26292322691577,-14.430658948246673,-0.6981248588664557,14.430658948246673,0.6981248588664584,2067.0598912174046,869.6051236950909,-0.1503528140092385
10545,1055.9363060637952,105.59363060637952,3.30707379463729,0.16111403572780514,11.123585153609383,0.5381356002732023,2067.0598912174046,869.6051236950909,-0.1503528140092385
10546,1043.1589546416787,104.31589546416787,-12.777351422116453,-0.6214857622014236,23.900936575725837,1.156276926337595,2067.0598912174046,869.6051236950909,-0.1503528140092385
10547,1048.4202709616534,104.84202709616532,5.2613163199746396,0.2575089083510562,18.639620255751197,0.9017455340770657,2067.0598912174046,869.6051236950909,-0.1503528140092385
10548,1024.2186287579093,102.42186287579091,-24.201642203744086,-1.1814783590470168,42.84126245949528,2.0725699647852833,2067.0598912174046,869.6051236950909,-0.1503528140092385
10549,1024.8198106427578,102.48198106427577,0.6011818848485291,0.029699454214471288,42.240080574646754,2.0434860525385776,2067.0598912174046,869.6051236950909,-0.1503528140092385
10550,994.0040208497389,99.40040208497389,-30.815789793018894,-1.52190281974951,73.05587036766565,3.534289000433318,2067.0598912174046,869.6051236950909,-0.1503528140092385
10551,992.8016570800419,99.2801657080042,-1.2023637696970582,-0.060298964150773404,74.2582341373627,3.5924568249267304,2067.0598912174046,869.6051236950909,-0.1503528140092385
10552,992.2002458240052,99.22002458240051,-0.6014112560367266,-0.03017918285544985,74.85964539339943,3.621551833667988,2067.0598912174046,869.6051236950909,-0.1503528140092385
10553,1017.7547192970494,101.77547192970495,25.554473473044254,1.2827261479668506,49.30517192035518,2.3852802780337763,2067.0598912174046,869.6051236950909,-0.1503528140092385
10554,1058.641968602396,105.86419686023957,40.887249305346586,2.0263736178791403,8.417922615008592,0.4072413504211925,2067.0598912174046,869.6051236950909,-0.1503528140092385
10555,1058.792436101999,105.8792436101999,0.1504674996031099,0.007309065971550233,8.267455115405483,0.39996204998861096,2067.0598912174046,869.6051236950909,-0.1503528140092385
10556,1073.6740388066796,107.36740388066796,14.881602704680517,0.7228316193378159,0.0,0.0,2073.6740388066796,876.219271284366,-0.1503528140092385
10557,1090.8105896647153,109.08105896647152,17.136550858035662,0.8263859477112945,0.0,0.0,2090.8105896647153,893.3558221424016,-0.1503528140092385
10558,1090.8105896647153,109.08105896647152,0.0,0.0,0.0,0.0,2090.8105896647153,893.3558221424016,-0.1503528140092385
10559,1094.7190747153895,109.47190747153894,3.908485050674244,0.1869363523407941,0.0,0.0,2094.7190747153895,897.2643071930759,-0.1503528140092385
10560,1089.0068146389813,108.90068146389811,-5.712260076408256,-0.2726981457971567,5.712260076408256,0.2726981457971582,2094.7190747153895,897.2643071930759,-0.1503528140092385
10561,1077.4320563577503,107.74320563577504,-11.57475828123097,-0.5540794888805212,17.287018357639226,0.825266670185262,2094.7190747153895,897.2643071930759,-0.1503528140092385
10562,1055.4853623073618,105.54853623073619,-21.946694050388487,-1.0564337824297554,39.23371240802771,1.87298205671605,2094.7190747153895,897.2643071930759,-0.1503528140092385
10563,1048.7207472184837,104.87207472184838,-6.764615088878145,-0.32910062085212965,45.99832749690586,2.1959186819910768,2094.7190747153895,897.2643071930759,-0.1503528140092385
10564,1011.8922210922265,101.18922210922263,-36.8285261262572,-1.7976352402472973,82.82685362316306,3.9540793141637276,2094.7190747153895,897.2643071930759,-0.1503528140092385
10565,1005.729017259385,100.57290172593851,-6.163203832841418,-0.30633866805724885,88.99005745600448,4.248305108316044,2094.7190747153895,897.2643071930759,-0.1503528140092385
10566,1018.3561305530864,101.83561305530864,12.627113293701314,0.6295523066697672,76.36294416230317,3.6454981044500503,2094.7190747153895,897.2643071930759,-0.1503528140092385
10567,1064.3542286788038,106.43542286788036,45.99809812571743,2.278988203787047,30.364846036585732,1.4495903724327053,2094.7190747153895,897.2643071930759,-0.1503528140092385
10568,1040.3028246034748,104.0302824603475,-24.051404075328946,-1.1650812511340147,54.41625011191468,2.5977827179192627,2094.7190747153895,897.2643071930759,-0.1503528140092385
10569,1014.297407373997,101.42974073739967,-26.00541722947787,-1.2745861504422473,80.42166734139255,3.839257889620329,2094.7190747153895,897.2643071930759,-0.1503528140092385
10570,1012.3431648486599,101.234316484866,-1.954242525337122,-0.09701856926306318,82.37590986672967,3.932551665808558,2094.7190747153895,897.2643071930759,-0.1503528140092385
10571,1026.1726419120582,102.6172641912058,13.829477063398372,0.6872325408990854,68.5464328033313,3.272344899644585,2094.7190747153895,897.2643071930759,-0.1503528140092385
10572,1002.5724109643509,100.25724109643508,-23.60023094770736,-1.164769006328914,92.14666375103866,4.398998646802253,2094.7190747153895,897.2643071930759,-0.1503528140092385
10573,992.6511895804385,99.26511895804386,-9.921221383912325,-0.49542385232076436,102.06788513495098,4.872628810563488,2094.7190747153895,897.2643071930759,-0.1503528140092385
10574,995.5073196186427,99.55073196186426,2.856130038204128,0.14333316604224766,99.21175509674686,4.736279737664908,2094.7190747153895,897.2643071930759,-0.1503528140092385
10575,1011.2910392073779,101.12910392073778,15.783719588735266,0.7909627508533301,83.42803550801159,3.9827791953127174,2094.7190747153895,897.2643071930759,-0.1503528140092385
10576,1027.5257025525468,102.75257025525465,16.234663345168883,0.8071762379832759,67.1933721628427,3.2077510046053455,2094.7190747153895,897.2643071930759,-0.1503528140092385
10577,1019.4082561943683,101.94082561943682,-8.11744635817854,-0.4003621925955936,75.31081852102125,3.595270574945892,2094.7190747153895,897.2643071930759,-0.1503528140092385
10578,1027.8261788093769,102.78261788093768,8.417922615008592,0.41685095567909336,66.89289590601265,3.1934065390177166,2094.7190747153895,897.2643071930759,-0.1503528140092385
10579,1001.5200559518805,100.15200559518806,-26.306122857496348,-1.2972572862700593,93.199018763509,4.449237126280143,2094.7190747153895,897.2643071930759,-0.1503528140092385
10580,984.5339725934484,98.45339725934483,-16.986083358432097,-0.848659163215526,110.1851021219411,5.260137430930302,2094.7190747153895,897.2643071930759,-0.1503528140092385
10581,1032.9372570009364,103.29372570009366,48.403284407487945,2.4390252359466125,61.781817714453155,2.9494082743695587,2094.7190747153895,897.2643071930759,-0.1503528140092385
10582,994.9061377337941,99.49061377337942,-38.03111926714223,-1.870747320714028,99.81293698159539,4.764979618813898,2094.7190747153895,897.2643071930759,-0.1503528140092385
10583,976.7172318632881,97.67172318632882,-18.188905870506005,-0.9117675025637317,118.00184285210139,5.633301585709499,2094.7190747153895,897.2643071930759,-0.1503528140092385
10584,1002.1214672079175,100.21214672079175,25.404235344629342,1.285172959244285,92.59760750747205,4.420526295157423,2094.7190747153895,897.2643071930759,-0.1503528140092385
10585,975.9655824788363,97.59655824788362,-26.155884729081208,-1.3064084850734514,118.75349223655326,5.669184649626029,2094.7190747153895,897.2643071930759,-0.1503528140092385
10586,1099.5292179077423,109.95292179077425,123.56363542890608,6.253329335518898,0.0,0.0,2099.5292179077423,902.0744503854287,-0.1503528140092385
10587,1119.371660675567,111.93716606755669,19.84244276782465,0.945090099179402,0.0,0.0,2119.371660675567,921.9168931532533,-0.1503528140092385
10588,1118.0186000350782,111.80186000350783,-1.3530606404888204,-0.0638425371818685,1.3530606404888204,0.06384253718187027,2119.371660675567,921.9168931532533,-0.1503528140092385
10589,1137.5603371748844,113.7560337174884,19.541737139806173,0.9226423762039859,0.0,0.0,2137.5603371748844,940.1055696525707,-0.1503528140092385
10590,1146.1287272894965,114.61287272894967,8.568390114612157,0.40084904110526676,0.0,0.0,2146.1287272894965,948.6739597671829,-0.1503528140092385
10591,1174.9902745571785,117.49902745571785,28.861547267682,1.3448190176426733,0.0,0.0,2174.9902745571785,977.5355070348648,-0.1503528140092385
10592,1185.662915954354,118.56629159543539,10.67264139717554,0.49069835033392906,0.0,0.0,2185.662915954354,988.2081484320404,-0.1503528140092385
10593,1186.113859710788,118.6113859710788,0.4509437564338441,0.020631898594336562,0.0,0.0,2186.113859710788,988.6590921884742,-0.1503528140092385
10594,1185.5126778259391,118.55126778259391,-0.6011818848487565,-0.027500026230486974,0.6011818848487565,0.027500026230485992,2186.113859710788,988.6590921884742,-0.1503528140092385
10595,1187.7673966081065,118.77673966081063,2.2547187821674015,0.10316658443776383,0.0,0.0,2187.7673966081065,990.3126290857929,-0.1503528140092385
10596,1195.5841373382668,119.55841373382667,7.816740730160291,0.3572930441453348,0.0,0.0,2195.584137338267,998.1293698159532,-0.1503528140092385
10597,1191.8261197871957,119.18261197871955,-3.758017551071134,-0.17116253880513632,3.758017551071134,0.17116253880514112,2195.584137338267,998.1293698159532,-0.1503528140092385
10598,1206.5574843634608,120.6557484363461,14.73136457626515,0.672104618303182,0.0,0.0,2206.557484363461,1009.1027168411472,-0.1503528140092385
10599,1225.948983374852,122.5948983374852,19.39149901139126,0.8788123195886399,0.0,0.0,2225.948983374852,1028.4942158525384,-0.1503528140092385
10600,1212.8711556959056,121.28711556959058,-13.077827678946505,-0.5875169546392112,13.077827678946505,0.5875169546392154,2225.948983374852,1028.4942158525384,-0.1503528140092385
10601,1213.1716319527359,121.3171631952736,0.30047625683027945,0.01357856990711337,12.777351422116226,0.5740181611325145,2225.948983374852,1028.4942158525384,-0.1503528140092385
10602,1229.1055896698863,122.91055896698863,15.933957717150406,0.7199603269400168,0.0,0.0,2229.1055896698863,1031.6508221475726,-0.1503528140092385
10603,1223.5437970930816,122.35437970930816,-5.561792576804692,-0.2495078116792282,5.561792576804692,0.24950781167922834,2229.1055896698863,1031.6508221475726,-0.1503528140092385
10604,1216.4787057473732,121.64787057473734,-7.065091345708424,-0.31774014772926185,12.626883922513116,0.5664551729190658,2229.1055896698863,1031.6508221475726,-0.1503528140092385
10605,1214.8251688500545,121.48251688500547,-1.653536897318645,-0.07460197533281088,14.280420819831761,0.6406345615035035,2229.1055896698863,1031.6508221475726,-0.1503528140092385
10606,1184.7610284414873,118.47610284414873,-30.064140408567255,-1.3574046760619352,44.344561228399016,1.9893432340711195,2229.1055896698863,1031.6508221475726,-0.1503528140092385
10607,1199.642860517356,119.9642860517356,14.881832075868715,0.6811652113039024,29.4627291525303,1.3217287368111401,2229.1055896698863,1031.6508221475726,-0.1503528140092385
10608,1156.3504249302391,115.63504249302392,-43.29243558711687,-1.9681574842988159,72.75516473964717,3.2638725180542774,2229.1055896698863,1031.6508221475726,-0.1503528140092385
10609,1137.5603371748844,113.7560337174884,-18.79008775535476,-0.8713837759446119,91.54525249500193,4.106815438409048,2229.1055896698863,1031.6508221475726,-0.1503528140092385
10610,1169.8794257368072,116.9879425736807,32.319088561922854,1.5119614637235212,59.22616393307908,2.6569474415005176,2229.1055896698863,1031.6508221475726,-0.1503528140092385
10611,1142.0700041104074,114.20700041104075,-27.809421626399853,-1.2816113787961658,87.03558555947893,3.9045070795577814,2229.1055896698863,1031.6508221475726,-0.1503528140092385
10612,1168.075421339885,116.80754213398852,26.005417229477644,1.2140320895010825,61.03016833000129,2.7378769589393652,2229.1055896698863,1031.6508221475726,-0.1503528140092385
10613,1164.9188150448513,116.49188150448512,-3.1566062950337255,-0.14559485633959257,64.18677462503501,2.879485607253831,2229.1055896698863,1031.6508221475726,-0.1503528140092385
10614,1194.2313060689662,119.42313060689659,29.312491024114934,1.3539764549326927,34.87428360092008,1.56449670946654,2229.1055896698863,1031.6508221475726,-0.1503528140092385
10615,1170.3303694932406,117.03303694932407,-23.90093657572561,-1.089262399530011,58.77522017664569,2.6367176345984515,2229.1055896698863,1031.6508221475726,-0.1503528140092385
10616,1159.9582043528949,115.99582043528952,-10.372165140345714,-0.47790720187763647,69.1473853169914,3.102023773007164,2229.1055896698863,1031.6508221475726,-0.1503528140092385
10617,1152.7428748787715,115.27428748787716,-7.215329474123337,-0.3340494950125672,76.36271479111474,3.4257109732708306,2229.1055896698863,1031.6508221475726,-0.1503528140092385
10618,1146.1287272894965,114.61287272894967,-6.614147589275035,-0.3072428048169762,82.97686238038978,3.722428527608601,2229.1055896698863,1031.6508221475726,-0.1503528140092385
10619,1128.090288918594,112.80902889185941,-18.03843837090244,-0.8405105500677301,101.01530075129222,4.531651673183046,2229.1055896698863,1031.6508221475726,-0.1503528140092385
10620,1137.5603371748844,113.7560337174884,9.470048256290283,0.44500218367626854,91.54525249500193,4.106815438409048,2229.1055896698863,1031.6508221475726,-0.1503528140092385
10621,1165.5199969296996,116.55199969296994,27.95965975481522,1.3080173349290458,63.58559274018671,2.852515961327936,2229.1055896698863,1031.6508221475726,-0.1503528140092385
10622,1200.2440424022043,120.02440424022045,34.72404547250471,1.6034968747338674,28.861547267682,1.294759090885245,2229.1055896698863,1031.6508221475726,-0.1503528140092385
10623,1210.61620754255,121.06162075425502,10.372165140345714,0.47140975912023375,18.489382127336285,0.8294529524765322,2229.1055896698863,1031.6508221475726,-0.1503528140092385
10624,1213.1716319527359,121.3171631952736,2.5554244101858785,0.11559783201926521,15.933957717150406,0.7148139500879411,2229.1055896698863,1031.6508221475726,-0.1503528140092385
10625,1221.740022067348,122.1740022067348,8.568390114612157,0.3871543440601588,7.365567602538249,0.3304270392874944,2229.1055896698863,1031.6508221475726,-0.1503528140092385
10626,1252.856288117197,125.28562881171972,31.116266049848946,1.4005358746202345,0.0,0.0,2252.856288117197,1055.4015205948833,-0.1503528140092385
10627,1230.0077065539413,123.00077065539412,-22.84858156325572,-1.0142050198129193,22.84858156325572,1.014205019812924,2252.856288117197,1055.4015205948833,-0.1503528140092385
10628,1231.8114815796753,123.18114815796753,1.8037750257340122,0.08088649292254946,21.04480653752171,0.9341388817619478,2252.856288117197,1055.4015205948833,-0.1503528140092385
10629,1219.1845976571622,121.91845976571622,-12.626883922513116,-0.5657683915836764,33.671690460034824,1.4946222108191205,2252.856288117197,1055.4015205948833,-0.1503528140092385
10630,1230.1579446823566,123.01579446823565,10.973347025194471,0.4944765314602195,22.698343434840353,1.0075362354253974,2252.856288117197,1055.4015205948833,-0.1503528140092385
10631,1213.6225757091693,121.36225757091692,-16.53536897318736,-0.7414438521098798,39.23371240802771,1.7415097720599353,2252.856288117197,1055.4015205948833,-0.1503528140092385
10632,1209.5640819012683,120.95640819012684,-4.058493807900959,-0.1833417246659974,43.29220621592867,1.9216585826746062,2252.856288117197,1055.4015205948833,-0.1503528140092385
10633,1226.099221503267,122.6099221503267,16.535139601998708,0.7483439714394136,26.757066613929965,1.187695227390289,2252.856288117197,1055.4015205948833,-0.1503528140092385
10634,1226.700632759304,122.67006327593042,0.601411256036954,0.02701637241626642,26.15565535789301,1.1609997271398234,2252.856288117197,1055.4015205948833,-0.1503528140092385
10635,1197.0874361071706,119.70874361071706,-29.61319665213341,-1.3299136945695733,55.76885201002642,2.4754731273442525,2252.856288117197,1055.4015205948833,-0.1503528140092385
10636,1233.9159622334273,123.39159622334273,36.82852612625675,1.6762430807719664,18.940325883769674,0.8407249935857591,2252.856288117197,1055.4015205948833,-0.1503528140092385
10637,1231.5107759516568,123.15107759516567,-2.4051862817705114,-0.10766682016837281,21.345512165540185,0.9474866318871806,2252.856288117197,1055.4015205948833,-0.1503528140092385
10638,1242.9352961044729,124.29352961044731,11.424520152816058,0.511963476759103,9.920992012724128,0.4403739406305185,2252.856288117197,1055.4015205948833,-0.1503528140092385
10639,1295.6977799478805,129.56977799478807,52.76248384340761,2.35238546270351,0.0,0.0,2295.6977799478805,1098.2430124255668,-0.1503528140092385
10640,1313.8864564471978,131.3886456447198,18.188676499317353,0.7922940318272342,0.0,0.0,2313.886456447198,1116.4316889248842,-0.1503528140092385
10641,1300.8086287682513,130.0808628768251,-13.077827678946505,-0.5651888251693493,13.077827678946505,0.565188825169345,2313.886456447198,1116.4316889248842,-0.1503528140092385
10642,1278.5612290898448,127.85612290898447,-22.24739967840651,-0.9669382929216819,35.325227357353015,1.5266620909131512,2313.886456447198,1116.4316889248842,-0.1503528140092385
10643,1261.2742107322056,126.12742107322057,-17.287018357639226,-0.7586813177078544,52.61224571499224,2.2737609085527244,2313.886456447198,1116.4316889248842,-0.1503528140092385
10644,1248.0461449248442,124.8046144924844,-13.228065807361418,-0.5849828271414337,65.84031152235366,2.8454426248488702,2313.886456447198,1116.4316889248842,-0.1503528140092385
10645,1280.9664153716153,128.0966415371615,32.920270446771156,1.4643947821574521,32.9200410755825,1.42271635601899,2313.886456447198,1116.4316889248842,-0.1503528140092385
10646,1295.5475418194656,129.55475418194658,14.581126447850238,0.6392521323236977,18.338914627732265,0.7925589683380712,2313.886456447198,1116.4316889248842,-0.1503528140092385
10647,1275.404393423622,127.5404393423622,-20.143148395843582,-0.877487746556449,38.48206302357585,1.6630921070631193,2313.886456447198,1116.4316889248842,-0.1503528140092385
10648,1299.1550918709327,129.91550918709325,23.750698447310697,1.0438012036873445,14.73136457626515,0.6366502788077197,2313.886456447198,1116.4316889248842,-0.1503528140092385
10649,1312.6840926775012,131.26840926775012,13.529000806568547,0.5884335882517355,1.2023637696966034,0.05196295463619008,2313.886456447198,1116.4316889248842,-0.1503528140092385
10650,1337.1862111380751,133.7186211138075,24.50211846057391,1.0594667269149927,0.0,0.0,2337.186211138075,1139.7314436157615,-0.1503528140092385
10651,1335.9836179971899,133.598361799719,-1.2025931408852557,-0.051454742251777486,1.2025931408852557,0.051454742251780705,2337.186211138075,1139.7314436157615,-0.1503528140092385
10652,1337.4869167660936,133.74869167660935,1.5032987689037327,0.06435399449387091,0.0,0.0,2337.4869167660936,1140.03214924378,-0.1503528140092385
10653,1351.0156882014735,135.10156882014735,13.528771435379895,0.5787742099577997,0.0,0.0,2351.0156882014735,1153.5609206791598,-0.1503528140092385
10654,1368.903888443961,136.8903888443961,17.888200242487528,0.7608711559118575,0.0,0.0,2368.903888443961,1171.4491209216474,-0.1503528140092385
10655,1363.0413902391379,136.3041390239138,-5.862498204823169,-0.24747725027688405,5.862498204823169,0.2474772502768785,2368.903888443961,1171.4491209216474,-0.1503528140092385
10656,1348.4602637912876,134.84602637912877,-14.581126447850238,-0.6170491345635964,20.443624652673407,0.8629993286094022,2368.903888443961,1171.4491209216474,-0.1503528140092385
10657,1361.6885589698377,136.16885589698376,13.22829517855007,0.5632752396327323,7.215329474123337,0.30458515051291507,2368.903888443961,1171.4491209216474,-0.1503528140092385
10658,1353.7215801112625,135.37215801112623,-7.966978858575203,-0.33734248439812875,15.18230833269854,0.6409001397971953,2368.903888443961,1171.4491209216474,-0.1503528140092385
10659,1371.1588365973166,137.11588365973165,17.43725648605414,0.7408376858757393,0.0,0.0,2371.1588365973166,1173.704069075003,-0.1503528140092385
10660,1365.8975202773418,136.58975202773416,-5.261316319974867,-0.22188797472231236,5.261316319974867,0.22188797472230973,2371.1588365973166,1173.704069075003,-0.1503528140092385
10661,1342.2972893296346,134.22972893296347,-23.600230947707132,-0.9975170414372236,28.861547267682,1.2171916457987766,2371.1588365973166,1173.704069075003,-0.1503528140092385
10662,1367.7012953030758,136.77012953030757,25.404005973441144,1.0845765005650376,3.4575412942408548,0.14581651979091073,2371.1588365973166,1173.704069075003,-0.1503528140092385
10663,1357.1788920343147,135.71788920343147,-10.522403268761082,-0.444414305539087,13.979944563001936,0.5895827958562055,2371.1588365973166,1173.704069075003,-0.1503528140092385
10664,1335.9836179971899,133.598361799719,-21.19527403712482,-0.8991796977628863,35.175218600126755,1.483461084817255,2371.1588365973166,1173.704069075003,-0.1503528140092385
10665,1331.173474804837,133.1173474804837,-4.810143192352825,-0.20591510810665792,39.98536179247958,1.686321522427395,2371.1588365973166,1173.704069075003,-0.1503528140092385
10666,1345.0029518682354,134.50029518682354,13.829477063398372,0.5932410098547614,26.155884729081208,1.1030844634016874,2371.1588365973166,1173.704069075003,-0.1503528140092385
10667,1355.0744113805627,135.50744113805627,10.071459512327237,0.42948600573415874,16.08442521675397,0.6783360510692569,2371.1588365973166,1173.704069075003,-0.1503528140092385
10668,1331.925124189289,133.1925124189289,-23.149287191273743,-0.982953535540454,39.23371240802771,1.654621858412879,2371.1588365973166,1173.704069075003,-0.1503528140092385
10669,1344.702246240217,134.47022462402168,12.777122050928028,0.547921625715575,26.456590357099685,1.1157662636833592,2371.1588365973166,1173.704069075003,-0.1503528140092385
10670,1326.6638078693145,132.66638078693146,-18.03843837090244,-0.7693274657721405,44.495028728002126,1.8765098331351693,2371.1588365973166,1173.704069075003,-0.1503528140092385
10671,1325.9121584848626,132.59121584848629,-0.7516493844518664,-0.03230588716383043,45.24667811245399,1.9082094971496857,2371.1588365973166,1173.704069075003,-0.1503528140092385
10672,1373.2633172510687,137.32633172510685,47.35115876620603,2.0358102774204134,0.0,0.0,2373.2633172510687,1175.808549728755,-0.1503528140092385
10673,1374.7663866487842,137.47663866487844,1.5030693977155352,0.0633334441564104,0.0,0.0,2374.766386648784,1177.3116191264705,-0.1503528140092385
10674,1358.080779547182,135.80807795471821,-16.685607101602272,-0.7026209902334268,16.685607101602272,0.7026209902334274,2374.766386648784,1177.3116191264705,-0.1503528140092385
10675,1351.316393829492,135.13163938294917,-6.764385717689947,-0.2868597961681707,23.44999281929222,0.9874652492611836,2374.766386648784,1177.3116191264705,-0.1503528140092385
10676,1369.8057759568278,136.98057759568277,18.48938212733583,0.7863417350322255,4.96061069195639,0.20888836560284527,2374.766386648784,1177.3116191264705,-0.1503528140092385
10677,1374.9168541483873,137.49168541483874,5.1110781915595,0.21567498245698147,0.0,0.0,2374.9168541483873,1177.4620866260736,-0.1503528140092385
10678,1403.327457659636,140.3327457659636,28.41060351124861,1.1962778175422129,0.0,0.0,2403.327457659636,1205.8726901373223,-0.1503528140092385
10679,1404.830527057351,140.4830527057351,1.5030693977150804,0.06254118193194103,0.0,0.0,2404.830527057351,1207.3757595350373,-0.1503528140092385
10680,1418.5097659923345,141.85097659923343,13.67923893498346,0.5688234069334497,0.0,0.0,2418.5097659923345,1221.0549984700208,-0.1503528140092385
10681,1412.7975059159262,141.27975059159263,-5.712260076408256,-0.2361892499559315,5.712260076408256,0.2361892499559318,2418.5097659923345,1221.0549984700208,-0.1503528140092385
10682,1413.6996227999816,141.36996227999816,0.902116884055431,0.03738883523558556,4.810143192352825,0.19888872312984784,2418.5097659923345,1221.0549984700208,-0.1503528140092385
10683,1412.196324031078,141.21963240310777,-1.5032987689037327,-0.06228193246182734,6.313441961256558,0.26104678385146407,2418.5097659923345,1221.0549984700208,-0.1503528140092385
10684,1438.0515031321406,143.80515031321406,25.85517910106273,1.0718521889568011,0.0,0.0,2438.0515031321406,1240.596735609827,-0.1503528140092385
10685,1382.8838330069625,138.28838330069627,-55.16767012517812,-2.2627770600540997,55.16767012517812,2.262777060054095,2438.0515031321406,1240.596735609827,-0.1503528140092385
10686,1393.857180032157,139.3857180032157,10.973347025194471,0.46050700723194726,44.19432309998365,1.8126902997417256,2438.0515031321406,1240.596735609827,-0.1503528140092385
10687,1427.679337991795,142.7679337991795,33.822157959637934,1.4128728414442682,10.372165140345714,0.4254284672420044,2438.0515031321406,1240.596735609827,-0.1503528140092385
10688,1417.0064672234307,141.7006467223431,-10.672870768364191,-0.4396326401654438,21.045035908709906,0.8631907850048924,2438.0515031321406,1240.596735609827,-0.1503528140092385
10689,1403.9286395444842,140.39286395444842,-13.077827678946505,-0.541075411104297,34.12286358765641,1.399595683020605,2438.0515031321406,1240.596735609827,-0.1503528140092385
10690,1417.7581166078826,141.77581166078826,13.829477063398372,0.575286505427175,20.29338652425804,0.8323608626883938,2438.0515031321406,1240.596735609827,-0.1503528140092385
10691,1402.8765139032025,140.28765139032026,-14.881602704680063,-0.6155124701042847,35.1749892289381,1.442750047886566,2438.0515031321406,1240.596735609827,-0.1503528140092385
10692,1396.8635481987758,139.68635481987758,-6.012965704426733,-0.25024031279323733,41.187954933364836,1.6893800184471526,2438.0515031321406,1240.596735609827,-0.1503528140092385
10693,1418.209060364316,141.82090603643158,21.345512165540185,0.8905601731721946,19.84244276782465,0.813864790892779,2438.0515031321406,1240.596735609827,-0.1503528140092385
10694,1444.2147069649823,144.42147069649823,26.005646600666296,1.0754093608742243,0.0,0.0,2444.2147069649823,1246.7599394426686,-0.1503528140092385
10695,1455.4887596181948,145.54887596181948,11.274052653212493,0.46125459523200796,0.0,0.0,2455.4887596181948,1258.033992095881,-0.1503528140092385
10696,1444.2147069649823,144.42147069649823,-11.274052653212493,-0.4591368056176881,11.274052653212493,0.45913680561769304,2455.4887596181948,1258.033992095881,-0.1503528140092385
10697,1430.5354680299988,143.05354680299988,-13.67923893498346,-0.5596578277678899,24.953291588195952,1.016225038312778,2455.4887596181948,1258.033992095881,-0.1503528140092385
10698,1444.0642394653787,144.40642394653787,13.528771435379895,0.5566169106902663,11.424520152816058,0.46526460803642455,2455.4887596181948,1258.033992095881,-0.1503528140092385
10699,1464.8085697460706,146.48085697460704,20.744330280691884,0.8487637086507016,0.0,0.0,2464.8085697460706,1267.353802223757,-0.1503528140092385
10700,1443.4630575805304,144.34630575805306,-21.345512165540185,-0.8660109522314441,21.345512165540185,0.8660109522314441,2464.8085697460706,1267.353802223757,-0.1503528140092385
10701,1437.1496156192738,143.7149615619274,-6.313441961256558,-0.2583809049893304,27.658954126796743,1.122154250285093,2464.8085697460706,1267.353802223757,-0.1503528140092385
10702,1436.247728106407,143.6247728106407,-0.9018875128667787,-0.037005832842051944,28.560841639663522,1.1587448206010544,2464.8085697460706,1267.353802223757,-0.1503528140092385
10703,1401.2229770058839,140.1222977005884,-35.02475110052319,-1.4376514627987502,63.58559274018671,2.579737571536333,2464.8085697460706,1267.353802223757,-0.1503528140092385
10704,1361.3878533418192,136.1387853341819,-39.83512366406467,-1.658951461214797,103.42071640425138,4.195892438612626,2464.8085697460706,1267.353802223757,-0.1503528140092385
10705,1422.1175454149902,142.211754541499,60.72969207317101,2.571779641672456,42.69102433108037,1.7320219044628882,2464.8085697460706,1267.353802223757,-0.1503528140092385
10706,1468.5665872971413,146.85665872971413,46.44904188215105,1.9177038690825654,0.0,0.0,2468.5665872971413,1271.1118197748276,-0.1503528140092385
10707,1470.9717735789118,147.09717735789116,2.4051862817705114,0.09743250573621687,0.0,0.0,2470.971773578912,1273.5170060565981,-0.1503528140092385
10708,1477.2852155401683,147.72852155401682,6.313441961256558,0.2555044144479268,0.0,0.0,2477.2852155401683,1279.8304480178547,-0.1503528140092385
10709,1459.3970152976808,145.9397015297681,-17.888200242487528,-0.7220888467050046,17.888200242487528,0.7220888467050022,2477.2852155401683,1279.8304480178547,-0.1503528140092385
10710,1489.0102119498147,148.90102119498147,29.613196652133865,1.2040836216331563,0.0,0.0,2489.0102119498147,1291.555444427501,-0.1503528140092385
10711,1516.2182223201776,151.62182223201776,27.2080103703629,1.0931257027285923,0.0,0.0,2516.2182223201776,1318.763454797864,-0.1503528140092385
10712,1493.5198788853372,149.35198788853376,-22.698343434840353,-0.9020816729445102,22.698343434840353,0.9020816729445054,2516.2182223201776,1318.763454797864,-0.1503528140092385
10713,1496.3760089235411,149.63760089235413,2.8561300382039008,0.114542100200965,19.842213396636453,0.7885728360372559,2516.2182223201776,1318.763454797864,-0.1503528140092385
10714,1518.0219973459111,151.8021997345911,21.64598842237001,0.8670964768526135,0.0,0.0,2518.021997345911,1320.5672298235975,-0.1503528140092385
10715,1482.3960643605396,148.23960643605398,-35.62593298537149,-1.4148380364795266,35.62593298537149,1.4148380364795285,2518.021997345911,1320.5672298235975,-0.1503528140092385
10716,1481.9451206041063,148.19451206041063,-0.45094375643338935,-0.01816566513730411,36.07687674180488,1.4327466868768919,2518.021997345911,1320.5672298235975,-0.1503528140092385
10717,1503.290632769646,150.32906327696458,21.34551216553973,0.8600315932990599,14.73136457626515,0.5850371677369204,2518.021997345911,1320.5672298235975,-0.1503528140092385
10718,1526.4401493321084,152.64401493321085,23.149516562462395,0.9247634397469007,0.0,0.0,2526.4401493321084,1328.9853818097947,-0.1503528140092385
10719,1548.0861377544784,154.80861377544787,21.64598842237001,0.8567781994793133,0.0,0.0,2548.0861377544784,1350.6313702321647,-0.1503528140092385
10720,1555.3016965997904,155.53016965997904,7.215558845311989,0.28317562496811277,0.0,0.0,2555.3016965997904,1357.8469290774767,-0.1503528140092385
10721,1547.635193998045,154.7635193998045,-7.666502601745378,-0.3000233832250343,7.666502601745378,0.30002338322503375,2555.3016965997904,1357.8469290774767,-0.1503528140092385
10722,1505.695819051417,150.56958190514172,-41.93937494662805,-1.6462080224607045,49.60587754837343,1.9412923966818258,2555.3016965997904,1357.8469290774767,-0.1503528140092385
10723,1418.9607097487678,141.8960709748768,-86.73510930264911,-3.46151790026471,136.34098685102254,5.335612113138912,2555.3016965997904,1357.8469290774767,-0.1503528140092385
10724,1318.8470671391542,131.88470671391542,-100.11364260961363,-4.138704783675939,236.45462946063617,9.253491663049974,2555.3016965997904,1357.8469290774767,-0.1503528140092385
10725,1277.057930320941,127.70579303209414,-41.78913681821314,-1.8021514833994612,278.2437662788493,10.888881209177534,2555.3016965997904,1357.8469290774767,-0.1503528140092385
10726,1340.3430468042975,134.03430468042976,63.28511648335643,2.779249295358799,214.95864979549287,8.412261068097258,2555.3016965997904,1357.8469290774767,-0.1503528140092385
10727,1405.8828820698213,140.58828820698213,65.53983526552383,2.800437113482901,149.41881452996904,5.847404035648434,2555.3016965997904,1357.8469290774767,-0.1503528140092385
10728,1403.4776957880508,140.34776957880507,-2.4051862817705114,-0.09997104595970141,151.82400081173955,5.941529370632203,2555.3016965997904,1357.8469290774767,-0.1503528140092385
10729,1401.6739207623173,140.16739207623172,-1.8037750257335574,-0.07504854440274489,153.6277758374731,6.012118883727028,2555.3016965997904,1357.8469290774767,-0.1503528140092385
10730,1321.5529590489432,132.1552959048943,-80.12096171337407,-3.3360466223467555,233.74873755084718,9.147598417121731,2555.3016965997904,1357.8469290774767,-0.1503528140092385
10731,1336.2843236252083,133.62843236252084,14.73136457626515,0.6345478580983999,219.01737297458203,8.57109644884662,2555.3016965997904,1357.8469290774767,-0.1503528140092385
10732,1366.1982259053602,136.61982259053605,29.913902280151888,1.2804050422139834,189.10347069443014,7.400436157736697,2555.3016965997904,1357.8469290774767,-0.1503528140092385
10733,1320.9515477929062,132.09515477929062,-45.24667811245399,-1.9122099584510388,234.35014880688414,9.171134239010678,2555.3016965997904,1357.8469290774767,-0.1503528140092385
10734,1401.2229770058839,140.1222977005884,80.27142921297764,3.4585568703194625,154.0787195939065,6.0297662620007335,2555.3016965997904,1357.8469290774767,-0.1503528140092385
10735,1369.9562434564314,136.9956243456431,-31.26673354945251,-1.3021170398943682,185.345453143359,7.253368687931791,2555.3016965997904,1357.8469290774767,-0.1503528140092385
10736,1369.655537828413,136.96555378284128,-0.300705628018477,-0.012688235441005169,185.6461587713775,7.265136598876263,2555.3016965997904,1357.8469290774767,-0.1503528140092385
10737,1372.9626116230502,137.29626116230503,3.30707379463729,0.13955926259510143,182.3390849767402,7.135716507345083,2555.3016965997904,1357.8469290774767,-0.1503528140092385
10738,1373.864499135917,137.3864499135917,0.9018875128667787,0.03800681512844406,181.43719746387342,7.100421750797671,2555.3016965997904,1357.8469290774767,-0.1503528140092385
10739,1383.1843092637928,138.31843092637928,9.319810127875826,0.39260076264959753,172.1173873359976,6.7356972980930365,2555.3016965997904,1357.8469290774767,-0.1503528140092385
10740,1391.4519937503865,139.14519937503863,8.26768448659368,0.34691754449942547,163.8497028494039,6.412147069265065,2555.3016965997904,1357.8469290774767,-0.1503528140092385
10741,1392.3538812632532,139.23538812632535,0.9018875128667787,0.03771296748684705,162.94781533653713,6.376852312717653,2555.3016965997904,1357.8469290774767,-0.1503528140092385
10742,1338.6895099069789,133.8689509906979,-53.66437135627439,-2.2431619241856326,216.61218669281152,8.476971113862849,2555.3016965997904,1357.8469290774767,-0.1503528140092385
10743,1359.8847839441037,135.98847839441035,21.19527403712482,0.9062884982097508,195.4169126556867,7.6475084298546046,2555.3016965997904,1357.8469290774767,-0.1503528140092385
10744,1334.3300810998712,133.43300810998713,-25.55470284423245,-1.082879258262881,220.97161549991915,8.647574405556682,2555.3016965997904,1357.8469290774767,-0.1503528140092385
10745,1311.481499536616,131.14814995366157,-22.848581563255266,-0.9788067997859917,243.82019706317442,9.541738159044527,2555.3016965997904,1357.8469290774767,-0.1503528140092385
10746,1290.4364636279056,129.04364636279055,-21.04503590871036,-0.9104566016612803,264.8652329718848,10.365321375723557,2555.3016965997904,1357.8469290774767,-0.1503528140092385
10747,1310.880088280579,131.0880088280579,20.443624652673407,0.8925645822234207,244.42160831921137,9.565273980933474,2555.3016965997904,1357.8469290774767,-0.1503528140092385
10748,1264.431046398428,126.44310463984279,-46.44904188215105,-2.0100152369529334,290.8706502013624,11.383025753413351,2555.3016965997904,1357.8469290774767,-0.1503528140092385
10749,1238.2751616693467,123.82751616693466,-26.155884729081208,-1.1550753453359541,317.02653493044363,12.406618574718385,2555.3016965997904,1357.8469290774767,-0.1503528140092385
10750,1268.9407133339505,126.89407133339503,30.665551664603754,1.3700528062748463,286.3609832658399,11.206542994390285,2555.3016965997904,1357.8469290774767,-0.1503528140092385
10751,1248.948032437711,124.89480324377111,-19.992680896239563,-0.8811460246073377,306.35366416207944,11.988943010906643,2555.3016965997904,1357.8469290774767,-0.1503528140092385
10752,1274.5025059107552,127.4502505910755,25.554473473044254,1.1362856368603902,280.7991906890352,10.988886011490555,2555.3016965997904,1357.8469290774767,-0.1503528140092385
10753,1332.6765442025526,133.26765442025527,58.17403829179739,2.5576598900471703,222.6251523972378,8.712284451322274,2555.3016965997904,1357.8469290774767,-0.1503528140092385
10754,1323.5072015742803,132.35072015742801,-9.169342628272261,-0.39308247219533854,231.79449502551006,9.071120460411668,2555.3016965997904,1357.8469290774767,-0.1503528140092385
10755,1364.5446890080416,136.45446890080416,41.03748743376127,1.7661872279094437,190.7570075917488,7.465146203502288,2555.3016965997904,1357.8469290774767,-0.1503528140092385
10756,1430.9864117864322,143.09864117864325,66.44172277839061,2.8099161368045023,124.31528481335818,4.864994414506052,2555.3016965997904,1357.8469290774767,-0.1503528140092385
10757,1433.541836196618,143.35418361966182,2.5554244101858785,0.10511882739434597,121.7598604031723,4.764989612193031,2555.3016965997904,1357.8469290774767,-0.1503528140092385
10758,1456.7875303920964,145.67875303920962,23.245694195478336,0.9552206520438977,98.51416620769396,3.8552851249925495,2555.3016965997904,1357.8469290774767,-0.1503528140092385
10759,1456.7875303920964,145.67875303920962,0.0,0.0,98.51416620769396,3.8552851249925495,2555.3016965997904,0.0,0.0
10760,1456.7875303920964,145.67875303920962,0.0,0.0,98.51416620769396,3.8552851249925495,2555.3016965997904,0.0,0.0
10761,1456.7875303920964,145.67875303920962,0.0,0.0,98.51416620769396,3.8552851249925495,2555.3016965997904,0.0,0.0
10762,1456.7875303920964,145.67875303920962,0.0,0.0,98.51416620769396,3.8552851249925495,2555.3016965997904,0.0,0.0
10763,1456.7875303920964,145.67875303920962,0.0,0.0,98.51416620769396,3.8552851249925495,2555.3016965997904,0.0,0.0
10764,1456.7875303920964,145.67875303920962,0.0,0.0,98.51416620769396,3.8552851249925495,2555.3016965997904,0.0,0.0
10765,1456.7875303920964,145.67875303920962,0.0,0.0,98.51416620769396,3.8552851249925495,2555.3016965997904,0.0,0.0
10766,1456.7875303920964,145.67875303920962,0.0,0.0,98.51416620769396,3.8552851249925495,2555.3016965997904,0.0,0.0
10767,1456.7875303920964,145.67875303920962,0.0,0.0,98.51416620769396,3.8552851249925495,2555.3016965997904,0.0,0.0
10768,1456.7875303920964,145.67875303920962,0.0,0.0,98.51416620769396,3.8552851249925495,2555.3016965997904,0.0,0.0
10769,1454.333197194902,145.43331971949019,-2.454333197194501,-0.09990009990008542,100.96849940488846,3.951333791201332,2555.3016965997904,0.0,0.0
10770,1511.7663951079667,151.17663951079666,57.43319791306476,2.340073384441288,43.5353014918237,1.7037245171383837,2555.3016965997904,57.43319791306476,0.0
10771,1511.7663951079667,151.17663951079666,0.0,0.0,43.5353014918237,1.7037245171383837,2555.3016965997904,0.0,0.0
10772,1511.7663951079667,151.17663951079666,0.0,0.0,43.5353014918237,1.7037245171383837,2555.3016965997904,0.0,0.0
10773,1511.7663951079667,151.17663951079666,0.0,0.0,43.5353014918237,1.7037245171383837,2555.3016965997904,0.0,0.0
10774,1511.7663951079667,151.17663951079666,0.0,0.0,43.5353014918237,1.7037245171383837,2555.3016965997904,0.0,0.0
10775,1511.7663951079667,151.17663951079666,0.0,0.0,43.5353014918237,1.7037245171383837,2555.3016965997904,0.0,0.0
10776,1511.7663951079667,151.17663951079666,0.0,0.0,43.5353014918237,1.7037245171383837,2555.3016965997904,0.0,0.0
10777,1511.7663951079667,151.17663951079666,0.0,0.0,43.5353014918237,1.7037245171383837,2555.3016965997904,0.0,0.0
10778,1511.7663951079667,151.17663951079666,0.0,0.0,43.5353014918237,1.7037245171383837,2555.3016965997904,0.0,0.0
10779,1511.7663951079667,151.17663951079666,0.0,0.0,43.5353014918237,1.7037245171383837,2555.3016965997904,0.0,0.0
10780,1511.7663951079667,151.17663951079666,0.0,0.0,43.5353014918237,1.7037245171383837,2555.3016965997904,0.0,0.0
10781,1509.257137969997,150.9257137969997,-2.5092571379695983,-0.09990009990008542,46.0445586297933,1.8019225945438242,2555.3016965997904,0.0,0.0
10782,1494.9684213287273,149.49684213287276,-14.28871664126973,-0.5694401113801151,60.33327527106303,2.3611018358945812,2555.3016965997904,0.0,-14.28871664126973
10783,1495.2690721390532,149.52690721390533,0.30065081032580565,0.01205028519621898,60.032624460737225,2.349336070203357,2555.3016965997904,0.0,-14.28871664126973
10784,1468.732721634627,146.87327216346267,-26.536350504426082,-1.0634664934823235,86.5689749651633,3.387818161759773,2555.3016965997904,0.0,-40.524416335370006
10785,1468.732721634627,146.87327216346267,0.0,0.0,86.5689749651633,3.387818161759773,2555.3016965997904,0.0,0.0
10786,1468.732721634627,146.87327216346267,0.0,0.0,86.5689749651633,3.387818161759773,2555.3016965997904,0.0,0.0
10787,1468.732721634627,146.87327216346267,0.0,0.0,86.5689749651633,3.387818161759773,2555.3016965997904,0.0,0.0
10788,1468.732721634627,146.87327216346267,0.0,0.0,86.5689749651633,3.387818161759773,2555.3016965997904,0.0,0.0
10789,1468.732721634627,146.87327216346267,0.0,0.0,86.5689749651633,3.387818161759773,2555.3016965997904,0.0,0.0
10790,1468.732721634627,146.87327216346267,0.0,0.0,86.5689749651633,3.387818161759773,2555.3016965997904,0.0,0.0
10791,1468.732721634627,146.87327216346267,0.0,0.0,86.5689749651633,3.387818161759773,2555.3016965997904,0.0,0.0
10792,1468.732721634627,146.87327216346267,0.0,0.0,86.5689749651633,3.387818161759773,2555.3016965997904,0.0,0.0
10793,1468.732721634627,146.87327216346267,0.0,0.0,86.5689749651633,3.387818161759773,2555.3016965997904,0.0,0.0
10794,1468.732721634627,146.87327216346267,0.0,0.0,86.5689749651633,3.387818161759773,2555.3016965997904,0.0,0.0
10795,1468.732721634627,146.87327216346267,0.0,0.0,86.5689749651633,3.387818161759773,2555.3016965997904,0.0,0.0
10796,1468.732721634627,146.87327216346267,0.0,0.0,86.5689749651633,3.387818161759773,2555.3016965997904,0.0,0.0
10797,1468.732721634627,146.87327216346267,0.0,0.0,86.5689749651633,3.387818161759773,2555.3016965997904,0.0,0.0
10798,1468.732721634627,146.87327216346267,0.0,0.0,86.5689749651633,3.387818161759773,2555.3016965997904,0.0,0.0
10799,1468.732721634627,146.87327216346267,0.0,0.0,86.5689749651633,3.387818161759773,2555.3016965997904,0.0,0.0
10800,1468.732721634627,146.87327216346267,0.0,0.0,86.5689749651633,3.387818161759773,2555.3016965997904,0.0,0.0
10801,1468.732721634627,146.87327216346267,0.0,0.0,86.5689749651633,3.387818161759773,2555.3016965997904,0.0,0.0
10802,1466.2664551794478,146.6266455179448,-2.466266455179266,-0.09990009990009652,89.03524142034257,3.484333827931834,2555.3016965997904,0.0,0.0
10803,1472.71271444667,147.27127144466698,6.4462592672221035,0.26137724306649623,82.58898215312047,3.2320638405640087,2555.3016965997904,6.4462592672221035,0.0
10804,1509.0459115767285,150.90459115767283,36.33319713005858,1.4693658878277338,46.25578502306189,1.8101887962823373,2555.3016965997904,42.77945639728068,0.0
10805,1497.179035902529,149.7179035902529,-11.866875674199491,-0.4729636719458141,58.12266069726138,2.2745909328280978,2555.3016965997904,42.77945639728068,0.0
10806,1442.0932064763747,144.20932064763744,-55.085829426154305,-2.2059223080993506,113.20849012341569,4.430337532122193,2555.3016965997904,42.77945639728068,-24.173248703073114
10807,1468.171092749039,146.8171092749039,26.077886272664273,1.0678497529703845,87.13060385075141,3.409797127544339,2555.3016965997904,42.77945639728068,-24.173248703073114
10808,1494.8349009782642,149.4834900978264,26.663808229225197,1.0803063169955163,60.46679562152622,2.366327064314413,2555.3016965997904,42.77945639728068,-24.173248703073114
10809,1525.1615597447844,152.51615597447847,30.326658766520268,1.2155777825069158,30.14013685500595,1.1795138278627488,2555.3016965997904,58.895104565336624,-24.173248703073114
10810,1517.8363057682154,151.78363057682157,-7.325253976569002,-0.2900905072113269,37.46539083157495,1.466182677428197,2555.3016965997904,58.895104565336624,-24.173248703073114
10811,1521.3525081546122,152.13525081546123,3.516202386396799,0.13965174695198534,33.94918844517815,1.3285784801987415,2555.3016965997904,58.895104565336624,-24.173248703073114
10812,1547.8698917819502,154.786989178195,26.51738362733795,1.0517126638014629,7.431804817840202,0.29083864452206665,2555.3016965997904,81.60343660250237,-24.173248703073114
10813,1526.0405544541309,152.60405544541305,-21.829337327819303,-0.856768133970609,29.261142145659505,1.145114965665143,2555.3016965997904,81.60343660250237,-24.173248703073114
10814,1511.536471102881,151.15364711028812,-14.504083351249847,-0.5741825215622498,43.76522549690935,1.7127224372427534,2555.3016965997904,81.60343660250237,-24.173248703073114
10815,1469.0500874583854,146.90500874583856,-42.48638364449562,-1.6916490814819274,86.25160914140497,3.375398265346733,2555.3016965997904,81.60343660250237,-24.173248703073114
10816,1466.2664551794478,146.6266455179448,-2.7836322789376027,-0.11274102105409689,89.03524142034257,3.484333827931834,2555.3016965997904,81.60343660250237,-24.173248703073114
10817,1458.2086310954196,145.82086310954193,-8.057824084028198,-0.3267215538331536,97.09306550437077,3.799671312141637,2555.3016965997904,81.60343660250237,-24.173248703073114
10818,1406.1995067009893,140.61995067009892,-52.00912439443027,-2.1157327224603395,149.10218989880104,5.835013145305062,2555.3016965997904,81.60343660250237,-60.06694847845847
10819,1381.0006151376715,138.10006151376717,-25.19889156331783,-1.0472486380760149,174.30108146211887,6.82115468768531,2555.3016965997904,81.60343660250237,-85.2658400417763
10820,1388.7653664689137,138.87653664689137,7.764751331242223,0.32611294939934865,166.53633013087665,6.51728640702106,2555.3016965997904,81.60343660250237,-85.2658400417763
10821,1414.843252741578,141.4843252741578,26.077886272664273,1.091688896645926,140.45844385821238,5.496746002443205,2555.3016965997904,81.60343660250237,-85.2658400417763
10822,1366.2034590336357,136.62034590336356,-48.63979370794232,-2.0142008659452926,189.0982375661547,7.400231362808472,2555.3016965997904,81.60343660250237,-100.06299614581212
10823,1389.204863823587,138.9204863823587,23.001404789951266,0.9720806003447047,166.09683277620343,6.500086975922256,2555.3016965997904,81.60343660250237,-100.06299614581212
10824,1304.5249457383716,130.45249457383713,-84.67991808521538,-3.544271961245593,250.7767508614188,9.813978177023662,2555.3016965997904,81.60343660250237,-161.74150944107623
10825,1284.307173227358,128.4307173227358,-20.217772511013663,-0.8773076007878022,270.99452337243247,10.605187001324778,2555.3016965997904,81.60343660250237,-181.9592819520899
10826,1238.7440845511392,123.87440845511391,-45.56308867621874,-1.9946130367329507,316.5576120486512,12.388267595559393,2555.3016965997904,81.60343660250237,-227.52237062830864
10827,1205.0478715491204,120.50478715491204,-33.696213002018794,-1.505139119497656,350.25382505067,13.70694605324823,2555.3016965997904,81.60343660250237,-261.21858363032743
10828,1242.9928570449952,124.29928570449951,37.94498549587479,1.7208236603596827,312.3088395547952,12.221994763685581,2555.3016965997904,81.60343660250237,-261.21858363032743
10829,1247.827327946401,124.78273279464011,4.8344709014058935,0.2155366160093264,307.4743686533893,12.032801021598733,2555.3016965997904,81.60343660250237,-261.21858363032743
10830,1330.3097592582503,133.03097592582503,82.48243131184927,3.6694291543827973,224.99193734154005,8.804906975991342,2555.3016965997904,81.60343660250237,-261.21858363032743
10831,1316.2453968106838,131.62453968106837,-14.06436244756651,-0.6035404688878421,239.05629978910656,9.355306268031152,2555.3016965997904,81.60343660250237,-261.21858363032743
10832,1303.4993028781269,130.3499302878127,-12.74609393255696,-0.5502911716568359,251.80239372166352,9.85411601521355,2555.3016965997904,81.60343660250237,-261.21858363032743
10833,1366.9360291410944,136.69360291410945,63.43672626296757,2.753928606954914,188.36566745869595,7.371562728164135,2555.3016965997904,81.60343660250237,-261.21858363032743
10834,1360.196920670097,136.0196920670097,-6.7391084709975075,-0.2847186568638693,195.10477592969346,7.635293170638498,2555.3016965997904,81.60343660250237,-261.21858363032743
10835,1264.2360488672425,126.42360488672426,-95.9608718028544,-4.065799381502866,291.06564773254786,11.39065684963361,2555.3016965997904,81.60343660250237,-261.21858363032743
10836,1243.578779001556,124.3578779001556,-20.65726986568643,-0.91232845957121,311.7229175982343,12.19906510503351,2555.3016965997904,81.60343660250237,-261.21858363032743
10837,1126.5211399783416,112.65211399783416,-117.0576390232145,-5.21745169453367,428.7805566214488,16.780036470527342,2555.3016965997904,81.60343660250237,-339.7453152011062
10838,1049.605973224368,104.96059732243678,-76.91516675397361,-3.6169481369349055,505.6957233754224,19.790059390964515,2555.3016965997904,81.60343660250237,-416.66048195507983
10839,983.8253355861464,98.38253355861464,-65.7806376382216,-3.209428470523912,571.476361013644,22.36434006106122,2555.3016965997904,81.60343660250237,-482.44111959330144
10840,989.245951993124,98.9245951993124,5.420616406977615,0.27324060791753535,566.0557446066664,22.152207911883277,2555.3016965997904,81.60343660250237,-482.44111959330144
10841,1070.995813197514,107.09958131975141,81.74986120439007,4.109590426587562,484.3058834022763,18.952982500920243,2555.3016965997904,81.60343660250237,-482.44111959330144
10842,1022.209594887684,102.22095948876841,-48.78621830983002,-2.3556888912540375,533.0921017121063,20.86219808883878,2555.3016965997904,81.60343660250237,-482.44111959330144
10843,1051.2175380411736,105.12175380411736,29.007943153489578,1.434467684597296,504.08415855861676,19.726991894122555,2555.3016965997904,81.60343660250237,-482.44111959330144
10844,1078.6141399268686,107.86141399268688,27.396601885694963,1.3356263476499652,476.6875566729218,18.65484444780926,2555.3016965997904,81.60343660250237,-482.44111959330144
10845,1101.6153211678093,110.16153211678095,23.001181240940696,1.1065633009573306,453.6863754319811,17.754708809362057,2555.3016965997904,81.60343660250237,-482.44111959330144
10846,1122.858512990057,112.2858512990057,21.24319182224781,1.0108030526939427,432.4431836097333,16.923370895310068,2555.3016965997904,81.60343660250237,-482.44111959330144
10847,1125.4192360557477,112.54192360557478,2.5607230656905813,0.1206261769223449,429.8824605440427,16.823158733705117,2555.3016965997904,81.60343660250237,-482.44111959330144
10848,1125.4192360557477,112.54192360557478,0.0,0.0,429.8824605440427,16.823158733705117,2555.3016965997904,0.0,0.0
10849,1125.4192360557477,112.54192360557478,0.0,0.0,429.8824605440427,16.823158733705117,2555.3016965997904,0.0,0.0
10850,1125.4192360557477,112.54192360557478,0.0,0.0,429.8824605440427,16.823158733705117,2555.3016965997904,0.0,0.0
10851,1125.4192360557477,112.54192360557478,0.0,0.0,429.8824605440427,16.823158733705117,2555.3016965997904,0.0,0.0
10852,1125.4192360557477,112.54192360557478,0.0,0.0,429.8824605440427,16.823158733705117,2555.3016965997904,0.0,0.0
10853,1125.4192360557477,112.54192360557478,0.0,0.0,429.8824605440427,16.823158733705117,2555.3016965997904,0.0,0.0
10854,1125.4192360557477,112.54192360557478,0.0,0.0,429.8824605440427,16.823158733705117,2555.3016965997904,0.0,0.0
10855,1125.4192360557477,112.54192360557478,0.0,0.0,429.8824605440427,16.823158733705117,2555.3016965997904,0.0,0.0
10856,1125.4192360557477,112.54192360557478,0.0,0.0,429.8824605440427,16.823158733705117,2555.3016965997904,0.0,0.0
10857,1125.4192360557477,112.54192360557478,0.0,0.0,429.8824605440427,16.823158733705117,2555.3016965997904,0.0,0.0
10858,1125.4192360557477,112.54192360557478,0.0,0.0,429.8824605440427,16.823158733705117,2555.3016965997904,0.0,0.0
10859,1125.4192360557477,112.54192360557478,0.0,0.0,429.8824605440427,16.823158733705117,2555.3016965997904,0.0,0.0
10860,1125.4192360557477,112.54192360557478,0.0,0.0,429.8824605440427,16.823158733705117,2555.3016965997904,0.0,0.0
10861,1125.4192360557477,112.54192360557478,0.0,0.0,429.8824605440427,16.823158733705117,2555.3016965997904,0.0,0.0
10862,1125.4192360557477,112.54192360557478,0.0,0.0,429.8824605440427,16.823158733705117,2555.3016965997904,0.0,0.0
10863,1125.4192360557477,112.54192360557478,0.0,0.0,429.8824605440427,16.823158733705117,2555.3016965997904,0.0,0.0
10864,1125.4192360557477,112.54192360557478,0.0,0.0,429.8824605440427,16.823158733705117,2555.3016965997904,0.0,0.0
10865,1125.4192360557477,112.54192360557478,0.0,0.0,429.8824605440427,16.823158733705117,2555.3016965997904,0.0,0.0
10866,1125.4192360557477,112.54192360557478,0.0,0.0,429.8824605440427,16.823158733705117,2555.3016965997904,0.0,0.0
10867,1125.4192360557477,112.54192360557478,0.0,0.0,429.8824605440427,16.823158733705117,2555.3016965997904,0.0,0.0
10868,1125.4192360557477,112.54192360557478,0.0,0.0,429.8824605440427,16.823158733705117,2555.3016965997904,0.0,0.0
10869,1125.4192360557477,112.54192360557478,0.0,0.0,429.8824605440427,16.823158733705117,2555.3016965997904,0.0,0.0
10870,1125.4192360557477,112.54192360557478,0.0,0.0,429.8824605440427,16.823158733705117,2555.3016965997904,0.0,0.0
10871,1125.4192360557477,112.54192360557478,0.0,0.0,429.8824605440427,16.823158733705117,2555.3016965997904,0.0,0.0
10872,1125.4192360557477,112.54192360557478,0.0,0.0,429.8824605440427,16.823158733705117,2555.3016965997904,0.0,0.0
10873,1125.4192360557477,112.54192360557478,0.0,0.0,429.8824605440427,16.823158733705117,2555.3016965997904,0.0,0.0
10874,1125.4192360557477,112.54192360557478,0.0,0.0,429.8824605440427,16.823158733705117,2555.3016965997904,0.0,0.0
10875,1125.4192360557477,112.54192360557478,0.0,0.0,429.8824605440427,16.823158733705117,2555.3016965997904,0.0,0.0
10876,1125.4192360557477,112.54192360557478,0.0,0.0,429.8824605440427,16.823158733705117,2555.3016965997904,0.0,0.0
10877,1125.4192360557477,112.54192360557478,0.0,0.0,429.8824605440427,16.823158733705117,2555.3016965997904,0.0,0.0
10878,1125.4192360557477,112.54192360557478,0.0,0.0,429.8824605440427,16.823158733705117,2555.3016965997904,0.0,0.0
10879,1125.4192360557477,112.54192360557478,0.0,0.0,429.8824605440427,16.823158733705117,2555.3016965997904,0.0,0.0
10880,1125.4192360557477,112.54192360557478,0.0,0.0,429.8824605440427,16.823158733705117,2555.3016965997904,0.0,0.0
10881,1125.4192360557477,112.54192360557478,0.0,0.0,429.8824605440427,16.823158733705117,2555.3016965997904,0.0,0.0
10882,1125.4192360557477,112.54192360557478,0.0,0.0,429.8824605440427,16.823158733705117,2555.3016965997904,0.0,0.0
10883,1125.4192360557477,112.54192360557478,0.0,0.0,429.8824605440427,16.823158733705117,2555.3016965997904,0.0,0.0
10884,1125.4192360557477,112.54192360557478,0.0,0.0,429.8824605440427,16.823158733705117,2555.3016965997904,0.0,0.0
10885,1125.4192360557477,112.54192360557478,0.0,0.0,429.8824605440427,16.823158733705117,2555.3016965997904,0.0,0.0
10886,1125.4192360557477,112.54192360557478,0.0,0.0,429.8824605440427,16.823158733705117,2555.3016965997904,0.0,0.0
10887,1125.4192360557477,112.54192360557478,0.0,0.0,429.8824605440427,16.823158733705117,2555.3016965997904,0.0,0.0
10888,1125.4192360557477,112.54192360557478,0.0,0.0,429.8824605440427,16.823158733705117,2555.3016965997904,0.0,0.0
10889,1125.4192360557477,112.54192360557478,0.0,0.0,429.8824605440427,16.823158733705117,2555.3016965997904,0.0,0.0
10890,1125.4192360557477,112.54192360557478,0.0,0.0,429.8824605440427,16.823158733705117,2555.3016965997904,0.0,0.0
10891,1125.4192360557477,112.54192360557478,0.0,0.0,429.8824605440427,16.823158733705117,2555.3016965997904,0.0,0.0
10892,1125.4192360557477,112.54192360557478,0.0,0.0,429.8824605440427,16.823158733705117,2555.3016965997904,0.0,0.0
10893,1125.4192360557477,112.54192360557478,0.0,0.0,429.8824605440427,16.823158733705117,2555.3016965997904,0.0,0.0
10894,1125.4192360557477,112.54192360557478,0.0,0.0,429.8824605440427,16.823158733705117,2555.3016965997904,0.0,0.0
10895,1125.4192360557477,112.54192360557478,0.0,0.0,429.8824605440427,16.823158733705117,2555.3016965997904,0.0,0.0
10896,1125.4192360557477,112.54192360557478,0.0,0.0,429.8824605440427,16.823158733705117,2555.3016965997904,0.0,0.0
10897,1125.4192360557477,112.54192360557478,0.0,0.0,429.8824605440427,16.823158733705117,2555.3016965997904,0.0,0.0
10898,1125.4192360557477,112.54192360557478,0.0,0.0,429.8824605440427,16.823158733705117,2555.3016965997904,0.0,0.0
10899,1125.4192360557477,112.54192360557478,0.0,0.0,429.8824605440427,16.823158733705117,2555.3016965997904,0.0,0.0
10900,1125.4192360557477,112.54192360557478,0.0,0.0,429.8824605440427,16.823158733705117,2555.3016965997904,0.0,0.0
10901,1125.4192360557477,112.54192360557478,0.0,0.0,429.8824605440427,16.823158733705117,2555.3016965997904,0.0,0.0
10902,1125.4192360557477,112.54192360557478,0.0,0.0,429.8824605440427,16.823158733705117,2555.3016965997904,0.0,0.0
10903,1125.4192360557477,112.54192360557478,0.0,0.0,429.8824605440427,16.823158733705117,2555.3016965997904,0.0,0.0
10904,1125.4192360557477,112.54192360557478,0.0,0.0,429.8824605440427,16.823158733705117,2555.3016965997904,0.0,0.0
10905,1123.2959401156322,112.32959401156322,-2.1232959401154403,-0.09990009990008542,432.00575648415816,16.906252481223888,2555.3016965997904,0.0,0.0
10906,1101.4506233505094,110.14506233505092,-21.84531676512279,-1.0288399441828688,453.85107324928094,17.761154146815517,2555.3016965997904,0.0,-21.84531676512279
10907,1129.9277100298686,112.99277100298686,28.477086679359218,1.3551156692873434,425.3739865699217,16.646722660417954,2555.3016965997904,6.631769914236429,-21.84531676512279
10908,1130.9153078324616,113.09153078324616,0.9875978025929726,0.046367667688551606,424.38638876732875,16.608073689773622,2555.3016965997904,7.619367716829402,-21.84531676512279
10909,1130.9153078324616,113.09153078324616,0.0,0.0,424.38638876732875,16.608073689773622,2555.3016965997904,0.0,0.0
10910,1130.9153078324616,113.09153078324616,0.0,0.0,424.38638876732875,16.608073689773622,2555.3016965997904,0.0,0.0
10911,1130.9153078324616,113.09153078324616,0.0,0.0,424.38638876732875,16.608073689773622,2555.3016965997904,0.0,0.0
10912,1130.9153078324616,113.09153078324616,0.0,0.0,424.38638876732875,16.608073689773622,2555.3016965997904,0.0,0.0
10913,1130.9153078324616,113.09153078324616,0.0,0.0,424.38638876732875,16.608073689773622,2555.3016965997904,0.0,0.0
10914,1128.7865213111509,112.8786521311151,-2.128786521310758,-0.09990009990008542,426.5151752886395,16.691382307466142,2555.3016965997904,0.0,0.0
10915,1129.0483079101723,112.9048307910172,0.2617865990214341,0.012297456621457314,426.2533886896181,16.681137466343472,2555.3016965997904,0.2617865990214341,0.0
10916,1127.2162010863567,112.72162010863566,-1.832106823815593,-0.08605285361580339,428.08549551343367,16.75283572515391,2555.3016965997904,0.2617865990214341,-1.570320224794159
10917,1117.6630869110809,111.76630869110808,-9.553114175275823,-0.44908995006699426,437.6386096887095,17.12669037362801,2555.3016965997904,0.2617865990214341,-11.123434400069982
10918,1138.86320868447,113.88632086844699,21.200121773389128,1.0011092843060565,416.43848791532037,16.297037976746694,2555.3016965997904,10.076687373319146,-11.123434400069982
10919,1123.8135743530797,112.38135743530799,-15.04963433139028,-0.7036277154277015,431.48812224671065,16.88599521617623,2555.3016965997904,10.076687373319146,-11.123434400069982
10920,1082.0676974615217,108.20676974615218,-41.745876891558055,-1.9656092886718657,473.2339991382687,18.51969181439425,2555.3016965997904,10.076687373319146,-46.71882384962919
10921,1080.7589641510817,108.07589641510815,-1.3087333104399477,-0.06285738509057559,474.54273244870865,18.570908205483462,2555.3016965997904,10.076687373319146,-48.027557160069136
10922,1087.3022313339466,108.73022313339465,6.543267182864838,0.3144654088050203,467.9994652658438,18.314841879085623,2555.3016965997904,10.076687373319146,-48.027557160069136
10923,1089.265131614939,108.92651316149392,1.9629002809924714,0.09404006049176239,466.03656498485134,18.238025106975915,2555.3016965997904,10.076687373319146,-48.027557160069136
10924,1098.4258654186842,109.8425865418684,9.160733803745188,0.43846679222872,456.87583118110615,17.87952599839962,2555.3016965997904,10.076687373319146,-48.027557160069136
10925,1040.1906277434514,104.01906277434514,-58.23523767523284,-2.77518680239931,515.111068856339,20.15852255495979,2555.3016965997904,10.076687373319146,-88.59589356769948
10926,1014.1485521538357,101.41485521538355,-26.042075589615706,-1.2764530547039854,541.1531444459547,21.1776615327278,2555.3016965997904,10.076687373319146,-114.63796915731518
10927,1008.9138185967431,100.8913818596743,-5.234733557092568,-0.259898087035082,546.3878780030473,21.38251928256056,2555.3016965997904,10.076687373319146,-119.87270271440775
10928,1002.8941246119211,100.28941246119211,-6.01969398482197,-0.29964918998002243,552.4075719878692,21.618095926713067,2555.3016965997904,10.076687373319146,-125.89239669922972
10929,1008.6522316823891,100.8652231682389,5.758107070467986,0.2874893385382382,546.6494649174012,21.392756309159104,2555.3016965997904,10.076687373319146,-125.89239669922972
10930,1001.8471779005026,100.18471779005024,-6.8050537818865,-0.3387870570400686,553.4545186992877,21.65906747667962,2555.3016965997904,10.076687373319146,-126.93934341064823
10931,1017.9435592586437,101.79435592586437,16.096381358141116,0.8040764317994942,537.3581373411466,21.02914650180766,2555.3016965997904,10.076687373319146,-126.93934341064823
10932,1022.1313461043176,102.21313461043175,4.187786845673827,0.20752745171983555,533.1703504954728,20.865260301941465,2555.3016965997904,10.076687373319146,-126.93934341064823
10933,993.8643839500205,99.38643839500205,-28.26696215429706,-1.3978796287765438,561.4373126497699,21.971468707465966,2555.3016965997904,10.076687373319146,-134.92213736113035
10934,1036.5264140958202,103.65264140958202,42.66203014579969,2.139665590559492,518.7752825039702,20.301919072580667,2555.3016965997904,10.076687373319146,-134.92213736113035
10935,964.6814682261493,96.46814682261493,-71.84494586967094,-3.5278180225110756,590.6202283736411,23.11352233513363,2555.3016965997904,10.076687373319146,-164.1050530850016
10936,937.1996661842493,93.71996661842492,-27.481802041899982,-1.3987917373044945,618.1020304155411,24.189004031814246,2555.3016965997904,10.076687373319146,-191.58685512690158
10937,979.4691162738504,97.94691162738505,42.26945008960115,2.1819872689148534,575.83258032594,22.534817751350886,2555.3016965997904,10.076687373319146,-191.58685512690158
10938,1018.0745524004881,101.8074552400488,38.60543612663764,1.9502924197831506,537.2271441993023,21.024020173984272,2555.3016965997904,10.076687373319146,-191.58685512690158
10939,1065.3169494481604,106.53169494481602,47.242397047672284,2.340963914909766,489.98474715163,19.175220984810824,2555.3016965997904,10.076687373319146,-191.58685512690158
10940,1067.6724297853516,106.76724297853517,2.3554803371912385,0.11404933939174189,487.6292668144388,19.08304085827917,2555.3016965997904,10.076687373319146,-191.58685512690158
10941,1028.9362002015368,102.89362002015369,-38.73622958381475,-1.873421970802025,526.3654963982535,20.59895694894506,2555.3016965997904,10.076687373319146,-191.58685512690158
10942,1045.9487348139194,104.59487348139196,17.012534612382524,0.8384952967319892,509.352961785871,19.933182937405828,2555.3016965997904,10.076687373319146,-191.58685512690158
10943,1057.8575290110539,105.78575290110538,11.908794197134512,0.5820670867502376,497.4441675887365,19.46714034787595,2555.3016965997904,10.076687373319146,-191.58685512690158
10944,1095.9393919396484,109.59393919396483,38.081862928594546,1.8505587676371116,459.36230466014194,17.976832452754678,2555.3016965997904,10.076687373319146,-191.58685512690158
10945,1112.1665667549669,111.21665667549667,16.22717481531845,0.7742196591048023,443.1351298448235,17.34179296458343,2555.3016965997904,10.076687373319146,-191.58685512690158
10946,1129.1791013673492,112.91791013673493,17.012534612382296,0.8054542137043486,426.1225952324412,16.676018953044206,2555.3016965997904,10.076687373319146,-191.58685512690158
10947,1125.2531011206966,112.52531011206966,-3.9260002466526203,-0.1843903241456446,430.0485954790938,16.829660311787745,2555.3016965997904,10.076687373319146,-191.58685512690158
10948,1129.1791013673492,112.91791013673493,3.9260002466526203,0.18473095014341911,426.1225952324412,16.676018953044206,2555.3016965997904,10.076687373319146,-191.58685512690158
10949,1125.384094262541,112.53840942625413,-3.7950071048080645,-0.1782380403025252,429.91760233724926,16.824533983964347,2555.3016965997904,10.076687373319146,-191.58685512690158
10950,1110.988826586371,111.09888265863712,-14.395267676170079,-0.677301938742747,444.31287001341934,17.38788302784927,2555.3016965997904,10.076687373319146,-191.58685512690158
10951,1094.761651771053,109.47616517710532,-16.227174815317994,-0.768700175526682,460.54004482873734,18.022922516020497,2555.3016965997904,10.076687373319146,-191.58685512690158
10952,1115.0456202902005,111.50456202902004,20.283968519147493,0.9683186868538529,440.25607630958984,17.229123155806462,2555.3016965997904,10.076687373319146,-191.58685512690158
10953,1042.0227345672668,104.20227345672669,-73.02288572293378,-3.4525442393490535,513.2789620325236,20.086824296149363,2555.3016965997904,10.076687373319146,-191.58685512690158
10954,1071.3366434329823,107.13366434329825,29.313908865715575,1.4355329335707712,483.96505316680805,18.93964434065831,2555.3016965997904,10.076687373319146,-191.58685512690158
10955,1069.635330066344,106.96353300663439,-1.70131336663826,-0.08213601454076791,485.6663665334463,19.006224086169464,2555.3016965997904,10.076687373319146,-191.58685512690158
10956,1064.9241697072944,106.49241697072944,-4.7111603590497,-0.22763238965864963,490.377526892496,19.19059215375689,2555.3016965997904,10.076687373319146,-191.58685512690158
10957,1040.8449943986714,104.08449943986713,-24.079175308623007,-1.1661045796193203,514.456702201119,20.13291435941518,2555.3016965997904,10.076687373319146,-191.58685512690158
10958,1034.3017272158063,103.43017272158063,-6.5432671828650655,-0.32061558819135305,520.9999693839841,20.388980685813035,2555.3016965997904,10.076687373319146,-191.58685512690158
10959,1056.8105822996354,105.68105822996353,22.508855083829076,1.106465908311205,498.491114300155,19.5081118978425,2555.3016965997904,10.076687373319146,-191.58685512690158
10960,1055.63284213104,105.56328421310401,-1.1777401685953919,-0.0572605070554677,499.6688544687504,19.55420196110832,2555.3016965997904,10.076687373319146,-191.58685512690158
10961,1019.1212994272391,101.91212994272392,-36.51154270380084,-1.776170430608126,536.1803971725512,20.98305643854184,2555.3016965997904,10.076687373319146,-191.58685512690158
10962,1019.2522925690837,101.9252292569084,0.1309931418445558,0.0064876311235861905,536.0494040307067,20.977930110718443,2555.3016965997904,10.076687373319146,-191.58685512690158
10963,1005.989867162142,100.59898671621421,-13.262425406941702,-0.6567988287421,549.3118294376484,21.496946140199007,2555.3016965997904,10.076687373319146,-191.58685512690158
10964,1005.989867162142,100.59898671621421,0.0,0.0,549.3118294376484,21.496946140199007,2555.3016965997904,0.0,0.0
10965,1005.989867162142,100.59898671621421,0.0,0.0,549.3118294376484,21.496946140199007,2555.3016965997904,0.0,0.0
10966,1005.989867162142,100.59898671621421,0.0,0.0,549.3118294376484,21.496946140199007,2555.3016965997904,0.0,0.0
10967,1005.989867162142,100.59898671621421,0.0,0.0,549.3118294376484,21.496946140199007,2555.3016965997904,0.0,0.0
10968,1005.989867162142,100.59898671621421,0.0,0.0,549.3118294376484,21.496946140199007,2555.3016965997904,0.0,0.0
10969,1005.989867162142,100.59898671621421,0.0,0.0,549.3118294376484,21.496946140199007,2555.3016965997904,0.0,0.0
10970,1005.989867162142,100.59898671621421,0.0,0.0,549.3118294376484,21.496946140199007,2555.3016965997904,0.0,0.0
10971,1005.989867162142,100.59898671621421,0.0,0.0,549.3118294376484,21.496946140199007,2555.3016965997904,0.0,0.0
10972,1005.989867162142,100.59898671621421,0.0,0.0,549.3118294376484,21.496946140199007,2555.3016965997904,0.0,0.0
10973,1005.989867162142,100.59898671621421,0.0,0.0,549.3118294376484,21.496946140199007,2555.3016965997904,0.0,0.0
10974,1005.989867162142,100.59898671621421,0.0,0.0,549.3118294376484,21.496946140199007,2555.3016965997904,0.0,0.0
10975,1005.989867162142,100.59898671621421,0.0,0.0,549.3118294376484,21.496946140199007,2555.3016965997904,0.0,0.0
10976,1005.989867162142,100.59898671621421,0.0,0.0,549.3118294376484,21.496946140199007,2555.3016965997904,0.0,0.0
10977,1005.989867162142,100.59898671621421,0.0,0.0,549.3118294376484,21.496946140199007,2555.3016965997904,0.0,0.0
10978,1005.989867162142,100.59898671621421,0.0,0.0,549.3118294376484,21.496946140199007,2555.3016965997904,0.0,0.0
10979,1005.989867162142,100.59898671621421,0.0,0.0,549.3118294376484,21.496946140199007,2555.3016965997904,0.0,0.0
10980,1005.989867162142,100.59898671621421,0.0,0.0,549.3118294376484,21.496946140199007,2555.3016965997904,0.0,0.0
10981,1005.989867162142,100.59898671621421,0.0,0.0,549.3118294376484,21.496946140199007,2555.3016965997904,0.0,0.0
10982,1005.989867162142,100.59898671621421,0.0,0.0,549.3118294376484,21.496946140199007,2555.3016965997904,0.0,0.0
10983,1005.989867162142,100.59898671621421,0.0,0.0,549.3118294376484,21.496946140199007,2555.3016965997904,0.0,0.0
10984,1005.989867162142,100.59898671621421,0.0,0.0,549.3118294376484,21.496946140199007,2555.3016965997904,0.0,0.0
10985,1005.989867162142,100.59898671621421,0.0,0.0,549.3118294376484,21.496946140199007,2555.3016965997904,0.0,0.0
10986,1005.989867162142,100.59898671621421,0.0,0.0,549.3118294376484,21.496946140199007,2555.3016965997904,0.0,0.0
10987,1005.989867162142,100.59898671621421,0.0,0.0,549.3118294376484,21.496946140199007,2555.3016965997904,0.0,0.0
10988,1005.989867162142,100.59898671621421,0.0,0.0,549.3118294376484,21.496946140199007,2555.3016965997904,0.0,0.0
10989,1005.989867162142,100.59898671621421,0.0,0.0,549.3118294376484,21.496946140199007,2555.3016965997904,0.0,0.0
10990,1005.989867162142,100.59898671621421,0.0,0.0,549.3118294376484,21.496946140199007,2555.3016965997904,0.0,0.0
10991,1005.989867162142,100.59898671621421,0.0,0.0,549.3118294376484,21.496946140199007,2555.3016965997904,0.0,0.0
10992,1005.989867162142,100.59898671621421,0.0,0.0,549.3118294376484,21.496946140199007,2555.3016965997904,0.0,0.0
10993,1005.989867162142,100.59898671621421,0.0,0.0,549.3118294376484,21.496946140199007,2555.3016965997904,0.0,0.0
10994,1005.989867162142,100.59898671621421,0.0,0.0,549.3118294376484,21.496946140199007,2555.3016965997904,0.0,0.0
10995,1005.989867162142,100.59898671621421,0.0,0.0,549.3118294376484,21.496946140199007,2555.3016965997904,0.0,0.0
10996,1005.989867162142,100.59898671621421,0.0,0.0,549.3118294376484,21.496946140199007,2555.3016965997904,0.0,0.0
10997,1005.989867162142,100.59898671621421,0.0,0.0,549.3118294376484,21.496946140199007,2555.3016965997904,0.0,0.0
10998,1005.989867162142,100.59898671621421,0.0,0.0,549.3118294376484,21.496946140199007,2555.3016965997904,0.0,0.0
10999,1005.989867162142,100.59898671621421,0.0,0.0,549.3118294376484,21.496946140199007,2555.3016965997904,0.0,0.0
11000,1005.989867162142,100.59898671621421,0.0,0.0,549.3118294376484,21.496946140199007,2555.3016965997904,0.0,0.0
11001,1005.989867162142,100.59898671621421,0.0,0.0,549.3118294376484,21.496946140199007,2555.3016965997904,0.0,0.0
11002,1005.989867162142,100.59898671621421,0.0,0.0,549.3118294376484,21.496946140199007,2555.3016965997904,0.0,0.0
11003,1005.989867162142,100.59898671621421,0.0,0.0,549.3118294376484,21.496946140199007,2555.3016965997904,0.0,0.0
11004,1005.989867162142,100.59898671621421,0.0,0.0,549.3118294376484,21.496946140199007,2555.3016965997904,0.0,0.0
11005,1003.9858812808613,100.39858812808613,-2.0039858812806415,-0.09990009990008542,551.315815318929,21.57537076942957,2555.3016965997904,0.0,0.0
11006,1013.8440254846389,101.3844025484639,9.858144203777556,0.4919268292188139,541.4576711151515,21.189578977529017,2555.3016965997904,9.858144203777556,0.0
11007,1037.0238872903046,103.70238872903047,23.179861805665723,1.151025675888051,518.2778093094857,20.282450796284902,2555.3016965997904,33.03800600944328,0.0
11008,1002.1208489475282,100.21208489475283,-34.903038342776426,-1.7134329430572026,553.1808476522622,21.648357545739184,2555.3016965997904,33.03800600944328,-1.865032333333147
11009,988.6659873480014,98.86659873480015,-13.454861599526794,-0.6720304424480572,566.635709251789,22.17490443518987,2555.3016965997904,33.03800600944328,-15.31989393285994
11010,954.2959315423366,95.42959315423364,-34.37005580566483,-1.7282970606592007,601.0057650574538,23.5199532742917,2555.3016965997904,33.03800600944328,-49.689949738524774
11011,961.3914504085119,96.13914504085119,7.0955188661753255,0.36307289759209826,593.9102461912785,23.242274952564877,2555.3016965997904,33.03800600944328,-49.689949738524774
11012,959.432018390122,95.94320183901219,-1.9594320183898617,-0.09990009990008542,595.8696782096683,23.3189559965683,2555.3016965997904,0.0,0.0
11013,977.6880211212845,97.76880211212844,18.256002731162425,0.9316987045134395,577.6136754785059,22.60451970298094,2555.3016965997904,18.256002731162425,0.0
11014,1002.3872586908744,100.23872586908746,24.699237569589968,1.2488945326971423,552.9144379089159,21.63793178099678,2555.3016965997904,42.95524030075239,0.0
11015,1007.6224254021106,100.76224254021105,5.235166711236161,0.26144626562689677,547.6792711976798,21.43305707997019,2555.3016965997904,48.190407011988555,0.0
11016,1001.5818799394137,100.15818799394137,-6.040545462696855,-0.300880553348426,553.7198166603766,21.669449732576915,2555.3016965997904,48.190407011988555,0.0
11017,1133.0107707441866,113.30107707441867,131.4288908047729,6.566251029848003,422.29092585560375,16.526069168956635,2555.3016965997904,173.5787523540646,0.0
11018,1133.0107707441866,113.30107707441867,0.0,0.0,422.29092585560375,16.526069168956635,2555.3016965997904,0.0,0.0
11019,1133.0107707441866,113.30107707441867,0.0,0.0,422.29092585560375,16.526069168956635,2555.3016965997904,0.0,0.0
11020,1133.0107707441866,113.30107707441867,0.0,0.0,422.29092585560375,16.526069168956635,2555.3016965997904,0.0,0.0
11021,1133.0107707441866,113.30107707441867,0.0,0.0,422.29092585560375,16.526069168956635,2555.3016965997904,0.0,0.0
11022,1133.0107707441866,113.30107707441867,0.0,0.0,422.29092585560375,16.526069168956635,2555.3016965997904,0.0,0.0
11023,1133.0107707441866,113.30107707441867,0.0,0.0,422.29092585560375,16.526069168956635,2555.3016965997904,0.0,0.0
11024,1133.0107707441866,113.30107707441867,0.0,0.0,422.29092585560375,16.526069168956635,2555.3016965997904,0.0,0.0
11025,1133.0107707441866,113.30107707441867,0.0,0.0,422.29092585560375,16.526069168956635,2555.3016965997904,0.0,0.0
11026,1133.0107707441866,113.30107707441867,0.0,0.0,422.29092585560375,16.526069168956635,2555.3016965997904,0.0,0.0
11027,1133.0107707441866,113.30107707441867,0.0,0.0,422.29092585560375,16.526069168956635,2555.3016965997904,0.0,0.0
11028,1133.0107707441866,113.30107707441867,0.0,0.0,422.29092585560375,16.526069168956635,2555.3016965997904,0.0,0.0
11029,1133.0107707441866,113.30107707441867,0.0,0.0,422.29092585560375,16.526069168956635,2555.3016965997904,0.0,0.0
11030,1133.0107707441866,113.30107707441867,0.0,0.0,422.29092585560375,16.526069168956635,2555.3016965997904,0.0,0.0
11031,1133.0107707441866,113.30107707441867,0.0,0.0,422.29092585560375,16.526069168956635,2555.3016965997904,0.0,0.0
11032,1133.0107707441866,113.30107707441867,0.0,0.0,422.29092585560375,16.526069168956635,2555.3016965997904,0.0,0.0
11033,1133.0107707441866,113.30107707441867,0.0,0.0,422.29092585560375,16.526069168956635,2555.3016965997904,0.0,0.0
11034,1133.0107707441866,113.30107707441867,0.0,0.0,422.29092585560375,16.526069168956635,2555.3016965997904,0.0,0.0
11035,1133.0107707441866,113.30107707441867,0.0,0.0,422.29092585560375,16.526069168956635,2555.3016965997904,0.0,0.0
11036,1133.0107707441866,113.30107707441867,0.0,0.0,422.29092585560375,16.526069168956635,2555.3016965997904,0.0,0.0
11037,1133.0107707441866,113.30107707441867,0.0,0.0,422.29092585560375,16.526069168956635,2555.3016965997904,0.0,0.0
11038,1133.0107707441866,113.30107707441867,0.0,0.0,422.29092585560375,16.526069168956635,2555.3016965997904,0.0,0.0
11039,1133.0107707441866,113.30107707441867,0.0,0.0,422.29092585560375,16.526069168956635,2555.3016965997904,0.0,0.0
11040,1133.0107707441866,113.30107707441867,0.0,0.0,422.29092585560375,16.526069168956635,2555.3016965997904,0.0,0.0
11041,1133.0107707441866,113.30107707441867,0.0,0.0,422.29092585560375,16.526069168956635,2555.3016965997904,0.0,0.0
11042,1133.0107707441866,113.30107707441867,0.0,0.0,422.29092585560375,16.526069168956635,2555.3016965997904,0.0,0.0
11043,1133.0107707441866,113.30107707441867,0.0,0.0,422.29092585560375,16.526069168956635,2555.3016965997904,0.0,0.0
11044,1133.0107707441866,113.30107707441867,0.0,0.0,422.29092585560375,16.526069168956635,2555.3016965997904,0.0,0.0
11045,1133.0107707441866,113.30107707441867,0.0,0.0,422.29092585560375,16.526069168956635,2555.3016965997904,0.0,0.0
11046,1133.0107707441866,113.30107707441867,0.0,0.0,422.29092585560375,16.526069168956635,2555.3016965997904,0.0,0.0
11047,1130.8798908533336,113.08798908533335,-2.130879890853066,-0.09990009990008542,424.4218057464568,16.609459709247375,2555.3016965997904,0.0,0.0
11048,1153.3007481907925,115.33007481907927,22.420857337458983,1.0521877574470206,402.00094840899783,15.732034653439161,2555.3016965997904,22.420857337458983,0.0
11049,1160.6894862005042,116.06894862005043,7.3887380097116875,0.3431354405983411,394.61221039928614,15.442881399263989,2555.3016965997904,29.80959534717067,0.0
11050,1202.601247756052,120.26012477560522,41.911761555547855,1.9397401534659187,352.7004488437383,13.802693017151704,2555.3016965997904,71.72135690271853,0.0
11051,1206.5505516455396,120.65505516455394,3.94930388948751,0.1793018093270815,348.7511449542508,13.648139686140237,2555.3016965997904,75.67066079220604,0.0
11052,1244.6405253499674,124.46405253499675,38.08997370442785,1.7262225728761127,310.6611712498229,12.157514381303933,2555.3016965997904,113.76063449663388,0.0
11053,1227.9522525970865,122.79522525970864,-16.68827275288095,-0.7434719530548861,327.3494440027039,12.810598624745214,2555.3016965997904,113.76063449663388,0.0
11054,1207.8243513397765,120.78243513397764,-20.127901257309986,-0.9034260601342381,347.47734526001386,13.598290398444309,2555.3016965997904,113.76063449663388,0.0
11055,1186.0404910415382,118.60404910415383,-21.783860298238324,-0.9866663661454389,369.2612055582522,14.450787006857515,2555.3016965997904,113.76063449663388,0.0
11056,1221.9648303199788,122.19648303199789,35.924339278440584,1.6433519610299818,333.3368662798116,13.044912337488993,2555.3016965997904,113.76063449663388,0.0
11057,1190.8812408943663,119.08812408943663,-31.083589425612445,-1.398923556370435,364.42045570542405,14.261347542262417,2555.3016965997904,113.76063449663388,0.0
11058,1194.957866438016,119.49578664380161,4.076625543649698,0.18607241084347415,360.34383016177435,14.101811564609593,2555.3016965997904,113.76063449663388,0.0
11059,1221.8375086658166,122.18375086658165,26.87964222780056,1.2246085739869406,333.4641879339738,13.04989498413035,2555.3016965997904,113.76063449663388,0.0
11060,1211.7734608450592,121.1773460845059,-10.064047820757423,-0.45296056896620973,343.5282357547312,13.443744674526952,2555.3016965997904,113.76063449663388,0.0
11061,1201.8369290626692,120.18369290626691,-9.93653178238992,-0.44925630758737567,353.46476753712113,13.83260411118807,2555.3016965997904,113.76063449663388,0.0
11062,1209.0983454182183,120.90983454182185,7.261416355549045,0.32978901660261073,346.2033511815721,13.548433503654275,2555.3016965997904,113.76063449663388,0.0
11063,1216.359567389563,121.63595673895631,7.261221971344639,0.3286961844140901,338.94212921022745,13.26427050321457,2555.3016965997904,113.76063449663388,0.0
11064,1187.823966120834,118.78239661208339,-28.535601268728897,-1.2874987293843398,367.47773047895635,14.38099191840792,2555.3016965997904,113.76063449663388,0.0
11065,1193.0468753203536,119.30468753203539,5.222909199519563,0.23872620834208824,362.2548212794368,14.17659690679464,2555.3016965997904,113.76063449663388,0.0
11066,1181.8365438437263,118.18365438437262,-11.210331476627289,-0.5111760994616077,373.4651527560641,14.6153056311517,2555.3016965997904,113.76063449663388,0.0
11067,1180.3077120727553,118.03077120727554,-1.52883177097101,-0.07007086645811622,374.9939845270351,14.675135426318562,2555.3016965997904,113.76063449663388,0.0
11068,1200.9452887151238,120.09452887151238,20.637576642368458,0.9465442207122532,354.3564078846666,13.867497851865815,2555.3016965997904,113.76063449663388,0.0
11069,1187.3142907357756,118.73142907357757,-13.630997979348194,-0.6193247078534081,367.9874058640148,14.400937719161572,2555.3016965997904,113.76063449663388,0.0
11070,1206.2957139530104,120.62957139530104,18.981423217234806,0.8677958763232851,349.00598264678,13.658112586517063,2555.3016965997904,113.76063449663388,0.0
11071,1216.48708342793,121.64870834279297,10.191369474919611,0.46192218978025057,338.8146131718604,13.259280249479103,2555.3016965997904,113.76063449663388,0.0
11072,1245.5323600817178,124.55323600817177,29.045276653787823,1.3104193961224198,309.7693365180726,12.122613033532081,2555.3016965997904,114.65246922838423,0.0
11073,1260.0549984086115,126.00549984086116,14.522638326893684,0.6467347603204887,295.2466981911789,11.55427942555858,2555.3016965997904,129.17510755527792,0.0
11074,1260.8193171019943,126.08193171019941,0.7643186933828474,0.033818588216694145,294.48237949779605,11.524368331522213,2555.3016965997904,129.93942624866077,0.0
11075,1256.4880482500203,125.64880482500205,-4.331268851974073,-0.19157961094945497,298.8136483497701,11.693869602457752,2555.3016965997904,129.93942624866077,0.0
11076,1221.9648303199788,122.19648303199789,-34.52321793004148,-1.5299535026039868,333.3368662798116,13.044912337488993,2555.3016965997904,129.93942624866077,0.0
11077,1231.9013621023691,123.19013621023691,9.936531782390375,0.4471957272590865,323.4003344974212,12.656052900827857,2555.3016965997904,129.93942624866077,0.0
11078,1227.6974149045573,122.76974149045574,-4.203947197811885,-0.1883572127870381,327.6042816952331,12.820571525122041,2555.3016965997904,129.93942624866077,0.0
11079,1227.3152555578654,122.73152555578655,-0.38215934669187845,-0.01715490371964057,327.986441041925,12.835527072140241,2555.3016965997904,129.93942624866077,0.0
11080,1212.155620191751,121.2155620191751,-15.159635366114344,-0.6806236938523225,343.14607640803933,13.428789127508752,2555.3016965997904,129.93942624866077,0.0
11081,1259.6728390619196,125.96728390619197,47.51721887016856,2.148005250464702,295.6288575378708,11.56923497257678,2555.3016965997904,129.93942624866077,0.0
11082,1280.4375429742458,128.0437542974246,20.76470391232624,0.9189252334840914,274.86415362554453,10.756622358576767,2555.3016965997904,149.55765212091228,0.0
11083,1293.3042222602107,129.33042222602106,12.866679285964892,0.5642197623699774,261.99747433957964,10.253093585317394,2555.3016965997904,162.42433140687717,0.0
11084,1300.8202819240846,130.08202819240847,7.516059663873875,0.327739320013376,254.48141467570576,9.958957684500863,2555.3016965997904,169.94039107075105,0.0
11085,1311.9032917465497,131.19032917465495,11.083009822465101,0.4816981973575496,243.39840485324066,9.52523160678516,2555.3016965997904,181.02340089321615,0.0
11086,1312.5402887857704,131.25402887857703,0.6369970392206596,0.027552927559493234,242.76140781402,9.50030315939015,2555.3016965997904,181.6603979324368,0.0
11087,1296.871172418802,129.68711724188017,-15.66911636696841,-0.67757160569063,258.4305241809884,10.11350340841822,2555.3016965997904,181.6603979324368,0.0
11088,1127.1854246563753,112.71854246563753,-169.68574776242667,-7.387691125215923,428.1162719434151,16.75404013988202,2555.3016965997904,181.6603979324368,-3.694466196958274
11089,1162.8551206264915,116.28551206264915,35.66969597011621,1.676849397173652,392.4465759732989,15.35813076379621,2555.3016965997904,181.6603979324368,-3.694466196958274
11090,1138.2686288630453,113.82686288630453,-24.586491763446247,-1.1367609198125406,417.0330677367451,16.320306455072203,2555.3016965997904,181.6603979324368,-3.694466196958274
11091,1125.147306268755,112.51473062687549,-13.121322594290177,-0.6136423841782257,430.1543903310353,16.83380052161433,2555.3016965997904,181.6603979324368,-5.73258458457849
11092,1122.4719964577093,112.24719964577092,-2.675309811045736,-0.12588820563892433,432.82970014208104,16.93849695783576,2555.3016965997904,181.6603979324368,-8.407894395624226
11093,1149.0968009929807,114.90968009929804,26.624804535271323,1.2544243024033674,406.2048956068097,15.896553277733345,2555.3016965997904,181.6603979324368,-8.407894395624226
11094,1164.2564363590955,116.42564363590955,15.159635366114799,0.7053956508199288,391.0452602406949,15.303291222364814,2555.3016965997904,181.6603979324368,-8.407894395624226
11095,1189.3526035076002,118.93526035076003,25.09616714850472,1.1595745645891942,365.9490930921902,14.321169730335168,2555.3016965997904,181.6603979324368,-8.407894395624226
11096,1202.8560854485818,120.28560854485816,13.503481940981601,0.6167796781270996,352.4456111512086,13.79272011677486,2555.3016965997904,181.6603979324368,-8.407894395624226
11097,1233.8123532200316,123.38123532200318,30.956267771449802,1.4052787186570104,321.4893433797588,12.58126755864281,2555.3016965997904,181.6603979324368,-8.407894395624226
11098,1207.8243513397765,120.78243513397764,-25.98800188025507,-1.1633923432643467,347.47734526001386,13.598290398444309,2555.3016965997904,181.6603979324368,-8.407894395624226
11099,1198.397494942445,119.83974949424451,-9.426856397331449,-0.4269749263165368,356.9042016573453,13.967204034351777,2555.3016965997904,181.6603979324368,-8.407894395624226
11100,1196.1043444780908,119.61043444780906,-2.293150464354312,-0.1043100926756857,359.1973521216996,14.056944923555022,2555.3016965997904,181.6603979324368,-8.407894395624226
11101,1178.269593685135,117.82695936851351,-17.834750792955674,-0.8121085338135048,377.0321029146553,14.754895808050872,2555.3016965997904,181.6603979324368,-8.407894395624226
11102,1178.7790746859891,117.87790746859889,0.5094810008540662,0.023389253668648635,376.52262191380123,14.734957614391314,2555.3016965997904,181.6603979324368,-8.407894395624226
11103,1182.983021883801,118.2983021883801,4.203947197811885,0.19294967748935132,372.31867471598935,14.57043899009713,2555.3016965997904,181.6603979324368,-8.407894395624226
11104,1179.6709094177395,117.96709094177396,-3.312112466061535,-0.15172415144133478,375.6307871820509,14.70005626661946,2555.3016965997904,181.6603979324368,-8.407894395624226
11105,1161.4538048938875,116.14538048938874,-18.217104523851958,-0.8357731639735633,393.84789170590284,15.412970305227603,2555.3016965997904,181.6603979324368,-8.407894395624226
11106,1201.9644451010363,120.19644451010363,40.510640207148754,1.8742311362577313,353.3372514987541,13.827613857452603,2555.3016965997904,181.6603979324368,-8.407894395624226
11107,1179.4160717252098,117.941607172521,-22.548373375826486,-1.024011692195692,375.88562487458057,14.710029166996305,2555.3016965997904,181.6603979324368,-8.407894395624226
11108,1171.9000120613364,117.19000120613363,-7.5160596638734205,-0.34486575378531725,383.401684538454,15.004165067812817,2555.3016965997904,181.6603979324368,-8.407894395624226
11109,1153.0459104982633,115.30459104982631,-18.854101563073073,-0.8680925207592227,402.25578610152706,15.742007553815988,2555.3016965997904,181.6603979324368,-8.407894395624226
11110,1146.0395262194484,114.60395262194484,-7.006384278814949,-0.3254173190014975,409.262170380342,16.016197653878848,2555.3016965997904,181.6603979324368,-8.407894395624226
11111,1153.0459104982633,115.30459104982631,7.006384278814949,0.3264797406205222,402.25578610152706,15.742007553815988,2555.3016965997904,181.6603979324368,-8.407894395624226
11112,1144.510694448477,114.45106944484769,-8.535216049786413,-0.3964251764520532,410.7910021513135,16.076027449045725,2555.3016965997904,181.6603979324368,-8.407894395624226
11113,1163.6194393198743,116.36194393198744,19.108744871397448,0.8910538390349165,391.68225727991603,15.328219669759843,2555.3016965997904,181.6603979324368,-8.407894395624226
11114,1175.33944618156,117.53394461815603,11.72000686168576,0.5416852265558214,379.96225041823027,14.86956514464913,2555.3016965997904,181.6603979324368,-8.407894395624226
11115,1158.6511734286792,115.86511734286793,-16.68827275288095,-0.7671571800977772,396.6505231711112,15.522649388090409,2555.3016965997904,181.6603979324368,-8.407894395624226
11116,1194.3208693987954,119.43208693987954,35.66969597011621,1.652406669923434,360.980827200995,14.126740012004602,2555.3016965997904,181.6603979324368,-8.407894395624226
11117,1202.47392610189,120.24739261018897,8.153056703094535,0.3715526209860265,352.8277704979005,13.807675663793063,2555.3016965997904,181.6603979324368,-8.407894395624226
11118,1202.3466044477277,120.23466044477277,-0.12732165416218777,-0.005780847285108415,352.95509215206266,13.81265831043442,2555.3016965997904,181.6603979324368,-8.407894395624226
11119,1187.823966120834,118.78239661208339,-14.522638326893684,-0.659416564929638,367.47773047895635,14.38099191840792,2555.3016965997904,181.6603979324368,-8.407894395624226
11120,1159.925167507121,115.9925167507121,-27.898798613713097,-1.2751847975767228,395.37652909266944,15.472792493300371,2555.3016965997904,181.6603979324368,-8.407894395624226
11121,1129.733218429054,112.97332184290538,-30.191949078066955,-1.3978238474304683,425.5684781707364,16.654333957396055,2555.3016965997904,181.6603979324368,-8.407894395624226
11122,1119.28720564581,111.92872056458101,-10.446012783243987,-0.4904845683418202,436.0144909539804,17.063131587716732,2555.3016965997904,181.6603979324368,-11.592685207523573
11123,1108.5863551700368,110.85863551700368,-10.700850475773223,-0.5049268663192996,446.7153414297536,17.481902118414233,2555.3016965997904,181.6603979324368,-22.293535683296795
11124,1100.8154578136337,110.08154578136336,-7.770897356403111,-0.368535883643073,454.4862387861567,17.78601091960759,2555.3016965997904,181.6603979324368,-30.064433039699907
11125,1136.9946347846035,113.69946347846036,36.17917697096982,1.7221492176481945,418.3070618151869,16.370163349862242,2555.3016965997904,181.6603979324368,-30.064433039699907
11126,1130.8798908533336,113.08798908533335,-6.1147439312699134,-0.28613754249721124,424.4218057464568,16.609459709247375,2555.3016965997904,181.6603979324368,-30.064433039699907
11127,1144.1285351017855,114.41285351017854,13.24864424845191,0.6217452379799093,411.1731614980049,16.09098299606391,2555.3016965997904,181.6603979324368,-30.064433039699907
11128,1148.7146416462892,114.87146416462895,4.586106544503764,0.21389140013874375,406.58705495350114,15.911508824751527,2555.3016965997904,181.6603979324368,-30.064433039699907
11129,1128.1126509202982,112.81126509202983,-20.601990725991072,-0.9588053400244156,427.1890456794922,16.717753768485768,2555.3016965997904,181.6603979324368,-30.064433039699907
11130,1128.1126509202982,112.81126509202983,0.0,0.0,427.1890456794922,16.717753768485768,2555.3016965997904,0.0,0.0
11131,1128.1126509202982,112.81126509202983,0.0,0.0,427.1890456794922,16.717753768485768,2555.3016965997904,0.0,0.0
11132,1128.1126509202982,112.81126509202983,0.0,0.0,427.1890456794922,16.717753768485768,2555.3016965997904,0.0,0.0
11133,1128.1126509202982,112.81126509202983,0.0,0.0,427.1890456794922,16.717753768485768,2555.3016965997904,0.0,0.0
11134,1128.1126509202982,112.81126509202983,0.0,0.0,427.1890456794922,16.717753768485768,2555.3016965997904,0.0,0.0
11135,1128.1126509202982,112.81126509202983,0.0,0.0,427.1890456794922,16.717753768485768,2555.3016965997904,0.0,0.0
11136,1128.1126509202982,112.81126509202983,0.0,0.0,427.1890456794922,16.717753768485768,2555.3016965997904,0.0,0.0
11137,1128.1126509202982,112.81126509202983,0.0,0.0,427.1890456794922,16.717753768485768,2555.3016965997904,0.0,0.0
11138,1128.1126509202982,112.81126509202983,0.0,0.0,427.1890456794922,16.717753768485768,2555.3016965997904,0.0,0.0
11139,1128.1126509202982,112.81126509202983,0.0,0.0,427.1890456794922,16.717753768485768,2555.3016965997904,0.0,0.0
11140,1128.1126509202982,112.81126509202983,0.0,0.0,427.1890456794922,16.717753768485768,2555.3016965997904,0.0,0.0
11141,1128.1126509202982,112.81126509202983,0.0,0.0,427.1890456794922,16.717753768485768,2555.3016965997904,0.0,0.0
11142,1128.1126509202982,112.81126509202983,0.0,0.0,427.1890456794922,16.717753768485768,2555.3016965997904,0.0,0.0
11143,1128.1126509202982,112.81126509202983,0.0,0.0,427.1890456794922,16.717753768485768,2555.3016965997904,0.0,0.0
11144,1128.1126509202982,112.81126509202983,0.0,0.0,427.1890456794922,16.717753768485768,2555.3016965997904,0.0,0.0
11145,1128.1126509202982,112.81126509202983,0.0,0.0,427.1890456794922,16.717753768485768,2555.3016965997904,0.0,0.0
11146,1128.1126509202982,112.81126509202983,0.0,0.0,427.1890456794922,16.717753768485768,2555.3016965997904,0.0,0.0
11147,1128.1126509202982,112.81126509202983,0.0,0.0,427.1890456794922,16.717753768485768,2555.3016965997904,0.0,0.0
11148,1128.1126509202982,112.81126509202983,0.0,0.0,427.1890456794922,16.717753768485768,2555.3016965997904,0.0,0.0
11149,1128.1126509202982,112.81126509202983,0.0,0.0,427.1890456794922,16.717753768485768,2555.3016965997904,0.0,0.0
11150,1128.1126509202982,112.81126509202983,0.0,0.0,427.1890456794922,16.717753768485768,2555.3016965997904,0.0,0.0
11151,1128.1126509202982,112.81126509202983,0.0,0.0,427.1890456794922,16.717753768485768,2555.3016965997904,0.0,0.0
11152,1128.1126509202982,112.81126509202983,0.0,0.0,427.1890456794922,16.717753768485768,2555.3016965997904,0.0,0.0
11153,1128.1126509202982,112.81126509202983,0.0,0.0,427.1890456794922,16.717753768485768,2555.3016965997904,0.0,0.0
11154,1128.1126509202982,112.81126509202983,0.0,0.0,427.1890456794922,16.717753768485768,2555.3016965997904,0.0,0.0
11155,1128.1126509202982,112.81126509202983,0.0,0.0,427.1890456794922,16.717753768485768,2555.3016965997904,0.0,0.0
11156,1128.1126509202982,112.81126509202983,0.0,0.0,427.1890456794922,16.717753768485768,2555.3016965997904,0.0,0.0
11157,1128.1126509202982,112.81126509202983,0.0,0.0,427.1890456794922,16.717753768485768,2555.3016965997904,0.0,0.0
11158,1128.1126509202982,112.81126509202983,0.0,0.0,427.1890456794922,16.717753768485768,2555.3016965997904,0.0,0.0
11159,1128.1126509202982,112.81126509202983,0.0,0.0,427.1890456794922,16.717753768485768,2555.3016965997904,0.0,0.0
11160,1128.1126509202982,112.81126509202983,0.0,0.0,427.1890456794922,16.717753768485768,2555.3016965997904,0.0,0.0
11161,1128.1126509202982,112.81126509202983,0.0,0.0,427.1890456794922,16.717753768485768,2555.3016965997904,0.0,0.0
11162,1128.1126509202982,112.81126509202983,0.0,0.0,427.1890456794922,16.717753768485768,2555.3016965997904,0.0,0.0
11163,1128.1126509202982,112.81126509202983,0.0,0.0,427.1890456794922,16.717753768485768,2555.3016965997904,0.0,0.0
11164,1128.1126509202982,112.81126509202983,0.0,0.0,427.1890456794922,16.717753768485768,2555.3016965997904,0.0,0.0
11165,1128.1126509202982,112.81126509202983,0.0,0.0,427.1890456794922,16.717753768485768,2555.3016965997904,0.0,0.0
11166,1128.1126509202982,112.81126509202983,0.0,0.0,427.1890456794922,16.717753768485768,2555.3016965997904,0.0,0.0
11167,1128.1126509202982,112.81126509202983,0.0,0.0,427.1890456794922,16.717753768485768,2555.3016965997904,0.0,0.0
11168,1125.9866642560423,112.59866642560424,-2.1259866642558336,-0.09990009990008542,429.31503234374804,16.80095281567009,2555.3016965997904,0.0,0.0
11169,1152.7530539842742,115.2753053984274,26.766389728231843,1.259010236435243,402.5486426155162,15.753468295002785,2555.3016965997904,26.766389728231843,0.0
11170,1176.4564915780825,117.64564915780826,23.703437593808303,1.1010755529965888,378.8452050217079,14.825850330151539,2555.3016965997904,50.469827322040146,0.0
11171,1167.2680415635782,116.72680415635783,-9.18845001450427,-0.42217476205288484,388.03365503621217,15.185434093850786,2555.3016965997904,50.469827322040146,0.0
11172,1169.2247425167993,116.92247425167994,1.956700953221116,0.09028421568979539,386.07695408299105,15.108859928231722,2555.3016965997904,50.469827322040146,0.0
11173,1169.2247425167993,116.92247425167994,0.0,0.0,386.07695408299105,15.108859928231722,2555.3016965997904,0.0,0.0
11174,1169.2247425167993,116.92247425167994,0.0,0.0,386.07695408299105,15.108859928231722,2555.3016965997904,0.0,0.0
11175,1169.2247425167993,116.92247425167994,0.0,0.0,386.07695408299105,15.108859928231722,2555.3016965997904,0.0,0.0
11176,1169.2247425167993,116.92247425167994,0.0,0.0,386.07695408299105,15.108859928231722,2555.3016965997904,0.0,0.0
11177,1169.2247425167993,116.92247425167994,0.0,0.0,386.07695408299105,15.108859928231722,2555.3016965997904,0.0,0.0
11178,1169.2247425167993,116.92247425167994,0.0,0.0,386.07695408299105,15.108859928231722,2555.3016965997904,0.0,0.0
11179,1169.2247425167993,116.92247425167994,0.0,0.0,386.07695408299105,15.108859928231722,2555.3016965997904,0.0,0.0
11180,1169.2247425167993,116.92247425167994,0.0,0.0,386.07695408299105,15.108859928231722,2555.3016965997904,0.0,0.0
11181,1169.2247425167993,116.92247425167994,0.0,0.0,386.07695408299105,15.108859928231722,2555.3016965997904,0.0,0.0
11182,1169.2247425167993,116.92247425167994,0.0,0.0,386.07695408299105,15.108859928231722,2555.3016965997904,0.0,0.0
11183,1169.2247425167993,116.92247425167994,0.0,0.0,386.07695408299105,15.108859928231722,2555.3016965997904,0.0,0.0
11184,1169.2247425167993,116.92247425167994,0.0,0.0,386.07695408299105,15.108859928231722,2555.3016965997904,0.0,0.0
11185,1169.2247425167993,116.92247425167994,0.0,0.0,386.07695408299105,15.108859928231722,2555.3016965997904,0.0,0.0
11186,1169.2247425167993,116.92247425167994,0.0,0.0,386.07695408299105,15.108859928231722,2555.3016965997904,0.0,0.0
11187,1169.2247425167993,116.92247425167994,0.0,0.0,386.07695408299105,15.108859928231722,2555.3016965997904,0.0,0.0
11188,1169.2247425167993,116.92247425167994,0.0,0.0,386.07695408299105,15.108859928231722,2555.3016965997904,0.0,0.0
11189,1169.2247425167993,116.92247425167994,0.0,0.0,386.07695408299105,15.108859928231722,2555.3016965997904,0.0,0.0
11190,1169.2247425167993,116.92247425167994,0.0,0.0,386.07695408299105,15.108859928231722,2555.3016965997904,0.0,0.0
11191,1169.2247425167993,116.92247425167994,0.0,0.0,386.07695408299105,15.108859928231722,2555.3016965997904,0.0,0.0
11192,1169.2247425167993,116.92247425167994,0.0,0.0,386.07695408299105,15.108859928231722,2555.3016965997904,0.0,0.0
11193,1169.2247425167993,116.92247425167994,0.0,0.0,386.07695408299105,15.108859928231722,2555.3016965997904,0.0,0.0
11194,1169.2247425167993,116.92247425167994,0.0,0.0,386.07695408299105,15.108859928231722,2555.3016965997904,0.0,0.0
11195,1169.2247425167993,116.92247425167994,0.0,0.0,386.07695408299105,15.108859928231722,2555.3016965997904,0.0,0.0
11196,1169.2247425167993,116.92247425167994,0.0,0.0,386.07695408299105,15.108859928231722,2555.3016965997904,0.0,0.0
11197,1169.2247425167993,116.92247425167994,0.0,0.0,386.07695408299105,15.108859928231722,2555.3016965997904,0.0,0.0
11198,1169.2247425167993,116.92247425167994,0.0,0.0,386.07695408299105,15.108859928231722,2555.3016965997904,0.0,0.0
11199,1169.2247425167993,116.92247425167994,0.0,0.0,386.07695408299105,15.108859928231722,2555.3016965997904,0.0,0.0
11200,1169.2247425167993,116.92247425167994,0.0,0.0,386.07695408299105,15.108859928231722,2555.3016965997904,0.0,0.0
11201,1169.2247425167993,116.92247425167994,0.0,0.0,386.07695408299105,15.108859928231722,2555.3016965997904,0.0,0.0
11202,1169.2247425167993,116.92247425167994,0.0,0.0,386.07695408299105,15.108859928231722,2555.3016965997904,0.0,0.0
11203,1169.2247425167993,116.92247425167994,0.0,0.0,386.07695408299105,15.108859928231722,2555.3016965997904,0.0,0.0
11204,1169.2247425167993,116.92247425167994,0.0,0.0,386.07695408299105,15.108859928231722,2555.3016965997904,0.0,0.0
11205,1169.2247425167993,116.92247425167994,0.0,0.0,386.07695408299105,15.108859928231722,2555.3016965997904,0.0,0.0
11206,1169.2247425167993,116.92247425167994,0.0,0.0,386.07695408299105,15.108859928231722,2555.3016965997904,0.0,0.0
11207,1169.2247425167993,116.92247425167994,0.0,0.0,386.07695408299105,15.108859928231722,2555.3016965997904,0.0,0.0
11208,1169.2247425167993,116.92247425167994,0.0,0.0,386.07695408299105,15.108859928231722,2555.3016965997904,0.0,0.0
11209,1169.2247425167993,116.92247425167994,0.0,0.0,386.07695408299105,15.108859928231722,2555.3016965997904,0.0,0.0
11210,1169.2247425167993,116.92247425167994,0.0,0.0,386.07695408299105,15.108859928231722,2555.3016965997904,0.0,0.0
11211,1169.2247425167993,116.92247425167994,0.0,0.0,386.07695408299105,15.108859928231722,2555.3016965997904,0.0,0.0
11212,1169.2247425167993,116.92247425167994,0.0,0.0,386.07695408299105,15.108859928231722,2555.3016965997904,0.0,0.0
11213,1169.2247425167993,116.92247425167994,0.0,0.0,386.07695408299105,15.108859928231722,2555.3016965997904,0.0,0.0
11214,1169.2247425167993,116.92247425167994,0.0,0.0,386.07695408299105,15.108859928231722,2555.3016965997904,0.0,0.0
11215,1169.2247425167993,116.92247425167994,0.0,0.0,386.07695408299105,15.108859928231722,2555.3016965997904,0.0,0.0
11216,1169.2247425167993,116.92247425167994,0.0,0.0,386.07695408299105,15.108859928231722,2555.3016965997904,0.0,0.0
11217,1169.2247425167993,116.92247425167994,0.0,0.0,386.07695408299105,15.108859928231722,2555.3016965997904,0.0,0.0
11218,1169.2247425167993,116.92247425167994,0.0,0.0,386.07695408299105,15.108859928231722,2555.3016965997904,0.0,0.0
11219,1169.2247425167993,116.92247425167994,0.0,0.0,386.07695408299105,15.108859928231722,2555.3016965997904,0.0,0.0
11220,1169.2247425167993,116.92247425167994,0.0,0.0,386.07695408299105,15.108859928231722,2555.3016965997904,0.0,0.0
11221,1169.2247425167993,116.92247425167994,0.0,0.0,386.07695408299105,15.108859928231722,2555.3016965997904,0.0,0.0
11222,1169.2247425167993,116.92247425167994,0.0,0.0,386.07695408299105,15.108859928231722,2555.3016965997904,0.0,0.0
11223,1169.2247425167993,116.92247425167994,0.0,0.0,386.07695408299105,15.108859928231722,2555.3016965997904,0.0,0.0
11224,1169.2247425167993,116.92247425167994,0.0,0.0,386.07695408299105,15.108859928231722,2555.3016965997904,0.0,0.0
11225,1169.2247425167993,116.92247425167994,0.0,0.0,386.07695408299105,15.108859928231722,2555.3016965997904,0.0,0.0
11226,1169.2247425167993,116.92247425167994,0.0,0.0,386.07695408299105,15.108859928231722,2555.3016965997904,0.0,0.0
11227,1169.2247425167993,116.92247425167994,0.0,0.0,386.07695408299105,15.108859928231722,2555.3016965997904,0.0,0.0
11228,1169.2247425167993,116.92247425167994,0.0,0.0,386.07695408299105,15.108859928231722,2555.3016965997904,0.0,0.0
11229,1169.2247425167993,116.92247425167994,0.0,0.0,386.07695408299105,15.108859928231722,2555.3016965997904,0.0,0.0
11230,1169.2247425167993,116.92247425167994,0.0,0.0,386.07695408299105,15.108859928231722,2555.3016965997904,0.0,0.0
11231,1169.2247425167993,116.92247425167994,0.0,0.0,386.07695408299105,15.108859928231722,2555.3016965997904,0.0,0.0
11232,1169.2247425167993,116.92247425167994,0.0,0.0,386.07695408299105,15.108859928231722,2555.3016965997904,0.0,0.0
11233,1169.2247425167993,116.92247425167994,0.0,0.0,386.07695408299105,15.108859928231722,2555.3016965997904,0.0,0.0
11234,1169.2247425167993,116.92247425167994,0.0,0.0,386.07695408299105,15.108859928231722,2555.3016965997904,0.0,0.0
11235,1169.2247425167993,116.92247425167994,0.0,0.0,386.07695408299105,15.108859928231722,2555.3016965997904,0.0,0.0
11236,1169.2247425167993,116.92247425167994,0.0,0.0,386.07695408299105,15.108859928231722,2555.3016965997904,0.0,0.0
11237,1169.2247425167993,116.92247425167994,0.0,0.0,386.07695408299105,15.108859928231722,2555.3016965997904,0.0,0.0
11238,1169.2247425167993,116.92247425167994,0.0,0.0,386.07695408299105,15.108859928231722,2555.3016965997904,0.0,0.0
11239,1169.2247425167993,116.92247425167994,0.0,0.0,386.07695408299105,15.108859928231722,2555.3016965997904,0.0,0.0
11240,1169.2247425167993,116.92247425167994,0.0,0.0,386.07695408299105,15.108859928231722,2555.3016965997904,0.0,0.0
11241,1169.2247425167993,116.92247425167994,0.0,0.0,386.07695408299105,15.108859928231722,2555.3016965997904,0.0,0.0
11242,1169.2247425167993,116.92247425167994,0.0,0.0,386.07695408299105,15.108859928231722,2555.3016965997904,0.0,0.0
11243,1169.2247425167993,116.92247425167994,0.0,0.0,386.07695408299105,15.108859928231722,2555.3016965997904,0.0,0.0
11244,1169.2247425167993,116.92247425167994,0.0,0.0,386.07695408299105,15.108859928231722,2555.3016965997904,0.0,0.0
11245,1169.2247425167993,116.92247425167994,0.0,0.0,386.07695408299105,15.108859928231722,2555.3016965997904,0.0,0.0
11246,1169.2247425167993,116.92247425167994,0.0,0.0,386.07695408299105,15.108859928231722,2555.3016965997904,0.0,0.0
11247,1169.2247425167993,116.92247425167994,0.0,0.0,386.07695408299105,15.108859928231722,2555.3016965997904,0.0,0.0
11248,1169.2247425167993,116.92247425167994,0.0,0.0,386.07695408299105,15.108859928231722,2555.3016965997904,0.0,0.0
11249,1169.2247425167993,116.92247425167994,0.0,0.0,386.07695408299105,15.108859928231722,2555.3016965997904,0.0,0.0
11250,1169.2247425167993,116.92247425167994,0.0,0.0,386.07695408299105,15.108859928231722,2555.3016965997904,0.0,0.0
11251,1169.2247425167993,116.92247425167994,0.0,0.0,386.07695408299105,15.108859928231722,2555.3016965997904,0.0,0.0
11252,1169.2247425167993,116.92247425167994,0.0,0.0,386.07695408299105,15.108859928231722,2555.3016965997904,0.0,0.0
11253,1169.2247425167993,116.92247425167994,0.0,0.0,386.07695408299105,15.108859928231722,2555.3016965997904,0.0,0.0
11254,1169.2247425167993,116.92247425167994,0.0,0.0,386.07695408299105,15.108859928231722,2555.3016965997904,0.0,0.0
11255,1169.2247425167993,116.92247425167994,0.0,0.0,386.07695408299105,15.108859928231722,2555.3016965997904,0.0,0.0
11256,1169.2247425167993,116.92247425167994,0.0,0.0,386.07695408299105,15.108859928231722,2555.3016965997904,0.0,0.0
11257,1169.2247425167993,116.92247425167994,0.0,0.0,386.07695408299105,15.108859928231722,2555.3016965997904,0.0,0.0
11258,1169.2247425167993,116.92247425167994,0.0,0.0,386.07695408299105,15.108859928231722,2555.3016965997904,0.0,0.0
11259,1169.2247425167993,116.92247425167994,0.0,0.0,386.07695408299105,15.108859928231722,2555.3016965997904,0.0,0.0
11260,1169.2247425167993,116.92247425167994,0.0,0.0,386.07695408299105,15.108859928231722,2555.3016965997904,0.0,0.0
11261,1169.2247425167993,116.92247425167994,0.0,0.0,386.07695408299105,15.108859928231722,2555.3016965997904,0.0,0.0
11262,1169.2247425167993,116.92247425167994,0.0,0.0,386.07695408299105,15.108859928231722,2555.3016965997904,0.0,0.0
11263,1169.2247425167993,116.92247425167994,0.0,0.0,386.07695408299105,15.108859928231722,2555.3016965997904,0.0,0.0
11264,1169.2247425167993,116.92247425167994,0.0,0.0,386.07695408299105,15.108859928231722,2555.3016965997904,0.0,0.0
11265,1169.2247425167993,116.92247425167994,0.0,0.0,386.07695408299105,15.108859928231722,2555.3016965997904,0.0,0.0
11266,1169.2247425167993,116.92247425167994,0.0,0.0,386.07695408299105,15.108859928231722,2555.3016965997904,0.0,0.0
11267,1169.2247425167993,116.92247425167994,0.0,0.0,386.07695408299105,15.108859928231722,2555.3016965997904,0.0,0.0
11268,1169.2247425167993,116.92247425167994,0.0,0.0,386.07695408299105,15.108859928231722,2555.3016965997904,0.0,0.0
11269,1169.2247425167993,116.92247425167994,0.0,0.0,386.07695408299105,15.108859928231722,2555.3016965997904,0.0,0.0
11270,1169.2247425167993,116.92247425167994,0.0,0.0,386.07695408299105,15.108859928231722,2555.3016965997904,0.0,0.0
11271,1169.2247425167993,116.92247425167994,0.0,0.0,386.07695408299105,15.108859928231722,2555.3016965997904,0.0,0.0
11272,1169.2247425167993,116.92247425167994,0.0,0.0,386.07695408299105,15.108859928231722,2555.3016965997904,0.0,0.0
11273,1169.2247425167993,116.92247425167994,0.0,0.0,386.07695408299105,15.108859928231722,2555.3016965997904,0.0,0.0
11274,1169.2247425167993,116.92247425167994,0.0,0.0,386.07695408299105,15.108859928231722,2555.3016965997904,0.0,0.0
11275,1169.2247425167993,116.92247425167994,0.0,0.0,386.07695408299105,15.108859928231722,2555.3016965997904,0.0,0.0
11276,1169.2247425167993,116.92247425167994,0.0,0.0,386.07695408299105,15.108859928231722,2555.3016965997904,0.0,0.0
11277,1169.2247425167993,116.92247425167994,0.0,0.0,386.07695408299105,15.108859928231722,2555.3016965997904,0.0,0.0
11278,1169.2247425167993,116.92247425167994,0.0,0.0,386.07695408299105,15.108859928231722,2555.3016965997904,0.0,0.0
11279,1169.2247425167993,116.92247425167994,0.0,0.0,386.07695408299105,15.108859928231722,2555.3016965997904,0.0,0.0
11280,1169.2247425167993,116.92247425167994,0.0,0.0,386.07695408299105,15.108859928231722,2555.3016965997904,0.0,0.0
11281,1169.2247425167993,116.92247425167994,0.0,0.0,386.07695408299105,15.108859928231722,2555.3016965997904,0.0,0.0
11282,1169.2247425167993,116.92247425167994,0.0,0.0,386.07695408299105,15.108859928231722,2555.3016965997904,0.0,0.0
11283,1169.2247425167993,116.92247425167994,0.0,0.0,386.07695408299105,15.108859928231722,2555.3016965997904,0.0,0.0
11284,1167.0576848319674,116.70576848319674,-2.1670576848318888,-0.09990009990009652,388.24401176782294,15.19366626196975,2555.3016965997904,0.0,0.0
11285,1169.8384508798613,116.98384508798614,2.7807660478938487,0.12831989048365244,385.4632457199291,15.08484286739391,2555.3016965997904,2.7807660478938487,0.0
11286,1178.3190660408782,117.83190660408782,8.480615161016885,0.3908408553446874,376.9826305589122,14.752959740939545,2555.3016965997904,11.261381208910734,0.0
11287,1176.2797733972425,117.62797733972423,-2.03929264363569,-0.09361771998543933,379.0219232025479,14.832766076385152,2555.3016965997904,11.261381208910734,0.0
11288,1176.2797733972425,117.62797733972423,0.0,0.0,379.0219232025479,14.832766076385152,2555.3016965997904,0.0,0.0
11289,1176.2797733972425,117.62797733972423,0.0,0.0,379.0219232025479,14.832766076385152,2555.3016965997904,0.0,0.0
11290,1176.2797733972425,117.62797733972423,0.0,0.0,379.0219232025479,14.832766076385152,2555.3016965997904,0.0,0.0
11291,1176.2797733972425,117.62797733972423,0.0,0.0,379.0219232025479,14.832766076385152,2555.3016965997904,0.0,0.0
11292,1176.2797733972425,117.62797733972423,0.0,0.0,379.0219232025479,14.832766076385152,2555.3016965997904,0.0,0.0
11293,1176.2797733972425,117.62797733972423,0.0,0.0,379.0219232025479,14.832766076385152,2555.3016965997904,0.0,0.0
11294,1176.2797733972425,117.62797733972423,0.0,0.0,379.0219232025479,14.832766076385152,2555.3016965997904,0.0,0.0
11295,1176.2797733972425,117.62797733972423,0.0,0.0,379.0219232025479,14.832766076385152,2555.3016965997904,0.0,0.0
11296,1176.2797733972425,117.62797733972423,0.0,0.0,379.0219232025479,14.832766076385152,2555.3016965997904,0.0,0.0
11297,1176.2797733972425,117.62797733972423,0.0,0.0,379.0219232025479,14.832766076385152,2555.3016965997904,0.0,0.0
11298,1176.2797733972425,117.62797733972423,0.0,0.0,379.0219232025479,14.832766076385152,2555.3016965997904,0.0,0.0
11299,1174.1056677295132,117.41056677295134,-2.1741056677292363,-0.09990009990008542,381.19602887027713,14.917848228156982,2555.3016965997904,0.0,0.0
11300,1147.1362072366674,114.71362072366675,-26.969460492845883,-1.2404852667998845,408.165489363123,15.973279785563014,2555.3016965997904,0.0,-26.969460492845883
11301,1115.1492706264958,111.51492706264956,-31.986936610171597,-1.4897488339288167,440.1524259732946,17.225066870146215,2555.3016965997904,0.0,-58.95639710301748
11302,1144.1256067236054,114.41256067236054,28.97633609710965,1.3699428451461992,411.17608987618496,16.09109759615923,2555.3016965997904,0.0,-58.95639710301748
11303,1159.931020161625,115.99310201616251,15.805413438019514,0.7371496048765191,395.37067643816545,15.47256345363309,2555.3016965997904,0.0,-58.95639710301748
11304,1149.1432742453753,114.91432742453753,-10.787745916249605,-0.49944863125500616,406.15842235441505,15.894734578498865,2555.3016965997904,0.0,-58.95639710301748
11305,1142.2441010307193,114.22441010307192,-6.8991732146560025,-0.3210196964219869,413.05759556907105,16.164729046229873,2555.3016965997904,0.0,-58.95639710301748
11306,1135.9721601818405,113.59721601818404,-6.271940848878785,-0.2927743316394782,419.32953641794984,16.410177200442917,2555.3016965997904,0.0,-58.95639710301748
11307,1076.0124209789142,107.60124209789143,-59.95973920292636,-2.8071404824780988,479.2892756208762,18.756660955480992,2555.3016965997904,0.0,-98.09324675059906
11308,1109.880863281971,110.98808632819708,33.86844230305678,1.6314180956146007,445.4208333178194,17.431242420827182,2555.3016965997904,0.0,-98.09324675059906
11309,1165.324797417527,116.53247974175271,55.44393413555599,2.627822978085681,389.9768991822634,15.261481636441825,2555.3016965997904,0.0,-98.09324675059906
11310,1161.938087170333,116.19380871703329,-3.3867102471940598,-0.15640657010131953,393.3636094294575,15.39401824656894,2555.3016965997904,0.0,-98.09324675059906
11311,1194.4266948304585,119.44266948304585,32.48860766012558,1.5027538416999109,360.8750017693319,14.122598605461336,2555.3016965997904,20.32102710094523,-98.09324675059906
11312,1202.078470322269,120.2078470322269,7.65177549181044,0.34869132379022894,353.22322627752146,13.823151557702074,2555.3016965997904,27.97280259275567,-98.09324675059906
11313,1191.4160943173965,119.14160943173964,-10.662376004872385,-0.4841960061174322,363.88560228239385,14.240416416057558,2555.3016965997904,27.97280259275567,-98.09324675059906
11314,1192.92149027615,119.292149027615,1.5053959587535246,0.06869512196507888,362.3802063236403,14.181503765517833,2555.3016965997904,27.97280259275567,-98.09324675059906
11315,1200.3223345407605,120.03223345407604,7.400844264610441,0.3374878807758108,354.9793620590299,13.891876741262404,2555.3016965997904,27.97280259275567,-98.09324675059906
11316,1206.217974251062,120.62179742510621,5.895639710301566,0.2679443651392166,349.0837223487283,13.661154877063488,2555.3016965997904,32.11230652154882,-98.09324675059906
11317,1186.3986182000713,118.63986182000713,-19.81935605099079,-0.8983407932626752,368.9030783997191,14.43677194323471,2555.3016965997904,32.11230652154882,-98.09324675059906
11318,1218.8872258601973,121.88872258601972,32.488607660126036,1.4859416480454968,336.41447073959307,13.16535230212709,2555.3016965997904,44.78155813068406,-98.09324675059906
11319,1197.562665254898,119.75626652548983,-21.32456060529921,-0.9610475177273758,357.7390313448923,13.999874528354809,2555.3016965997904,44.78155813068406,-98.09324675059906
11320,1209.8556157254561,120.9855615725456,12.292950470558026,0.5593902128443906,345.44608087433426,13.518798243432537,2555.3016965997904,44.78155813068406,-98.09324675059906
11321,1238.4556506839886,123.84556506839886,28.600034958532433,1.294203782139114,316.8460459158018,12.399555259459682,2555.3016965997904,64.34998295447531,-98.09324675059906
11322,1276.3382270044613,127.63382270044615,37.88257632047271,1.692353221690901,278.9634695953291,10.917046310677584,2555.3016965997904,102.23255927494802,-98.09324675059906
11323,1242.3442233855822,124.23442233855822,-33.994003618879105,-1.4933634736527424,312.9574732142082,12.247378602324915,2555.3016965997904,102.23255927494802,-98.09324675059906
11324,1262.7908118023497,126.27908118023497,20.446588416767554,0.9118398595330923,292.51088479744067,11.447215222635746,2555.3016965997904,102.23255927494802,-98.09324675059906
11325,1305.063631874371,130.5063631874371,42.272820072021204,1.8681718102943057,250.23806472541946,9.792897060194438,2555.3016965997904,130.95796414485767,-98.09324675059906
11326,1302.9311949542857,130.29311949542856,-2.1324369200851834,-0.0925109784648881,252.37050164550465,9.876348533768878,2555.3016965997904,130.95796414485767,-98.09324675059906
11327,1266.303083365366,126.63030833653659,-36.62811158891964,-1.5904996062918286,288.9986132344243,11.309764855515105,2555.3016965997904,130.95796414485767,-98.09324675059906
11328,1272.5750242142453,127.25750242142455,6.27194084887924,0.2767476642870692,282.72667238554504,11.064316701302042,2555.3016965997904,130.95796414485767,-98.09324675059906
11329,1254.8881050833397,125.48881050833396,-17.686919130905608,-0.7782765779986045,300.41359151645065,11.756482293898825,2555.3016965997904,130.95796414485767,-98.09324675059906
11330,1292.8960513151906,129.28960513151907,38.00794623185084,1.6855801468005138,262.4056452845998,10.269067078606398,2555.3016965997904,130.95796414485767,-98.09324675059906
11331,1291.6417779880817,129.16417779880817,-1.2542733271088764,-0.054702581322407795,263.6599186117087,10.318152215159076,2555.3016965997904,130.95796414485767,-98.09324675059906
11332,1298.0390887483377,129.80390887483378,6.397310760256005,0.2791584104332667,257.2626078514527,10.067797794435737,2555.3016965997904,130.95796414485767,-98.09324675059906
11333,1292.6453114924357,129.26453114924357,-5.393777255902023,-0.23471216317907384,262.6563851073547,10.278879611627001,2555.3016965997904,130.95796414485767,-98.09324675059906
11334,1270.818888432737,127.08188884327369,-21.826423059698755,-0.9520191784698873,284.48280816705346,11.133041884862372,2555.3016965997904,130.95796414485767,-98.09324675059906
11335,1286.1224394163569,128.61224394163568,15.30355098361997,0.6739221283376784,269.1792571834335,10.534147789343882,2555.3016965997904,130.95796414485767,-98.09324675059906
11336,1231.6820387851549,123.16820387851548,-54.44040063120201,-2.3813422978823717,323.6196578146355,12.664635970197166,2555.3016965997904,130.95796414485767,-98.09324675059906
11337,1168.7116990691661,116.87116990691662,-62.97033971598876,-2.8216537401657527,386.58999753062426,15.128937535831477,2555.3016965997904,130.95796414485767,-98.09324675059906
11338,1148.8923430181753,114.88923430181752,-19.81935605099079,-0.913876937146485,406.40935358161505,15.904554602002701,2555.3016965997904,130.95796414485767,-98.09324675059906
11339,1130.9546840645153,113.09546840645153,-17.937658953660048,-0.8347397677664126,424.3470125352751,16.60653272762007,2555.3016965997904,130.95796414485767,-98.09324675059906
11340,1105.9922905803774,110.59922905803772,-24.96239348413792,-1.1714183164385994,449.309406019413,17.583419077961953,2555.3016965997904,130.95796414485767,-98.09324675059906
11341,1060.8342399066714,106.08342399066713,-45.15805067370593,-2.1442647665752435,494.46745669311895,19.350648784489188,2555.3016965997904,130.95796414485767,-113.27142782284182
11342,1095.7064071185273,109.57064071185272,34.87216721185587,1.6921383843775395,459.5952894812631,17.985950155820078,2555.3016965997904,130.95796414485767,-113.27142782284182
11343,1090.1870685468025,109.01870685468027,-5.519338571724802,-0.2633641121188135,465.1146280529879,18.201945730004883,2555.3016965997904,130.95796414485767,-113.27142782284182
11344,965.8771549849562,96.58771549849561,-124.30991356184632,-5.947310431322905,589.4245416148342,23.066729944223468,2555.3016965997904,130.95796414485767,-208.22851274455707
11345,992.0938217962032,99.20938217962032,26.216666811247023,1.3335862184861602,563.2078748035872,22.0407584573289,2555.3016965997904,130.95796414485767,-208.22851274455707
11346,997.6131603679278,99.76131603679276,5.519338571724575,0.2770621800708195,557.6885362318626,21.824762883144103,2555.3016965997904,130.95796414485767,-208.22851274455707
11347,977.41750317836,97.74175031783601,-20.195657189567783,-1.0109893942552906,577.8841934214304,22.615106239329446,2555.3016965997904,130.95796414485767,-208.22851274455707
11348,994.8534910820654,99.48534910820655,17.43598790370538,0.8817555157512258,560.448205517725,21.932760670236505,2555.3016965997904,130.95796414485767,-208.22851274455707
11349,1021.8227601704668,102.18227601704668,26.96926908840146,1.3519423460904179,533.4789364293235,20.877336603313683,2555.3016965997904,130.95796414485767,-208.22851274455707
11350,1018.0597487846953,101.80597487846951,-3.763011385771506,-0.18611974599861414,537.241947815095,21.024599503454937,2555.3016965997904,130.95796414485767,-208.22851274455707
11351,1018.8123510618495,101.88123510618495,0.7526022771542102,0.03729335950570789,536.4893455379408,20.995146923426688,2555.3016965997904,130.95796414485767,-208.22851274455707
11352,982.9368417500846,98.29368417500845,-35.87550931176497,-1.777060126113017,572.3648548497058,22.39911066514465,2555.3016965997904,130.95796414485767,-208.22851274455707
11353,1004.3867722667612,100.43867722667615,21.44993051667666,1.081725351259566,550.9149243330291,21.55968217240663,2555.3016965997904,130.95796414485767,-208.22851274455707
11354,1009.7807409271084,100.97807409271083,5.393968660347127,0.2691081748781965,545.520955672682,21.348592864732137,2555.3016965997904,130.95796414485767,-208.22851274455707
11355,1009.0281386499541,100.9028138649954,-0.7526022771542102,-0.03744698423207016,546.2735579498362,21.37804544476038,2555.3016965997904,130.95796414485767,-208.22851274455707
11356,985.3202098973698,98.53202098973696,-23.707928752584394,-1.180069521998628,569.9814867024206,22.305839168066374,2555.3016965997904,130.95796414485767,-208.22851274455707
11357,997.2368592293506,99.72368592293506,11.916649331980807,0.6002381516378552,558.0648373704398,21.83948917315823,2555.3016965997904,130.95796414485767,-208.22851274455707
11358,921.973569042804,92.1973569042804,-75.26329018654656,-3.7683707787962373,633.3281275569864,24.784867023714803,2555.3016965997904,130.95796414485767,-252.13209868670924
11359,927.3673462987063,92.73673462987063,5.3937772559022505,0.28063743137678454,627.9343503010841,24.57378520652353,2555.3016965997904,130.95796414485767,-252.13209868670924
11360,957.4727772159918,95.74727772159916,30.105430917285503,1.5619975597853442,597.8289193837986,23.39562957201097,2555.3016965997904,130.95796414485767,-252.13209868670924
11361,993.724587666334,99.37245876663339,36.25181045034219,1.851970094925215,561.5771089334564,21.97693954027888,2555.3016965997904,130.95796414485767,-252.13209868670924
11362,993.8499575777114,99.38499575777114,0.12536991137744735,0.006288226174921974,561.451739022079,21.97203327376858,2555.3016965997904,130.95796414485767,-252.13209868670924
11363,941.4166239552173,94.14166239552173,-52.43333362249405,-2.629753228081122,613.885072644573,24.02397624755772,2555.3016965997904,130.95796414485767,-252.13209868670924
11364,923.980636051512,92.3980636051512,-17.43598790370538,-0.8981064491032975,631.3210605482784,24.706321816650657,2555.3016965997904,130.95796414485767,-252.13209868670924
11365,900.0217760717278,90.00217760717277,-23.958859979784165,-1.2452755256910364,655.2799205280626,25.64393556346048,2555.3016965997904,130.95796414485767,-274.08389165778544
11366,905.9174157820296,90.59174157820296,5.8956397103017935,0.3102932705587591,649.3842808177608,25.41321369926155,2555.3016965997904,130.95796414485767,-274.08389165778544
11367,909.3043174336688,90.93043174336688,3.386901651639164,0.17770453344903014,645.9973791661216,25.2806695986512,2555.3016965997904,130.95796414485767,-274.08389165778544
11368,908.4261538406922,90.84261538406922,-0.8781635929765343,-0.04599390390301883,646.8755427590982,25.315035935672974,2555.3016965997904,130.95796414485767,-274.08389165778544
11369,917.9594350253878,91.79594350253879,9.533281184695625,0.49953628886871826,637.3422615744025,24.941957437843108,2555.3016965997904,130.95796414485767,-274.08389165778544
11370,874.4321502218127,87.44321502218126,-43.527284803575185,-2.2694580505035034,680.8695463779777,26.645368227320322,2555.3016965997904,130.95796414485767,-299.6735175077006
11371,891.491836986941,89.14918369869412,17.05968676512839,0.910125595269462,663.8098596128493,25.9777489482415,2555.3016965997904,130.95796414485767,-299.6735175077006
11372,902.9068152689674,90.29068152689675,11.414978282026368,0.6034907504655074,652.394881330823,25.531031509857783,2555.3016965997904,130.95796414485767,-299.6735175077006
11373,861.6375287013002,86.16375287013003,-41.26928656766722,-2.1687497378495624,693.6641678984902,27.146077068767017,2555.3016965997904,130.95796414485767,-312.46813902821305
11374,834.6680682084539,83.46680682084539,-26.969460492846338,-1.4486955745708796,720.6336283913365,28.201508626173062,2555.3016965997904,130.95796414485767,-339.4375995210594
11375,865.2897104057517,86.52897104057517,30.621642197297888,1.6690562575278234,690.0119861940386,27.003151413087632,2555.3016965997904,130.95796414485767,-339.4375995210594
11376,865.2897104057517,86.52897104057517,0.0,0.0,690.0119861940386,27.003151413087632,2555.3016965997904,0.0,0.0
11377,865.2897104057517,86.52897104057517,0.0,0.0,690.0119861940386,27.003151413087632,2555.3016965997904,0.0,0.0
11378,865.2897104057517,86.52897104057517,0.0,0.0,690.0119861940386,27.003151413087632,2555.3016965997904,0.0,0.0
11379,865.2897104057517,86.52897104057517,0.0,0.0,690.0119861940386,27.003151413087632,2555.3016965997904,0.0,0.0
11380,865.2897104057517,86.52897104057517,0.0,0.0,690.0119861940386,27.003151413087632,2555.3016965997904,0.0,0.0
11381,865.2897104057517,86.52897104057517,0.0,0.0,690.0119861940386,27.003151413087632,2555.3016965997904,0.0,0.0
11382,865.2897104057517,86.52897104057517,0.0,0.0,690.0119861940386,27.003151413087632,2555.3016965997904,0.0,0.0
11383,865.2897104057517,86.52897104057517,0.0,0.0,690.0119861940386,27.003151413087632,2555.3016965997904,0.0,0.0
11384,865.2897104057517,86.52897104057517,0.0,0.0,690.0119861940386,27.003151413087632,2555.3016965997904,0.0,0.0
11385,865.2897104057517,86.52897104057517,0.0,0.0,690.0119861940386,27.003151413087632,2555.3016965997904,0.0,0.0
11386,865.2897104057517,86.52897104057517,0.0,0.0,690.0119861940386,27.003151413087632,2555.3016965997904,0.0,0.0
11387,865.2897104057517,86.52897104057517,0.0,0.0,690.0119861940386,27.003151413087632,2555.3016965997904,0.0,0.0
11388,865.2897104057517,86.52897104057517,0.0,0.0,690.0119861940386,27.003151413087632,2555.3016965997904,0.0,0.0
11389,865.2897104057517,86.52897104057517,0.0,0.0,690.0119861940386,27.003151413087632,2555.3016965997904,0.0,0.0
11390,865.2897104057517,86.52897104057517,0.0,0.0,690.0119861940386,27.003151413087632,2555.3016965997904,0.0,0.0
11391,865.2897104057517,86.52897104057517,0.0,0.0,690.0119861940386,27.003151413087632,2555.3016965997904,0.0,0.0
11392,865.2897104057517,86.52897104057517,0.0,0.0,690.0119861940386,27.003151413087632,2555.3016965997904,0.0,0.0
11393,865.2897104057517,86.52897104057517,0.0,0.0,690.0119861940386,27.003151413087632,2555.3016965997904,0.0,0.0
11394,865.2897104057517,86.52897104057517,0.0,0.0,690.0119861940386,27.003151413087632,2555.3016965997904,0.0,0.0
11395,865.2897104057517,86.52897104057517,0.0,0.0,690.0119861940386,27.003151413087632,2555.3016965997904,0.0,0.0
11396,865.2897104057517,86.52897104057517,0.0,0.0,690.0119861940386,27.003151413087632,2555.3016965997904,0.0,0.0
11397,865.2897104057517,86.52897104057517,0.0,0.0,690.0119861940386,27.003151413087632,2555.3016965997904,0.0,0.0
11398,865.2897104057517,86.52897104057517,0.0,0.0,690.0119861940386,27.003151413087632,2555.3016965997904,0.0,0.0
11399,865.2897104057517,86.52897104057517,0.0,0.0,690.0119861940386,27.003151413087632,2555.3016965997904,0.0,0.0
11400,865.2897104057517,86.52897104057517,0.0,0.0,690.0119861940386,27.003151413087632,2555.3016965997904,0.0,0.0
11401,865.2897104057517,86.52897104057517,0.0,0.0,690.0119861940386,27.003151413087632,2555.3016965997904,0.0,0.0
11402,865.2897104057517,86.52897104057517,0.0,0.0,690.0119861940386,27.003151413087632,2555.3016965997904,0.0,0.0
11403,865.2897104057517,86.52897104057517,0.0,0.0,690.0119861940386,27.003151413087632,2555.3016965997904,0.0,0.0
11404,865.2897104057517,86.52897104057517,0.0,0.0,690.0119861940386,27.003151413087632,2555.3016965997904,0.0,0.0
11405,865.2897104057517,86.52897104057517,0.0,0.0,690.0119861940386,27.003151413087632,2555.3016965997904,0.0,0.0
11406,865.2897104057517,86.52897104057517,0.0,0.0,690.0119861940386,27.003151413087632,2555.3016965997904,0.0,0.0
11407,865.2897104057517,86.52897104057517,0.0,0.0,690.0119861940386,27.003151413087632,2555.3016965997904,0.0,0.0
11408,865.2897104057517,86.52897104057517,0.0,0.0,690.0119861940386,27.003151413087632,2555.3016965997904,0.0,0.0
11409,865.2897104057517,86.52897104057517,0.0,0.0,690.0119861940386,27.003151413087632,2555.3016965997904,0.0,0.0
11410,865.2897104057517,86.52897104057517,0.0,0.0,690.0119861940386,27.003151413087632,2555.3016965997904,0.0,0.0
11411,865.2897104057517,86.52897104057517,0.0,0.0,690.0119861940386,27.003151413087632,2555.3016965997904,0.0,0.0
11412,865.2897104057517,86.52897104057517,0.0,0.0,690.0119861940386,27.003151413087632,2555.3016965997904,0.0,0.0
11413,865.2897104057517,86.52897104057517,0.0,0.0,690.0119861940386,27.003151413087632,2555.3016965997904,0.0,0.0
11414,865.2897104057517,86.52897104057517,0.0,0.0,690.0119861940386,27.003151413087632,2555.3016965997904,0.0,0.0
11415,865.2897104057517,86.52897104057517,0.0,0.0,690.0119861940386,27.003151413087632,2555.3016965997904,0.0,0.0
11416,865.2897104057517,86.52897104057517,0.0,0.0,690.0119861940386,27.003151413087632,2555.3016965997904,0.0,0.0
11417,865.2897104057517,86.52897104057517,0.0,0.0,690.0119861940386,27.003151413087632,2555.3016965997904,0.0,0.0
11418,865.2897104057517,86.52897104057517,0.0,0.0,690.0119861940386,27.003151413087632,2555.3016965997904,0.0,0.0
11419,865.2897104057517,86.52897104057517,0.0,0.0,690.0119861940386,27.003151413087632,2555.3016965997904,0.0,0.0
11420,865.2897104057517,86.52897104057517,0.0,0.0,690.0119861940386,27.003151413087632,2555.3016965997904,0.0,0.0
11421,865.2897104057517,86.52897104057517,0.0,0.0,690.0119861940386,27.003151413087632,2555.3016965997904,0.0,0.0
11422,865.2897104057517,86.52897104057517,0.0,0.0,690.0119861940386,27.003151413087632,2555.3016965997904,0.0,0.0
11423,865.2897104057517,86.52897104057517,0.0,0.0,690.0119861940386,27.003151413087632,2555.3016965997904,0.0,0.0
11424,865.2897104057517,86.52897104057517,0.0,0.0,690.0119861940386,27.003151413087632,2555.3016965997904,0.0,0.0
11425,865.2897104057517,86.52897104057517,0.0,0.0,690.0119861940386,27.003151413087632,2555.3016965997904,0.0,0.0
11426,865.2897104057517,86.52897104057517,0.0,0.0,690.0119861940386,27.003151413087632,2555.3016965997904,0.0,0.0
11427,865.2897104057517,86.52897104057517,0.0,0.0,690.0119861940386,27.003151413087632,2555.3016965997904,0.0,0.0
11428,865.2897104057517,86.52897104057517,0.0,0.0,690.0119861940386,27.003151413087632,2555.3016965997904,0.0,0.0
11429,865.2897104057517,86.52897104057517,0.0,0.0,690.0119861940386,27.003151413087632,2555.3016965997904,0.0,0.0
11430,865.2897104057517,86.52897104057517,0.0,0.0,690.0119861940386,27.003151413087632,2555.3016965997904,0.0,0.0
11431,865.2897104057517,86.52897104057517,0.0,0.0,690.0119861940386,27.003151413087632,2555.3016965997904,0.0,0.0
11432,865.2897104057517,86.52897104057517,0.0,0.0,690.0119861940386,27.003151413087632,2555.3016965997904,0.0,0.0
11433,865.2897104057517,86.52897104057517,0.0,0.0,690.0119861940386,27.003151413087632,2555.3016965997904,0.0,0.0
11434,865.2897104057517,86.52897104057517,0.0,0.0,690.0119861940386,27.003151413087632,2555.3016965997904,0.0,0.0
11435,865.2897104057517,86.52897104057517,0.0,0.0,690.0119861940386,27.003151413087632,2555.3016965997904,0.0,0.0
11436,865.2897104057517,86.52897104057517,0.0,0.0,690.0119861940386,27.003151413087632,2555.3016965997904,0.0,0.0
11437,865.2897104057517,86.52897104057517,0.0,0.0,690.0119861940386,27.003151413087632,2555.3016965997904,0.0,0.0
11438,865.2897104057517,86.52897104057517,0.0,0.0,690.0119861940386,27.003151413087632,2555.3016965997904,0.0,0.0
11439,865.2897104057517,86.52897104057517,0.0,0.0,690.0119861940386,27.003151413087632,2555.3016965997904,0.0,0.0
11440,865.2897104057517,86.52897104057517,0.0,0.0,690.0119861940386,27.003151413087632,2555.3016965997904,0.0,0.0
11441,865.2897104057517,86.52897104057517,0.0,0.0,690.0119861940386,27.003151413087632,2555.3016965997904,0.0,0.0
11442,865.2897104057517,86.52897104057517,0.0,0.0,690.0119861940386,27.003151413087632,2555.3016965997904,0.0,0.0
11443,865.2897104057517,86.52897104057517,0.0,0.0,690.0119861940386,27.003151413087632,2555.3016965997904,0.0,0.0
11444,865.2897104057517,86.52897104057517,0.0,0.0,690.0119861940386,27.003151413087632,2555.3016965997904,0.0,0.0
11445,865.2897104057517,86.52897104057517,0.0,0.0,690.0119861940386,27.003151413087632,2555.3016965997904,0.0,0.0
11446,865.2897104057517,86.52897104057517,0.0,0.0,690.0119861940386,27.003151413087632,2555.3016965997904,0.0,0.0
11447,863.4262841216305,86.34262841216305,-1.8634262841212603,-0.09990009990008542,691.8754124781599,27.07607533774987,2555.3016965997904,0.0,0.0
11448,871.8672435422245,87.18672435422246,8.440959420594027,0.45298059239156085,683.4344530575659,26.74574411181964,2555.3016965997904,8.440959420594027,0.0
11449,838.1034058598477,83.81034058598478,-33.76383768237679,-1.8037517243201462,717.1982907399426,28.067069015540586,2555.3016965997904,8.440959420594027,-25.322878261782762
11450,846.8819899187249,84.6881989918725,8.778584058877186,0.4775892384993874,708.4197066810655,27.723525078221623,2555.3016965997904,8.440959420594027,-25.322878261782762
11451,859.9372099731072,85.99372099731073,13.05522005438229,0.7068789519657726,695.3644866266832,27.21261788977674,2555.3016965997904,8.440959420594027,-25.322878261782762
11452,844.2933053828763,84.42933053828763,-15.643904590230932,-0.8410985331304355,711.0083912169141,27.824831493009878,2555.3016965997904,8.440959420594027,-25.322878261782762
11453,795.8986087568765,79.58986087568765,-48.39469662599981,-2.624023873250092,759.4030878429139,29.718725145191776,2555.3016965997904,8.440959420594027,-67.52767536475403
11454,781.0424377453862,78.10424377453862,-14.856171011490233,-0.8272277142512885,774.2592588544042,30.30011132871987,2555.3016965997904,8.440959420594027,-82.38384637624426
11455,950.3117350977288,95.03117350977288,169.26929735234262,9.503945204507303,604.9899615020615,23.675872101798813,2555.3016965997904,86.88545097609835,-82.38384637624426
11456,955.3764481354926,95.53764481354928,5.064713037763795,0.25968735903185713,599.9252484642977,23.477667989755872,2555.3016965997904,91.95016401386215,-82.38384637624426
11457,926.5644957251866,92.65644957251867,-28.81195241030605,-1.473473429516814,628.7372008746038,24.60520421957346,2555.3016965997904,91.95016401386215,-82.38384637624426
11458,864.8892669769373,86.48892669769373,-61.67522874824931,-3.2013062051698293,690.4124296228531,27.018822495267376,2555.3016965997904,91.95016401386215,-82.38384637624426
11459,893.4760790511348,89.34760790511346,28.586812074197496,1.5328959515402252,661.8256175486556,25.900096979910952,2555.3016965997904,91.95016401386215,-82.38384637624426
11460,899.8911189102716,89.98911189102716,6.4150398591368685,0.3387969845571881,655.4105776895187,25.64904874291909,2555.3016965997904,91.95016401386215,-82.38384637624426
11461,890.8873945152861,89.08873945152862,-9.003724394985511,-0.4739073889744705,664.4143020845042,26.001403394699203,2555.3016965997904,91.95016401386215,-82.38384637624426
11462,883.2343404051917,88.32343404051916,-7.653054110094445,-0.4047334670638225,672.0673561945987,26.300900480318408,2555.3016965997904,91.95016401386215,-82.38384637624426
11463,908.6697029691491,90.8669702969149,25.43536256395737,1.350621216820258,646.6319936306413,25.305504805600123,2555.3016965997904,91.95016401386215,-82.38384637624426
11464,881.5460454820172,88.15460454820172,-27.123657487131823,-1.421076545875799,673.7556511177731,26.366970757868057,2555.3016965997904,91.95016401386215,-82.38384637624426
11465,882.333950792517,88.2333950792517,0.7879053104998093,0.041875420077630565,672.9677458072733,26.336136617557028,2555.3016965997904,91.95016401386215,-82.38384637624426
11466,895.6143111830077,89.56143111830077,13.280360390490614,0.7055262635463411,659.6873854167827,25.816418714650997,2555.3016965997904,91.95016401386215,-82.38384637624426
11467,899.8911189102716,89.98911189102716,4.276807727263986,0.2256159231354804,655.4105776895187,25.64904874291909,2555.3016965997904,91.95016401386215,-82.38384637624426
11468,914.5221495856536,91.45221495856535,14.631030675381908,0.7700983772045866,640.7795470141368,25.076473273852145,2555.3016965997904,91.95016401386215,-82.38384637624426
11469,917.8985677002431,91.78985677002431,3.376418114589569,0.17635826857997916,637.4031288995473,24.94433943935885,2555.3016965997904,91.95016401386215,-82.38384637624426
11470,930.728819150276,93.07288191502761,12.830251450032847,0.6689744528782793,624.5728774495144,24.442236244769127,2555.3016965997904,91.95016401386215,-82.38384637624426
11471,915.3098831643943,91.53098831643942,-15.418935985881717,-0.7986070251267963,639.9918134353961,25.045645854147107,2555.3016965997904,91.95016401386215,-82.38384637624426
11472,916.0977884748941,91.6097788474894,0.7879053104998093,0.04113722366418937,639.2039081248963,25.014811713836078,2555.3016965997904,91.95016401386215,-82.38384637624426
11473,933.9925812309318,93.39925812309318,17.89479275603776,0.9339185538270955,621.3091153688586,24.314511127809403,2555.3016965997904,91.95016401386215,-82.38384637624426
11474,938.9446382347619,93.89446382347619,4.9520570038300775,0.2560535677276654,616.3570583650285,24.120715733300038,2555.3016965997904,91.95016401386215,-82.38384637624426
11475,957.9649609395824,95.79649609395824,19.0203227048205,0.9809626499772905,597.336735660208,23.37636829557361,2555.3016965997904,94.53867681795191,-82.38384637624426
11476,973.383725193705,97.3383725193705,15.418764254122607,0.7874892841148506,581.9179714060854,22.772965406801628,2555.3016965997904,109.95744107207452,-82.38384637624426
11477,997.8062138428131,99.78062138428132,24.422488649108118,1.2375945102471642,557.4954827569773,21.817207866249532,2555.3016965997904,134.37992972118263,-82.38384637624426
11478,1026.6181662531192,102.66181662531193,28.81195241030605,1.4421795372678181,528.6835303466712,20.68967163643195,2555.3016965997904,163.19188213148868,-82.38384637624426
11479,996.5681995918558,99.65681995918558,-30.049966661263397,-1.482764102367684,558.7334970079346,21.86565671487687,2555.3016965997904,163.19188213148868,-82.38384637624426
11480,987.6771312308038,98.76771312308037,-8.891068361052021,-0.44531753850780564,567.6245653689866,22.213602649123416,2555.3016965997904,163.19188213148868,-82.38384637624426
11481,981.8246846142993,98.18246846142993,-5.852446616504494,-0.29443648188881566,573.4770119854911,22.44263418087139,2555.3016965997904,163.19188213148868,-82.38384637624426
11482,990.2656440348935,99.02656440348936,8.440959420594254,0.42591857322824556,565.0360525648969,22.112302954941153,2555.3016965997904,163.19188213148868,-82.38384637624426
11483,1001.2952879913364,100.12952879913364,11.029643956442897,0.5541794880246309,554.006408608454,21.680665314222665,2555.3016965997904,163.19188213148868,-82.38384637624426
11484,1014.8007887179353,101.48007887179355,13.505500726598939,0.6748379815631367,540.500907881855,21.152136696855482,2555.3016965997904,163.19188213148868,-82.38384637624426
11485,1008.4982331609731,100.84982331609731,-6.302555556962261,-0.31281283947545147,546.8034634388173,21.39878293691977,2555.3016965997904,163.19188213148868,-82.38384637624426
11486,989.5903947583274,98.95903947583274,-18.907838402645666,-0.9413918364711948,565.711301841463,22.138728377718614,2555.3016965997904,163.19188213148868,-82.38384637624426
11487,1005.7970643229498,100.57970643229498,16.206669564622416,0.8145731708053994,549.5046322768405,21.504491348635597,2555.3016965997904,163.19188213148868,-82.38384637624426
11488,1037.1973578055863,103.71973578055864,31.40029348263647,1.5654770884429237,518.1043387942041,20.275662145241757,2555.3016965997904,173.77107368395582,-82.38384637624426
11489,1041.586649835025,104.1586649835025,4.389292029438593,0.21545737886516925,513.7150467647655,20.103890176582276,2555.3016965997904,178.1603657133944,-82.38384637624426
11490,1032.5830971717983,103.25830971717984,-9.003552663226628,-0.441007618459599,522.7185994279921,20.4562381077564,2555.3016965997904,178.1603657133944,-82.38384637624426
11491,1068.0350580455906,106.80350580455907,35.45196087379236,1.7441826079888978,487.26663855419974,19.068849647091792,2555.3016965997904,204.60877392396014,-82.38384637624426
11492,1079.5148109424913,107.95148109424915,11.479752896900663,0.5551043659651311,475.7868856572991,18.619597298056995,2555.3016965997904,216.0885268208608,-82.38384637624426
11493,1098.1973372772695,109.81973372772696,18.68252633477823,0.8984079476842322,457.10435932252085,17.888469292325297,2555.3016965997904,234.77105315563904,-82.38384637624426
11494,1095.60882447318,109.560882447318,-2.5885128040895324,-0.12336841526300324,459.6928721266104,17.989768986507553,2555.3016965997904,234.77105315563904,-82.38384637624426
11495,1098.0848529750951,109.8084852975095,2.4760285019151524,0.11815318169112743,457.21684362469523,17.892871289252867,2555.3016965997904,234.77105315563904,-82.38384637624426
11496,1101.4612710896845,110.14612710896844,3.3764181145893417,0.1609285777837588,453.8404255101059,17.760737454759575,2555.3016965997904,238.034986968054,-82.38384637624426
11497,1107.4262020083638,110.74262020083636,5.964930918679329,0.28384681653381705,447.87549459142656,17.527303926084016,2555.3016965997904,243.99991788673333,-82.38384637624426
11498,1105.7380788169485,110.57380788169486,-1.6881231914153432,-0.08010354952436849,449.5636177828419,17.59336748302767,2555.3016965997904,243.99991788673333,-82.38384637624426
11499,1111.2527290634112,111.12527290634114,5.514650246462679,0.26188680833283406,444.0489675363792,17.37755538327441,2555.3016965997904,247.82644494178066,-82.38384637624426
11500,1121.0443587688965,112.10443587688962,9.79162970548532,0.46378292710740343,434.2573378308939,16.99436659118326,2555.3016965997904,257.618074647266,-82.38384637624426
11501,1091.7822974181327,109.17822974181325,-29.262061350763815,-1.379606288279056,463.5193991816577,18.13951752931716,2555.3016965997904,257.618074647266,-82.38384637624426
11502,1068.8229633560904,106.88229633560904,-22.959334062042217,-1.097596728415795,486.47873324369993,19.03801550678076,2555.3016965997904,257.618074647266,-82.38384637624426
11503,1076.3635331640103,107.63635331640104,7.540569807919837,0.3644859875147288,478.9381634357801,18.74292041808913,2555.3016965997904,257.618074647266,-82.38384637624426
11504,1073.549880023812,107.35498800238119,-2.813653140198312,-0.1355086956237761,481.7518165759784,18.853030826732553,2555.3016965997904,257.618074647266,-82.38384637624426
11505,1066.3469348541753,106.63469348541751,-7.202945169636678,-0.34737265011217655,488.9547617456151,19.13491320403545,2555.3016965997904,257.618074647266,-82.38384637624426
11506,1069.8358372709395,106.98358372709396,3.4889024167641765,0.1688439805491937,485.4658593288509,18.998377372614573,2555.3016965997904,257.618074647266,-82.38384637624426
11507,1088.180738967435,108.81807389674351,18.344901696495526,0.8862974235040344,467.1209576323554,18.280462078271594,2555.3016965997904,257.618074647266,-82.38384637624426
11508,1077.2639227766845,107.72639227766842,-10.916816190750524,-0.5227907712695767,478.0377738231059,18.707684280850533,2555.3016965997904,257.618074647266,-82.38384637624426
11509,1032.8080657761477,103.28080657761478,-44.45585700053675,-2.1401159724139696,522.4936308236427,20.447434113901238,2555.3016965997904,257.618074647266,-82.38384637624426
11510,1019.3025650495488,101.93025650495487,-13.505500726598939,-0.6643765810444235,535.9991315502416,20.975962731268417,2555.3016965997904,257.618074647266,-82.38384637624426
11511,1018.1772068325249,101.8177206832525,-1.1253582170238587,-0.05573004444711094,537.1244897672655,21.020002862362187,2555.3016965997904,257.618074647266,-82.38384637624426
11512,1003.3210358210347,100.33210358210347,-14.856171011490233,-0.7361182636090979,551.9806607787557,21.601389045890286,2555.3016965997904,257.618074647266,-82.38384637624426
11513,918.236192338526,91.82361923385261,-85.08484348250863,-4.24718963965941,637.0655042612643,24.93112672797012,2555.3016965997904,257.618074647266,-82.38384637624426
11514,888.749162383413,88.8749162383413,-29.48702995511303,-1.5371949540356256,666.5525342163774,26.08508165995917,2555.3016965997904,257.618074647266,-82.38384637624426
11515,897.8653710805734,89.78653710805733,9.116208697160346,0.48265851700797224,657.436325519217,25.728325011251467,2555.3016965997904,257.618074647266,-82.38384637624426
11516,904.2804109397105,90.42804109397105,6.415039859137096,0.3380134311363081,651.0212856600799,25.4772767742596,2555.3016965997904,257.618074647266,-82.38384637624426
11517,931.1789280907337,93.11789280907337,26.89851715102327,1.4125292155764857,624.1227685090566,24.42462153645282,2555.3016965997904,257.618074647266,-82.38384637624426
11518,885.9355092432149,88.59355092432149,-45.2434188475188,-2.342787516444622,669.3661873565754,26.19519206860258,2555.3016965997904,257.618074647266,-82.38384637624426
11519,704.736178321755,70.47361783217549,-181.19933092145993,-9.607928268669763,850.5655182780354,33.28630507348074,2555.3016965997904,257.618074647266,-158.69010579987548
11520,693.9316747014202,69.39316747014202,-10.804503620334799,-0.6337932964484483,861.3700218983702,33.709131999738084,2555.3016965997904,257.618074647266,-169.49460942021028
11521,696.9704681777268,69.69704681777269,3.038793476306637,0.1793929189524368,858.3312284220635,33.59021087663351,2555.3016965997904,257.618074647266,-169.49460942021028
11522,678.1752858090147,67.81752858090147,-18.795182368712176,-1.1075727433780935,877.1264107907757,34.32574759989879,2555.3016965997904,257.618074647266,-185.25099831261582
11523,661.1808826656516,66.11808826656515,-16.994403143363115,-1.0126715181108414,894.1208139341388,34.99081204868685,2555.3016965997904,257.618074647266,-202.24540145597894
11524,687.7417751783917,68.77417751783916,26.56089251274011,1.5989163365592418,867.5599214213987,33.9513695222688,2555.3016965997904,257.618074647266,-202.24540145597894
11525,673.6735094774012,67.36735094774014,-14.068265700990423,-0.8335555775114578,881.6281871223891,34.50192156548586,2555.3016965997904,257.618074647266,-202.24540145597894
11526,669.3967017501373,66.93967017501372,-4.276807727263986,-0.25553417097456954,885.9049948496531,34.66929153721777,2555.3016965997904,257.618074647266,-202.24540145597894
11527,696.4077032033354,69.64077032033353,27.011001453198105,1.6180097531569793,858.893993396455,33.6122343024834,2555.3016965997904,257.618074647266,-202.24540145597894
11528,732.5350850854527,73.25350850854527,36.127381882117334,2.129640287172574,822.7666115143377,32.198413698435346,2555.3016965997904,257.618074647266,-202.24540145597894
11529,752.4557974029476,75.24557974029476,19.920712317494917,1.1498013800114393,802.8458991968428,31.418830123470308,2555.3016965997904,257.618074647266,-202.24540145597894
11530,769.9003094867685,76.99003094867685,17.444512083820882,0.9954323589600911,785.4013871130219,30.736150966365944,2555.3016965997904,257.618074647266,-202.24540145597894
11531,745.3653365354855,74.53653365354856,-24.534972951282953,-1.3862347398762576,809.9363600643048,31.696310503845627,2555.3016965997904,257.618074647266,-202.24540145597894
11532,776.2030367754899,77.620303677549,30.837700240004324,1.7668335445011563,779.0986598243005,30.489498005695665,2555.3016965997904,257.618074647266,-202.24540145597894
11533,812.1051065897398,81.21051065897397,35.9020698142499,2.0212818619782524,743.1965900100506,29.084494836714757,2555.3016965997904,257.618074647266,-202.24540145597894
11534,819.1955674572018,81.91955674572017,7.09046086746207,0.3912830906815268,736.1061291425885,28.807014456339434,2555.3016965997904,257.618074647266,-202.24540145597894
11535,817.5074442657865,81.75074442657866,-1.6881231914153432,-0.09279503653226717,737.7942523340039,28.87307801328309,2555.3016965997904,257.618074647266,-202.24540145597894
11536,789.7085375020888,78.97085375020887,-27.798906763697687,-1.529507174862088,765.5931590977016,29.960969388328486,2555.3016965997904,257.618074647266,-202.24540145597894
11537,799.7251358119236,79.97251358119235,10.016598309834762,0.5596776290632821,755.5765607878668,29.568976602382175,2555.3016965997904,257.618074647266,-202.24540145597894
11538,806.365316007169,80.63653160071689,6.640180195245421,0.36895524005946534,748.9363805926214,29.309117650929156,2555.3016965997904,257.618074647266,-202.24540145597894
11539,835.1770966857159,83.5177096685716,28.81178067854694,1.5950140551985958,720.1245999140745,28.181588141717572,2555.3016965997904,257.618074647266,-202.24540145597894
11540,858.6991957221496,85.86991957221497,23.5220990364337,1.281734557330405,696.6025008776408,27.26106673840409,2555.3016965997904,257.618074647266,-202.24540145597894
11541,850.5958609398385,85.05958609398385,-8.103334782311094,-0.43596805771267677,704.7058356599518,27.57818525294559,2555.3016965997904,257.618074647266,-202.24540145597894
11542,822.1217048995745,82.21217048995746,-28.474156040264006,-1.5386479912368967,733.1799917002159,28.692502050768447,2555.3016965997904,257.618074647266,-202.24540145597894
11543,807.0405652837351,80.70405652837351,-15.081139615839447,-0.8276691713449913,748.2611313160553,29.282692228151696,2555.3016965997904,257.618074647266,-202.24540145597894
11544,811.9926222875652,81.19926222875651,4.9520570038300775,0.2740423817244153,743.3090743122252,29.08889683364233,2555.3016965997904,257.618074647266,-202.24540145597894
11545,814.2435104533718,81.42435104533719,2.2508881658066002,0.12422170698271895,741.0581861464186,29.000809850848803,2555.3016965997904,257.618074647266,-202.24540145597894
11546,804.5645367818199,80.45645367818199,-9.67897367155183,-0.5334991480351547,750.7371598179705,29.379589925406385,2555.3016965997904,257.618074647266,-202.24540145597894
11547,851.0461416120552,85.10461416120552,46.481604830235256,2.575779579107129,704.2555549877352,27.560563824023287,2555.3016965997904,257.618074647266,-202.24540145597894
11548,845.7564599699422,84.57564599699421,-5.28968164211301,-0.2857671412505258,709.5452366298482,27.76757192992138,2555.3016965997904,257.618074647266,-202.24540145597894
11549,870.9668539295501,87.09668539295501,25.210393959607927,1.3658570080268495,684.3348426702403,26.78098024905825,2555.3016965997904,257.618074647266,-202.24540145597894
11550,847.1712018285473,84.71712018285473,-23.795652101002815,-1.2718371814564922,708.1304947712431,27.7122069661487,2555.3016965997904,257.618074647266,-202.24540145597894
11551,847.1712018285473,84.71712018285473,0.0,0.0,708.1304947712431,27.7122069661487,2555.3016965997904,0.0,0.0
11552,847.1712018285473,84.71712018285473,0.0,0.0,708.1304947712431,27.7122069661487,2555.3016965997904,0.0,0.0
11553,847.1712018285473,84.71712018285473,0.0,0.0,708.1304947712431,27.7122069661487,2555.3016965997904,0.0,0.0
11554,847.1712018285473,84.71712018285473,0.0,0.0,708.1304947712431,27.7122069661487,2555.3016965997904,0.0,0.0
11555,847.1712018285473,84.71712018285473,0.0,0.0,708.1304947712431,27.7122069661487,2555.3016965997904,0.0,0.0
11556,847.1712018285473,84.71712018285473,0.0,0.0,708.1304947712431,27.7122069661487,2555.3016965997904,0.0,0.0
11557,847.1712018285473,84.71712018285473,0.0,0.0,708.1304947712431,27.7122069661487,2555.3016965997904,0.0,0.0
11558,847.1712018285473,84.71712018285473,0.0,0.0,708.1304947712431,27.7122069661487,2555.3016965997904,0.0,0.0
11559,847.1712018285473,84.71712018285473,0.0,0.0,708.1304947712431,27.7122069661487,2555.3016965997904,0.0,0.0
11560,847.1712018285473,84.71712018285473,0.0,0.0,708.1304947712431,27.7122069661487,2555.3016965997904,0.0,0.0
11561,847.1712018285473,84.71712018285473,0.0,0.0,708.1304947712431,27.7122069661487,2555.3016965997904,0.0,0.0
11562,847.1712018285473,84.71712018285473,0.0,0.0,708.1304947712431,27.7122069661487,2555.3016965997904,0.0,0.0
11563,847.1712018285473,84.71712018285473,0.0,0.0,708.1304947712431,27.7122069661487,2555.3016965997904,0.0,0.0
11564,847.1712018285473,84.71712018285473,0.0,0.0,708.1304947712431,27.7122069661487,2555.3016965997904,0.0,0.0
11565,847.1712018285473,84.71712018285473,0.0,0.0,708.1304947712431,27.7122069661487,2555.3016965997904,0.0,0.0
11566,847.1712018285473,84.71712018285473,0.0,0.0,708.1304947712431,27.7122069661487,2555.3016965997904,0.0,0.0
11567,847.1712018285473,84.71712018285473,0.0,0.0,708.1304947712431,27.7122069661487,2555.3016965997904,0.0,0.0
11568,847.1712018285473,84.71712018285473,0.0,0.0,708.1304947712431,27.7122069661487,2555.3016965997904,0.0,0.0
11569,847.1712018285473,84.71712018285473,0.0,0.0,708.1304947712431,27.7122069661487,2555.3016965997904,0.0,0.0
11570,847.1712018285473,84.71712018285473,0.0,0.0,708.1304947712431,27.7122069661487,2555.3016965997904,0.0,0.0
11571,847.1712018285473,84.71712018285473,0.0,0.0,708.1304947712431,27.7122069661487,2555.3016965997904,0.0,0.0
11572,847.1712018285473,84.71712018285473,0.0,0.0,708.1304947712431,27.7122069661487,2555.3016965997904,0.0,0.0
11573,847.1712018285473,84.71712018285473,0.0,0.0,708.1304947712431,27.7122069661487,2555.3016965997904,0.0,0.0
11574,847.1712018285473,84.71712018285473,0.0,0.0,708.1304947712431,27.7122069661487,2555.3016965997904,0.0,0.0
11575,847.1712018285473,84.71712018285473,0.0,0.0,708.1304947712431,27.7122069661487,2555.3016965997904,0.0,0.0
11576,847.1712018285473,84.71712018285473,0.0,0.0,708.1304947712431,27.7122069661487,2555.3016965997904,0.0,0.0
11577,847.1712018285473,84.71712018285473,0.0,0.0,708.1304947712431,27.7122069661487,2555.3016965997904,0.0,0.0
11578,847.1712018285473,84.71712018285473,0.0,0.0,708.1304947712431,27.7122069661487,2555.3016965997904,0.0,0.0
11579,847.1712018285473,84.71712018285473,0.0,0.0,708.1304947712431,27.7122069661487,2555.3016965997904,0.0,0.0
11580,847.1712018285473,84.71712018285473,0.0,0.0,708.1304947712431,27.7122069661487,2555.3016965997904,0.0,0.0
11581,847.1712018285473,84.71712018285473,0.0,0.0,708.1304947712431,27.7122069661487,2555.3016965997904,0.0,0.0
11582,847.1712018285473,84.71712018285473,0.0,0.0,708.1304947712431,27.7122069661487,2555.3016965997904,0.0,0.0
11583,847.1712018285473,84.71712018285473,0.0,0.0,708.1304947712431,27.7122069661487,2555.3016965997904,0.0,0.0
11584,847.1712018285473,84.71712018285473,0.0,0.0,708.1304947712431,27.7122069661487,2555.3016965997904,0.0,0.0
11585,847.1712018285473,84.71712018285473,0.0,0.0,708.1304947712431,27.7122069661487,2555.3016965997904,0.0,0.0
11586,847.1712018285473,84.71712018285473,0.0,0.0,708.1304947712431,27.7122069661487,2555.3016965997904,0.0,0.0
11587,847.1712018285473,84.71712018285473,0.0,0.0,708.1304947712431,27.7122069661487,2555.3016965997904,0.0,0.0
11588,847.1712018285473,84.71712018285473,0.0,0.0,708.1304947712431,27.7122069661487,2555.3016965997904,0.0,0.0
11589,847.1712018285473,84.71712018285473,0.0,0.0,708.1304947712431,27.7122069661487,2555.3016965997904,0.0,0.0
11590,847.1712018285473,84.71712018285473,0.0,0.0,708.1304947712431,27.7122069661487,2555.3016965997904,0.0,0.0
11591,847.1712018285473,84.71712018285473,0.0,0.0,708.1304947712431,27.7122069661487,2555.3016965997904,0.0,0.0
11592,847.1712018285473,84.71712018285473,0.0,0.0,708.1304947712431,27.7122069661487,2555.3016965997904,0.0,0.0
11593,847.1712018285473,84.71712018285473,0.0,0.0,708.1304947712431,27.7122069661487,2555.3016965997904,0.0,0.0
11594,847.1712018285473,84.71712018285473,0.0,0.0,708.1304947712431,27.7122069661487,2555.3016965997904,0.0,0.0
11595,847.1712018285473,84.71712018285473,0.0,0.0,708.1304947712431,27.7122069661487,2555.3016965997904,0.0,0.0
11596,847.1712018285473,84.71712018285473,0.0,0.0,708.1304947712431,27.7122069661487,2555.3016965997904,0.0,0.0
11597,847.1712018285473,84.71712018285473,0.0,0.0,708.1304947712431,27.7122069661487,2555.3016965997904,0.0,0.0
11598,845.325875952595,84.5325875952595,-1.8453258759523123,-0.09990009990008542,709.9758206471954,27.784422543605086,2555.3016965997904,0.0,0.0
11599,852.9315395512322,85.29315395512323,7.605663598637193,0.41215829126717285,702.3701570485582,27.48678005353209,2555.3016965997904,7.605663598637193,0.0
11600,875.0355277181034,87.50355277181035,22.103988166871204,1.1929198513305428,680.266168881687,26.621755457951696,2555.3016965997904,29.709651765508397,0.0
11601,891.0788122048075,89.10788122048075,16.043284486704124,0.8556256267969742,664.2228843949829,25.993912393156176,2555.3016965997904,45.75293625221252,0.0
11602,899.3974784324851,89.9397478432485,8.318666227677568,0.4398899809986645,655.9042181673053,25.66836702844457,2555.3016965997904,54.07160247989009,0.0
11603,911.6378404532088,91.16378404532088,12.240362020723751,0.6444339407476463,643.6638561465816,25.189348756863904,2555.3016965997904,66.31196450061384,0.0
11604,917.3420428188558,91.7342042818856,5.7042023656470064,0.29839346370621467,637.9596537809346,24.966118663398333,2555.3016965997904,72.01616686626085,0.0
11605,911.0436111512338,91.1043611151234,-6.298431667622026,-0.32849807321608804,644.2580854485566,25.21260351784832,2555.3016965997904,72.01616686626085,0.0
11606,901.1799850050861,90.1179985005086,-9.86362614614768,-0.5161382026339867,654.1217115947043,25.598609841848052,2555.3016965997904,72.01616686626085,0.0
11607,936.3562924821106,93.63562924821105,35.176307477024466,1.8502355250142433,618.9454041176798,24.22200889003748,2555.3016965997904,91.0304165295156,0.0
11608,901.4177129925408,90.14177129925409,-34.93857948956975,-1.8043466290381893,653.8839836072495,25.589306518182948,2555.3016965997904,91.0304165295156,0.0
11609,888.4643483427769,88.8464348342777,-12.953364649763898,-0.6812477111816317,666.8373482570134,26.096227664402207,2555.3016965997904,91.0304165295156,0.0
11610,895.7171757360338,89.57171757360338,7.252827393256894,0.3840595349137388,659.5845208637566,25.812393180086406,2555.3016965997904,91.0304165295156,0.0
11611,895.7171757360338,89.57171757360338,0.0,0.0,659.5845208637566,25.812393180086406,2555.3016965997904,0.0,0.0
11612,895.7171757360338,89.57171757360338,0.0,0.0,659.5845208637566,25.812393180086406,2555.3016965997904,0.0,0.0
11613,895.7171757360338,89.57171757360338,0.0,0.0,659.5845208637566,25.812393180086406,2555.3016965997904,0.0,0.0
11614,895.7171757360338,89.57171757360338,0.0,0.0,659.5845208637566,25.812393180086406,2555.3016965997904,0.0,0.0
11615,895.7171757360338,89.57171757360338,0.0,0.0,659.5845208637566,25.812393180086406,2555.3016965997904,0.0,0.0
11616,895.7171757360338,89.57171757360338,0.0,0.0,659.5845208637566,25.812393180086406,2555.3016965997904,0.0,0.0
11617,895.7171757360338,89.57171757360338,0.0,0.0,659.5845208637566,25.812393180086406,2555.3016965997904,0.0,0.0
11618,895.7171757360338,89.57171757360338,0.0,0.0,659.5845208637566,25.812393180086406,2555.3016965997904,0.0,0.0
11619,895.7171757360338,89.57171757360338,0.0,0.0,659.5845208637566,25.812393180086406,2555.3016965997904,0.0,0.0
11620,895.7171757360338,89.57171757360338,0.0,0.0,659.5845208637566,25.812393180086406,2555.3016965997904,0.0,0.0
11621,895.7171757360338,89.57171757360338,0.0,0.0,659.5845208637566,25.812393180086406,2555.3016965997904,0.0,0.0
11622,895.7171757360338,89.57171757360338,0.0,0.0,659.5845208637566,25.812393180086406,2555.3016965997904,0.0,0.0
11623,895.7171757360338,89.57171757360338,0.0,0.0,659.5845208637566,25.812393180086406,2555.3016965997904,0.0,0.0
11624,895.7171757360338,89.57171757360338,0.0,0.0,659.5845208637566,25.812393180086406,2555.3016965997904,0.0,0.0
11625,895.7171757360338,89.57171757360338,0.0,0.0,659.5845208637566,25.812393180086406,2555.3016965997904,0.0,0.0
11626,895.7171757360338,89.57171757360338,0.0,0.0,659.5845208637566,25.812393180086406,2555.3016965997904,0.0,0.0
11627,895.7171757360338,89.57171757360338,0.0,0.0,659.5845208637566,25.812393180086406,2555.3016965997904,0.0,0.0
11628,895.7171757360338,89.57171757360338,0.0,0.0,659.5845208637566,25.812393180086406,2555.3016965997904,0.0,0.0
11629,895.7171757360338,89.57171757360338,0.0,0.0,659.5845208637566,25.812393180086406,2555.3016965997904,0.0,0.0
11630,895.7171757360338,89.57171757360338,0.0,0.0,659.5845208637566,25.812393180086406,2555.3016965997904,0.0,0.0
11631,893.8233523836502,89.38233523836503,-1.893823352383606,-0.09990009990009652,661.4783442161402,25.88650667341299,2555.3016965997904,0.0,0.0
11632,894.6569117122312,89.46569117122311,0.8335593285810319,0.044014629322841614,660.6447848875591,25.85388589404709,2555.3016965997904,0.8335593285810319,0.0
11633,919.785627106937,91.9785627106937,25.12871539470575,1.3262937072863856,635.5160694928534,24.870490648462457,2555.3016965997904,25.962274723286782,0.0
11634,919.9048368125286,91.99048368125287,0.11920970559162924,0.006209532142986696,635.3968597872617,24.865825457430407,2555.3016965997904,26.08148442887841,0.0
11635,905.9707486946004,90.59707486946004,-13.93408811792824,-0.7257697283091336,649.33094790519,25.411126551875324,2555.3016965997904,26.08148442887841,0.0
11636,872.6247411091151,87.2624741109115,-33.34600758548527,-1.7495550552559136,682.6769554906753,26.71609995794542,2555.3016965997904,26.08148442887841,-21.198611274535097
11637,831.6565812502479,83.16565812502479,-40.96815985886724,-2.1877399651679674,723.6451153495425,28.319361127199194,2555.3016965997904,26.08148442887841,-62.166771133402335
11638,849.0441163880921,84.90441163880922,17.387535137844225,0.9492792107336889,706.2575802116983,27.638911724258598,2555.3016965997904,26.08148442887841,-62.166771133402335
11639,857.4998279900551,85.74998279900552,8.455711601963003,0.45730177701115426,697.8018686097353,27.30800318170902,2555.3016965997904,26.08148442887841,-62.166771133402335
11640,862.6207571113575,86.26207571113575,5.120929121302424,0.2756893456535847,692.6809394884328,27.10759909133814,2555.3016965997904,26.08148442887841,-62.166771133402335
11641,867.5036302657006,86.75036302657007,4.882873154343088,0.2621506893284886,687.7980663340898,26.91651115988799,2555.3016965997904,26.08148442887841,-62.166771133402335
11642,879.7702362822424,87.97702362822423,12.2666060165418,0.6568450961884631,675.531460317548,26.436465847318274,2555.3016965997904,26.08148442887841,-62.166771133402335
11643,1001.6029188411919,100.16029188411922,121.8326825589495,6.481253943030119,553.6987777585985,21.668626389415277,2555.3016965997904,107.7795664575417,-62.166771133402335
11644,1005.6520509448419,100.56520509448421,4.049132103649981,0.20229447437027925,549.6496456549485,21.51016634890272,2555.3016965997904,111.82869856119169,-62.166771133402335
11645,1038.9982402524392,103.89982402524392,33.34618930759734,1.662610884669058,516.3034563473511,20.205185831260934,2555.3016965997904,145.17488786878903,-62.166771133402335
11646,1023.7541174277876,102.37541174277878,-15.24412282465164,-0.7476280520361978,531.5475791720028,20.801754246056582,2555.3016965997904,145.17488786878903,-62.166771133402335
11647,1002.6747158588441,100.26747158588441,-21.079401568943467,-1.0415989466020514,552.6269807409462,21.62668233955696,2555.3016965997904,145.17488786878903,-62.166771133402335
11648,1021.8487610815544,102.18487610815545,19.17404522271022,0.9574218454387218,533.452935518236,20.876319075280804,2555.3016965997904,145.17488786878903,-62.166771133402335
11649,1013.0357838070404,101.30357838070405,-8.812977274513969,-0.4358870675272297,542.26591279275,21.221208967783163,2555.3016965997904,145.17488786878903,-62.166771133402335
11650,1004.1037785490471,100.41037785490472,-8.932005257993296,-0.4437082206805609,551.1979180507433,21.570756939745873,2555.3016965997904,145.17488786878903,-62.166771133402335
11651,985.7634743770302,98.57634743770302,-18.340304172016886,-0.9151374478868157,569.5382222227602,22.288492313084422,2555.3016965997904,145.17488786878903,-62.166771133402335
11652,1017.4421815832413,101.74421815832413,31.67870720621113,1.595291061346038,537.859515016549,21.04876757731783,2555.3016965997904,145.17488786878903,-62.166771133402335
11653,1041.975575338437,104.19755753384372,24.533393755195675,1.216064280758844,513.3261212613534,20.0886698406067,2555.3016965997904,148.1522229547868,-62.166771133402335
11654,1030.7807663395477,103.07807663395478,-11.194808998889357,-0.548234226407629,524.5209302602427,20.526771103318094,2555.3016965997904,148.1522229547868,-62.166771133402335
11655,1005.5500314241742,100.55500314241743,-25.230734915373432,-1.2424154952408561,549.7516651756162,21.514158813698696,2555.3016965997904,148.1522229547868,-62.166771133402335
11656,1005.5500314241742,100.55500314241743,0.0,0.0,549.7516651756162,21.514158813698696,2555.3016965997904,0.0,0.0
11657,1005.5500314241742,100.55500314241743,0.0,0.0,549.7516651756162,21.514158813698696,2555.3016965997904,0.0,0.0
11658,1005.5500314241742,100.55500314241743,0.0,0.0,549.7516651756162,21.514158813698696,2555.3016965997904,0.0,0.0
11659,1005.5500314241742,100.55500314241743,0.0,0.0,549.7516651756162,21.514158813698696,2555.3016965997904,0.0,0.0
11660,1005.5500314241742,100.55500314241743,0.0,0.0,549.7516651756162,21.514158813698696,2555.3016965997904,0.0,0.0
11661,1005.5500314241742,100.55500314241743,0.0,0.0,549.7516651756162,21.514158813698696,2555.3016965997904,0.0,0.0
11662,1005.5500314241742,100.55500314241743,0.0,0.0,549.7516651756162,21.514158813698696,2555.3016965997904,0.0,0.0
11663,1005.5500314241742,100.55500314241743,0.0,0.0,549.7516651756162,21.514158813698696,2555.3016965997904,0.0,0.0
11664,1005.5500314241742,100.55500314241743,0.0,0.0,549.7516651756162,21.514158813698696,2555.3016965997904,0.0,0.0
11665,1005.5500314241742,100.55500314241743,0.0,0.0,549.7516651756162,21.514158813698696,2555.3016965997904,0.0,0.0
11666,1005.5500314241742,100.55500314241743,0.0,0.0,549.7516651756162,21.514158813698696,2555.3016965997904,0.0,0.0
11667,1005.5500314241742,100.55500314241743,0.0,0.0,549.7516651756162,21.514158813698696,2555.3016965997904,0.0,0.0
11668,1005.5500314241742,100.55500314241743,0.0,0.0,549.7516651756162,21.514158813698696,2555.3016965997904,0.0,0.0
11669,1005.5500314241742,100.55500314241743,0.0,0.0,549.7516651756162,21.514158813698696,2555.3016965997904,0.0,0.0
11670,1005.5500314241742,100.55500314241743,0.0,0.0,549.7516651756162,21.514158813698696,2555.3016965997904,0.0,0.0
11671,1005.5500314241742,100.55500314241743,0.0,0.0,549.7516651756162,21.514158813698696,2555.3016965997904,0.0,0.0
11672,1003.5464849392349,100.3546484939235,-2.0035464849393065,-0.09990009990010762,551.7552116605555,21.592566247451252,2555.3016965997904,0.0,0.0
11673,1007.2730473276656,100.72730473276654,3.7265623884306933,0.18599829933787504,548.0286492721248,21.44672975411704,2555.3016965997904,3.7265623884306933,0.0
11674,1053.403913337117,105.3403913337117,46.13086600945144,2.298185893088478,501.89778326267333,19.641429578766495,2555.3016965997904,49.85742839788213,0.0
11675,1076.6620860465582,107.66620860465581,23.25817270944117,1.132664282870821,478.63961055323216,18.73123675337959,2555.3016965997904,73.1156011073233,0.0
11676,1084.2434425293036,108.42434425293037,7.581356482745377,0.3650741511431077,471.0582540704868,18.434545505812483,2555.3016965997904,80.69695759006868,0.0
11677,1087.3274738777,108.73274738776999,3.0840313483963655,0.14796886416750255,467.9742227220904,18.313854029244368,2555.3016965997904,83.78098893846504,0.0
11678,1094.7804025816167,109.47804025816166,7.452928703916768,0.3570560344358098,460.52129401817365,18.022188715757746,2555.3016965997904,91.23391764238181,0.0
11679,1087.970004917734,108.79700049177342,-6.810397663882668,-0.3251127256818642,467.3316916820563,18.288709012478282,2555.3016965997904,91.23391764238181,0.0
11680,1081.4164628115095,108.14164628115095,-6.5535421062245405,-0.31387146801865606,473.88523378828086,18.545177441037815,2555.3016965997904,91.23391764238181,0.0
11681,1122.4074726465778,112.24074726465778,40.991009835068326,1.9693804948433424,432.89422395321253,16.941022053452347,2555.3016965997904,118.86098770734293,0.0
11682,1108.5296256882102,110.852962568821,-13.877846958367627,-0.6538728843176522,446.77207091158016,17.484122188236206,2555.3016965997904,118.86098770734293,0.0
11683,1077.1759932348186,107.71759932348188,-31.353632453391583,-1.4869903686156594,478.12570336497174,18.711125343875803,2555.3016965997904,118.86098770734293,0.0
11684,1129.6560105992544,112.96560105992546,52.48001736443575,2.5265079865817164,425.645686000536,16.657355433486426,2555.3016965997904,126.10952566001947,0.0
11685,1127.5284821171376,112.75284821171377,-2.127528482116759,-0.09990009990008542,427.77321448265275,16.740614818667744,2555.3016965997904,0.0,0.0
11686,1165.2946000489806,116.52946000489806,37.76611793184293,1.7751169137938616,390.0070965508098,15.262663389993142,2555.3016965997904,37.76611793184293,0.0
11687,1085.7668705372803,108.57668705372805,-79.52772951170027,-3.672836458831108,469.5348260625101,18.374927183247916,2555.3016965997904,37.76611793184293,-41.761611579857345
11688,1095.6915862875194,109.56915862875194,9.924715750239102,0.4758305393777196,459.610110312271,17.986530158996516,2555.3016965997904,37.76611793184293,-41.761611579857345
11689,1113.6078793648453,111.36078793648454,17.916293077325918,0.8549107700081215,441.6938172349451,17.285388172468423,2555.3016965997904,37.76611793184293,-41.761611579857345
11690,1107.8076773873117,110.78076773873119,-5.800201977533561,-0.2744218563036638,447.49401921247863,17.512375145679908,2555.3016965997904,37.76611793184293,-41.761611579857345
11691,1107.163166794915,110.71631667949151,-0.6445105923967276,-0.030577295989153708,448.13852980487536,17.53759763088603,2555.3016965997904,37.76611793184293,-41.761611579857345
11692,1135.0043722994992,113.50043722994991,27.841205504584195,1.3212648143870132,420.29732430029117,16.44805092328469,2555.3016965997904,37.76611793184293,-41.761611579857345
11693,1131.2665255468282,113.12665255468283,-3.7378467526709755,-0.1750744308146368,424.03517105296214,16.594329022565287,2555.3016965997904,37.76611793184293,-41.761611579857345
11694,1100.4608073296413,110.04608073296413,-30.80571821718695,-1.4454183861065006,454.8408892701491,17.799889925928618,2555.3016965997904,37.76611793184293,-41.761611579857345
11695,1098.5272755524502,109.852727555245,-1.9335317771910923,-0.09205274244794559,456.7744210473402,17.875557381547026,2555.3016965997904,37.76611793184293,-41.761611579857345
11696,1084.2200057801238,108.42200057801237,-14.307269772326435,-0.6817766887761811,471.0816908196666,18.435462687107005,2555.3016965997904,37.76611793184293,-43.30847633701387
11697,1061.0190011929703,106.10190011929706,-23.20100458715342,-1.1131744500489704,494.28269540682004,19.343418276774784,2555.3016965997904,37.76611793184293,-66.50948092416729
11698,1026.2175926507493,102.62175926507493,-34.801408542221,-1.6885535030039533,529.084103949041,20.70534781286555,2555.3016965997904,37.76611793184293,-101.31088946638829
11699,1019.3862130607845,101.93862130607845,-6.831379589964854,-0.3371493572429163,535.9154835390059,20.97268922304248,2555.3016965997904,37.76611793184293,-108.14226905635314
11700,1017.1950343882504,101.71950343882506,-2.191178672534079,-0.108507162144722,538.10666221154,21.058439515285848,2555.3016965997904,37.76611793184293,-110.33344772888722
11701,1059.2144895404704,105.92144895404702,42.01945515221996,2.0830635826427635,496.08720705932,19.414036617258855,2555.3016965997904,37.76611793184293,-110.33344772888722
11702,1041.1693730154727,104.11693730154727,-18.04511652499764,-0.8763106814105859,514.1323235843176,20.12022002209944,2555.3016965997904,37.76611793184293,-110.33344772888722
11703,1062.8235128454698,106.28235128454699,21.65413982999712,1.0608693289379856,492.4781837543205,19.27279993629074,2555.3016965997904,37.76611793184293,-110.33344772888722
11704,981.7491152536327,98.17491152536326,-81.07439759183717,-3.9302634029026895,573.5525813461577,22.44559153658274,2555.3016965997904,37.76611793184293,-145.77936686350495
11705,950.5567300164112,95.05567300164111,-31.192385237221515,-1.5739825489075265,604.7449665833792,23.66628439170539,2555.3016965997904,37.76611793184293,-176.97175210072646
11706,933.4137709791537,93.34137709791537,-17.14295903725747,-0.8788751833489705,621.8879256206367,24.337162474714873,2555.3016965997904,37.76611793184293,-194.11471113798393
11707,943.7253504264465,94.37253504264464,10.311579447292843,0.53333536783855,611.5763461733438,23.93362580188231,2555.3016965997904,37.76611793184293,-194.11471113798393
11708,995.7985414535965,99.57985414535966,52.07319102714996,2.679040586455561,559.5031551461939,21.89577676446958,2555.3016965997904,37.76611793184293,-194.11471113798393
11709,994.7673638411652,99.47673638411652,-1.0311776124312928,-0.05166741988298362,560.5343327586252,21.936131201435025,2555.3016965997904,37.76611793184293,-194.11471113798393
11710,986.518139618735,98.6518139618735,-8.249224222430257,-0.41354317159798537,568.7835569810554,22.258959000336702,2555.3016965997904,37.76611793184293,-194.11471113798393
11711,1002.1144305758553,100.21144305758551,15.596290957120345,0.7851068986520104,553.1872660239351,21.64860872436445,2555.3016965997904,37.76611793184293,-194.11471113798393
11712,992.5761851686311,99.25761851686312,-9.538245407224167,-0.4764086039018678,562.7255114311592,22.021881493678393,2555.3016965997904,37.76611793184293,-194.11471113798393
11713,1008.3012995734232,100.83012995734234,15.725114404792066,0.7891851022730823,547.0003970263672,21.406489799393658,2555.3016965997904,37.76611793184293,-194.11471113798393
11714,967.0551784612719,96.7055178461272,-41.246121112151286,-2.053781527747467,588.2465181385185,23.02062879390203,2555.3016965997904,37.76611793184293,-194.11471113798393
11715,930.5780817142229,93.05780817142228,-36.47709674704902,-1.8544012972520285,624.7236148855675,24.448135252164366,2555.3016965997904,37.76611793184293,-196.95040040291474
11716,923.746702124258,92.3746702124258,-6.831379589964854,-0.3538515046176749,631.5549944755323,24.715476662341292,2555.3016965997904,37.76611793184293,-203.7817799928796
11717,902.9947197820011,90.29947197820012,-20.75198234225695,-1.0787273771199701,652.3069768177893,25.527591426318892,2555.3016965997904,37.76611793184293,-224.53376233513654
11718,953.0057522613079,95.30057522613077,50.01103247930678,2.6280174064295725,602.2959443384825,23.570443566015197,2555.3016965997904,37.76611793184293,-224.53376233513654
11719,956.6147755663076,95.66147755663074,3.6090233049997096,0.18479327574028037,598.6869210334828,23.429206885047073,2555.3016965997904,37.76611793184293,-224.53376233513654
11720,991.029517088494,99.10295170884939,34.41474152218643,1.7588920390436025,564.2721795112964,22.08240930071563,2555.3016965997904,37.76611793184293,-224.53376233513654
11721,970.109964352338,97.0109964352338,-20.919552736155993,-1.0506902362124149,585.1917322474524,22.90108181848496,2555.3016965997904,37.76611793184293,-224.53376233513654
11722,970.109964352338,97.0109964352338,0.0,0.0,585.1917322474524,22.90108181848496,2555.3016965997904,0.0,0.0
11723,970.109964352338,97.0109964352338,0.0,0.0,585.1917322474524,22.90108181848496,2555.3016965997904,0.0,0.0
11724,970.109964352338,97.0109964352338,0.0,0.0,585.1917322474524,22.90108181848496,2555.3016965997904,0.0,0.0
11725,970.109964352338,97.0109964352338,0.0,0.0,585.1917322474524,22.90108181848496,2555.3016965997904,0.0,0.0
11726,970.109964352338,97.0109964352338,0.0,0.0,585.1917322474524,22.90108181848496,2555.3016965997904,0.0,0.0
11727,970.109964352338,97.0109964352338,0.0,0.0,585.1917322474524,22.90108181848496,2555.3016965997904,0.0,0.0
11728,970.109964352338,97.0109964352338,0.0,0.0,585.1917322474524,22.90108181848496,2555.3016965997904,0.0,0.0
11729,970.109964352338,97.0109964352338,0.0,0.0,585.1917322474524,22.90108181848496,2555.3016965997904,0.0,0.0
11730,970.109964352338,97.0109964352338,0.0,0.0,585.1917322474524,22.90108181848496,2555.3016965997904,0.0,0.0
11731,970.109964352338,97.0109964352338,0.0,0.0,585.1917322474524,22.90108181848496,2555.3016965997904,0.0,0.0
11732,970.109964352338,97.0109964352338,0.0,0.0,585.1917322474524,22.90108181848496,2555.3016965997904,0.0,0.0
11733,970.109964352338,97.0109964352338,0.0,0.0,585.1917322474524,22.90108181848496,2555.3016965997904,0.0,0.0
11734,970.109964352338,97.0109964352338,0.0,0.0,585.1917322474524,22.90108181848496,2555.3016965997904,0.0,0.0
11735,970.109964352338,97.0109964352338,0.0,0.0,585.1917322474524,22.90108181848496,2555.3016965997904,0.0,0.0
11736,970.109964352338,97.0109964352338,0.0,0.0,585.1917322474524,22.90108181848496,2555.3016965997904,0.0,0.0
11737,970.109964352338,97.0109964352338,0.0,0.0,585.1917322474524,22.90108181848496,2555.3016965997904,0.0,0.0
11738,970.109964352338,97.0109964352338,0.0,0.0,585.1917322474524,22.90108181848496,2555.3016965997904,0.0,0.0
11739,970.109964352338,97.0109964352338,0.0,0.0,585.1917322474524,22.90108181848496,2555.3016965997904,0.0,0.0
11740,970.109964352338,97.0109964352338,0.0,0.0,585.1917322474524,22.90108181848496,2555.3016965997904,0.0,0.0
11741,970.109964352338,97.0109964352338,0.0,0.0,585.1917322474524,22.90108181848496,2555.3016965997904,0.0,0.0
11742,970.109964352338,97.0109964352338,0.0,0.0,585.1917322474524,22.90108181848496,2555.3016965997904,0.0,0.0
11743,970.109964352338,97.0109964352338,0.0,0.0,585.1917322474524,22.90108181848496,2555.3016965997904,0.0,0.0
11744,970.109964352338,97.0109964352338,0.0,0.0,585.1917322474524,22.90108181848496,2555.3016965997904,0.0,0.0
11745,970.109964352338,97.0109964352338,0.0,0.0,585.1917322474524,22.90108181848496,2555.3016965997904,0.0,0.0
11746,970.109964352338,97.0109964352338,0.0,0.0,585.1917322474524,22.90108181848496,2555.3016965997904,0.0,0.0
11747,970.109964352338,97.0109964352338,0.0,0.0,585.1917322474524,22.90108181848496,2555.3016965997904,0.0,0.0
11748,970.109964352338,97.0109964352338,0.0,0.0,585.1917322474524,22.90108181848496,2555.3016965997904,0.0,0.0
11749,970.109964352338,97.0109964352338,0.0,0.0,585.1917322474524,22.90108181848496,2555.3016965997904,0.0,0.0
11750,970.109964352338,97.0109964352338,0.0,0.0,585.1917322474524,22.90108181848496,2555.3016965997904,0.0,0.0
11751,970.109964352338,97.0109964352338,0.0,0.0,585.1917322474524,22.90108181848496,2555.3016965997904,0.0,0.0
11752,970.109964352338,97.0109964352338,0.0,0.0,585.1917322474524,22.90108181848496,2555.3016965997904,0.0,0.0
11753,970.109964352338,97.0109964352338,0.0,0.0,585.1917322474524,22.90108181848496,2555.3016965997904,0.0,0.0
11754,970.109964352338,97.0109964352338,0.0,0.0,585.1917322474524,22.90108181848496,2555.3016965997904,0.0,0.0
11755,970.109964352338,97.0109964352338,0.0,0.0,585.1917322474524,22.90108181848496,2555.3016965997904,0.0,0.0
11756,970.109964352338,97.0109964352338,0.0,0.0,585.1917322474524,22.90108181848496,2555.3016965997904,0.0,0.0
11757,970.109964352338,97.0109964352338,0.0,0.0,585.1917322474524,22.90108181848496,2555.3016965997904,0.0,0.0
11758,970.109964352338,97.0109964352338,0.0,0.0,585.1917322474524,22.90108181848496,2555.3016965997904,0.0,0.0
11759,970.109964352338,97.0109964352338,0.0,0.0,585.1917322474524,22.90108181848496,2555.3016965997904,0.0,0.0
11760,970.109964352338,97.0109964352338,0.0,0.0,585.1917322474524,22.90108181848496,2555.3016965997904,0.0,0.0
11761,970.109964352338,97.0109964352338,0.0,0.0,585.1917322474524,22.90108181848496,2555.3016965997904,0.0,0.0
11762,970.109964352338,97.0109964352338,0.0,0.0,585.1917322474524,22.90108181848496,2555.3016965997904,0.0,0.0
11763,970.109964352338,97.0109964352338,0.0,0.0,585.1917322474524,22.90108181848496,2555.3016965997904,0.0,0.0
11764,970.109964352338,97.0109964352338,0.0,0.0,585.1917322474524,22.90108181848496,2555.3016965997904,0.0,0.0
11765,970.109964352338,97.0109964352338,0.0,0.0,585.1917322474524,22.90108181848496,2555.3016965997904,0.0,0.0
11766,970.109964352338,97.0109964352338,0.0,0.0,585.1917322474524,22.90108181848496,2555.3016965997904,0.0,0.0
11767,970.109964352338,97.0109964352338,0.0,0.0,585.1917322474524,22.90108181848496,2555.3016965997904,0.0,0.0
11768,970.109964352338,97.0109964352338,0.0,0.0,585.1917322474524,22.90108181848496,2555.3016965997904,0.0,0.0
11769,970.109964352338,97.0109964352338,0.0,0.0,585.1917322474524,22.90108181848496,2555.3016965997904,0.0,0.0
11770,970.109964352338,97.0109964352338,0.0,0.0,585.1917322474524,22.90108181848496,2555.3016965997904,0.0,0.0
11771,970.109964352338,97.0109964352338,0.0,0.0,585.1917322474524,22.90108181848496,2555.3016965997904,0.0,0.0
11772,970.109964352338,97.0109964352338,0.0,0.0,585.1917322474524,22.90108181848496,2555.3016965997904,0.0,0.0
11773,970.109964352338,97.0109964352338,0.0,0.0,585.1917322474524,22.90108181848496,2555.3016965997904,0.0,0.0
11774,970.109964352338,97.0109964352338,0.0,0.0,585.1917322474524,22.90108181848496,2555.3016965997904,0.0,0.0
11775,970.109964352338,97.0109964352338,0.0,0.0,585.1917322474524,22.90108181848496,2555.3016965997904,0.0,0.0
11776,970.109964352338,97.0109964352338,0.0,0.0,585.1917322474524,22.90108181848496,2555.3016965997904,0.0,0.0
11777,970.109964352338,97.0109964352338,0.0,0.0,585.1917322474524,22.90108181848496,2555.3016965997904,0.0,0.0
11778,970.109964352338,97.0109964352338,0.0,0.0,585.1917322474524,22.90108181848496,2555.3016965997904,0.0,0.0
11779,970.109964352338,97.0109964352338,0.0,0.0,585.1917322474524,22.90108181848496,2555.3016965997904,0.0,0.0
11780,970.109964352338,97.0109964352338,0.0,0.0,585.1917322474524,22.90108181848496,2555.3016965997904,0.0,0.0
11781,970.109964352338,97.0109964352338,0.0,0.0,585.1917322474524,22.90108181848496,2555.3016965997904,0.0,0.0
11782,970.109964352338,97.0109964352338,0.0,0.0,585.1917322474524,22.90108181848496,2555.3016965997904,0.0,0.0
11783,968.1418225298082,96.81418225298081,-1.9681418225297875,-0.09990009990009652,587.1598740699822,22.97810371477019,2555.3016965997904,0.0,0.0
11784,970.0296584135344,97.00296584135344,1.8878358837262113,0.0959197077220697,585.2720381862559,22.90422453697141,2555.3016965997904,1.8878358837262113,0.0
11785,969.6757116895783,96.96757116895782,-0.3539467239561418,-0.017966568292238083,585.6259849102121,22.9180760021204,2555.3016965997904,1.8878358837262113,0.0
11786,981.5923381419641,98.1592338141964,11.916626452385799,0.6050044878790573,573.7093584578263,22.451726902589705,2555.3016965997904,13.450515612155868,0.0
11787,993.2731201343386,99.32731201343385,11.680781992374477,0.5894644305764141,562.0285764654518,21.994607416154206,2555.3016965997904,25.131297604530346,0.0
11788,938.6450619738578,93.86450619738578,-54.628058160480805,-2.740620821535944,616.6566346259326,24.13243944722794,2555.3016965997904,25.131297604530346,-29.49676055595046
11789,941.3587135355024,94.13587135355024,2.7136515616446104,0.139976709242573,613.942983064288,24.026242532583556,2555.3016965997904,25.131297604530346,-29.49676055595046
11790,931.0938984728921,93.10938984728921,-10.264815062610296,-0.5287438633078012,624.2077981268983,24.42794911291687,2555.3016965997904,25.131297604530346,-37.047924056916145
11791,911.9800552434967,91.19800552434967,-19.113843229395343,-0.9897935695675208,643.3216413562936,25.17595641298751,2555.3016965997904,25.131297604530346,-56.16176728631149
11792,904.4288917425308,90.44288917425307,-7.551163500965913,-0.394939449303211,650.8728048572596,25.471466078676453,2555.3016965997904,25.131297604530346,-63.7129307872774
11793,872.3364018549416,87.23364018549415,-32.09248988758918,-1.685150337024388,682.9652947448487,26.72738391923098,2555.3016965997904,25.131297604530346,-95.80542067486658
11794,863.9592426421186,86.39592426421186,-8.377159212823017,-0.44741741946178193,691.3424539576718,27.055218367271692,2555.3016965997904,25.131297604530346,-104.1825798876896
11795,874.6961066926299,87.469610669263,10.736864050511258,0.5760246149637993,680.6055899071605,26.635038469735594,2555.3016965997904,25.131297604530346,-104.1825798876896
11796,916.8175671828178,91.68175671828178,42.12146049018793,2.246842052950071,638.4841294169726,24.986643661942963,2555.3016965997904,25.131297604530346,-104.1825798876896
11797,922.0088458121566,92.20088458121565,5.19127862933874,0.2708279973126837,633.2928507876338,24.783486491255584,2555.3016965997904,25.131297604530346,-104.1825798876896
11798,915.8736492409548,91.58736492409547,-6.135196571201732,-0.3192075096100422,639.4280473588356,25.02358325084235,2555.3016965997904,25.131297604530346,-104.1825798876896
11799,893.2201587380575,89.32201587380575,-22.653490502897284,-1.1824104638566535,662.0815378617328,25.91011224790916,2555.3016965997904,25.131297604530346,-104.1825798876896
11800,862.1895090223372,86.21895090223373,-31.0306497157203,-1.6390407408509722,693.1121875774531,27.124475693016688,2555.3016965997904,25.131297604530346,-105.95231350747099
11801,847.3232065143561,84.73232065143561,-14.866302507981118,-0.7983238245062418,707.9784900854343,27.706258365793175,2555.3016965997904,25.131297604530346,-120.81861601545211
11802,877.9997294721813,87.79997294721812,30.676522957825227,1.6605931679766872,677.301967127609,26.505753431340818,2555.3016965997904,25.131297604530346,-120.81861601545211
11803,913.6318666332722,91.36318666332724,35.632137161090895,1.8973451700712074,641.6698299665181,25.111313893790133,2555.3016965997904,25.131297604530346,-120.81861601545211
11804,946.4322499687742,94.64322499687741,32.80038333550192,1.7140383115175073,608.8694466310162,23.827693122937607,2555.3016965997904,25.131297604530346,-120.81861601545211
11805,955.5173026295097,95.55173026295097,9.085052660735528,0.46675411696868174,599.7843939702807,23.472155744598894,2555.3016965997904,25.131297604530346,-120.81861601545211
11806,948.6740325764565,94.86740325764565,-6.843270053053175,-0.3499467912583154,606.6276640233339,23.73996247998983,2555.3016965997904,25.131297604530346,-120.81861601545211
11807,978.4066375924185,97.84066375924185,29.732605015962008,1.5257864844973934,576.8950590073719,22.576397134436874,2555.3016965997904,25.131297604530346,-120.81861601545211
11808,1010.7351519739584,101.07351519739582,32.32851438153989,1.6340682328523481,544.566544625832,21.31124263528095,2555.3016965997904,42.593329444150186,-120.81861601545211
11809,1010.2632830199964,101.02632830199964,-0.47186895396203,-0.023467484193473442,545.038413579794,21.32970890697755,2555.3016965997904,42.593329444150186,-120.81861601545211
11810,1019.2302334167871,101.92302334167871,8.966950396790708,0.4460585074866241,536.0714631830033,20.97879338069263,2555.3016965997904,51.08841088697886,-120.81861601545211
11811,1027.6073926296103,102.76073926296104,8.377159212823244,0.4148689472942335,527.69430397018,20.650958932651903,2555.3016965997904,59.46557009980211,-120.81861601545211
11812,1024.8935610340268,102.48935610340268,-2.7138315955835424,-0.1338440373342631,530.4081355657636,20.757162892802466,2555.3016965997904,59.46557009980211,-120.81861601545211
11813,979.2326333042759,97.92326333042757,-45.66092772975094,-2.2549791558640675,576.0690632955145,22.544072352085088,2555.3016965997904,59.46557009980211,-120.81861601545211
11814,1002.004046037179,100.20040460371789,22.771412732903173,1.1505172433867505,553.2976505626114,21.65292854847067,2555.3016965997904,59.46557009980211,-120.81861601545211
11815,1003.6560374608937,100.36560374608938,1.6519914237146622,0.08251688736518048,551.6456591388967,21.5882789837671,2555.3016965997904,59.46557009980211,-120.81861601545211
11816,993.0370956403881,99.3037095640388,-10.618941820505597,-0.5299782808012465,562.2646009594023,22.003844074755598,2555.3016965997904,59.46557009980211,-120.81861601545211
11817,1003.1839884729925,100.31839884729922,10.146892832604408,0.50911710849737,552.1177081267979,21.60675230096989,2555.3016965997904,59.46557009980211,-120.81861601545211
11818,996.3407184199393,99.63407184199393,-6.843270053053175,-0.34161964614491946,558.960978179851,21.87455903636083,2555.3016965997904,59.46557009980211,-120.81861601545211
11819,992.0931776985249,99.20931776985249,-4.2475407214144525,-0.21276632201222556,563.2085189012655,22.040783663654995,2555.3016965997904,59.46557009980211,-120.81861601545211
11820,998.7004232576276,99.87004232576275,6.607245559102694,0.3316735197465004,556.6012733421628,21.782213586865446,2555.3016965997904,59.46557009980211,-120.81861601545211
11821,993.9810135822511,99.3981013582251,-4.7194096753764825,-0.2361239143425231,561.3206830175393,21.966904485856215,2555.3016965997904,59.46557009980211,-120.81861601545211
11822,971.4454453093597,97.14454453093597,-22.535568272891396,-1.1301796817215215,583.8562512904307,22.848818676375412,2555.3016965997904,59.46557009980211,-120.81861601545211
11823,956.9330895253349,95.6933089525335,-14.512355784024749,-0.7361276883696588,598.3686070744554,23.416749884002897,2555.3016965997904,59.46557009980211,-120.81861601545211
11824,944.3083895910975,94.43083895910975,-12.62469993423747,-0.645126805909324,610.9933070086929,23.91080895933778,2555.3016965997904,59.46557009980211,-120.81861601545211
11825,965.78211769212,96.578211769212,21.473728101022516,1.1044404383575568,589.5195789076704,23.070449164265575,2555.3016965997904,59.46557009980211,-120.81861601545211
11826,966.3720889100268,96.63720889100269,0.5899712179068501,0.03001203503669725,588.9296076897635,23.04736104051518,2555.3016965997904,59.46557009980211,-120.81861601545211
11827,965.0742242442075,96.50742242442074,-1.297864665819361,-0.06600300488086575,590.2274723555829,23.09815209456357,2555.3016965997904,59.46557009980211,-120.81861601545211
11828,976.0469327547303,97.60469327547302,10.972708510522807,0.5583864657704218,579.2547638450601,22.668742583932257,2555.3016965997904,59.46557009980211,-120.81861601545211
11829,987.7277147471048,98.77277147471048,11.680781992374477,0.5911186520297207,567.5739818526856,22.211623097496762,2555.3016965997904,59.46557009980211,-120.81861601545211
11830,972.3893632512227,97.23893632512227,-15.33835149588208,-0.7716525448674738,582.9123333485677,22.81187908747603,2555.3016965997904,59.46557009980211,-120.81861601545211
11831,990.087419584793,99.0087419584793,17.69805633357032,0.8972901934736432,565.2142770149974,22.119277648001376,2555.3016965997904,59.46557009980211,-120.81861601545211
11832,1005.7797178046314,100.57797178046313,15.692298219838449,0.7885230601132331,549.5219787951589,21.50517019287311,2555.3016965997904,59.46557009980211,-120.81861601545211
11833,991.7392309745687,99.17392309745688,-14.040486830062719,-0.7000014361213225,563.5624656252216,22.054635128803987,2555.3016965997904,59.46557009980211,-120.81861601545211
11834,978.0526908684624,97.80526908684624,-13.68654010610635,-0.6871652620614066,577.249005731328,22.590248599585866,2555.3016965997904,59.46557009980211,-120.81861601545211
11835,987.3737680231484,98.73737680231484,9.321077154686009,0.47122491719842063,567.927928576642,22.22547456264576,2555.3016965997904,59.46557009980211,-120.81861601545211
11836,958.2309541911543,95.82309541911542,-29.14281383199409,-1.4663982337344894,597.0707424086361,23.365958829954508,2555.3016965997904,59.46557009980211,-120.81861601545211
11837,922.0088458121566,92.20088458121565,-36.222108378997746,-1.8497362786280336,633.2928507876338,24.783486491255584,2555.3016965997904,59.46557009980211,-120.81861601545211
11838,944.4264918550421,94.4426491855042,22.417646042885508,1.1663653937769913,610.8752047447483,23.906187107283998,2555.3016965997904,59.46557009980211,-120.81861601545211
11839,945.9602009808732,94.59602009808732,1.5337091258311375,0.07887719758270517,609.3414956189172,23.846166440140387,2555.3016965997904,59.46557009980211,-120.81861601545211
11840,927.200304475434,92.7200304475434,-18.7598965054392,-0.964043174982876,628.1013921243564,24.580322275062034,2555.3016965997904,59.46557009980211,-120.81861601545211
11841,883.4272126294093,88.34272126294094,-43.77309184602473,-2.271330683394601,671.8744839703811,26.293352556545873,2555.3016965997904,59.46557009980211,-120.81861601545211
11842,909.2664036818521,90.9266403681852,25.839191052442857,1.3719240583961456,646.0352929179382,25.282153327631896,2555.3016965997904,59.46557009980211,-120.81861601545211
11843,918.7052230326051,91.87052230326051,9.438819350752965,0.49436890171801195,636.5964735671853,24.912771529650364,2555.3016965997904,59.46557009980211,-120.81861601545211
11844,931.9198941847494,93.19198941847495,13.21467115214432,0.6887285755785788,623.381802415041,24.395624330565088,2555.3016965997904,59.46557009980211,-120.81861601545211
11845,888.5005690287421,88.85005690287421,-43.41932515600729,-2.2474702645126965,666.8011275710483,26.094810192406104,2555.3016965997904,59.46557009980211,-120.81861601545211
11846,837.5302604057078,83.75302604057077,-50.97030862303427,-2.6989829634654683,717.7714361940825,28.089498674429887,2555.3016965997904,59.46557009980211,-130.61156212410037
11847,835.8784490159323,83.58784490159323,-1.651811389775503,-0.08989301702224672,719.423247583858,28.154141193627268,2555.3016965997904,59.46557009980211,-132.26337351387588
11848,834.9345310740691,83.49345310740692,-0.9439179418632193,-0.05141505650165801,720.3671655257212,28.19108078252666,2555.3016965997904,59.46557009980211,-133.2072914557391
11849,852.396562913689,85.23965629136889,17.46203183961984,0.9516433171813832,702.9051336861014,27.507716001653403,2555.3016965997904,59.46557009980211,-133.2072914557391
11850,832.8106706963924,83.28106706963925,-19.585892217296532,-1.057327173318079,722.4910259033979,28.274196618926833,2555.3016965997904,59.46557009980211,-135.3311518334158
11851,843.6654569769096,84.36654569769095,10.854786280517146,0.5922480949105857,711.6362396228808,27.84940191484312,2555.3016965997904,59.46557009980211,-135.3311518334158
11852,856.9090161948623,85.69090161948623,13.24355921795268,0.7183276753293555,698.3926804049281,27.331124200881785,2555.3016965997904,59.46557009980211,-135.3311518334158
11853,856.9090161948623,85.69090161948623,0.0,0.0,698.3926804049281,27.331124200881785,2555.3016965997904,0.0,0.0
11854,856.9090161948623,85.69090161948623,0.0,0.0,698.3926804049281,27.331124200881785,2555.3016965997904,0.0,0.0
11855,856.9090161948623,85.69090161948623,0.0,0.0,698.3926804049281,27.331124200881785,2555.3016965997904,0.0,0.0
11856,856.9090161948623,85.69090161948623,0.0,0.0,698.3926804049281,27.331124200881785,2555.3016965997904,0.0,0.0
11857,856.9090161948623,85.69090161948623,0.0,0.0,698.3926804049281,27.331124200881785,2555.3016965997904,0.0,0.0
11858,856.9090161948623,85.69090161948623,0.0,0.0,698.3926804049281,27.331124200881785,2555.3016965997904,0.0,0.0
11859,856.9090161948623,85.69090161948623,0.0,0.0,698.3926804049281,27.331124200881785,2555.3016965997904,0.0,0.0
11860,856.9090161948623,85.69090161948623,0.0,0.0,698.3926804049281,27.331124200881785,2555.3016965997904,0.0,0.0
11861,856.9090161948623,85.69090161948623,0.0,0.0,698.3926804049281,27.331124200881785,2555.3016965997904,0.0,0.0
11862,856.9090161948623,85.69090161948623,0.0,0.0,698.3926804049281,27.331124200881785,2555.3016965997904,0.0,0.0
11863,856.9090161948623,85.69090161948623,0.0,0.0,698.3926804049281,27.331124200881785,2555.3016965997904,0.0,0.0
11864,856.9090161948623,85.69090161948623,0.0,0.0,698.3926804049281,27.331124200881785,2555.3016965997904,0.0,0.0
11865,856.9090161948623,85.69090161948623,0.0,0.0,698.3926804049281,27.331124200881785,2555.3016965997904,0.0,0.0
11866,856.9090161948623,85.69090161948623,0.0,0.0,698.3926804049281,27.331124200881785,2555.3016965997904,0.0,0.0
11867,856.9090161948623,85.69090161948623,0.0,0.0,698.3926804049281,27.331124200881785,2555.3016965997904,0.0,0.0
11868,856.9090161948623,85.69090161948623,0.0,0.0,698.3926804049281,27.331124200881785,2555.3016965997904,0.0,0.0
11869,856.9090161948623,85.69090161948623,0.0,0.0,698.3926804049281,27.331124200881785,2555.3016965997904,0.0,0.0
11870,856.9090161948623,85.69090161948623,0.0,0.0,698.3926804049281,27.331124200881785,2555.3016965997904,0.0,0.0
11871,856.9090161948623,85.69090161948623,0.0,0.0,698.3926804049281,27.331124200881785,2555.3016965997904,0.0,0.0
11872,856.9090161948623,85.69090161948623,0.0,0.0,698.3926804049281,27.331124200881785,2555.3016965997904,0.0,0.0
11873,856.9090161948623,85.69090161948623,0.0,0.0,698.3926804049281,27.331124200881785,2555.3016965997904,0.0,0.0
11874,856.9090161948623,85.69090161948623,0.0,0.0,698.3926804049281,27.331124200881785,2555.3016965997904,0.0,0.0
11875,856.9090161948623,85.69090161948623,0.0,0.0,698.3926804049281,27.331124200881785,2555.3016965997904,0.0,0.0
11876,856.9090161948623,85.69090161948623,0.0,0.0,698.3926804049281,27.331124200881785,2555.3016965997904,0.0,0.0
11877,856.9090161948623,85.69090161948623,0.0,0.0,698.3926804049281,27.331124200881785,2555.3016965997904,0.0,0.0
11878,856.9090161948623,85.69090161948623,0.0,0.0,698.3926804049281,27.331124200881785,2555.3016965997904,0.0,0.0
11879,856.9090161948623,85.69090161948623,0.0,0.0,698.3926804049281,27.331124200881785,2555.3016965997904,0.0,0.0
11880,856.9090161948623,85.69090161948623,0.0,0.0,698.3926804049281,27.331124200881785,2555.3016965997904,0.0,0.0
11881,856.9090161948623,85.69090161948623,0.0,0.0,698.3926804049281,27.331124200881785,2555.3016965997904,0.0,0.0
11882,856.9090161948623,85.69090161948623,0.0,0.0,698.3926804049281,27.331124200881785,2555.3016965997904,0.0,0.0
11883,856.9090161948623,85.69090161948623,0.0,0.0,698.3926804049281,27.331124200881785,2555.3016965997904,0.0,0.0
11884,856.9090161948623,85.69090161948623,0.0,0.0,698.3926804049281,27.331124200881785,2555.3016965997904,0.0,0.0
11885,856.9090161948623,85.69090161948623,0.0,0.0,698.3926804049281,27.331124200881785,2555.3016965997904,0.0,0.0
11886,856.9090161948623,85.69090161948623,0.0,0.0,698.3926804049281,27.331124200881785,2555.3016965997904,0.0,0.0
11887,856.9090161948623,85.69090161948623,0.0,0.0,698.3926804049281,27.331124200881785,2555.3016965997904,0.0,0.0
11888,856.9090161948623,85.69090161948623,0.0,0.0,698.3926804049281,27.331124200881785,2555.3016965997904,0.0,0.0
11889,856.9090161948623,85.69090161948623,0.0,0.0,698.3926804049281,27.331124200881785,2555.3016965997904,0.0,0.0
11890,856.9090161948623,85.69090161948623,0.0,0.0,698.3926804049281,27.331124200881785,2555.3016965997904,0.0,0.0
11891,856.9090161948623,85.69090161948623,0.0,0.0,698.3926804049281,27.331124200881785,2555.3016965997904,0.0,0.0
11892,856.9090161948623,85.69090161948623,0.0,0.0,698.3926804049281,27.331124200881785,2555.3016965997904,0.0,0.0
11893,856.9090161948623,85.69090161948623,0.0,0.0,698.3926804049281,27.331124200881785,2555.3016965997904,0.0,0.0
11894,856.9090161948623,85.69090161948623,0.0,0.0,698.3926804049281,27.331124200881785,2555.3016965997904,0.0,0.0
11895,856.9090161948623,85.69090161948623,0.0,0.0,698.3926804049281,27.331124200881785,2555.3016965997904,0.0,0.0
11896,856.9090161948623,85.69090161948623,0.0,0.0,698.3926804049281,27.331124200881785,2555.3016965997904,0.0,0.0
11897,856.9090161948623,85.69090161948623,0.0,0.0,698.3926804049281,27.331124200881785,2555.3016965997904,0.0,0.0
11898,856.9090161948623,85.69090161948623,0.0,0.0,698.3926804049281,27.331124200881785,2555.3016965997904,0.0,0.0
11899,856.9090161948623,85.69090161948623,0.0,0.0,698.3926804049281,27.331124200881785,2555.3016965997904,0.0,0.0
11900,856.9090161948623,85.69090161948623,0.0,0.0,698.3926804049281,27.331124200881785,2555.3016965997904,0.0,0.0
11901,856.9090161948623,85.69090161948623,0.0,0.0,698.3926804049281,27.331124200881785,2555.3016965997904,0.0,0.0
11902,856.9090161948623,85.69090161948623,0.0,0.0,698.3926804049281,27.331124200881785,2555.3016965997904,0.0,0.0
11903,856.9090161948623,85.69090161948623,0.0,0.0,698.3926804049281,27.331124200881785,2555.3016965997904,0.0,0.0
11904,856.9090161948623,85.69090161948623,0.0,0.0,698.3926804049281,27.331124200881785,2555.3016965997904,0.0,0.0
11905,856.9090161948623,85.69090161948623,0.0,0.0,698.3926804049281,27.331124200881785,2555.3016965997904,0.0,0.0
11906,856.9090161948623,85.69090161948623,0.0,0.0,698.3926804049281,27.331124200881785,2555.3016965997904,0.0,0.0
11907,856.9090161948623,85.69090161948623,0.0,0.0,698.3926804049281,27.331124200881785,2555.3016965997904,0.0,0.0
11908,856.9090161948623,85.69090161948623,0.0,0.0,698.3926804049281,27.331124200881785,2555.3016965997904,0.0,0.0
11909,856.9090161948623,85.69090161948623,0.0,0.0,698.3926804049281,27.331124200881785,2555.3016965997904,0.0,0.0
11910,856.9090161948623,85.69090161948623,0.0,0.0,698.3926804049281,27.331124200881785,2555.3016965997904,0.0,0.0
11911,856.9090161948623,85.69090161948623,0.0,0.0,698.3926804049281,27.331124200881785,2555.3016965997904,0.0,0.0
11912,856.9090161948623,85.69090161948623,0.0,0.0,698.3926804049281,27.331124200881785,2555.3016965997904,0.0,0.0
11913,856.9090161948623,85.69090161948623,0.0,0.0,698.3926804049281,27.331124200881785,2555.3016965997904,0.0,0.0
11914,856.9090161948623,85.69090161948623,0.0,0.0,698.3926804049281,27.331124200881785,2555.3016965997904,0.0,0.0
11915,856.9090161948623,85.69090161948623,0.0,0.0,698.3926804049281,27.331124200881785,2555.3016965997904,0.0,0.0
11916,856.9090161948623,85.69090161948623,0.0,0.0,698.3926804049281,27.331124200881785,2555.3016965997904,0.0,0.0
11917,856.9090161948623,85.69090161948623,0.0,0.0,698.3926804049281,27.331124200881785,2555.3016965997904,0.0,0.0
11918,856.9090161948623,85.69090161948623,0.0,0.0,698.3926804049281,27.331124200881785,2555.3016965997904,0.0,0.0
11919,856.9090161948623,85.69090161948623,0.0,0.0,698.3926804049281,27.331124200881785,2555.3016965997904,0.0,0.0
11920,856.9090161948623,85.69090161948623,0.0,0.0,698.3926804049281,27.331124200881785,2555.3016965997904,0.0,0.0
11921,856.9090161948623,85.69090161948623,0.0,0.0,698.3926804049281,27.331124200881785,2555.3016965997904,0.0,0.0
11922,856.9090161948623,85.69090161948623,0.0,0.0,698.3926804049281,27.331124200881785,2555.3016965997904,0.0,0.0
11923,856.9090161948623,85.69090161948623,0.0,0.0,698.3926804049281,27.331124200881785,2555.3016965997904,0.0,0.0
11924,856.9090161948623,85.69090161948623,0.0,0.0,698.3926804049281,27.331124200881785,2555.3016965997904,0.0,0.0
11925,856.9090161948623,85.69090161948623,0.0,0.0,698.3926804049281,27.331124200881785,2555.3016965997904,0.0,0.0
11926,856.9090161948623,85.69090161948623,0.0,0.0,698.3926804049281,27.331124200881785,2555.3016965997904,0.0,0.0
11927,856.9090161948623,85.69090161948623,0.0,0.0,698.3926804049281,27.331124200881785,2555.3016965997904,0.0,0.0
11928,856.9090161948623,85.69090161948623,0.0,0.0,698.3926804049281,27.331124200881785,2555.3016965997904,0.0,0.0
11929,856.9090161948623,85.69090161948623,0.0,0.0,698.3926804049281,27.331124200881785,2555.3016965997904,0.0,0.0
11930,856.9090161948623,85.69090161948623,0.0,0.0,698.3926804049281,27.331124200881785,2555.3016965997904,0.0,0.0
11931,856.9090161948623,85.69090161948623,0.0,0.0,698.3926804049281,27.331124200881785,2555.3016965997904,0.0,0.0
11932,856.9090161948623,85.69090161948623,0.0,0.0,698.3926804049281,27.331124200881785,2555.3016965997904,0.0,0.0
11933,856.9090161948623,85.69090161948623,0.0,0.0,698.3926804049281,27.331124200881785,2555.3016965997904,0.0,0.0
11934,856.9090161948623,85.69090161948623,0.0,0.0,698.3926804049281,27.331124200881785,2555.3016965997904,0.0,0.0
11935,856.9090161948623,85.69090161948623,0.0,0.0,698.3926804049281,27.331124200881785,2555.3016965997904,0.0,0.0
11936,856.9090161948623,85.69090161948623,0.0,0.0,698.3926804049281,27.331124200881785,2555.3016965997904,0.0,0.0
11937,856.9090161948623,85.69090161948623,0.0,0.0,698.3926804049281,27.331124200881785,2555.3016965997904,0.0,0.0
11938,856.9090161948623,85.69090161948623,0.0,0.0,698.3926804049281,27.331124200881785,2555.3016965997904,0.0,0.0
11939,856.9090161948623,85.69090161948623,0.0,0.0,698.3926804049281,27.331124200881785,2555.3016965997904,0.0,0.0
11940,856.9090161948623,85.69090161948623,0.0,0.0,698.3926804049281,27.331124200881785,2555.3016965997904,0.0,0.0
11941,856.9090161948623,85.69090161948623,0.0,0.0,698.3926804049281,27.331124200881785,2555.3016965997904,0.0,0.0
11942,856.9090161948623,85.69090161948623,0.0,0.0,698.3926804049281,27.331124200881785,2555.3016965997904,0.0,0.0
11943,856.9090161948623,85.69090161948623,0.0,0.0,698.3926804049281,27.331124200881785,2555.3016965997904,0.0,0.0
11944,856.9090161948623,85.69090161948623,0.0,0.0,698.3926804049281,27.331124200881785,2555.3016965997904,0.0,0.0
11945,856.9090161948623,85.69090161948623,0.0,0.0,698.3926804049281,27.331124200881785,2555.3016965997904,0.0,0.0
11946,856.9090161948623,85.69090161948623,0.0,0.0,698.3926804049281,27.331124200881785,2555.3016965997904,0.0,0.0
11947,856.9090161948623,85.69090161948623,0.0,0.0,698.3926804049281,27.331124200881785,2555.3016965997904,0.0,0.0
11948,855.0539622326298,85.50539622326299,-1.8550539622324322,-0.09990009990008542,700.2477343671605,27.403720480401372,2555.3016965997904,0.0,0.0
11949,816.4663626354854,81.64663626354853,-38.58759959714439,-2.080133536962059,738.8353339643049,28.91382003727526,2555.3016965997904,0.0,-38.58759959714439
11950,798.5940546642162,79.8594054664216,-17.872307971269265,-0.9839052535681736,756.7076419355742,29.61324069648944,2555.3016965997904,0.0,-56.459907568413655
11951,745.1128650910141,74.51128650910141,-53.48118957320207,-2.9734997418962683,810.1888315087763,31.706190802708473,2555.3016965997904,0.0,-109.94109714161573
11952,785.8668426114341,78.58668426114342,40.753977520419994,2.3353204446346476,769.4348539883563,30.111311514104344,2555.3016965997904,0.0,-109.94109714161573
11953,805.905528505979,80.5905528505979,20.03868589454487,1.1220705495177175,749.3961680938114,29.327111123159927,2555.3016965997904,0.0,-109.94109714161573
11954,847.3365249520689,84.73365249520688,41.43099644608992,2.2941951166385532,707.9651716477215,27.705737157760062,2555.3016965997904,0.0,-109.94109714161573
11955,915.0342855756589,91.5034285575659,67.69776062359006,3.664614416983203,640.2674110241314,25.056431178991605,2555.3016965997904,59.98032334302911,-109.94109714161573
11956,933.718933618864,93.3718933618864,18.684648043205016,0.9756821684050676,621.5827629809264,24.325220141638653,2555.3016965997904,78.66497138623413,-109.94109714161573
11957,894.8602785348478,89.48602785348479,-38.85865508401616,-2.0095296378617955,660.4414180649426,25.845927271279095,2555.3016965997904,78.66497138623413,-109.94109714161573
11958,857.0850190096394,85.70850190096392,-37.77525952520841,-1.9935643779718237,698.216677590151,27.324236450014194,2555.3016965997904,78.66497138623413,-109.94109714161573
11959,891.3400693574024,89.13400693574025,34.25505034776302,1.8445601572959047,663.961627242388,25.983688271560567,2555.3016965997904,78.66497138623413,-109.94109714161573
11960,887.2781624005529,88.72781624005528,-4.061906956849498,-0.21476343798022546,668.0235341992375,26.142648247294726,2555.3016965997904,78.66497138623413,-109.94109714161573
11961,927.0844787027711,92.7084478702771,39.80631630221819,2.1091918030559986,628.2172178970193,24.584855038172435,2555.3016965997904,78.66497138623413,-109.94109714161573
11962,919.2315136787743,91.92315136787744,-7.8529650239968305,-0.40750496985390017,636.0701829210161,24.8921755019144,2555.3016965997904,78.66497138623413,-109.94109714161573
11963,971.4941931440724,97.14941931440724,52.262679465298106,2.723104487020489,583.807503455718,22.846910962903554,2555.3016965997904,116.44023091144254,-109.94109714161573
11964,936.1559538346717,93.61559538346718,-35.338239309400706,-1.7924597207686688,619.1457427651187,24.229849007222292,2555.3016965997904,116.44023091144254,-109.94109714161573
11965,977.0454590985275,97.70454590985275,40.88950526385588,2.1118910996230422,578.2562375012628,22.62966593223489,2555.3016965997904,121.99149686589772,-109.94109714161573
11966,967.296965040957,96.72969650409571,-9.748494057570497,-0.49308396085214756,588.0047315588333,23.01116663998076,2555.3016965997904,121.99149686589772,-109.94109714161573
11967,975.014402321518,97.5014402321518,7.717437280560944,0.3922863409897115,580.2872942782724,22.709149962622067,2555.3016965997904,121.99149686589772,-109.94109714161573
11968,944.5504100409025,94.45504100409026,-30.463992280615457,-1.542469373631239,610.7512865588878,23.901337653067873,2555.3016965997904,121.99149686589772,-109.94109714161573
11969,946.4459390744762,94.64459390744761,1.8955290335736663,0.09747903802266311,608.8557575253142,23.827157409063965,2555.3016965997904,121.99149686589772,-109.94109714161573
11970,1006.0200923815373,100.60200923815374,59.574153307061124,3.0606631353649716,549.281604218253,21.495763296723595,2555.3016965997904,150.9661301489075,-109.94109714161573
11971,979.8886493503032,97.98886493503032,-26.131443031234085,-1.3026511115454942,575.4130472494871,22.51839960874913,2555.3016965997904,150.9661301489075,-109.94109714161573
11972,994.3760692903929,99.43760692903929,14.487419940089694,0.7317290265209442,560.9256273093974,21.951444248473383,2555.3016965997904,150.9661301489075,-109.94109714161573
11973,1032.1513288156013,103.21513288156012,37.77525952520841,1.8940890891580464,523.150367784189,20.473135069738284,2555.3016965997904,177.09736658297152,-109.94109714161573
11974,1083.4663470626979,108.34663470626977,51.31501824709653,2.5251573305322905,471.8353495370925,18.464956610209267,2555.3016965997904,228.41238483006805,-109.94109714161573
11975,1076.6965710003387,107.66965710003387,-6.769776062359142,-0.3249285054161444,478.60512559945164,18.729887208086115,2555.3016965997904,228.41238483006805,-109.94109714161573
11976,1072.9055129331914,107.29055129331914,-3.7910580671473326,-0.18255233432206142,482.396183666599,18.87824769609393,2555.3016965997904,228.41238483006805,-109.94109714161573
11977,1080.2167801777841,108.02167801777843,7.311267244592727,0.3527062472928222,475.08491642200624,18.59212620780464,2555.3016965997904,228.41238483006805,-109.94109714161573
11978,1073.4470041154254,107.34470041154256,-6.769776062358687,-0.32543608564584714,481.85469248436493,18.857056805681474,2555.3016965997904,228.41238483006805,-109.94109714161573
11979,1054.8978838156559,105.48978838156557,-18.549120299769584,-0.8946030577561381,500.4038127841345,19.58296405665117,2555.3016965997904,228.41238483006805,-109.94109714161573
11980,1034.9947256645469,103.49947256645468,-19.903158151108983,-0.9685716408521339,520.3069709352435,20.36186066121231,2555.3016965997904,228.41238483006805,-109.94109714161573
11981,1015.6330586956719,101.56330586956722,-19.361666968874943,-0.9514357322254141,539.6686379041184,21.119566375361,2555.3016965997904,228.41238483006805,-109.94109714161573
11982,1002.4996766069219,100.24996766069219,-13.133382088750068,-0.6515760411892058,552.8020199928685,21.6335323820453,2555.3016965997904,228.41238483006805,-109.94109714161573
11983,1020.9134757604252,102.0913475760425,18.413799153503305,0.9195406805110773,534.3882208393652,20.912920832418667,2555.3016965997904,228.41238483006805,-109.94109714161573
11984,1001.5520153887201,100.15520153887198,-19.361460371705107,-0.9580548897285102,553.7496812110703,21.670618461527134,2555.3016965997904,228.41238483006805,-109.94109714161573
11985,993.1575591824892,99.31575591824893,-8.39445620623087,-0.419397354737272,562.1441374173012,21.99912981568156,2555.3016965997904,228.41238483006805,-109.94109714161573
11986,998.7086185397745,99.87086185397744,5.5510593572853395,0.2785057975829064,556.5930780600158,21.781892870053106,2555.3016965997904,228.41238483006805,-109.94109714161573
11987,1035.536216846781,103.55362168467809,36.82759830700638,1.8425696454899887,519.7654797530095,20.340669770799856,2555.3016965997904,228.41238483006805,-109.94109714161573
11988,1007.509451379143,100.75094513791431,-28.026765467637915,-1.3768738298871375,547.7922452206474,21.437478241789083,2555.3016965997904,228.41238483006805,-109.94109714161573
11989,1048.9404478252327,104.89404478252328,41.430996446089694,2.0638008163611277,506.3612487745577,19.816104276389233,2555.3016965997904,228.41238483006805,-109.94109714161573
11990,1100.796957254563,110.0796957254563,51.856509429330345,2.5308939302931543,454.50473934522734,17.78673492644777,2555.3016965997904,245.7429950219332,-109.94109714161573
11991,1048.5342777892652,104.8534277789265,-52.26267946529788,-2.4877549105743912,506.7674188105252,19.831999465458612,2555.3016965997904,245.7429950219332,-109.94109714161573
11992,1047.451088827627,104.74510888276272,-1.0831889616381432,-0.05287629176540243,507.85060777216336,19.874389331323744,2555.3016965997904,245.7429950219332,-109.94109714161573
11993,999.3856374654442,99.93856374654442,-48.065451362182785,-2.347575071485841,555.9160591343461,21.755398193257385,2555.3016965997904,245.7429950219332,-109.94109714161573
11994,1037.0255758443868,103.70255758443867,37.63993837894259,1.8825752107861193,518.2761207554036,20.282384715865337,2555.3016965997904,245.7429950219332,-109.94109714161573
11995,999.9273352448481,99.9927335244848,-37.09824059953871,-1.8211966034918703,555.3743613549423,21.734199217804715,2555.3016965997904,245.7429950219332,-109.94109714161573
11996,1001.416694242454,100.1416694242454,1.4893589976059047,0.0744706555762642,553.8850023573364,21.675914162870196,2555.3016965997904,245.7429950219332,-109.94109714161573
11997,1069.2497760123097,106.92497760123096,67.83308176985565,3.3892533206599795,486.0519205874807,19.0213124827587,2555.3016965997904,245.7429950219332,-109.94109714161573
11998,1071.0099838996175,107.10099838996175,1.7602078873078426,0.08506502732115173,484.29171270017287,18.952427940097845,2555.3016965997904,245.7429950219332,-109.94109714161573
11999,1018.6117766908835,101.86117766908835,-52.39820720873399,-2.530079894162096,536.6899199089069,21.00299626549197,2555.3016965997904,245.7429950219332,-109.94109714161573
12000,1013.4668873695662,101.34668873695661,-5.1448893213173506,-0.25487264964595413,541.8348092302242,21.204338022051022,2555.3016965997904,245.7429950219332,-109.94109714161573
12001,997.4901084318706,99.74901084318705,-15.976778937695599,-0.7934959863466151,557.8115881679198,21.829578437261294,2555.3016965997904,245.7429950219332,-109.94109714161573
12002,907.9936606235979,90.79936606235978,-89.4964478082727,-4.480445106110286,647.3080359761925,25.331961264594792,2555.3016965997904,245.7429950219332,-109.94109714161573
12003,956.3299608754826,95.63299608754825,48.33630025188472,2.533357486947141,598.9717357243078,23.440352914934817,2555.3016965997904,245.7429950219332,-109.94109714161573
12004,910.2953596931395,91.02953596931395,-46.03460118234307,-2.353110267847758,645.0063369066509,25.241885831521493,2555.3016965997904,245.7429950219332,-109.94109714161573
12005,914.357266649989,91.43572666499891,4.061906956849498,0.21263240452522592,640.9444299498014,25.08292585578734,2555.3016965997904,245.7429950219332,-109.94109714161573
12006,921.2347349992954,92.12347349992953,6.877468349306355,0.3592573063094795,634.066961600495,24.813780793250974,2555.3016965997904,245.7429950219332,-109.94109714161573
12007,921.2347349992954,92.12347349992953,0.0,0.0,634.066961600495,24.813780793250974,2555.3016965997904,0.0,0.0
12008,921.2347349992954,92.12347349992953,0.0,0.0,634.066961600495,24.813780793250974,2555.3016965997904,0.0,0.0
12009,921.2347349992954,92.12347349992953,0.0,0.0,634.066961600495,24.813780793250974,2555.3016965997904,0.0,0.0
12010,919.3154195797158,91.93154195797158,-1.9193154195795614,-0.09990009990009652,635.9862770200746,24.888891901349616,2555.3016965997904,0.0,0.0
12011,958.9925588608291,95.89925588608293,39.67713928111334,2.067254755333625,596.3091377389612,23.336153947396483,2555.3016965997904,39.67713928111334,0.0
12012,1005.4149409770864,100.54149409770865,46.42238211625727,2.3697069142137206,549.886755622704,21.519445486785777,2555.3016965997904,86.09952139737061,0.0
12013,1063.8725686342564,106.38725686342565,58.45762765716995,2.9149891357989066,491.429127965534,19.23174584901085,2555.3016965997904,144.55714905454056,0.0
12014,1094.952873319442,109.49528733194418,31.080304685185638,1.505921690976919,460.34882328034837,18.015439190327744,2555.3016965997904,175.6374537397262,0.0
12015,1094.8206888395166,109.48206888395164,-0.1321844799253995,-0.00630966364966179,460.48100776027377,18.02061214035949,2555.3016965997904,175.6374537397262,0.0
12016,1079.214444256961,107.9214444256961,-15.606244582555519,-0.7449919062619603,476.0872523428293,18.63135194471691,2555.3016965997904,175.6374537397262,0.0
12017,1086.4884250118057,108.64884250118058,7.273980754844615,0.3498427386812386,468.8132715879847,18.346689637932403,2555.3016965997904,175.6374537397262,0.0
12018,1056.2016308229036,105.62016308229035,-30.28679418890215,-1.4515678029093704,499.1000657768868,19.531942801157836,2555.3016965997904,175.6374537397262,0.0
12019,1074.1886087026764,107.41886087026766,17.986977879772894,0.8747672217619185,481.1130878971139,18.82803461279373,2555.3016965997904,175.6374537397262,0.0
12020,1089.2659135571648,108.92659135571647,15.077304854488375,0.7269013430711402,466.03578304262555,18.237994506196884,2555.3016965997904,175.6374537397262,0.0
12021,1105.0045444280117,110.50045444280117,15.738630870846919,0.7533091297148742,450.29715217177863,17.62207385417409,2555.3016965997904,185.68912484829593,0.0
12022,1062.6823028898307,106.26823028898306,-42.32224153818106,-2.0105534522578017,492.6193937099597,19.27832609219738,2555.3016965997904,185.68912484829593,0.0
12023,1049.0596327396179,104.90596327396177,-13.622670150212798,-0.6604347228425511,506.2420638601725,19.811440055544242,2555.3016965997904,185.68912484829593,0.0
12024,1053.5565285658358,105.35565285658359,4.496895826217951,0.2194614424278818,501.74516803395454,19.63545708522799,2555.3016965997904,185.68912484829593,0.0
12025,1241.0970433665498,124.10970433665499,187.54051480071394,9.132473939331408,314.2046532332406,12.296186147073621,2555.3016965997904,321.78162378683396,0.0
12026,1240.3035328702658,124.03035328702656,-0.7935104962839432,-0.03540723498041132,314.99816372952455,12.327239642531312,2555.3016965997904,321.78162378683396,0.0
12027,1172.3233756409595,117.23233756409597,-67.98015722930631,-3.0344172667625346,382.97832095883086,14.987597021065676,2555.3016965997904,321.78162378683396,0.0
12028,1095.2174440876584,109.52174440876585,-77.10593155330116,-3.5494683902920543,460.084252512132,18.005085392630647,2555.3016965997904,321.78162378683396,0.0
12029,1045.753204466192,104.57532044661919,-49.46423962146628,-2.3608165234136336,509.5484921335983,19.940834885040324,2555.3016965997904,321.78162378683396,0.0
12030,1062.0209768734721,106.20209768734723,16.267772407280063,0.7951972100918692,493.28071972631824,19.304206637623327,2555.3016965997904,321.78162378683396,0.0
12031,1083.4465675065962,108.34465675065962,21.425590633124102,1.0390578405080397,471.85512909319414,18.465730669731396,2555.3016965997904,321.78162378683396,0.0
12032,1166.504029590391,116.65040295903908,83.05746208379469,3.9865415019112005,388.79766700939945,15.215333184600185,2555.3016965997904,321.78162378683396,0.0
12033,1167.958866103033,116.79588661030328,1.4548365126420322,0.06715134118246979,387.3428304967574,15.158399143716561,2555.3016965997904,321.78162378683396,0.0
12034,1084.7692195393133,108.47692195393135,-83.18964656371963,-3.837233623959635,470.53247706047705,18.413969578879495,2555.3016965997904,321.78162378683396,0.0
12035,1138.7301531786316,113.87301531786314,53.96093363931823,2.5883408644743033,416.5715434211588,16.302245013787193,2555.3016965997904,321.78162378683396,0.0
12036,1151.1621539676858,115.1162153967686,12.4320007890542,0.5812795396641146,404.1395426321046,15.81572708889414,2555.3016965997904,321.78162378683396,0.0
12037,1225.3584124957029,122.53584124957028,74.1962585280171,3.449124390328584,329.9432841040875,12.912106799096412,2555.3016965997904,321.78162378683396,0.0
12038,1283.6838556729472,128.3683855672947,58.325443177244324,2.6209460395115958,271.6178409268432,10.629580111353238,2555.3016965997904,364.36843609323137,0.0
12039,1250.7517574186113,125.07517574186112,-32.93209825433587,-1.4420602997445742,304.54993918117907,11.918355456282448,2555.3016965997904,364.36843609323137,0.0
12040,1214.2488619309988,121.4248861930999,-36.50289548761248,-1.6218090407925656,341.05283466879155,13.346871530771226,2555.3016965997904,364.36843609323137,0.0
12041,1265.8292640814661,126.58292640814662,51.58040215046731,2.329476285943999,289.47243251832424,11.32830745205196,2555.3016965997904,364.36843609323137,0.0
12042,1309.3417713640724,130.93417713640724,43.51250728260629,1.9203789081718714,245.95992523571795,9.625474970842163,2555.3016965997904,390.0263517843566,0.0
12043,1282.493589928522,128.24935899285222,-26.848181435550487,-1.162590213734016,272.80810667126843,10.67616035453975,2555.3016965997904,390.0263517843566,0.0
12044,1264.374427568824,126.4374427568824,-18.11916235969784,-0.7938319055811771,290.9272690309663,11.385241492935585,2555.3016965997904,390.0263517843566,0.0
12045,1271.1194685956011,127.1119468595601,6.745041026777017,0.2978765766233682,284.18222800418926,11.121278883911675,2555.3016965997904,390.0263517843566,0.0
12046,1286.9902839463734,128.69902839463734,15.870815350772318,0.6988102374282601,268.31141265341694,10.500185281857139,2555.3016965997904,390.0263517843566,0.0
12047,1328.1222597401288,132.8122259740129,41.13197579375537,1.7985199186233203,227.17943685966156,8.89051328702038,2555.3016965997904,408.806840160413,0.0
12048,1368.1961542693844,136.81961542693847,40.07389452925554,1.7212968245803761,187.10554233040602,7.322248585338389,2555.3016965997904,448.88073468966854,0.0
12049,1313.9708516702158,131.3970851670216,-54.22530259916857,-2.2897302025176924,241.3308449295746,9.444319050494164,2555.3016965997904,448.88073468966854,0.0
12050,1340.9512175856917,134.09512175856918,26.980365915475886,1.1659769134948927,214.3504790140987,8.388460716764833,2555.3016965997904,448.88073468966854,0.0
12051,1325.741728251278,132.5741728251278,-15.209489334413774,-0.6497140658103917,229.55996834851248,8.98367377339342,2555.3016965997904,448.88073468966854,0.0
12052,1324.948015946628,132.49480159466282,-0.7937123046499437,-0.03412727625808909,230.35368065316243,9.014735166484737,2555.3016965997904,448.88073468966854,0.0
12053,1327.9900752602039,132.7990075260204,3.042059313575919,0.13084418630915362,227.3116213395865,8.895686237052105,2555.3016965997904,448.88073468966854,0.0
12054,1346.9027481161852,134.6902748116185,18.912672855981327,0.812403500211123,208.39894848360518,8.155551603198598,2555.3016965997904,448.88073468966854,0.0
12055,1395.5734772413684,139.55734772413683,48.67072912518324,2.073828119390564,159.72821935842194,6.250855606246579,2555.3016965997904,476.25805766165263,0.0
12056,1378.6445806260958,137.86445806260957,-16.928896615272606,-0.7066740709939401,176.65711597369454,6.913356501455901,2555.3016965997904,476.25805766165263,0.0
12057,1392.7959886960093,139.27959886960096,14.151408069913487,0.5949357960065127,162.50570790378106,6.359550737982099,2555.3016965997904,476.25805766165263,0.0
12058,1408.1378643187145,140.81378643187145,15.341875622705174,0.6411693974406107,147.16383228107588,5.7591568336881425,2555.3016965997904,488.8224447389987,0.0
12059,1390.944396935225,139.09443969352247,-17.193467383489406,-0.7139735493654431,164.3572996645653,6.432011526594576,2555.3016965997904,488.8224447389987,0.0
12060,1390.944396935225,139.09443969352247,0.0,0.0,164.3572996645653,6.432011526594576,2555.3016965997904,488.8224447389987,0.0
12061,1316.8803228871338,131.68803228871337,-74.06407404809124,-3.0976911944513907,238.42137371265653,9.330458866360543,2555.3016965997904,488.8224447389987,0.0
12062,1313.706280901999,131.3706280901999,-3.1740419851348634,-0.13699637196536996,241.5954156977914,9.454672848191276,2555.3016965997904,488.8224447389987,0.0
12063,1273.7645708526688,127.3764570852669,-39.94171004933014,-1.7263085802645128,281.53712574712154,11.017764599841524,2555.3016965997904,488.8224447389987,0.0
12064,1263.7131015524656,126.37131015524656,-10.05146930020328,-0.44206288676729155,291.5885950473248,11.411122038361531,2555.3016965997904,488.8224447389987,0.0
12065,1246.5196341689762,124.65196341689762,-17.193467383489406,-0.7595250198312642,308.7820624308142,12.083976731267967,2555.3016965997904,488.8224447389987,0.0
12066,1244.535857928267,124.4535857928267,-1.983776240709176,-0.08830442478829914,310.7658386715234,12.16161046991217,2555.3016965997904,488.8224447389987,0.0
12067,1215.8358829235663,121.58358829235665,-28.69997500470072,-1.2786596793865068,339.4658136762241,13.284764539855859,2555.3016965997904,488.8224447389987,0.0
12068,1219.8036372133506,121.98036372133507,3.9677542897843523,0.1790635452906031,335.49805938643976,13.129489164933828,2555.3016965997904,488.8224447389987,0.0
12069,1245.329368424551,124.53293684245507,25.52573121120031,1.1499094236661511,309.97232817523945,12.130556974454478,2555.3016965997904,488.8224447389987,0.0
12070,1253.2646751957536,125.32646751957537,7.935306771202704,0.35341393039234337,302.03702140403675,11.82001412224404,2555.3016965997904,488.8224447389987,0.0
12071,1233.293921075272,123.32939210752718,-19.970754120481615,-0.8863030757248591,322.00777552451837,12.601556049252332,2555.3016965997904,488.8224447389987,0.0
12072,1260.9356130071064,126.09356130071063,27.64169193183443,1.2377095406468364,294.36608359268394,11.519817170097053,2555.3016965997904,488.8224447389987,0.0
12073,1263.4485307842488,126.34485307842489,2.51291777714232,0.11114503936713316,291.8531658155416,11.421475836058644,2555.3016965997904,488.8224447389987,0.0
12074,1207.6360053841468,120.76360053841468,-55.812525400102004,-2.465818181461532,347.6656912156436,13.60566118976341,2555.3016965997904,488.8224447389987,0.0
12075,1204.990903127079,120.49909031270789,-2.6451022570677196,-0.1198160498658618,350.31079347271134,13.709175473833563,2555.3016965997904,488.8224447389987,0.0
12076,1296.2482427502932,129.6248242750293,91.2573396232142,4.138671932559657,259.05345384949715,10.137881338794804,2555.3016965997904,488.8224447389987,0.0
12077,1326.0060972111282,132.60060972111282,29.757854460835006,1.2959336846434688,229.29559938866214,8.973327873329952,2555.3016965997904,488.8224447389987,0.0
12078,1286.5935286982317,128.65935286982318,-39.41256851289654,-1.6944310060129308,268.7081679015587,10.515712029585975,2555.3016965997904,488.8224447389987,0.0
12079,1266.754959057675,126.67549590576752,-19.83856964055667,-0.867603681702489,288.54673754211535,11.292081006562544,2555.3016965997904,488.8224447389987,0.0
12080,1304.7126910579295,130.47126910579294,37.95773200025451,1.674540595955465,250.58900554186084,9.806630891190142,2555.3016965997904,488.8224447389987,0.0
12081,1269.4000613147427,126.94000613147426,-35.31262974318679,-1.5321922719563452,285.90163528504763,11.188566722492391,2555.3016965997904,488.8224447389987,0.0
12082,1249.6938779624775,124.96938779624776,-19.70618335226527,-0.8683432986623218,305.6078186373129,11.95975485180359,2555.3016965997904,488.8224447389987,0.0
12083,1229.4585530737786,122.94585530737785,-20.23532488869887,-0.8994701495576685,325.8431435260118,12.751650576509013,2555.3016965997904,488.8224447389987,0.0
12084,1281.0387534158795,128.10387534158795,51.58020034210085,2.31357520735187,274.2629431839109,10.733094395423391,2555.3016965997904,488.8224447389987,0.0
12085,1320.9804634652096,132.098046346521,39.94171004933014,1.7510316293187556,234.32123313458078,9.170002643773143,2555.3016965997904,488.8224447389987,0.0
12086,1329.180341004629,132.9180341004629,8.199877539419504,0.35329369068350935,226.12135559516128,8.849105993865594,2555.3016965997904,488.8224447389987,0.0
12087,1353.9123599111795,135.39123599111792,24.732018906550366,1.061833576007376,201.3893366886109,7.88123519647756,2555.3016965997904,488.8224447389987,0.0
12088,1370.9736428147435,137.09736428147434,17.061282903564006,0.7248053578429614,184.3280537850469,7.213553453602869,2555.3016965997904,488.8224447389987,0.0
12089,1376.3960318088039,137.63960318088039,5.422388994060384,0.2286988305624238,178.90566479098652,7.00135193543084,2555.3016965997904,488.8224447389987,0.0
12090,1481.1438571023054,148.11438571023055,104.74782529350159,4.407843805974232,74.15783949748493,2.9021167870769617,2555.3016965997904,561.8284375225896,0.0
12091,1413.0313135847077,141.30313135847078,-68.11254351759771,-2.745207349530532,142.27038301508264,5.567655013276694,2555.3016965997904,561.8284375225896,0.0
12092,1380.49617238688,138.04961723868803,-32.53514119782767,-1.3483099458620251,174.8055242129103,6.840895712843423,2555.3016965997904,561.8284375225896,0.0
12093,1449.6665953606116,144.96665953606117,69.17042297373155,2.9057145218753133,105.63510123917877,4.1339580911225475,2555.3016965997904,561.8284375225896,0.0
12094,1362.3768082188158,136.23768082188155,-87.28978714179584,-3.563333365736898,192.9248883809746,7.549984748872898,2555.3016965997904,561.8284375225896,0.0
12095,1345.1835426436928,134.51835426436926,-17.19326557512295,-0.7277952236623197,210.11815395609756,8.22283154414569,2555.3016965997904,561.8284375225896,0.0
12096,1497.8081829493613,149.78081829493615,152.62464030566844,6.508004065797635,57.49351365042912,2.249969689564751,2555.3016965997904,578.4927633696454,0.0
12097,1438.4246585076162,143.84246585076164,-59.38352444174507,-2.377425330219962,116.87703809217419,4.5739036704627285,2555.3016965997904,578.4927633696454,0.0
12098,1453.1052081139628,145.3105208113963,14.68054960634663,0.6020505720825353,102.19648848582756,3.9993903115947216,2555.3016965997904,578.4927633696454,0.0
12099,1505.3467344724222,150.53467344724223,52.241526358459396,2.1296080651438842,49.95496212736816,1.9549535850831503,2555.3016965997904,586.0313148927064,0.0
12100,1506.933957273356,150.69339572733563,1.587222800933887,0.06335341847474307,48.367739326434275,1.8928386965341417,2555.3016965997904,587.6185376936403,0.0
12101,1511.4306512912076,151.14306512912074,4.496694017851496,0.17937026241976461,43.87104530858278,1.7168636238515296,2555.3016965997904,592.1152317114918,0.0
12102,1512.224161787491,151.2224161787491,0.7935104962834885,0.03159595491419864,43.07753481229929,1.6858101283938554,2555.3016965997904,592.9087422077753,0.0
12103,1493.9728149478683,149.39728149478682,-18.251346839622784,-0.7265015247141293,61.328881651922075,2.400064216821414,2555.3016965997904,592.9087422077753,0.0
12104,1497.9403674292867,149.79403674292868,3.967552481418352,0.1590856346804781,57.36132917050372,2.2447967395330077,2555.3016965997904,592.9087422077753,0.0
12105,1533.6499542289816,153.36499542289818,35.70958679969499,1.4295612203282904,21.651742370808734,0.8473262628682791,2555.3016965997904,614.3345346492658,0.0
12106,1578.485113544305,157.8485113544305,44.83515931532338,1.769587753844526,0.0,0.0,2578.485113544305,659.1696939645892,0.0
12107,1567.9045027076681,156.79045027076683,-10.580610836636879,-0.4103421338777169,10.580610836636879,0.41034213387771323,2578.485113544305,659.1696939645892,0.0
12108,1610.3589287257746,161.03589287257748,42.45442601810646,1.6532712167972585,0.0,0.0,2610.3589287257746,691.0435091460588,0.0
12109,1735.3420789079746,173.53420789079746,124.9831501822,4.787967999604148,0.0,0.0,2735.3420789079746,816.0266593282588,0.0
12110,1698.9713679002875,169.89713679002872,-36.37071100768708,-1.3296585932757399,36.37071100768708,1.3296585932757372,2735.3420789079746,816.0266593282588,0.0
12111,1686.27459453465,168.627459453465,-12.696773365637455,-0.4704300874267986,49.06748437332453,1.7938335666197058,2735.3420789079746,816.0266593282588,0.0
12112,1759.9417115262336,175.99417115262335,73.6671169915835,2.742352443844065,0.0,0.0,2759.9417115262336,840.6262919465178,0.0
12113,1776.2094839335136,177.6209483933514,16.267772407280063,0.5894244918050795,0.0,0.0,2776.2094839335136,856.8940643537978,0.0
12114,1835.328437607042,183.53284376070417,59.11895367352827,2.1294846089843666,0.0,0.0,2835.328437607042,916.0130180273261,0.0
12115,1789.0384417790765,178.90384417790764,-46.28999582796541,-1.632614945555766,46.28999582796541,1.632614945555768,2835.328437607042,916.0130180273261,0.0
12116,1873.8151093353636,187.38151093353633,84.77666755628707,3.039637829524122,0.0,0.0,2873.8151093353636,954.4996897556478,0.0
12117,1886.2473119327847,188.62473119327845,12.43220259742111,0.43260272927914123,0.0,0.0,2886.2473119327847,966.9318923530689,0.0
12118,1876.9893531288644,187.69893531288645,-9.257958803920246,-0.3207611061479265,9.257958803920246,0.32076110614792136,2886.2473119327847,966.9318923530689,0.0
12119,1894.9763310086373,189.4976331008637,17.986977879772894,0.6252014057754884,0.0,0.0,2894.9763310086373,975.6609114289215,0.0
12120,1840.8832128893941,184.0883212889394,-54.09311811924317,-1.8685167660903335,54.09311811924317,1.868516766090333,2894.9763310086373,975.6609114289215,0.0
12121,1874.6088216400135,187.46088216400136,33.72560875061936,1.1871522418662739,20.367509368623814,0.7035466629023381,2894.9763310086373,975.6609114289215,0.0
12122,1950.524285640523,195.0524285640523,75.91546400050947,2.6408972041350065,0.0,0.0,2950.524285640523,1031.2088660608072,0.0
12123,1917.592389194553,191.7592389194553,-32.93189644596987,-1.1161371084536187,32.93189644596987,1.116137108453617,2950.524285640523,1031.2088660608072,0.0
12124,1946.6889176390296,194.66889176390296,29.096528444476462,0.9972787340766676,3.835368001493407,0.12998937240270148,2950.524285640523,1031.2088660608072,0.0
12125,1982.6628733985754,198.2662873398575,35.97395575954579,1.2208263839526445,0.0,0.0,2982.6628733985754,1063.3474538188595,0.0
12126,1981.0756505976415,198.10756505976417,-1.587222800933887,-0.05321495818685351,1.587222800933887,0.05321495818685457,2982.6628733985754,1063.3474538188595,0.0
12127,1910.3182066313425,191.03182066313425,-70.75744396629898,-2.3735541213827815,72.34466676723287,2.4255059937364027,2982.6628733985754,1063.3474538188595,0.0
12128,1847.760640204463,184.77606402044628,-62.557566426879475,-2.149509503267999,134.90223319411234,4.522879015166701,2982.6628733985754,1063.3474538188595,0.0
12129,1850.0089872133885,185.00089872133887,2.2483470089255206,0.07895140403246792,132.65388618518682,4.447498487619395,2982.6628733985754,1063.3474538188595,0.0
12130,1965.998345743153,196.5998345743153,115.98935852976456,4.069789219969233,16.664527655422262,0.5587130816575987,2982.6628733985754,1063.3474538188595,0.0
12131,2037.0205622860353,203.7020562286035,71.02221654288223,2.3945467348225113,0.0,0.0,3037.0205622860353,1117.7051427063195,0.0
12132,2014.1399333319027,201.41399333319026,-22.88062895413259,-0.7533906499766929,22.88062895413259,0.7533906499766934,3037.0205622860353,1117.7051427063195,0.0
12133,2068.8943774675045,206.88943774675045,54.754444135601716,1.8165860028626746,0.0,0.0,3068.8943774675045,1149.5789578877886,0.0
12134,2051.701111892382,205.1701111892382,-17.193265575122496,-0.5602429885290028,17.193265575122496,0.5602429885290032,3068.8943774675045,1149.5789578877886,0.0
12135,2064.926824986086,206.4926824986086,13.225713093704144,0.43338821885812173,3.967552481418352,0.1292827967801366,3068.8943774675045,1149.5789578877886,0.0
12136,2098.5200474484145,209.85200474484148,33.59322246232841,1.0960530016073333,0.0,0.0,3098.5200474484145,1179.2046278686987,0.0
12137,2091.245864885204,209.12458648852038,-7.274182563210616,-0.2347631272936468,7.274182563210616,0.23476312729365095,3098.5200474484145,1179.2046278686987,0.0
12138,2110.687679277619,211.0687679277619,19.441814392414926,0.6289313513772266,0.0,0.0,3110.687679277619,1191.372259697903,0.0
12139,2099.578128712915,209.95781287129148,-11.109550564704023,-0.3571413047575356,11.109550564704023,0.3571413047575366,3110.687679277619,1191.372259697903,0.0
12140,2115.845699311829,211.5845699311829,16.267570598914062,0.5248317649495515,0.0,0.0,3115.845699311829,1196.530279732113,0.0
12141,2125.500615172257,212.55006151722569,9.654915860427991,0.30986501875109873,0.0,0.0,3125.500615172257,1206.185195592541,0.0
12142,2080.4008850887167,208.04008850887166,-45.09973008354018,-1.4429602049863766,45.09973008354018,1.4429602049863806,3125.500615172257,1206.185195592541,0.0
12143,2084.897579106568,208.48975791065683,4.496694017851496,0.14597755894756315,40.603036065688684,1.2990890441226457,3125.500615172257,1206.185195592541,0.0
12144,2070.2170295002215,207.02170295002213,-14.68054960634663,-0.4758845060456873,55.283585672035315,1.7687913866876155,3125.500615172257,1206.185195592541,0.0
12145,2114.92000433562,211.492000433562,44.702974835398436,1.4560200274400525,10.580610836636879,0.33852531608136466,3125.500615172257,1206.185195592541,0.0
12146,2121.4004745941807,212.14004745941807,6.480470258560672,0.20804612155498337,4.100140578076207,0.13118348331696728,3125.500615172257,1206.185195592541,0.0
12147,2102.355617258274,210.2355617258274,-19.044857335906727,-0.6101382213182016,23.144997913982934,0.740521304063392,3125.500615172257,1206.185195592541,0.0
12148,2134.361818728035,213.4361818728035,32.00620146976098,1.0316741669366358,0.0,0.0,3134.361818728035,1215.046399148319,0.0
12149,2177.2129999942827,217.72129999942828,42.85118126624775,1.3671421407129403,0.0,0.0,3177.2129999942827,1257.8975804145668,0.0
12150,2156.8454906256593,215.68454906256594,-20.36750936862336,-0.6410495414899797,20.36750936862336,0.6410495414899792,3177.2129999942827,1257.8975804145668,0.0
12151,2121.1361056343303,212.11361056343304,-35.70938499132899,-1.1311730364178096,56.07689435995235,1.7649711983443748,3177.2129999942827,1257.8975804145668,0.0
12152,2170.203388199289,217.0203388199289,49.06728256495853,1.5720968552566994,7.009611794993816,0.2206213997930397,3177.2129999942827,1257.8975804145668,0.0
12153,2137.932615961311,213.7932615961311,-32.27077223797778,-1.0179401220155815,39.2803840329716,1.2363157280623704,3177.2129999942827,1257.8975804145668,0.0
12154,2174.5678977372154,217.45678977372154,36.63528177590433,1.16749740225639,2.645102257067265,0.08325227981479444,3177.2129999942827,1257.8975804145668,0.0
12155,2142.429511787529,214.24295117875292,-32.13838594968638,-1.0123704070904904,34.783488206753645,1.094779865461215,3177.2129999942827,1257.8975804145668,0.0
12156,2152.6131655676577,215.26131655676573,10.18365378012868,0.3240694418738421,24.599834426624966,0.7742582705871225,3177.2129999942827,1257.8975804145668,0.0
12157,2214.1128525384033,221.41128525384036,61.49968697074564,1.9507527165855798,0.0,0.0,3214.1128525384033,1294.7974329586875,0.0
12158,2246.780380024523,224.67803800245227,32.667527486119525,1.0163777373380034,0.0,0.0,3246.780380024523,1327.464960444807,0.0
12159,2308.0152944186852,230.80152944186852,61.23491439416239,1.8860196017846942,0.0,0.0,3308.0152944186852,1388.6998748389694,0.0
12160,2327.0603535629584,232.70603535629584,19.045059144273182,0.5757246399799465,0.0,0.0,3327.0603535629584,1407.7449339832426,0.0
12161,2377.450288160634,237.7450288160634,50.38993459767562,1.5145482571036872,0.0,0.0,3377.450288160634,1458.1348685809182,0.0
12162,2319.918557288039,231.99185572880393,-57.531730872594835,-1.7034071848301524,57.531730872594835,1.7034071848301497,3377.450288160634,1458.1348685809182,0.0
12163,2246.6479937362315,224.66479937362314,-73.27056355180775,-2.206998825045292,130.8022944244026,3.872811833320507,3377.450288160634,1458.1348685809182,0.0
12164,2345.840841939015,234.58408419390148,99.19284820278335,3.0552387691599625,31.609446221619237,0.9358967127487701,3377.450288160634,1458.1348685809182,0.0
12165,2375.069756671783,237.50697566717832,29.228914732768317,0.8735895134757587,2.38053148885092,0.07048309481254755,3377.450288160634,1458.1348685809182,0.0
12166,2347.295678451657,234.7295678451657,-27.774078220126285,-0.8229186423546642,30.154609708977205,0.8928217186402903,3377.450288160634,1458.1348685809182,0.0
12167,2309.734701699544,230.9734701699544,-37.560976752112765,-1.1221290367000702,67.71558646108997,2.0049321435895364,3377.450288160634,1458.1348685809182,0.0
12168,2294.789581324981,229.47895813249812,-14.945120374562975,-0.4515504027222672,82.66070683565295,2.4474292671431184,3377.450288160634,1458.1348685809182,0.0
12169,2281.8284389994933,228.18284389994932,-12.961142325487799,-0.393383006883119,95.62184916114074,2.8311845031838083,3377.450288160634,1458.1348685809182,0.0
12170,2306.1637026579015,230.61637026579012,24.335263658408167,0.7415154116291012,71.28658550273258,2.1106627609774646,3377.450288160634,1458.1348685809182,0.0
12171,2351.1312482615162,235.11312482615162,44.96754560361478,1.3601124943530163,26.319039899117797,0.7792576545501487,3377.450288160634,1458.1348685809182,0.0
12172,2329.044331612034,232.9044331612034,-22.08691664948219,-0.6590883798102576,48.40595654859999,1.4332100377104873,3377.450288160634,1458.1348685809182,0.0
12173,2334.863475854236,233.48634758542363,5.819144242202128,0.17479924154042425,42.58681230639786,1.260916036445668,3377.450288160634,1458.1348685809182,0.0
12174,2355.231187031226,235.52311870312258,20.367711176989815,0.6107509744989637,22.219101129408045,0.6578661189269084,3377.450288160634,1458.1348685809182,0.0
12175,2367.5310033403557,236.75310033403557,12.29981630912971,0.36658625362899766,9.919284820278335,0.29369151205717364,3377.450288160634,1458.1348685809182,0.0
12176,2381.0212872022767,238.10212872022765,13.490283861920943,0.40059865368839986,0.0,0.0,3381.0212872022767,1461.7058676225608,0.0
12177,2363.166493802429,236.31664938024292,-17.854793399847495,-0.5280887602639672,17.854793399847495,0.5280887602639721,3381.0212872022767,1461.7058676225608,0.0
12178,2353.644166038659,235.3644166038659,-9.522327763770136,-0.2831357823443348,27.37712116361763,0.8097293343654638,3381.0212872022767,1461.7058676225608,0.0
12179,2363.8278198187877,236.38278198187876,10.18365378012868,0.3036593411804178,17.19346738348895,0.5085288119471197,3381.0212872022767,1461.7058676225608,0.0
12180,2320.844252264248,232.08442522642483,-42.983567554539604,-1.27781711362549,60.177034938028555,1.7798478573858307,3381.0212872022767,1461.7058676225608,0.0
12181,2279.3155212223505,227.93155212223505,-41.52873104189757,-1.250547387568146,101.70576597992613,3.0081374040707534,3381.0212872022767,1461.7058676225608,0.0
12182,2232.6287701462434,223.26287701462434,-46.68675107610716,-1.423673653052604,148.39251705603328,4.388984997453978,3381.0212872022767,1461.7058676225608,0.0
12183,2181.842080300426,218.18420803004258,-50.786689845817364,-1.5710647110128817,199.17920690185065,5.891095914000211,3381.0212872022767,1461.7058676225608,0.0
12184,2159.3584084028016,215.93584084028015,-22.48367189762439,-0.7066243807895556,221.66287879947504,6.556092374765743,3381.0212872022767,1461.7058676225608,0.0
12185,2111.3490052939774,211.13490052939773,-48.009403108824245,-1.519593439640654,269.6722819082993,7.976059864782672,3381.0212872022767,1461.7058676225608,0.0
12186,2056.329990390159,205.6329990390159,-55.019014903818515,-1.768333118856269,324.6912968121178,9.603349675470188,3381.0212872022767,1461.7058676225608,0.0
12187,1958.0630389719504,195.80630389719502,-98.26695141820846,-3.2151944236121,422.95824823032626,12.509777735836595,3381.0212872022767,1461.7058676225608,0.0
12188,1845.2477224273202,184.524772242732,-112.81531654463015,-3.813823946897299,535.7735647749564,15.84650078374093,3381.0212872022767,1461.7058676225608,0.0
12189,1811.5221136767009,181.1522113676701,-33.72560875061936,-1.1853311922466858,569.4991735255758,16.843998459318314,3381.0212872022767,1461.7058676225608,0.0
12190,1916.6664924099782,191.66664924099783,105.14437873327734,3.7397670899261604,464.35479479229843,13.73415768040142,3381.0212872022767,1461.7058676225608,0.0
12191,1906.7472075896994,190.67472075896995,-9.91928482027879,-0.3400897855854179,474.2740796125772,14.027538998579598,3381.0212872022767,1461.7058676225608,0.0
12192,1899.3408405465639,189.93408405465638,-7.40636704313556,-0.2547991453744958,481.6804466557128,14.246596094468636,3381.0212872022767,1461.7058676225608,0.0
12193,1926.5857772302566,192.65857772302564,27.244936683692686,0.9396941643658785,454.4355099720201,13.440776362223255,3381.0212872022767,1461.7058676225608,0.0
12194,1933.7277753135418,193.37277753135416,7.141998083285216,0.24403857009256402,447.2935118887349,13.229538470574397,3381.0212872022767,1461.7058676225608,0.0
12195,1897.3570643058547,189.73570643058548,-36.37071100768708,-1.2397438955903062,483.66422289642196,14.30526997056099,3381.0212872022767,1461.7058676225608,0.0
12196,1899.6054113147802,189.960541131478,2.2483470089255206,0.07759992845286501,481.41587588749644,14.238770921370266,3381.0212872022767,1461.7058676225608,0.0
12197,1955.0209796583745,195.50209796583746,55.41556834359426,1.9111417066388636,426.0003075439022,12.599752304322474,3381.0212872022767,1461.7058676225608,0.0
12198,1954.888795178449,195.48887951784494,-0.1321844799253995,-0.004473216293054971,426.1324920238276,12.60366190644257,3381.0212872022767,1461.7058676225608,0.0
12199,1961.3694672453762,196.1369467245376,6.480672066927127,0.2193203371139374,419.65181995690045,12.411983963110549,3381.0212872022767,1461.7058676225608,0.0
12200,1942.4565925810284,194.24565925810282,-18.912874664347783,-0.6386529905685889,438.56469462124824,12.971367446909843,3381.0212872022767,1461.7058676225608,0.0
12201,1990.4659956898531,199.04659956898533,48.0094031088247,1.6316095615436899,390.55529151242354,11.5513999568929,3381.0212872022767,1461.7058676225608,0.0
12202,1959.2533047163756,195.92533047163755,-31.212690973477493,-1.0437400397952823,421.76798248590103,12.47457341018119,3381.0212872022767,1461.7058676225608,0.0
12203,2010.8335050584765,201.08335050584768,51.58020034210085,1.74301403194832,370.1877821438002,10.948992943198022,3381.0212872022767,1461.7058676225608,0.0
12204,2003.1627690554906,200.31627690554905,-7.670736002985905,-0.25477117848258235,377.8585181467861,11.175869243327243,3381.0212872022767,1461.7058676225608,0.0
12205,1956.0790609228748,195.60790609228746,-47.08370813261581,-1.5678040703542617,424.9422262794019,12.56845758078715,3381.0212872022767,1461.7058676225608,0.0
12206,1975.124120067148,197.51241200671478,19.045059144273182,0.6442675839098744,405.8971671351287,12.005164494867762,3381.0212872022767,1461.7058676225608,0.0
12207,1957.5338974355168,195.75338974355168,-17.59022263163115,-0.591243320336976,423.48738976675986,12.525428082033363,3381.0212872022767,1461.7058676225608,0.0
12208,1907.0117783579162,190.7011778357916,-50.522119077600564,-1.7082515646366203,474.0095088443604,14.019713825481212,3381.0212872022767,1461.7058676225608,0.0
12209,1861.6474775061597,186.16474775061596,-45.364300851756525,-1.5605131423781615,519.373809696117,15.361447491088937,3381.0212872022767,1461.7058676225608,0.0
12210,1952.7726326494485,195.27726326494482,91.1251551432888,3.1843599136362366,428.24865455282816,12.66625135351321,3381.0212872022767,1461.7058676225608,0.0
12211,1962.9564882379436,196.29564882379435,10.183855588495135,0.3448912888141198,418.064798964333,12.365044862236664,3381.0212872022767,1461.7058676225608,0.0
12212,1930.553531520041,193.0553531520041,-32.402956717902725,-1.0936021789902384,450.46775568223575,13.323422641180361,3381.0212872022767,1461.7058676225608,0.0
12213,1970.3628552810796,197.03628552810795,39.80932376103874,1.358423360394645,410.658431921197,12.14598776634761,3381.0212872022767,1461.7058676225608,0.0
12214,1911.3762878958428,191.13762878958428,-58.98656738523687,-1.9858370932818281,469.6449993064339,13.890625329219834,3381.0212872022767,1461.7058676225608,0.0
12215,1915.4762266655525,191.54762266655524,4.099938769709752,0.14082476342049954,465.5450605367241,13.769362006056838,3381.0212872022767,1461.7058676225608,0.0
12216,1913.492248616477,191.34922486164768,-1.9839780490756311,-0.06804987915627336,467.52903858579975,13.828041851007395,3381.0212872022767,1461.7058676225608,0.0
12217,1923.2793489568303,192.32793489568306,9.78710034035339,0.33592333547483033,457.74193824544636,13.538570134949316,3381.0212872022767,1461.7058676225608,0.0
12218,1880.0579427756988,188.00579427756986,-43.22140618113144,-1.4785246643142402,500.9633444265778,14.816923700622848,3381.0212872022767,1461.7058676225608,0.0
12219,1877.1807620136856,187.71807620136855,-2.8771807620132677,-0.09990009990008542,503.8405251885911,14.90202167894389,3381.0212872022767,0.0,0.0
12220,1930.3355416949562,193.03355416949563,53.15477968127061,1.8474605552439627,450.68574550732046,13.32987009615232,3381.0212872022767,53.15477968127061,0.0
12221,1906.8423470931357,190.68423470931356,-23.493194601820505,-0.8017237025433444,474.17894010914097,14.024725070616576,3381.0212872022767,53.15477968127061,0.0
12222,1926.135564905344,192.61355649053436,19.29321781220824,0.6637173781199879,454.8857222969327,13.454092230023818,3381.0212872022767,53.15477968127061,0.0
12223,1945.6913313333825,194.56913313333825,19.555766428038623,0.6683137535588246,435.3299558688941,12.875694025254731,3381.0212872022767,68.51056931969697,0.0
12224,1929.896423627668,192.9896423627668,-15.79490770571465,-0.536203760988252,451.12486357460875,13.342857830626231,3381.0212872022767,68.51056931969697,0.0
12225,1929.896423627668,192.9896423627668,0.0,0.0,451.12486357460875,13.342857830626231,3381.0212872022767,0.0,0.0
12226,1929.896423627668,192.9896423627668,0.0,0.0,451.12486357460875,13.342857830626231,3381.0212872022767,0.0,0.0
12227,1929.896423627668,192.9896423627668,0.0,0.0,451.12486357460875,13.342857830626231,3381.0212872022767,0.0,0.0
12228,1929.896423627668,192.9896423627668,0.0,0.0,451.12486357460875,13.342857830626231,3381.0212872022767,0.0,0.0
12229,1929.896423627668,192.9896423627668,0.0,0.0,451.12486357460875,13.342857830626231,3381.0212872022767,0.0,0.0
12230,1929.896423627668,192.9896423627668,0.0,0.0,451.12486357460875,13.342857830626231,3381.0212872022767,0.0,0.0
12231,1929.896423627668,192.9896423627668,0.0,0.0,451.12486357460875,13.342857830626231,3381.0212872022767,0.0,0.0
12232,1929.896423627668,192.9896423627668,0.0,0.0,451.12486357460875,13.342857830626231,3381.0212872022767,0.0,0.0
12233,1929.896423627668,192.9896423627668,0.0,0.0,451.12486357460875,13.342857830626231,3381.0212872022767,0.0,0.0
12234,1929.896423627668,192.9896423627668,0.0,0.0,451.12486357460875,13.342857830626231,3381.0212872022767,0.0,0.0
12235,1929.896423627668,192.9896423627668,0.0,0.0,451.12486357460875,13.342857830626231,3381.0212872022767,0.0,0.0
12236,1929.896423627668,192.9896423627668,0.0,0.0,451.12486357460875,13.342857830626231,3381.0212872022767,0.0,0.0
12237,1929.896423627668,192.9896423627668,0.0,0.0,451.12486357460875,13.342857830626231,3381.0212872022767,0.0,0.0
12238,1929.896423627668,192.9896423627668,0.0,0.0,451.12486357460875,13.342857830626231,3381.0212872022767,0.0,0.0
12239,1929.896423627668,192.9896423627668,0.0,0.0,451.12486357460875,13.342857830626231,3381.0212872022767,0.0,0.0
12240,1929.896423627668,192.9896423627668,0.0,0.0,451.12486357460875,13.342857830626231,3381.0212872022767,0.0,0.0
12241,1929.896423627668,192.9896423627668,0.0,0.0,451.12486357460875,13.342857830626231,3381.0212872022767,0.0,0.0
12242,1929.896423627668,192.9896423627668,0.0,0.0,451.12486357460875,13.342857830626231,3381.0212872022767,0.0,0.0
12243,1929.896423627668,192.9896423627668,0.0,0.0,451.12486357460875,13.342857830626231,3381.0212872022767,0.0,0.0
12244,1929.896423627668,192.9896423627668,0.0,0.0,451.12486357460875,13.342857830626231,3381.0212872022767,0.0,0.0
12245,1929.896423627668,192.9896423627668,0.0,0.0,451.12486357460875,13.342857830626231,3381.0212872022767,0.0,0.0
12246,1929.896423627668,192.9896423627668,0.0,0.0,451.12486357460875,13.342857830626231,3381.0212872022767,0.0,0.0
12247,1929.896423627668,192.9896423627668,0.0,0.0,451.12486357460875,13.342857830626231,3381.0212872022767,0.0,0.0
12248,1929.896423627668,192.9896423627668,0.0,0.0,451.12486357460875,13.342857830626231,3381.0212872022767,0.0,0.0
12249,1929.896423627668,192.9896423627668,0.0,0.0,451.12486357460875,13.342857830626231,3381.0212872022767,0.0,0.0
12250,1929.896423627668,192.9896423627668,0.0,0.0,451.12486357460875,13.342857830626231,3381.0212872022767,0.0,0.0
12251,1929.896423627668,192.9896423627668,0.0,0.0,451.12486357460875,13.342857830626231,3381.0212872022767,0.0,0.0
12252,1929.896423627668,192.9896423627668,0.0,0.0,451.12486357460875,13.342857830626231,3381.0212872022767,0.0,0.0
12253,1929.896423627668,192.9896423627668,0.0,0.0,451.12486357460875,13.342857830626231,3381.0212872022767,0.0,0.0
12254,1929.896423627668,192.9896423627668,0.0,0.0,451.12486357460875,13.342857830626231,3381.0212872022767,0.0,0.0
12255,1929.896423627668,192.9896423627668,0.0,0.0,451.12486357460875,13.342857830626231,3381.0212872022767,0.0,0.0
12256,1929.896423627668,192.9896423627668,0.0,0.0,451.12486357460875,13.342857830626231,3381.0212872022767,0.0,0.0
12257,1929.896423627668,192.9896423627668,0.0,0.0,451.12486357460875,13.342857830626231,3381.0212872022767,0.0,0.0
12258,1929.896423627668,192.9896423627668,0.0,0.0,451.12486357460875,13.342857830626231,3381.0212872022767,0.0,0.0
12259,1929.896423627668,192.9896423627668,0.0,0.0,451.12486357460875,13.342857830626231,3381.0212872022767,0.0,0.0
12260,1929.896423627668,192.9896423627668,0.0,0.0,451.12486357460875,13.342857830626231,3381.0212872022767,0.0,0.0
12261,1929.896423627668,192.9896423627668,0.0,0.0,451.12486357460875,13.342857830626231,3381.0212872022767,0.0,0.0
12262,1929.896423627668,192.9896423627668,0.0,0.0,451.12486357460875,13.342857830626231,3381.0212872022767,0.0,0.0
12263,1929.896423627668,192.9896423627668,0.0,0.0,451.12486357460875,13.342857830626231,3381.0212872022767,0.0,0.0
12264,1929.896423627668,192.9896423627668,0.0,0.0,451.12486357460875,13.342857830626231,3381.0212872022767,0.0,0.0
12265,1929.896423627668,192.9896423627668,0.0,0.0,451.12486357460875,13.342857830626231,3381.0212872022767,0.0,0.0
12266,1926.9694541734948,192.6969454173495,-2.926969454173104,-0.09990009990008542,454.05183302878186,13.429428402223994,3381.0212872022767,0.0,0.0
12267,1918.4387129783995,191.84387129783994,-8.530741195095288,-0.29145303115245547,462.58257422387715,13.681740957231725,3381.0212872022767,0.0,-8.530741195095288
12268,1893.252902102151,189.32529021021512,-25.185810876248524,-0.8629891991305594,487.76838510012567,14.426658209648352,3381.0212872022767,0.0,-33.71655207134381
12269,1905.8459108480301,190.584591084803,12.59300874587916,0.4352543373145723,475.1753763542465,14.054196527920828,3381.0212872022767,0.0,-33.71655207134381
12270,1885.9409858031477,188.59409858031478,-19.904925044882475,-0.6849958895127184,495.080301399129,14.642921748913254,3381.0212872022767,0.0,-41.02846837034713
12271,1964.7480671801122,196.47480671801122,78.80708137696456,2.7307239394236182,416.2732200221644,12.312055579118276,3381.0212872022767,37.778613006617434,-41.02846837034713
12272,1967.7270496096535,196.7727049609653,2.9789824295412473,0.10048012047021437,413.2942375926232,12.22394662692631,3381.0212872022767,40.75759543615868,-41.02846837034713
12273,2014.171943586216,201.4171943586216,46.444893976562525,1.5649988425543215,366.84934361606065,10.850252407597845,3381.0212872022767,87.2024894127212,-41.02846837034713
12274,2047.5458021388645,204.75458021388647,33.37385855264847,1.1072314113885762,333.4754850634122,9.863158399081128,3381.0212872022767,120.57634796536968,-41.02846837034713
12275,2047.5458021388645,204.75458021388647,0.0,0.0,333.4754850634122,9.863158399081128,3381.0212872022767,0.0,0.0
12276,2047.5458021388645,204.75458021388647,0.0,0.0,333.4754850634122,9.863158399081128,3381.0212872022767,0.0,0.0
12277,2047.5458021388645,204.75458021388647,0.0,0.0,333.4754850634122,9.863158399081128,3381.0212872022767,0.0,0.0
12278,2047.5458021388645,204.75458021388647,0.0,0.0,333.4754850634122,9.863158399081128,3381.0212872022767,0.0,0.0
12279,2047.5458021388645,204.75458021388647,0.0,0.0,333.4754850634122,9.863158399081128,3381.0212872022767,0.0,0.0
12280,2047.5458021388645,204.75458021388647,0.0,0.0,333.4754850634122,9.863158399081128,3381.0212872022767,0.0,0.0
12281,2047.5458021388645,204.75458021388647,0.0,0.0,333.4754850634122,9.863158399081128,3381.0212872022767,0.0,0.0
12282,2047.5458021388645,204.75458021388647,0.0,0.0,333.4754850634122,9.863158399081128,3381.0212872022767,0.0,0.0
12283,2047.5458021388645,204.75458021388647,0.0,0.0,333.4754850634122,9.863158399081128,3381.0212872022767,0.0,0.0
12284,2047.5458021388645,204.75458021388647,0.0,0.0,333.4754850634122,9.863158399081128,3381.0212872022767,0.0,0.0
12285,2047.5458021388645,204.75458021388647,0.0,0.0,333.4754850634122,9.863158399081128,3381.0212872022767,0.0,0.0
12286,2047.5458021388645,204.75458021388647,0.0,0.0,333.4754850634122,9.863158399081128,3381.0212872022767,0.0,0.0
12287,2047.5458021388645,204.75458021388647,0.0,0.0,333.4754850634122,9.863158399081128,3381.0212872022767,0.0,0.0
12288,2047.5458021388645,204.75458021388647,0.0,0.0,333.4754850634122,9.863158399081128,3381.0212872022767,0.0,0.0
12289,2047.5458021388645,204.75458021388647,0.0,0.0,333.4754850634122,9.863158399081128,3381.0212872022767,0.0,0.0
12290,2047.5458021388645,204.75458021388647,0.0,0.0,333.4754850634122,9.863158399081128,3381.0212872022767,0.0,0.0
12291,2047.5458021388645,204.75458021388647,0.0,0.0,333.4754850634122,9.863158399081128,3381.0212872022767,0.0,0.0
12292,2047.5458021388645,204.75458021388647,0.0,0.0,333.4754850634122,9.863158399081128,3381.0212872022767,0.0,0.0
12293,2047.5458021388645,204.75458021388647,0.0,0.0,333.4754850634122,9.863158399081128,3381.0212872022767,0.0,0.0
12294,2047.5458021388645,204.75458021388647,0.0,0.0,333.4754850634122,9.863158399081128,3381.0212872022767,0.0,0.0
12295,2047.5458021388645,204.75458021388647,0.0,0.0,333.4754850634122,9.863158399081128,3381.0212872022767,0.0,0.0
12296,2047.5458021388645,204.75458021388647,0.0,0.0,333.4754850634122,9.863158399081128,3381.0212872022767,0.0,0.0
12297,2047.5458021388645,204.75458021388647,0.0,0.0,333.4754850634122,9.863158399081128,3381.0212872022767,0.0,0.0
12298,2047.5458021388645,204.75458021388647,0.0,0.0,333.4754850634122,9.863158399081128,3381.0212872022767,0.0,0.0
12299,2047.5458021388645,204.75458021388647,0.0,0.0,333.4754850634122,9.863158399081128,3381.0212872022767,0.0,0.0
12300,2047.5458021388645,204.75458021388647,0.0,0.0,333.4754850634122,9.863158399081128,3381.0212872022767,0.0,0.0
12301,2047.5458021388645,204.75458021388647,0.0,0.0,333.4754850634122,9.863158399081128,3381.0212872022767,0.0,0.0
12302,2047.5458021388645,204.75458021388647,0.0,0.0,333.4754850634122,9.863158399081128,3381.0212872022767,0.0,0.0
12303,2047.5458021388645,204.75458021388647,0.0,0.0,333.4754850634122,9.863158399081128,3381.0212872022767,0.0,0.0
12304,2047.5458021388645,204.75458021388647,0.0,0.0,333.4754850634122,9.863158399081128,3381.0212872022767,0.0,0.0
12305,2047.5458021388645,204.75458021388647,0.0,0.0,333.4754850634122,9.863158399081128,3381.0212872022767,0.0,0.0
12306,2047.5458021388645,204.75458021388647,0.0,0.0,333.4754850634122,9.863158399081128,3381.0212872022767,0.0,0.0
12307,2047.5458021388645,204.75458021388647,0.0,0.0,333.4754850634122,9.863158399081128,3381.0212872022767,0.0,0.0
12308,2047.5458021388645,204.75458021388647,0.0,0.0,333.4754850634122,9.863158399081128,3381.0212872022767,0.0,0.0
12309,2047.5458021388645,204.75458021388647,0.0,0.0,333.4754850634122,9.863158399081128,3381.0212872022767,0.0,0.0
12310,2047.5458021388645,204.75458021388647,0.0,0.0,333.4754850634122,9.863158399081128,3381.0212872022767,0.0,0.0
12311,2047.5458021388645,204.75458021388647,0.0,0.0,333.4754850634122,9.863158399081128,3381.0212872022767,0.0,0.0
12312,2047.5458021388645,204.75458021388647,0.0,0.0,333.4754850634122,9.863158399081128,3381.0212872022767,0.0,0.0
12313,2047.5458021388645,204.75458021388647,0.0,0.0,333.4754850634122,9.863158399081128,3381.0212872022767,0.0,0.0
12314,2047.5458021388645,204.75458021388647,0.0,0.0,333.4754850634122,9.863158399081128,3381.0212872022767,0.0,0.0
12315,2047.5458021388645,204.75458021388647,0.0,0.0,333.4754850634122,9.863158399081128,3381.0212872022767,0.0,0.0
12316,2047.5458021388645,204.75458021388647,0.0,0.0,333.4754850634122,9.863158399081128,3381.0212872022767,0.0,0.0
12317,2047.5458021388645,204.75458021388647,0.0,0.0,333.4754850634122,9.863158399081128,3381.0212872022767,0.0,0.0
12318,2047.5458021388645,204.75458021388647,0.0,0.0,333.4754850634122,9.863158399081128,3381.0212872022767,0.0,0.0
12319,2047.5458021388645,204.75458021388647,0.0,0.0,333.4754850634122,9.863158399081128,3381.0212872022767,0.0,0.0
12320,2047.5458021388645,204.75458021388647,0.0,0.0,333.4754850634122,9.863158399081128,3381.0212872022767,0.0,0.0
12321,2047.5458021388645,204.75458021388647,0.0,0.0,333.4754850634122,9.863158399081128,3381.0212872022767,0.0,0.0
12322,2047.5458021388645,204.75458021388647,0.0,0.0,333.4754850634122,9.863158399081128,3381.0212872022767,0.0,0.0
12323,2047.5458021388645,204.75458021388647,0.0,0.0,333.4754850634122,9.863158399081128,3381.0212872022767,0.0,0.0
12324,2047.5458021388645,204.75458021388647,0.0,0.0,333.4754850634122,9.863158399081128,3381.0212872022767,0.0,0.0
12325,2047.5458021388645,204.75458021388647,0.0,0.0,333.4754850634122,9.863158399081128,3381.0212872022767,0.0,0.0
12326,2047.5458021388645,204.75458021388647,0.0,0.0,333.4754850634122,9.863158399081128,3381.0212872022767,0.0,0.0
12327,2047.5458021388645,204.75458021388647,0.0,0.0,333.4754850634122,9.863158399081128,3381.0212872022767,0.0,0.0
12328,2047.5458021388645,204.75458021388647,0.0,0.0,333.4754850634122,9.863158399081128,3381.0212872022767,0.0,0.0
12329,2047.5458021388645,204.75458021388647,0.0,0.0,333.4754850634122,9.863158399081128,3381.0212872022767,0.0,0.0
12330,2047.5458021388645,204.75458021388647,0.0,0.0,333.4754850634122,9.863158399081128,3381.0212872022767,0.0,0.0
12331,2044.501300838027,204.4501300838027,-3.04450130083751,-0.09990009990008542,336.5199863642497,9.953205193887223,3381.0212872022767,0.0,0.0
12332,2027.1592167062558,202.71592167062556,-17.342084131771117,-0.5696198627669347,353.8620704960208,10.466129622887827,3381.0212872022767,0.0,-17.342084131771117
12333,2060.8642982535416,206.08642982535414,33.70508154728577,1.1134228210156305,320.15698894873503,9.469239077570498,3381.0212872022767,16.362997415514656,-17.342084131771117
12334,2083.241167236366,208.32411672363656,22.376868982824362,0.7310637389443375,297.78011996591067,8.807401511876236,3381.0212872022767,38.73986639833902,-17.342084131771117
12335,2075.5473040760908,207.55473040760907,-7.693863160275214,-0.2495381562114929,305.4739831261859,9.034961840744845,3381.0212872022767,38.73986639833902,-17.342084131771117
12336,2075.5473040760908,207.55473040760907,0.0,0.0,305.4739831261859,9.034961840744845,3381.0212872022767,0.0,0.0
12337,2075.5473040760908,207.55473040760907,0.0,0.0,305.4739831261859,9.034961840744845,3381.0212872022767,0.0,0.0
12338,2072.4748292468444,207.24748292468442,-3.072474829246403,-0.09990009990008542,308.5464579554323,9.125836004740092,3381.0212872022767,0.0,0.0
12339,2015.924406553962,201.59244065539622,-56.55042269288242,-1.8405495841521513,365.0968806483147,10.798420052256596,3381.0212872022767,0.0,-56.55042269288242
12340,2088.004181711491,208.8004181711491,72.07977515752918,2.3899728720286006,293.0171054907855,8.666526490084626,3381.0212872022767,15.529352464646763,-56.55042269288242
12341,2061.0475614503366,206.10475614503366,-26.956620261154512,-0.8729463651896419,319.97372575194004,9.463818727290874,3381.0212872022767,15.529352464646763,-56.55042269288242
12342,2057.6780398044048,205.76780398044048,-3.3695216459318544,-0.11007740253259346,323.3432473978719,9.563478603988074,3381.0212872022767,15.529352464646763,-56.55042269288242
12343,2001.4926416186968,200.14926416186967,-56.18539818570798,-1.8375184520507015,379.5286455835799,11.22526637203257,3381.0212872022767,15.529352464646763,-70.98218762814759
12344,2001.4926416186968,200.14926416186967,0.0,0.0,379.5286455835799,11.22526637203257,3381.0212872022767,0.0,0.0
12345,2001.4926416186968,200.14926416186967,0.0,0.0,379.5286455835799,11.22526637203257,3381.0212872022767,0.0,0.0
12346,2001.4926416186968,200.14926416186967,0.0,0.0,379.5286455835799,11.22526637203257,3381.0212872022767,0.0,0.0
12347,2001.4926416186968,200.14926416186967,0.0,0.0,379.5286455835799,11.22526637203257,3381.0212872022767,0.0,0.0
12348,2001.4926416186968,200.14926416186967,0.0,0.0,379.5286455835799,11.22526637203257,3381.0212872022767,0.0,0.0
12349,2001.4926416186968,200.14926416186967,0.0,0.0,379.5286455835799,11.22526637203257,3381.0212872022767,0.0,0.0
12350,2001.4926416186968,200.14926416186967,0.0,0.0,379.5286455835799,11.22526637203257,3381.0212872022767,0.0,0.0
12351,2001.4926416186968,200.14926416186967,0.0,0.0,379.5286455835799,11.22526637203257,3381.0212872022767,0.0,0.0
12352,2001.4926416186968,200.14926416186967,0.0,0.0,379.5286455835799,11.22526637203257,3381.0212872022767,0.0,0.0
12353,2001.4926416186968,200.14926416186967,0.0,0.0,379.5286455835799,11.22526637203257,3381.0212872022767,0.0,0.0
12354,2001.4926416186968,200.14926416186967,0.0,0.0,379.5286455835799,11.22526637203257,3381.0212872022767,0.0,0.0
12355,2001.4926416186968,200.14926416186967,0.0,0.0,379.5286455835799,11.22526637203257,3381.0212872022767,0.0,0.0
12356,1998.494147471226,199.84941474712258,-2.998494147470865,-0.09990009990008542,382.52713973105074,11.313952419612946,3381.0212872022767,0.0,0.0
12357,2028.1712153152084,202.81712153152083,29.677067843982513,0.9897323918077516,352.8500718870682,10.436197879695817,3381.0212872022767,29.677067843982513,0.0
12358,2000.158214877481,200.0158214877481,-28.01300043772744,-0.9250798071142596,380.86307232479567,11.264734527594523,3381.0212872022767,29.677067843982513,0.0
12359,1988.0933029706844,198.8093302970684,-12.064911906796624,-0.40214252191660416,392.9279842315923,11.621576761994653,3381.0212872022767,29.677067843982513,-10.400844500541552
12360,1895.7337530205027,189.57337530205027,-92.35954995018164,-3.0909192112026806,485.28753418177394,14.353282424416175,3381.0212872022767,29.677067843982513,-102.7603944507232
12361,1821.9572060649712,182.1957206064971,-73.77654695553156,-2.547766930525852,559.0640811373055,16.535361171887775,3381.0212872022767,29.677067843982513,-176.53694140625475
12362,1842.2040648601537,184.22040648601538,20.24685879518256,0.7174757558926714,538.8172223421229,15.936522623552682,3381.0212872022767,29.677067843982513,-176.53694140625475
12363,1941.358909395416,194.1358909395416,99.15484453526233,3.488660288723544,439.6623778068606,13.003833471000469,3381.0212872022767,29.677067843982513,-176.53694140625475
12364,1914.7325612609934,191.47325612609936,-26.626348134422642,-0.9052396852819111,466.28872594128325,13.791357295094917,3381.0212872022767,29.677067843982513,-176.53694140625475
12365,1801.294118812502,180.1294118812502,-113.43844244849151,-3.891898829970697,579.7271683897748,17.146510451860735,3381.0212872022767,29.677067843982513,-197.20002865872402
12366,1901.835615651069,190.18356156510688,100.54149683856713,3.589108910891081,479.18567155120763,14.172808475504265,3381.0212872022767,29.677067843982513,-197.20002865872402
12367,1918.329190302381,191.8329190302381,16.493574651311974,0.5683841828377112,462.69209689989566,13.684980294305202,3381.0212872022767,29.677067843982513,-197.20002865872402
12368,1918.329190302381,191.8329190302381,0.0,0.0,462.69209689989566,13.684980294305202,3381.0212872022767,0.0,0.0
12369,1918.329190302381,191.8329190302381,0.0,0.0,462.69209689989566,13.684980294305202,3381.0212872022767,0.0,0.0
12370,1918.329190302381,191.8329190302381,0.0,0.0,462.69209689989566,13.684980294305202,3381.0212872022767,0.0,0.0
12371,1918.329190302381,191.8329190302381,0.0,0.0,462.69209689989566,13.684980294305202,3381.0212872022767,0.0,0.0
12372,1918.329190302381,191.8329190302381,0.0,0.0,462.69209689989566,13.684980294305202,3381.0212872022767,0.0,0.0
12373,1918.329190302381,191.8329190302381,0.0,0.0,462.69209689989566,13.684980294305202,3381.0212872022767,0.0,0.0
12374,1918.329190302381,191.8329190302381,0.0,0.0,462.69209689989566,13.684980294305202,3381.0212872022767,0.0,0.0
12375,1918.329190302381,191.8329190302381,0.0,0.0,462.69209689989566,13.684980294305202,3381.0212872022767,0.0,0.0
12376,1918.329190302381,191.8329190302381,0.0,0.0,462.69209689989566,13.684980294305202,3381.0212872022767,0.0,0.0
12377,1918.329190302381,191.8329190302381,0.0,0.0,462.69209689989566,13.684980294305202,3381.0212872022767,0.0,0.0
12378,1918.329190302381,191.8329190302381,0.0,0.0,462.69209689989566,13.684980294305202,3381.0212872022767,0.0,0.0
12379,1918.329190302381,191.8329190302381,0.0,0.0,462.69209689989566,13.684980294305202,3381.0212872022767,0.0,0.0
12380,1915.4137765258556,191.54137765258557,-2.9154137765253836,-0.09990009990008542,465.60751067642104,13.771209085219969,3381.0212872022767,0.0,0.0
12381,1841.2151658840803,184.12151658840804,-74.1986106417753,-2.5450456205977634,539.8061213181963,15.965771152090985,3381.0212872022767,0.0,-74.1986106417753
12382,1837.7863969184764,183.77863969184762,-3.428768965603922,-0.12067966575621814,543.2348902838003,16.067183378585455,3381.0212872022767,0.0,-77.62737960737923
12383,1863.9822420417977,186.39822420417977,26.195845123321305,0.9231084182998117,517.039045160479,15.292392482637037,3381.0212872022767,0.0,-77.62737960737923
12384,1823.3855254078503,182.338552540785,-40.59671663394738,-1.417491911716784,557.6357617944263,16.493115967804453,3381.0212872022767,0.0,-92.0282511180053
12385,1890.1778778896696,189.01778778896693,66.79235248181931,2.3656830383505856,490.84340931260704,14.517607776399702,3381.0212872022767,0.0,-92.0282511180053
12386,1863.5844043895722,186.35844043895725,-26.59347350009739,-0.9201327608083121,517.4368828127044,15.30415927197171,3381.0212872022767,0.0,-92.0282511180053
12387,1863.5844043895722,186.35844043895725,0.0,0.0,517.4368828127044,15.30415927197171,3381.0212872022767,0.0,0.0
12388,1863.5844043895722,186.35844043895725,0.0,0.0,517.4368828127044,15.30415927197171,3381.0212872022767,0.0,0.0
12389,1863.5844043895722,186.35844043895725,0.0,0.0,517.4368828127044,15.30415927197171,3381.0212872022767,0.0,0.0
12390,1863.5844043895722,186.35844043895725,0.0,0.0,517.4368828127044,15.30415927197171,3381.0212872022767,0.0,0.0
12391,1863.5844043895722,186.35844043895725,0.0,0.0,517.4368828127044,15.30415927197171,3381.0212872022767,0.0,0.0
12392,1863.5844043895722,186.35844043895725,0.0,0.0,517.4368828127044,15.30415927197171,3381.0212872022767,0.0,0.0
12393,1863.5844043895722,186.35844043895725,0.0,0.0,517.4368828127044,15.30415927197171,3381.0212872022767,0.0,0.0
12394,1863.5844043895722,186.35844043895725,0.0,0.0,517.4368828127044,15.30415927197171,3381.0212872022767,0.0,0.0
12395,1860.7236807088639,186.0723680708864,-2.860723680708361,-0.09990009990008542,520.2976064934128,15.388770501470223,3381.0212872022767,0.0,0.0
12396,1861.8106066931527,186.1810606693153,1.0869259842888823,0.037994791025020014,519.2106805091239,15.356622641638548,3381.0212872022767,1.0869259842888823,0.0
12397,1868.8755219360623,186.88755219360624,7.064915242909592,0.246868721025284,512.1457652662143,15.147664618521347,3381.0212872022767,8.151841227198474,0.0
12398,1938.7089097746266,193.87089097746264,69.83338783856425,2.434172807589685,442.31237742765006,13.082212144060595,3381.0212872022767,77.98522906576272,0.0
12399,2079.2332951378608,207.92332951378606,140.52438536323416,4.781840926667735,301.7879920644159,8.92594179181105,3381.0212872022767,218.50961442899688,0.0
12400,2079.2332951378608,207.92332951378606,0.0,0.0,301.7879920644159,8.92594179181105,3381.0212872022767,0.0,0.0
12401,2079.2332951378608,207.92332951378606,0.0,0.0,301.7879920644159,8.92594179181105,3381.0212872022767,0.0,0.0
12402,2079.2332951378608,207.92332951378606,0.0,0.0,301.7879920644159,8.92594179181105,3381.0212872022767,0.0,0.0
12403,2079.2332951378608,207.92332951378606,0.0,0.0,301.7879920644159,8.92594179181105,3381.0212872022767,0.0,0.0
12404,2079.2332951378608,207.92332951378606,0.0,0.0,301.7879920644159,8.92594179181105,3381.0212872022767,0.0,0.0
12405,2079.2332951378608,207.92332951378606,0.0,0.0,301.7879920644159,8.92594179181105,3381.0212872022767,0.0,0.0
12406,2079.2332951378608,207.92332951378606,0.0,0.0,301.7879920644159,8.92594179181105,3381.0212872022767,0.0,0.0
12407,2079.2332951378608,207.92332951378606,0.0,0.0,301.7879920644159,8.92594179181105,3381.0212872022767,0.0,0.0
12408,2079.2332951378608,207.92332951378606,0.0,0.0,301.7879920644159,8.92594179181105,3381.0212872022767,0.0,0.0
12409,2079.2332951378608,207.92332951378606,0.0,0.0,301.7879920644159,8.92594179181105,3381.0212872022767,0.0,0.0
12410,2079.2332951378608,207.92332951378606,0.0,0.0,301.7879920644159,8.92594179181105,3381.0212872022767,0.0,0.0
12411,2079.2332951378608,207.92332951378606,0.0,0.0,301.7879920644159,8.92594179181105,3381.0212872022767,0.0,0.0
12412,2079.2332951378608,207.92332951378606,0.0,0.0,301.7879920644159,8.92594179181105,3381.0212872022767,0.0,0.0
12413,2079.2332951378608,207.92332951378606,0.0,0.0,301.7879920644159,8.92594179181105,3381.0212872022767,0.0,0.0
12414,2079.2332951378608,207.92332951378606,0.0,0.0,301.7879920644159,8.92594179181105,3381.0212872022767,0.0,0.0
12415,2079.2332951378608,207.92332951378606,0.0,0.0,301.7879920644159,8.92594179181105,3381.0212872022767,0.0,0.0
12416,2076.1571379998613,207.6157137999861,-3.0761571379994166,-0.09990009990008542,304.8641492024153,9.016924866944093,3381.0212872022767,0.0,0.0
12417,2101.0816097947654,210.10816097947657,24.924471794904093,0.8102470282487007,279.9396774075112,8.279737204469226,3381.0212872022767,24.924471794904093,0.0
12418,2106.095006000773,210.6095006000773,5.013396206007656,0.1616660519404789,274.92628120150357,8.131456676778253,3381.0212872022767,29.93786800091175,0.0
12419,2199.6330844923423,219.96330844923423,93.5380784915692,3.011436492150432,181.38820270993438,5.364893838335732,3381.0212872022767,123.47594649248094,0.0
12420,2099.7922509326977,209.97922509326975,-99.84083355964458,-3.1203838353698443,281.22903626957896,8.317872393589393,3381.0212872022767,123.47594649248094,0.0
12421,2080.1679423936466,208.01679423936466,-19.62430853905107,-0.6330846376284227,300.85334480863,8.898297858916465,3381.0212872022767,123.47594649248094,0.0
12422,2007.5435313031962,200.75435313031963,-72.6244110904504,-2.3578068614665493,373.4777558990804,11.046300042911747,3381.0212872022767,123.47594649248094,-68.6136066966651
12423,2041.3490387454171,204.1349038745417,33.805507442220915,1.1240238783035261,339.6722484568595,10.046439214759605,3381.0212872022767,123.47594649248094,-68.6136066966651
12424,2035.619162059691,203.5619162059691,-5.72987668572614,-0.18839918117684595,345.40212514258565,10.215910986718411,3381.0212872022767,123.47594649248094,-68.6136066966651
12425,2082.7464415453346,208.27464415453346,47.12727948564361,1.552476676740544,298.27484565694203,8.822033945363241,3381.0212872022767,123.47594649248094,-68.6136066966651
12426,2137.762420503836,213.77624205038362,55.015978958501364,1.7846417148379867,243.25886669844067,7.194833928411383,3381.0212872022767,123.47594649248094,-68.6136066966651
12427,2137.762420503836,213.77624205038362,0.0,0.0,243.25886669844067,7.194833928411383,3381.0212872022767,0.0,0.0
12428,2137.762420503836,213.77624205038362,0.0,0.0,243.25886669844067,7.194833928411383,3381.0212872022767,0.0,0.0
12429,2134.627792711125,213.46277927111254,-3.134627792710944,-0.09990009990009652,246.3934944911516,7.2875463820293485,3381.0212872022767,0.0,0.0
12430,2185.629046119148,218.5629046119148,51.001253408022876,1.6270274106104265,195.39224108312874,5.7790893486154795,3381.0212872022767,51.001253408022876,0.0
12431,2181.294616386306,218.12946163863063,-4.334429732841727,-0.13606197300725098,199.72667081597046,5.90728817863315,3381.0212872022767,51.001253408022876,0.0
12432,2201.088240267771,220.10882402677714,19.79362388146501,0.6221877024376044,179.93304693450546,5.321854896790556,3381.0212872022767,66.46044755664616,0.0
12433,2246.1657803895187,224.61657803895187,45.07754012174746,1.4081942370316236,134.855506812758,3.9886027137187314,3381.0212872022767,111.53798767839362,0.0
12434,2193.268545211904,219.3268545211904,-52.897235177614675,-1.6295296899860534,187.75274199037267,5.553136938269149,3381.0212872022767,111.53798767839362,0.0
12435,2193.268545211904,219.3268545211904,0.0,0.0,187.75274199037267,5.553136938269149,3381.0212872022767,0.0,0.0
12436,2193.268545211904,219.3268545211904,0.0,0.0,187.75274199037267,5.553136938269149,3381.0212872022767,0.0,0.0
12437,2193.268545211904,219.3268545211904,0.0,0.0,187.75274199037267,5.553136938269149,3381.0212872022767,0.0,0.0
12438,2190.0784667451594,219.00784667451597,-3.1900784667445805,-0.09990009990008542,190.94282045711725,5.647489448820312,3381.0212872022767,0.0,0.0
12439,2163.231793601768,216.3231793601768,-26.8466731433914,-0.8415677991389092,217.78949360050865,6.4415297952981785,3381.0212872022767,0.0,-26.8466731433914
12440,1976.703084369628,197.67030843696278,-186.52870923214005,-5.896776505895951,404.3182028326487,11.958463685604695,3381.0212872022767,0.0,-213.37538237553144
12441,2037.3791040527094,203.73791040527095,60.67601968308145,2.038363181120917,343.64218314956724,10.163857425278854,3381.0212872022767,0.0,-213.37538237553144
12442,2065.4670255918886,206.54670255918884,28.087921539179206,0.9247420416405028,315.55426161038804,9.333104846302298,3381.0212872022767,0.0,-213.37538237553144
12443,2050.8801074450494,205.08801074450497,-14.586918146839253,-0.47584651947194523,330.1411797572273,9.764540111204449,3381.0212872022767,0.0,-213.37538237553144
12444,2038.7759228788736,203.87759228788735,-12.104184566175718,-0.39674402598246505,342.245364323403,10.122543907631051,3381.0212872022767,0.0,-213.37538237553144
12445,2132.6609016928373,213.26609016928373,93.8849788139637,3.089565706609232,248.3603855094393,7.345720846228455,3381.0212872022767,0.0,-213.37538237553144
12446,2166.8011523041923,216.68011523041923,34.140250611354986,1.0898163472754518,214.22013489808432,6.335959365560425,3381.0212872022767,0.0,-213.37538237553144
12447,2120.8671476201525,212.08671476201525,-45.93400468403979,-1.4504859154360839,260.1541395821241,7.694543082791299,3381.0212872022767,0.0,-213.37538237553144
12448,2086.1062728109036,208.61062728109036,-34.76087480924889,-1.1138210364307288,294.915014391373,8.722660679708673,3381.0212872022767,0.0,-213.37538237553144
12449,2057.5528239260316,205.75528239260316,-28.55344888487207,-0.925225716833944,323.4684632762451,9.567182096741792,3381.0212872022767,0.0,-213.37538237553144
12450,2076.3299617622765,207.63299617622764,18.777137836244947,0.6141230885468252,304.6913254400001,9.011813282374384,3381.0212872022767,0.0,-213.37538237553144
12451,2083.468205588951,208.3468205588951,7.138243826674625,0.23203765250803254,297.5530816133255,8.800686429855174,3381.0212872022767,0.0,-213.37538237553144
12452,2082.847581391057,208.28475813910566,-0.6206241978943581,-0.02012747194115594,298.17370581121986,8.819042546104532,3381.0212872022767,0.0,-213.37538237553144
12453,2124.4362695334894,212.44362695334894,41.5886881424326,1.3490348466616897,256.58501766878726,7.588979656531708,3381.0212872022767,0.0,-213.37538237553144
12454,2072.915936701141,207.2915936701141,-51.52033283234823,-1.6489481105671833,308.1053505011355,9.112789430441183,3381.0212872022767,0.0,-213.37538237553144
12455,2070.8984936770826,207.08984936770824,-2.0174430240585934,-0.0656523987514035,310.1227935251941,9.17245906433834,3381.0212872022767,0.0,-213.37538237553144
12456,2096.813875340002,209.68138753400024,25.91538166291957,0.8439022558472287,284.2074118622745,8.405963397451725,3381.0212872022767,0.0,-213.37538237553144
12457,2056.665638438489,205.66656384384893,-40.14823690151297,-1.2964368708502039,324.3556487637875,9.593422259467195,3381.0212872022767,0.0,-213.37538237553144
12458,2056.665638438489,205.66656384384893,0.0,0.0,324.3556487637875,9.593422259467195,3381.0212872022767,0.0,0.0
12459,2053.6120264120773,205.3612026412077,-3.0536120264118836,-0.09990009990009652,327.40926079019937,9.683738520946243,3381.0212872022767,0.0,0.0
12460,2091.2671584857417,209.12671584857415,37.65513207366439,1.233134129285851,289.754128716535,8.570017876352987,3381.0212872022767,37.65513207366439,0.0
12461,2202.9979331902227,220.29979331902229,111.73077470448106,3.6144004699746546,178.02335401205391,5.2653721727781395,3381.0212872022767,149.38590677814545,0.0
12462,2207.1647513734497,220.716475137345,4.166818183226951,0.13009119175662054,173.85653582882696,5.142130766431511,3381.0212872022767,153.5527249613724,0.0
12463,2268.7399394545855,226.87399394545852,61.57518808113582,1.9199259425249915,112.28134774769114,3.3209299264898027,3381.0212872022767,215.12791304250823,0.0
12464,2291.2713700409504,229.12713700409503,22.531430586364877,0.6893001891770112,89.74991716132627,2.6545209135785246,3381.0212872022767,237.6593436288731,0.0
12465,2305.3146893963117,230.53146893963117,14.043319355361291,0.42668372724266046,75.70659780596498,2.239163595110357,3381.0212872022767,251.7026629842344,0.0
12466,2333.2475596824142,233.32475596824142,27.93287028610257,0.845089587860226,47.773727519862405,1.4129969456475724,3381.0212872022767,279.63553327033696,0.0
12467,2383.865864459478,238.38658644594778,50.61830477706371,1.5185882197686684,0.0,0.0,3383.865864459478,330.2538380474007,0.0
12468,2419.977660767509,241.9977660767509,36.11179630803099,1.067175761525041,0.0,0.0,3419.977660767509,366.36563435543167,0.0
12469,2457.6327928411733,245.76327928411735,37.65513207366439,1.1010344455061105,0.0,0.0,3457.6327928411733,404.02076642909606,0.0
12470,2456.861124958357,245.6861124958357,-0.7716678828164731,-0.022317809005456546,0.7716678828164731,0.0223178090054608,3457.6327928411733,404.02076642909606,0.0
12471,2420.131900152082,242.01319001520818,-36.72922480627494,-1.0625021798270073,37.500892689091415,1.0845828616252953,3457.6327928411733,404.02076642909606,0.0
12472,2443.8979522549575,244.3897952254958,23.76605210287562,0.6948870042649213,13.734840586215796,0.39723248271629596,3457.6327928411733,404.02076642909606,0.0
12473,2442.3546164893246,244.23546164893244,-1.5433357656329463,-0.044813632315166,15.278176351848742,0.44186810072721755,3457.6327928411733,404.02076642909606,0.0
12474,2441.4287092219356,244.14287092219357,-0.9259072673889932,-0.026897498094868855,16.204083619237736,0.46864674735811573,3457.6327928411733,404.02076642909606,0.0
12475,2463.3427113100565,246.33427113100566,21.914002088120924,0.6367704793476703,0.0,0.0,3463.3427113100565,409.73068489797924,0.0
12476,2414.3993148516256,241.43993148516256,-48.943396458430925,-1.4131837515992562,48.943396458430925,1.4131837515992582,3463.3427113100565,409.73068489797924,0.0
12477,2414.3993148516256,241.43993148516256,0.0,0.0,48.943396458430925,1.4131837515992582,3463.3427113100565,0.0,0.0
12478,2414.3993148516256,241.43993148516256,0.0,0.0,48.943396458430925,1.4131837515992582,3463.3427113100565,0.0,0.0
12479,2414.3993148516256,241.43993148516256,0.0,0.0,48.943396458430925,1.4131837515992582,3463.3427113100565,0.0,0.0
12480,2414.3993148516256,241.43993148516256,0.0,0.0,48.943396458430925,1.4131837515992582,3463.3427113100565,0.0,0.0
12481,2414.3993148516256,241.43993148516256,0.0,0.0,48.943396458430925,1.4131837515992582,3463.3427113100565,0.0,0.0
12482,2414.3993148516256,241.43993148516256,0.0,0.0,48.943396458430925,1.4131837515992582,3463.3427113100565,0.0,0.0
12483,2414.3993148516256,241.43993148516256,0.0,0.0,48.943396458430925,1.4131837515992582,3463.3427113100565,0.0,0.0
12484,2414.3993148516256,241.43993148516256,0.0,0.0,48.943396458430925,1.4131837515992582,3463.3427113100565,0.0,0.0
12485,2414.3993148516256,241.43993148516256,0.0,0.0,48.943396458430925,1.4131837515992582,3463.3427113100565,0.0,0.0
12486,2414.3993148516256,241.43993148516256,0.0,0.0,48.943396458430925,1.4131837515992582,3463.3427113100565,0.0,0.0
12487,2414.3993148516256,241.43993148516256,0.0,0.0,48.943396458430925,1.4131837515992582,3463.3427113100565,0.0,0.0
12488,2414.3993148516256,241.43993148516256,0.0,0.0,48.943396458430925,1.4131837515992582,3463.3427113100565,0.0,0.0
12489,2414.3993148516256,241.43993148516256,0.0,0.0,48.943396458430925,1.4131837515992582,3463.3427113100565,0.0,0.0
12490,2414.3993148516256,241.43993148516256,0.0,0.0,48.943396458430925,1.4131837515992582,3463.3427113100565,0.0,0.0
12491,2414.3993148516256,241.43993148516256,0.0,0.0,48.943396458430925,1.4131837515992582,3463.3427113100565,0.0,0.0
12492,2414.3993148516256,241.43993148516256,0.0,0.0,48.943396458430925,1.4131837515992582,3463.3427113100565,0.0,0.0
12493,2414.3993148516256,241.43993148516256,0.0,0.0,48.943396458430925,1.4131837515992582,3463.3427113100565,0.0,0.0
12494,2414.3993148516256,241.43993148516256,0.0,0.0,48.943396458430925,1.4131837515992582,3463.3427113100565,0.0,0.0
12495,2414.3993148516256,241.43993148516256,0.0,0.0,48.943396458430925,1.4131837515992582,3463.3427113100565,0.0,0.0
12496,2414.3993148516256,241.43993148516256,0.0,0.0,48.943396458430925,1.4131837515992582,3463.3427113100565,0.0,0.0
12497,2414.3993148516256,241.43993148516256,0.0,0.0,48.943396458430925,1.4131837515992582,3463.3427113100565,0.0,0.0
12498,2414.3993148516256,241.43993148516256,0.0,0.0,48.943396458430925,1.4131837515992582,3463.3427113100565,0.0,0.0
12499,2414.3993148516256,241.43993148516256,0.0,0.0,48.943396458430925,1.4131837515992582,3463.3427113100565,0.0,0.0
12500,2410.988326525101,241.09883265251008,-3.4109883265246026,-0.09990009990008542,52.35438478495553,1.511672079519724,3463.3427113100565,0.0,0.0
12501,2403.450405525329,240.3450405525329,-7.5379209997718135,-0.2209893520055184,59.89230578472734,1.7293207971922668,3463.3427113100565,0.0,-7.5379209997718135
12502,2373.613580328254,237.36135803282542,-29.836825197075086,-0.8766640215657762,89.72913098180243,2.5908244855116043,3463.3427113100565,0.0,-37.3747461968469
12503,2380.1234449269696,238.01234449269697,6.509864598715467,0.19296414493570335,83.21926638308696,2.402859702891145,3463.3427113100565,0.0,-37.3747461968469
12504,2380.1234449269696,238.01234449269697,0.0,0.0,83.21926638308696,2.402859702891145,3463.3427113100565,0.0,0.0
12505,2380.1234449269696,238.01234449269697,0.0,0.0,83.21926638308696,2.402859702891145,3463.3427113100565,0.0,0.0
12506,2380.1234449269696,238.01234449269697,0.0,0.0,83.21926638308696,2.402859702891145,3463.3427113100565,0.0,0.0
12507,2380.1234449269696,238.01234449269697,0.0,0.0,83.21926638308696,2.402859702891145,3463.3427113100565,0.0,0.0
12508,2380.1234449269696,238.01234449269697,0.0,0.0,83.21926638308696,2.402859702891145,3463.3427113100565,0.0,0.0
12509,2380.1234449269696,238.01234449269697,0.0,0.0,83.21926638308696,2.402859702891145,3463.3427113100565,0.0,0.0
12510,2380.1234449269696,238.01234449269697,0.0,0.0,83.21926638308696,2.402859702891145,3463.3427113100565,0.0,0.0
12511,2380.1234449269696,238.01234449269697,0.0,0.0,83.21926638308696,2.402859702891145,3463.3427113100565,0.0,0.0
12512,2380.1234449269696,238.01234449269697,0.0,0.0,83.21926638308696,2.402859702891145,3463.3427113100565,0.0,0.0
12513,2380.1234449269696,238.01234449269697,0.0,0.0,83.21926638308696,2.402859702891145,3463.3427113100565,0.0,0.0
12514,2380.1234449269696,238.01234449269697,0.0,0.0,83.21926638308696,2.402859702891145,3463.3427113100565,0.0,0.0
12515,2376.746698228741,237.67466982287408,-3.376746698228544,-0.09990009990009652,86.5960130813155,2.500359343547592,3463.3427113100565,0.0,0.0
12516,2370.1324484276065,237.01324484276066,-6.61424980113452,-0.19587639797216116,93.21026288245002,2.691338127701257,3463.3427113100565,0.0,-6.61424980113452
12517,2367.1402363104867,236.7140236310487,-2.992212117119834,-0.08878618757300893,96.20247499956986,2.777734778755983,3463.3427113100565,0.0,-9.606461918254354
12518,2300.0526394992194,230.00526394992193,-67.0875968112673,-1.9924206330288685,163.29007181083716,4.714811250922104,3463.3427113100565,0.0,-76.69405872952166
12519,2295.9579322653835,229.59579322653835,-4.094707233835834,-0.12408005814286138,167.384779044673,4.833041168523499,3463.3427113100565,0.0,-80.78876596335749
12520,2292.020861648062,229.20208616480616,-3.9370706173217513,-0.11945148264121963,171.32184966199475,4.946719511832253,3463.3427113100565,0.0,-84.72583658067924
12521,2272.3355085614517,227.23355085614517,-19.68535308661012,-0.5979716992666639,191.00720274860487,5.515111228376062,3463.3427113100565,0.0,-104.41118966728936
12522,2344.4626711067567,234.44626711067568,72.12716254530505,2.2041493714992866,118.88004020329981,3.432523146354518,3463.3427113100565,0.0,-104.41118966728936
12523,2300.840101682628,230.08401016826275,-43.62256942412887,-1.3043222099917484,162.50260962742868,4.6920741945852615,3463.3427113100565,0.0,-104.41118966728936
12524,2346.5100247236746,234.65100247236745,45.669923041046786,1.3835848339871504,116.8326865863819,3.3734081875538195,3463.3427113100565,0.0,-104.41118966728936
12525,2411.7079045345376,241.17079045345378,65.19787981086301,1.948235006893384,51.63480677551888,1.4908950998957684,3463.3427113100565,34.96120630579662,-104.41118966728936
12526,2365.4079156268763,236.54079156268764,-46.29998890766137,-1.357091234162322,97.93479568318025,2.827753527346853,3463.3427113100565,34.96120630579662,-104.41118966728936
12527,2199.1060911991513,219.91060911991514,-166.30182442772502,-4.941505713334838,264.2366201109053,7.629525638568819,3463.3427113100565,34.96120630579662,-177.64060702958977
12528,2271.7056829945573,227.1705682994557,72.59959179540601,2.2693711845046316,191.63702831549926,5.533296710420261,3463.3427113100565,34.96120630579662,-177.64060702958977
12529,2349.974666090896,234.99746660908957,78.26898309633862,2.392299023202482,113.36804521916065,3.273370690372067,3463.3427113100565,34.96120630579662,-177.64060702958977
12530,2436.9052526052865,243.69052526052863,86.9305865143906,2.594962505069631,26.43745870477005,0.7633509273695217,3463.3427113100565,60.15855437654545,-177.64060702958977
12531,2405.566083983504,240.5566083983504,-31.33916862178239,-0.9118426700307269,57.77662732655244,1.6682330379224193,3463.3427113100565,60.15855437654545,-177.64060702958977
12532,2385.4083016467935,238.54083016467933,-20.157782336710625,-0.5919069499638607,77.93440966326307,2.250265600593229,3463.3427113100565,60.15855437654545,-177.64060702958977
12533,2457.5354641920985,245.75354641920987,72.12716254530505,2.130530681047227,5.807247117958013,0.16767751857168486,3463.3427113100565,80.78876596335749,-177.64060702958977
12534,2496.906170365318,249.6906170365318,39.37070617321933,1.1386927648598721,0.0,0.0,3496.906170365318,120.15947213657682,-177.64060702958977
12535,2494.071354564992,249.4071354564992,-2.8348158003259414,-0.08106639590017561,2.8348158003259414,0.08106639590017342,3496.906170365318,120.15947213657682,-177.64060702958977
12536,2465.094572493435,246.5094572493435,-28.976782071556954,-0.829312831110296,31.811597871882896,0.909706932987555,3496.906170365318,120.15947213657682,-177.64060702958977
12537,2475.3308599785837,247.53308599785834,10.23628748514875,0.29541148938347916,21.575310386734145,0.6169828224038449,3496.906170365318,120.15947213657682,-177.64060702958977
12538,2608.561435400636,260.8561435400636,133.23057542205242,3.833608389817411,0.0,0.0,3608.561435400636,231.8147371718951,-177.64060702958977
12539,2607.7739732172276,260.7773973217228,-0.7874621834084792,-0.02182205284586569,0.7874621834084792,0.02182205284586078,3608.561435400636,231.8147371718951,-177.64060702958977
12540,2599.4274027324827,259.94274027324826,-8.346570484744916,-0.2313495952547706,9.134032668153395,0.25312116286969355,3608.561435400636,231.8147371718951,-177.64060702958977
12541,2580.686908146075,258.06869081460746,-18.74049458640775,-0.520652106281716,27.874527254561144,0.7724553884854786,3608.561435400636,231.8147371718951,-177.64060702958977
12542,2717.067092002041,271.7067092002041,136.38018385596615,3.808771538938549,0.0,0.0,3717.067092002041,340.3203937733001,-177.64060702958977
12543,2689.980026930888,268.9980026930888,-27.08706507115312,-0.7287214462562641,27.08706507115312,0.7287214462562691,3717.067092002041,340.3203937733001,-177.64060702958977
12544,2681.161027196042,268.1161027196042,-8.818999734845875,-0.23899857642809552,35.906064805998994,0.9659783888016857,3717.067092002041,340.3203937733001,-177.64060702958977
12545,2721.476591869464,272.1476591869464,40.315564673421704,1.0951861213235325,0.0,0.0,3721.476591869464,344.7298936407228,-177.64060702958977
12546,2681.098281815177,268.1098281815177,-40.378310054286885,-1.085007766608126,40.378310054286885,1.0850077666081208,3721.476591869464,344.7298936407228,-177.64060702958977
12547,2681.098281815177,268.1098281815177,0.0,0.0,40.378310054286885,1.0850077666081208,3721.476591869464,0.0,0.0
12548,2681.098281815177,268.1098281815177,0.0,0.0,40.378310054286885,1.0850077666081208,3721.476591869464,0.0,0.0
12549,2681.098281815177,268.1098281815177,0.0,0.0,40.378310054286885,1.0850077666081208,3721.476591869464,0.0,0.0
12550,2681.098281815177,268.1098281815177,0.0,0.0,40.378310054286885,1.0850077666081208,3721.476591869464,0.0,0.0
12551,2681.098281815177,268.1098281815177,0.0,0.0,40.378310054286885,1.0850077666081208,3721.476591869464,0.0,0.0
12552,2681.098281815177,268.1098281815177,0.0,0.0,40.378310054286885,1.0850077666081208,3721.476591869464,0.0,0.0
12553,2681.098281815177,268.1098281815177,0.0,0.0,40.378310054286885,1.0850077666081208,3721.476591869464,0.0,0.0
12554,2681.098281815177,268.1098281815177,0.0,0.0,40.378310054286885,1.0850077666081208,3721.476591869464,0.0,0.0
12555,2681.098281815177,268.1098281815177,0.0,0.0,40.378310054286885,1.0850077666081208,3721.476591869464,0.0,0.0
12556,2681.098281815177,268.1098281815177,0.0,0.0,40.378310054286885,1.0850077666081208,3721.476591869464,0.0,0.0
12557,2681.098281815177,268.1098281815177,0.0,0.0,40.378310054286885,1.0850077666081208,3721.476591869464,0.0,0.0
12558,2681.098281815177,268.1098281815177,0.0,0.0,40.378310054286885,1.0850077666081208,3721.476591869464,0.0,0.0
12559,2681.098281815177,268.1098281815177,0.0,0.0,40.378310054286885,1.0850077666081208,3721.476591869464,0.0,0.0
12560,2681.098281815177,268.1098281815177,0.0,0.0,40.378310054286885,1.0850077666081208,3721.476591869464,0.0,0.0
12561,2681.098281815177,268.1098281815177,0.0,0.0,40.378310054286885,1.0850077666081208,3721.476591869464,0.0,0.0
12562,2681.098281815177,268.1098281815177,0.0,0.0,40.378310054286885,1.0850077666081208,3721.476591869464,0.0,0.0
12563,2681.098281815177,268.1098281815177,0.0,0.0,40.378310054286885,1.0850077666081208,3721.476591869464,0.0,0.0
12564,2681.098281815177,268.1098281815177,0.0,0.0,40.378310054286885,1.0850077666081208,3721.476591869464,0.0,0.0
12565,2681.098281815177,268.1098281815177,0.0,0.0,40.378310054286885,1.0850077666081208,3721.476591869464,0.0,0.0
12566,2681.098281815177,268.1098281815177,0.0,0.0,40.378310054286885,1.0850077666081208,3721.476591869464,0.0,0.0
12567,2681.098281815177,268.1098281815177,0.0,0.0,40.378310054286885,1.0850077666081208,3721.476591869464,0.0,0.0
12568,2677.420860954223,267.7420860954223,-3.6774208609540437,-0.09990009990009652,44.05573091524093,1.1838239426654507,3721.476591869464,0.0,0.0
12569,2686.2808196029473,268.6280819602947,8.859958648724387,0.24092860142272965,35.19577226651654,0.945747511711101,3721.476591869464,8.859958648724387,0.0
12570,2761.263373936012,276.1263373936012,74.98255433306485,2.034097726204731,0.0,0.0,3761.263373936012,83.84251298178924,0.0
12571,2696.125440642963,269.6125440642963,-65.13793329304917,-1.7318099483388472,65.13793329304917,1.7318099483388454,3761.263373936012,83.84251298178924,0.0
12572,2736.6520716950854,273.6652071695085,40.52663105212241,1.0964625444387588,24.61130224092676,0.6543360513244787,3761.263373936012,83.84251298178924,0.0
12573,2768.8106997554596,276.881069975546,32.15862806037421,0.8606267707923276,0.0,0.0,3768.8106997554596,91.38983880123669,0.0
12574,2715.6504471448898,271.565044714489,-53.16025261056984,-1.4105312483330357,53.16025261056984,1.4105312483330392,3768.8106997554596,91.38983880123669,0.0
12575,2777.1787027472074,277.7178702747207,61.528255602317586,1.655921526461035,0.0,0.0,3777.1787027472074,99.75784179298444,0.0
12576,2745.208765092733,274.5208765092733,-31.969937654474506,-0.8463972761262872,31.969937654474506,0.846397276126285,3777.1787027472074,99.75784179298444,0.0
12577,2741.467297794939,274.1467297794939,-3.741467297793861,-0.09990009990007431,35.71140495226837,0.9454518243019544,3777.1787027472074,0.0,0.0
12578,2789.4223189641925,278.94223189641923,47.95502116925354,1.2817169669641748,0.0,0.0,3789.4223189641925,47.95502116925354,0.0
12579,2752.3957840855032,275.2395784085503,-37.02653487868929,-0.9771023592010208,37.02653487868929,0.9771023592010243,3789.4223189641925,47.95502116925354,0.0
12580,2872.446359589892,287.2446359589892,120.05057550438869,3.1993047218937365,0.0,0.0,3872.446359589892,130.97906179495294,0.0
12581,2921.216742554857,292.1216742554857,48.77038296496494,1.2594204912403262,0.0,0.0,3921.216742554857,179.74944475991788,0.0
12582,2986.7879091876794,298.67879091876796,65.5711666328225,1.6722147980552604,0.0,0.0,3986.7879091876794,245.32061139274037,0.0
12583,3027.7289771319815,302.7728977131981,40.941067944302176,1.0269186341704373,0.0,0.0,4027.7289771319815,286.26167933704255,0.0
12584,3049.0968819693453,304.9096881969345,21.367904837363767,0.5305199272017447,0.0,0.0,4049.0968819693453,307.6295841744063,0.0
12585,3058.3941468896132,305.8394146889613,9.297264920267935,0.22961329874986447,0.0,0.0,4058.3941468896132,316.92684909467425,0.0
12586,3002.446788118442,300.24467881184415,-55.947358771171366,-1.3785590247327284,55.947358771171366,1.378559024732723,4058.3941468896132,316.92684909467425,0.0
12587,2929.2093290462117,292.92093290462117,-73.2374590722302,-1.829817183070137,129.18481784340156,3.18315109788954,4058.3941468896132,316.92684909467425,0.0
12588,2824.817632472585,282.48176324725847,-104.39169657362663,-2.656811786583202,233.5765144170282,5.755392550919264,4058.3941468896132,316.92684909467425,0.0
12589,2888.7575777351108,288.8757577735111,63.939945262525725,1.6717122594206213,169.63656915450247,4.179893894350141,4058.3941468896132,316.92684909467425,0.0
12590,2895.6082594893705,289.56082594893707,6.850681754259767,0.1761663363508026,162.7858874002427,4.011091123936376,4058.3941468896132,316.92684909467425,0.0
12591,2930.3512337833067,293.0351233783307,34.742974293936186,0.8918497954537807,128.04291310630651,3.155014236466896,4058.3941468896132,316.92684909467425,0.0
12592,2924.80523045796,292.480523045796,-5.546003325346646,-0.1411070664035341,133.58891643165316,3.2916693548367357,4058.3941468896132,316.92684909467425,0.0
12593,2961.5054712847027,296.1505471284703,36.70024082674263,0.9350843843647372,96.88867560491053,2.387364856594001,4058.3941468896132,316.92684909467425,0.0
12594,2987.277225820881,298.7277225820881,25.771754536178378,0.6505545612138341,71.11692106873215,1.7523414063475513,4058.3941468896132,316.92684909467425,0.0
12595,2955.6334227968464,295.56334227968466,-31.643803024034696,-0.7936193354982968,102.76072409276685,2.5320538216211332,4058.3941468896132,316.92684909467425,0.0
12596,3057.089219571263,305.7089219571263,101.45579677441674,2.5648432483584838,1.30492731835011,0.03215378475129669,4058.3941468896132,316.92684909467425,0.0
12597,3083.8396073738445,308.3839607373845,26.750387802581372,0.6593492613753416,0.0,0.0,4083.8396073738445,342.3723095789055,0.0
12598,3207.8049648332835,320.78049648332836,123.96535745943902,3.0355099459735246,0.0,0.0,4207.8049648332835,466.33766703834453,0.0
12599,3235.3709633210137,323.5370963321014,27.565998487730212,0.655115879136825,0.0,0.0,4235.370963321014,493.90366552607475,0.0
12600,3198.8339939649622,319.88339939649626,-36.536969356051486,-0.8626627908739914,36.536969356051486,0.8626627908739861,4235.370963321014,493.90366552607475,0.0
12601,3148.595163321519,314.85951633215194,-50.23883064344318,-1.1964948058354352,86.77579999949467,2.048835881224736,4235.370963321014,493.90366552607475,0.0
12602,3097.3779483011085,309.73779483011083,-51.21721502041055,-1.234567679035814,137.99301501990522,3.2581092946744614,4235.370963321014,493.90366552607475,0.0
12603,3065.7341452770743,306.57341452770737,-31.64380302403424,-0.7722939749103319,169.63681804393946,4.005241087806033,4235.370963321014,493.90366552607475,0.0
12604,3099.4984863046075,309.9498486304608,33.76434102753319,0.8304611128289174,135.87247701640626,3.208041944686393,4235.370963321014,493.90366552607475,0.0
12605,3161.8072101968364,316.18072101968363,62.308723892228954,1.5199108891096547,73.56375312417731,1.7368904344212375,4235.370963321014,493.90366552607475,0.0
12606,3113.6891664463274,311.3689166446328,-48.11804375050906,-1.156181469257278,121.68179687468637,2.8729902983344338,4235.370963321014,493.90366552607475,0.0
12607,3139.950237615708,313.99502376157085,26.261071169380557,0.6383824860560994,95.42072570530581,2.2529484791689907,4235.370963321014,493.90366552607475,0.0
12608,3117.7669709826323,311.77669709826324,-22.18326663307562,-0.5358341371236253,117.60399233838143,2.7767105492494215,4235.370963321014,493.90366552607475,0.0
12609,3114.994093764678,311.4994093764678,-2.772877217954374,-0.06733934284028908,120.3768695563358,2.842180073453273,4235.370963321014,493.90366552607475,0.0
12610,3012.722686305113,301.27226863051123,-102.27140745956513,-2.485335461709015,222.64827701590093,5.256877825911128,4235.370963321014,493.90366552607475,0.0
12611,2984.0150319697245,298.40150319697244,-28.70765433538827,-0.7154158555078727,251.3559313512892,5.934685143947757,4235.370963321014,493.90366552607475,0.0
12612,3015.985129045706,301.5985129045706,31.970097075981357,0.8024592482567705,219.38583427530784,5.179849325483507,4235.370963321014,493.90366552607475,0.0
12613,3025.1193713847188,302.51193713847186,9.134242339012872,0.22744711560183095,210.25159193629497,4.964183627765011,4235.370963321014,493.90366552607475,0.0
12614,3026.424298703069,302.6424298703069,1.30492731835011,0.032419593009525016,208.94666461794486,4.933373402883861,4235.370963321014,493.90366552607475,0.0
12615,3056.2736088861147,305.62736088861146,29.849310183045873,0.7413354373174252,179.097354434899,4.228610810857196,4235.370963321014,493.90366552607475,0.0
12616,3033.601025619838,303.3601025619838,-22.672583266276888,-0.5589510336927894,201.76993770117588,4.763925980711859,4235.370963321014,493.90366552607475,0.0
12617,3060.1883908411646,306.0188390841165,26.587365221326763,0.6591471256689685,175.1825724798491,4.13618013621376,4235.370963321014,493.90366552607475,0.0
12618,3079.4357576750303,307.94357576750303,19.247366833865726,0.47405107795694956,155.9352056459834,3.681736664778766,4235.370963321014,493.90366552607475,0.0
12619,3049.9122437650567,304.99122437650567,-29.523513909973644,-0.7237156230350816,185.45871955595703,4.37880698437183,4235.370963321014,493.90366552607475,0.0
12620,3028.8708818690766,302.8870881869077,-21.041361895980117,-0.5195510576401663,206.50008145193715,4.875607904012676,4235.370963321014,493.90366552607475,0.0
12621,3030.1758091874267,303.01758091874274,1.30492731835011,0.03238940528529355,205.19515413358704,4.844797679131526,4235.370963321014,493.90366552607475,0.0
12622,3027.7289771319815,302.7728977131981,-2.4468320554451566,-0.060712787017058734,207.6419861890322,4.90256905445225,4235.370963321014,493.90366552607475,0.0
12623,2917.302209489244,291.7302209489244,-110.42676764273756,-2.7416633112531064,318.06875383176975,7.509820428630591,4235.370963321014,493.90366552607475,0.0
12624,2874.8929427559,287.48929427559,-42.409266733343884,-1.0826141172006642,360.47802056511364,8.511132169694477,4235.370963321014,493.90366552607475,0.0
12625,2927.088791042713,292.7088791042713,52.19584828681309,1.347026848429267,308.28217227830055,7.27875255669629,4235.370963321014,493.90366552607475,0.0
12626,2855.3195307595247,285.53195307595246,-71.76926028318849,-1.8275436105974152,380.05143256148904,8.973273790012607,4235.370963321014,493.90366552607475,0.0
12627,2869.836504953192,286.9836504953192,14.516974193667465,0.37654399532500715,365.53445836782157,8.630518118327961,4235.370963321014,493.90366552607475,0.0
12628,2779.961782573233,277.9961782573233,-89.87472237995917,-2.3224423632606683,455.40918074778074,10.752521672639698,4235.370963321014,493.90366552607475,0.0
12629,2867.0636277352373,286.7063627735237,87.10184516200434,2.3043049155568207,368.3073355857764,8.695987642531824,4235.370963321014,493.90366552607475,0.0
12630,2899.686064025675,289.9686064025675,32.62243629043769,0.8435970915105617,335.6848992953387,7.9257496498517686,4235.370963321014,493.90366552607475,0.0
12631,2811.279291545321,281.1279291545321,-88.406772480354,-2.2670228071920984,424.0916717756927,10.013093904840781,4235.370963321014,493.90366552607475,0.0
12632,2812.7472414449257,281.27472414449255,1.4679498996047187,0.03851593618082738,422.623721876088,9.978434605518068,4235.370963321014,493.90366552607475,0.0
12633,2823.1864111022883,282.31864111022884,10.439169657362527,0.27379653033088314,412.18455221872546,9.731958682918433,4235.370963321014,493.90366552607475,0.0
12634,2862.7077367909337,286.2707736790934,39.52132568864545,1.0337274053359824,372.66322653008,8.798833201563754,4235.370963321014,493.90366552607475,0.0
12635,2862.7077367909337,286.2707736790934,0.0,0.0,372.66322653008,8.798833201563754,4235.370963321014,0.0,0.0
12636,2858.848887903031,285.88488879030314,-3.8588488879026954,-0.09990009990009652,376.5220754179827,8.889943258305442,4235.370963321014,0.0,0.0
12637,2864.600028194269,286.4600028194269,5.751140291237789,0.14903771716137104,370.7709351267449,8.754154909633186,4235.370963321014,5.751140291237789,0.0
12638,2944.1572657524825,294.41572657524824,79.55723755821373,2.058615043673395,291.2136975685312,6.8757542158759675,4235.370963321014,85.30837784945152,0.0
12639,2940.1634250992533,294.0163425099253,-3.9938406532291992,-0.10125967054884777,295.2075382217604,6.970051520358066,4235.370963321014,85.30837784945152,0.0
12640,2782.007432737251,278.2007432737251,-158.1559923620025,-4.013944989046192,453.3635305837629,10.704222475668914,4235.370963321014,85.30837784945152,-76.84145516578019
12641,2670.019984811302,267.0019984811302,-111.9874479259488,-2.9610583775319888,565.3509785097117,13.348322576835445,4235.370963321014,85.30837784945152,-188.828903091729
12642,2653.7252904567026,265.37252904567026,-16.294694354599415,-0.44399470362658233,581.6456728643111,13.733051435197888,4235.370963321014,85.30837784945152,-205.1235974463284
12643,2728.010629100891,272.8010629100891,74.28533864418841,2.033139679061713,507.3603342201227,11.979123874011128,4235.370963321014,85.30837784945152,-205.1235974463284
12644,2768.2686111395547,276.82686111395543,40.25798203866361,1.079878413554125,467.1023521814591,11.028605433305366,4235.370963321014,85.30837784945152,-205.1235974463284
12645,2801.017909484284,280.1017909484284,32.74929834472914,0.8690807828273472,434.35305383672994,10.255372140912721,4235.370963321014,85.30837784945152,-205.1235974463284
12646,2816.673940355518,281.6673940355518,15.65603087123418,0.4118904789206512,418.69702296549576,9.885722563418378,4235.370963321014,85.30837784945152,-205.1235974463284
12647,2833.1285443456472,283.3128544345647,16.45460399012927,0.43112417375104073,402.2424189753665,9.49721812938819,4235.370963321014,85.30837784945152,-205.1235974463284
12648,2843.672342173698,284.3672342173698,10.543797828050629,0.27507029065341193,391.69862114731586,9.248271864247268,4235.370963321014,85.30837784945152,-205.1235974463284
12649,2869.871927108294,286.9871927108294,26.19958493459626,0.6816289892124239,365.4990362127196,8.629681777062727,4235.370963321014,85.30837784945152,-205.1235974463284
12650,2830.412761953214,283.0412761953214,-39.45916515507997,-1.0196504147506835,404.9582013677996,9.561339605781926,4235.370963321014,85.30837784945152,-205.1235974463284
12651,3135.8618608721745,313.58618608721747,305.4490989189603,7.9743128978926325,99.50910244883926,2.3494778452844844,4235.370963321014,277.01297296914345,-205.1235974463284
12652,3201.6802768326925,320.16802768326926,65.818415960518,1.5914075028279129,33.69068648832126,0.7954601091637065,4235.370963321014,342.83138892966144,-205.1235974463284
12653,3139.535882254344,313.9535882254344,-62.14439457834851,-1.4790367301624863,95.83508106666977,2.2627316921378746,4235.370963321014,342.83138892966144,-205.1235974463284
12654,3119.2473472465153,311.92473472465156,-20.288535007828614,-0.4901161769077289,116.12361607449839,2.7417578549824175,4235.370963321014,342.83138892966144,-205.1235974463284
12655,3059.8189788252894,305.9818978825289,-59.42836842122597,-1.4426996830124938,175.55198449572435,4.144902206112108,4235.370963321014,342.83138892966144,-205.1235974463284
12656,3144.008964284786,314.4008964284786,84.18998545949671,2.07373742274235,91.36199903622764,2.1571191715539695,4235.370963321014,342.83138892966144,-205.1235974463284
12657,3144.1688739203155,314.4168873920315,0.1599096355294023,0.0038588149038121244,91.20208940069824,2.153343595886236,4235.370963321014,342.83138892966144,-205.1235974463284
12658,3192.734112771809,319.2734112771809,48.56523885149363,1.171893335648555,42.63685054920461,1.0066851503314944,4235.370963321014,342.83138892966144,-205.1235974463284
12659,3186.822819080353,318.6822819080353,-5.911293691456194,-0.14098899506767015,48.548144240660804,1.1462548301222124,4235.370963321014,342.83138892966144,-205.1235974463284
12660,3191.4558107463245,319.14558107463245,4.632991665971531,0.11065650174777453,43.91515257468927,1.0368667338705742,4235.370963321014,342.83138892966144,-205.1235974463284
12661,3132.5066837023105,313.250668370231,-58.94912704401395,-1.4064117506112361,102.86427961870322,2.42869586889848,4235.370963321014,342.83138892966144,-205.1235974463284
12662,3162.367749788452,316.2367749788451,29.861066086141363,0.7225896621996242,73.00321353256186,1.7236557119737868,4235.370963321014,342.83138892966144,-205.1235974463284
12663,3162.367749788452,316.2367749788451,0.0,0.0,73.00321353256186,1.7236557119737868,4235.370963321014,0.0,0.0
12664,3158.2095402482046,315.8209540248205,-4.158209540247299,-0.09990009990007431,77.16142307280916,1.82183387809567,4235.370963321014,0.0,0.0
12665,3148.6776094284605,314.8677609428461,-9.531930819744048,-0.22923161345003162,86.6933538925532,2.0468892723525625,4235.370963321014,0.0,-9.531930819744048
12666,3136.398956082632,313.63989560826326,-12.278653345828388,-0.2959654738638462,98.9720072383816,2.3367966606820256,4235.370963321014,0.0,-21.810584165572436
12667,3136.5606730075215,313.6560673007521,0.1617169248893333,0.003909606558893941,98.81029031349226,2.3329784136786387,4235.370963321014,0.0,-21.810584165572436
12668,3164.5100908066024,316.45100908066024,27.949417799080948,0.6756680249237146,70.86087251441131,1.6730735779245252,4235.370963321014,6.300550558397845,-21.810584165572436
12669,3113.134398711276,311.3134398711276,-51.375692095326485,-1.2336551232938864,122.2365646097378,2.886088743307868,4235.370963321014,6.300550558397845,-45.07514153692864
12670,3160.632828924512,316.0632828924512,47.498430213236134,1.1547988859327951,74.73813439650166,1.7646183780298301,4235.370963321014,6.300550558397845,-45.07514153692864
12671,3220.8945702188366,322.0894570218837,60.261741294324565,1.4483792195117084,14.476393102177099,0.341797524409195,4235.370963321014,62.68502997063206,-45.07514153692864
12672,3214.431809696145,321.4431809696145,-6.462760522691497,-0.15311352641429465,20.939153624868595,0.4943877125806687,4235.370963321014,62.68502997063206,-45.07514153692864
12673,3221.5404518395817,322.1540451839582,7.108642143436555,0.16867379671636762,13.83051148143204,0.32654781838961616,4235.370963321014,63.33091159137712,-45.07514153692864
12674,3175.819428681908,317.5819428681908,-45.7210231576737,-1.0830412187037175,59.55153463910574,1.4060523896213932,4235.370963321014,63.33091159137712,-45.07514153692864
12675,3120.319046576812,312.0319046576812,-55.50038210509592,-1.3290896087097992,115.05191674420166,2.7164543021277137,4235.370963321014,63.33091159137712,-45.07514153692864
12676,3120.319046576812,312.0319046576812,0.0,0.0,115.05191674420166,2.7164543021277137,4235.370963321014,0.0,0.0
12677,3120.319046576812,312.0319046576812,0.0,0.0,115.05191674420166,2.7164543021277137,4235.370963321014,0.0,0.0
12678,3120.319046576812,312.0319046576812,0.0,0.0,115.05191674420166,2.7164543021277137,4235.370963321014,0.0,0.0
12679,3120.319046576812,312.0319046576812,0.0,0.0,115.05191674420166,2.7164543021277137,4235.370963321014,0.0,0.0
12680,3120.319046576812,312.0319046576812,0.0,0.0,115.05191674420166,2.7164543021277137,4235.370963321014,0.0,0.0
12681,3120.319046576812,312.0319046576812,0.0,0.0,115.05191674420166,2.7164543021277137,4235.370963321014,0.0,0.0
12682,3120.319046576812,312.0319046576812,0.0,0.0,115.05191674420166,2.7164543021277137,4235.370963321014,0.0,0.0
12683,3120.319046576812,312.0319046576812,0.0,0.0,115.05191674420166,2.7164543021277137,4235.370963321014,0.0,0.0
12684,3120.319046576812,312.0319046576812,0.0,0.0,115.05191674420166,2.7164543021277137,4235.370963321014,0.0,0.0
12685,3120.319046576812,312.0319046576812,0.0,0.0,115.05191674420166,2.7164543021277137,4235.370963321014,0.0,0.0
12686,3120.319046576812,312.0319046576812,0.0,0.0,115.05191674420166,2.7164543021277137,4235.370963321014,0.0,0.0
12687,3120.319046576812,312.0319046576812,0.0,0.0,115.05191674420166,2.7164543021277137,4235.370963321014,0.0,0.0
12688,3116.202843733079,311.6202843733079,-4.116202843732935,-0.09990009990009652,119.1681195879346,2.813640661466244,4235.370963321014,0.0,0.0
12689,3088.3732919722047,308.83732919722047,-27.829551760874438,-0.6760976758772963,146.99767134880904,3.4707153782238267,4235.370963321014,0.0,-27.829551760874438
12690,3125.830093860548,312.5830093860548,37.45680188834331,0.9161786171016262,109.54086946046573,2.5863347132779415,4235.370963321014,9.62725012746887,-27.829551760874438
12691,3119.813005146575,311.9813005146575,-6.017088713972953,-0.14583946932101854,115.55795817443868,2.7284022857782464,4235.370963321014,9.62725012746887,-27.829551760874438
12692,3107.0264047078554,310.7026404707855,-12.786600438719688,-0.3103684663052997,128.34455861315837,3.0303026517545373,4235.370963321014,9.62725012746887,-27.829551760874438
12693,3104.920630241463,310.4920630241463,-2.1057744663921767,-0.05127248424744435,130.45033307955055,3.0800214245522097,4235.370963321014,9.62725012746887,-27.829551760874438
12694,3114.8490332030187,311.48490332030184,9.928402961555548,0.24186589354278087,120.521930117995,2.8456050523492293,4235.370963321014,9.62725012746887,-27.829551760874438
12695,3116.0522673160367,311.6052267316037,1.2032341130179702,0.02924126993018028,119.31869600497703,2.8171958734735614,4235.370963321014,9.62725012746887,-27.829551760874438
12696,3178.781576322176,317.87815763221766,62.729309006139374,1.5240163373105853,56.589386998837654,1.336114061528748,4235.370963321014,62.578732589096944,-27.829551760874438
12697,3259.862845229879,325.9862845229879,81.0812689077029,1.940308853832562,0.0,0.0,4259.862845229879,143.66000149679985,-27.829551760874438
12698,3260.0134216469223,326.00134216469223,0.15057641704333946,0.0035347714824274235,0.0,0.0,4260.013421646922,143.8105779138432,-27.829551760874438
12699,3316.725182864646,331.6725182864646,56.711761217723506,1.3312578061267955,0.0,0.0,4316.725182864646,200.5223391315667,-27.829551760874438
12700,3335.2281782576956,333.52281782576955,18.502995393049787,0.42863500939318566,0.0,0.0,4335.228178257696,219.02533452461648,-27.829551760874438
12701,3315.220795917542,331.52207959175416,-20.007382340153526,-0.4615070191805737,20.007382340153526,0.46150701918057707,4335.228178257696,219.02533452461648,-27.829551760874438
12702,3267.8355910676437,326.78355910676436,-47.3852048498984,-1.0980945608791925,67.39258719005193,1.5545337965840738,4335.228178257696,219.02533452461648,-27.829551760874438
12703,3230.2282127622566,323.0228212762257,-37.6073783053871,-0.8811815146791857,104.99996549543903,2.4220170468083166,4335.228178257696,219.02533452461648,-27.829551760874438
12704,3223.0078899352657,322.30078899352657,-7.220322826990923,-0.17068400246605941,112.22028832242995,2.58856705363847,4335.228178257696,219.02533452461648,-27.829551760874438
12705,3293.1080981854393,329.31080981854393,70.10020825017364,1.6599592062625401,42.120080072256314,0.9715770044930863,4335.228178257696,219.02533452461648,-27.829551760874438
12706,3380.507608641202,338.0507608641202,87.39951045576254,2.0358096851254226,0.0,0.0,4380.507608641202,264.3047649081227,-27.829551760874438
12707,3403.974575977808,340.3974575977808,23.466967336606103,0.5357134248623163,0.0,0.0,4403.974575977808,287.7717322447288,-27.829551760874438
12708,3371.331169615978,337.1331169615978,-32.643406361829875,-0.7412260402203219,32.643406361829875,0.7412260402203187,4403.974575977808,287.7717322447288,-27.829551760874438
12709,3406.9828907975734,340.6982890797574,35.65172118159535,0.8155804215750351,0.0,0.0,4406.982890797573,290.7800470644943,-27.829551760874438
12710,3434.0604786221174,343.4060478622118,27.077587824544025,0.6144246187359981,0.0,0.0,4434.060478622117,317.8576348890383,-27.829551760874438
12711,3439.0244505656738,343.90244505656733,4.9639719435563165,0.11195093002203116,0.0,0.0,4439.024450565674,322.8216068325946,-27.829551760874438
12712,3427.2909668973707,342.72909668973705,-11.733483668303052,-0.26432572739732985,11.733483668303052,0.26432572739733007,4439.024450565674,322.8216068325946,-27.829551760874438
12713,3102.81439670063,310.28143967006304,-324.4765701967408,-7.329009378937046,336.21005386504385,7.57396264898248,4439.024450565674,322.8216068325946,-27.829551760874438
12714,3145.0850531899287,314.5085053189929,42.270656489298744,1.0302843951042862,293.9393973757451,6.621711609141685,4439.024450565674,322.8216068325946,-27.829551760874438
12715,3130.9446422211477,313.09446422211477,-14.140410968780998,-0.3411368111228219,308.0798083445261,6.940259324439333,4439.024450565674,322.8216068325946,-27.829551760874438
12716,3108.6813680720024,310.8681368072002,-22.263274149145218,-0.538939058190202,330.3430824936713,7.441794614390444,4439.024450565674,322.8216068325946,-27.829551760874438
12717,3046.5539056595926,304.6553905659593,-62.12746241240984,-1.5121022256725403,392.47054490608116,8.84136929806881,4439.024450565674,322.8216068325946,-69.64893807348653
12718,3058.5880830875394,305.85880830875396,12.034177427946815,0.29739323158690656,380.43636747813434,8.570269700353972,4439.024450565674,322.8216068325946,-69.64893807348653
12719,3093.0365701561173,309.30365701561175,34.44848706857783,0.8487800772915888,345.9878804095565,7.79423236484914,4439.024450565674,322.8216068325946,-69.64893807348653
12720,3098.30169493376,309.83016949337593,5.265124777642541,0.12863615282678875,340.72275563191397,7.675622412678871,4439.024450565674,322.8216068325946,-69.64893807348653
12721,3136.81161359252,313.6811613592521,38.5099186587604,0.9396555335680956,302.21283697315357,6.8080912898473,4439.024450565674,322.8216068325946,-69.64893807348653
12722,3116.0522673160367,311.6052267316037,-20.759346276483484,-0.5018199573863513,322.97218324963706,7.275746886424112,4439.024450565674,322.8216068325946,-69.64893807348653
12723,3114.547880368932,311.45478803689326,-1.5043869471046492,-0.03654926734167896,324.4765701967417,7.309636921585169,4439.024450565674,322.8216068325946,-69.64893807348653
12724,3095.1428036969514,309.51428036969514,-19.405076671980623,-0.47162111697776066,343.8816468687223,7.746784247266329,4439.024450565674,322.8216068325946,-69.64893807348653
12725,3117.857348022784,311.7857348022784,22.714544325832776,0.5546703842739475,321.16710254288955,7.235082980945568,4439.024450565674,322.8216068325946,-69.64893807348653
12726,3105.0712066585065,310.50712066585066,-12.786141364277682,-0.3105047184409404,333.95324390716723,7.5231224253475535,4439.024450565674,322.8216068325946,-69.64893807348653
12727,3100.106775640508,310.01067756405087,-4.964431017998322,-0.12093410243276814,338.91767492516556,7.634958507200307,4439.024450565674,322.8216068325946,-69.64893807348653
12728,3038.8818535814726,303.8881853581473,-61.224922059035634,-1.4932518934088312,400.1425969842012,9.014201238139389,4439.024450565674,322.8216068325946,-77.32099015160657
12729,3066.711405342347,306.6711405342347,27.829551760874438,0.689040996240009,372.31304522332675,8.387271783913741,4439.024450565674,322.8216068325946,-77.32099015160657
12730,3071.0739897666153,307.10739897666156,4.362584424268334,0.10727548599926973,367.9504607990584,8.288993784482754,4439.024450565674,322.8216068325946,-77.32099015160657
12731,3027.5996400898566,302.7599640089857,-43.47434967675872,-1.0678840469625306,411.42481047581714,9.268360989167078,4439.024450565674,322.8216068325946,-88.60320364322251
12732,3026.9982525705686,302.6998252570569,-0.6013875192879823,-0.014931660865735719,412.0261979951051,9.281908729802103,4439.024450565674,322.8216068325946,-89.2045911625105
12733,2997.2130436859034,299.7213043685903,-29.78520888466528,-0.7396379888084725,441.8114068797704,9.952894195558429,4439.024450565674,322.8216068325946,-118.98980004717578
12734,3039.7843939348463,303.9784393934847,42.57135024894296,1.0650258013189973,399.24005663082744,8.993869285400118,4439.024450565674,322.8216068325946,-118.98980004717578
12735,3019.326200492448,301.9326200492448,-20.45819344239817,-0.5064179532232704,419.6982500732256,9.454740669872692,4439.024450565674,322.8216068325946,-118.98980004717578
12736,2985.780253777244,298.57802537772443,-33.54594671520408,-0.8346161779826167,453.2441967884297,10.210446052638252,4439.024450565674,322.8216068325946,-130.42258995583506
12737,3010.45091430131,301.045091430131,24.67066052406608,0.6189669011653631,428.5735362643636,9.654678433000061,4439.024450565674,322.8216068325946,-130.42258995583506
12738,2942.4564805175282,294.2456480517528,-67.99443378378191,-1.6954311431992108,496.5679700481455,11.186421151270451,4439.024450565674,322.8216068325946,-173.7463632155509
12739,2981.1169755933315,298.11169755933315,38.66049507580328,0.9806194505088905,457.90747497234224,10.315497922386758,4439.024450565674,322.8216068325946,-173.7463632155509
12740,2988.036604660679,298.8036604660679,6.919629067347614,0.17381124718940377,450.98784590499463,10.159616170790056,4439.024450565674,322.8216068325946,-173.7463632155509
12741,3014.813498725579,301.4813498725579,26.776894064899807,0.6714304987473385,424.2109518400948,9.556400433569065,4439.024450565674,322.8216068325946,-173.7463632155509
12742,3044.748824952845,304.4748824952845,29.93532622726616,0.7456218386425295,394.27562561282866,8.882033203547355,4439.024450565674,322.8216068325946,-173.7463632155509
12743,3040.536816945619,304.05368169456193,-4.212008007225904,-0.10413521801999615,398.48763362005457,8.976919096926228,4439.024450565674,322.8216068325946,-173.7463632155509
12744,3069.4190264024687,306.94190264024684,28.882209456849523,0.7148111937928636,369.60542416320504,8.326275925695914,4439.024450565674,322.8216068325946,-173.7463632155509
12745,2960.3576293168476,296.03576293168476,-109.06139708562114,-2.6800237669807103,478.6668212488262,10.78315351896358,4439.024450565674,322.8216068325946,-173.7463632155509
12746,2948.774722065588,294.8774722065588,-11.582907251259712,-0.29247124465519025,490.2497285000859,11.044087140308777,4439.024450565674,322.8216068325946,-173.7463632155509
12747,2892.3636546075077,289.2363654607508,-56.4110674580802,-1.4285714285714346,546.6607959581661,12.314885895447231,4439.024450565674,322.8216068325946,-223.83918912557147
12748,2907.2560295126195,290.725602951262,14.892374905111865,0.38260492149759795,531.7684210530542,11.979398333462433,4439.024450565674,322.8216068325946,-223.83918912557147
12749,2929.9710329128943,292.9971032912894,22.71500340027478,0.5813543629775486,509.05341765277944,11.46768672535493,4439.024450565674,322.8216068325946,-223.83918912557147
12750,2947.2703351184837,294.7270335118484,17.299302205589356,0.4401890512858886,491.7541154471901,11.077977175469824,4439.024450565674,322.8216068325946,-223.83918912557147
12751,2927.1128354357297,292.71128354357296,-20.15749968275395,-0.5106693479647095,511.91161512994404,11.532074689624881,4439.024450565674,322.8216068325946,-223.83918912557147
12752,2969.985338518759,296.9985338518759,42.87250308302919,1.0917054049523367,469.03911204691485,10.566265567362313,4439.024450565674,322.8216068325946,-223.83918912557147
12753,2917.485585308261,291.7485585308261,-52.499753210498056,-1.322416803435511,521.5388652574129,11.7489522994394,4439.024450565674,322.8216068325946,-223.83918912557147
12754,2921.5470168984434,292.15470168984433,4.061431590182565,0.10367444887133814,517.4774336672303,11.657458512112658,4439.024450565674,322.8216068325946,-223.83918912557147
12755,2912.671730707305,291.2671730707305,-8.875286191138457,-0.22632104505935224,526.3527198583688,11.857396275240038,4439.024450565674,322.8216068325946,-223.83918912557147
12756,2846.933877344179,284.6933877344179,-65.73785336312585,-1.680126979403973,592.0905732214947,13.338303940768863,4439.024450565674,322.8216068325946,-269.2689663889
12757,2838.0585911530407,283.80585911530403,-8.875286191138457,-0.2307106509786383,600.9658594126331,13.538241703896242,4439.024450565674,322.8216068325946,-278.1442525800385
12758,2848.88953446797,284.888953446797,10.8309433149293,0.28219848805579595,590.1349160977038,13.294247929238184,4439.024450565674,322.8216068325946,-278.1442525800385
12759,2855.3581228958515,285.5358122895852,6.468588427881514,0.16806375890898728,583.6663276698223,13.148526983117756,4439.024450565674,322.8216068325946,-278.1442525800385
12760,2805.26506744861,280.52650674486097,-50.09305544724157,-1.299310047223723,633.7593831170639,14.276996898187905,4439.024450565674,322.8216068325946,-310.93777628446924
12761,2820.4583656505865,282.04583656505866,15.193298201976631,0.39927043011918073,618.5660849150872,13.934730294992228,4439.024450565674,322.8216068325946,-310.93777628446924
12762,2875.6661989956483,287.56661989956484,55.20783334506177,1.4450578454520135,563.3582515700255,12.691037362910574,4439.024450565674,322.8216068325946,-310.93777628446924
12763,2836.855127502802,283.6855127502802,-38.81107149284617,-1.001403874846185,602.1693230628716,13.565352697846391,4439.024450565674,322.8216068325946,-310.93777628446924
12764,2787.2133422322477,278.7213342232248,-49.641785270554465,-1.2938144292892195,651.8111083334261,14.6836566365469,4439.024450565674,322.8216068325946,-328.98950150083147
12765,2820.1574423537213,282.0157442353721,32.94410012147364,0.8698770611653917,618.8670082119525,13.941509336203115,4439.024450565674,322.8216068325946,-328.98950150083147
12766,2849.3408046446566,284.93408046446564,29.183362290935293,0.7639308780151843,589.6836459210172,13.284081952868554,4439.024450565674,322.8216068325946,-328.98950150083147
12767,2875.6974771146192,287.5697477114619,26.356672469962632,0.6847061304148694,563.3269734510545,12.690332745954318,4439.024450565674,322.8216068325946,-328.98950150083147
12768,2875.6974771146192,287.5697477114619,0.0,0.0,563.3269734510545,12.690332745954318,4439.024450565674,0.0,0.0
12769,2875.6974771146192,287.5697477114619,0.0,0.0,563.3269734510545,12.690332745954318,4439.024450565674,0.0,0.0
12770,2875.6974771146192,287.5697477114619,0.0,0.0,563.3269734510545,12.690332745954318,4439.024450565674,0.0,0.0
12771,2875.6974771146192,287.5697477114619,0.0,0.0,563.3269734510545,12.690332745954318,4439.024450565674,0.0,0.0
12772,2875.6974771146192,287.5697477114619,0.0,0.0,563.3269734510545,12.690332745954318,4439.024450565674,0.0,0.0
12773,2875.6974771146192,287.5697477114619,0.0,0.0,563.3269734510545,12.690332745954318,4439.024450565674,0.0,0.0
12774,2875.6974771146192,287.5697477114619,0.0,0.0,563.3269734510545,12.690332745954318,4439.024450565674,0.0,0.0
12775,2875.6974771146192,287.5697477114619,0.0,0.0,563.3269734510545,12.690332745954318,4439.024450565674,0.0,0.0
12776,2875.6974771146192,287.5697477114619,0.0,0.0,563.3269734510545,12.690332745954318,4439.024450565674,0.0,0.0
12777,2875.6974771146192,287.5697477114619,0.0,0.0,563.3269734510545,12.690332745954318,4439.024450565674,0.0,0.0
12778,2875.6974771146192,287.5697477114619,0.0,0.0,563.3269734510545,12.690332745954318,4439.024450565674,0.0,0.0
12779,2875.6974771146192,287.5697477114619,0.0,0.0,563.3269734510545,12.690332745954318,4439.024450565674,0.0,0.0
12780,2875.6974771146192,287.5697477114619,0.0,0.0,563.3269734510545,12.690332745954318,4439.024450565674,0.0,0.0
12781,2875.6974771146192,287.5697477114619,0.0,0.0,563.3269734510545,12.690332745954318,4439.024450565674,0.0,0.0
12782,2875.6974771146192,287.5697477114619,0.0,0.0,563.3269734510545,12.690332745954318,4439.024450565674,0.0,0.0
12783,2875.6974771146192,287.5697477114619,0.0,0.0,563.3269734510545,12.690332745954318,4439.024450565674,0.0,0.0
12784,2875.6974771146192,287.5697477114619,0.0,0.0,563.3269734510545,12.690332745954318,4439.024450565674,0.0,0.0
12785,2875.6974771146192,287.5697477114619,0.0,0.0,563.3269734510545,12.690332745954318,4439.024450565674,0.0,0.0
12786,2875.6974771146192,287.5697477114619,0.0,0.0,563.3269734510545,12.690332745954318,4439.024450565674,0.0,0.0
12787,2875.6974771146192,287.5697477114619,0.0,0.0,563.3269734510545,12.690332745954318,4439.024450565674,0.0,0.0
12788,2875.6974771146192,287.5697477114619,0.0,0.0,563.3269734510545,12.690332745954318,4439.024450565674,0.0,0.0
12789,2875.6974771146192,287.5697477114619,0.0,0.0,563.3269734510545,12.690332745954318,4439.024450565674,0.0,0.0
12790,2875.6974771146192,287.5697477114619,0.0,0.0,563.3269734510545,12.690332745954318,4439.024450565674,0.0,0.0
12791,2875.6974771146192,287.5697477114619,0.0,0.0,563.3269734510545,12.690332745954318,4439.024450565674,0.0,0.0
12792,2875.6974771146192,287.5697477114619,0.0,0.0,563.3269734510545,12.690332745954318,4439.024450565674,0.0,0.0
12793,2875.6974771146192,287.5697477114619,0.0,0.0,563.3269734510545,12.690332745954318,4439.024450565674,0.0,0.0
12794,2875.6974771146192,287.5697477114619,0.0,0.0,563.3269734510545,12.690332745954318,4439.024450565674,0.0,0.0
12795,2875.6974771146192,287.5697477114619,0.0,0.0,563.3269734510545,12.690332745954318,4439.024450565674,0.0,0.0
12796,2875.6974771146192,287.5697477114619,0.0,0.0,563.3269734510545,12.690332745954318,4439.024450565674,0.0,0.0
12797,2875.6974771146192,287.5697477114619,0.0,0.0,563.3269734510545,12.690332745954318,4439.024450565674,0.0,0.0
12798,2875.6974771146192,287.5697477114619,0.0,0.0,563.3269734510545,12.690332745954318,4439.024450565674,0.0,0.0
12799,2875.6974771146192,287.5697477114619,0.0,0.0,563.3269734510545,12.690332745954318,4439.024450565674,0.0,0.0
12800,2875.6974771146192,287.5697477114619,0.0,0.0,563.3269734510545,12.690332745954318,4439.024450565674,0.0,0.0
12801,2875.6974771146192,287.5697477114619,0.0,0.0,563.3269734510545,12.690332745954318,4439.024450565674,0.0,0.0
12802,2875.6974771146192,287.5697477114619,0.0,0.0,563.3269734510545,12.690332745954318,4439.024450565674,0.0,0.0
12803,2875.6974771146192,287.5697477114619,0.0,0.0,563.3269734510545,12.690332745954318,4439.024450565674,0.0,0.0
12804,2875.6974771146192,287.5697477114619,0.0,0.0,563.3269734510545,12.690332745954318,4439.024450565674,0.0,0.0
12805,2875.6974771146192,287.5697477114619,0.0,0.0,563.3269734510545,12.690332745954318,4439.024450565674,0.0,0.0
12806,2875.6974771146192,287.5697477114619,0.0,0.0,563.3269734510545,12.690332745954318,4439.024450565674,0.0,0.0
12807,2875.6974771146192,287.5697477114619,0.0,0.0,563.3269734510545,12.690332745954318,4439.024450565674,0.0,0.0
12808,2875.6974771146192,287.5697477114619,0.0,0.0,563.3269734510545,12.690332745954318,4439.024450565674,0.0,0.0
12809,2875.6974771146192,287.5697477114619,0.0,0.0,563.3269734510545,12.690332745954318,4439.024450565674,0.0,0.0
12810,2875.6974771146192,287.5697477114619,0.0,0.0,563.3269734510545,12.690332745954318,4439.024450565674,0.0,0.0
12811,2875.6974771146192,287.5697477114619,0.0,0.0,563.3269734510545,12.690332745954318,4439.024450565674,0.0,0.0
12812,2875.6974771146192,287.5697477114619,0.0,0.0,563.3269734510545,12.690332745954318,4439.024450565674,0.0,0.0
12813,2875.6974771146192,287.5697477114619,0.0,0.0,563.3269734510545,12.690332745954318,4439.024450565674,0.0,0.0
12814,2875.6974771146192,287.5697477114619,0.0,0.0,563.3269734510545,12.690332745954318,4439.024450565674,0.0,0.0
12815,2875.6974771146192,287.5697477114619,0.0,0.0,563.3269734510545,12.690332745954318,4439.024450565674,0.0,0.0
12816,2871.8256514631566,287.18256514631565,-3.8718256514625864,-0.09990009990008542,567.1987991025171,12.777555190763543,4439.024450565674,0.0,0.0
12817,2832.732351273303,283.2732351273303,-39.093300189853835,-1.009686481494343,606.292099292371,13.65822842483127,4439.024450565674,0.0,-39.093300189853835
12818,2846.3880202243754,284.6388020224375,13.655668951072585,0.3562907007199634,592.6364303412984,13.350600721872066,4439.024450565674,0.0,-39.093300189853835
12819,2859.259965807828,285.9259965807828,12.871945583452543,0.33465020990528505,579.7644847578458,13.060628325306144,4439.024450565674,0.0,-39.093300189853835
12820,2859.259965807828,285.9259965807828,0.0,0.0,579.7644847578458,13.060628325306144,4439.024450565674,0.0,0.0
12821,2859.259965807828,285.9259965807828,0.0,0.0,579.7644847578458,13.060628325306144,4439.024450565674,0.0,0.0
12822,2859.259965807828,285.9259965807828,0.0,0.0,579.7644847578458,13.060628325306144,4439.024450565674,0.0,0.0
12823,2855.4045612465816,285.5404561246582,-3.8554045612463597,-0.09990009990009652,583.6198893190922,13.147480844461679,4439.024450565674,0.0,0.0
12824,2859.128160146959,285.91281601469586,3.7235989003775103,0.09658127548548556,579.8962904187147,13.063597573669982,4439.024450565674,3.7235989003775103,0.0
12825,2855.8035037772706,285.58035037772703,-3.324656369688455,-0.08615045242659214,583.2209467884031,13.138493677683666,4439.024450565674,3.7235989003775103,0.0
12826,2841.1749345822727,284.1174934582273,-14.628569194997908,-0.3793909409716356,597.849515983401,13.46803836386204,4439.024450565674,3.7235989003775103,-14.229626664308853
12827,2839.844990866029,283.9844990866029,-1.3299437162436334,-0.034623357147056666,599.1794596996447,13.497998633985672,4439.024450565674,3.7235989003775103,-15.559570380552486
12828,2761.383181709749,276.1383181709749,-78.4618091562802,-2.0433587642969986,677.6412688559249,15.265544860190433,4439.024450565674,3.7235989003775103,-94.02137953683268
12829,2751.143386194172,275.11433861941714,-10.239795515577043,-0.27223484077265603,687.8810643715019,15.496221569219873,4439.024450565674,3.7235989003775103,-104.26117505240973
12830,2735.982758344308,273.5982758344308,-15.160627849863886,-0.40416017968445406,703.0416922213658,15.837752191965867,4439.024450565674,3.7235989003775103,-119.42180290227361
12831,2760.718412772548,276.07184127725486,24.735654428240196,0.6620923068499929,678.3060377931256,15.280520423956839,4439.024450565674,3.7235989003775103,-119.42180290227361
12832,2736.115874468485,273.6115874468485,-24.602538304063273,-0.6541978314703267,702.9085760971889,15.83475342217626,4439.024450565674,3.7235989003775103,-119.42180290227361
12833,2756.728581623817,275.6728581623817,20.61270715533192,0.5517148784434989,682.295868941857,15.37040123432775,4439.024450565674,3.7235989003775103,-119.42180290227361
12834,2778.4054060888807,277.84054060888803,21.676824465063874,0.5770133240686315,660.6190444767931,14.882077173344,4439.024450565674,3.7235989003775103,-119.42180290227361
12835,2775.745924498235,277.5745924498235,-2.659481590645555,-0.07038634833519408,663.2785260674386,14.941988571000453,4439.024450565674,3.7235989003775103,-119.42180290227361
12836,2790.6403200997447,279.0640320099745,14.894395601509586,0.3944755791132515,648.384130465929,14.606455487833687,4439.024450565674,3.7235989003775103,-119.42180290227361
12837,2763.6441266115476,276.36441266115474,-26.99619348819715,-0.7121802969553892,675.3803239541262,15.214611486721166,4439.024450565674,3.7235989003775103,-119.42180290227361
12838,2789.5762027900128,278.9576202790013,25.932076178465195,0.689015095638501,649.448247775661,14.630427360968929,4439.024450565674,3.7235989003775103,-119.42180290227361
12839,2814.8435100312768,281.4843510031277,25.267307241264007,0.6667581251608379,624.180940534397,14.061218798983106,4439.024450565674,3.7235989003775103,-119.42180290227361
12840,2842.37176217434,284.237176217434,27.528252143063128,0.7216089485892807,596.6526883913339,13.441076863528004,4439.024450565674,3.7235989003775103,-119.42180290227361
12841,2840.6428759274067,284.0642875927407,-1.7288862469331434,-0.044995288169480396,598.381574638267,13.48002430042966,4439.024450565674,3.7235989003775103,-119.42180290227361
12842,2807.13048582401,280.71304858240103,-33.51239010339668,-0.8725724100370646,631.8939647416637,14.234973737554885,4439.024450565674,3.7235989003775103,-119.42180290227361
12843,2837.3182195577183,283.73182195577186,30.187733733708228,0.7929261643674579,601.7062310079555,13.55492040444334,4439.024450565674,3.7235989003775103,-119.42180290227361
12844,2852.079904876893,285.2079904876893,14.76168531917483,0.3846875467335087,586.9445456887806,13.22237694847536,4439.024450565674,3.7235989003775103,-119.42180290227361
12845,2881.2039271427116,288.1203927142712,29.12402226581844,0.7560596608846559,557.8205234229622,12.566286345908232,4439.024450565674,25.799365896129984,-119.42180290227361
12846,2913.9184321847306,291.39184321847307,32.71450504201903,0.8428958038827705,525.1060183809432,11.82931124233902,4439.024450565674,58.51387093814901,-119.42180290227361
12847,2855.6703876530937,285.56703876530935,-58.24804453163688,-1.4882283711549649,583.35406291258,13.141492447473274,4439.024450565674,58.51387093814901,-119.42180290227361
12848,2857.2661577758495,285.7266157775849,1.5957701227557664,0.04138761777630062,581.7582927898243,13.105543780361236,4439.024450565674,58.51387093814901,-119.42180290227361
12849,2891.310606534112,289.1310606534112,34.04444875826266,0.8826056425904838,547.7138440315616,12.338608406668392,4439.024450565674,58.51387093814901,-119.42180290227361
12850,2876.5493270567795,287.654932705678,-14.761279477332664,-0.37933953286962696,562.4751235088943,12.671142720045548,4439.024450565674,58.51387093814901,-119.42180290227361
12851,2902.0828665463973,290.2082866546397,25.53353948961785,0.6586666990512358,536.9415840192764,12.095936618480506,4439.024450565674,58.51387093814901,-119.42180290227361
12852,2916.4452034930414,291.6445203493042,14.362336946644064,0.3680684761919295,522.5792470726324,11.772389471881352,4439.024450565674,61.04064224645981,-119.42180290227361
12853,2537.8333198792425,253.78333198792427,-378.6118836137989,-9.6672330121233,901.1911306864313,20.30155816266321,4439.024450565674,61.04064224645981,-317.5712413673391
12854,2489.9581869873596,248.99581869873595,-47.87513289188291,-1.353233139132659,949.0662635783142,21.38006388897842,4439.024450565674,61.04064224645981,-365.446374259222
12855,2560.5738558121957,256.05738558121953,70.61566882483612,2.0233958414783704,878.4505947534781,19.789271371135055,4439.024450565674,61.04064224645981,-365.446374259222
12856,2485.4367030256044,248.54367030256043,-75.13715278659129,-2.110254016046853,953.5877475400694,21.481921493326126,4439.024450565674,61.04064224645981,-369.9678582209772
12857,2499.400503283401,249.94005032834013,13.96380025779672,0.40063273120625187,939.6239472822726,21.167352370914166,4439.024450565674,61.04064224645981,-369.9678582209772
12858,2577.3302537848153,257.73302537848156,77.92975050141422,2.2269457419433536,861.6941967808584,19.411792081277024,4439.024450565674,61.04064224645981,-369.9678582209772
12859,2553.924543072819,255.39245430728187,-23.405710711996562,-0.6542787232806768,885.099907492855,19.93906357916242,4439.024450565674,61.04064224645981,-369.9678582209772
12860,2577.8623124396813,257.78623124396813,23.93776936686254,0.673558739830904,861.1621381259924,19.3998061447094,4439.024450565674,61.04064224645981,-369.9678582209772
12861,2578.926023907571,257.89260239075713,1.0637114678897888,0.029730363412583394,860.0984266581027,19.37584341416499,4439.024450565674,61.04064224645981,-369.9678582209772
12862,2606.9863347054998,260.69863347054996,28.06031079792865,0.7840427717835663,832.038115860174,18.74371554214228,4439.024450565674,61.04064224645981,-369.9678582209772
12863,2603.2627358051222,260.32627358051224,-3.7235989003775103,-0.10323296388872194,835.7617147605515,18.82759881293397,4439.024450565674,61.04064224645981,-369.9678582209772
12864,2606.720102457146,260.6720102457146,3.4573666520236657,0.0959510006769193,832.3043481085278,18.749713081721495,4439.024450565674,61.04064224645981,-369.9678582209772
12865,2640.631840933074,264.06318409330737,33.911738475927905,0.9402375984991052,798.3926096325999,17.985767335227433,4439.024450565674,61.04064224645981,-369.9678582209772
12866,2659.6487779656495,265.96487779656496,19.016937032575697,0.5223526537003975,779.3756726000242,17.55736381449097,4439.024450565674,61.04064224645981,-369.9678582209772
12867,2665.899148174338,266.5899148174338,6.2503702086883095,0.17079153186287943,773.1253023913359,17.416558773241608,4439.024450565674,61.04064224645981,-369.9678582209772
12868,2687.7086829217365,268.77086829217365,21.80953474739863,0.5949300257826362,751.3157676439373,16.925245085059075,4439.024450565674,61.04064224645981,-369.9678582209772
12869,2783.5920648296787,278.35920648296786,95.8833819079423,2.600080162296736,655.432385735995,14.765234862639065,4439.024450565674,61.04064224645981,-369.9678582209772
12870,2764.0430691422366,276.40430691422364,-19.54899568744213,-0.5166782082339005,674.9813814234371,15.205624319943157,4439.024450565674,61.04064224645981,-369.9678582209772
12871,2798.8854029618774,279.8885402961877,34.84233381964077,0.9256624639946143,640.1390476037964,14.420714612694285,4439.024450565674,61.04064224645981,-369.9678582209772
12872,2917.9078574916202,291.79078574916207,119.02245452974284,3.1330888380298294,521.1165930740535,11.739439574558924,4439.024450565674,62.503296245038655,-369.9678582209772
12873,2926.28605647793,292.628605647793,8.378198986309599,0.2138436964588042,512.7383940877439,11.550699929629914,4439.024450565674,70.88149523134825,-369.9678582209772
12874,2885.858527228644,288.5858527228644,-40.427529249285726,-1.0296633680723533,553.1659233370297,12.461429971770906,4439.024450565674,70.88149523134825,-369.9678582209772
12875,2923.227632356595,292.3227632356595,37.369105127951116,0.9616692132794258,515.7968182090785,11.619598494064377,4439.024450565674,70.88149523134825,-369.9678582209772
12876,2919.9029759869068,291.9902975986907,-3.324656369688455,-0.08474288726630919,519.121474578767,11.69449459807806,4439.024450565674,70.88149523134825,-369.9678582209772
12877,2867.9053016639577,286.7905301663958,-51.997674322949024,-1.3265041160835822,571.119148901716,12.865870761962961,4439.024450565674,70.88149523134825,-369.9678582209772
12878,2845.962650792382,284.5962650792382,-21.94265087157555,-0.567300622953093,593.0617997732916,13.360183219935104,4439.024450565674,70.88149523134825,-369.9678582209772
12879,2821.093880239965,282.10938802399653,-24.868770552417118,-0.6466201783653203,617.9305703257087,13.92041375773374,4439.024450565674,70.88149523134825,-369.9678582209772
12880,2846.095361074717,284.6095361074717,25.001480834751874,0.654301663825696,592.9290894909568,13.35719359273632,4439.024450565674,70.88149523134825,-369.9678582209772
12881,2883.3317559203333,288.33317559203334,37.23639484561636,0.9681609879587327,555.6926946453405,12.518351742228576,4439.024450565674,70.88149523134825,-369.9678582209772
12882,2898.890920459044,289.8890920459044,15.559164538710775,0.4006653440049357,540.1335301066297,12.167843095295396,4439.024450565674,70.88149523134825,-369.9678582209772
12883,2878.278213303712,287.82782133037125,-20.61270715533192,-0.528681298755207,560.7462372619616,12.632195283143902,4439.024450565674,70.88149523134825,-369.9678582209772
12884,2881.7359857975775,288.17359857975777,3.4577724938653773,0.08915741222494944,557.2884647680962,12.554300409340613,4439.024450565674,70.88149523134825,-369.9678582209772
12885,2869.5010717867135,286.9501071786714,-12.234914010864031,-0.3151918125196773,569.5233787789603,12.829922094850927,4439.024450565674,70.88149523134825,-369.9678582209772
12886,2948.8938821285483,294.88938821285484,79.39281034183477,2.051758324108066,490.1305684371255,11.04140276530054,4439.024450565674,93.4893208819667,-369.9678582209772
12887,2939.318855550172,293.93188555501723,-9.57502657837631,-0.24247363601513916,499.7055950155018,11.257103910563576,4439.024450565674,93.4893208819667,-369.9678582209772
12888,2918.174089739974,291.81740897399743,-21.144765810197896,-0.5367619780360378,520.8503608256997,11.733442034979706,4439.024450565674,93.4893208819667,-369.9678582209772
12889,2884.395467388223,288.43954673882234,-33.77862235175098,-0.8621011108261523,554.6289831774507,12.49438901168416,4439.024450565674,93.4893208819667,-369.9678582209772
12890,2889.98106865971,288.998106865971,5.585601271487121,0.14379589612802945,549.0433819059635,12.36855953420121,4439.024450565674,93.4893208819667,-369.9678582209772
12891,2899.289862989733,289.9289862989733,9.30879433002292,0.23930179005293706,539.7345875759406,12.158855928517383,4439.024450565674,93.4893208819667,-369.9678582209772
12892,2893.3057250293987,289.33057250293984,-5.984137960334465,-0.15346737920494125,545.7187255362751,12.293663430187527,4439.024450565674,93.4893208819667,-369.9678582209772
12893,2900.6198067059768,290.0619806705977,7.314081676578098,0.1878630190677688,538.404643859697,12.12889565839375,4439.024450565674,93.4893208819667,-369.9678582209772
12894,2909.6627746294876,290.96627746294877,9.042967923510787,0.23183412820608762,529.3616759361862,11.925180449698324,4439.024450565674,93.4893208819667,-369.9678582209772
12895,2880.378088912782,288.0378088912782,-29.284685716705553,-0.7490335459809816,558.6463616528918,12.584890393692296,4439.024450565674,93.4893208819667,-369.9678582209772
12896,2880.378088912782,288.0378088912782,0.0,0.0,558.6463616528918,12.584890393692296,4439.024450565674,0.0,0.0
12897,2880.378088912782,288.0378088912782,0.0,0.0,558.6463616528918,12.584890393692296,4439.024450565674,0.0,0.0
12898,2880.378088912782,288.0378088912782,0.0,0.0,558.6463616528918,12.584890393692296,4439.024450565674,0.0,0.0
12899,2880.378088912782,288.0378088912782,0.0,0.0,558.6463616528918,12.584890393692296,4439.024450565674,0.0,0.0
12900,2880.378088912782,288.0378088912782,0.0,0.0,558.6463616528918,12.584890393692296,4439.024450565674,0.0,0.0
12901,2880.378088912782,288.0378088912782,0.0,0.0,558.6463616528918,12.584890393692296,4439.024450565674,0.0,0.0
12902,2880.378088912782,288.0378088912782,0.0,0.0,558.6463616528918,12.584890393692296,4439.024450565674,0.0,0.0
12903,2880.378088912782,288.0378088912782,0.0,0.0,558.6463616528918,12.584890393692296,4439.024450565674,0.0,0.0
12904,2880.378088912782,288.0378088912782,0.0,0.0,558.6463616528918,12.584890393692296,4439.024450565674,0.0,0.0
12905,2880.378088912782,288.0378088912782,0.0,0.0,558.6463616528918,12.584890393692296,4439.024450565674,0.0,0.0
12906,2880.378088912782,288.0378088912782,0.0,0.0,558.6463616528918,12.584890393692296,4439.024450565674,0.0,0.0
12907,2876.501587325457,287.6501587325457,-3.8765015873250377,-0.09990009990008542,562.5228632402168,12.672218175516772,4439.024450565674,0.0,0.0
12908,2898.697855773288,289.8697855773288,22.196268447831244,0.5725850473118355,540.3265947923855,12.172192354640684,4439.024450565674,22.196268447831244,0.0
12909,2837.2637065893177,283.7263706589318,-61.434149183970476,-1.5757607143881969,601.760743976356,13.55614844382469,4439.024450565674,22.196268447831244,-39.23788073613923
12910,2834.1132261947437,283.4113226194744,-3.1504803945740605,-0.08210226441210944,604.9112243709301,13.627120803397355,4439.024450565674,22.196268447831244,-42.38836113071329
12911,2821.6546473227063,282.1654647322706,-12.458578872037378,-0.3249402961529646,617.3698032429675,13.907781092854643,4439.024450565674,22.196268447831244,-54.84694000275067
12912,2877.345862317688,287.7345862317688,55.69121499498169,1.457253994261265,561.6785882479858,12.653198794082106,4439.024450565674,22.196268447831244,-54.84694000275067
12913,2877.345862317688,287.7345862317688,0.0,0.0,561.6785882479858,12.653198794082106,4439.024450565674,0.0,0.0
12914,2877.345862317688,287.7345862317688,0.0,0.0,561.6785882479858,12.653198794082106,4439.024450565674,0.0,0.0
12915,2877.345862317688,287.7345862317688,0.0,0.0,561.6785882479858,12.653198794082106,4439.024450565674,0.0,0.0
12916,2877.345862317688,287.7345862317688,0.0,0.0,561.6785882479858,12.653198794082106,4439.024450565674,0.0,0.0
12917,2877.345862317688,287.7345862317688,0.0,0.0,561.6785882479858,12.653198794082106,4439.024450565674,0.0,0.0
12918,2877.345862317688,287.7345862317688,0.0,0.0,561.6785882479858,12.653198794082106,4439.024450565674,0.0,0.0
12919,2877.345862317688,287.7345862317688,0.0,0.0,561.6785882479858,12.653198794082106,4439.024450565674,0.0,0.0
12920,2877.345862317688,287.7345862317688,0.0,0.0,561.6785882479858,12.653198794082106,4439.024450565674,0.0,0.0
12921,2877.345862317688,287.7345862317688,0.0,0.0,561.6785882479858,12.653198794082106,4439.024450565674,0.0,0.0
12922,2877.345862317688,287.7345862317688,0.0,0.0,561.6785882479858,12.653198794082106,4439.024450565674,0.0,0.0
12923,2877.345862317688,287.7345862317688,0.0,0.0,561.6785882479858,12.653198794082106,4439.024450565674,0.0,0.0
12924,2877.345862317688,287.7345862317688,0.0,0.0,561.6785882479858,12.653198794082106,4439.024450565674,0.0,0.0
12925,2877.345862317688,287.7345862317688,0.0,0.0,561.6785882479858,12.653198794082106,4439.024450565674,0.0,0.0
12926,2877.345862317688,287.7345862317688,0.0,0.0,561.6785882479858,12.653198794082106,4439.024450565674,0.0,0.0
12927,2877.345862317688,287.7345862317688,0.0,0.0,561.6785882479858,12.653198794082106,4439.024450565674,0.0,0.0
12928,2877.345862317688,287.7345862317688,0.0,0.0,561.6785882479858,12.653198794082106,4439.024450565674,0.0,0.0
12929,2877.345862317688,287.7345862317688,0.0,0.0,561.6785882479858,12.653198794082106,4439.024450565674,0.0,0.0
12930,2877.345862317688,287.7345862317688,0.0,0.0,561.6785882479858,12.653198794082106,4439.024450565674,0.0,0.0
12931,2873.4723899277606,287.34723899277606,-3.8734723899274286,-0.09990009990009652,565.5520606379132,12.740458335746355,4439.024450565674,0.0,0.0
12932,2816.831189903433,281.6831189903433,-56.641200024327645,-1.4622848525166376,622.1932606622408,14.016441395878177,4439.024450565674,0.0,-56.641200024327645
12933,2790.5688284438265,279.05688284438264,-26.26236145960638,-0.6880671466183097,648.4556221218472,14.608066014126441,4439.024450565674,0.0,-82.90356148393403
12934,2821.799815026414,282.1799815026414,31.23098658258732,0.8239129269526746,617.2246355392599,13.904510831441936,4439.024450565674,0.0,-82.90356148393403
12935,2790.8530221905066,279.0853022190507,-30.946792835907218,-0.809743951376829,648.1714283751671,14.601663847392626,4439.024450565674,0.0,-82.90356148393403
12936,2807.178133404151,280.71781334041515,16.325111213644504,0.4306447946697656,631.8463171615226,14.233900358016843,4439.024450565674,0.0,-82.90356148393403
12937,2803.0612230768616,280.30612230768617,-4.116910327289588,-0.10813547942944979,635.9632274888122,14.326643941052636,4439.024450565674,0.0,-82.90356148393403
12938,2769.8430463783866,276.98430463783865,-33.21817669847496,-0.873458899291657,669.1814041872872,15.074965493871339,4439.024450565674,0.0,-103.62934354937397
12939,2808.313608724348,280.8313608724348,38.4705623459613,1.0204818044857067,630.7108418413259,14.208320969283083,4439.024450565674,0.0,-103.62934354937397
12940,2816.2632356322474,281.62632356322473,7.949626907899528,0.2087440196544721,622.7612149334263,14.029235969945303,4439.024450565674,0.0,-103.62934354937397
12941,2722.7128059800007,272.27128059800003,-93.55042965224675,-2.4513620753089382,716.3116445856731,16.136690675231403,4439.024450565674,0.0,-150.7595839477599
12942,2807.746087675337,280.7746087675337,85.03328169533643,2.2841751735117155,631.2783628903367,14.221105783949707,4439.024450565674,0.0,-150.7595839477599
12943,2823.07738721995,282.30773872199507,15.331299544613103,0.4026345032363432,615.9470633457236,13.87573035934128,4439.024450565674,0.0,-150.7595839477599
12944,2814.1339486430197,281.41339486430195,-8.943438576930475,-0.2339329726054551,624.890501922654,14.077203423446406,4439.024450565674,0.0,-150.7595839477599
12945,2786.736111863217,278.67361118632175,-27.397836779802674,-0.7183239274947351,652.2883387024567,14.694407430428418,4439.024450565674,0.0,-150.7595839477599
12946,2795.963310964653,279.5963310964653,9.227199101435872,0.24367156381794874,643.0611396010208,14.486541958989982,4439.024450565674,0.0,-150.7595839477599
12947,2730.335655567546,273.0335655567546,-65.62765539710699,-1.728880129255761,708.6887949981278,15.964967142900468,4439.024450565674,0.0,-150.7595839477599
12948,2730.335655567546,273.0335655567546,0.0,0.0,708.6887949981278,15.964967142900468,4439.024450565674,0.0,0.0
12949,2730.335655567546,273.0335655567546,0.0,0.0,708.6887949981278,15.964967142900468,4439.024450565674,0.0,0.0
12950,2730.335655567546,273.0335655567546,0.0,0.0,708.6887949981278,15.964967142900468,4439.024450565674,0.0,0.0
12951,2730.335655567546,273.0335655567546,0.0,0.0,708.6887949981278,15.964967142900468,4439.024450565674,0.0,0.0
12952,2730.335655567546,273.0335655567546,0.0,0.0,708.6887949981278,15.964967142900468,4439.024450565674,0.0,0.0
12953,2730.335655567546,273.0335655567546,0.0,0.0,708.6887949981278,15.964967142900468,4439.024450565674,0.0,0.0
12954,2730.335655567546,273.0335655567546,0.0,0.0,708.6887949981278,15.964967142900468,4439.024450565674,0.0,0.0
12955,2730.335655567546,273.0335655567546,0.0,0.0,708.6887949981278,15.964967142900468,4439.024450565674,0.0,0.0
12956,2730.335655567546,273.0335655567546,0.0,0.0,708.6887949981278,15.964967142900468,4439.024450565674,0.0,0.0
12957,2730.335655567546,273.0335655567546,0.0,0.0,708.6887949981278,15.964967142900468,4439.024450565674,0.0,0.0
12958,2730.335655567546,273.0335655567546,0.0,0.0,708.6887949981278,15.964967142900468,4439.024450565674,0.0,0.0
12959,2730.335655567546,273.0335655567546,0.0,0.0,708.6887949981278,15.964967142900468,4439.024450565674,0.0,0.0
12960,2730.335655567546,273.0335655567546,0.0,0.0,708.6887949981278,15.964967142900468,4439.024450565674,0.0,0.0
12961,2730.335655567546,273.0335655567546,0.0,0.0,708.6887949981278,15.964967142900468,4439.024450565674,0.0,0.0
12962,2730.335655567546,273.0335655567546,0.0,0.0,708.6887949981278,15.964967142900468,4439.024450565674,0.0,0.0
12963,2730.335655567546,273.0335655567546,0.0,0.0,708.6887949981278,15.964967142900468,4439.024450565674,0.0,0.0
12964,2730.335655567546,273.0335655567546,0.0,0.0,708.6887949981278,15.964967142900468,4439.024450565674,0.0,0.0
12965,2730.335655567546,273.0335655567546,0.0,0.0,708.6887949981278,15.964967142900468,4439.024450565674,0.0,0.0
12966,2730.335655567546,273.0335655567546,0.0,0.0,708.6887949981278,15.964967142900468,4439.024450565674,0.0,0.0
12967,2730.335655567546,273.0335655567546,0.0,0.0,708.6887949981278,15.964967142900468,4439.024450565674,0.0,0.0
12968,2730.335655567546,273.0335655567546,0.0,0.0,708.6887949981278,15.964967142900468,4439.024450565674,0.0,0.0
12969,2730.335655567546,273.0335655567546,0.0,0.0,708.6887949981278,15.964967142900468,4439.024450565674,0.0,0.0
12970,2730.335655567546,273.0335655567546,0.0,0.0,708.6887949981278,15.964967142900468,4439.024450565674,0.0,0.0
12971,2730.335655567546,273.0335655567546,0.0,0.0,708.6887949981278,15.964967142900468,4439.024450565674,0.0,0.0
12972,2730.335655567546,273.0335655567546,0.0,0.0,708.6887949981278,15.964967142900468,4439.024450565674,0.0,0.0
12973,2730.335655567546,273.0335655567546,0.0,0.0,708.6887949981278,15.964967142900468,4439.024450565674,0.0,0.0
12974,2730.335655567546,273.0335655567546,0.0,0.0,708.6887949981278,15.964967142900468,4439.024450565674,0.0,0.0
12975,2730.335655567546,273.0335655567546,0.0,0.0,708.6887949981278,15.964967142900468,4439.024450565674,0.0,0.0
12976,2730.335655567546,273.0335655567546,0.0,0.0,708.6887949981278,15.964967142900468,4439.024450565674,0.0,0.0
12977,2730.335655567546,273.0335655567546,0.0,0.0,708.6887949981278,15.964967142900468,4439.024450565674,0.0,0.0
12978,2730.335655567546,273.0335655567546,0.0,0.0,708.6887949981278,15.964967142900468,4439.024450565674,0.0,0.0
12979,2730.335655567546,273.0335655567546,0.0,0.0,708.6887949981278,15.964967142900468,4439.024450565674,0.0,0.0
12980,2730.335655567546,273.0335655567546,0.0,0.0,708.6887949981278,15.964967142900468,4439.024450565674,0.0,0.0
12981,2726.6090465210254,272.66090465210254,-3.7266090465204798,-0.09990009990008542,712.4154040446483,16.04891822467578,4439.024450565674,0.0,0.0
12982,2736.5924063217963,273.6592406321796,9.983359800770813,0.267893939936914,702.4320442438775,15.8240183640882,4439.024450565674,9.983359800770813,0.0
12983,2772.4753968365935,277.24753968365934,35.88299051479726,0.9603132108840118,666.5490537290802,15.015665292047235,4439.024450565674,45.86635031556807,0.0
12984,2772.4753968365935,277.24753968365934,0.0,0.0,666.5490537290802,15.015665292047235,4439.024450565674,0.0,0.0
12985,2772.4753968365935,277.24753968365934,0.0,0.0,666.5490537290802,15.015665292047235,4439.024450565674,0.0,0.0
12986,2768.7066901464473,276.87066901464476,-3.768706690146246,-0.09990009990009652,670.3177604192265,15.10056472731991,4439.024450565674,0.0,0.0
12987,2817.5692657354125,281.75692657354125,48.86257558896523,1.2965343181712718,621.4551848302613,13.99981441307601,4439.024450565674,48.86257558896523,0.0
12988,2800.4605558815542,280.0460555881554,-17.108709853858272,-0.44815715611024043,638.5638946841195,14.385230399051894,4439.024450565674,48.86257558896523,0.0
12989,2884.908913812055,288.4908913812055,84.4483579305006,2.2220558979308302,554.1155367536189,12.48282236163414,4439.024450565674,116.20222366560756,0.0
12990,2873.274907572809,287.3274907572809,-11.634006239245991,-0.2994666412353575,565.7495429928649,12.744907114011736,4439.024450565674,116.20222366560756,0.0
12991,2857.6428113703623,285.7642811370362,-15.632096202446519,-0.40358860590771206,581.3816391953114,13.09705872697378,4439.024450565674,116.20222366560756,0.0
12992,2857.6428113703623,285.7642811370362,0.0,0.0,581.3816391953114,13.09705872697378,4439.024450565674,0.0,0.0
12993,2857.6428113703623,285.7642811370362,0.0,0.0,581.3816391953114,13.09705872697378,4439.024450565674,0.0,0.0
12994,2857.6428113703623,285.7642811370362,0.0,0.0,581.3816391953114,13.09705872697378,4439.024450565674,0.0,0.0
12995,2857.6428113703623,285.7642811370362,0.0,0.0,581.3816391953114,13.09705872697378,4439.024450565674,0.0,0.0
12996,2857.6428113703623,285.7642811370362,0.0,0.0,581.3816391953114,13.09705872697378,4439.024450565674,0.0,0.0
12997,2857.6428113703623,285.7642811370362,0.0,0.0,581.3816391953114,13.09705872697378,4439.024450565674,0.0,0.0
12998,2857.6428113703623,285.7642811370362,0.0,0.0,581.3816391953114,13.09705872697378,4439.024450565674,0.0,0.0
12999,2857.6428113703623,285.7642811370362,0.0,0.0,581.3816391953114,13.09705872697378,4439.024450565674,0.0,0.0
13000,2857.6428113703623,285.7642811370362,0.0,0.0,581.3816391953114,13.09705872697378,4439.024450565674,0.0,0.0
13001,2857.6428113703623,285.7642811370362,0.0,0.0,581.3816391953114,13.09705872697378,4439.024450565674,0.0,0.0
13002,2857.6428113703623,285.7642811370362,0.0,0.0,581.3816391953114,13.09705872697378,4439.024450565674,0.0,0.0
13003,2857.6428113703623,285.7642811370362,0.0,0.0,581.3816391953114,13.09705872697378,4439.024450565674,0.0,0.0
13004,2857.6428113703623,285.7642811370362,0.0,0.0,581.3816391953114,13.09705872697378,4439.024450565674,0.0,0.0
13005,2853.789022348015,285.3789022348015,-3.853789022347428,-0.09990009990008542,585.2354282176589,13.183874852121644,4439.024450565674,0.0,0.0
13006,2861.7698264067776,286.17698264067775,7.980804058762715,0.20708980207484462,577.2546241588961,13.004087510383853,4439.024450565674,7.980804058762715,0.0
13007,2936.759403005436,293.67594030054363,74.98957659865846,1.9418448009479894,502.2650475602377,11.314761906666972,4439.024450565674,82.97038065742117,0.0
13008,2896.5816015769124,289.65816015769127,-40.17780142852371,-1.0205805667943713,542.4428489887614,12.21986621226285,4439.024450565674,82.97038065742117,0.0
13009,2918.7343585444005,291.87343585444006,22.15275696748813,0.5685177222651605,520.2900920212733,11.720820595051503,4439.024450565674,82.97038065742117,0.0
13010,2913.3683322860124,291.3368332286013,-5.366026258388047,-0.13693263608665074,525.6561182796613,11.841703602526358,4439.024450565674,82.97038065742117,0.0
13011,2902.498129472733,290.2498129472733,-10.87020281327932,-0.27777101183137365,536.5263210929406,12.086581794442921,4439.024450565674,82.97038065742117,0.0
13012,2983.4046538769276,298.34046538769275,80.90652440419444,2.0731982878650523,455.6197966887462,10.263962313401667,4439.024450565674,129.61563152891267,0.0
13013,2969.7827826959187,296.97827826959184,-13.621871181008828,-0.34196553864420665,469.241667869755,10.570828638034616,4439.024450565674,129.61563152891267,0.0
13014,2986.2940526314446,298.62940526314446,16.51126993552589,0.41592376307080237,452.73039793422913,10.198871463222888,4439.024450565674,132.50503028342973,0.0
13015,2962.627521138447,296.26275211384467,-23.66653149299782,-0.5936975842857128,476.39692942722695,10.73201859400704,4439.024450565674,132.50503028342973,0.0
13016,3004.3190970924798,300.431909709248,41.69157595403294,1.0521194770800824,434.705353473194,9.792812774838369,4439.024450565674,150.53007474446486,0.0
13017,2972.5344510636487,297.2534451063649,-31.784646028831048,-0.7937590700978325,466.48999950202506,10.508840505318219,4439.024450565674,150.53007474446486,0.0
13018,2945.428019178702,294.5428019178702,-27.106431884946687,-0.6823460493259881,493.59643138697174,11.1194798966262,4439.024450565674,150.53007474446486,0.0
13019,2935.5210892535,293.55210892535,-9.906929925201894,-0.2510989904528582,503.50336131217364,11.342657985315022,4439.024450565674,150.53007474446486,0.0
13020,2927.5407051044535,292.75407051044533,-7.980384149046586,-0.2027783352714918,511.4837454612202,11.52243586754835,4439.024450565674,150.53007474446486,0.0
13021,2955.1976386268325,295.51976386268325,27.65693352237895,0.7041794241988253,483.8268119388413,10.899395065895307,4439.024450565674,150.53007474446486,0.0
13022,2939.5114912828813,293.95114912828814,-15.686147343951234,-0.39659579058095584,499.5129592827925,11.25276431444613,4439.024450565674,150.53007474446486,0.0
13023,3015.189299905759,301.51892999057594,75.67780862287782,1.9209947423769025,423.8351506599147,9.547934582921807,4439.024450565674,161.40027755774418,0.0
13024,3081.097908990222,308.10979089902224,65.90860908446302,1.6414819865656183,357.92654157545167,8.063180222623922,4439.024450565674,227.3088866422072,0.0
13025,3068.438890787575,306.84388907875746,-12.659018202647076,-0.31018658422187206,370.58555977809874,8.348355903533585,4439.024450565674,227.3088866422072,0.0
13026,3101.461850568342,310.14618505683427,33.022959780766996,0.8116862675642711,337.56259999733174,7.604432094405686,4439.024450565674,247.67282822032712,0.0
13027,3510.259915482555,351.0259915482555,408.7980649142128,9.967130740410646,0.0,0.0,4510.259915482555,656.4708931345399,0.0
13028,3486.8684248534155,348.6868424853416,-23.391490629139298,-0.5186284397677876,23.391490629139298,0.5186284397677918,4510.259915482555,656.4708931345399,0.0
13029,3485.4923807146924,348.54923807146923,-1.3760441387230458,-0.03066825251886174,24.767534767862344,0.5491376380071092,4510.259915482555,656.4708931345399,0.0
13030,3448.616749291332,344.86167492913313,-36.87563142336057,-0.822108885568662,61.64316619122292,1.366732014259708,4510.259915482555,656.4708931345399,0.0
13031,3475.172679538846,347.51726795388464,26.55593024751397,0.5969480345040745,35.08723594370895,0.7779426596516876,4510.259915482555,656.4708931345399,0.0
13032,3480.814166570808,348.0814166570808,5.641487031962242,0.1260618848911932,29.445748911746705,0.6528614639406272,4510.259915482555,656.4708931345399,0.0
13033,3493.6104952505266,349.36104952505264,12.7963286797185,0.2855804370372139,16.649420232028206,0.3691454715253783,4510.259915482555,656.4708931345399,0.0
13034,3576.3058350440897,357.63058350440895,82.69533979356311,1.840287222957282,0.0,0.0,4576.30583504409,722.5168126960748,0.0
13035,3588.552081996091,358.8552081996091,12.246246952001457,0.2676011480313045,0.0,0.0,4588.552081996091,734.7630596480763,0.0
13036,3582.6351341905547,358.26351341905547,-5.916947805536438,-0.1289502156628597,5.916947805536438,0.1289502156628562,4588.552081996091,734.7630596480763,0.0
13037,3542.457332762032,354.24573327620317,-40.1778014285228,-0.8767401342681724,46.094749234059236,1.004559791637089,4588.552081996091,734.7630596480763,0.0
13038,3544.6589194020453,354.46589194020453,2.2015866400133746,0.04846686449060389,43.89316259404586,0.9565798057794226,4588.552081996091,734.7630596480763,0.0
13039,3554.978620577892,355.4978620577891,10.319701175846603,0.22707317224159862,33.57346141819926,0.7316787696478381,4588.552081996091,734.7630596480763,0.0
13040,3598.1835511477193,359.8183551147719,43.20493056982741,0.9485210396958044,0.0,0.0,4598.183551147719,744.3945287997044,0.0
13041,3874.201125004928,387.42011250049285,276.01757385720884,6.002752408357304,0.0,0.0,4874.201125004928,1020.4121026569132,0.0
13042,3858.9281688213387,385.8928168821339,-15.272956183589486,-0.31334275693380986,15.272956183589486,0.31334275693381536,4874.201125004928,1020.4121026569132,0.0
13043,3943.4119040945534,394.3411904094553,84.48373527321473,1.7387319247756716,0.0,0.0,4943.411904094553,1089.6228817465385,0.0
13044,3978.9119112889075,397.89119112889074,35.50000719435411,0.7181276390290314,0.0,0.0,4978.9119112889075,1125.1228889408926,0.0
13045,3958.2725089372143,395.82725089372144,-20.639402351693207,-0.4145364031224674,20.639402351693207,0.4145364031224689,4978.9119112889075,1125.1228889408926,0.0
13046,3970.7937967530743,397.07937967530745,12.521287815859978,0.25253327228971223,8.118114535833229,0.16304997317640163,4978.9119112889075,1125.1228889408926,0.0
13047,3923.0479625164335,392.3047962516433,-47.7458342366408,-0.9605273561705263,55.86394877247403,1.1220111897503393,4978.9119112889075,1125.1228889408926,0.0
13048,3913.0033022044445,391.30033022044444,-10.044660311988991,-0.2040333628367641,65.90860908446302,1.3237552754252493,4978.9119112889075,1125.1228889408926,0.0
13049,3916.8559738470394,391.68559738470395,3.8526716425949417,0.07841785168078985,62.05593744186808,1.2463754841929602,4978.9119112889075,1125.1228889408926,0.0
13050,3881.080925788827,388.1080925788827,-35.77504805821263,-0.727600081200297,97.83098550008071,1.9649069363582068,4978.9119112889075,1125.1228889408926,0.0
13051,3923.5980442441505,392.3598044244151,42.517118455323725,0.8710594866536248,55.31386704475699,1.1109629579776539,4978.9119112889075,1125.1228889408926,0.0
13052,3972.7199226195135,397.27199226195137,49.12187837536294,0.9976825470711992,6.19198866939405,0.12436429444262068,4978.9119112889075,1125.1228889408926,0.0
13053,4035.601402562673,403.5601402562673,62.88147994315932,1.2645288880463346,0.0,0.0,5035.601402562673,1181.8123802146579,0.0
13054,4099.858926644555,409.9858926644555,64.25752408188237,1.276064544131339,0.0,0.0,5099.858926644555,1246.0699042965402,0.0
13055,4109.628126182969,410.9628126182969,9.769199538413886,0.19155823090271085,0.0,0.0,5109.628126182969,1255.8391038349541,0.0
13056,4080.4578380447965,408.04578380447964,-29.17028813817251,-0.5708886716960238,29.17028813817251,0.5708886716960263,5109.628126182969,1255.8391038349541,0.0
13057,4086.7871371912624,408.6787137191262,6.329299146465928,0.12458127492112059,22.84098899170658,0.4470186171604903,5109.628126182969,1255.8391038349541,0.0
13058,4048.1226903785328,404.81226903785324,-38.66444681272969,-0.7600956314849583,61.505435804436274,1.20371647966449,5109.628126182969,1255.8391038349541,0.0
13059,4023.6306163842446,402.3630616384245,-24.49207399428815,-0.48517192422776745,85.99750979872442,1.6830483094856237,5109.628126182969,1255.8391038349541,0.0
13060,3992.808823333775,399.28088233337746,-30.82179305046975,-0.6135362132308586,116.81930284919417,2.2862584118516147,5109.628126182969,1255.8391038349541,0.0
13061,3972.1694209820807,397.21694209820805,-20.639402351694116,-0.4133825884787834,137.4587052008883,2.6901900061281694,5109.628126182969,1255.8391038349541,0.0
13062,3922.7725017428593,392.2772501742859,-49.39691923922146,-0.9934681435184278,186.85562444010975,3.656931968935594,5109.628126182969,1255.8391038349541,0.0
13063,3879.1547999223876,387.9154799922388,-43.617701820471666,-0.8860393569889546,230.47332626058142,4.510569469421472,5109.628126182969,1255.8391038349541,0.0
13064,3881.6314274262586,388.16314274262584,2.4766275038709864,0.050759354958573866,227.99669875671043,4.462099650430532,5109.628126182969,1255.8391038349541,0.0
13065,3896.0788411085578,389.6078841108558,14.447413682299157,0.29595461880078666,213.54928507441127,4.179350821640682,5109.628126182969,1255.8391038349541,0.0
13066,3893.464903127616,389.3464903127616,-2.613937980941955,-0.05338839642439197,216.16322305535323,4.230507929680453,5109.628126182969,1255.8391038349541,0.0
13067,3886.1719111833563,388.61719111833565,-7.292991944259484,-0.14903533771333244,223.4562149996127,4.3732383156137935,5109.628126182969,1255.8391038349541,0.0
13068,3845.9941097548335,384.59941097548335,-40.1778014285228,-0.8222756415214305,263.6340164281355,5.159553883720248,5109.628126182969,1255.8391038349541,0.0
13069,3799.6243196569158,379.96243196569156,-46.36979009791776,-0.956868478328865,310.00380652605327,6.067052217313406,5109.628126182969,1255.8391038349541,0.0
13070,3654.4602711708385,365.4460271170839,-145.16404848607726,-3.024487726915548,455.16785501213053,8.908042694530751,5109.628126182969,1255.8391038349541,0.0
13071,3646.2048461579334,364.6204846157933,-8.255425012905107,-0.17736589275534342,463.42328002503564,9.069608757833917,5109.628126182969,1255.8391038349541,0.0
13072,3728.4869947911357,372.8486994791136,82.28214863320227,1.7709539582879907,381.14113139183337,7.459273394844022,5109.628126182969,1255.8391038349541,0.0
13073,3738.393924716337,373.8393924716337,9.906929925201439,0.20951585435500242,371.23420146663193,7.2653859008709105,5109.628126182969,1255.8391038349541,0.0
13074,3752.979068785424,375.29790687854234,14.58514406908671,0.30780775724466025,356.6490573975452,6.979941565022889,5109.628126182969,1255.8391038349541,0.0
13075,3770.178570745168,377.0178570745168,17.19950195974434,0.3618678245965734,339.4495554378009,6.643331903125775,5109.628126182969,1255.8391038349541,0.0
13076,3727.1109506524126,372.71109506524124,-43.06762009275553,-0.9028513179125675,382.5171755305564,7.4862038113976626,5109.628126182969,1255.8391038349541,0.0
13077,3677.714031413191,367.7714031413191,-49.39691923922146,-1.0449705910203777,431.9140947697779,8.452945774205087,5109.628126182969,1255.8391038349541,0.0
13078,3671.1096914028667,367.11096914028667,-6.604340010324449,-0.14118733992657395,438.5184347801023,8.582198624847628,5109.628126182969,1255.8391038349541,0.0
13079,3610.979879827438,361.0979879827438,-60.1298115754289,-1.287270382155603,498.6482463555312,9.758992905967798,5109.628126182969,1255.8391038349541,0.0
13080,3624.189399667517,362.41893996675174,13.209519840079338,0.2864796677571668,485.4387265154519,9.500470768664094,5109.628126182969,1255.8391038349541,0.0
13081,3603.687307792894,360.3687307792894,-20.502091874623147,-0.4433661795102406,505.94081839007504,9.901715073891818,5109.628126182969,1255.8391038349541,0.0
13082,3618.547912635555,361.8547912635555,14.860604842660905,0.3227978759005934,491.08021354741413,9.610879723927471,5109.628126182969,1255.8391038349541,0.0
13083,3634.5091008433637,363.45091008433633,15.961188207808846,0.34558888442277613,475.1190253396053,9.298504971525826,5109.628126182969,1255.8391038349541,0.0
13084,3575.4802925427985,357.54802925427987,-59.02880830056529,-1.2736798443188646,534.1478336401706,10.453751632199378,5109.628126182969,1255.8391038349541,0.0
13085,3667.2570197602727,366.72570197602727,91.77672721747422,2.0058381055001684,442.37110642269636,8.657598860392206,5109.628126182969,1255.8391038349541,0.0
13086,3682.529975943863,368.25299759438633,15.272956183590395,0.3272362357360503,427.09815023910596,8.358693425272024,5109.628126182969,1255.8391038349541,0.0
13087,3762.47322745998,376.24732274599796,79.94325151611702,1.7072661985469306,347.15489872298895,6.794132374214932,5109.628126182969,1255.8391038349541,0.0
13088,3755.318385812224,375.53183858122236,-7.154841647756257,-0.15023374003453327,354.3097403707452,6.934159035080782,5109.628126182969,1255.8391038349541,0.0
13089,3795.221146376889,379.5221146376889,39.902760564665186,0.8391185894874642,314.40697980608,6.153226263081313,5109.628126182969,1255.8391038349541,0.0
13090,3873.375582503638,387.33755825036377,78.1544361267488,1.629840079133782,236.2525436793312,4.623673931743019,5109.628126182969,1255.8391038349541,0.0
13091,3837.8759952189994,383.7875995218999,-35.49958728463844,-0.7284393883387308,271.75213096396965,5.318432657974581,5109.628126182969,1255.8391038349541,0.0
13092,3827.00579240572,382.70057924057204,-10.87020281327932,-0.22468957087824482,282.62233377724897,5.531172265336177,5109.628126182969,1255.8391038349541,0.0
13093,3822.4653086486223,382.2465308648622,-4.540483757097718,-0.09406418704202002,287.1628175343467,5.620033600152915,5109.628126182969,1255.8391038349541,0.0
13094,3852.461139288086,385.2461139288086,29.995830639463748,0.6220019993854464,257.16698689488294,5.032988322126559,5109.628126182969,1255.8391038349541,0.0
13095,3851.497866400008,385.1497866400008,-0.9632728880778814,-0.01985122313044041,258.1302597829608,5.051840435515043,5109.628126182969,1255.8391038349541,0.0
13096,3857.689855069403,385.76898550694034,6.191988669394959,0.12763045228316727,251.93827111356586,4.9306576700283395,5109.628126182969,1255.8391038349541,0.0
13097,3934.468247057429,393.44682470574287,76.77839198802576,1.580553602200463,175.1598791255401,3.428035755243685,5109.628126182969,1255.8391038349541,0.0
13098,3886.722412820789,388.6722412820789,-47.745834236639894,-0.9675983681749711,222.90571336218,4.3624645053904665,5109.628126182969,1255.8391038349541,0.0
13099,3844.0675639786778,384.4067563978678,-42.65484884211128,-0.8728723516236991,265.5605622042913,5.197258110497216,5109.628126182969,1255.8391038349541,0.0
13100,3894.97825774341,389.497825774341,50.91069376473206,1.050990579555755,214.6498684395592,4.20089022407798,5109.628126182969,1255.8391038349541,0.0
13101,3899.794202274081,389.9794202274081,4.815944530671004,0.0983854120915062,209.8339239088882,4.106637875144934,5109.628126182969,1255.8391038349541,0.0
13102,3676.0629464106096,367.6062946410609,-223.73125586347123,-4.56613577279702,433.56517977235944,8.485258986865732,5109.628126182969,1255.8391038349541,0.0
13103,3657.9001715627874,365.7900171562788,-18.16277484782222,-0.388420238477849,451.72795462018166,8.840720762151328,5109.628126182969,1255.8391038349541,0.0
13104,3686.6576884503156,368.66576884503155,28.757516887528254,0.6173922975656998,422.9704377326534,8.277910393620441,5109.628126182969,1255.8391038349541,0.0
13105,3641.66394249112,364.166394249112,-44.99374595919562,-0.9600390928929392,467.96418369184903,9.158478310659977,5109.628126182969,1255.8391038349541,0.0
13106,3607.9531705958498,360.795317059585,-33.71077189527023,-0.726264811777344,501.67495558711926,9.818228317172743,5109.628126182969,1255.8391038349541,0.0
13107,3674.5495917948156,367.4549591794816,66.5964211989658,1.4452495225847573,435.07853438815346,8.514876692468205,5109.628126182969,1255.8391038349541,0.0
13108,3663.4043481176786,366.34043481176786,-11.145243677136932,-0.23842390498327592,446.2237780652904,8.732999095936785,5109.628126182969,1255.8391038349541,0.0
13109,3717.341751113998,371.7341751113998,53.93740299631918,1.1566100421485093,392.2863750689712,7.677395798312622,5109.628126182969,1255.8391038349541,0.0
13110,3710.4619503301,371.04619503301006,-6.8798007838977355,-0.14584062692242217,399.16617585286895,7.812039663071467,5109.628126182969,1255.8391038349541,0.0
13111,3657.487400312142,365.7487400312142,-52.97455001795788,-1.1246147527896988,452.1407258708268,8.848799065316486,5109.628126182969,1255.8391038349541,0.0
13112,3621.5750417768586,362.15750417768584,-35.9123585352836,-0.7710672181931555,488.05308440611043,9.551636094713205,5109.628126182969,1255.8391038349541,0.0
13113,3622.9510859155816,362.2951085915582,1.3760441387230458,0.029774354549783055,486.6770402673874,9.524705678159565,5109.628126182969,1255.8391038349541,0.0
13114,3699.1789762661756,369.91789762661756,76.22789035059395,1.6489010792874792,410.44914991679343,8.03285757359822,5109.628126182969,1255.8391038349541,0.0
13115,3665.330473984118,366.5330473984118,-33.84850228205778,-0.7203067270477259,444.2976521988512,8.695303087169156,5109.628126182969,1255.8391038349541,0.0
13116,3635.885144982087,363.58851449820867,-29.44532900203103,-0.6311520516334435,473.74298120088224,9.271574554972185,5109.628126182969,1255.8391038349541,0.0
13117,3694.3634516452194,369.4363451645219,58.47830666313257,1.2614269947224699,415.26467453774967,8.127101704521962,5109.628126182969,1255.8391038349541,0.0
13118,3596.8075070089963,359.6807507008997,-97.5559446362231,-2.0781506511182712,512.8206191739728,10.036358938650663,5109.628126182969,1255.8391038349541,0.0
13119,3532.825443700688,353.2825443700689,-63.98206330830817,-1.3918804128898454,576.8026824822809,11.28854523730611,5109.628126182969,1255.8391038349541,0.0
13120,3588.6370658438364,358.86370658438364,55.81162214314827,1.2312766691845667,520.9910603391327,10.196261791918841,5109.628126182969,1255.8391038349541,0.0
13121,3588.6370658438364,358.86370658438364,0.0,0.0,520.9910603391327,10.196261791918841,5109.628126182969,0.0,0.0
13122,3588.6370658438364,358.86370658438364,0.0,0.0,520.9910603391327,10.196261791918841,5109.628126182969,0.0,0.0
13123,3588.6370658438364,358.86370658438364,0.0,0.0,520.9910603391327,10.196261791918841,5109.628126182969,0.0,0.0
13124,3588.6370658438364,358.86370658438364,0.0,0.0,520.9910603391327,10.196261791918841,5109.628126182969,0.0,0.0
13125,3588.6370658438364,358.86370658438364,0.0,0.0,520.9910603391327,10.196261791918841,5109.628126182969,0.0,0.0
13126,3588.6370658438364,358.86370658438364,0.0,0.0,520.9910603391327,10.196261791918841,5109.628126182969,0.0,0.0
13127,3588.6370658438364,358.86370658438364,0.0,0.0,520.9910603391327,10.196261791918841,5109.628126182969,0.0,0.0
13128,3588.6370658438364,358.86370658438364,0.0,0.0,520.9910603391327,10.196261791918841,5109.628126182969,0.0,0.0
13129,3588.6370658438364,358.86370658438364,0.0,0.0,520.9910603391327,10.196261791918841,5109.628126182969,0.0,0.0
13130,3588.6370658438364,358.86370658438364,0.0,0.0,520.9910603391327,10.196261791918841,5109.628126182969,0.0,0.0
13131,3588.6370658438364,358.86370658438364,0.0,0.0,520.9910603391327,10.196261791918841,5109.628126182969,0.0,0.0
13132,3588.6370658438364,358.86370658438364,0.0,0.0,520.9910603391327,10.196261791918841,5109.628126182969,0.0,0.0
13133,3588.6370658438364,358.86370658438364,0.0,0.0,520.9910603391327,10.196261791918841,5109.628126182969,0.0,0.0
13134,3588.6370658438364,358.86370658438364,0.0,0.0,520.9910603391327,10.196261791918841,5109.628126182969,0.0,0.0
13135,3588.6370658438364,358.86370658438364,0.0,0.0,520.9910603391327,10.196261791918841,5109.628126182969,0.0,0.0
13136,3588.6370658438364,358.86370658438364,0.0,0.0,520.9910603391327,10.196261791918841,5109.628126182969,0.0,0.0
13137,3588.6370658438364,358.86370658438364,0.0,0.0,520.9910603391327,10.196261791918841,5109.628126182969,0.0,0.0
13138,3588.6370658438364,358.86370658438364,0.0,0.0,520.9910603391327,10.196261791918841,5109.628126182969,0.0,0.0
13139,3588.6370658438364,358.86370658438364,0.0,0.0,520.9910603391327,10.196261791918841,5109.628126182969,0.0,0.0
13140,3588.6370658438364,358.86370658438364,0.0,0.0,520.9910603391327,10.196261791918841,5109.628126182969,0.0,0.0
13141,3588.6370658438364,358.86370658438364,0.0,0.0,520.9910603391327,10.196261791918841,5109.628126182969,0.0,0.0
13142,3588.6370658438364,358.86370658438364,0.0,0.0,520.9910603391327,10.196261791918841,5109.628126182969,0.0,0.0
13143,3588.6370658438364,358.86370658438364,0.0,0.0,520.9910603391327,10.196261791918841,5109.628126182969,0.0,0.0
13144,3588.6370658438364,358.86370658438364,0.0,0.0,520.9910603391327,10.196261791918841,5109.628126182969,0.0,0.0
13145,3588.6370658438364,358.86370658438364,0.0,0.0,520.9910603391327,10.196261791918841,5109.628126182969,0.0,0.0
13146,3588.6370658438364,358.86370658438364,0.0,0.0,520.9910603391327,10.196261791918841,5109.628126182969,0.0,0.0
13147,3588.6370658438364,358.86370658438364,0.0,0.0,520.9910603391327,10.196261791918841,5109.628126182969,0.0,0.0
13148,3588.6370658438364,358.86370658438364,0.0,0.0,520.9910603391327,10.196261791918841,5109.628126182969,0.0,0.0
13149,3588.6370658438364,358.86370658438364,0.0,0.0,520.9910603391327,10.196261791918841,5109.628126182969,0.0,0.0
13150,3588.6370658438364,358.86370658438364,0.0,0.0,520.9910603391327,10.196261791918841,5109.628126182969,0.0,0.0
13151,3588.6370658438364,358.86370658438364,0.0,0.0,520.9910603391327,10.196261791918841,5109.628126182969,0.0,0.0
13152,3588.6370658438364,358.86370658438364,0.0,0.0,520.9910603391327,10.196261791918841,5109.628126182969,0.0,0.0
13153,3588.6370658438364,358.86370658438364,0.0,0.0,520.9910603391327,10.196261791918841,5109.628126182969,0.0,0.0
13154,3588.6370658438364,358.86370658438364,0.0,0.0,520.9910603391327,10.196261791918841,5109.628126182969,0.0,0.0
13155,3588.6370658438364,358.86370658438364,0.0,0.0,520.9910603391327,10.196261791918841,5109.628126182969,0.0,0.0
13156,3588.6370658438364,358.86370658438364,0.0,0.0,520.9910603391327,10.196261791918841,5109.628126182969,0.0,0.0
13157,3588.6370658438364,358.86370658438364,0.0,0.0,520.9910603391327,10.196261791918841,5109.628126182969,0.0,0.0
13158,3588.6370658438364,358.86370658438364,0.0,0.0,520.9910603391327,10.196261791918841,5109.628126182969,0.0,0.0
13159,3588.6370658438364,358.86370658438364,0.0,0.0,520.9910603391327,10.196261791918841,5109.628126182969,0.0,0.0
13160,3588.6370658438364,358.86370658438364,0.0,0.0,520.9910603391327,10.196261791918841,5109.628126182969,0.0,0.0
13161,3588.6370658438364,358.86370658438364,0.0,0.0,520.9910603391327,10.196261791918841,5109.628126182969,0.0,0.0
13162,3588.6370658438364,358.86370658438364,0.0,0.0,520.9910603391327,10.196261791918841,5109.628126182969,0.0,0.0
13163,3588.6370658438364,358.86370658438364,0.0,0.0,520.9910603391327,10.196261791918841,5109.628126182969,0.0,0.0
13164,3588.6370658438364,358.86370658438364,0.0,0.0,520.9910603391327,10.196261791918841,5109.628126182969,0.0,0.0
13165,3588.6370658438364,358.86370658438364,0.0,0.0,520.9910603391327,10.196261791918841,5109.628126182969,0.0,0.0
13166,3588.6370658438364,358.86370658438364,0.0,0.0,520.9910603391327,10.196261791918841,5109.628126182969,0.0,0.0
13167,3588.6370658438364,358.86370658438364,0.0,0.0,520.9910603391327,10.196261791918841,5109.628126182969,0.0,0.0
13168,3588.6370658438364,358.86370658438364,0.0,0.0,520.9910603391327,10.196261791918841,5109.628126182969,0.0,0.0
13169,3588.6370658438364,358.86370658438364,0.0,0.0,520.9910603391327,10.196261791918841,5109.628126182969,0.0,0.0
13170,3588.6370658438364,358.86370658438364,0.0,0.0,520.9910603391327,10.196261791918841,5109.628126182969,0.0,0.0
13171,3588.6370658438364,358.86370658438364,0.0,0.0,520.9910603391327,10.196261791918841,5109.628126182969,0.0,0.0
13172,3588.6370658438364,358.86370658438364,0.0,0.0,520.9910603391327,10.196261791918841,5109.628126182969,0.0,0.0
13173,3588.6370658438364,358.86370658438364,0.0,0.0,520.9910603391327,10.196261791918841,5109.628126182969,0.0,0.0
13174,3588.6370658438364,358.86370658438364,0.0,0.0,520.9910603391327,10.196261791918841,5109.628126182969,0.0,0.0
13175,3588.6370658438364,358.86370658438364,0.0,0.0,520.9910603391327,10.196261791918841,5109.628126182969,0.0,0.0
13176,3588.6370658438364,358.86370658438364,0.0,0.0,520.9910603391327,10.196261791918841,5109.628126182969,0.0,0.0
13177,3588.6370658438364,358.86370658438364,0.0,0.0,520.9910603391327,10.196261791918841,5109.628126182969,0.0,0.0
13178,3588.6370658438364,358.86370658438364,0.0,0.0,520.9910603391327,10.196261791918841,5109.628126182969,0.0,0.0
13179,3588.6370658438364,358.86370658438364,0.0,0.0,520.9910603391327,10.196261791918841,5109.628126182969,0.0,0.0
13180,3588.6370658438364,358.86370658438364,0.0,0.0,520.9910603391327,10.196261791918841,5109.628126182969,0.0,0.0
13181,3588.6370658438364,358.86370658438364,0.0,0.0,520.9910603391327,10.196261791918841,5109.628126182969,0.0,0.0
13182,3588.6370658438364,358.86370658438364,0.0,0.0,520.9910603391327,10.196261791918841,5109.628126182969,0.0,0.0
13183,3588.6370658438364,358.86370658438364,0.0,0.0,520.9910603391327,10.196261791918841,5109.628126182969,0.0,0.0
13184,3588.6370658438364,358.86370658438364,0.0,0.0,520.9910603391327,10.196261791918841,5109.628126182969,0.0,0.0
13185,3588.6370658438364,358.86370658438364,0.0,0.0,520.9910603391327,10.196261791918841,5109.628126182969,0.0,0.0
13186,3588.6370658438364,358.86370658438364,0.0,0.0,520.9910603391327,10.196261791918841,5109.628126182969,0.0,0.0
13187,3588.6370658438364,358.86370658438364,0.0,0.0,520.9910603391327,10.196261791918841,5109.628126182969,0.0,0.0
13188,3588.6370658438364,358.86370658438364,0.0,0.0,520.9910603391327,10.196261791918841,5109.628126182969,0.0,0.0
13189,3588.6370658438364,358.86370658438364,0.0,0.0,520.9910603391327,10.196261791918841,5109.628126182969,0.0,0.0
13190,3588.6370658438364,358.86370658438364,0.0,0.0,520.9910603391327,10.196261791918841,5109.628126182969,0.0,0.0
13191,3588.6370658438364,358.86370658438364,0.0,0.0,520.9910603391327,10.196261791918841,5109.628126182969,0.0,0.0
13192,3588.6370658438364,358.86370658438364,0.0,0.0,520.9910603391327,10.196261791918841,5109.628126182969,0.0,0.0
13193,3588.6370658438364,358.86370658438364,0.0,0.0,520.9910603391327,10.196261791918841,5109.628126182969,0.0,0.0
13194,3588.6370658438364,358.86370658438364,0.0,0.0,520.9910603391327,10.196261791918841,5109.628126182969,0.0,0.0
13195,3588.6370658438364,358.86370658438364,0.0,0.0,520.9910603391327,10.196261791918841,5109.628126182969,0.0,0.0
13196,3588.6370658438364,358.86370658438364,0.0,0.0,520.9910603391327,10.196261791918841,5109.628126182969,0.0,0.0
13197,3588.6370658438364,358.86370658438364,0.0,0.0,520.9910603391327,10.196261791918841,5109.628126182969,0.0,0.0
13198,3588.6370658438364,358.86370658438364,0.0,0.0,520.9910603391327,10.196261791918841,5109.628126182969,0.0,0.0
13199,3588.6370658438364,358.86370658438364,0.0,0.0,520.9910603391327,10.196261791918841,5109.628126182969,0.0,0.0
13200,3588.6370658438364,358.86370658438364,0.0,0.0,520.9910603391327,10.196261791918841,5109.628126182969,0.0,0.0
13201,3588.6370658438364,358.86370658438364,0.0,0.0,520.9910603391327,10.196261791918841,5109.628126182969,0.0,0.0
13202,3588.6370658438364,358.86370658438364,0.0,0.0,520.9910603391327,10.196261791918841,5109.628126182969,0.0,0.0
13203,3588.6370658438364,358.86370658438364,0.0,0.0,520.9910603391327,10.196261791918841,5109.628126182969,0.0,0.0
13204,3588.6370658438364,358.86370658438364,0.0,0.0,520.9910603391327,10.196261791918841,5109.628126182969,0.0,0.0
13205,3588.6370658438364,358.86370658438364,0.0,0.0,520.9910603391327,10.196261791918841,5109.628126182969,0.0,0.0
13206,3588.6370658438364,358.86370658438364,0.0,0.0,520.9910603391327,10.196261791918841,5109.628126182969,0.0,0.0
13207,3588.6370658438364,358.86370658438364,0.0,0.0,520.9910603391327,10.196261791918841,5109.628126182969,0.0,0.0
13208,3588.6370658438364,358.86370658438364,0.0,0.0,520.9910603391327,10.196261791918841,5109.628126182969,0.0,0.0
13209,3588.6370658438364,358.86370658438364,0.0,0.0,520.9910603391327,10.196261791918841,5109.628126182969,0.0,0.0
13210,3588.6370658438364,358.86370658438364,0.0,0.0,520.9910603391327,10.196261791918841,5109.628126182969,0.0,0.0
13211,3588.6370658438364,358.86370658438364,0.0,0.0,520.9910603391327,10.196261791918841,5109.628126182969,0.0,0.0
13212,3588.6370658438364,358.86370658438364,0.0,0.0,520.9910603391327,10.196261791918841,5109.628126182969,0.0,0.0
13213,3588.6370658438364,358.86370658438364,0.0,0.0,520.9910603391327,10.196261791918841,5109.628126182969,0.0,0.0
13214,3588.6370658438364,358.86370658438364,0.0,0.0,520.9910603391327,10.196261791918841,5109.628126182969,0.0,0.0
